  2.513966E-02  0.000000E+00
  7.541899E-02  0.000000E+00
  1.256983E-01  0.000000E+00
  1.759777E-01  0.000000E+00
  2.262570E-01  0.000000E+00
  2.765363E-01  0.000000E+00
  3.268156E-01  0.000000E+00
  3.770950E-01  0.000000E+00
  4.273743E-01  0.000000E+00
  4.776536E-01  0.000000E+00
  5.279330E-01  0.000000E+00
  5.782123E-01  0.000000E+00
  6.284916E-01  0.000000E+00
  6.787709E-01  0.000000E+00
  7.290503E-01  0.000000E+00
  7.793296E-01  0.000000E+00
  8.296089E-01  0.000000E+00
  8.798883E-01  0.000000E+00
  9.301676E-01  0.000000E+00
  9.804469E-01  0.000000E+00
  1.030726E+00  0.000000E+00
  1.081006E+00  0.000000E+00
  1.131285E+00  0.000000E+00
  1.181564E+00  0.000000E+00
  1.231844E+00  0.000000E+00
  1.282123E+00  0.000000E+00
  1.332402E+00  0.000000E+00
  1.382682E+00  0.000000E+00
  1.432961E+00  0.000000E+00
  1.483240E+00  0.000000E+00
  1.533520E+00  0.000000E+00
  1.583799E+00  3.153977E-03
  1.634078E+00  1.185155E-02
  1.684358E+00  5.298438E-02
  1.734637E+00  1.104325E-01
  1.784916E+00  4.743120E-01
  1.835196E+00  1.089987E+00
  1.885475E+00  2.312296E+00
  1.935754E+00  4.355816E+00
  1.986034E+00  6.984374E+00
  2.036313E+00  1.065250E+01
  2.086592E+00  1.465014E+01
  2.136872E+00  1.824685E+01
  2.187151E+00  2.158385E+01
  2.237430E+00  2.501519E+01
  2.287709E+00  2.671842E+01
  2.337989E+00  2.703774E+01
  2.388268E+00  2.719303E+01
  2.438547E+00  2.699200E+01
  2.488827E+00  2.652046E+01
  2.539106E+00  2.593219E+01
  2.589385E+00  2.477090E+01
  2.639665E+00  2.305050E+01
  2.689944E+00  2.061248E+01
  2.740223E+00  1.794215E+01
  2.790503E+00  1.565440E+01
  2.840782E+00  1.371006E+01
  2.891061E+00  1.243841E+01
  2.941341E+00  1.187323E+01
  2.991620E+00  1.122643E+01
  3.041899E+00  1.084726E+01
  3.092179E+00  1.094670E+01
  3.142458E+00  1.092932E+01
  3.192737E+00  1.105196E+01
  3.243017E+00  1.131150E+01
  3.293296E+00  1.167564E+01
  3.343575E+00  1.210564E+01
  3.393855E+00  1.298674E+01
  3.444134E+00  1.339807E+01
  3.494413E+00  1.446475E+01
  3.544693E+00  1.518196E+01
  3.594972E+00  1.606549E+01
  3.645251E+00  1.646254E+01
  3.695531E+00  1.689998E+01
  3.745810E+00  1.747731E+01
  3.796089E+00  1.732049E+01
  3.846369E+00  1.698829E+01
  3.896648E+00  1.655584E+01
  3.946927E+00  1.558973E+01
  3.997207E+00  1.436362E+01
  4.047486E+00  1.329805E+01
  4.097765E+00  1.234280E+01
  4.148045E+00  1.170145E+01
  4.198324E+00  1.095646E+01
  4.248603E+00  1.039754E+01
  4.298883E+00  1.027819E+01
  4.349162E+00  1.009798E+01
  4.399441E+00  9.989896E+00
  4.449721E+00  9.818160E+00
  4.500000E+00  9.803553E+00
  4.550279E+00  9.808972E+00
  4.600559E+00  9.582658E+00
  4.650838E+00  9.449013E+00
  4.701117E+00  9.324233E+00
  4.751397E+00  9.093245E+00
  4.801676E+00  8.965922E+00
  4.851955E+00  8.788794E+00
  4.902235E+00  8.435273E+00
  4.952514E+00  8.221321E+00
  5.002793E+00  8.007900E+00
  5.053073E+00  7.726005E+00
  5.103352E+00  7.549608E+00
  5.153631E+00  7.427744E+00
  5.203911E+00  7.287244E+00
  5.254190E+00  7.114911E+00
  5.304469E+00  6.867350E+00
  5.354749E+00  6.828396E+00
  5.405028E+00  6.699240E+00
  5.455307E+00  6.566219E+00
  5.505587E+00  6.560905E+00
  5.555866E+00  6.553938E+00
  5.606145E+00  6.353327E+00
  5.656425E+00  6.390245E+00
  5.706704E+00  6.217401E+00
  5.756983E+00  6.085402E+00
  5.807263E+00  6.098493E+00
  5.857542E+00  6.167891E+00
  5.907821E+00  5.961795E+00
  5.958101E+00  5.819251E+00
  6.008380E+00  5.792180E+00
  6.058659E+00  5.626176E+00
  6.108939E+00  5.519105E+00
  6.159218E+00  5.315697E+00
  6.209497E+00  5.106431E+00
  6.259777E+00  5.007365E+00
  6.310056E+00  4.908013E+00
  6.360335E+00  4.742906E+00
  6.410615E+00  4.542887E+00
  6.460894E+00  4.430188E+00
  6.511173E+00  4.357180E+00
  6.561453E+00  4.168631E+00
  6.611732E+00  4.047553E+00
  6.662011E+00  3.899871E+00
  6.712291E+00  3.715401E+00
  6.762570E+00  3.597037E+00
  6.812849E+00  3.494876E+00
  6.863128E+00  3.394472E+00
  6.913408E+00  3.313493E+00
  6.963687E+00  3.273976E+00
  7.013966E+00  3.151777E+00
  7.064246E+00  3.079960E+00
  7.114525E+00  3.072846E+00
  7.164804E+00  2.943403E+00
  7.215084E+00  2.941584E+00
  7.265363E+00  2.838956E+00
  7.315642E+00  2.817808E+00
  7.365922E+00  2.736597E+00
  7.416201E+00  2.676168E+00
  7.466480E+00  2.599230E+00
  7.516760E+00  2.552392E+00
  7.567039E+00  2.540418E+00
  7.617318E+00  2.436221E+00
  7.667598E+00  2.398857E+00
  7.717877E+00  2.281231E+00
  7.768156E+00  2.250485E+00
  7.818436E+00  2.138665E+00
  7.868715E+00  2.064012E+00
  7.918994E+00  2.001297E+00
  7.969274E+00  1.959928E+00
  8.019553E+00  1.863090E+00
  8.069832E+00  1.820507E+00
  8.120112E+00  1.751473E+00
  8.170391E+00  1.678781E+00
  8.220670E+00  1.638522E+00
  8.270950E+00  1.586854E+00
  8.321229E+00  1.494605E+00
  8.371508E+00  1.441143E+00
  8.421788E+00  1.408593E+00
  8.472067E+00  1.314759E+00
  8.522346E+00  1.233930E+00
  8.572626E+00  1.177617E+00
  8.622905E+00  1.133916E+00
  8.673184E+00  1.085151E+00
  8.723464E+00  1.016637E+00
  8.773743E+00  9.655497E-01
  8.824022E+00  9.385224E-01
  8.874302E+00  8.872284E-01
  8.924581E+00  8.521270E-01
  8.974860E+00  8.523307E-01
