amber                                                                           
         3       179
OW      OW      
  2.513966E-02  0.000000E+00
  7.541899E-02  0.000000E+00
  1.256983E-01  0.000000E+00
  1.759777E-01  0.000000E+00
  2.262570E-01  0.000000E+00
  2.765363E-01  0.000000E+00
  3.268156E-01  0.000000E+00
  3.770950E-01  0.000000E+00
  4.273743E-01  0.000000E+00
  4.776536E-01  0.000000E+00
  5.279330E-01  0.000000E+00
  5.782123E-01  0.000000E+00
  6.284916E-01  0.000000E+00
  6.787709E-01  0.000000E+00
  7.290503E-01  0.000000E+00
  7.793296E-01  0.000000E+00
  8.296089E-01  0.000000E+00
  8.798883E-01  0.000000E+00
  9.301676E-01  0.000000E+00
  9.804469E-01  0.000000E+00
  1.030726E+00  0.000000E+00
  1.081006E+00  0.000000E+00
  1.131285E+00  0.000000E+00
  1.181564E+00  0.000000E+00
  1.231844E+00  0.000000E+00
  1.282123E+00  0.000000E+00
  1.332402E+00  0.000000E+00
  1.382682E+00  0.000000E+00
  1.432961E+00  0.000000E+00
  1.483240E+00  0.000000E+00
  1.533520E+00  0.000000E+00
  1.583799E+00  0.000000E+00
  1.634078E+00  0.000000E+00
  1.684358E+00  0.000000E+00
  1.734637E+00  0.000000E+00
  1.784916E+00  0.000000E+00
  1.835196E+00  0.000000E+00
  1.885475E+00  0.000000E+00
  1.935754E+00  0.000000E+00
  1.986034E+00  0.000000E+00
  2.036313E+00  0.000000E+00
  2.086592E+00  0.000000E+00
  2.136872E+00  0.000000E+00
  2.187151E+00  0.000000E+00
  2.237430E+00  0.000000E+00
  2.287709E+00  0.000000E+00
  2.337989E+00  0.000000E+00
  2.388268E+00  0.000000E+00
  2.438547E+00  1.064406E-02
  2.488827E+00  7.152848E-02
  2.539106E+00  7.117823E-01
  2.589385E+00  6.093604E+00
  2.639665E+00  2.573481E+01
  2.689944E+00  5.985941E+01
  2.740223E+00  8.679838E+01
  2.790503E+00  8.736878E+01
  2.840782E+00  7.170329E+01
  2.891061E+00  4.987102E+01
  2.941341E+00  3.586387E+01
  2.991620E+00  2.380543E+01
  3.041899E+00  1.697803E+01
  3.092179E+00  1.241548E+01
  3.142458E+00  1.067854E+01
  3.192737E+00  9.820167E+00
  3.243017E+00  9.409702E+00
  3.293296E+00  9.684837E+00
  3.343575E+00  9.893998E+00
  3.393855E+00  9.949223E+00
  3.444134E+00  1.074941E+01
  3.494413E+00  1.119133E+01
  3.544693E+00  1.113805E+01
  3.594972E+00  1.163435E+01
  3.645251E+00  1.105124E+01
  3.695531E+00  1.135973E+01
  3.745810E+00  1.163876E+01
  3.796089E+00  1.116558E+01
  3.846369E+00  1.126064E+01
  3.896648E+00  1.096983E+01
  3.946927E+00  1.132801E+01
  3.997207E+00  1.114783E+01
  4.047486E+00  1.152942E+01
  4.097765E+00  1.215857E+01
  4.148045E+00  1.178651E+01
  4.198324E+00  1.170879E+01
  4.248603E+00  1.239412E+01
  4.298883E+00  1.206308E+01
  4.349162E+00  1.143442E+01
  4.399441E+00  1.152121E+01
  4.449721E+00  1.145252E+01
  4.500000E+00  1.094328E+01
  4.550279E+00  1.037720E+01
  4.600559E+00  1.016059E+01
  4.650838E+00  9.722622E+00
  4.701117E+00  9.952532E+00
  4.751397E+00  9.752825E+00
  4.801676E+00  9.804965E+00
  4.851955E+00  9.582643E+00
  4.902235E+00  9.549068E+00
  4.952514E+00  9.713585E+00
  5.002793E+00  9.223422E+00
  5.053073E+00  8.727197E+00
  5.103352E+00  8.524486E+00
  5.153631E+00  8.731933E+00
  5.203911E+00  8.462342E+00
  5.254190E+00  8.199129E+00
  5.304469E+00  7.888089E+00
  5.354749E+00  7.668908E+00
  5.405028E+00  7.945056E+00
  5.455307E+00  7.314350E+00
  5.505587E+00  6.539240E+00
  5.555866E+00  6.168171E+00
  5.606145E+00  6.055007E+00
  5.656425E+00  5.596689E+00
  5.706704E+00  5.453801E+00
  5.756983E+00  5.437257E+00
  5.807263E+00  5.128609E+00
  5.857542E+00  5.193140E+00
  5.907821E+00  5.250206E+00
  5.958101E+00  4.945327E+00
  6.008380E+00  5.116265E+00
  6.058659E+00  5.262766E+00
  6.108939E+00  5.235857E+00
  6.159218E+00  4.579254E+00
  6.209497E+00  4.585836E+00
  6.259777E+00  4.479349E+00
  6.310056E+00  4.592656E+00
  6.360335E+00  4.391247E+00
  6.410615E+00  4.405807E+00
  6.460894E+00  4.221501E+00
  6.511173E+00  4.166261E+00
  6.561453E+00  4.176901E+00
  6.611732E+00  4.319224E+00
  6.662011E+00  4.116649E+00
  6.712291E+00  4.083306E+00
  6.762570E+00  3.842192E+00
  6.812849E+00  3.855239E+00
  6.863128E+00  3.883620E+00
  6.913408E+00  3.736619E+00
  6.963687E+00  3.769657E+00
  7.013966E+00  3.728672E+00
  7.064246E+00  3.646611E+00
  7.114525E+00  3.457069E+00
  7.164804E+00  3.414884E+00
  7.215084E+00  3.182638E+00
  7.265363E+00  3.262851E+00
  7.315642E+00  3.079187E+00
  7.365922E+00  3.026211E+00
  7.416201E+00  2.809811E+00
  7.466480E+00  2.655149E+00
  7.516760E+00  2.458989E+00
  7.567039E+00  2.441344E+00
  7.617318E+00  2.405949E+00
  7.667598E+00  2.280832E+00
  7.717877E+00  2.291592E+00
  7.768156E+00  2.267793E+00
  7.818436E+00  2.041977E+00
  7.868715E+00  1.873354E+00
  7.918994E+00  1.804725E+00
  7.969274E+00  1.725713E+00
  8.019553E+00  1.633280E+00
  8.069832E+00  1.571196E+00
  8.120112E+00  1.485080E+00
  8.170391E+00  1.428457E+00
  8.220670E+00  1.365142E+00
  8.270950E+00  1.327776E+00
  8.321229E+00  1.351087E+00
  8.371508E+00  1.312327E+00
  8.421788E+00  1.319907E+00
  8.472067E+00  1.287532E+00
  8.522346E+00  1.198743E+00
  8.572626E+00  1.140796E+00
  8.622905E+00  1.009628E+00
  8.673184E+00  1.072424E+00
  8.723464E+00  1.013102E+00
  8.773743E+00  8.687275E-01
  8.824022E+00  8.661720E-01
  8.874302E+00  7.852539E-01
  8.924581E+00  7.096753E-01
  8.974860E+00  7.209989E-01
OW      HW      
  2.513966E-02  0.000000E+00
  7.541899E-02  0.000000E+00
  1.256983E-01  0.000000E+00
  1.759777E-01  0.000000E+00
  2.262570E-01  0.000000E+00
  2.765363E-01  0.000000E+00
  3.268156E-01  0.000000E+00
  3.770950E-01  0.000000E+00
  4.273743E-01  0.000000E+00
  4.776536E-01  0.000000E+00
  5.279330E-01  0.000000E+00
  5.782123E-01  0.000000E+00
  6.284916E-01  0.000000E+00
  6.787709E-01  0.000000E+00
  7.290503E-01  0.000000E+00
  7.793296E-01  0.000000E+00
  8.296089E-01  0.000000E+00
  8.798883E-01  0.000000E+00
  9.301676E-01  0.000000E+00
  9.804469E-01  0.000000E+00
  1.030726E+00  0.000000E+00
  1.081006E+00  0.000000E+00
  1.131285E+00  0.000000E+00
  1.181564E+00  0.000000E+00
  1.231844E+00  0.000000E+00
  1.282123E+00  0.000000E+00
  1.332402E+00  0.000000E+00
  1.382682E+00  0.000000E+00
  1.432961E+00  0.000000E+00
  1.483240E+00  0.000000E+00
  1.533520E+00  3.364167E-02
  1.583799E+00  1.356210E-01
  1.634078E+00  1.727363E+00
  1.684358E+00  8.611356E+00
  1.734637E+00  2.254926E+01
  1.784916E+00  3.834229E+01
  1.835196E+00  4.316723E+01
  1.885475E+00  3.970072E+01
  1.935754E+00  3.146829E+01
  1.986034E+00  2.289078E+01
  2.036313E+00  1.590911E+01
  2.086592E+00  1.122838E+01
  2.136872E+00  7.795325E+00
  2.187151E+00  5.262822E+00
  2.237430E+00  4.058568E+00
  2.287709E+00  3.161039E+00
  2.337989E+00  2.427317E+00
  2.388268E+00  2.104255E+00
  2.438547E+00  1.869363E+00
  2.488827E+00  1.900614E+00
  2.539106E+00  1.988082E+00
  2.589385E+00  2.512255E+00
  2.639665E+00  3.238426E+00
  2.689944E+00  4.554188E+00
  2.740223E+00  6.497024E+00
  2.790503E+00  8.758418E+00
  2.840782E+00  1.214238E+01
  2.891061E+00  1.582537E+01
  2.941341E+00  2.005911E+01
  2.991620E+00  2.419883E+01
  3.041899E+00  2.887017E+01
  3.092179E+00  3.105359E+01
  3.142458E+00  3.152925E+01
  3.192737E+00  3.021029E+01
  3.243017E+00  2.804103E+01
  3.293296E+00  2.516482E+01
  3.343575E+00  2.342217E+01
  3.393855E+00  2.213159E+01
  3.444134E+00  2.099523E+01
  3.494413E+00  2.008504E+01
  3.544693E+00  1.915345E+01
  3.594972E+00  1.817882E+01
  3.645251E+00  1.669655E+01
  3.695531E+00  1.510575E+01
  3.745810E+00  1.328138E+01
  3.796089E+00  1.229169E+01
  3.846369E+00  1.118470E+01
  3.896648E+00  1.052066E+01
  3.946927E+00  1.006133E+01
  3.997207E+00  9.885575E+00
  4.047486E+00  1.010563E+01
  4.097765E+00  9.992984E+00
  4.148045E+00  9.870838E+00
  4.198324E+00  9.902469E+00
  4.248603E+00  9.754078E+00
  4.298883E+00  9.671102E+00
  4.349162E+00  9.693906E+00
  4.399441E+00  9.670226E+00
  4.449721E+00  9.611567E+00
  4.500000E+00  9.562870E+00
  4.550279E+00  9.292710E+00
  4.600559E+00  9.359858E+00
  4.650838E+00  9.123829E+00
  4.701117E+00  9.148453E+00
  4.751397E+00  8.944646E+00
  4.801676E+00  8.950823E+00
  4.851955E+00  8.961209E+00
  4.902235E+00  8.816525E+00
  4.952514E+00  8.578742E+00
  5.002793E+00  8.464392E+00
  5.053073E+00  8.345746E+00
  5.103352E+00  8.229805E+00
  5.153631E+00  8.301473E+00
  5.203911E+00  8.012404E+00
  5.254190E+00  7.850047E+00
  5.304469E+00  7.707280E+00
  5.354749E+00  7.507483E+00
  5.405028E+00  7.498187E+00
  5.455307E+00  7.300259E+00
  5.505587E+00  7.171708E+00
  5.555866E+00  7.029419E+00
  5.606145E+00  6.892820E+00
  5.656425E+00  6.820532E+00
  5.706704E+00  6.634550E+00
  5.756983E+00  6.400522E+00
  5.807263E+00  6.156912E+00
  5.857542E+00  5.931525E+00
  5.907821E+00  5.690217E+00
  5.958101E+00  5.515239E+00
  6.008380E+00  5.292915E+00
  6.058659E+00  5.038598E+00
  6.108939E+00  4.844270E+00
  6.159218E+00  4.826612E+00
  6.209497E+00  4.744251E+00
  6.259777E+00  4.601914E+00
  6.310056E+00  4.415404E+00
  6.360335E+00  4.366603E+00
  6.410615E+00  4.168228E+00
  6.460894E+00  4.152507E+00
  6.511173E+00  4.077240E+00
  6.561453E+00  4.004701E+00
  6.611732E+00  3.989998E+00
  6.662011E+00  3.874556E+00
  6.712291E+00  3.824104E+00
  6.762570E+00  3.822468E+00
  6.812849E+00  3.705742E+00
  6.863128E+00  3.660379E+00
  6.913408E+00  3.561807E+00
  6.963687E+00  3.508764E+00
  7.013966E+00  3.447221E+00
  7.064246E+00  3.339979E+00
  7.114525E+00  3.212904E+00
  7.164804E+00  3.140534E+00
  7.215084E+00  3.114243E+00
  7.265363E+00  3.066792E+00
  7.315642E+00  2.932530E+00
  7.365922E+00  2.879071E+00
  7.416201E+00  2.806071E+00
  7.466480E+00  2.677574E+00
  7.516760E+00  2.569616E+00
  7.567039E+00  2.474368E+00
  7.617318E+00  2.445902E+00
  7.667598E+00  2.314342E+00
  7.717877E+00  2.251079E+00
  7.768156E+00  2.223868E+00
  7.818436E+00  2.158857E+00
  7.868715E+00  2.079858E+00
  7.918994E+00  2.015175E+00
  7.969274E+00  1.950833E+00
  8.019553E+00  1.825322E+00
  8.069832E+00  1.739590E+00
  8.120112E+00  1.663396E+00
  8.170391E+00  1.616555E+00
  8.220670E+00  1.524135E+00
  8.270950E+00  1.428632E+00
  8.321229E+00  1.374854E+00
  8.371508E+00  1.317520E+00
  8.421788E+00  1.262568E+00
  8.472067E+00  1.201108E+00
  8.522346E+00  1.171400E+00
  8.572626E+00  1.122386E+00
  8.622905E+00  1.056023E+00
  8.673184E+00  1.014785E+00
  8.723464E+00  9.727611E-01
  8.773743E+00  9.494127E-01
  8.824022E+00  9.314093E-01
  8.874302E+00  8.854200E-01
  8.924581E+00  8.389149E-01
  8.974860E+00  8.207993E-01
HW      HW      
  2.513966E-02  0.000000E+00
  7.541899E-02  0.000000E+00
  1.256983E-01  0.000000E+00
  1.759777E-01  0.000000E+00
  2.262570E-01  0.000000E+00
  2.765363E-01  0.000000E+00
  3.268156E-01  0.000000E+00
  3.770950E-01  0.000000E+00
  4.273743E-01  0.000000E+00
  4.776536E-01  0.000000E+00
  5.279330E-01  0.000000E+00
  5.782123E-01  0.000000E+00
  6.284916E-01  0.000000E+00
  6.787709E-01  0.000000E+00
  7.290503E-01  0.000000E+00
  7.793296E-01  0.000000E+00
  8.296089E-01  0.000000E+00
  8.798883E-01  0.000000E+00
  9.301676E-01  0.000000E+00
  9.804469E-01  0.000000E+00
  1.030726E+00  0.000000E+00
  1.081006E+00  0.000000E+00
  1.131285E+00  0.000000E+00
  1.181564E+00  0.000000E+00
  1.231844E+00  0.000000E+00
  1.282123E+00  0.000000E+00
  1.332402E+00  0.000000E+00
  1.382682E+00  0.000000E+00
  1.432961E+00  0.000000E+00
  1.483240E+00  0.000000E+00
  1.533520E+00  0.000000E+00
  1.583799E+00  3.153977E-03
  1.634078E+00  1.185155E-02
  1.684358E+00  5.298438E-02
  1.734637E+00  1.104325E-01
  1.784916E+00  4.743120E-01
  1.835196E+00  1.089987E+00
  1.885475E+00  2.312296E+00
  1.935754E+00  4.355816E+00
  1.986034E+00  6.984374E+00
  2.036313E+00  1.065250E+01
  2.086592E+00  1.465014E+01
  2.136872E+00  1.824685E+01
  2.187151E+00  2.158385E+01
  2.237430E+00  2.501519E+01
  2.287709E+00  2.671842E+01
  2.337989E+00  2.703774E+01
  2.388268E+00  2.719303E+01
  2.438547E+00  2.699200E+01
  2.488827E+00  2.652046E+01
  2.539106E+00  2.593219E+01
  2.589385E+00  2.477090E+01
  2.639665E+00  2.305050E+01
  2.689944E+00  2.061248E+01
  2.740223E+00  1.794215E+01
  2.790503E+00  1.565440E+01
  2.840782E+00  1.371006E+01
  2.891061E+00  1.243841E+01
  2.941341E+00  1.187323E+01
  2.991620E+00  1.122643E+01
  3.041899E+00  1.084726E+01
  3.092179E+00  1.094670E+01
  3.142458E+00  1.092932E+01
  3.192737E+00  1.105196E+01
  3.243017E+00  1.131150E+01
  3.293296E+00  1.167564E+01
  3.343575E+00  1.210564E+01
  3.393855E+00  1.298674E+01
  3.444134E+00  1.339807E+01
  3.494413E+00  1.446475E+01
  3.544693E+00  1.518196E+01
  3.594972E+00  1.606549E+01
  3.645251E+00  1.646254E+01
  3.695531E+00  1.689998E+01
  3.745810E+00  1.747731E+01
  3.796089E+00  1.732049E+01
  3.846369E+00  1.698829E+01
  3.896648E+00  1.655584E+01
  3.946927E+00  1.558973E+01
  3.997207E+00  1.436362E+01
  4.047486E+00  1.329805E+01
  4.097765E+00  1.234280E+01
  4.148045E+00  1.170145E+01
  4.198324E+00  1.095646E+01
  4.248603E+00  1.039754E+01
  4.298883E+00  1.027819E+01
  4.349162E+00  1.009798E+01
  4.399441E+00  9.989896E+00
  4.449721E+00  9.818160E+00
  4.500000E+00  9.803553E+00
  4.550279E+00  9.808972E+00
  4.600559E+00  9.582658E+00
  4.650838E+00  9.449013E+00
  4.701117E+00  9.324233E+00
  4.751397E+00  9.093245E+00
  4.801676E+00  8.965922E+00
  4.851955E+00  8.788794E+00
  4.902235E+00  8.435273E+00
  4.952514E+00  8.221321E+00
  5.002793E+00  8.007900E+00
  5.053073E+00  7.726005E+00
  5.103352E+00  7.549608E+00
  5.153631E+00  7.427744E+00
  5.203911E+00  7.287244E+00
  5.254190E+00  7.114911E+00
  5.304469E+00  6.867350E+00
  5.354749E+00  6.828396E+00
  5.405028E+00  6.699240E+00
  5.455307E+00  6.566219E+00
  5.505587E+00  6.560905E+00
  5.555866E+00  6.553938E+00
  5.606145E+00  6.353327E+00
  5.656425E+00  6.390245E+00
  5.706704E+00  6.217401E+00
  5.756983E+00  6.085402E+00
  5.807263E+00  6.098493E+00
  5.857542E+00  6.167891E+00
  5.907821E+00  5.961795E+00
  5.958101E+00  5.819251E+00
  6.008380E+00  5.792180E+00
  6.058659E+00  5.626176E+00
  6.108939E+00  5.519105E+00
  6.159218E+00  5.315697E+00
  6.209497E+00  5.106431E+00
  6.259777E+00  5.007365E+00
  6.310056E+00  4.908013E+00
  6.360335E+00  4.742906E+00
  6.410615E+00  4.542887E+00
  6.460894E+00  4.430188E+00
  6.511173E+00  4.357180E+00
  6.561453E+00  4.168631E+00
  6.611732E+00  4.047553E+00
  6.662011E+00  3.899871E+00
  6.712291E+00  3.715401E+00
  6.762570E+00  3.597037E+00
  6.812849E+00  3.494876E+00
  6.863128E+00  3.394472E+00
  6.913408E+00  3.313493E+00
  6.963687E+00  3.273976E+00
  7.013966E+00  3.151777E+00
  7.064246E+00  3.079960E+00
  7.114525E+00  3.072846E+00
  7.164804E+00  2.943403E+00
  7.215084E+00  2.941584E+00
  7.265363E+00  2.838956E+00
  7.315642E+00  2.817808E+00
  7.365922E+00  2.736597E+00
  7.416201E+00  2.676168E+00
  7.466480E+00  2.599230E+00
  7.516760E+00  2.552392E+00
  7.567039E+00  2.540418E+00
  7.617318E+00  2.436221E+00
  7.667598E+00  2.398857E+00
  7.717877E+00  2.281231E+00
  7.768156E+00  2.250485E+00
  7.818436E+00  2.138665E+00
  7.868715E+00  2.064012E+00
  7.918994E+00  2.001297E+00
  7.969274E+00  1.959928E+00
  8.019553E+00  1.863090E+00
  8.069832E+00  1.820507E+00
  8.120112E+00  1.751473E+00
  8.170391E+00  1.678781E+00
  8.220670E+00  1.638522E+00
  8.270950E+00  1.586854E+00
  8.321229E+00  1.494605E+00
  8.371508E+00  1.441143E+00
  8.421788E+00  1.408593E+00
  8.472067E+00  1.314759E+00
  8.522346E+00  1.233930E+00
  8.572626E+00  1.177617E+00
  8.622905E+00  1.133916E+00
  8.673184E+00  1.085151E+00
  8.723464E+00  1.016637E+00
  8.773743E+00  9.655497E-01
  8.824022E+00  9.385224E-01
  8.874302E+00  8.872284E-01
  8.924581E+00  8.521270E-01
  8.974860E+00  8.523307E-01
