amber                                                                           
         2         2        60  -72205.3613275    
     25.196959335562      0.000000000000      0.000000000000
      0.000000000000     25.196959335562      0.000000000000
      0.000000000000      0.000000000000     25.196959335562
OW               1
     10.26781872         7.310694419         1.937831684    
 -0.652872097466      -6.09681660261     -0.305068532621E-01
   10546.0099416       2770.05980074      -2289.38842244    
HW               2
     9.601765084         7.205765321         2.607056933    
  -10.5586219816      -1.17844712150      -9.11815064900    
  -7134.72102144      -896.112683932       2638.64008613    
HW               3
     9.816845814         7.157237033         1.115898440    
   11.6107482444      -12.5757970942      -5.54958416902    
  -5412.75929084      -2992.94140535      -2214.00013312    
OW               4
     5.812004308         5.712758133         2.494687143    
  -4.33844330312      -4.79186130628     -0.203822666193    
   2287.55446027      -13292.3654079      -5822.84538514    
HW               5
     6.502064939         5.768256731         3.145253227    
  0.226513320774      -5.41837531108      -4.99246177654    
   1756.05885384       2798.68932341       1249.79687086    
HW               6
     5.177826823         6.371583286         2.752113496    
   5.13068928171       5.87610257195      -4.17859924254    
  -2609.07343091       7420.01244975       2518.53734650    
OW               7
     5.137212962         9.076381319        -2.391296308    
  -3.67582625896     -0.215632962554       2.02307955281    
   1078.95341393       141.623627749      -12384.1104892    
HW               8
     4.763654888         8.285089101        -2.021416611    
  -20.4593867991      -1.91981681621      -18.5731900795    
  -298.426788284      -1310.21980367       2356.00621479    
HW               9
     5.312917188         9.637438077        -1.645076949    
   4.67761356270      -21.8376657371       16.3130504784    
  -648.875801676       925.558190495       8246.03345904    
OW              10
     4.005302850         7.635212988        0.1711461329    
   3.45093355265       5.78892579350      -2.47912704294    
  -5069.08350645      -7733.75713018      -10177.7646474    
HW              11
     4.111719982         8.530842500       -0.1272213735    
   19.9741557955       3.51684395973      -3.40613691385    
   2203.21993571       6758.40173331       4374.29583381    
HW              12
     4.080262249         7.680632523         1.117094412    
   7.23345385983       4.96424027664      -2.73926665299    
   1620.16260336       3246.64152485       6663.85150062    
OW              13
     5.232958302         10.11176842        0.1351357304    
   1.90510704587      0.714769793611       1.26935872599    
  -10675.5349843      -2256.70793829      -8882.68031306    
HW              14
     6.140672740         10.00401683        0.3938712974    
   3.01543382201       11.1473922986       1.71874425049    
   8119.66085096      -638.155350522       4491.19711324    
HW              15
     4.995561371         10.98366111        0.4283009052    
   1.40945490884       10.3021635556      -27.6455520323    
   2682.41342977       4549.29516759       4178.00347519    
OW              16
     5.636003946         5.627431554       -0.3056270858    
   3.20219748652      -1.89853572463       4.05654515491    
   11255.7737360      -11178.8734071      -12591.9642387    
HW              17
     5.032361022         6.360771483       -0.3237314141    
   11.9405855600       5.27242099523       3.16630300305    
  -7680.08682052       6452.06682374       5845.27821230    
HW              18
     5.589103639         5.292218913        0.5820287249    
  -4.06311486618      -2.98421194034       3.26268140296    
  -1640.21620750       2020.64657703       8400.53385944    
OW              19
     7.940705285         7.506816811         3.449979583    
   2.00914649629     -0.686259389514     -0.203022526290    
   3355.36449577      -5257.44365484       1458.37686184    
HW              20
     7.380168434         8.092501204         2.954729919    
   2.94127075652      -3.33904339534      -4.39521958659    
  -2258.30534575       3093.40494622      -1224.60141325    
HW              21
     7.917857202         7.838605639         4.339863919    
   6.93548198324       8.99272374527      -3.68529659457    
  -944.910170581       2211.34153374       816.206600573    
OW              22
     4.503520056         7.990420456         2.914502166    
  -5.74327882627      -2.39903571163      -3.52324025849    
  -7592.86751782      -9804.52876925      -1664.07760560    
HW              23
     5.158842931         8.677738523         2.939914831    
   6.02188469077      -14.0215917467       7.43239810184    
   4783.09303804       9875.06786415       1281.09376222    
HW              24
     3.760579038         8.341295828         3.391393255    
  -5.13057307911       8.32224379710      -10.4569590605    
   10.8130773544       2895.07536930       1597.51488321    
OW              25
     7.080675437         10.06016682        -4.203605779    
  0.607459754305E-01  0.287529418353      0.194195012231E-01
   10686.1684745      -681.911393329      -3258.95799067    
HW              26
     6.841201975         10.70200410        -4.861783088    
   2.07728307127       18.1765713107       16.7306409991    
  -2449.62432434       510.157028170      -126.388522135    
HW              27
     6.288817994         9.919226932        -3.698039039    
   2.13683338515      -3.40649320551       2.24134202238    
  -6973.07427910      -2149.27325377       3974.16336265    
OW              28
     6.234468286         10.10621680         2.977568904    
   3.84929490176      -1.83881342596      -1.48547819269    
  -4924.23726733      -10182.6551685       11776.5800092    
HW              29
     5.868190727         10.95082493         2.743095325    
   4.81174212519      -3.03783147736      -7.30798160599    
   436.253559246       7794.97055174      -4061.05955600    
HW              30
     7.060854317         10.05861655         2.511392609    
   3.42497712931      -6.32735888763      -1.77934644990    
   4052.39718351       2795.48763374      -6673.74673136    
OW              31
     6.915030836         5.455505293        -2.629044123    
  0.382211904581      -1.64932865169       1.94877868443    
   5561.85330629       33.4750924666      -12118.3963074    
HW              32
     6.310868341         5.339597652        -1.905129005    
  -4.76708522871       7.64688357060     -0.860266352007    
  -5344.92856716      -1272.48082640       8989.70083506    
HW              33
     7.122376107         4.575124715        -2.919626241    
  -12.5139207847      -4.81314791887       2.33219149290    
  -1456.03801855      -1969.26097844       1558.36357489    
OW              34
     7.835254614         9.446761461        0.8577107018    
   6.09133737037       3.85533735114     -0.489477371029    
  -12305.3565203       5169.31116586       11237.6800208    
HW              35
     8.219683683         8.630679366        0.5598444493    
  -7.17720161546      0.411536605108      -8.17879407268    
   3353.76315239      -6907.33539450      -6487.97878811    
HW              36
     8.395642762         10.12664403        0.5024293960    
   13.2101134235      -1.66591696514      0.173302071520    
   6891.46487030       4387.28500053      -3253.22379303    
OW              37
     11.11451102         9.546685434        0.6140376466    
  -4.43292064100       4.41732701393       1.93624652539    
   2874.96726221       13001.2172301       93.0247758110    
HW              38
     11.08393508         9.145083632       -0.2463582524    
   11.6580518938       9.01137898371     -0.779917263655    
  -1262.81805683      -4709.37498778      -4434.27827055    
HW              39
     10.91937849         8.842516805         1.221137169    
   10.9941412038      -4.70109569809      -3.68158956699    
  -605.083490625      -8042.98824137       3829.07289445    
OW              40
     9.433167219         10.96404592        -2.688319016    
   1.16260701674     -0.656241003387     -0.388275378386    
   1095.55268177       7846.25824564       5983.51912719    
HW              41
     10.11156230         10.30189390        -2.626393216    
  -6.23289629240      -7.97028644795       2.42255734175    
   1287.16236432      -5281.59590727      -567.378581725    
HW              42
     8.855342501         10.66026575        -3.378490148    
  -9.03978624623      -3.32097982145       9.32625703765    
  -3486.85368473      -3132.98777069      -2573.80777079    
OW              43
     5.430355861         12.56442633         1.798864694    
  0.594880862447      -2.73661848849       1.70968681504    
  -12992.5990816      -12158.3315079       3404.02065712    
HW              44
     4.726533199        -12.01013664         1.939422240    
   8.01793273799       3.37857325058       11.8012048738    
   998.336252791       2968.67273631      -188.079540757    
HW              45
     6.161509040        -12.11105893         1.489058614    
   3.01124911539      -8.08100054815      -1.58340987532    
   9730.12494672       6054.27640573      -2334.89189678    
OW              46
     8.344205918         7.552729065        -3.197584149    
 -0.614270557146       4.40502312334       2.71517865363    
   17011.3219374       8965.31687755       1707.91052719    
HW              47
     7.743128549         6.817113171        -3.206258915    
   1.18197977231       3.05728669804      -7.46020683363    
  -8665.18654149      -7810.40625058       429.527202897    
HW              48
     7.880099995         8.254687974        -3.638446230    
   4.34092769660       4.10216503542      -2.98349877747    
  -5585.49131514       3428.20241056      -2929.86199835    
OW              49
     10.62986116         8.409961573        -1.967494733    
  -4.28641892101      -1.71193823784      0.510635110032    
   8942.26469382       8524.09889463       6068.50805270    
HW              50
     9.961371952         8.011344249        -2.512220722    
  -3.88050971568       2.36863572506      -2.97356324595    
  -6576.09381425      -4627.70211218      -4786.83824560    
HW              51
     11.38509213         7.839295095        -2.047905841    
  -1.60820300764       3.25871664203      -9.61128124553    
  -171.767955701      -2684.55668324      -1820.96399710    
OW              52
     8.369598606         7.183769555       -0.4265178707    
  -1.18530243340       4.24554506023       4.08242705738    
   7214.79195987       1020.56436103       12775.5764342    
HW              53
     7.702947496         6.509476512       -0.3681638663    
   11.1613399437      -8.55993068255      -2.83638453883    
  -4816.49489100      -3188.01137345      -2895.90982875    
HW              54
     8.467205801         7.353228837        -1.356171774    
   5.09137349676       6.23651183710       5.10435202626    
  -2234.37822061      -828.915016445      -7803.35146883    
OW              55
     9.371253494         11.55570188        0.1422667736    
   3.46622995174       5.41208256444      -1.50874336528    
  -11475.2825983       9036.18308832       4396.05014290    
HW              56
     10.12669308         11.08362033        0.4723426002    
  -11.8555599440      -13.8303300684       6.03709444938    
   8643.60114383      -5986.13235413      -187.945563617    
HW              57
     9.411818836         11.45549413       -0.8015620526    
  0.239282456567      -10.9523197203      0.899973865604E-01
   3300.86563588      -1825.25661500      -8726.49098488    
OW              58
     7.788447008        -11.65943846         1.105820915    
  -4.79301395140      -2.58022968303      -5.93633299138    
  -9316.22457303       9530.27008343       3757.12315635    
HW              59
     8.510439196        -11.13693265         1.434781333    
  -6.37183657564       2.16015126734      -10.0005878680    
   2778.08817895      -1391.52537730      -1051.33583445    
HW              60
     8.195786020        -12.34078197        0.5839531671    
  -2.50036718789      -7.86953673712       2.75881919569    
   8048.33864590      -6031.82497448      -2563.86853431    
