amber                                                                           
         2       128
OW      
 -6.350000E+00  0.000000E+00
 -6.250000E+00  0.000000E+00
 -6.150000E+00  0.000000E+00
 -6.050000E+00  0.000000E+00
 -5.950000E+00  0.000000E+00
 -5.850000E+00  0.000000E+00
 -5.750000E+00  0.000000E+00
 -5.650000E+00  0.000000E+00
 -5.550000E+00  0.000000E+00
 -5.450000E+00  0.000000E+00
 -5.350000E+00  0.000000E+00
 -5.250000E+00  0.000000E+00
 -5.150000E+00  0.000000E+00
 -5.050000E+00  9.821709E-05
 -4.950000E+00  9.941730E-05
 -4.850000E+00  1.056184E-04
 -4.750000E+00  1.126196E-04
 -4.650000E+00  1.460254E-04
 -4.550000E+00  9.741695E-05
 -4.450000E+00  8.721518E-05
 -4.350000E+00  1.738302E-04
 -4.250000E+00  3.164551E-04
 -4.150000E+00  2.526440E-04
 -4.050000E+00  3.008524E-04
 -3.950000E+00  2.532441E-04
 -3.850000E+00  3.438598E-04
 -3.750000E+00  7.015221E-04
 -3.650000E+00  8.535485E-04
 -3.550000E+00  6.417117E-04
 -3.450000E+00  8.535485E-04
 -3.350000E+00  1.332232E-03
 -3.250000E+00  1.108393E-03
 -3.150000E+00  1.051183E-03
 -3.050000E+00  1.433649E-03
 -2.950000E+00  1.455253E-03
 -2.850000E+00  1.426848E-03
 -2.750000E+00  1.405245E-03
 -2.650000E+00  1.675492E-03
 -2.550000E+00  1.648687E-03
 -2.450000E+00  1.507662E-03
 -2.350000E+00  1.486859E-03
 -2.250000E+00  1.768108E-03
 -2.150000E+00  1.881927E-03
 -2.050000E+00  1.844321E-03
 -1.950000E+00  1.742103E-03
 -1.850000E+00  1.750505E-03
 -1.750000E+00  1.664090E-03
 -1.650000E+00  1.618482E-03
 -1.550000E+00  1.209610E-03
 -1.450000E+00  1.881527E-03
 -1.350000E+00  2.068160E-03
 -1.250000E+00  2.063959E-03
 -1.150000E+00  2.165177E-03
 -1.050000E+00  2.925109E-03
 -9.500000E-01  3.027127E-03
 -8.500000E-01  3.260967E-03
 -7.500000E-01  3.619630E-03
 -6.500000E-01  3.341181E-03
 -5.500000E-01  3.109341E-03
 -4.500000E-01  2.946113E-03
 -3.500000E-01  2.890903E-03
 -2.500000E-01  3.412594E-03
 -1.500000E-01  3.324579E-03
 -5.000000E-02  3.936885E-03
  5.000000E-02  4.290347E-03
  1.500000E-01  3.878075E-03
  2.500000E-01  4.394365E-03
  3.500000E-01  4.326953E-03
  4.500000E-01  3.637833E-03
  5.500000E-01  2.984719E-03
  6.500000E-01  2.940112E-03
  7.500000E-01  2.653462E-03
  8.500000E-01  1.970743E-03
  9.500000E-01  2.039155E-03
  1.050000E+00  1.955740E-03
  1.150000E+00  1.920534E-03
  1.250000E+00  1.391242E-03
  1.350000E+00  1.785711E-03
  1.450000E+00  1.775109E-03
  1.550000E+00  1.668090E-03
  1.650000E+00  1.982945E-03
  1.750000E+00  1.967942E-03
  1.850000E+00  2.192982E-03
  1.950000E+00  1.975344E-03
  2.050000E+00  2.092164E-03
  2.150000E+00  2.189981E-03
  2.250000E+00  2.018951E-03
  2.350000E+00  2.332806E-03
  2.450000E+00  2.022352E-03
  2.550000E+00  2.063759E-03
  2.650000E+00  2.192381E-03
  2.750000E+00  1.798113E-03
  2.850000E+00  1.593677E-03
  2.950000E+00  1.204610E-03
  3.050000E+00  9.219604E-04
  3.150000E+00  6.927205E-04
  3.250000E+00  1.060785E-03
  3.350000E+00  1.294425E-03
  3.450000E+00  1.126996E-03
  3.550000E+00  1.317029E-03
  3.650000E+00  9.427640E-04
  3.750000E+00  7.191251E-04
  3.850000E+00  8.653506E-04
  3.950000E+00  5.935033E-04
  4.050000E+00  2.876501E-04
  4.150000E+00  1.186206E-04
  4.250000E+00  1.336233E-04
  4.350000E+00  1.170204E-04
  4.450000E+00  7.481302E-05
  4.550000E+00  7.181250E-05
  4.650000E+00  2.780484E-05
  4.750000E+00  0.000000E+00
  4.850000E+00  0.000000E+00
  4.950000E+00  0.000000E+00
  5.050000E+00  0.000000E+00
  5.150000E+00  0.000000E+00
  5.250000E+00  0.000000E+00
  5.350000E+00  0.000000E+00
  5.450000E+00  0.000000E+00
  5.550000E+00  0.000000E+00
  5.650000E+00  0.000000E+00
  5.750000E+00  0.000000E+00
  5.850000E+00  0.000000E+00
  5.950000E+00  0.000000E+00
  6.050000E+00  0.000000E+00
  6.150000E+00  0.000000E+00
  6.250000E+00  0.000000E+00
  6.350000E+00  0.000000E+00
HW      
 -6.350000E+00  0.000000E+00
 -6.250000E+00  0.000000E+00
 -6.150000E+00  0.000000E+00
 -6.050000E+00  0.000000E+00
 -5.950000E+00  0.000000E+00
 -5.850000E+00  3.500609E-05
 -5.750000E+00  4.800835E-05
 -5.650000E+00  7.901375E-05
 -5.550000E+00  1.352235E-04
 -5.450000E+00  1.026179E-04
 -5.350000E+00  9.261612E-05
 -5.250000E+00  1.620282E-04
 -5.150000E+00  2.044356E-04
 -5.050000E+00  2.346408E-04
 -4.950000E+00  2.524439E-04
 -4.850000E+00  3.166551E-04
 -4.750000E+00  2.932510E-04
 -4.650000E+00  4.006697E-04
 -4.550000E+00  4.794834E-04
 -4.450000E+00  4.880849E-04
 -4.350000E+00  6.079058E-04
 -4.250000E+00  7.839364E-04
 -4.150000E+00  9.283615E-04
 -4.050000E+00  9.089582E-04
 -3.950000E+00  7.685337E-04
 -3.850000E+00  1.058584E-03
 -3.750000E+00  1.158602E-03
 -3.650000E+00  1.354236E-03
 -3.550000E+00  1.601079E-03
 -3.450000E+00  1.755906E-03
 -3.350000E+00  1.883528E-03
 -3.250000E+00  2.277596E-03
 -3.150000E+00  2.207784E-03
 -3.050000E+00  2.237789E-03
 -2.950000E+00  2.193982E-03
 -2.850000E+00  2.373413E-03
 -2.750000E+00  2.282597E-03
 -2.650000E+00  2.388816E-03
 -2.550000E+00  2.577649E-03
 -2.450000E+00  3.049531E-03
 -2.350000E+00  3.299774E-03
 -2.250000E+00  3.179353E-03
 -2.150000E+00  3.722448E-03
 -2.050000E+00  4.051105E-03
 -1.950000E+00  4.115316E-03
 -1.850000E+00  4.006297E-03
 -1.750000E+00  3.794660E-03
 -1.650000E+00  3.986894E-03
 -1.550000E+00  3.873674E-03
 -1.450000E+00  4.218734E-03
 -1.350000E+00  4.635007E-03
 -1.250000E+00  4.778031E-03
 -1.150000E+00  4.728623E-03
 -1.050000E+00  4.799635E-03
 -9.500000E-01  5.236711E-03
 -8.500000E-01  5.332528E-03
 -7.500000E-01  5.994043E-03
 -6.500000E-01  6.427518E-03
 -5.500000E-01  6.770178E-03
 -4.500000E-01  6.744374E-03
 -3.500000E-01  7.207054E-03
 -2.500000E-01  7.214455E-03
 -1.500000E-01  7.550714E-03
 -5.000000E-02  7.026223E-03
  5.000000E-02  6.548940E-03
  1.500000E-01  6.316099E-03
  2.500000E-01  5.862020E-03
  3.500000E-01  5.697391E-03
  4.500000E-01  5.829014E-03
  5.500000E-01  6.032650E-03
  6.500000E-01  6.090860E-03
  7.500000E-01  5.524761E-03
  8.500000E-01  5.667986E-03
  9.500000E-01  6.049253E-03
  1.050000E+00  5.630780E-03
  1.150000E+00  5.172100E-03
  1.250000E+00  4.364760E-03
  1.350000E+00  4.370160E-03
  1.450000E+00  4.228936E-03
  1.550000E+00  4.193730E-03
  1.650000E+00  4.249739E-03
  1.750000E+00  4.449774E-03
  1.850000E+00  3.946087E-03
  1.950000E+00  3.379388E-03
  2.050000E+00  3.354984E-03
  2.150000E+00  3.319578E-03
  2.250000E+00  3.363985E-03
  2.350000E+00  3.128344E-03
  2.450000E+00  3.005723E-03
  2.550000E+00  3.196356E-03
  2.650000E+00  3.308976E-03
  2.750000E+00  3.345982E-03
  2.850000E+00  3.323178E-03
  2.950000E+00  3.523013E-03
  3.050000E+00  3.218160E-03
  3.150000E+00  3.160750E-03
  3.250000E+00  2.675866E-03
  3.350000E+00  2.195182E-03
  3.450000E+00  1.669891E-03
  3.550000E+00  1.097391E-03
  3.650000E+00  9.071579E-04
  3.750000E+00  6.209080E-04
  3.850000E+00  4.628805E-04
  3.950000E+00  3.784659E-04
  4.050000E+00  5.184902E-04
  4.150000E+00  8.041399E-04
  4.250000E+00  9.597670E-04
  4.350000E+00  9.531659E-04
  4.450000E+00  1.033380E-03
  4.550000E+00  7.207254E-04
  4.650000E+00  6.787181E-04
  4.750000E+00  5.242912E-04
  4.850000E+00  2.802488E-04
  4.950000E+00  1.988346E-04
  5.050000E+00  8.181424E-05
  5.150000E+00  2.460428E-05
  5.250000E+00  0.000000E+00
  5.350000E+00  0.000000E+00
  5.450000E+00  0.000000E+00
  5.550000E+00  0.000000E+00
  5.650000E+00  0.000000E+00
  5.750000E+00  0.000000E+00
  5.850000E+00  0.000000E+00
  5.950000E+00  0.000000E+00
  6.050000E+00  0.000000E+00
  6.150000E+00  0.000000E+00
  6.250000E+00  0.000000E+00
  6.350000E+00  0.000000E+00
