  2.0627E+00 -1.0355E+01 -2.0740E-01
  2.5584E+00 -9.8809E+00 -8.9936E-02
  2.1099E+00 -1.0153E+01  5.3179E-01
  2.3859E+00 -1.0889E+01  1.1100E+00
  2.4501E+00 -1.0689E+01  9.0914E-01
  2.3545E+00 -1.0754E+01  7.2849E-01
  2.6733E+00 -1.0822E+01  8.1742E-01
  2.9188E+00 -1.1259E+01  1.0676E+00
  3.0464E+00 -1.1582E+01  1.1739E+00
  3.1940E+00 -1.1662E+01  1.3411E+00
  3.4213E+00 -1.1900E+01  1.5411E+00
  3.6195E+00 -1.2067E+01  1.5607E+00
  3.7107E+00 -1.1972E+01  1.4668E+00
  3.7904E+00 -1.2147E+01  1.4962E+00
  4.4225E+00 -1.2245E+01  1.5400E+00
  4.3224E+00 -1.2171E+01  1.5393E+00
  4.0719E+00 -1.1964E+01  1.5696E+00
  4.2506E+00 -1.1742E+01  1.6820E+00
  4.0779E+00 -1.1679E+01  1.7189E+00
  3.9104E+00 -1.1723E+01  1.6036E+00
  3.8279E+00 -1.1693E+01  1.5968E+00
  3.3441E+00 -1.1769E+01  1.0709E+00
  3.5007E+00 -1.1751E+01  1.0100E+00
  3.9712E+00 -1.1421E+01  1.0704E+00
  3.5484E+00 -1.1384E+01  4.7958E-01
  3.7237E+00 -1.0803E+01  3.3155E-01
  3.9235E+00 -1.0442E+01 -1.6785E-01
  3.7825E+00 -1.0972E+01 -6.0654E-01
  4.0664E+00 -1.0889E+01 -1.0780E+00
  3.9706E+00 -1.1373E+01 -1.2729E+00
  4.5001E+00 -1.2169E+01 -1.4106E+00
  4.8498E+00 -1.2592E+01 -8.0793E-01
  4.7181E+00  1.2445E+01 -8.6008E-01
  4.7873E+00  1.2303E+01 -8.9061E-01
  5.2452E+00  1.2094E+01 -2.8986E-01
  5.2056E+00  1.2041E+01 -9.5367E-02
  5.1966E+00  1.1994E+01  6.1341E-02
  5.5793E+00  1.2087E+01  6.4107E-01
  5.7668E+00  1.2163E+01  9.8698E-01
  5.6207E+00  1.2221E+01  8.6815E-01
  5.8849E+00 -1.2538E+01  1.4044E+00
  6.0336E+00 -1.2542E+01  1.5370E+00
  6.2935E+00 -1.2571E+01  1.4817E+00
  6.4385E+00 -1.2523E+01  1.7320E+00
  6.4744E+00 -1.2468E+01  2.0684E+00
  6.4042E+00 -1.2529E+01  2.0703E+00
  6.4670E+00 -1.2470E+01  2.4382E+00
  6.1639E+00 -1.2464E+01  2.4611E+00
  5.9723E+00  1.2381E+01  2.2888E+00
  5.7618E+00  1.2171E+01  2.3903E+00
  5.8870E+00  1.2405E+01  2.5216E+00
  6.0637E+00  1.2194E+01  2.2930E+00
  5.9765E+00  1.2064E+01  2.2335E+00
  5.8952E+00  1.1909E+01  2.2461E+00
  6.2562E+00  1.1946E+01  2.4710E+00
  6.1683E+00  1.1998E+01  2.3908E+00
  6.1277E+00  1.2047E+01  2.5529E+00
  6.0211E+00  1.1908E+01  2.8878E+00
  6.0206E+00  1.2061E+01  3.1165E+00
  5.7930E+00  1.1936E+01  3.0551E+00
  5.8725E+00  1.1855E+01  2.8767E+00
  5.9821E+00  1.1812E+01  3.0101E+00
  5.7391E+00  1.1163E+01  2.6079E+00
  6.0546E+00  1.1436E+01  2.3447E+00
  6.0005E+00  1.1513E+01  2.6182E+00
  6.2853E+00  1.1703E+01  2.5183E+00
  6.4750E+00  1.1951E+01  2.6033E+00
  6.5033E+00  1.1955E+01  2.4579E+00
  6.6694E+00  1.2102E+01  2.4984E+00
  6.8234E+00  1.2069E+01  2.0221E+00
  6.8465E+00  1.2195E+01  1.9250E+00
  7.1307E+00  1.2470E+01  2.3023E+00
  7.0415E+00  1.2559E+01  1.6805E+00
  7.2495E+00 -1.2275E+01  2.2997E+00
  7.3704E+00 -1.2225E+01  1.9362E+00
  7.0023E+00  1.2495E+01  1.5797E+00
  7.5488E+00 -1.2200E+01  1.8688E+00
  7.2430E+00 -1.2586E+01  1.7023E+00
  7.5237E+00 -1.2149E+01  1.8510E+00
  7.2222E+00 -1.2328E+01  1.9205E+00
  7.1453E+00 -1.2193E+01  1.7918E+00
  7.0932E+00 -1.2050E+01  1.8508E+00
  7.0152E+00 -1.1831E+01  1.8686E+00
  7.1125E+00 -1.1580E+01  1.9675E+00
  6.9820E+00 -1.1771E+01  1.8208E+00
  6.9768E+00 -1.1912E+01  1.6842E+00
  7.1370E+00 -1.1900E+01  1.5257E+00
  7.2374E+00 -1.1987E+01  1.3192E+00
  7.0358E+00 -1.2166E+01  1.3795E+00
  7.1621E+00 -1.2252E+01  9.1154E-01
  7.1969E+00 -1.2310E+01  9.6201E-01
  7.3213E+00 -1.2470E+01  9.0988E-01
  7.4408E+00 -1.2448E+01  6.1281E-01
  7.3096E+00  1.2577E+01  7.1872E-01
  7.6156E+00 -1.2539E+01  5.7702E-01
  7.7075E+00  1.2501E+01  7.8273E-01
  7.8063E+00  1.2409E+01  6.5480E-01
  7.6061E+00  1.2462E+01  7.1347E-01
  7.7873E+00 -1.2478E+01  8.0926E-01
  7.6805E+00  1.2435E+01  9.8481E-01
  7.2838E+00 -1.2358E+01  1.2016E+00
  7.1440E+00 -1.2390E+01  1.3058E+00
  7.4800E+00  1.2290E+01  5.7324E-01
  7.1245E+00  1.2461E+01  8.0888E-01
  7.2411E+00 -1.2480E+01  7.3827E-01
  7.2847E+00  1.2155E+01  3.1121E-01
  7.3216E+00  1.2079E+01  5.3398E-01
  7.6586E+00  1.2152E+01  4.9499E-01
  7.5444E+00  1.2139E+01  7.7585E-01
  7.4766E+00  1.1975E+01  6.6705E-01
  7.5867E+00  1.1599E+01  3.4952E-01
  7.6809E+00  1.1676E+01  4.3332E-01
  7.4513E+00  1.1271E+01  1.9933E-01
  7.2833E+00  1.1255E+01  3.0208E-01
  7.7377E+00  1.1381E+01  5.3134E-02
  7.6262E+00  1.1510E+01  1.3604E-01
  7.7443E+00  1.1327E+01 -2.5562E-02
  7.9596E+00  1.1072E+01 -3.0678E-01
  7.9825E+00  1.1347E+01 -2.1031E-01
  7.9090E+00  1.1578E+01  4.2692E-03
  7.7762E+00  1.1240E+01 -4.0858E-01
  7.9330E+00  1.1579E+01 -8.8786E-02
  7.5919E+00  1.1214E+01 -4.3445E-01
  7.5712E+00  1.1396E+01 -5.0187E-01
  7.5259E+00  1.1580E+01 -1.8317E-01
  7.1930E+00  1.1113E+01 -4.1520E-01
  7.4016E+00  1.1110E+01 -3.7655E-02
  7.6597E+00  1.1073E+01 -1.2203E-01
  7.5915E+00  1.0754E+01  2.4174E-02
  7.8356E+00  1.1064E+01  9.1133E-02
  7.8260E+00  1.0799E+01 -1.8208E-01
  8.0374E+00  1.1248E+01  3.2265E-01
  7.9544E+00  1.1214E+01  8.4767E-02
  7.9540E+00  1.1165E+01  3.2160E-01
  7.9438E+00  1.1181E+01  3.8073E-01
  7.6761E+00  1.1142E+01  5.2512E-01
  7.3243E+00  1.1028E+01  6.5468E-01
  7.2547E+00  1.1157E+01  5.3639E-01
  7.1838E+00  1.1336E+01  7.1427E-01
  6.8394E+00  1.1135E+01  6.2979E-01
  7.0886E+00  1.1173E+01  7.6981E-01
  7.3003E+00  1.1325E+01  7.2993E-01
  7.2457E+00  1.1461E+01  5.2305E-01
  7.2089E+00  1.1382E+01  7.0714E-01
  7.1336E+00  1.1267E+01  8.4510E-01
  7.1712E+00  1.1376E+01  1.0108E+00
  6.9584E+00  1.1438E+01  8.8957E-01
  7.0544E+00  1.1577E+01  8.8041E-01
  7.2400E+00  1.1874E+01  8.0420E-01
  7.2833E+00  1.1936E+01  8.9598E-01
  7.3508E+00  1.1996E+01  9.8328E-01
  7.4488E+00  1.2131E+01  1.1158E+00
  7.5503E+00  1.2271E+01  1.4849E+00
  7.4901E+00  1.2548E+01  1.6474E+00
  7.6799E+00 -1.2369E+01  2.0117E+00
  7.6250E+00 -1.2368E+01  1.5674E+00
  8.1757E+00 -1.2231E+01  1.7436E+00
  8.2856E+00 -1.2124E+01  1.5996E+00
  8.2734E+00 -1.2463E+01  1.7908E+00
  8.3669E+00 -1.2164E+01  1.8993E+00
  8.3066E+00 -1.2080E+01  1.8732E+00
  8.3334E+00 -1.2114E+01  2.0389E+00
  8.4623E+00 -1.1859E+01  2.1707E+00
  8.3442E+00 -1.2111E+01  2.1471E+00
  8.2543E+00 -1.2362E+01  2.1559E+00
  8.4907E+00 -1.2312E+01  2.2001E+00
  8.4907E+00 -1.2277E+01  2.2262E+00
  8.5493E+00 -1.2205E+01  2.1948E+00
  8.5797E+00 -1.2330E+01  2.1529E+00
  8.3656E+00  1.2459E+01  2.0944E+00
  8.3673E+00 -1.2375E+01  2.1515E+00
  8.1050E+00  1.2560E+01  2.0321E+00
  8.2267E+00 -1.2449E+01  2.2367E+00
  8.0455E+00  1.2447E+01  2.2089E+00
  7.9581E+00 -1.2357E+01  2.0766E+00
  7.7652E+00 -1.2408E+01  2.0248E+00
  7.7960E+00 -1.2117E+01  2.1787E+00
  7.7465E+00 -1.2276E+01  2.4684E+00
  7.6053E+00 -1.2133E+01  2.2044E+00
  7.6378E+00 -1.2455E+01  2.0820E+00
  7.8219E+00 -1.2557E+01  2.2027E+00
  7.5549E+00 -1.2367E+01  2.0888E+00
  7.9449E+00  1.2592E+01  2.3716E+00
  7.6497E+00 -1.2489E+01  2.0402E+00
  7.4715E+00  1.2320E+01  1.6439E+00
  8.0005E+00  1.2213E+01  1.9248E+00
  7.6833E+00  1.1922E+01  1.7018E+00
  8.0689E+00  1.1967E+01  2.0511E+00
  8.0281E+00  1.1607E+01  2.1734E+00
  7.8284E+00  1.1846E+01  2.0186E+00
  8.3981E+00  1.1963E+01  2.7323E+00
  8.4572E+00  1.1819E+01  2.4235E+00
  8.5155E+00  1.1915E+01  2.2610E+00
  8.7458E+00  1.2145E+01  2.6014E+00
  8.6654E+00  1.1999E+01  2.2013E+00
  8.4511E+00  1.1947E+01  1.7643E+00
  8.0521E+00  1.1872E+01  1.5285E+00
  8.3529E+00  1.2144E+01  1.7454E+00
  7.6992E+00  1.2074E+01  1.7209E+00
  7.9776E+00  1.2302E+01  1.7990E+00
  7.6616E+00  1.2193E+01  1.4487E+00
  7.5793E+00  1.2025E+01  1.3210E+00
  7.8288E+00  1.1871E+01  1.3837E+00
  7.5024E+00  1.1931E+01  1.1562E+00
  7.6681E+00  1.1779E+01  1.4480E+00
  7.7261E+00  1.1675E+01  1.4531E+00
  7.6953E+00  1.1625E+01  1.3047E+00
  7.4214E+00  1.1680E+01  9.5152E-01
  7.7400E+00  1.1416E+01  1.0976E+00
  7.3885E+00  1.1135E+01  1.2490E+00
  7.6909E+00  1.1393E+01  9.4476E-01
  7.6200E+00  1.1487E+01  8.1679E-01
  7.4653E+00  1.1701E+01  8.6838E-01
  7.3549E+00  1.1855E+01  8.9777E-01
  7.4263E+00  1.1791E+01  9.9153E-01
  7.5461E+00  1.2135E+01  9.7695E-01
  7.2820E+00  1.2170E+01  1.0295E+00
  7.1557E+00  1.2325E+01  9.3883E-01
  7.2017E+00  1.2381E+01  9.2359E-01
  7.1704E+00  1.2278E+01  7.4982E-01
  7.3124E+00  1.2311E+01  3.5951E-01
  7.0723E+00  1.2144E+01  2.7060E-01
  7.2809E+00  1.2017E+01  3.6074E-01
  7.0639E+00  1.1733E+01  4.5644E-01
  6.8385E+00  1.1942E+01  1.9620E-01
  7.1145E+00  1.1826E+01  5.5802E-01
  6.8976E+00  1.1787E+01  3.9887E-01
  6.8928E+00  1.2102E+01  4.9575E-01
  6.4847E+00  1.2026E+01  8.8515E-01
  6.3082E+00 -1.2533E+01  7.2265E-01
  6.3106E+00  1.2553E+01  7.0660E-01
  6.7888E+00  1.2376E+01  5.0972E-01
  6.7991E+00  1.2036E+01  5.2356E-01
  6.8008E+00  1.2179E+01  5.8612E-01
  7.1444E+00  1.2510E+01  4.5717E-01
  7.2509E+00  1.2199E+01  5.4625E-01
  6.7024E+00 -1.2518E+01  3.4177E-01
  7.3436E+00  1.2373E+01  3.9323E-01
  6.5478E+00 -1.2415E+01 -4.3415E-02
  6.4523E+00 -1.2075E+01  4.2491E-02
  7.0127E+00  1.2467E+01  3.8389E-01
  7.0301E+00  1.2420E+01  3.9308E-01
  6.9649E+00  1.2476E+01  1.3198E-01
  6.3871E+00  1.2368E+01 -2.0854E-01
  6.9288E+00  1.2074E+01 -3.4466E-01
  6.5571E+00  1.2018E+01 -2.3977E-01
  6.8067E+00  1.2426E+01 -4.2141E-01
  6.8047E+00  1.2409E+01 -3.7569E-01
  6.7192E+00  1.1983E+01 -1.4746E-01
  6.8822E+00  1.1866E+01 -3.1015E-02
  7.1051E+00  1.2219E+01  7.5521E-02
  6.9566E+00  1.2111E+01  2.7294E-01
  6.8255E+00  1.2230E+01  2.8822E-01
  7.1703E+00  1.2162E+01  2.9302E-01
  7.0008E+00  1.2348E+01  9.0268E-02
  7.0292E+00 -1.2342E+01  5.7082E-02
  6.7166E+00 -1.2437E+01  4.4323E-02
  6.8127E+00  1.2579E+01 -1.0921E-01
  6.8522E+00  1.2475E+01 -2.8446E-01
  6.6611E+00 -1.2542E+01 -5.2253E-01
  5.9492E+00 -1.2067E+01 -9.8164E-01
  5.9677E+00 -1.1265E+01 -8.0177E-01
  6.9793E+00 -1.1440E+01 -7.7351E-01
  6.9437E+00 -1.1511E+01 -4.7846E-01
  6.8735E+00 -1.1357E+01 -9.4994E-01
  6.4737E+00 -1.1390E+01 -1.1463E+00
  5.8530E+00 -1.1824E+01 -1.2771E+00
  5.8243E+00 -1.1511E+01 -1.0137E+00
  6.9515E+00 -1.1335E+01 -8.9704E-01
  6.9474E+00 -1.1365E+01  2.7141E-02
  6.8574E+00 -1.1225E+01 -1.3794E-01
  5.9605E+00 -1.1266E+01 -5.0896E-01
  6.4750E+00 -1.1125E+01 -4.3436E-01
  6.4394E+00 -1.1256E+01  9.2766E-01
  6.3305E+00 -1.1076E+01  9.4291E-01
  5.8568E+00 -1.0521E+01  5.9958E-02
  5.2665E+00 -1.1207E+01 -2.7687E-01
  5.7676E+00 -1.0921E+01  6.7983E-02
  6.0528E+00 -1.1266E+01  1.0058E+00
  6.0616E+00 -1.1039E+01  3.8578E-01
  5.4299E+00 -1.1255E+01 -1.3033E-01
  5.3918E+00 -1.1332E+01 -1.3114E-01
  5.1306E+00 -1.1224E+01 -1.2540E-01
  5.6867E+00 -1.1342E+01  5.1024E-01
  5.5652E+00 -1.1643E+01  5.0026E-01
  5.0667E+00 -1.2233E+01 -6.9321E-01
  5.7021E+00  1.2318E+01 -8.0698E-01
  5.5890E+00  1.2408E+01 -1.0581E+00
  5.6776E+00  1.2573E+01 -1.2966E+00
  6.3068E+00 -1.2528E+01 -1.4396E+00
  6.1600E+00 -1.2227E+01 -1.0573E+00
  6.5019E+00 -1.2275E+01 -1.2677E+00
  6.9234E+00  1.2529E+01 -1.9486E+00
  6.7585E+00 -1.2388E+01 -1.8806E+00
  6.2882E+00 -1.2138E+01 -1.2394E+00
  6.6012E+00 -1.2230E+01 -1.6209E+00
  6.5150E+00 -1.1948E+01 -1.7074E+00
  6.3299E+00 -1.1763E+01 -1.3081E+00
  6.2671E+00 -1.1920E+01 -1.3827E+00
  6.2443E+00 -1.1860E+01 -8.8738E-01
  6.3344E+00 -1.1827E+01 -7.1492E-01
  6.0283E+00 -1.1994E+01 -1.4644E+00
  6.2112E+00 -1.2095E+01 -1.1415E+00
  6.2003E+00 -1.2063E+01 -6.7521E-01
  6.3693E+00 -1.2273E+01 -1.5254E+00
  6.0217E+00 -1.2341E+01 -1.7807E+00
  5.9400E+00 -1.2314E+01 -1.6823E+00
  5.9432E+00 -1.2333E+01 -2.0131E+00
  5.9605E+00 -1.2460E+01 -2.3706E+00
  5.8451E+00  1.2359E+01 -2.6418E+00
  6.0929E+00  1.2234E+01 -2.6840E+00
  6.2405E+00  1.2359E+01 -2.6723E+00
  6.1342E+00  1.2088E+01 -2.9442E+00
  6.3108E+00  1.2165E+01 -2.8398E+00
  6.1349E+00  1.2436E+01 -2.9353E+00
  6.3336E+00  1.2136E+01 -3.4107E+00
  6.3013E+00  1.2011E+01 -3.4122E+00
  6.4314E+00  1.1909E+01 -3.1282E+00
  6.4169E+00  1.1632E+01 -3.3142E+00
  6.4071E+00  1.1875E+01 -3.0247E+00
  6.0576E+00  1.1850E+01 -2.8418E+00
  6.1220E+00  1.1401E+01 -3.0174E+00
  6.3958E+00  1.1083E+01 -3.0486E+00
  6.2279E+00  1.1047E+01 -3.2230E+00
  6.1435E+00  1.1291E+01 -3.1020E+00
  6.5295E+00  1.0991E+01 -3.2531E+00
  6.7026E+00  1.1235E+01 -3.2150E+00
  6.9014E+00  1.0598E+01 -3.4588E+00
  7.1490E+00  1.0065E+01 -2.9948E+00
  6.6470E+00  1.0696E+01 -3.6482E+00
  7.1061E+00  1.0355E+01 -3.3988E+00
  7.1696E+00  1.0010E+01 -3.1994E+00
  7.5225E+00  1.0085E+01 -3.0854E+00
  7.4347E+00  1.0302E+01 -3.4465E+00
  7.3944E+00  9.7266E+00 -3.4693E+00
  7.3158E+00  9.6079E+00 -3.4052E+00
  7.0334E+00  9.8176E+00 -3.8027E+00
  7.1069E+00  9.3671E+00 -3.7557E+00
  6.9878E+00  9.2422E+00 -3.7359E+00
  6.8956E+00  9.3602E+00 -3.8717E+00
  7.1366E+00  9.3600E+00 -3.7776E+00
  7.2069E+00  9.4261E+00 -3.6581E+00
  7.5546E+00  9.6688E+00 -3.6770E+00
  7.1249E+00  9.7461E+00 -3.6158E+00
  7.5815E+00  9.8175E+00 -3.7951E+00
  7.2879E+00  9.5308E+00 -3.6361E+00
  7.3771E+00  9.6569E+00 -3.8234E+00
  7.1022E+00  9.4643E+00 -3.7800E+00
  7.1196E+00  9.4928E+00 -3.5883E+00
  7.1679E+00  9.6691E+00 -3.5662E+00
  7.1035E+00  9.6102E+00 -3.3669E+00
  7.0312E+00  9.8496E+00 -3.1580E+00
  7.2379E+00  1.0336E+01 -3.2029E+00
  7.1170E+00  1.0377E+01 -3.0996E+00
  7.2899E+00  1.0740E+01 -2.9026E+00
  7.3837E+00  1.0856E+01 -2.5508E+00
  7.6741E+00  1.1181E+01 -2.8783E+00
  7.5031E+00  1.0900E+01 -2.6380E+00
  7.1176E+00  1.0970E+01 -3.1326E+00
  6.8472E+00  1.0435E+01 -2.7851E+00
  6.7860E+00  1.0235E+01 -2.8436E+00
  6.7710E+00  1.0209E+01 -2.9120E+00
  6.8570E+00  1.0104E+01 -3.1869E+00
  6.9468E+00  9.7532E+00 -3.1854E+00
  7.0878E+00  9.8290E+00 -3.0093E+00
  7.0126E+00  9.6256E+00 -2.9869E+00
  6.9602E+00  9.6196E+00 -2.9926E+00
  6.8448E+00  9.7432E+00 -2.9338E+00
  6.7886E+00  9.6205E+00 -2.9829E+00
  6.6464E+00  9.8883E+00 -3.0011E+00
  6.5507E+00  9.8508E+00 -2.8428E+00
  6.6520E+00  1.0098E+01 -2.8482E+00
  6.6654E+00  1.0521E+01 -3.1330E+00
  6.5796E+00  1.0525E+01 -3.1679E+00
  6.7238E+00  1.0374E+01 -3.0663E+00
  6.9828E+00  1.0330E+01 -3.2245E+00
  7.1444E+00  1.0287E+01 -3.2493E+00
  7.1473E+00  1.0206E+01 -3.3234E+00
  7.1228E+00  1.0119E+01 -3.3529E+00
  7.3276E+00  1.0195E+01 -3.2656E+00
  7.6491E+00  1.0244E+01 -3.0178E+00
  7.5409E+00  1.0511E+01 -3.0988E+00
  7.6434E+00  1.0264E+01 -2.9724E+00
  7.7959E+00  1.0878E+01 -3.3623E+00
  7.9676E+00  1.0586E+01 -2.8541E+00
  8.2039E+00  1.0672E+01 -2.7817E+00
  8.2203E+00  1.0528E+01 -2.3036E+00
  8.3972E+00  1.0684E+01 -2.6847E+00
  8.4920E+00  1.0601E+01 -2.0180E+00
  8.6804E+00  1.0279E+01 -2.0978E+00
  8.5291E+00  9.7689E+00 -2.1855E+00
  8.8346E+00  1.0170E+01 -2.3125E+00
  8.7228E+00  9.5960E+00 -2.4008E+00
  8.9959E+00  1.0112E+01 -2.5867E+00
  9.1701E+00  9.7024E+00 -2.4018E+00
  9.2838E+00  1.0071E+01 -2.6181E+00
  9.3594E+00  9.4403E+00 -2.4887E+00
  9.8511E+00  9.5535E+00 -2.3053E+00
  9.9259E+00  9.5910E+00 -2.4209E+00
  9.8906E+00  9.7491E+00 -2.5836E+00
