  5.1374E+00  2.8386E+00 -4.4576E-01
  5.7576E+00  3.2735E+00 -1.0052E+00
  5.7630E+00  3.3795E+00 -1.1344E+00
  5.6583E+00  2.9424E+00 -1.0817E+00
  6.0768E+00  3.3605E+00 -1.0926E+00
  5.9058E+00  3.2236E+00 -8.3276E-01
  6.0003E+00  3.6200E+00 -9.7534E-01
  6.0165E+00  3.6780E+00 -9.6407E-01
  5.9148E+00  3.8176E+00 -9.9335E-01
  6.0028E+00  3.7136E+00 -9.3823E-01
  5.9633E+00  3.3511E+00 -6.3889E-01
  5.9163E+00  3.7619E+00 -1.0840E+00
  5.8354E+00  3.7778E+00 -1.2186E+00
  6.0668E+00  3.3620E+00 -1.1276E+00
  6.0335E+00  3.4364E+00 -1.3509E+00
  5.8378E+00  3.5527E+00 -1.5541E+00
  6.0758E+00  3.6105E+00 -1.7616E+00
  5.9614E+00  3.5549E+00 -1.8292E+00
  6.1076E+00  3.5514E+00 -1.8144E+00
  6.1947E+00  3.5402E+00 -1.8368E+00
  5.9371E+00  3.6377E+00 -1.9423E+00
  6.0387E+00  3.5826E+00 -2.0064E+00
  5.9436E+00  3.3437E+00 -1.9262E+00
  6.0526E+00  3.1906E+00 -2.0071E+00
  6.0660E+00  3.0337E+00 -2.1905E+00
  5.8531E+00  2.8147E+00 -2.3591E+00
  5.9216E+00  2.8686E+00 -2.7782E+00
  5.9993E+00  2.7500E+00 -2.6752E+00
  6.0217E+00  2.8835E+00 -2.7214E+00
  5.9399E+00  3.1945E+00 -2.9691E+00
  5.9920E+00  3.1705E+00 -3.0265E+00
  6.3013E+00  2.8935E+00 -2.9860E+00
  6.3237E+00  2.8800E+00 -3.1074E+00
  6.3269E+00  3.0614E+00 -3.3888E+00
  6.3224E+00  2.8866E+00 -3.3109E+00
  6.5512E+00  2.5164E+00 -2.9940E+00
  6.8392E+00  2.4021E+00 -2.8020E+00
  6.6209E+00  2.5221E+00 -2.8424E+00
  6.7651E+00  2.3859E+00 -2.6602E+00
  7.0057E+00  2.2944E+00 -2.1146E+00
  6.7547E+00  2.3308E+00 -1.9021E+00
  6.7522E+00  2.3356E+00 -2.1379E+00
  6.8050E+00  2.3255E+00 -1.8205E+00
  6.8315E+00  2.3908E+00 -1.3115E+00
  6.6397E+00  2.3452E+00 -1.4025E+00
  6.4371E+00  2.4803E+00 -1.8766E+00
  6.4196E+00  2.3565E+00 -1.5807E+00
  6.2895E+00  2.4634E+00 -1.0656E+00
  6.3885E+00  2.4558E+00 -1.4243E+00
  6.1291E+00  2.4462E+00 -1.5767E+00
  6.3567E+00  2.6247E+00 -8.1452E-01
  6.4243E+00  3.0682E+00 -4.1326E-01
  5.9237E+00  2.4945E+00 -7.8155E-01
  6.4689E+00  2.3569E+00 -8.7732E-01
  6.0495E+00  2.8500E+00 -5.1635E-01
  5.9521E+00  2.5970E+00 -9.1631E-01
  5.9540E+00  2.7340E+00 -1.0236E+00
  5.8446E+00  2.7380E+00 -1.6545E+00
  5.7075E+00  2.9847E+00 -2.0294E+00
  5.7820E+00  3.1688E+00 -1.8473E+00
  5.9239E+00  2.9991E+00 -1.9751E+00
  5.4408E+00  3.4682E+00 -2.6522E+00
  5.7600E+00  3.4929E+00 -3.1829E+00
  5.3050E+00  3.4381E+00 -2.8511E+00
  5.1750E+00  3.4653E+00 -2.3663E+00
  4.9754E+00  3.2562E+00 -3.1767E+00
  5.5283E+00  3.4956E+00 -4.0818E+00
  4.9149E+00  3.1004E+00 -4.0401E+00
  4.6816E+00  3.2222E+00 -3.3758E+00
  4.7356E+00  3.0447E+00 -3.8497E+00
  5.2733E+00  3.0261E+00 -4.4138E+00
  5.4129E+00  2.8993E+00 -4.3239E+00
  5.1128E+00  3.5312E+00 -3.9395E+00
  5.2926E+00  3.6379E+00 -3.9571E+00
  5.5824E+00  3.7485E+00 -4.2364E+00
  5.9083E+00  3.6064E+00 -4.1369E+00
  6.3001E+00  3.5376E+00 -4.2346E+00
  6.4716E+00  3.7995E+00 -4.4766E+00
  6.8239E+00  3.4431E+00 -4.4558E+00
  6.7451E+00  3.7688E+00 -4.5598E+00
  7.1083E+00  3.5846E+00 -4.7765E+00
  7.2526E+00  3.8001E+00 -4.7338E+00
  7.1739E+00  3.9592E+00 -4.5493E+00
  6.9995E+00  3.1747E+00 -4.4951E+00
  6.6469E+00  3.4510E+00 -3.9711E+00
  6.9352E+00  2.8878E+00 -3.9485E+00
  6.8181E+00  2.7542E+00 -3.7168E+00
  6.8724E+00  2.6169E+00 -3.5245E+00
  6.9941E+00  2.5382E+00 -3.2985E+00
  6.8431E+00  2.8417E+00 -2.9979E+00
  6.9857E+00  2.7639E+00 -2.6495E+00
  7.0608E+00  2.7941E+00 -2.7371E+00
  7.3902E+00  2.7493E+00 -3.1451E+00
  7.3209E+00  2.8283E+00 -2.6362E+00
  7.4948E+00  2.8380E+00 -2.5483E+00
  7.5536E+00  2.9538E+00 -2.8522E+00
  7.4850E+00  2.9497E+00 -2.6747E+00
  7.4938E+00  2.7849E+00 -2.7223E+00
  7.4783E+00  2.6219E+00 -2.7362E+00
  7.4748E+00  2.5518E+00 -2.6085E+00
  7.1303E+00  2.8494E+00 -2.8601E+00
  7.0348E+00  2.8014E+00 -3.0225E+00
  7.1359E+00  2.8300E+00 -3.1110E+00
  6.9637E+00  2.9653E+00 -3.0451E+00
  7.0092E+00  2.9249E+00 -3.0207E+00
  7.0847E+00  3.1339E+00 -2.9603E+00
  7.3276E+00  3.0550E+00 -3.1510E+00
  7.2996E+00  3.0852E+00 -2.9842E+00
  7.4429E+00  3.3127E+00 -3.0430E+00
  7.8023E+00  3.4018E+00 -3.3297E+00
  7.7785E+00  3.5711E+00 -3.6520E+00
  7.7984E+00  3.9597E+00 -3.9681E+00
  8.2356E+00  3.9332E+00 -4.1472E+00
  7.8972E+00  4.2590E+00 -4.1559E+00
  7.9345E+00  4.3179E+00 -4.1726E+00
  8.3178E+00  4.5935E+00 -4.3606E+00
  8.2463E+00  4.7252E+00 -4.3290E+00
  8.0766E+00  4.4796E+00 -4.0184E+00
  8.3059E+00  4.7070E+00 -4.1128E+00
  8.6175E+00  4.9996E+00 -4.1299E+00
  8.4453E+00  4.7508E+00 -3.9659E+00
  8.1675E+00  4.5755E+00 -3.6316E+00
  8.5277E+00  4.6242E+00 -3.6856E+00
  8.8253E+00  4.9434E+00 -3.7651E+00
  8.2672E+00  4.5785E+00 -3.8569E+00
  7.8190E+00  4.2922E+00 -3.6220E+00
  7.8634E+00  4.7510E+00 -4.1151E+00
  7.8287E+00  4.8386E+00 -4.2085E+00
  7.2999E+00  4.4656E+00 -3.8778E+00
  7.4139E+00  4.5307E+00 -4.0246E+00
  7.7980E+00  4.8349E+00 -4.2298E+00
  7.4171E+00  4.7153E+00 -3.9554E+00
  7.4560E+00  4.3581E+00 -3.5986E+00
  7.7301E+00  4.5866E+00 -4.1628E+00
  8.0431E+00  4.9126E+00 -4.2382E+00
  8.1315E+00  4.4952E+00 -4.2344E+00
  7.8885E+00  4.3280E+00 -4.0491E+00
  8.0162E+00  4.3800E+00 -4.2396E+00
  8.1453E+00  4.5589E+00 -4.4918E+00
  7.7689E+00  4.1500E+00 -4.4392E+00
  7.4546E+00  3.5833E+00 -3.9544E+00
  7.1605E+00  3.6562E+00 -3.8718E+00
  7.2963E+00  4.1215E+00 -4.3202E+00
  7.1471E+00  3.7043E+00 -4.1869E+00
  6.6549E+00  3.5846E+00 -3.0627E+00
  6.8541E+00  3.0909E+00 -2.7742E+00
  6.5944E+00  3.0759E+00 -3.1271E+00
  6.9116E+00  2.9136E+00 -3.4211E+00
  6.8374E+00  2.9831E+00 -2.7918E+00
  7.0063E+00  3.4418E+00 -2.1895E+00
  7.2111E+00  3.1801E+00 -2.2882E+00
  7.4816E+00  3.2477E+00 -2.2073E+00
  7.7770E+00  3.5570E+00 -2.2746E+00
  7.6674E+00  3.2435E+00 -2.7939E+00
  7.2166E+00  3.7940E+00 -3.9323E+00
  7.5299E+00  4.4178E+00 -4.3633E+00
  7.5513E+00  4.1724E+00 -4.7546E+00
  7.3439E+00  3.5764E+00 -4.0976E+00
  7.3997E+00  3.7894E+00 -4.2312E+00
  7.3255E+00  5.0709E+00 -4.6949E+00
  7.2870E+00  4.8974E+00 -4.7706E+00
  7.4584E+00  4.1134E+00 -4.4282E+00
  7.2172E+00  4.5322E+00 -4.1606E+00
  7.4163E+00  4.7525E+00 -4.3337E+00
  7.9779E+00  5.0543E+00 -4.5277E+00
  7.7363E+00  4.7031E+00 -4.3361E+00
  7.7171E+00  4.1267E+00 -3.6539E+00
  7.7465E+00  4.1067E+00 -3.0937E+00
  7.8826E+00  4.0255E+00 -3.7046E+00
  7.8567E+00  4.2285E+00 -3.8837E+00
  7.8462E+00  3.4128E+00 -3.0052E+00
  7.9300E+00  3.4230E+00 -2.5218E+00
  7.7920E+00  3.6054E+00 -3.3128E+00
  8.2141E+00  4.0367E+00 -3.5233E+00
  7.6108E+00  3.8340E+00 -3.1381E+00
  7.3243E+00  3.8931E+00 -2.2160E+00
  7.2924E+00  3.9027E+00 -3.0110E+00
  7.9011E+00  4.2022E+00 -3.3116E+00
  7.0791E+00  3.4850E+00 -2.9581E+00
  6.9307E+00  3.7883E+00 -1.8002E+00
  6.7964E+00  3.6309E+00 -1.6979E+00
  6.7053E+00  3.1942E+00 -2.3661E+00
  7.0085E+00  3.9943E+00 -2.7567E+00
  6.7134E+00  3.1594E+00 -2.1154E+00
  6.4017E+00  3.6275E+00 -1.3575E+00
  6.5690E+00  3.4668E+00 -1.0505E+00
  6.6378E+00  3.9720E+00 -6.8646E-01
  7.1190E+00  4.1039E+00 -3.4083E-01
  6.7279E+00  4.3436E+00 -4.2843E-01
  6.5969E+00  4.3735E+00 -4.7131E-01
  6.5709E+00  3.7554E+00 -6.5449E-01
  6.8398E+00  3.4317E+00 -6.3527E-01
  6.8054E+00  3.2734E+00 -1.0235E+00
  6.7548E+00  3.5383E+00 -1.5577E+00
  7.0829E+00  3.3727E+00 -1.8789E+00
  7.0176E+00  3.5057E+00 -2.4317E+00
  7.3390E+00  3.5161E+00 -2.8635E+00
  7.7971E+00  3.4012E+00 -2.9410E+00
  8.1925E+00  3.4726E+00 -3.1756E+00
  7.8952E+00  3.6508E+00 -3.7263E+00
  7.6838E+00  4.1613E+00 -4.4437E+00
  7.6617E+00  4.1122E+00 -4.3651E+00
  8.1151E+00  3.7410E+00 -4.2919E+00
  8.2839E+00  3.7403E+00 -4.4591E+00
  7.9529E+00  4.0905E+00 -4.4800E+00
  7.8218E+00  4.8943E+00 -4.6261E+00
  8.4171E+00  4.9869E+00 -4.7980E+00
  8.4858E+00  4.4412E+00 -3.9539E+00
  9.0663E+00  4.4520E+00 -3.4046E+00
  8.4745E+00  5.4816E+00 -3.8887E+00
  8.5206E+00  5.3136E+00 -4.1506E+00
  8.9607E+00  4.5898E+00 -3.5841E+00
  9.3843E+00  4.8295E+00 -3.9766E+00
  8.9987E+00  5.6365E+00 -4.0625E+00
  9.0020E+00  4.3613E+00 -2.8775E+00
  8.8666E+00  4.7507E+00 -3.8622E+00
  9.2263E+00  4.6052E+00 -4.1021E+00
  8.8234E+00  4.2526E+00 -3.7166E+00
  8.9034E+00  4.3773E+00 -3.6610E+00
  8.5015E+00  5.0518E+00 -4.1776E+00
  8.6487E+00  4.5085E+00 -4.0905E+00
  9.0044E+00  4.1994E+00 -3.9330E+00
  8.8247E+00  4.6336E+00 -4.1724E+00
  8.1863E+00  4.3462E+00 -3.9378E+00
  8.3473E+00  3.9600E+00 -3.5385E+00
  8.2908E+00  4.2409E+00 -3.8693E+00
  8.0536E+00  4.3021E+00 -3.9305E+00
  8.2617E+00  3.5330E+00 -3.4161E+00
  8.1040E+00  3.5892E+00 -3.0659E+00
  7.7454E+00  3.9925E+00 -3.3334E+00
  7.6521E+00  3.9874E+00 -3.0111E+00
  7.5326E+00  3.6776E+00 -2.5548E+00
  7.1519E+00  3.4659E+00 -2.5887E+00
  7.1394E+00  3.3400E+00 -2.9442E+00
  7.3384E+00  3.0407E+00 -2.7888E+00
  7.3763E+00  2.7667E+00 -2.1414E+00
  7.3017E+00  2.7758E+00 -2.2300E+00
  7.4885E+00  2.7952E+00 -2.7586E+00
  7.4940E+00  2.6939E+00 -2.4415E+00
  7.6980E+00  2.9474E+00 -1.9842E+00
  8.0703E+00  2.7377E+00 -2.4594E+00
  7.8436E+00  2.9277E+00 -3.0223E+00
  7.9726E+00  3.0197E+00 -3.0671E+00
  8.0743E+00  3.0016E+00 -2.5028E+00
  7.5118E+00  2.9968E+00 -2.8119E+00
  7.4812E+00  3.4458E+00 -3.3889E+00
  7.2280E+00  3.2766E+00 -2.7609E+00
  7.3916E+00  3.3283E+00 -1.9437E+00
  7.5767E+00  3.3481E+00 -2.0801E+00
  7.8733E+00  3.4557E+00 -2.3313E+00
  8.0404E+00  3.2706E+00 -1.8365E+00
  8.3219E+00  3.4626E+00 -1.2636E+00
  7.9662E+00  3.3470E+00 -1.7576E+00
  7.7783E+00  3.2956E+00 -2.8370E+00
  8.1532E+00  2.7289E+00 -3.1224E+00
  8.2295E+00  2.4238E+00 -2.9371E+00
  8.3239E+00  2.4463E+00 -3.2462E+00
  7.9122E+00  2.9951E+00 -3.4247E+00
  7.8037E+00  3.2417E+00 -3.3384E+00
  7.7881E+00  3.3056E+00 -3.2133E+00
  7.9649E+00  3.4380E+00 -3.2693E+00
  7.6699E+00  3.5098E+00 -3.3319E+00
  7.8835E+00  3.3431E+00 -3.3028E+00
  7.7755E+00  3.0843E+00 -2.6936E+00
  7.8205E+00  2.9524E+00 -2.3072E+00
  7.6945E+00  3.1871E+00 -2.3607E+00
  7.8129E+00  3.3523E+00 -2.4371E+00
  7.7675E+00  3.2496E+00 -1.8132E+00
  7.9645E+00  3.3795E+00 -1.4338E+00
  8.4838E+00  3.2104E+00 -1.5558E+00
  8.3114E+00  3.3008E+00 -1.6610E+00
  8.7660E+00  3.1780E+00 -1.6912E+00
  8.6412E+00  3.1351E+00 -1.9354E+00
  8.3817E+00  3.2484E+00 -2.2317E+00
  8.6148E+00  3.2301E+00 -2.8594E+00
  8.3854E+00  3.1346E+00 -2.9913E+00
  8.4129E+00  2.9340E+00 -2.6631E+00
  8.5812E+00  2.8361E+00 -2.8744E+00
  8.1884E+00  3.0957E+00 -3.1813E+00
  8.0706E+00  3.0115E+00 -2.8872E+00
  8.5877E+00  2.6903E+00 -2.4795E+00
  8.3127E+00  2.7967E+00 -2.7944E+00
  8.3093E+00  3.2093E+00 -3.0542E+00
  8.1848E+00  3.0098E+00 -2.1429E+00
  8.3257E+00  2.8721E+00 -2.2677E+00
  7.9561E+00  3.2941E+00 -2.7882E+00
  7.7287E+00  3.3883E+00 -2.6344E+00
  7.8824E+00  3.3460E+00 -1.4358E+00
  7.6207E+00  3.3048E+00 -1.3067E+00
  7.4916E+00  3.0448E+00 -2.2418E+00
  7.2336E+00  3.0974E+00 -1.9333E+00
  7.9067E+00  3.5120E+00 -8.5362E-01
  7.7212E+00  3.5498E+00 -8.2009E-01
  7.2429E+00  3.2831E+00 -1.5073E+00
  7.3458E+00  3.2864E+00 -1.7426E+00
  7.7373E+00  3.3023E+00 -1.5212E+00
  7.6593E+00  3.1886E+00 -2.0846E+00
  7.9366E+00  3.2271E+00 -2.3074E+00
  8.1070E+00  3.4769E+00 -1.9285E+00
  7.9080E+00  3.5224E+00 -2.1987E+00
  8.4241E+00  3.3558E+00 -2.1958E+00
  8.0801E+00  3.3161E+00 -1.8759E+00
  7.9642E+00  3.3412E+00 -2.3492E+00
  7.7387E+00  3.4041E+00 -2.3256E+00
  7.6844E+00  3.4270E+00 -2.4241E+00
  7.5901E+00  3.5086E+00 -2.6450E+00
  7.5999E+00  3.6371E+00 -2.6040E+00
  7.2691E+00  3.8140E+00 -3.0218E+00
  7.2013E+00  3.9607E+00 -3.4244E+00
  7.4317E+00  3.7265E+00 -3.3192E+00
  7.2607E+00  3.9480E+00 -2.8428E+00
  7.4079E+00  4.0710E+00 -3.0298E+00
  7.2421E+00  4.3699E+00 -2.8287E+00
  7.1654E+00  4.3602E+00 -3.1013E+00
  6.9508E+00  4.5405E+00 -3.7376E+00
  6.8305E+00  4.6410E+00 -3.7583E+00
  6.7150E+00  4.4303E+00 -3.8042E+00
  6.3313E+00  4.4984E+00 -3.6315E+00
  6.7876E+00  4.1681E+00 -4.4049E+00
  6.8624E+00  3.9114E+00 -4.2223E+00
  6.5683E+00  4.0963E+00 -4.2382E+00
  6.5440E+00  4.3689E+00 -4.2524E+00
  6.6798E+00  4.4320E+00 -4.0820E+00
  7.4978E+00  4.0554E+00 -3.2073E+00
  7.3519E+00  4.0193E+00 -3.5105E+00
  7.2317E+00  4.5144E+00 -3.9168E+00
  7.3701E+00  4.7374E+00 -3.9713E+00
  7.1411E+00  4.5069E+00 -3.8180E+00
  7.3105E+00  4.3068E+00 -3.9367E+00
  7.0923E+00  4.2386E+00 -3.5154E+00
  6.9518E+00  4.3166E+00 -3.6379E+00
  6.5053E+00  4.7311E+00 -3.5987E+00
  6.4518E+00  5.1007E+00 -3.6822E+00
  6.1252E+00  5.0595E+00 -3.8667E+00
  6.0259E+00  5.2017E+00 -3.8561E+00
  6.2067E+00  5.0004E+00 -3.7470E+00
  6.2254E+00  4.8846E+00 -3.8244E+00
  6.2467E+00  5.4033E+00 -3.6829E+00
  6.3939E+00  5.3088E+00 -3.7238E+00
  6.3629E+00  5.1336E+00 -3.3593E+00
  6.5431E+00  5.3403E+00 -3.3269E+00
  6.3926E+00  5.0969E+00 -3.1734E+00
  6.5972E+00  5.1636E+00 -3.2999E+00
  6.6757E+00  5.1969E+00 -3.0185E+00
  6.4765E+00  4.6765E+00 -2.8654E+00
  6.6889E+00  5.1639E+00 -2.9029E+00
  6.7496E+00  5.2157E+00 -3.1456E+00
  6.6671E+00  5.0838E+00 -3.1875E+00
  6.5063E+00  5.2175E+00 -2.9644E+00
  6.6056E+00  5.4677E+00 -3.2127E+00
  6.4960E+00  5.5554E+00 -3.2664E+00
  6.6435E+00  5.4057E+00 -3.3283E+00
  6.6365E+00  4.9885E+00 -3.4554E+00
  6.5494E+00  5.1013E+00 -3.2095E+00
  6.7052E+00  5.0454E+00 -3.4468E+00
  6.7109E+00  5.2916E+00 -3.4050E+00
  6.6513E+00  5.3515E+00 -3.4477E+00
  6.4189E+00  5.2469E+00 -3.7438E+00
  6.4628E+00  5.5209E+00 -3.9930E+00
  6.3677E+00  5.7526E+00 -3.9834E+00
  6.1579E+00  5.9777E+00 -3.9673E+00
  6.2144E+00  5.9065E+00 -4.0177E+00
  6.3048E+00  6.2755E+00 -4.1874E+00
  6.4919E+00  6.3827E+00 -4.1983E+00
  6.7729E+00  6.0186E+00 -4.3788E+00
  6.6799E+00  6.2781E+00 -4.1837E+00
  6.7433E+00  6.0377E+00 -4.0581E+00
  6.8290E+00  5.7480E+00 -4.1335E+00
  6.7150E+00  5.7563E+00 -3.9996E+00
  6.8275E+00  5.4132E+00 -4.2516E+00
  6.8695E+00  5.6730E+00 -4.2120E+00
  6.7773E+00  5.5684E+00 -4.0453E+00
  6.9472E+00  5.1028E+00 -4.2055E+00
  6.9672E+00  5.4617E+00 -4.0002E+00
  6.9955E+00  5.1988E+00 -4.1494E+00
  7.1340E+00  5.3418E+00 -3.9964E+00
  7.0074E+00  5.5072E+00 -3.7235E+00
  7.0283E+00  5.4711E+00 -3.9805E+00
  6.8673E+00  5.8388E+00 -3.7935E+00
  6.9348E+00  5.8395E+00 -3.8766E+00
  6.9620E+00  6.1394E+00 -3.6100E+00
  6.8345E+00  5.8449E+00 -3.1624E+00
  6.9680E+00  5.7564E+00 -3.5802E+00
  7.0003E+00  5.4989E+00 -3.6965E+00
  6.7076E+00  5.4924E+00 -3.1761E+00
  7.1096E+00  5.5934E+00 -3.5238E+00
  6.8785E+00  5.1800E+00 -2.9008E+00
  7.2926E+00  5.2276E+00 -3.4468E+00
  7.1046E+00  4.7831E+00 -3.4381E+00
  7.0822E+00  5.2309E+00 -3.4458E+00
  7.0173E+00  5.0990E+00 -3.7359E+00
  7.0503E+00  5.2060E+00 -3.5765E+00
  7.2162E+00  5.0207E+00 -3.9570E+00
  6.9619E+00  4.8298E+00 -3.8261E+00
  7.1251E+00  4.5305E+00 -4.0559E+00
  6.6589E+00  3.9760E+00 -3.2490E+00
  7.2838E+00  3.9445E+00 -2.2203E+00
  7.1097E+00  3.7651E+00 -2.1744E+00
  6.7527E+00  3.9217E+00 -2.9028E+00
  7.0660E+00  3.9445E+00 -2.9000E+00
