  5.9540E+00  6.0382E+00  1.2166E+00
  5.2029E+00  6.0260E+00  2.5303E-01
  6.2909E+00  5.8943E+00  1.4930E+00
  6.4199E+00  6.9971E+00  1.5981E+00
  5.7066E+00  5.7798E+00  1.7307E+00
  6.1190E+00  5.4786E+00  8.0798E-01
  5.5358E+00  5.5933E+00  5.4129E-01
  5.6074E+00  5.6737E+00  4.9697E-01
  5.8690E+00  5.7453E+00  4.2429E-01
  5.8168E+00  5.8085E+00  4.3298E-01
  5.8541E+00  5.9002E+00  2.7333E-02
  5.9525E+00  5.8462E+00  1.4720E-01
  6.1020E+00  5.8148E+00 -3.8134E-02
  6.1069E+00  5.8575E+00 -2.1656E-01
  6.1247E+00  5.8038E+00 -1.2559E-01
  6.2255E+00  5.8758E+00 -4.4060E-01
  6.0920E+00  5.7589E+00 -3.5692E-01
  6.0662E+00  5.8282E+00 -4.4566E-01
  6.0178E+00  5.8683E+00 -4.5997E-01
  6.0481E+00  5.9241E+00 -5.4657E-01
  5.9089E+00  5.9696E+00 -8.6234E-01
  5.6563E+00  5.9213E+00 -1.0827E+00
  5.9040E+00  6.0851E+00 -1.4216E+00
  6.0647E+00  6.0418E+00 -1.6628E+00
  6.0558E+00  5.6788E+00 -1.3378E+00
  6.2080E+00  5.4776E+00 -8.7910E-01
  5.8630E+00  5.3085E+00 -2.1777E-01
  6.0644E+00  5.3270E+00  8.3739E-01
  6.0251E+00  5.1691E+00  5.4079E-01
  6.3342E+00  5.5052E+00  4.4357E-01
  6.4757E+00  5.6060E+00  6.7224E-01
  6.7050E+00  5.8626E+00  1.0835E+00
  6.2224E+00  5.8127E+00  9.8452E-01
  6.0292E+00  6.1946E+00  6.0819E-01
  5.9779E+00  6.2558E+00  3.6597E-01
  5.8623E+00  6.6859E+00 -5.5309E-02
  5.8311E+00  6.8612E+00  2.7261E-01
  5.9349E+00  6.8536E+00  9.8097E-02
  6.0673E+00  6.7768E+00  5.0792E-03
  5.9786E+00  6.8028E+00 -4.0634E-03
  5.9204E+00  7.2418E+00 -1.3615E-01
  5.9768E+00  7.0262E+00 -1.3978E-01
  5.8947E+00  6.6853E+00  2.2562E-02
  5.8428E+00  6.8406E+00  1.1345E-01
  5.8921E+00  7.0161E+00  1.4293E-01
  5.8047E+00  7.1138E+00 -1.2654E-02
  5.7981E+00  7.0404E+00  7.9505E-02
  5.9666E+00  7.1848E+00 -2.3244E-01
  5.9399E+00  7.3412E+00 -3.2182E-01
  5.9213E+00  7.0585E+00 -4.4508E-01
  5.8763E+00  7.0270E+00 -4.2261E-01
  6.0382E+00  6.6472E+00 -4.7090E-01
  6.1012E+00  6.3989E+00 -5.2233E-01
  6.0746E+00  6.5305E+00 -5.4130E-01
  5.7904E+00  6.1045E+00 -1.4850E-01
  5.8161E+00  5.7093E+00  1.0924E-01
  6.3003E+00  5.6037E+00  4.2585E-01
  7.0913E+00  5.7987E+00  8.3571E-01
  7.1458E+00  5.1225E+00  1.7077E+00
  7.3297E+00  5.1759E+00  2.1763E+00
  7.4934E+00  5.4577E+00  2.4398E+00
  7.3812E+00  5.2325E+00  3.5316E+00
  7.8975E+00  5.3214E+00  3.9617E+00
  8.1380E+00  5.5669E+00  4.0628E+00
  7.9501E+00  5.8085E+00  4.5023E+00
  7.8675E+00  6.1514E+00  4.7896E+00
  8.2974E+00  6.6301E+00  5.0019E+00
  8.2719E+00  7.1733E+00  5.3378E+00
  7.7982E+00  7.3894E+00  5.5088E+00
  7.5921E+00  7.5500E+00  5.5826E+00
  7.1204E+00  8.1064E+00  5.8837E+00
  6.6379E+00  8.7864E+00  5.5617E+00
  6.4544E+00  8.6180E+00  5.3171E+00
  6.2401E+00  8.7868E+00  4.8653E+00
  6.4405E+00  9.2508E+00  4.5315E+00
  6.7245E+00  8.7548E+00  5.1578E+00
  7.3993E+00  8.0761E+00  5.3370E+00
  7.1129E+00  7.1485E+00  5.2173E+00
  7.0904E+00  6.6746E+00  4.9261E+00
  7.3477E+00  7.1024E+00  5.4642E+00
  6.7094E+00  6.8988E+00  5.2081E+00
  7.3017E+00  7.0810E+00  5.3619E+00
  7.9615E+00  6.7919E+00  4.9241E+00
  7.9204E+00  6.6457E+00  5.0192E+00
  7.6362E+00  7.2594E+00  5.3381E+00
  7.6382E+00  6.7873E+00  4.9312E+00
  8.1498E+00  6.7057E+00  4.2826E+00
  7.9998E+00  6.8605E+00  3.7990E+00
  7.8677E+00  7.0600E+00  3.8469E+00
  7.8015E+00  6.4826E+00  3.5760E+00
  7.5658E+00  7.1757E+00  3.4126E+00
  7.3871E+00  7.2663E+00  3.6918E+00
  7.4852E+00  6.9612E+00  3.8493E+00
  7.6397E+00  6.2391E+00  3.4489E+00
  7.6301E+00  6.0923E+00  3.6651E+00
  7.4999E+00  5.4844E+00  3.2455E+00
  7.4450E+00  5.4302E+00  2.9749E+00
  7.3692E+00  5.6656E+00  3.4184E+00
  7.6298E+00  4.7631E+00  3.0608E+00
  7.6415E+00  4.5420E+00  3.0335E+00
  7.5699E+00  4.7133E+00  3.2661E+00
  7.0842E+00  4.3295E+00  2.2972E+00
  7.1322E+00  4.0198E+00  2.3887E+00
  7.2566E+00  4.4660E+00  2.4899E+00
  7.1830E+00  4.2595E+00  2.1220E+00
  7.3724E+00  4.7907E+00  1.8252E+00
  7.2127E+00  4.7760E+00  1.5708E+00
  7.1667E+00  4.7205E+00  1.5832E+00
  7.0395E+00  5.0323E+00  1.5309E+00
  7.2361E+00  5.0510E+00  1.8129E+00
  6.9573E+00  5.2497E+00  1.5776E+00
  7.2730E+00  5.2423E+00  1.6368E+00
  7.2660E+00  5.6526E+00  1.4035E+00
  7.1603E+00  5.3649E+00  1.1049E+00
  6.9854E+00  5.6290E+00  1.7664E+00
  6.7423E+00  5.4117E+00  1.4898E+00
  6.6644E+00  5.1475E+00  1.4302E+00
  6.6108E+00  5.6632E+00  1.5437E+00
  6.8146E+00  5.4221E+00  1.3959E+00
  6.7728E+00  5.4094E+00  1.4532E+00
  6.7269E+00  5.6292E+00  1.4040E+00
  6.9173E+00  5.5048E+00  1.3494E+00
  6.7767E+00  5.8777E+00  1.3047E+00
  6.9063E+00  5.4884E+00  1.1484E+00
  7.0121E+00  5.4822E+00  1.1673E+00
  7.1165E+00  5.7627E+00  1.2172E+00
  7.4519E+00  5.6478E+00  1.1809E+00
  7.4619E+00  5.5825E+00  1.0337E+00
  7.3271E+00  5.8003E+00  1.1547E+00
  7.3182E+00  5.5753E+00  9.7388E-01
  7.1368E+00  5.5797E+00  1.0193E+00
  6.8390E+00  5.7456E+00  1.2730E+00
  6.7098E+00  5.7368E+00  1.2878E+00
  6.7084E+00  5.9108E+00  1.4213E+00
  6.4649E+00  5.8842E+00  1.1660E+00
  6.8145E+00  6.1897E+00  1.7246E+00
  6.8226E+00  6.0917E+00  1.5217E+00
  6.7258E+00  6.7072E+00  1.6253E+00
  6.8653E+00  6.4796E+00  1.4719E+00
  6.9434E+00  7.0593E+00  1.5315E+00
  6.9339E+00  6.5728E+00  1.5864E+00
  6.8207E+00  6.7732E+00  1.6011E+00
  7.1726E+00  6.3112E+00  1.8299E+00
  7.1764E+00  6.2873E+00  1.7587E+00
  7.0807E+00  6.1358E+00  1.5864E+00
  7.4454E+00  6.2139E+00  1.5417E+00
  7.2824E+00  5.9943E+00  1.4748E+00
  7.3147E+00  5.8733E+00  1.4395E+00
  7.4383E+00  5.7904E+00  1.3528E+00
  7.3301E+00  5.7666E+00  1.1382E+00
  7.2779E+00  5.5351E+00  9.1286E-01
  7.2888E+00  5.3739E+00  1.0885E+00
  7.1991E+00  5.2157E+00  1.2808E+00
  7.3084E+00  5.0574E+00  1.4354E+00
  7.4045E+00  5.2283E+00  1.4893E+00
  7.4679E+00  5.2453E+00  1.6038E+00
  7.5274E+00  5.0430E+00  1.7849E+00
  7.6220E+00  5.1103E+00  2.0018E+00
  7.4796E+00  4.9339E+00  1.9305E+00
  7.8341E+00  5.1165E+00  1.9430E+00
  7.8613E+00  5.6776E+00  1.8141E+00
  7.8877E+00  5.5773E+00  1.6305E+00
  7.7280E+00  5.9563E+00  1.7834E+00
  7.7696E+00  5.8335E+00  1.9588E+00
  7.6040E+00  5.6694E+00  2.0685E+00
  7.3731E+00  5.2650E+00  2.1060E+00
  7.1887E+00  5.5531E+00  2.0896E+00
  7.5447E+00  5.4905E+00  2.0959E+00
  7.3815E+00  5.4952E+00  1.4837E+00
  7.2243E+00  5.4093E+00  1.0933E+00
  7.2694E+00  5.2264E+00  1.2544E+00
  7.2400E+00  5.3657E+00  1.5458E+00
  7.0804E+00  5.4405E+00  1.0394E+00
  6.9223E+00  5.5956E+00  8.0529E-01
  6.7800E+00  5.4709E+00  6.2452E-01
  6.8177E+00  5.4751E+00  7.5871E-01
  6.9792E+00  5.4790E+00  9.1195E-01
  7.2344E+00  5.5566E+00  9.9366E-01
  7.4309E+00  5.6416E+00  1.0971E+00
  7.5887E+00  5.5030E+00  1.2579E+00
  7.5092E+00  5.4281E+00  9.5985E-01
  7.5927E+00  5.6841E+00  9.4357E-01
  7.9413E+00  5.3587E+00  1.2631E+00
  7.8837E+00  5.9367E+00  1.6285E+00
  8.2382E+00  5.7883E+00  1.7253E+00
  8.2004E+00  5.7332E+00  1.4061E+00
  8.1639E+00  5.4170E+00  1.4832E+00
  7.9585E+00  5.9751E+00  1.7928E+00
  8.1950E+00  5.8477E+00  1.9131E+00
  7.5966E+00  5.9755E+00  1.2891E+00
  7.9849E+00  5.9790E+00  1.4556E+00
  7.7853E+00  5.9704E+00  1.2672E+00
  7.7412E+00  5.7661E+00  1.4213E+00
  7.4689E+00  5.6306E+00  1.3966E+00
  7.5426E+00  5.6140E+00  1.4908E+00
  7.4874E+00  5.4003E+00  1.4108E+00
  7.5117E+00  5.1544E+00  1.6505E+00
  7.4479E+00  4.9084E+00  1.3217E+00
  7.3498E+00  4.8622E+00  1.5671E+00
  7.1196E+00  4.4333E+00  1.5143E+00
  7.3221E+00  4.6186E+00  2.1585E+00
  7.3870E+00  4.6895E+00  2.3514E+00
  7.3328E+00  5.0768E+00  2.4878E+00
  7.3299E+00  4.9238E+00  1.9639E+00
  7.4331E+00  5.0864E+00  1.8169E+00
  7.3298E+00  5.0716E+00  2.0994E+00
  7.7661E+00  5.4222E+00  2.4165E+00
  7.5078E+00  5.4147E+00  2.1993E+00
  7.8844E+00  5.3206E+00  2.0590E+00
  7.8957E+00  5.6230E+00  1.8841E+00
  7.7646E+00  5.5557E+00  1.9659E+00
  7.7440E+00  5.4695E+00  2.1175E+00
  7.5770E+00  5.6337E+00  2.0496E+00
  7.5879E+00  5.7107E+00  2.1451E+00
  7.5955E+00  5.6207E+00  2.0918E+00
  7.1037E+00  5.4446E+00  2.0071E+00
  7.0016E+00  5.0404E+00  2.0835E+00
  7.2973E+00  5.2640E+00  2.1446E+00
  7.1178E+00  5.2724E+00  1.9311E+00
  7.0390E+00  4.9180E+00  1.8532E+00
  6.6967E+00  5.1944E+00  1.8195E+00
  7.0475E+00  5.0870E+00  1.6391E+00
  7.3063E+00  5.1992E+00  1.6960E+00
  7.0620E+00  5.2775E+00  1.5260E+00
  7.1737E+00  5.4592E+00  1.9297E+00
  7.1291E+00  5.3101E+00  1.4370E+00
  7.3514E+00  5.4589E+00  1.3226E+00
  7.6097E+00  5.5661E+00  1.5233E+00
  7.8260E+00  5.4127E+00  2.0189E+00
  7.8642E+00  5.6643E+00  2.1084E+00
  8.0835E+00  5.4694E+00  1.9883E+00
  8.1338E+00  6.0265E+00  1.7171E+00
  8.3579E+00  6.0848E+00  1.9686E+00
  8.5337E+00  6.3436E+00  2.2349E+00
  8.4161E+00  6.2863E+00  2.1105E+00
  8.5358E+00  6.4767E+00  1.8943E+00
  8.2721E+00  6.4812E+00  1.7713E+00
  8.5936E+00  6.3781E+00  1.6916E+00
  8.4499E+00  6.6425E+00  1.4205E+00
  8.5561E+00  6.4448E+00  1.5099E+00
  8.5034E+00  6.2916E+00  1.5577E+00
  8.0258E+00  6.1977E+00  1.6921E+00
  8.5111E+00  6.3756E+00  1.7338E+00
  8.6957E+00  6.4746E+00  1.9987E+00
  8.4398E+00  6.4689E+00  2.0721E+00
  8.4550E+00  6.5476E+00  2.0737E+00
  8.2928E+00  6.6076E+00  1.9733E+00
  8.5650E+00  6.5783E+00  2.1939E+00
  8.5582E+00  6.7979E+00  2.3367E+00
  8.6923E+00  6.4412E+00  2.3765E+00
  8.5163E+00  6.7308E+00  1.9703E+00
  8.8129E+00  7.0277E+00  1.8658E+00
  8.9449E+00  6.8430E+00  1.8124E+00
  8.9801E+00  6.9566E+00  1.7463E+00
  9.0967E+00  7.0872E+00  1.7353E+00
  9.0435E+00  7.1040E+00  1.7797E+00
  8.6913E+00  7.4068E+00  1.8460E+00
  8.7944E+00  6.6196E+00  1.9153E+00
  8.4374E+00  6.9297E+00  1.9650E+00
  8.9069E+00  6.6913E+00  1.9047E+00
  8.9753E+00  7.3215E+00  1.6641E+00
  8.9104E+00  7.3307E+00  1.4829E+00
  9.0278E+00  7.3312E+00  1.5850E+00
  9.0501E+00  7.3537E+00  1.8553E+00
  8.7818E+00  7.2483E+00  1.9231E+00
  8.9440E+00  7.0845E+00  2.0358E+00
  8.7485E+00  7.0249E+00  2.1283E+00
  8.5017E+00  7.0121E+00  1.9481E+00
  8.7469E+00  6.8804E+00  2.0964E+00
  8.6878E+00  6.9041E+00  2.0299E+00
  8.8139E+00  6.9638E+00  1.8715E+00
  8.8489E+00  6.8130E+00  1.9340E+00
  8.6468E+00  6.9088E+00  1.8943E+00
  8.5472E+00  6.7952E+00  1.8699E+00
  8.2166E+00  7.0936E+00  1.8109E+00
  8.1363E+00  7.0828E+00  1.6210E+00
  7.9763E+00  6.7669E+00  1.8186E+00
  8.1046E+00  7.2104E+00  2.0026E+00
  7.9775E+00  6.8455E+00  2.0205E+00
  8.5729E+00  6.9432E+00  2.0994E+00
  8.7852E+00  6.7118E+00  2.0573E+00
  8.9026E+00  6.4695E+00  2.0671E+00
  8.8897E+00  6.5624E+00  2.2726E+00
  9.1058E+00  6.4619E+00  2.1753E+00
  9.0142E+00  6.5851E+00  2.1181E+00
  9.1695E+00  6.7778E+00  1.8844E+00
  9.3657E+00  6.9603E+00  1.5284E+00
  9.5278E+00  7.2804E+00  1.7244E+00
  9.4760E+00  7.2419E+00  1.9046E+00
  9.3407E+00  7.3647E+00  1.8587E+00
  9.4270E+00  7.4349E+00  1.9121E+00
  9.5175E+00  7.3959E+00  1.7951E+00
  9.4439E+00  7.1970E+00  1.8967E+00
  9.5532E+00  7.3697E+00  2.1677E+00
  9.5977E+00  7.3418E+00  2.2340E+00
  9.8451E+00  7.0133E+00  2.0539E+00
  1.0099E+01  6.9135E+00  2.1961E+00
  9.9267E+00  7.0609E+00  2.1038E+00
  9.8509E+00  6.7288E+00  1.8970E+00
  9.7388E+00  6.5491E+00  1.9411E+00
  9.6561E+00  6.2886E+00  1.8880E+00
  9.7364E+00  6.0875E+00  1.5726E+00
  9.6294E+00  5.7507E+00  1.6684E+00
  9.4011E+00  5.7802E+00  1.6337E+00
  9.1517E+00  5.7164E+00  1.9507E+00
  9.0896E+00  5.2999E+00  2.0867E+00
  8.9949E+00  5.5957E+00  2.1607E+00
  8.7165E+00  5.6699E+00  1.8464E+00
  8.7972E+00  5.5099E+00  1.9337E+00
  8.0079E+00  5.9161E+00  1.7084E+00
  8.7379E+00  5.3679E+00  1.9228E+00
  8.1733E+00  6.2974E+00  1.4184E+00
  8.0493E+00  6.5763E+00  1.3538E+00
  8.1087E+00  6.0665E+00  1.5640E+00
  8.6318E+00  6.3636E+00  1.3948E+00
  8.7656E+00  6.2683E+00  1.4593E+00
  8.3565E+00  6.2354E+00  1.4039E+00
  8.7088E+00  6.1994E+00  1.3177E+00
  8.7931E+00  6.1833E+00  1.3556E+00
  8.9580E+00  6.1605E+00  1.2937E+00
  8.8199E+00  5.8709E+00  1.3068E+00
  8.8467E+00  5.9734E+00  1.2874E+00
  9.0437E+00  6.0418E+00  1.1331E+00
  8.9997E+00  6.3057E+00  1.0984E+00
  9.1334E+00  6.3616E+00  9.1538E-01
  9.2156E+00  6.3292E+00  8.6760E-01
  9.3441E+00  6.5316E+00  9.5578E-01
  9.2991E+00  6.5451E+00  1.1049E+00
  9.3219E+00  6.6683E+00  1.0214E+00
  9.3830E+00  7.0253E+00  8.8632E-01
  9.7085E+00  6.7757E+00  8.1256E-01
  9.9838E+00  7.0473E+00  7.2554E-01
  9.9553E+00  7.2363E+00  6.6358E-01
  1.0259E+01  7.3506E+00  3.6330E-01
  1.0220E+01  7.7401E+00  3.4054E-01
  1.0219E+01  7.7316E+00  2.8701E-01
  1.0410E+01  7.5531E+00  1.6400E-01
  1.0641E+01  7.4616E+00  1.7124E-01
  1.0691E+01  7.7933E+00  2.6382E-01
  1.0678E+01  7.7412E+00 -7.2026E-02
  1.0485E+01  7.7119E+00  1.4038E-01
  1.0662E+01  7.7993E+00 -1.8975E-01
  1.0412E+01  8.0292E+00 -2.6895E-01
  1.0449E+01  7.9078E+00 -2.3448E-01
  1.0442E+01  7.8397E+00 -1.6724E-01
  1.0686E+01  7.7223E+00 -7.4801E-02
  1.0938E+01  7.5831E+00 -2.5615E-02
  1.0905E+01  7.4981E+00  8.0408E-02
  1.0957E+01  7.1415E+00  3.5652E-01
  1.1104E+01  7.2167E+00  3.7235E-01
  1.1242E+01  7.0614E+00  3.7487E-01
  1.1286E+01  7.1095E+00  3.8314E-01
  1.1173E+01  6.5923E+00  5.6870E-01
  1.0821E+01  6.6737E+00  5.8920E-01
  1.0677E+01  6.9613E+00  2.7476E-01
  1.0464E+01  7.4831E+00  4.3645E-01
  1.0612E+01  7.1770E+00  4.4939E-01
  1.0681E+01  7.2236E+00  5.4259E-01
  1.0649E+01  7.5262E+00  5.3272E-01
  1.0809E+01  7.0932E+00  4.7426E-01
  1.0895E+01  7.2986E+00  7.0989E-01
  1.0860E+01  7.4514E+00  8.6188E-01
  1.0791E+01  7.1909E+00  8.1989E-01
  1.0588E+01  7.1533E+00  6.2232E-01
  1.0407E+01  6.8630E+00  7.9898E-01
  1.0539E+01  6.5421E+00  7.8567E-01
  1.0621E+01  6.7023E+00  5.1475E-01
  1.1056E+01  7.1380E+00  4.5214E-01
  1.0506E+01  7.1038E+00  6.1959E-01
  1.0167E+01  7.0698E+00  5.5118E-01
  1.0320E+01  6.9432E+00  5.1785E-01
  1.0553E+01  6.7507E+00  6.1216E-01
  1.0675E+01  6.5792E+00  5.9451E-01
  1.0310E+01  6.8265E+00  6.2531E-01
  1.0191E+01  6.8344E+00  7.8442E-01
  1.0390E+01  6.8410E+00  7.4349E-01
  1.0261E+01  6.4427E+00  6.7646E-01
  1.0181E+01  6.7114E+00  8.2988E-01
  1.0047E+01  6.7048E+00  6.8429E-01
  9.7703E+00  6.9868E+00  7.6000E-01
  9.8392E+00  7.0328E+00  3.7443E-01
  9.7162E+00  7.0711E+00  1.9876E-01
  9.4298E+00  6.9038E+00  3.5927E-01
  9.4904E+00  7.1775E+00  4.7881E-01
  9.3088E+00  6.9422E+00  5.1057E-01
  9.5684E+00  6.6485E+00  2.8913E-01
  9.5312E+00  6.7840E+00  3.6229E-01
  9.3613E+00  6.8599E+00  5.2293E-01
  9.4556E+00  7.0222E+00  6.8670E-01
  9.8761E+00  7.6718E+00  6.3292E-02
  1.1112E+01  8.3921E+00  2.5929E-01
  1.0621E+01  8.4736E+00 -1.1484E-01
  1.0660E+01  8.6226E+00 -9.8342E-02
  1.1316E+01  8.4630E+00  3.5097E-01
  1.1086E+01  8.7163E+00  2.0873E-01
  1.1023E+01  9.1487E+00  8.5897E-02
  1.0701E+01  9.1838E+00 -6.4983E-02
  1.0247E+01  9.3480E+00  1.7128E-02
  1.0558E+01  9.3967E+00 -9.9920E-02
  1.0538E+01  9.0456E+00 -1.0672E-01
