  5.4195E+00  1.2476E+01  1.6750E-01
  5.4638E+00  1.2438E+01 -1.3576E-01
  6.2877E+00  1.1251E+01 -8.2676E-01
  6.6884E+00  1.1350E+01 -8.1131E-01
  6.6278E+00  1.1394E+01 -1.0996E+00
  6.5399E+00  1.1515E+01 -1.0918E+00
  6.7893E+00  1.1502E+01 -7.1056E-01
  7.0023E+00  1.1300E+01 -8.7342E-01
  6.7561E+00  1.1258E+01 -9.3491E-01
  7.0588E+00  1.1010E+01 -8.3481E-01
  7.0008E+00  1.0897E+01 -7.5479E-01
  6.7408E+00  1.0864E+01 -6.7376E-01
  6.7675E+00  1.0927E+01 -6.7779E-01
  6.6865E+00  1.0963E+01 -6.0069E-01
  6.6339E+00  1.0872E+01 -4.9379E-01
  6.7390E+00  1.0707E+01 -4.2427E-01
  6.6929E+00  1.0576E+01 -3.4470E-01
  6.5702E+00  1.0616E+01 -2.3604E-01
  6.4774E+00  1.0748E+01 -1.8187E-01
  6.3934E+00  1.0841E+01 -7.5222E-02
  6.4967E+00  1.0935E+01  2.6324E-01
  6.4427E+00  1.1106E+01  5.9956E-01
  6.6157E+00  1.1104E+01  1.0291E+00
  6.6115E+00  1.1032E+01  1.1731E+00
  6.2533E+00  1.1288E+01  1.3263E+00
  6.2344E+00  1.1504E+01  1.5549E+00
  5.9455E+00  1.2150E+01  2.2248E+00
  5.5588E+00 -1.2292E+01  2.3250E+00
  5.0439E+00 -1.1687E+01  2.4148E+00
  4.7532E+00 -1.1112E+01  2.4506E+00
  5.0013E+00 -1.0215E+01  2.2948E+00
  5.6471E+00 -1.0006E+01  1.6276E+00
  5.6467E+00 -9.9225E+00  1.7182E+00
  5.3747E+00 -9.6621E+00  1.5151E+00
  5.4235E+00 -9.6870E+00  1.4872E+00
  5.3083E+00 -9.7844E+00  1.5607E+00
  4.9886E+00 -9.5755E+00  1.9487E+00
  4.9424E+00 -9.6658E+00  1.8365E+00
  4.9213E+00 -9.7086E+00  2.0909E+00
  4.5751E+00 -9.6119E+00  2.4075E+00
  4.2552E+00 -9.6553E+00  2.4297E+00
  3.9694E+00 -9.7912E+00  2.4480E+00
  3.9059E+00 -9.9095E+00  2.0554E+00
  3.6635E+00 -9.9897E+00  1.7399E+00
  3.6754E+00 -1.0020E+01  1.6728E+00
  3.5895E+00 -9.9996E+00  1.4708E+00
  3.7327E+00 -9.9941E+00  9.7383E-01
  3.9034E+00 -9.8414E+00  9.8541E-01
  3.8614E+00 -9.5679E+00  1.6113E+00
  3.9986E+00 -9.3290E+00  1.6596E+00
  4.5050E+00 -9.4250E+00  1.2925E+00
  4.3287E+00 -9.6048E+00  1.0254E+00
  4.2266E+00 -9.4487E+00  1.5917E+00
  4.1523E+00 -9.9377E+00  2.5767E+00
  3.5178E+00 -9.9488E+00  2.4903E+00
  3.3409E+00 -1.0268E+01  1.9654E+00
  3.0072E+00 -1.0908E+01  2.5932E+00
  2.4214E+00 -1.1888E+01  2.5847E+00
  2.2409E+00 -1.2102E+01  2.3634E+00
  2.4720E+00 -1.1527E+01  2.2726E+00
  2.8203E+00 -1.1421E+01  2.2320E+00
  2.7486E+00 -1.1314E+01  2.4779E+00
  2.7097E+00 -1.1122E+01  2.3629E+00
  2.9387E+00 -1.1165E+01  2.2706E+00
  2.9347E+00 -1.1332E+01  2.5210E+00
  2.9431E+00 -1.1245E+01  2.5412E+00
  3.0096E+00 -1.1181E+01  2.5144E+00
  2.8199E+00 -1.1431E+01  2.6570E+00
  3.0670E+00 -1.1706E+01  2.7788E+00
  3.3754E+00 -1.1789E+01  2.8821E+00
  3.6120E+00 -1.2077E+01  3.0935E+00
  3.8901E+00  1.2419E+01  3.4942E+00
  4.0438E+00  1.2338E+01  3.6349E+00
  4.2067E+00  1.2266E+01  3.8372E+00
  4.3265E+00  1.2216E+01  3.8512E+00
  4.2672E+00  1.2091E+01  3.8646E+00
  4.5937E+00  1.1455E+01  3.7394E+00
  4.4436E+00  1.2017E+01  3.6535E+00
  4.0486E+00 -1.2508E+01  3.4246E+00
  4.3633E+00  1.2211E+01  3.3334E+00
  3.7664E+00 -1.2019E+01  3.2310E+00
  3.6828E+00 -1.1716E+01  3.0927E+00
  3.8901E+00 -1.2038E+01  3.3340E+00
  3.6677E+00 -1.1430E+01  3.1033E+00
  3.9250E+00 -1.1590E+01  3.3391E+00
  4.4130E+00 -1.2011E+01  3.4292E+00
  4.3723E+00 -1.1067E+01  3.2672E+00
  4.5355E+00 -1.1287E+01  3.5388E+00
  4.8126E+00 -1.2012E+01  3.3219E+00
  4.7658E+00 -1.1162E+01  3.3152E+00
  4.4542E+00 -1.0694E+01  2.7125E+00
  4.8010E+00 -1.1011E+01  2.8316E+00
  4.9545E+00 -1.1473E+01  2.8629E+00
  4.6317E+00 -1.0689E+01  2.3514E+00
  4.5072E+00 -1.0806E+01  1.5107E+00
  4.6800E+00 -1.1106E+01  1.8673E+00
  4.9619E+00 -1.1366E+01  1.6512E+00
  4.2953E+00 -1.0964E+01  6.8812E-01
  4.3607E+00 -1.1252E+01 -3.7007E-01
  4.6257E+00 -1.0886E+01 -4.1294E-01
  4.3982E+00 -1.0871E+01  5.3085E-03
  4.1781E+00 -1.0811E+01 -5.7957E-01
  4.1414E+00 -1.1397E+01 -1.3400E+00
  4.1808E+00 -1.1263E+01 -1.2088E+00
  4.1335E+00 -1.0681E+01 -2.0079E-01
  3.9595E+00 -1.0555E+01 -4.7703E-02
  3.7594E+00 -1.0862E+01 -8.5958E-01
  4.0012E+00 -1.1845E+01 -8.1479E-01
  4.4437E+00 -1.1529E+01 -5.9726E-01
  4.5517E+00 -1.0845E+01  4.6648E-01
  4.9212E+00 -1.1212E+01  1.5878E+00
  5.5461E+00 -1.1268E+01  1.8367E+00
  5.6485E+00 -1.1078E+01  2.1579E+00
  5.7773E+00 -1.1065E+01  1.9148E+00
  5.9327E+00 -1.1336E+01  2.0354E+00
  6.2175E+00 -1.1775E+01  2.3101E+00
  5.8443E+00 -1.2195E+01  2.7775E+00
  6.0077E+00  1.2012E+01  2.2937E+00
  5.7286E+00  1.1992E+01  2.5489E+00
  5.9904E+00  1.1790E+01  2.4182E+00
  5.6585E+00  1.0611E+01  1.8358E+00
  5.1947E+00  1.0304E+01  2.3505E+00
  4.9917E+00  9.9118E+00  2.2272E+00
  4.9235E+00  9.6197E+00  1.8082E+00
  4.6585E+00  9.5037E+00  1.8002E+00
  5.0199E+00  9.7485E+00  1.9157E+00
  4.8607E+00  9.8525E+00  1.4831E+00
  4.4878E+00  1.0090E+01  1.8916E+00
  4.7225E+00  1.0245E+01  1.8484E+00
  4.2462E+00  1.0405E+01  1.8851E+00
  4.6756E+00  1.0029E+01  1.4691E+00
  4.4982E+00  9.8020E+00  1.7439E+00
  4.3129E+00  9.4764E+00  1.5823E+00
  4.0552E+00  9.5537E+00  1.7917E+00
  3.8955E+00  9.3822E+00  1.5633E+00
  4.0299E+00  9.5280E+00  1.7427E+00
  4.3133E+00  9.5756E+00  1.7222E+00
  4.1353E+00  9.4008E+00  1.7694E+00
  3.8209E+00  9.3732E+00  1.6553E+00
  4.1132E+00  9.1539E+00  1.8342E+00
  4.3321E+00  9.1028E+00  1.8830E+00
  4.3745E+00  9.1681E+00  1.9099E+00
  4.4556E+00  9.3897E+00  1.8192E+00
  4.5012E+00  9.2053E+00  1.4376E+00
  4.1856E+00  9.3576E+00  1.4776E+00
  4.1452E+00  9.2872E+00  1.5817E+00
  4.4392E+00  9.4742E+00  1.5890E+00
  4.5449E+00  9.5620E+00  1.5741E+00
  4.5936E+00  9.5633E+00  1.7280E+00
  4.8711E+00  9.5950E+00  1.7018E+00
  5.1723E+00  9.6310E+00  1.3104E+00
  4.6790E+00  9.8644E+00  1.7679E+00
  5.2428E+00  1.0119E+01  1.4506E+00
  4.8525E+00  1.0431E+01  1.5774E+00
  5.1755E+00  1.0575E+01  1.5444E+00
  5.2349E+00  1.0929E+01  1.9346E+00
  5.0929E+00  1.1021E+01  1.8389E+00
  5.0559E+00  1.1518E+01  1.9950E+00
  5.4416E+00  1.1644E+01  1.8954E+00
  5.1800E+00  1.1780E+01  2.1952E+00
  5.2953E+00  1.1805E+01  2.2569E+00
  5.2447E+00  1.1794E+01  2.2899E+00
  5.3501E+00  1.1679E+01  2.3331E+00
  5.5493E+00  1.1774E+01  2.3533E+00
  5.3277E+00  1.1474E+01  2.2832E+00
  5.3329E+00  1.1541E+01  2.5302E+00
  5.0950E+00  1.1149E+01  2.5284E+00
  5.2394E+00  1.0985E+01  2.1971E+00
  5.3717E+00  1.0845E+01  2.1864E+00
  5.1264E+00  1.0739E+01  2.2378E+00
  4.6053E+00  1.0670E+01  2.2872E+00
  5.0401E+00  1.0712E+01  2.2947E+00
  5.2485E+00  1.0584E+01  2.0476E+00
  4.7805E+00  1.0655E+01  2.4653E+00
  5.1497E+00  1.0593E+01  2.5027E+00
  5.6382E+00  1.0468E+01  2.0534E+00
  5.1527E+00  1.0559E+01  2.5761E+00
  4.8889E+00  1.0707E+01  2.5382E+00
  5.1232E+00  1.0354E+01  2.4348E+00
  4.8627E+00  1.0236E+01  2.5109E+00
  4.5776E+00  9.9926E+00  2.2848E+00
  4.7380E+00  9.7861E+00  2.2081E+00
  4.1763E+00  9.9559E+00  2.3922E+00
  4.5976E+00  1.0052E+01  2.5228E+00
  4.5792E+00  1.0432E+01  2.7324E+00
  4.8400E+00  1.0215E+01  2.4729E+00
  4.2198E+00  1.0363E+01  2.4739E+00
  4.3472E+00  1.0310E+01  2.4482E+00
  4.6611E+00  1.0095E+01  2.4107E+00
  4.9001E+00  9.8778E+00  2.3891E+00
  4.6749E+00  1.0228E+01  2.4776E+00
  5.0675E+00  9.8131E+00  2.1677E+00
  4.8965E+00  1.0521E+01  2.4470E+00
  5.0105E+00  1.0566E+01  2.4401E+00
  5.2998E+00  1.0608E+01  2.4662E+00
  4.9741E+00  1.0861E+01  2.4553E+00
  5.3412E+00  1.0829E+01  2.4564E+00
  5.0122E+00  1.1117E+01  2.4844E+00
  4.5525E+00  1.1439E+01  2.4935E+00
  4.3852E+00  1.1884E+01  2.6329E+00
  4.1434E+00  1.2011E+01  2.5676E+00
  4.5246E+00  1.1739E+01  2.5462E+00
  4.0228E+00  1.2133E+01  2.5003E+00
  3.7111E+00  1.2294E+01  2.3066E+00
  4.1194E+00  1.2063E+01  2.6322E+00
  4.5938E+00  1.1176E+01  2.0908E+00
  4.2761E+00  1.1821E+01  2.3297E+00
  4.2069E+00  1.2127E+01  2.3494E+00
  4.3232E+00  1.0942E+01  2.4454E+00
  5.0719E+00  1.0754E+01  2.1779E+00
  5.0128E+00  1.0682E+01  2.6375E+00
  4.9270E+00  1.0161E+01  2.2997E+00
  4.2891E+00  1.1103E+01  2.6414E+00
  5.0950E+00  1.0378E+01  2.4661E+00
  4.8776E+00  1.0854E+01  2.6471E+00
  4.5275E+00  1.0548E+01  2.3944E+00
  4.8850E+00  1.0575E+01  2.4360E+00
  5.0082E+00  1.0556E+01  2.3706E+00
  4.9637E+00  1.0708E+01  2.4053E+00
  4.8999E+00  1.0677E+01  2.3338E+00
  4.4677E+00  1.1166E+01  2.5017E+00
  4.6580E+00  1.1355E+01  2.4815E+00
  4.5092E+00  1.0984E+01  2.4256E+00
  4.1729E+00  1.1259E+01  2.5680E+00
  4.2144E+00  1.1173E+01  2.6268E+00
  4.5064E+00  1.0678E+01  2.3484E+00
  4.4961E+00  1.0857E+01  2.5049E+00
  4.5740E+00  1.0516E+01  2.5127E+00
  4.6107E+00  1.0070E+01  2.3377E+00
  4.7771E+00  9.8908E+00  2.0573E+00
  4.3450E+00  9.6093E+00  2.5308E+00
  4.6115E+00  9.7793E+00  2.7020E+00
  4.6407E+00  1.0122E+01  2.5795E+00
  4.9723E+00  1.0291E+01  2.4472E+00
  4.6654E+00  1.0464E+01  2.4158E+00
  4.8612E+00  1.0501E+01  2.3354E+00
  4.9663E+00  1.0460E+01  2.1679E+00
  4.8657E+00  1.0702E+01  2.3416E+00
  4.7876E+00  1.0784E+01  2.4248E+00
  4.7023E+00  1.0760E+01  2.3443E+00
  4.8026E+00  1.0627E+01  2.1980E+00
  4.8540E+00  1.0682E+01  2.2677E+00
  4.7017E+00  1.0649E+01  2.1940E+00
  4.6348E+00  1.0734E+01  2.2683E+00
  4.7484E+00  1.0851E+01  2.3240E+00
  4.7440E+00  1.0636E+01  2.4543E+00
  4.8481E+00  1.0608E+01  2.5923E+00
  4.7416E+00  1.0751E+01  2.3723E+00
  4.7079E+00  1.1172E+01  2.3547E+00
  4.4932E+00  1.1156E+01  2.1653E+00
  4.0674E+00  1.0879E+01  2.0026E+00
  4.5396E+00  1.1072E+01  2.3178E+00
  4.3922E+00  1.0913E+01  2.2076E+00
  4.3430E+00  1.1259E+01  2.2148E+00
  4.2505E+00  1.1076E+01  2.2776E+00
  4.2546E+00  1.1034E+01  2.2869E+00
  4.3103E+00  1.1067E+01  2.3349E+00
  4.5297E+00  1.1055E+01  2.2859E+00
  4.4993E+00  1.1179E+01  2.4010E+00
  4.8162E+00  1.1136E+01  2.4148E+00
  5.0888E+00  1.1353E+01  2.2830E+00
  4.8809E+00  1.1270E+01  2.4094E+00
  4.7829E+00  1.1125E+01  2.3626E+00
  4.9721E+00  1.1462E+01  2.4034E+00
  4.9728E+00  1.1111E+01  2.3212E+00
  5.1706E+00  1.1102E+01  2.2591E+00
  5.5875E+00  1.1214E+01  2.0439E+00
  5.5353E+00  1.0976E+01  1.9430E+00
  5.2042E+00  1.0964E+01  2.0574E+00
  5.0398E+00  1.1109E+01  1.9358E+00
  5.0267E+00  1.1312E+01  1.6983E+00
  4.8167E+00  1.1349E+01  1.7979E+00
  4.4837E+00  1.1318E+01  1.8514E+00
  4.4545E+00  1.1399E+01  1.8062E+00
  4.3502E+00  1.1392E+01  1.9046E+00
  4.6049E+00  1.1204E+01  1.9366E+00
  4.3109E+00  1.1384E+01  2.2666E+00
  4.3795E+00  1.1276E+01  2.2951E+00
  4.6818E+00  1.1174E+01  2.4215E+00
  4.2848E+00  1.1199E+01  2.3870E+00
  4.1002E+00  1.1137E+01  2.3469E+00
  4.3067E+00  1.1172E+01  2.4339E+00
  3.7980E+00  1.1143E+01  2.4664E+00
  3.8364E+00  1.1216E+01  2.4236E+00
  3.7351E+00  1.1271E+01  2.4022E+00
  3.1599E+00  1.1206E+01  2.3886E+00
  3.3552E+00  1.1508E+01  2.2890E+00
  3.6202E+00  1.1618E+01  2.0649E+00
  3.9514E+00  1.1213E+01  1.8191E+00
  4.0230E+00  1.1266E+01  1.8619E+00
  4.1068E+00  1.1322E+01  1.4600E+00
  4.3969E+00  1.0832E+01  1.2121E+00
  4.3061E+00  1.1192E+01  1.2475E+00
  4.8492E+00  1.0857E+01  1.0624E+00
  4.7798E+00  1.0723E+01  1.1287E+00
  4.6298E+00  1.0844E+01  1.3287E+00
  4.4669E+00  1.0852E+01  1.4149E+00
  4.5991E+00  1.1035E+01  1.4374E+00
  4.4523E+00  1.1242E+01  1.6058E+00
  4.5559E+00  1.1196E+01  1.5571E+00
  4.5103E+00  1.1220E+01  1.5459E+00
  4.3355E+00  1.1523E+01  1.5796E+00
  4.2983E+00  1.1791E+01  1.6218E+00
  4.4750E+00  1.1797E+01  1.5424E+00
  4.3768E+00  1.1725E+01  1.6645E+00
  4.6640E+00  1.1279E+01  1.3986E+00
  4.7667E+00  1.1360E+01  1.2412E+00
  4.8700E+00  1.1080E+01  1.1164E+00
  4.8210E+00  1.0859E+01  9.5973E-01
  4.9323E+00  1.1174E+01  7.6892E-01
  4.9110E+00  1.1130E+01  7.4755E-01
  4.7456E+00  1.1007E+01  6.5543E-01
  4.7494E+00  1.1473E+01  4.6069E-01
  4.6145E+00  1.1486E+01  4.2195E-01
  4.7176E+00  1.1494E+01  2.4568E-01
  4.4968E+00  1.1512E+01  1.8214E-01
  4.4120E+00  1.1533E+01  1.5780E-01
  4.4810E+00  1.1673E+01  1.1456E-01
  4.4112E+00  1.1692E+01  2.9930E-01
  4.5275E+00  1.1904E+01  1.5659E-01
  4.5648E+00  1.1887E+01  1.1112E-01
  4.3771E+00  1.2252E+01  1.5301E-01
  4.7230E+00  1.2029E+01 -3.5903E-02
  4.4978E+00  1.2447E+01  1.2046E-01
  4.9487E+00  1.2164E+01 -2.0548E-01
  4.6832E+00  1.2440E+01 -9.8197E-02
  5.1674E+00  1.2199E+01 -3.3008E-01
  5.2484E+00  1.2247E+01 -2.8984E-01
  5.2554E+00  1.1942E+01 -1.8940E-01
  5.0961E+00  1.1945E+01 -1.7973E-01
  5.1419E+00  1.2030E+01 -4.1425E-01
  5.2159E+00  1.2023E+01 -4.0830E-01
  5.5022E+00  1.1720E+01 -4.6474E-01
  5.3581E+00  1.1981E+01 -4.6852E-01
  5.7653E+00  1.1731E+01 -5.4031E-01
  5.7868E+00  1.1741E+01 -4.2475E-01
  5.7528E+00  1.1793E+01 -3.2242E-01
  5.9888E+00  1.1638E+01 -3.9096E-01
  5.8156E+00  1.1660E+01 -4.8394E-01
  5.8422E+00  1.1528E+01 -6.3399E-01
  5.8670E+00  1.1394E+01 -7.3423E-01
  5.8144E+00  1.1225E+01 -5.9887E-01
  5.6872E+00  1.1101E+01 -6.4382E-01
  5.6034E+00  1.1382E+01 -6.7229E-01
  5.5404E+00  1.1434E+01 -6.6128E-01
  5.1025E+00  1.1567E+01 -7.3915E-01
  5.3383E+00  1.1860E+01 -9.2231E-01
  5.5228E+00  1.1978E+01 -7.4038E-01
  5.2219E+00  1.2359E+01 -7.9499E-01
  5.0132E+00  1.2348E+01 -3.7246E-01
  5.1368E+00  1.2495E+01 -3.3535E-01
  5.0791E+00  1.2350E+01 -2.3864E-01
  5.2703E+00 -1.2531E+01 -3.0767E-01
  5.6359E+00  1.2134E+01 -1.8999E-01
  5.4253E+00  1.1967E+01  1.1016E-01
  5.6724E+00  1.1968E+01 -1.2382E-01
  5.2196E+00  1.1644E+01  3.9721E-01
  4.8126E+00  1.2183E+01  4.9340E-01
  4.5538E+00  1.2307E+01  4.2229E-01
  4.4091E+00  1.2268E+01  2.2668E-01
  5.1535E+00  1.1678E+01  4.6477E-01
  5.4229E+00  1.1377E+01 -1.0164E-01
  5.0214E+00  1.1399E+01  4.5442E-01
  4.8844E+00  1.1622E+01  3.9643E-01
  5.0838E+00  1.1373E+01  1.0837E-01
  5.1790E+00  1.0997E+01 -8.6751E-01
  5.1084E+00  1.0832E+01 -1.0531E+00
  4.9799E+00  1.0787E+01 -1.2827E+00
  4.7996E+00  1.1121E+01 -1.4174E+00
  5.0228E+00  1.1227E+01 -1.1944E+00
  5.0308E+00  1.1334E+01 -1.1874E+00
  4.8381E+00  1.1561E+01 -1.1791E+00
  4.9153E+00  1.1507E+01 -1.0458E+00
  5.0079E+00  1.1473E+01 -1.1509E+00
  4.7065E+00  1.1370E+01 -1.4024E+00
  4.8761E+00  1.1242E+01 -1.3222E+00
  4.6658E+00  1.1791E+01 -1.3559E+00
  4.5757E+00  1.1310E+01 -1.7205E+00
  4.6493E+00  1.1084E+01 -1.8661E+00
  5.0164E+00  1.1213E+01 -1.8259E+00
  5.0343E+00  1.0827E+01 -1.9012E+00
  5.1049E+00  1.0775E+01 -1.7669E+00
  5.0760E+00  1.1023E+01 -1.5830E+00
  4.4956E+00  1.1846E+01 -1.5154E+00
  4.4070E+00  1.2370E+01 -6.6926E-01
  3.9665E+00  1.2186E+01 -9.1287E-01
  4.0458E+00  1.1980E+01 -1.2305E+00
  3.6054E+00 -1.2530E+01 -5.8757E-01
  3.7277E+00 -1.2190E+01 -3.0760E-01
  3.5266E+00 -1.2227E+01 -9.5679E-01
  3.2956E+00 -1.2364E+01 -1.0199E+00
  3.5020E+00 -1.1976E+01 -9.1017E-01
  3.5943E+00 -1.1686E+01 -4.8754E-01
  3.7465E+00 -1.1929E+01 -7.5675E-01
  3.3701E+00  1.2360E+01 -9.1719E-01
  3.3710E+00  1.2348E+01 -8.6168E-01
  3.6622E+00 -1.2477E+01 -6.2244E-01
  3.3078E+00  1.2571E+01 -2.2241E-01
  3.3963E+00  1.1878E+01 -3.4706E-01
  3.6117E+00  1.1676E+01 -2.9604E-01
