  6.0383E+00  1.1779E+01 -1.0170E+00
  6.5233E+00  1.2089E+01 -1.1494E+00
  5.7574E+00 -1.2583E+01 -1.1939E+00
  5.7177E+00  1.2260E+01 -1.5202E+00
  5.6284E+00  1.2511E+01 -1.2576E+00
  5.9791E+00 -1.2298E+01 -8.8546E-01
  6.2218E+00 -1.2364E+01 -1.1356E+00
  6.2492E+00 -1.2594E+01 -7.8536E-01
  6.3331E+00 -1.2504E+01 -1.1236E+00
  6.2066E+00  1.2241E+01 -1.0135E+00
  6.0680E+00  1.2075E+01 -6.3062E-01
  5.8949E+00  1.2087E+01 -4.2801E-01
  5.7665E+00  1.1926E+01 -1.5591E-01
  5.7521E+00  1.1978E+01  6.9565E-03
  5.7862E+00  1.1946E+01  1.3977E-01
  5.8169E+00  1.1734E+01  1.8268E-01
  5.7740E+00  1.1576E+01  3.0889E-01
  5.7696E+00  1.1702E+01  4.3619E-01
  5.7265E+00  1.1758E+01  6.4824E-01
  5.6633E+00  1.1895E+01  7.1762E-01
  5.8758E+00  1.2092E+01  1.0048E+00
  5.9329E+00  1.2398E+01  1.1845E+00
  5.9343E+00  1.2446E+01  1.0984E+00
  5.8949E+00  1.2357E+01  1.1024E+00
  5.7981E+00 -1.2484E+01  1.1461E+00
  5.7529E+00 -1.2291E+01  1.2826E+00
  5.8007E+00 -1.2066E+01  1.0896E+00
  5.7488E+00 -1.1635E+01  9.8160E-01
  5.6422E+00 -1.1307E+01  1.0846E+00
  5.5058E+00 -1.1487E+01  1.1997E+00
  5.1879E+00 -1.1195E+01  1.1653E+00
  5.0185E+00 -1.1263E+01  1.0828E+00
  4.8996E+00 -1.1146E+01  1.2533E+00
  5.1797E+00 -1.1130E+01  1.2350E+00
  5.0025E+00 -1.1090E+01  1.1327E+00
  4.8470E+00 -1.1201E+01  1.3321E+00
  5.0344E+00 -1.0902E+01  1.2336E+00
  4.8597E+00 -1.1122E+01  1.4562E+00
  4.6411E+00 -1.1110E+01  1.6115E+00
  4.5859E+00 -1.0914E+01  1.6476E+00
  4.2195E+00 -1.0892E+01  1.5685E+00
  4.4062E+00 -1.0992E+01  1.6478E+00
  4.5622E+00 -1.1217E+01  1.6929E+00
  4.5430E+00 -1.1209E+01  1.6300E+00
  4.6489E+00 -1.1168E+01  1.5981E+00
  4.5847E+00 -1.1118E+01  1.6465E+00
  4.4654E+00 -1.1055E+01  1.7542E+00
  4.5129E+00 -1.1072E+01  1.6076E+00
  4.4956E+00 -1.0926E+01  1.4483E+00
  4.5531E+00 -1.0730E+01  1.6138E+00
  4.4480E+00 -1.0847E+01  1.7881E+00
  4.2955E+00 -1.0796E+01  1.9490E+00
  4.4144E+00 -1.0897E+01  1.9644E+00
  4.2648E+00 -1.1245E+01  1.8343E+00
  4.2449E+00 -1.1186E+01  2.0291E+00
  3.8862E+00 -1.1670E+01  1.8603E+00
  3.7628E+00 -1.1935E+01  1.7892E+00
  3.8213E+00 -1.1598E+01  2.1068E+00
  3.7185E+00 -1.1907E+01  2.1376E+00
  3.7702E+00 -1.2173E+01  1.8616E+00
  3.7525E+00 -1.2519E+01  1.7857E+00
  3.6272E+00 -1.2434E+01  1.9833E+00
  3.6825E+00 -1.2223E+01  2.0269E+00
  3.8314E+00 -1.2351E+01  2.0072E+00
  4.0603E+00 -1.2140E+01  1.9270E+00
  3.9383E+00 -1.2286E+01  2.0975E+00
  3.8978E+00 -1.2353E+01  2.1858E+00
  4.0963E+00 -1.2141E+01  2.2842E+00
  4.3864E+00 -1.2283E+01  2.3338E+00
  4.5540E+00 -1.2495E+01  2.2617E+00
  4.7717E+00 -1.2561E+01  2.2614E+00
  4.7728E+00  1.2562E+01  2.2806E+00
  5.0437E+00  1.2478E+01  2.5155E+00
  5.0429E+00  1.2437E+01  2.5947E+00
  5.0301E+00  1.2330E+01  2.5229E+00
  5.1349E+00  1.2393E+01  2.6694E+00
  5.2331E+00  1.2368E+01  2.7246E+00
  5.1488E+00  1.2574E+01  2.4433E+00
  5.1064E+00 -1.2499E+01  2.3507E+00
  4.9273E+00 -1.2019E+01  2.3232E+00
  4.9324E+00 -1.2096E+01  2.2788E+00
  4.9026E+00 -1.1994E+01  2.2517E+00
  4.6646E+00 -1.1701E+01  2.0855E+00
  4.7890E+00 -1.1816E+01  2.1729E+00
  4.9353E+00 -1.1676E+01  2.2237E+00
  4.8449E+00 -1.1495E+01  2.0803E+00
  4.9842E+00 -1.1832E+01  2.1217E+00
  5.1092E+00 -1.1653E+01  2.1938E+00
  5.0475E+00 -1.1519E+01  1.9169E+00
  5.1391E+00 -1.1672E+01  1.9467E+00
  5.2670E+00 -1.1607E+01  1.8311E+00
  5.1666E+00 -1.1685E+01  1.5337E+00
  5.0366E+00 -1.1569E+01  1.3609E+00
  5.2679E+00 -1.1613E+01  1.3443E+00
  5.4686E+00 -1.1954E+01  1.3434E+00
  5.4896E+00 -1.1834E+01  8.2512E-01
  5.3065E+00 -1.1837E+01  2.6122E-01
  5.4349E+00 -1.1942E+01  5.5186E-01
  5.5057E+00 -1.1741E+01  4.7915E-01
  5.3861E+00 -1.1793E+01  5.2066E-01
  5.3886E+00 -1.1981E+01  2.4715E-01
  5.2194E+00 -1.1762E+01 -4.6723E-02
  5.0011E+00 -1.1557E+01 -1.1219E-01
  4.9776E+00 -1.1694E+01 -3.9435E-03
  5.0166E+00 -1.1901E+01 -2.6683E-01
  4.8581E+00 -1.1715E+01 -3.9223E-01
  4.7915E+00 -1.1603E+01 -4.8649E-02
  4.8314E+00 -1.1595E+01  4.1822E-01
  5.0767E+00 -1.2135E+01  6.2930E-01
  5.4776E+00 -1.2034E+01  5.0016E-01
  5.4804E+00 -1.2138E+01  5.3820E-01
  5.2724E+00 -1.1903E+01  4.9736E-01
  5.6816E+00 -1.2044E+01  1.0009E+00
  5.5130E+00 -1.2100E+01  8.5072E-01
  5.8680E+00  1.2471E+01  1.4565E+00
  5.7109E+00  1.2393E+01  1.3318E+00
  6.2187E+00 -1.2428E+01  1.3359E+00
  5.5636E+00  1.2301E+01  8.8248E-01
  6.1574E+00  1.2050E+01  1.1049E+00
  5.9578E+00  1.1751E+01  9.1166E-01
  5.8063E+00  1.1995E+01  1.2567E+00
  5.8174E+00  1.1160E+01  1.2778E+00
  5.7456E+00  1.0926E+01  1.4051E+00
  5.5352E+00  1.0952E+01  1.4560E+00
  5.6464E+00  1.0573E+01  1.4097E+00
  5.5194E+00  1.0857E+01  1.0243E+00
  5.3116E+00  1.1154E+01  8.6976E-01
  5.2881E+00  1.0949E+01  9.4666E-01
  5.1748E+00  1.1299E+01  8.7046E-01
  5.4179E+00  1.0863E+01  1.0544E+00
  5.4114E+00  1.1188E+01  8.4670E-01
  5.3339E+00  1.0746E+01  9.1810E-01
  4.8649E+00  1.0879E+01  1.5623E+00
  4.8675E+00  1.0574E+01  1.0359E+00
  4.6698E+00  1.0668E+01  1.7019E+00
  4.9543E+00  1.0539E+01  1.1129E+00
  5.0659E+00  1.0714E+01  1.0820E+00
  4.7904E+00  1.0610E+01  1.1516E+00
  4.9191E+00  1.0255E+01  1.1178E+00
  4.8212E+00  1.0394E+01  1.3513E+00
  4.9232E+00  1.0301E+01  1.1859E+00
  5.1420E+00  1.0258E+01  1.2069E+00
  5.1389E+00  1.0422E+01  9.5892E-01
  4.7445E+00  1.0536E+01  7.7197E-01
  4.9118E+00  1.0542E+01  8.9282E-01
  4.9251E+00  1.0487E+01  1.1070E+00
  4.6584E+00  1.0951E+01  1.3787E+00
  4.6255E+00  1.1029E+01  1.2355E+00
  4.8945E+00  1.0946E+01  1.2077E+00
  5.1168E+00  1.1072E+01  1.5285E+00
  5.1755E+00  1.1079E+01  1.7277E+00
  5.4774E+00  1.1082E+01  1.3788E+00
  5.2798E+00  1.1613E+01  1.2547E+00
  5.4018E+00  1.1825E+01  1.4156E+00
  5.4038E+00  1.2058E+01  1.3980E+00
  5.5525E+00  1.2264E+01  1.3105E+00
  5.6148E+00  1.2269E+01  1.1730E+00
  5.6118E+00  1.2467E+01  9.6449E-01
  5.3105E+00 -1.2311E+01  1.0526E+00
  5.1053E+00 -1.2274E+01  1.2160E+00
  4.9253E+00 -1.2170E+01  1.4557E+00
  5.0450E+00 -1.2078E+01  1.5983E+00
  5.4777E+00 -1.2217E+01  1.5827E+00
  5.2474E+00 -1.2176E+01  1.5626E+00
  5.0812E+00 -1.2327E+01  1.7686E+00
  5.3203E+00  1.2580E+01  1.4378E+00
  5.4290E+00  1.2415E+01  1.7810E+00
  5.0112E+00  1.2377E+01  1.6642E+00
  4.9600E+00  1.2276E+01  1.9493E+00
  5.2604E+00  1.2059E+01  1.5221E+00
  5.4156E+00  1.1838E+01  1.7842E+00
  5.0610E+00  1.2158E+01  1.8694E+00
  5.0418E+00  1.2067E+01  1.8737E+00
  5.8360E+00  1.1582E+01  1.9182E+00
  5.8926E+00  1.1773E+01  1.9299E+00
  5.5736E+00  1.1973E+01  1.9883E+00
  5.8520E+00  1.1796E+01  2.0714E+00
  5.7035E+00  1.1866E+01  2.0247E+00
  5.7533E+00  1.1693E+01  2.1473E+00
  5.3464E+00  1.1637E+01  2.2382E+00
  5.4928E+00  1.1181E+01  2.1347E+00
  5.1227E+00  1.1226E+01  2.4345E+00
  5.2816E+00  1.0976E+01  2.4876E+00
  5.4373E+00  1.1247E+01  2.1502E+00
  5.5984E+00  1.1389E+01  2.1697E+00
  5.4300E+00  1.1578E+01  2.2161E+00
  5.3130E+00  1.1390E+01  2.3251E+00
  5.4534E+00  1.1232E+01  2.0026E+00
  5.6111E+00  1.1219E+01  2.0836E+00
  5.6666E+00  1.1169E+01  2.2567E+00
  5.9386E+00  1.0907E+01  2.0137E+00
  5.8732E+00  1.1086E+01  2.2187E+00
  6.0178E+00  1.1268E+01  1.7713E+00
  6.1416E+00  1.1446E+01  1.9720E+00
  5.9820E+00  1.1870E+01  2.0018E+00
  6.0419E+00  1.1641E+01  1.7315E+00
  5.9427E+00  1.2073E+01  1.8544E+00
  5.7266E+00  1.2309E+01  1.9016E+00
  5.5161E+00  1.2524E+01  2.0861E+00
  5.6003E+00  1.2286E+01  1.8365E+00
  5.4182E+00  1.2424E+01  1.8777E+00
  5.4294E+00 -1.2569E+01  1.7319E+00
  5.2185E+00  1.2497E+01  1.6580E+00
  5.1331E+00  1.1991E+01  1.9092E+00
  5.2055E+00  1.2473E+01  1.6703E+00
  5.3617E+00  1.2455E+01  1.8747E+00
  5.4498E+00  1.2045E+01  1.4108E+00
  5.5329E+00  1.1558E+01  1.9140E+00
  5.4136E+00  1.1549E+01  1.6003E+00
  4.9203E+00  1.2213E+01  1.8340E+00
  5.2787E+00  1.1943E+01  1.8558E+00
  5.5608E+00  1.1517E+01  2.1223E+00
  5.6634E+00  1.1258E+01  2.0420E+00
  5.5710E+00  1.1725E+01  1.9848E+00
  5.3516E+00  1.1729E+01  1.5154E+00
  5.4242E+00  1.1450E+01  1.5851E+00
  5.2386E+00  1.1758E+01  1.5713E+00
  5.0522E+00  1.1882E+01  1.6545E+00
  5.3212E+00  1.1831E+01  1.4655E+00
  5.0688E+00  1.1947E+01  1.5393E+00
  5.2035E+00  1.1760E+01  1.3278E+00
  5.2887E+00  1.1959E+01  1.2529E+00
  5.0658E+00  1.2021E+01  1.4842E+00
  5.1686E+00  1.1563E+01  1.4779E+00
  4.8802E+00  1.1765E+01  1.4109E+00
  4.8115E+00  1.1961E+01  1.6178E+00
  5.1066E+00  1.1677E+01  1.3978E+00
  4.9171E+00  1.1565E+01  1.4862E+00
  4.4723E+00  1.1569E+01  2.4122E+00
  4.3951E+00  1.1326E+01  2.3130E+00
  4.7146E+00  1.1059E+01  2.3496E+00
  5.0650E+00  1.0881E+01  1.7787E+00
  4.7999E+00  1.1319E+01  1.6766E+00
  5.0869E+00  1.1574E+01  1.6643E+00
  5.3195E+00  1.1433E+01  1.4638E+00
  5.1706E+00  1.1730E+01  1.5187E+00
  5.3264E+00  1.1783E+01  1.5434E+00
  5.1936E+00  1.1726E+01  1.2850E+00
  5.3131E+00  1.1811E+01  1.4541E+00
  5.2280E+00  1.1798E+01  1.3860E+00
  4.9848E+00  1.1751E+01  1.2096E+00
  5.0053E+00  1.1734E+01  1.1994E+00
  4.9184E+00  1.1666E+01  1.1024E+00
  5.0083E+00  1.1733E+01  1.2028E+00
  5.1708E+00  1.1561E+01  1.0630E+00
  5.4385E+00  1.1463E+01  1.4028E+00
  5.5418E+00  1.1397E+01  1.5118E+00
  5.3651E+00  1.1559E+01  1.2630E+00
  5.2476E+00  1.1903E+01  1.1524E+00
  5.2433E+00  1.1855E+01  1.0604E+00
  5.0515E+00  1.1753E+01  1.2676E+00
  4.8087E+00  1.2071E+01  1.2214E+00
  4.9777E+00  1.1843E+01  1.1758E+00
  5.1349E+00  1.1829E+01  1.0656E+00
  4.8058E+00  1.2070E+01  1.2898E+00
  4.5513E+00  1.1931E+01  1.1128E+00
  4.8933E+00  1.1906E+01  1.2270E+00
  5.0591E+00  1.1840E+01  1.1136E+00
  4.8806E+00  1.1838E+01  1.1001E+00
  4.9654E+00  1.1963E+01  1.1630E+00
  5.2439E+00  1.2069E+01  9.6581E-01
  5.5160E+00  1.1812E+01  1.1544E+00
  4.8580E+00  1.2214E+01  1.3229E+00
  5.4262E+00  1.1774E+01  1.0004E+00
  5.0492E+00  1.2212E+01  1.2940E+00
  5.6845E+00  1.1742E+01  9.9510E-01
  5.6828E+00  1.1783E+01  6.5144E-01
  5.6195E+00  1.1639E+01  5.9205E-01
  5.5592E+00  1.1686E+01  7.8256E-01
  5.3690E+00  1.1691E+01  5.8518E-01
  4.7369E+00  1.2246E+01  5.5171E-01
  4.7864E+00  1.2271E+01  6.0630E-01
  4.5224E+00  1.2331E+01  7.3628E-01
  4.4850E+00  1.2500E+01  7.7758E-01
  4.5273E+00  1.2459E+01  8.5467E-01
  4.4441E+00  1.2315E+01  9.3113E-01
  4.7741E+00  1.2177E+01  1.0715E+00
  4.8076E+00  1.2057E+01  1.0787E+00
  4.8950E+00  1.1903E+01  1.1199E+00
  4.7002E+00  1.1906E+01  1.1223E+00
  4.7474E+00  1.1728E+01  1.1206E+00
  4.4040E+00  1.1851E+01  1.0916E+00
  4.1710E+00  1.1809E+01  1.1665E+00
  3.9211E+00  1.1912E+01  1.0893E+00
  4.0355E+00  1.1948E+01  1.0896E+00
  3.8575E+00  1.1924E+01  1.2619E+00
  3.5482E+00  1.2054E+01  8.9740E-01
  3.9506E+00  1.1913E+01  6.2400E-01
  3.9959E+00  1.1814E+01  4.3753E-01
  4.3633E+00  1.1702E+01  4.5960E-01
  4.8617E+00  1.1319E+01  1.5529E-01
  4.6735E+00  1.1625E+01 -3.9656E-02
  4.9193E+00  1.1310E+01 -1.2445E-01
  4.6936E+00  1.1657E+01 -2.0562E-01
  5.0067E+00  1.1591E+01 -8.2692E-02
  5.0553E+00  1.1565E+01  7.5284E-02
  4.7738E+00  1.1604E+01  1.4493E-01
  4.4783E+00  1.1843E+01  1.7039E-01
  4.7587E+00  1.1776E+01  2.2998E-01
  4.7556E+00  1.1805E+01  1.9251E-01
  4.3862E+00  1.2076E+01  3.1167E-01
  4.1651E+00  1.2275E+01  2.8453E-01
  4.3334E+00  1.2119E+01  1.5083E-01
  4.1998E+00  1.2075E+01  8.6695E-02
  4.3710E+00  1.1918E+01  1.6955E-01
  4.3662E+00  1.2024E+01  1.2276E-01
  4.3969E+00  1.1609E+01 -1.9877E-01
  4.6144E+00  1.1546E+01 -2.9402E-01
  4.6042E+00  1.1557E+01 -3.5880E-01
  4.4518E+00  1.1483E+01 -6.2600E-01
  4.5173E+00  1.1495E+01 -6.6095E-01
  4.4695E+00  1.1791E+01 -6.0251E-01
  4.2976E+00  1.1651E+01 -9.6631E-01
  4.5364E+00  1.1475E+01 -1.0834E+00
  4.5398E+00  1.1607E+01 -1.2469E+00
  4.4634E+00  1.1674E+01 -1.3161E+00
  4.6438E+00  1.1539E+01 -1.3316E+00
  4.4468E+00  1.1421E+01 -1.3712E+00
  4.4678E+00  1.1438E+01 -1.1854E+00
  4.4438E+00  1.1380E+01 -1.2540E+00
  4.2846E+00  1.1407E+01 -1.2899E+00
  4.4240E+00  1.1354E+01 -1.0569E+00
  3.9793E+00  1.1914E+01 -1.3420E+00
  4.5838E+00  1.1537E+01 -1.0779E+00
  4.2333E+00  1.1652E+01 -1.4296E+00
  4.7709E+00  1.1589E+01 -1.3392E+00
  4.5789E+00  1.1708E+01 -1.6282E+00
  4.8602E+00  1.1629E+01 -1.6086E+00
  5.0070E+00  1.1908E+01 -1.6758E+00
  5.1802E+00  1.1706E+01 -1.6656E+00
  5.0008E+00  1.1907E+01 -1.9099E+00
  5.1505E+00  1.1512E+01 -1.8250E+00
  5.1712E+00  1.1583E+01 -1.9289E+00
  5.5417E+00  1.1368E+01 -1.8337E+00
  5.4866E+00  1.1309E+01 -1.9603E+00
  5.7269E+00  1.1038E+01 -1.7565E+00
  5.8809E+00  1.1154E+01 -1.6820E+00
  5.7430E+00  1.1340E+01 -1.8481E+00
  5.7140E+00  1.0958E+01 -1.8141E+00
  5.8735E+00  1.0994E+01 -2.0432E+00
  5.8512E+00  1.0898E+01 -2.1575E+00
  5.9524E+00  1.0926E+01 -2.0699E+00
  5.9397E+00  1.0836E+01 -2.1060E+00
  6.0110E+00  1.1008E+01 -2.0745E+00
  6.0321E+00  1.1123E+01 -2.0519E+00
  5.9308E+00  1.1246E+01 -1.9569E+00
  5.8555E+00  1.1114E+01 -2.1254E+00
  5.5764E+00  1.1378E+01 -2.1223E+00
  5.4503E+00  1.1294E+01 -1.8363E+00
  5.4742E+00  1.2172E+01 -1.7968E+00
  5.3257E+00  1.1584E+01 -1.5212E+00
  4.9234E+00  1.1869E+01 -1.6588E+00
  5.4990E+00  1.1597E+01 -1.3460E+00
  5.2506E+00  1.1873E+01 -1.6238E+00
  5.2348E+00  1.1605E+01 -1.3407E+00
  4.5861E+00  1.2093E+01 -1.1615E+00
  4.8328E+00  1.1973E+01 -1.0222E+00
  4.9055E+00  1.1654E+01 -9.1512E-01
  5.2435E+00  1.1554E+01 -6.8612E-01
  5.1054E+00  1.1538E+01 -8.9293E-01
  4.9905E+00  1.1586E+01 -1.0310E+00
  4.2762E+00  1.1750E+01 -1.0059E+00
  4.7163E+00  1.1313E+01 -1.0192E+00
  4.4969E+00  1.1563E+01 -1.0591E+00
  4.2532E+00  1.1780E+01 -1.0817E+00
  4.1321E+00  1.2080E+01 -8.0811E-01
  4.6137E+00  1.2084E+01 -3.7574E-01
  5.0894E+00  1.1751E+01 -1.2954E-01
  5.1145E+00  1.1876E+01 -1.5133E-01
  4.8126E+00  1.2407E+01 -2.8059E-01
  4.9695E+00  1.2533E+01 -2.7564E-01
  5.0508E+00  1.2297E+01  1.1873E-01
  4.7805E+00  1.2429E+01  1.3893E-01
  4.8364E+00  1.2215E+01  1.5038E-01
  5.2393E+00  1.1713E+01 -3.4740E-02
  5.1455E+00  1.1706E+01  8.6527E-02
  5.1660E+00  1.1413E+01  1.4692E-02
  4.9339E+00  1.1693E+01 -3.0716E-01
  4.7278E+00  1.2002E+01 -6.7315E-01
  4.6565E+00  1.1762E+01 -4.6893E-01
  4.9884E+00  1.1779E+01 -7.3306E-01
  5.1789E+00  1.1795E+01 -6.5913E-01
  5.1898E+00  1.1763E+01 -2.7477E-01
  5.4940E+00  1.1435E+01 -4.6322E-01
  5.4698E+00  1.1301E+01 -6.8661E-01
  5.2561E+00  1.1808E+01 -2.3000E-01
  5.0777E+00  1.2008E+01 -1.3203E-01
  4.9534E+00  1.2062E+01 -2.8744E-01
  4.8624E+00  1.2015E+01 -2.9314E-01
  4.6703E+00  1.2241E+01 -2.9942E-01
  4.5125E+00  1.2365E+01 -2.6347E-01
  4.4603E+00  1.2356E+01 -1.3158E-01
  4.5056E+00  1.2320E+01 -3.3257E-01
  4.5651E+00  1.2096E+01 -2.7778E-01
  4.5668E+00  1.2071E+01 -4.7331E-02
  4.5378E+00  1.1778E+01 -9.6073E-02
  4.4034E+00  1.1690E+01  1.9150E-01
  4.4932E+00  1.1718E+01  1.5192E-01
  4.7046E+00  1.1635E+01  3.6115E-01
  4.8555E+00  1.1776E+01  5.4959E-01
