  9.0533E+00  6.7715E+00  2.4340E-02
  9.0134E+00  6.4614E+00 -1.0316E+00
  7.8344E+00  5.5650E+00 -9.1865E-01
  7.5170E+00  6.1444E+00 -3.1089E-01
  7.5165E+00  5.3993E+00 -8.3539E-02
  7.4276E+00  5.6581E+00 -7.7973E-01
  7.6275E+00  5.7513E+00  7.1240E-02
  7.5968E+00  6.1715E+00  6.6699E-02
  7.5943E+00  6.3859E+00  9.6402E-02
  7.7373E+00  6.4080E+00  1.6531E-01
  7.8875E+00  6.6710E+00  4.8997E-01
  7.9292E+00  6.6223E+00  5.6843E-01
  7.8872E+00  6.6067E+00  5.7490E-01
  7.9175E+00  6.6733E+00  7.7902E-01
  7.9156E+00  6.7899E+00  9.3126E-01
  7.8794E+00  6.8877E+00  6.6240E-01
  7.7898E+00  6.8768E+00  6.7105E-01
  7.6958E+00  6.8991E+00  8.4652E-01
  7.5481E+00  6.7962E+00  7.3652E-01
  7.4779E+00  6.7404E+00  6.8951E-01
  7.3588E+00  6.7110E+00  7.1221E-01
  7.1049E+00  6.6447E+00  5.7815E-01
  7.0580E+00  6.6186E+00  4.5737E-02
  7.2068E+00  6.3287E+00  1.4039E-01
  7.4940E+00  6.6277E+00  1.0692E-01
  7.3587E+00  6.7571E+00 -2.0431E-03
  7.8355E+00  6.6702E+00 -9.7075E-02
  7.9741E+00  7.0021E+00 -5.4278E-01
  7.7067E+00  7.3446E+00 -6.9629E-01
  7.8569E+00  7.3283E+00 -4.7371E-01
  7.6421E+00  7.6836E+00 -5.7720E-01
  7.9323E+00  8.1381E+00 -1.3110E+00
  8.5143E+00  8.7808E+00 -1.3842E+00
  8.1047E+00  8.3978E+00 -8.6203E-01
  7.6718E+00  8.3447E+00 -2.8278E-01
  7.7072E+00  8.3878E+00 -3.4023E-01
  7.7840E+00  8.3506E+00  3.2596E-02
  7.9545E+00  8.6079E+00 -2.1426E-01
  8.0034E+00  8.5937E+00  2.1420E-01
  7.5739E+00  8.9475E+00  7.4488E-02
  7.7558E+00  8.5576E+00  8.9079E-02
  7.7206E+00  8.5262E+00  2.0333E-01
  7.7469E+00  8.5859E+00  2.0942E-01
  7.9750E+00  8.3874E+00  3.8940E-01
  8.0296E+00  8.2794E+00  2.1149E-01
  8.1064E+00  8.4288E+00  3.8884E-01
  8.4338E+00  8.2181E+00  3.2607E-01
  8.4854E+00  8.4015E+00  4.1438E-01
  8.5075E+00  8.5274E+00  1.0139E-01
  8.5440E+00  8.3507E+00  2.9698E-01
  8.3699E+00  8.3464E+00  7.2338E-02
  8.2125E+00  8.4023E+00  1.3775E-01
  8.3667E+00  7.9862E+00  4.8007E-01
  8.5563E+00  8.3923E+00  1.0936E+00
  8.9674E+00  8.6334E+00  1.3851E+00
  9.0235E+00  8.7989E+00  1.1801E+00
  9.0330E+00  8.7540E+00  1.3089E+00
  8.4313E+00  8.5535E+00  9.6719E-01
  8.2005E+00  7.9962E+00  7.1808E-01
  8.3549E+00  7.9835E+00  5.9953E-01
  8.2113E+00  8.1800E+00  6.8454E-01
  8.0715E+00  8.1681E+00  8.9163E-01
  8.1818E+00  8.3173E+00  1.1900E+00
  8.0822E+00  8.3074E+00  1.0956E+00
  7.9912E+00  8.1578E+00  8.6581E-01
  7.9401E+00  7.8741E+00  7.6177E-01
  8.1432E+00  7.8662E+00  9.1812E-01
  7.8895E+00  7.9406E+00  9.2081E-01
  7.8396E+00  7.7926E+00  1.0064E+00
  7.8819E+00  7.7614E+00  1.1688E+00
  7.7577E+00  7.8141E+00  9.3430E-01
  7.8348E+00  7.6671E+00  8.8485E-01
  7.8382E+00  7.7907E+00  1.0390E+00
  7.7225E+00  7.9946E+00  1.0914E+00
  7.7055E+00  7.8443E+00  1.0512E+00
  7.7204E+00  7.5795E+00  1.0372E+00
  7.4450E+00  7.4940E+00  1.0608E+00
  7.2645E+00  7.6429E+00  9.2647E-01
  7.4657E+00  7.0469E+00  9.2657E-01
  7.4202E+00  6.9256E+00  7.0985E-01
  7.5608E+00  7.3561E+00  1.0302E+00
  7.6734E+00  7.1908E+00  1.0749E+00
  7.7549E+00  7.0421E+00  5.3869E-01
  8.0143E+00  6.9822E+00  9.7197E-01
  7.7600E+00  7.5027E+00  8.8648E-01
  7.8070E+00  7.3368E+00  1.2643E+00
  7.7292E+00  7.3779E+00  8.0491E-01
  7.8798E+00  7.2403E+00  1.2650E+00
  7.8076E+00  7.1706E+00  1.0732E+00
  7.6257E+00  7.5315E+00  1.6038E+00
  7.2821E+00  7.4220E+00  1.3046E+00
  7.2352E+00  7.4687E+00  1.4288E+00
  7.2313E+00  7.6399E+00  1.1773E+00
  7.1952E+00  7.5099E+00  1.2128E+00
  7.2547E+00  7.6750E+00  1.2883E+00
  7.5443E+00  7.7640E+00  1.2229E+00
  7.6205E+00  7.4445E+00  1.2830E+00
  7.4756E+00  7.4697E+00  1.5344E+00
  7.4086E+00  7.2950E+00  1.8204E+00
  7.3559E+00  7.5278E+00  1.6363E+00
  7.2352E+00  7.6000E+00  1.4034E+00
  7.3108E+00  7.3100E+00  1.3433E+00
  7.4172E+00  7.5797E+00  1.1712E+00
  7.3794E+00  7.6263E+00  1.1018E+00
  7.2348E+00  7.9740E+00  9.0317E-01
  7.1343E+00  7.7950E+00  1.1124E+00
  7.1785E+00  8.0904E+00  1.3979E+00
  7.3726E+00  7.6650E+00  1.4968E+00
  7.3187E+00  7.8101E+00  1.6514E+00
  7.4019E+00  8.2302E+00  1.3800E+00
  7.1411E+00  7.7372E+00  1.6476E+00
  7.2220E+00  8.1246E+00  1.6564E+00
  7.1995E+00  8.0316E+00  1.6636E+00
  7.0031E+00  8.0747E+00  1.6634E+00
  6.6612E+00  8.1585E+00  1.8760E+00
  6.7656E+00  8.1969E+00  1.7269E+00
  6.8695E+00  8.2845E+00  1.5314E+00
  6.7469E+00  8.6190E+00  1.6026E+00
  6.5497E+00  8.4956E+00  1.4232E+00
  6.3833E+00  8.3342E+00  1.5465E+00
  6.4322E+00  8.3004E+00  1.3740E+00
  6.3974E+00  8.3285E+00  1.4995E+00
  6.4194E+00  8.4172E+00  1.5313E+00
  6.5251E+00  8.2864E+00  1.6983E+00
  6.6455E+00  8.3481E+00  1.7890E+00
  6.6781E+00  8.3879E+00  1.5104E+00
  6.8439E+00  8.3291E+00  1.6146E+00
  6.8868E+00  8.1293E+00  2.1110E+00
  7.1328E+00  8.0388E+00  1.7567E+00
  7.7760E+00  7.8206E+00  2.7295E+00
  8.2128E+00  7.5857E+00  2.8005E+00
  8.0169E+00  7.6399E+00  2.6433E+00
  8.4846E+00  7.7267E+00  3.0435E+00
  9.2244E+00  7.4436E+00  2.8075E+00
  8.8434E+00  7.8043E+00  3.1721E+00
  9.1113E+00  7.7993E+00  2.9096E+00
  9.9733E+00  8.3336E+00  2.0122E+00
  9.4751E+00  8.1015E+00  2.7188E+00
  9.2182E+00  8.3466E+00  2.6734E+00
  9.0494E+00  8.1246E+00  2.5274E+00
  8.0190E+00  8.1686E+00  2.1138E+00
  8.0120E+00  8.2724E+00  2.3694E+00
  8.0227E+00  8.1474E+00  2.2661E+00
  8.0381E+00  7.9065E+00  2.4338E+00
  7.8953E+00  7.8957E+00  2.3776E+00
  7.5892E+00  8.3658E+00  2.8168E+00
  7.8171E+00  8.1683E+00  2.4265E+00
  7.6971E+00  8.7848E+00  2.2356E+00
  7.3354E+00  8.8486E+00  2.7824E+00
  7.2280E+00  8.7844E+00  2.4168E+00
  7.3328E+00  9.0890E+00  2.0731E+00
  7.2647E+00  9.0468E+00  2.2092E+00
  7.1608E+00  8.8741E+00  2.1036E+00
  7.3883E+00  8.8337E+00  2.0514E+00
  7.4596E+00  8.5498E+00  2.1235E+00
  7.3376E+00  8.6975E+00  1.8470E+00
  7.4113E+00  8.1843E+00  2.0531E+00
  6.9107E+00  8.6216E+00  1.7950E+00
  6.6861E+00  8.0798E+00  1.7637E+00
  6.4131E+00  8.1611E+00  1.8489E+00
  6.2132E+00  8.6813E+00  2.3474E+00
  6.2731E+00  8.1145E+00  1.9193E+00
  6.1278E+00  8.1619E+00  1.6433E+00
  5.8587E+00  8.6372E+00  1.8921E+00
  6.0251E+00  8.3557E+00  2.1248E+00
  6.1952E+00  8.4999E+00  1.1658E+00
  6.4219E+00  8.2064E+00  1.3774E+00
  6.5133E+00  8.1298E+00  1.6608E+00
  6.7935E+00  7.7262E+00  1.2398E+00
  6.7078E+00  7.9771E+00  1.1912E+00
  6.5609E+00  8.0200E+00  1.1816E+00
  6.5475E+00  7.9645E+00  1.7289E+00
  6.4118E+00  8.0866E+00  1.5043E+00
  6.3537E+00  8.3578E+00  1.9679E+00
  6.3132E+00  8.4157E+00  1.9605E+00
  6.5605E+00  8.2272E+00  1.8815E+00
  6.5732E+00  8.1841E+00  2.0250E+00
  6.6265E+00  8.6468E+00  1.6852E+00
  6.9179E+00  8.6144E+00  1.8877E+00
  6.9535E+00  8.6944E+00  1.4876E+00
  6.9285E+00  8.3700E+00  1.6388E+00
  7.2710E+00  8.3110E+00  1.4163E+00
  7.1321E+00  8.6156E+00  1.2368E+00
  7.1626E+00  8.2934E+00  1.1479E+00
  7.2333E+00  8.4009E+00  9.1418E-01
  7.0804E+00  8.6459E+00  8.4315E-01
  6.8385E+00  8.5783E+00  8.3100E-01
  6.6868E+00  8.6835E+00  1.1160E+00
  6.7056E+00  8.6126E+00  1.3241E+00
  6.7025E+00  8.5216E+00  1.1898E+00
  6.7120E+00  8.7228E+00  1.2943E+00
  6.7140E+00  8.5459E+00  1.1753E+00
  6.7642E+00  8.5811E+00  9.3044E-01
  6.5789E+00  8.6879E+00  1.6712E+00
  6.5379E+00  8.4884E+00  1.5359E+00
  6.7400E+00  8.2294E+00  1.5163E+00
  6.8812E+00  7.9693E+00  1.4963E+00
  6.6676E+00  8.3664E+00  1.5289E+00
  6.7494E+00  8.0349E+00  1.6377E+00
  6.5433E+00  8.0511E+00  2.0267E+00
  6.4229E+00  8.1779E+00  1.9330E+00
  6.5952E+00  7.9162E+00  2.3049E+00
  6.5602E+00  7.8317E+00  2.4331E+00
  6.4402E+00  7.9046E+00  2.2165E+00
  6.5553E+00  7.8690E+00  2.3414E+00
  6.6155E+00  7.7380E+00  1.9244E+00
  6.6591E+00  8.1621E+00  1.8679E+00
  6.7322E+00  8.0199E+00  1.7255E+00
  6.5459E+00  7.9855E+00  1.4367E+00
  6.7509E+00  7.7577E+00  1.5417E+00
  6.5277E+00  8.0396E+00  1.3150E+00
  6.5145E+00  8.2641E+00  1.0304E+00
  6.5378E+00  7.9998E+00  1.3821E+00
  6.4643E+00  8.1904E+00  1.5885E+00
  6.5185E+00  8.2775E+00  1.4060E+00
  6.5613E+00  8.1396E+00  1.2168E+00
  6.5759E+00  8.4924E+00  1.7028E+00
  6.4635E+00  8.1164E+00  1.3681E+00
  6.4669E+00  8.3875E+00  1.3877E+00
  6.5835E+00  8.1797E+00  1.7006E+00
  6.7982E+00  8.2851E+00  1.9999E+00
  6.7561E+00  8.3101E+00  1.8774E+00
  6.8254E+00  8.1700E+00  2.0998E+00
  6.8677E+00  8.2482E+00  1.9324E+00
  6.9636E+00  8.2543E+00  1.9388E+00
  7.0404E+00  8.2235E+00  1.9445E+00
  7.0033E+00  8.1228E+00  1.7981E+00
  7.3023E+00  8.0541E+00  1.7817E+00
  7.3928E+00  8.4346E+00  1.7317E+00
  7.3428E+00  8.1691E+00  1.4257E+00
  7.1910E+00  8.3886E+00  1.8574E+00
  7.0368E+00  8.5150E+00  1.4387E+00
  6.9082E+00  8.9337E+00  1.6330E+00
  6.5278E+00  8.6301E+00  1.2602E+00
  6.5674E+00  8.6326E+00  1.5380E+00
  6.2696E+00  8.9650E+00  9.1008E-01
  6.7229E+00  8.6691E+00  1.0226E+00
  6.8505E+00  8.7974E+00  8.3289E-01
  7.0657E+00  8.5404E+00  4.8149E-01
  7.1833E+00  8.7171E+00  7.0578E-01
  7.3743E+00  8.6893E+00  7.3253E-01
  7.3262E+00  8.7822E+00  6.6450E-01
  7.3633E+00  8.9051E+00  8.9872E-01
  7.2454E+00  9.0289E+00  8.6774E-01
  7.2074E+00  9.1192E+00  9.0629E-01
  7.3149E+00  9.2505E+00  1.0297E+00
  7.0973E+00  9.3588E+00  9.3966E-01
  7.0920E+00  9.1530E+00  9.2760E-01
  7.2999E+00  8.8496E+00  9.7797E-01
  7.0354E+00  8.8001E+00  8.3015E-01
  7.0230E+00  8.8774E+00  1.0193E+00
  7.0715E+00  8.6337E+00  8.3462E-01
  6.8839E+00  8.5245E+00  4.4372E-01
  6.6937E+00  8.6879E+00 -1.3534E-01
  6.5447E+00  8.4824E+00 -2.5331E-01
  6.6743E+00  8.6430E+00 -3.9406E-01
  6.7090E+00  9.0489E+00 -1.6766E-01
  6.7857E+00  8.5641E+00 -4.1125E-01
  6.8807E+00  8.6470E+00 -1.3379E-01
  7.0625E+00  8.5155E+00  7.3333E-04
  7.1633E+00  8.6918E+00  4.6020E-02
  7.3012E+00  8.3751E+00  2.7060E-01
  6.5745E+00  8.6658E+00 -2.5008E-01
  6.5731E+00  8.7326E+00 -4.9989E-01
  6.8281E+00  9.2718E+00 -2.1333E-01
  7.1122E+00  9.1121E+00  2.5496E-01
  6.7332E+00  9.2753E+00 -8.8410E-02
  6.7973E+00  9.3012E+00  5.0747E-01
  6.9873E+00  9.5081E+00  5.5560E-01
  6.9725E+00  9.0312E+00  5.2593E-01
  6.6688E+00  9.2871E+00  7.1274E-01
  6.7183E+00  9.4635E+00  1.1613E+00
  6.7176E+00  9.2401E+00  1.2945E+00
  6.7022E+00  9.3476E+00  1.0550E+00
  6.5551E+00  9.2659E+00  8.5930E-01
  6.6549E+00  9.3526E+00  1.0014E+00
  6.7106E+00  9.3178E+00  1.0837E+00
  6.8884E+00  9.3312E+00  1.1003E+00
  6.8163E+00  9.0570E+00  9.8281E-01
  6.8723E+00  8.9754E+00  9.4111E-01
  6.8796E+00  9.0040E+00  8.3479E-01
  6.8154E+00  8.6272E+00  8.4584E-01
  6.7426E+00  8.6681E+00  8.4238E-01
  6.8683E+00  8.6182E+00  8.3127E-01
  6.6427E+00  8.8803E+00  7.8225E-01
  6.5817E+00  9.0523E+00  9.5689E-01
  6.4739E+00  8.7438E+00  9.8698E-01
  6.3105E+00  9.1699E+00  8.0154E-01
  5.9821E+00  9.0710E+00  6.8459E-01
  5.9331E+00  8.5462E+00  7.2522E-01
  5.9664E+00  8.7230E+00  9.7753E-01
  5.7794E+00  8.6940E+00  1.0406E+00
  5.8358E+00  8.8591E+00  8.7496E-01
  6.1661E+00  8.3863E+00  1.1083E+00
  6.2713E+00  8.4653E+00  8.4134E-01
  6.8553E+00  8.0142E+00  8.8618E-01
  6.7724E+00  8.1782E+00  1.2820E+00
  6.7402E+00  8.0661E+00  1.7460E+00
  6.9058E+00  7.6946E+00  2.1074E+00
  6.5530E+00  8.1016E+00  2.3694E+00
  6.8041E+00  8.0701E+00  2.5291E+00
  6.9538E+00  7.8958E+00  2.7875E+00
  6.8982E+00  7.5215E+00  2.9823E+00
  6.8966E+00  7.8071E+00  3.0932E+00
  7.0421E+00  7.7288E+00  3.2370E+00
  6.9679E+00  7.6594E+00  2.9524E+00
  6.9607E+00  8.0540E+00  3.2036E+00
  7.2839E+00  7.5290E+00  3.4397E+00
  7.3431E+00  7.6336E+00  4.4776E+00
  7.5457E+00  7.4640E+00  4.0646E+00
  7.7311E+00  7.3235E+00  3.8576E+00
  8.2147E+00  6.7269E+00  3.8260E+00
  8.2126E+00  7.1497E+00  3.7273E+00
  8.1983E+00  7.3647E+00  3.7191E+00
  8.2075E+00  7.3753E+00  3.7212E+00
  8.4933E+00  7.4342E+00  3.7546E+00
  8.6587E+00  7.4331E+00  3.8471E+00
  8.1466E+00  7.4716E+00  3.7541E+00
  8.4991E+00  7.3797E+00  3.8078E+00
  8.2916E+00  7.3660E+00  3.6689E+00
  8.2871E+00  7.3286E+00  3.6184E+00
  8.2862E+00  7.1176E+00  3.6446E+00
  8.3364E+00  7.1425E+00  3.5729E+00
  8.3274E+00  7.1404E+00  3.3689E+00
  8.2583E+00  7.2203E+00  3.2090E+00
  8.8635E+00  7.2780E+00  3.4452E+00
  8.6128E+00  7.2356E+00  3.2087E+00
  8.5583E+00  7.4988E+00  3.0442E+00
  8.7554E+00  7.7936E+00  3.1095E+00
  8.8161E+00  7.7401E+00  2.9027E+00
  8.6100E+00  8.3654E+00  2.8585E+00
  8.6375E+00  7.8833E+00  3.5533E+00
  8.2842E+00  8.1293E+00  3.1620E+00
  8.7120E+00  8.1185E+00  3.6015E+00
  8.0677E+00  8.5515E+00  3.7507E+00
  7.8537E+00  8.1762E+00  3.6633E+00
  7.6966E+00  8.2711E+00  3.9376E+00
  7.4889E+00  8.2881E+00  4.5489E+00
  7.4380E+00  8.1669E+00  4.2914E+00
  7.4187E+00  8.1962E+00  4.1794E+00
  7.6992E+00  8.4875E+00  3.9475E+00
  7.2475E+00  8.5699E+00  3.8455E+00
  7.3879E+00  8.8823E+00  3.8318E+00
  7.2079E+00  8.5494E+00  3.5483E+00
  6.9150E+00  8.2900E+00  3.4297E+00
  6.7804E+00  8.3182E+00  3.3800E+00
  7.0587E+00  8.5810E+00  3.1362E+00
  7.2081E+00  8.5941E+00  3.4257E+00
  7.1615E+00  8.6462E+00  2.8784E+00
  7.0973E+00  8.3338E+00  3.1082E+00
  7.3041E+00  7.9156E+00  2.6256E+00
  7.1140E+00  7.7681E+00  3.3942E+00
  7.4728E+00  7.6351E+00  2.5233E+00
  7.2044E+00  7.9105E+00  3.0816E+00
  7.2319E+00  7.7738E+00  2.6330E+00
  6.9924E+00  7.6332E+00  2.9778E+00
  7.2713E+00  7.6575E+00  2.8147E+00
  7.0605E+00  7.7001E+00  2.9353E+00
  6.9231E+00  7.4301E+00  3.0132E+00
  6.8325E+00  7.3251E+00  2.9960E+00
  6.6763E+00  7.6338E+00  3.1439E+00
  6.6662E+00  8.0108E+00  3.2625E+00
  6.5334E+00  8.0323E+00  2.9464E+00
  6.7950E+00  8.4416E+00  3.4960E+00
  6.8031E+00  8.4904E+00  3.4507E+00
  6.8293E+00  8.6105E+00  3.6987E+00
  6.4343E+00  8.7049E+00  3.9125E+00
  6.8961E+00  8.8126E+00  3.9246E+00
  7.1290E+00  8.6255E+00  3.9902E+00
  6.8093E+00  8.5460E+00  4.2467E+00
  6.9987E+00  8.5953E+00  4.4498E+00
  6.7411E+00  8.6414E+00  4.3817E+00
  7.0790E+00  8.3992E+00  4.2507E+00
  6.6751E+00  8.3658E+00  4.2362E+00
  6.7728E+00  8.7391E+00  4.1473E+00
  6.4732E+00  8.5576E+00  3.9218E+00
  6.7974E+00  9.0552E+00  3.9249E+00
  6.4842E+00  8.5227E+00  3.7223E+00
  6.2903E+00  8.3451E+00  4.0657E+00
  6.3013E+00  8.2100E+00  3.9209E+00
  6.4196E+00  8.1066E+00  3.3726E+00
  6.6339E+00  7.7409E+00  3.4312E+00
  6.3674E+00  7.7340E+00  3.8760E+00
  6.4802E+00  7.6943E+00  3.5281E+00
  6.7066E+00  7.4795E+00  3.2346E+00
  6.6988E+00  7.5313E+00  3.6204E+00
  6.5873E+00  7.4487E+00  3.7708E+00
  7.0034E+00  7.7953E+00  3.3270E+00
  7.0799E+00  7.8763E+00  3.3623E+00
  7.1396E+00  7.7503E+00  3.1913E+00
  6.8108E+00  7.4724E+00  3.5695E+00
  6.7256E+00  7.4669E+00  3.2795E+00
  6.5567E+00  7.6545E+00  3.6220E+00
  6.3251E+00  7.4595E+00  3.2912E+00
  6.5048E+00  7.4458E+00  3.1256E+00
  5.7083E+00  6.9452E+00  3.7239E+00
  5.6416E+00  7.2493E+00  3.4138E+00
  5.4752E+00  7.2040E+00  3.0372E+00
  5.3952E+00  7.1794E+00  3.4348E+00
  5.4627E+00  6.8932E+00  3.3603E+00
