  8.0120E+00  5.8555E+00 -5.6617E-01
  7.7756E+00  5.9377E+00 -3.4910E-01
  8.1933E+00  6.4479E+00  2.4922E-01
  8.8473E+00  6.2488E+00 -1.0119E+00
  8.4608E+00  6.5408E+00 -3.6189E-01
  8.5941E+00  6.3482E+00 -1.2007E-01
  8.8428E+00  6.4563E+00 -4.7482E-01
  8.7838E+00  6.7950E+00 -6.2207E-01
  8.8889E+00  7.0843E+00 -2.3275E-01
  9.0751E+00  7.0877E+00  2.2243E-02
  9.2069E+00  7.3137E+00  1.4632E-01
  9.2084E+00  7.3996E+00  3.9126E-01
  9.1624E+00  7.4098E+00  5.4315E-01
  9.1616E+00  7.4565E+00  4.4587E-01
  9.1208E+00  7.5416E+00  4.2682E-01
  9.1754E+00  7.6430E+00  5.1434E-01
  9.0214E+00  7.7272E+00  4.9180E-01
  8.9007E+00  7.6885E+00  4.0227E-01
  8.7755E+00  7.6405E+00  5.0698E-01
  8.7461E+00  7.5516E+00  6.1383E-01
  8.5994E+00  7.5343E+00  4.7696E-01
  8.4030E+00  7.3485E+00  2.7495E-01
  8.1970E+00  7.3550E+00  7.0340E-01
  8.2805E+00  7.3138E+00  5.2600E-01
  8.4489E+00  7.6201E+00  7.1986E-01
  8.3468E+00  7.7698E+00  5.1811E-01
  8.8467E+00  7.7119E+00  3.0865E-01
  8.9620E+00  7.9264E+00  1.2192E-01
  8.6809E+00  8.0807E+00  1.8759E-01
  8.2839E+00  8.4457E+00  4.4352E-01
  8.5789E+00  8.5176E+00  2.5888E-01
  8.1800E+00  8.2614E+00  1.7077E-01
  8.1267E+00  8.3097E+00 -5.7838E-03
  8.3533E+00  8.8747E+00  5.4615E-01
  8.7082E+00  8.9083E+00  6.5554E-01
  8.5378E+00  8.9941E+00  7.6185E-01
  8.8970E+00  9.0980E+00  7.2164E-01
  8.7151E+00  9.1993E+00  9.4506E-01
  8.7355E+00  9.6182E+00  1.0427E+00
  8.8263E+00  9.1411E+00  8.9079E-01
  8.7235E+00  9.3334E+00  9.4570E-01
  8.7027E+00  9.2807E+00  1.0627E+00
  8.4572E+00  9.2006E+00  1.3883E+00
  8.9368E+00  9.1910E+00  1.2270E+00
  9.3591E+00  8.5166E+00  8.8105E-01
  9.5256E+00  8.0122E+00  9.7931E-02
  9.8479E+00  7.8849E+00 -7.5550E-02
  9.8007E+00  7.8463E+00 -6.9175E-02
  9.8176E+00  7.7822E+00  8.2414E-02
  9.8425E+00  7.6812E+00 -7.4425E-02
  9.7285E+00  7.6970E+00  4.5184E-03
  9.5201E+00  7.7030E+00 -1.3301E-01
  9.7276E+00  7.6644E+00 -8.2724E-02
  9.3278E+00  7.5198E+00  1.3680E-01
  9.3660E+00  7.7447E+00  2.3465E-01
  9.5267E+00  7.8074E+00  1.6235E-01
  8.8721E+00  8.0873E+00 -3.3431E-02
  8.9952E+00  7.4507E+00  1.0814E-01
  8.9513E+00  7.3511E+00 -4.1873E-01
  8.9098E+00  7.2690E+00 -6.0618E-01
  8.7748E+00  7.5104E+00 -5.4279E-01
  8.7296E+00  7.7499E+00 -3.9837E-01
  8.6005E+00  7.7008E+00 -1.2025E-01
  8.5763E+00  7.6418E+00 -1.6337E-01
  8.6746E+00  7.4960E+00 -3.0347E-01
  8.7532E+00  7.5367E+00 -4.6185E-01
  8.6382E+00  7.4397E+00 -4.4030E-01
  8.6691E+00  7.2980E+00 -1.9788E-01
  8.6418E+00  7.3672E+00 -1.9676E-01
  8.5695E+00  7.4371E+00 -1.3284E-01
  8.6993E+00  7.5397E+00 -2.1036E-01
  8.7232E+00  7.2122E+00 -2.4476E-01
  8.7755E+00  7.4434E+00 -8.9237E-02
  8.9211E+00  7.6612E+00  2.4031E-01
  8.9899E+00  7.5524E+00  3.1829E-01
  8.9507E+00  7.2398E+00  2.3528E-01
  8.6726E+00  7.1186E+00  2.7068E-01
  8.3513E+00  6.8505E+00  2.4606E-01
  8.7726E+00  6.7510E+00  2.3606E-01
  8.7530E+00  6.4131E+00  2.2684E-01
  8.5118E+00  6.7995E+00  1.6192E-03
  8.8692E+00  6.6385E+00  3.4190E-01
  9.1325E+00  6.6797E+00  4.5910E-02
  9.1003E+00  6.8231E+00 -6.1225E-02
  9.0146E+00  6.7158E+00  6.0520E-01
  9.0137E+00  6.8496E+00  5.0368E-01
  9.1275E+00  6.8700E+00  5.6232E-01
  9.1774E+00  6.8314E+00  6.1619E-01
  9.2265E+00  6.6633E+00  1.0337E+00
  8.5222E+00  6.7430E+00  6.8366E-01
  8.6489E+00  6.8200E+00  1.1011E+00
  8.6281E+00  7.2259E+00  9.0632E-01
  8.6501E+00  7.2054E+00  9.1195E-01
  8.6387E+00  7.3986E+00  7.9311E-01
  8.6228E+00  7.5019E+00  6.7977E-01
  8.8817E+00  7.1418E+00  9.1256E-01
  8.9320E+00  6.8522E+00  8.3434E-01
  8.6715E+00  6.7759E+00  9.3388E-01
  8.6559E+00  6.8815E+00  1.0818E+00
  8.6713E+00  6.9039E+00  1.2458E+00
  8.5396E+00  6.8670E+00  1.2206E+00
  8.7667E+00  6.9319E+00  1.2447E+00
  8.8220E+00  7.0417E+00  1.2687E+00
  8.7805E+00  7.0856E+00  1.2308E+00
  8.4705E+00  7.1230E+00  1.0484E+00
  8.5737E+00  7.3717E+00  1.2579E+00
  8.4231E+00  7.2476E+00  1.2849E+00
  8.8269E+00  7.4201E+00  1.1850E+00
  8.6663E+00  7.3907E+00  1.1219E+00
  8.4330E+00  7.1343E+00  1.4705E+00
  8.5142E+00  7.3954E+00  1.1280E+00
  8.4906E+00  7.3704E+00  1.3496E+00
  8.6499E+00  7.7554E+00  1.3603E+00
  8.4014E+00  7.5136E+00  1.6188E+00
  7.9700E+00  7.5698E+00  1.4148E+00
  8.1301E+00  7.6582E+00  1.3803E+00
  8.2752E+00  7.7451E+00  1.4588E+00
  7.9308E+00  7.6919E+00  1.4975E+00
  7.7705E+00  7.6115E+00  1.4450E+00
  7.5759E+00  7.6891E+00  8.8788E-01
  7.7590E+00  7.6572E+00  1.0610E+00
  7.6974E+00  7.6401E+00  1.1705E+00
  7.6970E+00  7.8991E+00  9.2182E-01
  7.8702E+00  7.8161E+00  1.2066E+00
  7.7500E+00  8.0335E+00  8.1262E-01
  8.1067E+00  8.0655E+00  1.1538E+00
  8.2398E+00  7.9099E+00  1.2302E+00
  8.0779E+00  7.8127E+00  1.2431E+00
  8.5785E+00  7.6143E+00  1.7121E+00
  8.5558E+00  7.6550E+00  1.4502E+00
  8.6421E+00  7.6270E+00  1.3561E+00
  8.6798E+00  7.6251E+00  1.2896E+00
  8.2222E+00  7.5680E+00  1.5676E+00
  8.3327E+00  7.6670E+00  1.6128E+00
  8.7219E+00  7.5219E+00  1.6964E+00
  8.7984E+00  7.8348E+00  1.4354E+00
  8.5449E+00  7.9547E+00  1.7146E+00
  8.8993E+00  8.1547E+00  1.3267E+00
  8.9169E+00  7.8924E+00  1.2680E+00
  8.9378E+00  8.0027E+00  1.0291E+00
  9.2626E+00  7.8975E+00  1.3063E+00
  9.3057E+00  8.0490E+00  1.6287E+00
  9.5160E+00  8.1992E+00  2.4647E+00
  9.1616E+00  8.4907E+00  3.2515E+00
  9.2497E+00  8.2148E+00  2.9573E+00
  8.9682E+00  7.8759E+00  2.4557E+00
  9.0185E+00  8.3069E+00  3.3262E+00
  8.6481E+00  8.4626E+00  3.3599E+00
  8.7524E+00  8.3568E+00  2.6326E+00
  8.5935E+00  8.4736E+00  2.9745E+00
  8.4996E+00  8.8745E+00  3.0030E+00
  8.7561E+00  9.0485E+00  2.4279E+00
  8.5648E+00  8.6725E+00  2.6136E+00
  8.8362E+00  8.4981E+00  2.3025E+00
  8.9563E+00  8.3750E+00  2.1637E+00
  8.6546E+00  8.1178E+00  2.2960E+00
  8.8727E+00  8.3905E+00  2.3598E+00
  8.1602E+00  7.8162E+00  2.0447E+00
  8.1697E+00  8.0337E+00  2.0265E+00
  7.7467E+00  8.0012E+00  2.5330E+00
  7.3604E+00  7.8302E+00  1.8661E+00
  7.7395E+00  7.8073E+00  1.7532E+00
  7.5723E+00  7.8477E+00  1.3485E+00
  7.1903E+00  7.9449E+00  1.7526E+00
  7.1137E+00  8.0100E+00  1.1411E+00
  7.4595E+00  7.7248E+00  1.4362E+00
  7.8270E+00  7.6941E+00  1.1892E+00
  7.8255E+00  7.6689E+00  1.0796E+00
  8.3002E+00  7.7546E+00  1.2078E+00
  8.1801E+00  7.6719E+00  1.0843E+00
  8.0485E+00  7.7766E+00  1.1786E+00
  7.7070E+00  7.6667E+00  8.1276E-01
  7.7553E+00  7.7550E+00  9.0670E-01
  7.6353E+00  7.9122E+00  1.3113E+00
  7.6215E+00  7.8792E+00  1.4385E+00
  7.9295E+00  8.1351E+00  1.2575E+00
  7.9173E+00  8.1657E+00  1.3431E+00
  7.9672E+00  7.9977E+00  1.4540E+00
  8.2882E+00  8.1421E+00  1.4736E+00
  8.3420E+00  8.1217E+00  1.3602E+00
  8.2887E+00  7.9788E+00  1.1200E+00
  8.6313E+00  8.1252E+00  7.9412E-01
  8.3767E+00  7.7923E+00  1.0241E+00
  8.5807E+00  7.8750E+00  8.5448E-01
  8.6475E+00  8.0142E+00  5.6387E-01
  8.5015E+00  8.1675E+00  6.8882E-01
  8.2933E+00  8.1948E+00  7.3721E-01
  8.0389E+00  8.1624E+00  7.0079E-01
  8.0807E+00  8.2354E+00  8.3520E-01
  8.0876E+00  8.0297E+00  8.5558E-01
  8.0630E+00  8.1788E+00  9.0565E-01
  8.1436E+00  8.0925E+00  1.0249E+00
  8.1883E+00  8.0925E+00  1.0033E+00
  7.8243E+00  8.0805E+00  1.0777E+00
  7.8696E+00  7.8317E+00  1.2761E+00
  8.1873E+00  7.8294E+00  1.3842E+00
  8.3781E+00  8.0998E+00  1.3769E+00
  8.0014E+00  7.7231E+00  1.2475E+00
  8.2156E+00  7.8658E+00  1.3315E+00
  7.9049E+00  7.8106E+00  1.4264E+00
  7.8199E+00  7.6455E+00  1.7403E+00
  7.9285E+00  7.5609E+00  1.6979E+00
  7.8606E+00  7.6317E+00  1.6974E+00
  7.8662E+00  7.5661E+00  1.8645E+00
  7.7268E+00  7.3781E+00  1.5297E+00
  7.9841E+00  7.3967E+00  1.3928E+00
  7.7727E+00  7.3795E+00  1.2202E+00
  8.0923E+00  7.5993E+00  1.2299E+00
  7.8760E+00  7.3900E+00  1.0514E+00
  8.0502E+00  7.5344E+00  8.1077E-01
  7.8917E+00  7.5073E+00  9.5649E-01
  7.9434E+00  7.7847E+00  1.0036E+00
  8.0080E+00  7.7368E+00  1.1786E+00
  7.7662E+00  7.5506E+00  1.1786E+00
  7.7827E+00  7.5707E+00  9.8849E-01
  7.9958E+00  7.7307E+00  9.9962E-01
  7.5433E+00  7.7332E+00  8.3109E-01
  7.8188E+00  7.6852E+00  8.6885E-01
  7.7380E+00  7.7112E+00  9.4142E-01
  7.8195E+00  7.8986E+00  8.8498E-01
  7.6841E+00  7.9649E+00  8.2302E-01
  7.9537E+00  7.6696E+00  1.2233E+00
  8.0305E+00  7.5890E+00  1.4053E+00
  8.2627E+00  7.7488E+00  1.6553E+00
  8.2564E+00  7.7319E+00  1.3662E+00
  8.3165E+00  7.6984E+00  1.3378E+00
  8.4073E+00  7.7684E+00  1.3791E+00
  8.6608E+00  7.9091E+00  1.1449E+00
  8.6545E+00  7.8942E+00  1.1087E+00
  8.7971E+00  8.0412E+00  1.0504E+00
  8.3028E+00  8.0056E+00  9.1425E-01
  8.3818E+00  8.1444E+00  8.6788E-01
  7.8973E+00  8.1237E+00  8.3440E-01
  7.9310E+00  8.2491E+00  8.6238E-01
  7.6108E+00  8.1863E+00  5.4594E-01
  7.5336E+00  8.2036E+00  6.0226E-01
  7.8772E+00  8.3294E+00  1.1458E-01
  8.0110E+00  8.0901E+00  1.8079E-01
  8.4070E+00  8.4045E+00 -1.9288E-01
  8.4035E+00  8.1627E+00  1.5965E-02
  8.3482E+00  8.1674E+00 -2.9273E-01
  8.4897E+00  8.2587E+00 -1.3824E-01
  8.2624E+00  8.2369E+00 -1.0985E-01
  8.4237E+00  8.3762E+00  1.9118E-01
  8.3313E+00  8.4315E+00  1.7418E-01
  8.3088E+00  8.4821E+00  1.9673E-01
  8.1441E+00  8.4698E+00  3.1838E-01
  8.2990E+00  8.3997E+00  4.2980E-01
  8.4082E+00  8.1896E+00  1.9820E-01
  8.2692E+00  8.2081E+00  1.9811E-01
  8.0235E+00  8.1320E+00  1.7341E-01
  7.9635E+00  8.1501E+00 -2.8007E-01
  8.1845E+00  7.9387E+00 -4.3645E-02
  8.0763E+00  8.0877E+00 -1.1604E-01
  8.0349E+00  8.2769E+00 -3.5085E-01
  8.1714E+00  8.4703E+00 -4.2896E-01
  7.9321E+00  8.2763E+00 -5.9108E-01
  8.2878E+00  8.6332E+00 -5.1663E-01
  8.3194E+00  8.5801E+00 -5.7882E-01
  8.4856E+00  8.2917E+00 -4.4317E-01
  8.5148E+00  8.0254E+00  7.0644E-03
  8.5975E+00  8.3454E+00 -4.9812E-01
  8.0057E+00  8.2298E+00 -6.6405E-02
  7.9147E+00  8.2913E+00  2.6815E-02
  8.0605E+00  8.4216E+00 -3.9184E-02
  8.4149E+00  8.6598E+00 -3.5378E-01
  8.0935E+00  8.6372E+00 -2.0938E-01
  8.0520E+00  8.6546E+00 -2.1596E-02
  7.8973E+00  8.5045E+00 -1.0535E-01
  8.1903E+00  8.3488E+00 -4.2792E-02
  7.9166E+00  8.5361E+00  3.2397E-01
  7.4664E+00  8.6233E+00  1.5796E-01
  7.5012E+00  8.6859E+00  1.3222E-01
  7.5969E+00  8.4652E+00  2.2260E-01
  7.5802E+00  8.4722E+00  9.0318E-02
  7.8093E+00  8.6674E+00  3.1589E-01
  7.7733E+00  8.6024E+00  2.8940E-01
  7.8494E+00  8.6716E+00  1.4445E-01
  8.0637E+00  8.5561E+00  3.0079E-01
  7.9803E+00  8.4490E+00  6.5141E-02
  8.0326E+00  8.3498E+00  1.1735E-01
  7.9585E+00  8.0554E+00  4.6769E-02
  7.9719E+00  8.0024E+00  2.7858E-01
  8.1736E+00  8.0195E+00  3.7320E-01
  7.8530E+00  8.1243E+00  2.9658E-01
  7.7447E+00  8.2382E+00  4.4998E-01
  7.6916E+00  8.2113E+00  2.7572E-01
  7.5241E+00  8.5063E+00  2.0239E-01
  7.2403E+00  8.4203E+00  1.6914E-01
  7.2852E+00  8.4851E+00  6.1612E-02
  7.2983E+00  8.5303E+00  2.9843E-01
  6.9714E+00  8.1280E+00  3.1176E-01
  7.0646E+00  8.0520E+00  5.4183E-01
  7.3552E+00  8.1148E+00  2.2257E-01
  7.6280E+00  7.8786E+00  5.4572E-01
  8.1981E+00  8.3419E+00  1.4874E+00
  8.2488E+00  8.2496E+00  1.5777E+00
  8.0066E+00  8.2013E+00  2.5524E+00
  8.3650E+00  8.0648E+00  2.1836E+00
  8.0220E+00  7.7715E+00  2.4435E+00
  8.2480E+00  7.6772E+00  2.7101E+00
  8.4148E+00  7.5301E+00  2.8499E+00
  8.3874E+00  7.2907E+00  3.0168E+00
  8.1680E+00  6.9973E+00  3.0934E+00
  8.4079E+00  7.0946E+00  3.3059E+00
  8.2109E+00  6.8857E+00  3.3107E+00
  8.0085E+00  6.9927E+00  3.4229E+00
  8.4609E+00  6.7470E+00  3.9642E+00
  8.1671E+00  6.6126E+00  3.7355E+00
  8.8242E+00  6.7168E+00  4.3461E+00
  8.5924E+00  6.5847E+00  4.8498E+00
  7.8256E+00  6.9564E+00  5.2641E+00
  7.6068E+00  7.2890E+00  5.1006E+00
  7.6897E+00  7.1581E+00  5.1230E+00
  7.5913E+00  7.2614E+00  5.0921E+00
  7.5222E+00  7.6127E+00  4.8936E+00
  7.4086E+00  8.0709E+00  4.3971E+00
  7.3957E+00  8.5172E+00  4.5384E+00
  7.3229E+00  8.2929E+00  4.0418E+00
  7.6409E+00  8.7074E+00  3.8909E+00
  7.4375E+00  8.5375E+00  3.9167E+00
  7.4064E+00  8.3354E+00  3.7682E+00
  7.5789E+00  8.4082E+00  3.8833E+00
  7.5159E+00  8.3686E+00  3.6937E+00
  7.3295E+00  8.2090E+00  3.8662E+00
  7.6527E+00  8.1706E+00  3.3480E+00
  7.4738E+00  8.2092E+00  3.3733E+00
  7.4857E+00  8.5461E+00  3.2012E+00
  7.4588E+00  8.5306E+00  2.8905E+00
  7.7321E+00  8.7860E+00  2.9604E+00
  7.2193E+00  8.6472E+00  3.3669E+00
  7.5367E+00  8.7267E+00  2.9625E+00
  7.1473E+00  8.5057E+00  4.0774E+00
  7.2626E+00  7.7508E+00  3.7920E+00
  7.3154E+00  7.3507E+00  4.2650E+00
  7.8906E+00  6.9318E+00  4.5131E+00
  8.2542E+00  6.9008E+00  4.2264E+00
  8.0374E+00  7.0570E+00  3.8739E+00
  8.3629E+00  7.0309E+00  3.9362E+00
  8.1176E+00  6.8634E+00  4.0926E+00
  7.4044E+00  7.0145E+00  4.0720E+00
  7.1573E+00  7.1478E+00  4.3374E+00
  6.9984E+00  7.4297E+00  3.7295E+00
  6.9989E+00  7.0574E+00  3.5977E+00
  7.1714E+00  6.8311E+00  3.1501E+00
  7.2283E+00  7.0539E+00  2.6921E+00
  6.5871E+00  7.2390E+00  2.6376E+00
  6.8156E+00  7.6249E+00  2.3399E+00
  6.7291E+00  7.2098E+00  2.7300E+00
  7.0575E+00  6.8747E+00  2.7317E+00
  7.3195E+00  6.4539E+00  2.9936E+00
  7.5060E+00  6.5157E+00  2.6525E+00
  7.8713E+00  6.3052E+00  3.1104E+00
  7.5156E+00  6.4357E+00  3.1034E+00
  7.6591E+00  6.3290E+00  2.6797E+00
  7.5352E+00  6.2602E+00  2.6742E+00
  7.3903E+00  6.2084E+00  3.2122E+00
  7.0632E+00  6.1931E+00  2.9012E+00
  6.5932E+00  5.9793E+00  3.2552E+00
  6.5472E+00  5.9618E+00  3.5722E+00
  6.5169E+00  6.1924E+00  3.5551E+00
  5.9455E+00  6.6946E+00  3.1190E+00
  5.7430E+00  6.8173E+00  3.3601E+00
  6.0967E+00  7.1080E+00  3.4190E+00
  6.4641E+00  7.0559E+00  3.7661E+00
  5.8132E+00  7.5598E+00  4.0669E+00
  6.3785E+00  7.2976E+00  4.4495E+00
  6.5327E+00  7.4609E+00  4.4842E+00
  5.9145E+00  8.1740E+00  4.7604E+00
  6.1611E+00  8.0782E+00  5.5247E+00
  6.5479E+00  7.4917E+00  5.3724E+00
  6.5289E+00  7.4627E+00  5.2970E+00
  6.0674E+00  8.2974E+00  5.3636E+00
  6.2776E+00  8.4169E+00  5.6893E+00
  6.1849E+00  7.5468E+00  4.8579E+00
  7.0395E+00  7.3401E+00  4.6065E+00
  6.2058E+00  7.7430E+00  4.3724E+00
  6.2024E+00  7.3413E+00  4.6151E+00
  6.7881E+00  6.9227E+00  4.0316E+00
  6.9721E+00  6.8623E+00  3.9979E+00
  5.9104E+00  7.0702E+00  4.3416E+00
  5.8567E+00  6.8272E+00  4.3439E+00
  6.6124E+00  6.2476E+00  3.9287E+00
  6.5592E+00  6.2443E+00  3.9323E+00
  6.2715E+00  6.6045E+00  4.3824E+00
  6.5780E+00  6.1519E+00  4.2160E+00
  6.9936E+00  6.0159E+00  3.5380E+00
  6.9444E+00  6.2902E+00  3.3864E+00
  7.1293E+00  6.3766E+00  3.2181E+00
  7.5190E+00  6.3244E+00  2.8833E+00
  7.5181E+00  6.4789E+00  2.6836E+00
  8.0827E+00  7.0238E+00  2.7957E+00
  7.2206E+00  6.6140E+00  2.7567E+00
  6.8223E+00  6.0550E+00  3.5196E+00
  6.6621E+00  5.9484E+00  3.1981E+00
  6.6550E+00  5.9032E+00  3.1851E+00
  6.4181E+00  6.0291E+00  2.9891E+00
  5.6999E+00  5.7659E+00  3.4292E+00
  6.1534E+00  5.9769E+00  2.9336E+00
  6.0470E+00  5.5209E+00  3.5783E+00
