  8.1011E+00  1.1949E+01  3.5018E-01
  9.2543E+00  1.0906E+01 -2.2601E-01
  8.7645E+00  1.1183E+01  9.4255E-01
  8.7475E+00  1.1956E+01 -1.1490E-01
  8.6355E+00  1.2052E+01  2.4105E-01
  8.4725E+00  1.1960E+01  2.1908E-01
  8.3313E+00  1.1674E+01  5.3590E-02
  8.8055E+00  1.1926E+01 -1.4908E-01
  8.6691E+00  1.1476E+01  7.6993E-02
  8.5444E+00  1.1618E+01  2.6996E-01
  8.5023E+00  1.1773E+01  2.8227E-01
  8.4573E+00  1.1800E+01  5.9754E-01
  8.3486E+00  1.1739E+01  8.1777E-01
  8.2382E+00  1.1493E+01  8.0855E-01
  8.1794E+00  1.1347E+01  8.9234E-01
  8.2361E+00  1.1285E+01  1.0788E+00
  8.3122E+00  1.1175E+01  1.1805E+00
  8.3103E+00  1.1306E+01  1.1511E+00
  8.2352E+00  1.1501E+01  1.1799E+00
  8.2586E+00  1.1504E+01  1.3482E+00
  8.3319E+00  1.1509E+01  1.5072E+00
  8.4497E+00  1.1344E+01  1.6151E+00
  8.5527E+00  1.1718E+01  1.7557E+00
  8.6646E+00  1.1963E+01  1.9849E+00
  8.5712E+00  1.1981E+01  1.8654E+00
  8.4926E+00  1.2358E+01  2.4187E+00
  8.0959E+00  1.2502E+01  2.8251E+00
  7.8757E+00 -1.2585E+01  2.6581E+00
  7.3466E+00  1.2392E+01  2.9919E+00
  6.9545E+00 -1.2188E+01  3.3141E+00
  6.5780E+00 -1.2428E+01  3.1759E+00
  5.6967E+00 -1.2122E+01  3.3704E+00
  5.6399E+00 -1.1868E+01  3.2144E+00
  4.9977E+00 -1.1784E+01  3.3554E+00
  4.6725E+00 -1.2131E+01  3.1300E+00
  3.9619E+00 -1.1525E+01  3.2330E+00
  3.4956E+00 -1.1706E+01  2.9065E+00
  3.3048E+00 -1.1547E+01  2.9044E+00
  3.2984E+00 -1.1689E+01  3.1051E+00
  2.9562E+00 -1.1735E+01  3.0267E+00
  2.8235E+00 -1.1905E+01  2.8111E+00
  2.7043E+00 -1.2157E+01  2.3747E+00
  2.5550E+00 -1.2158E+01  2.3320E+00
  2.4741E+00 -1.2120E+01  2.4283E+00
  2.4472E+00 -1.2137E+01  2.2759E+00
  2.5634E+00 -1.2192E+01  2.0568E+00
  2.4539E+00 -1.2244E+01  1.6289E+00
  2.5443E+00 -1.2065E+01  1.6335E+00
  2.6900E+00 -1.1805E+01  1.7500E+00
  2.5943E+00 -1.1780E+01  1.6722E+00
  2.8898E+00 -1.1931E+01  1.3875E+00
  2.8383E+00 -1.1574E+01  1.0648E+00
  3.0058E+00 -1.1727E+01  8.0976E-01
  2.4248E+00 -1.1697E+01  6.6496E-01
  2.2397E+00 -1.1852E+01  5.1783E-01
  2.4612E+00 -1.2078E+01  5.3660E-01
  2.4741E+00 -1.2036E+01 -6.6004E-02
  2.0806E+00 -1.1996E+01 -3.9450E-01
  1.6873E+00 -1.2254E+01 -1.9049E-01
  2.0604E+00 -1.2519E+01  6.7855E-02
  2.0365E+00 -1.2503E+01  1.3123E-01
  2.2468E+00 -1.2391E+01 -1.7898E-01
  1.9034E+00  1.2418E+01  2.8102E-01
  2.1110E+00  1.2307E+01  5.3083E-01
  2.5221E+00  1.2251E+01  4.8144E-01
  2.6228E+00  1.2335E+01  3.8609E-01
  2.5600E+00  1.2171E+01  5.8059E-01
  2.6224E+00  1.1977E+01  7.5477E-01
  2.7095E+00  1.1964E+01  8.7325E-01
  2.6059E+00  1.1884E+01  1.0361E+00
  2.7701E+00  1.1569E+01  1.1725E+00
  2.9889E+00  1.1514E+01  1.2988E+00
  2.9897E+00  1.1541E+01  1.4488E+00
  3.3022E+00  1.1617E+01  1.3227E+00
  3.3807E+00  1.1571E+01  1.5245E+00
  3.2546E+00  1.1493E+01  1.6005E+00
  3.2199E+00  1.1642E+01  1.4510E+00
  3.2337E+00  1.1605E+01  1.3800E+00
  3.1475E+00  1.1984E+01  1.2921E+00
  3.0059E+00  1.2292E+01  1.1336E+00
  2.9061E+00  1.2399E+01  1.0496E+00
  2.9001E+00  1.2318E+01  1.0021E+00
  2.7945E+00  1.2468E+01  1.0702E+00
  2.6976E+00 -1.2593E+01  1.1863E+00
  3.0216E+00 -1.2500E+01  9.7684E-01
  2.9652E+00 -1.2487E+01  1.4355E+00
  3.0087E+00  1.2574E+01  1.5688E+00
  3.3746E+00  1.2443E+01  1.4119E+00
  3.3413E+00  1.2538E+01  1.6075E+00
  3.5536E+00  1.2491E+01  1.4286E+00
  3.5348E+00  1.2425E+01  1.3256E+00
  3.6078E+00  1.2332E+01  1.4984E+00
  3.4766E+00  1.2406E+01  1.0209E+00
  3.5454E+00  1.2102E+01  1.2835E+00
  3.5036E+00  1.2173E+01  1.2984E+00
  3.4361E+00  1.1966E+01  1.2256E+00
  3.2134E+00  1.2075E+01  1.2664E+00
  3.4099E+00  1.2177E+01  1.1318E+00
  3.4701E+00  1.2062E+01  1.3783E+00
  3.5938E+00  1.2037E+01  1.2298E+00
  3.9858E+00  1.2147E+01  1.0446E+00
  3.9816E+00  1.2029E+01  1.0979E+00
  3.5469E+00  1.2087E+01  1.0224E+00
  3.6072E+00  1.2128E+01  5.0467E-01
  3.5830E+00  1.2000E+01  3.8164E-01
  3.0260E+00  1.2037E+01  5.1628E-01
  3.0577E+00  1.2075E+01  6.3977E-01
  3.1116E+00  1.2095E+01  6.2313E-01
  2.9658E+00  1.2170E+01  9.5558E-01
  3.3411E+00  1.1971E+01  1.2453E+00
  3.4957E+00  1.2199E+01  9.3293E-01
  3.6769E+00  1.2064E+01  1.1726E+00
  3.8037E+00  1.2200E+01  9.2060E-01
  4.1144E+00  1.2251E+01  7.6658E-01
  3.9546E+00  1.2434E+01  7.2127E-01
  3.8014E+00  1.2434E+01  7.0398E-01
  3.9067E+00  1.2100E+01  7.6009E-01
  3.5704E+00  1.2065E+01  1.2840E+00
  3.7200E+00  1.1387E+01  8.8482E-01
  3.5137E+00  1.1887E+01  9.8510E-01
  3.7514E+00  1.1424E+01  7.4929E-01
  3.4855E+00  1.1484E+01  9.7300E-01
  3.4645E+00  1.1594E+01  1.0286E+00
  3.5908E+00  1.1393E+01  9.3164E-01
  3.4441E+00  1.1401E+01  9.1266E-01
  3.0492E+00  1.1105E+01  6.0378E-01
  2.9953E+00  1.1780E+01  8.1773E-01
  3.2349E+00  1.2218E+01  4.6333E-01
  2.8737E+00  1.1543E+01  3.5057E-01
  2.7132E+00  1.1399E+01  2.5848E-01
  2.7712E+00  1.1778E+01  4.0151E-01
  3.3610E+00  1.1439E+01 -9.6045E-03
  3.5992E+00  1.1603E+01 -2.0850E-02
  2.9989E+00  1.1200E+01 -2.0371E-01
  2.6109E+00  1.1049E+01 -6.6493E-01
  3.2143E+00  1.1101E+01 -5.3564E-01
  3.7916E+00  1.1216E+01 -4.5542E-01
  3.5693E+00  1.0602E+01 -5.4990E-01
  3.1070E+00  1.0760E+01 -7.0102E-01
  3.6374E+00  1.0621E+01 -1.2460E+00
  2.9406E+00  1.1502E+01 -1.2413E+00
  3.7610E+00  1.1157E+01 -1.2584E+00
  3.1602E+00  1.1212E+01 -1.2494E+00
  3.8713E+00  1.0257E+01 -1.3005E+00
  3.8617E+00  1.0437E+01 -8.8547E-01
  3.9874E+00  1.0691E+01 -7.3703E-01
  4.1921E+00  1.0500E+01 -6.9458E-01
  3.9995E+00  1.0332E+01 -5.0990E-01
  4.1041E+00  1.0204E+01 -4.5349E-01
  4.2528E+00  1.0089E+01 -4.1248E-01
  4.2678E+00  1.0382E+01 -4.2123E-01
  4.1931E+00  1.0683E+01 -6.1707E-01
  3.9433E+00  1.0553E+01 -5.7132E-01
  3.9988E+00  1.0505E+01 -5.1401E-01
  4.2257E+00  1.0669E+01 -3.9900E-01
  4.0989E+00  1.0705E+01 -1.4338E-01
  4.1739E+00  1.0814E+01 -1.7349E-01
  4.0888E+00  1.0667E+01 -1.2747E-01
  4.1843E+00  1.0753E+01 -7.5921E-02
  4.6765E+00  1.0773E+01  1.2813E-01
  4.6840E+00  1.0542E+01  4.8191E-01
  4.8691E+00  1.0552E+01  5.5227E-01
  4.7000E+00  1.0613E+01  6.8188E-01
  4.5803E+00  1.0636E+01  4.9780E-01
  4.4492E+00  1.0653E+01  4.6612E-01
  3.9330E+00  1.0779E+01  4.9224E-01
  3.9396E+00  1.0732E+01  3.0591E-01
  3.9871E+00  1.0744E+01  2.7328E-01
  3.8591E+00  1.0531E+01  1.7926E-01
  4.1755E+00  1.0549E+01  7.4766E-02
  4.0873E+00  1.0750E+01 -2.5188E-02
  4.0327E+00  1.0730E+01 -1.1924E-01
  4.3431E+00  1.0681E+01 -7.7378E-04
  4.4507E+00  1.0720E+01 -1.4680E-02
  4.3922E+00  1.0745E+01  1.5377E-01
  4.6952E+00  1.0734E+01  1.4255E-01
  4.5318E+00  1.0825E+01  3.5603E-02
  4.5128E+00  1.0711E+01  2.4418E-01
  4.4367E+00  1.0641E+01  2.0270E-01
  4.4681E+00  1.0752E+01  5.4971E-02
  4.5472E+00  1.0734E+01  3.6022E-02
  4.5860E+00  1.0771E+01  4.7138E-02
  4.5531E+00  1.0971E+01  1.1121E-01
  4.6105E+00  1.0809E+01  1.5516E-01
  4.6761E+00  1.0947E+01  2.2444E-01
  4.6736E+00  1.1147E+01  1.7889E-01
  4.5627E+00  1.0994E+01  2.8525E-02
  4.3789E+00  1.1067E+01 -4.3661E-02
  4.6043E+00  1.0947E+01  2.6065E-02
  4.6042E+00  1.0616E+01  1.0596E-01
  4.5806E+00  1.0550E+01  2.3868E-02
  4.6423E+00  1.0750E+01 -2.1680E-01
  4.6553E+00  1.0408E+01 -5.3808E-03
  4.5633E+00  1.0718E+01  5.2812E-02
  4.6990E+00  1.0833E+01 -7.0865E-02
  4.6510E+00  1.0762E+01  2.0750E-01
  4.2596E+00  1.1197E+01  1.7244E-01
  4.6846E+00  1.1316E+01  2.8235E-02
  4.6673E+00  1.1369E+01  5.2101E-02
  4.5155E+00  1.1673E+01 -1.7200E-02
  4.5445E+00  1.1645E+01  4.9896E-02
  4.4255E+00  1.1492E+01 -3.8693E-02
  4.5387E+00  1.1412E+01  1.5496E-03
  4.3082E+00  1.1520E+01 -7.2473E-02
  4.0667E+00  1.1195E+01 -1.4513E-01
  3.9815E+00  1.1355E+01 -1.8216E-01
  4.0750E+00  1.1072E+01  9.3715E-02
  3.8186E+00  1.0822E+01 -3.2344E-02
  3.7253E+00  1.0538E+01  2.3716E-01
  3.7856E+00  1.0589E+01  3.9262E-01
  3.6369E+00  1.0536E+01  3.6917E-01
  3.6666E+00  1.0228E+01  6.0783E-01
  4.0994E+00  1.0246E+01  6.0387E-01
  3.6199E+00  1.0287E+01  4.3860E-01
  3.8927E+00  9.8641E+00  3.5132E-01
  3.9072E+00  1.0092E+01  2.9602E-01
  3.9427E+00  1.0164E+01  7.2335E-02
  3.9432E+00  1.0253E+01  1.8555E-01
  3.9829E+00  1.0245E+01  2.5872E-01
  4.1930E+00  1.0233E+01  4.4443E-02
  4.2355E+00  1.0223E+01  1.7927E-01
  4.2822E+00  1.0205E+01  1.7766E-01
  4.2477E+00  1.0288E+01  1.6774E-01
  3.8625E+00  1.0068E+01  3.9458E-01
  3.7533E+00  1.0080E+01  3.5513E-01
  3.6824E+00  1.0270E+01  2.1582E-01
  3.5519E+00  1.0538E+01  2.1120E-01
  3.4194E+00  1.0788E+01  1.2095E-01
  3.5170E+00  1.0668E+01  4.1034E-02
  3.7768E+00  1.0418E+01  1.7819E-01
  3.9442E+00  1.0319E+01 -1.2224E-04
  3.6283E+00  1.0180E+01  2.1612E-01
  3.8263E+00  1.0140E+01  6.1548E-02
  3.5011E+00  1.0440E+01  2.4155E-02
  3.8545E+00  1.0190E+01  4.1874E-03
  3.9285E+00  1.0358E+01 -5.6645E-03
  3.9971E+00  9.9837E+00  3.5482E-01
  3.9514E+00  9.7637E+00  5.0999E-01
  3.6154E+00  9.9412E+00  3.0224E-01
  3.8897E+00  1.0045E+01 -5.4620E-03
  3.9347E+00  9.9633E+00  1.7624E-01
  3.7802E+00  1.0006E+01  1.5691E-01
  3.7644E+00  1.0263E+01 -2.4600E-02
  3.7159E+00  1.0184E+01 -7.5267E-02
  3.9183E+00  1.0326E+01 -1.1874E-01
  4.1927E+00  1.0432E+01 -4.5111E-02
  4.0830E+00  1.0336E+01  1.1047E-01
  4.0340E+00  1.0285E+01  1.4686E-01
  4.0241E+00  1.0285E+01 -1.4517E-01
  3.4074E+00  1.0451E+01  9.9686E-02
  3.4059E+00  1.0549E+01  2.7245E-02
  3.4147E+00  1.0411E+01 -7.8099E-02
  3.5498E+00  1.0293E+01  1.7694E-01
  3.6116E+00  1.0247E+01 -5.2031E-02
  3.4733E+00  1.0217E+01 -2.7657E-01
  3.6207E+00  1.0176E+01  1.7160E-02
  3.9833E+00  1.0092E+01  3.5576E-02
  4.2997E+00  1.0176E+01 -1.6655E-01
  3.9489E+00  9.9386E+00  1.6367E-01
  4.3528E+00  1.0150E+01  1.5377E-02
  4.1504E+00  1.0372E+01  1.4524E-01
  4.0861E+00  1.0129E+01  2.5507E-01
  4.3734E+00  1.0316E+01 -9.4727E-02
  3.6050E+00  1.0403E+01  1.4782E-01
  3.8720E+00  1.0204E+01  2.4749E-01
  3.9969E+00  1.0491E+01  7.1188E-02
  4.3337E+00  1.0248E+01 -2.2765E-01
  4.3484E+00  1.0007E+01 -1.7568E-01
  3.9395E+00  1.0172E+01 -3.1691E-01
  3.7448E+00  1.0239E+01 -2.1675E-01
  3.7806E+00  1.0184E+01 -8.1282E-02
  3.7091E+00  1.0296E+01 -2.3265E-01
  3.6107E+00  1.0178E+01  1.6676E-01
  3.6131E+00  1.0260E+01  1.0052E-01
  3.5524E+00  1.0469E+01 -2.5764E-01
  3.8198E+00  1.0191E+01 -6.7899E-02
  3.8066E+00  9.6676E+00  2.0615E-01
  4.1172E+00  9.7107E+00  2.9814E-01
  4.0343E+00  1.0034E+01  1.5595E-01
  4.2232E+00  9.9270E+00 -4.9130E-03
  3.9741E+00  1.0113E+01 -1.9061E-01
  3.6530E+00  1.0356E+01 -2.9483E-01
  3.5245E+00  1.0238E+01 -5.2857E-02
  3.5299E+00  1.0216E+01 -1.6429E-02
  3.3263E+00  1.0544E+01 -2.4580E-01
  3.2358E+00  1.0398E+01 -1.8928E-01
  2.8085E+00  1.0103E+01 -1.7479E-01
  2.8764E+00  1.0229E+01 -3.6835E-01
  3.1110E+00  1.0167E+01 -2.2613E-01
  2.8901E+00  1.0071E+01 -2.6451E-01
  2.7740E+00  1.0062E+01 -4.0744E-01
  3.1411E+00  9.7240E+00 -4.3756E-01
  2.9948E+00  9.7024E+00 -3.6695E-01
  3.0391E+00  9.6978E+00 -3.2692E-01
  3.4476E+00  9.9313E+00 -4.9813E-01
  3.4590E+00  1.0067E+01 -6.3987E-01
  3.4310E+00  9.9546E+00 -6.2574E-01
  3.1302E+00  1.0120E+01 -5.4684E-01
  3.2555E+00  1.0217E+01 -3.9009E-01
  3.2629E+00  1.0297E+01 -2.8183E-01
  2.9693E+00  1.0456E+01 -3.2817E-01
  3.1168E+00  1.0403E+01 -2.4517E-01
  3.0476E+00  1.0308E+01 -4.6983E-02
  2.9978E+00  1.0360E+01  1.4275E-02
  3.2244E+00  1.0079E+01  2.2109E-01
  3.0933E+00  9.9653E+00  2.5170E-01
  3.0314E+00  9.9629E+00  2.5227E-01
  3.1935E+00  9.7154E+00  1.8326E-01
  2.8770E+00  9.8824E+00 -5.1907E-02
  2.9938E+00  9.7486E+00 -1.5581E-01
  3.2043E+00  9.6659E+00 -1.4216E-01
  3.1209E+00  9.7466E+00 -1.2995E-01
  3.3725E+00  9.6269E+00 -9.8625E-02
  3.6072E+00  9.6806E+00 -1.4855E-01
  3.5896E+00  9.5764E+00 -3.0270E-01
  3.6633E+00  9.5131E+00 -5.4954E-01
  3.4295E+00  9.4665E+00 -4.3556E-01
  3.4356E+00  9.4399E+00 -3.3662E-01
  3.4659E+00  9.5389E+00 -3.2727E-01
  3.3452E+00  9.6210E+00 -2.9932E-01
  3.4868E+00  9.7568E+00 -4.8857E-01
  3.2583E+00  9.8718E+00 -3.7908E-01
  3.3698E+00  1.0020E+01 -2.1861E-01
  3.3640E+00  1.0160E+01 -3.1256E-01
  3.4409E+00  1.0210E+01 -9.9647E-02
  3.6290E+00  1.0305E+01  6.0245E-02
  3.8800E+00  1.0340E+01  1.7603E-01
  3.6042E+00  1.0454E+01  2.8078E-01
  3.6831E+00  1.0452E+01 -2.8129E-02
  3.7174E+00  1.0350E+01 -2.8001E-01
  3.6456E+00  1.0223E+01 -4.2248E-01
  3.3276E+00  1.0378E+01 -5.4528E-01
  3.5566E+00  1.0268E+01 -8.2296E-01
  3.5459E+00  1.0288E+01 -9.9276E-01
  3.6195E+00  1.0365E+01 -8.1021E-01
  3.7565E+00  1.0434E+01 -9.9597E-01
  3.7563E+00  1.0574E+01 -1.0630E+00
  3.8045E+00  1.0506E+01 -7.2274E-01
  3.7271E+00  1.0620E+01 -1.0954E+00
  3.5729E+00  1.0593E+01 -1.2225E+00
  3.8153E+00  1.0204E+01 -9.1975E-01
  3.6259E+00  1.0513E+01 -1.0824E+00
  3.5494E+00  1.0502E+01 -1.0975E+00
  3.7815E+00  1.0145E+01 -9.2510E-01
  3.5943E+00  1.0357E+01 -9.3901E-01
  3.7809E+00  1.0282E+01 -7.7707E-01
  3.9484E+00  1.0304E+01 -3.6714E-01
  4.0537E+00  1.0372E+01 -2.1106E-01
  3.7788E+00  1.0470E+01 -5.4205E-01
  3.5504E+00  1.0328E+01 -4.9541E-01
  3.4725E+00  1.0419E+01 -3.4488E-01
  3.5994E+00  1.0483E+01 -6.3738E-01
  3.2055E+00  1.0424E+01 -4.0323E-01
  3.8352E+00  1.0053E+01 -1.2852E-01
  3.8577E+00  1.0330E+01 -2.2252E-01
  3.8200E+00  1.0085E+01  1.4570E-01
  3.6766E+00  1.0067E+01 -4.3986E-02
  3.8452E+00  9.7777E+00 -3.2877E-02
  3.3412E+00  9.9886E+00 -3.2854E-01
  3.6616E+00  9.9225E+00 -3.5854E-01
  3.5663E+00  9.8852E+00 -2.7957E-01
  3.5653E+00  9.7347E+00 -9.6049E-02
  3.2463E+00  9.8063E+00  4.4510E-02
  3.2906E+00  9.7662E+00 -5.5326E-02
  3.0863E+00  9.8430E+00 -5.8904E-02
  3.1233E+00  9.9034E+00  2.1470E-01
  3.5655E+00  9.8159E+00  5.6779E-02
  3.4264E+00  9.9065E+00 -2.0720E-02
  3.3629E+00  1.0102E+01 -2.3022E-02
  3.5096E+00  1.0206E+01 -1.3584E-01
  3.5932E+00  1.0143E+01 -2.2112E-01
  3.5680E+00  1.0136E+01 -4.1441E-01
  3.3903E+00  1.0214E+01 -5.0744E-01
  3.2178E+00  1.0270E+01 -6.7241E-01
  3.2671E+00  1.0110E+01 -5.6649E-01
  3.3007E+00  1.0006E+01 -3.5795E-01
  3.4226E+00  9.8741E+00 -3.1600E-01
  3.3347E+00  9.8256E+00 -3.0833E-01
  3.2088E+00  9.9261E+00 -1.2899E-01
  3.5325E+00  9.7361E+00 -2.0509E-01
  3.5711E+00  9.9846E+00 -9.3245E-02
  3.7412E+00  9.9756E+00 -1.3398E-02
  3.6298E+00  1.0024E+01  7.9067E-02
  3.2771E+00  1.0294E+01  2.7597E-01
  3.4698E+00  9.9502E+00  2.7021E-01
  3.4591E+00  1.0291E+01  3.6521E-01
  3.1251E+00  1.0324E+01  4.3416E-01
  3.3492E+00  1.0180E+01  1.8859E-01
  3.3260E+00  1.0545E+01  4.7984E-01
  3.4438E+00  1.0875E+01  1.0761E+00
  3.4815E+00  1.0987E+01  8.2157E-01
  3.0053E+00  1.0634E+01  6.3757E-01
  3.3653E+00  1.1006E+01  1.1991E+00
  3.6039E+00  1.1214E+01  1.5179E+00
  3.5119E+00  1.1357E+01  1.4299E+00
  3.2484E+00  1.1314E+01  1.6664E+00
  2.9645E+00  1.1195E+01  1.9460E+00
  3.3342E+00  1.0981E+01  1.8540E+00
  3.2300E+00  1.1220E+01  2.1817E+00
  3.3464E+00  1.1199E+01  2.4574E+00
