  9.2851E+00  1.2589E+01 -3.2904E-01
  8.0638E+00  1.1729E+01  1.9405E-01
  8.7969E+00  1.2085E+01 -2.6469E-01
  1.0104E+01  1.2250E+01  4.7254E-01
  1.0006E+01  1.2257E+01  8.3384E-01
  9.9733E+00  1.2085E+01  1.5632E-01
  9.4459E+00  1.2292E+01  8.5810E-01
  9.1935E+00  1.1850E+01  1.3055E+00
  9.7297E+00  1.2226E+01  8.4178E-01
  9.8583E+00  1.2306E+01  5.3801E-01
  9.8402E+00  1.2428E+01  5.1526E-01
  9.8269E+00  1.2429E+01  6.2333E-01
  9.7519E+00  1.2286E+01  8.8351E-01
  9.6151E+00  1.2101E+01  8.9386E-01
  9.5167E+00  1.2042E+01  8.9727E-01
  9.5522E+00  1.2010E+01  9.5380E-01
  9.5739E+00  1.1992E+01  1.0667E+00
  9.5866E+00  1.2105E+01  1.0803E+00
  9.5574E+00  1.2196E+01  9.7614E-01
  9.5997E+00  1.2160E+01  1.1396E+00
  9.6728E+00  1.2003E+01  1.0276E+00
  9.7248E+00  1.2133E+01  1.4630E+00
  9.9584E+00  1.2186E+01  1.4780E+00
  9.8322E+00  1.2482E+01  1.1851E+00
  9.8966E+00  1.2498E+01  1.3673E+00
  9.9059E+00  1.2287E+01  1.8994E+00
  9.5790E+00 -1.2426E+01  2.8028E+00
  9.2377E+00 -1.2334E+01  3.2534E+00
  8.6211E+00 -1.2155E+01  3.4671E+00
  7.7669E+00 -1.2226E+01  4.5832E+00
  6.2354E+00 -1.2244E+01  4.6323E+00
  5.5515E+00  1.2450E+01  4.7344E+00
  4.6494E+00 -1.2267E+01  4.2781E+00
  4.2231E+00 -1.2181E+01  4.5862E+00
  3.7925E+00 -1.1761E+01  4.2969E+00
  3.9157E+00 -1.2199E+01  4.5804E+00
  3.8274E+00 -1.2478E+01  4.1579E+00
  2.7157E+00 -1.2090E+01  4.1814E+00
  1.7951E+00 -1.1779E+01  3.1693E+00
  1.5971E+00 -1.2247E+01  2.6230E+00
  1.3620E+00 -1.2270E+01  2.8694E+00
  1.6827E+00 -1.2400E+01  3.4560E+00
  1.4495E+00 -1.2400E+01  3.3276E+00
  1.0048E+00 -1.2455E+01  2.4533E+00
  1.1028E+00  1.2457E+01  1.9566E+00
  1.1460E+00  1.2595E+01  2.3659E+00
  1.6734E+00  1.2573E+01  2.8611E+00
  1.4842E+00 -1.2577E+01  2.5751E+00
  1.2723E+00 -1.2303E+01  1.6285E+00
  1.3066E+00 -1.2415E+01  1.2135E+00
  1.3947E+00 -1.2114E+01  1.3304E+00
  1.5873E+00 -1.2307E+01  1.4755E+00
  1.5349E+00 -1.2044E+01  9.0272E-01
  1.8682E+00 -1.2117E+01 -6.7128E-01
  2.8163E+00 -1.2468E+01 -7.3101E-01
  2.1987E+00 -1.2037E+01 -9.4715E-01
  1.1826E+00 -1.2498E+01 -6.9128E-01
  1.1083E+00  1.2584E+01 -1.3666E+00
  1.9640E+00 -1.2276E+01 -1.6721E+00
  1.9939E+00 -1.2053E+01 -1.3641E+00
  9.3851E-01 -1.2471E+01 -9.0108E-01
  1.0274E+00  1.1948E+01 -4.0028E-01
  1.0788E+00  1.2465E+01 -9.7995E-01
  1.7924E+00 -1.2558E+01 -9.0457E-01
  1.3412E+00  1.1866E+01 -3.7272E-01
  1.3678E+00  1.1509E+01  2.6102E-01
  1.3068E+00  1.1801E+01 -1.7063E-01
  1.5325E+00  1.1719E+01 -2.5403E-01
  1.4002E+00  1.1477E+01  3.0701E-01
  1.3307E+00  1.1356E+01  4.2977E-01
  1.4759E+00  1.1643E+01  4.0327E-01
  1.6128E+00  1.1539E+01  6.8418E-01
  1.6441E+00  1.1235E+01  8.4178E-01
  1.8586E+00  1.1322E+01  1.0045E+00
  1.9780E+00  1.1346E+01  1.0204E+00
  1.9646E+00  1.1577E+01  8.2519E-01
  2.0484E+00  1.2055E+01  5.9717E-01
  2.1540E+00  1.2433E+01  7.3066E-01
  1.8415E+00  1.2461E+01  7.1015E-01
  1.5842E+00  1.2393E+01  6.4301E-01
  1.5243E+00  1.2562E+01  4.6973E-01
  1.6030E+00 -1.2372E+01  4.2523E-01
  1.3491E+00  1.2597E+01  6.6227E-01
  1.2844E+00  1.2286E+01  7.6855E-01
  1.5308E+00  1.2501E+01  8.7018E-01
  1.8483E+00 -1.2455E+01  4.2375E-01
  1.6628E+00 -1.2525E+01  8.9716E-01
  1.8725E+00  1.2401E+01  1.2943E+00
  2.4318E+00  1.2554E+01  4.0559E-01
  2.1882E+00  1.2171E+01  8.7607E-01
  2.1683E+00  1.1915E+01  9.4591E-01
  2.6537E+00  1.2116E+01  3.5156E-01
  2.2261E+00  1.1592E+01  8.0884E-01
  2.4174E+00  1.1582E+01  4.2954E-01
  2.2346E+00  1.1573E+01  7.4900E-01
  2.0704E+00  1.1559E+01  1.7170E+00
  1.9589E+00  1.1241E+01  1.2178E+00
  2.1424E+00  1.1393E+01  9.0510E-01
  2.0388E+00  1.1596E+01  1.4602E+00
  2.3870E+00  1.1498E+01  1.9541E+00
  2.6532E+00  1.1678E+01  1.5700E+00
  2.7346E+00  1.1268E+01  1.4686E+00
  2.7954E+00  1.0932E+01  1.6335E+00
  2.5885E+00  1.1355E+01  1.3034E+00
  2.2664E+00  1.1385E+01  7.8308E-01
  2.2417E+00  1.0760E+01  6.8219E-01
  1.9982E+00  1.1099E+01  1.0843E+00
  1.9696E+00  1.1684E+01  1.5172E+00
  1.6055E+00  1.1569E+01  1.2020E+00
  1.8943E+00  1.1915E+01  8.2608E-01
  2.0204E+00  1.1899E+01  8.5580E-01
  2.1872E+00  1.1918E+01  9.9540E-01
  2.4584E+00  1.1582E+01  1.2024E+00
  3.4066E+00  1.0970E+01  1.1281E+00
  3.9954E+00  1.0927E+01  7.0357E-01
  3.2026E+00  1.1104E+01  1.0858E+00
  2.6181E+00  1.1381E+01  1.0681E+00
  2.1996E+00  1.1821E+01  7.0651E-01
  2.5784E+00  1.2365E+01  9.9473E-01
  2.1586E+00  1.2164E+01  3.8575E-01
  2.3107E+00  1.1856E+01  8.4853E-01
  1.9803E+00  1.1558E+01  9.4014E-01
  1.9635E+00  1.1463E+01  9.8071E-01
  2.1514E+00  1.1815E+01  1.0810E+00
  2.6607E+00  1.2597E+01  4.3504E-01
  3.0575E+00 -1.2598E+01  4.0860E-01
  1.7634E+00  1.2263E+01  9.6045E-02
  1.8820E+00  1.1554E+01  4.3360E-01
  1.5482E+00  1.2260E+01  3.2059E-01
  2.1692E+00 -1.2394E+01  1.9661E-01
  2.4425E+00 -1.2367E+01 -6.2727E-01
  2.0271E+00  1.1948E+01 -4.9271E-01
  2.5870E+00  1.0947E+01 -9.2458E-01
  2.5380E+00  1.2477E+01 -8.5839E-01
  3.2462E+00  1.2415E+01 -6.8010E-01
  2.7039E+00  1.2328E+01 -1.2472E+00
  2.7103E+00  1.0873E+01 -1.4480E+00
  2.4434E+00  1.1456E+01 -1.0740E+00
  3.3508E+00  1.2123E+01 -1.2959E+00
  2.4785E+00  1.1478E+01 -1.6873E+00
  2.8499E+00  1.0914E+01 -2.6264E+00
  3.0392E+00  1.0363E+01 -2.3172E+00
  2.7259E+00  1.0867E+01 -2.6510E+00
  2.8105E+00  1.0913E+01 -2.1471E+00
  3.1284E+00  1.1181E+01 -1.9720E+00
  3.0843E+00  1.1078E+01 -1.8802E+00
  3.2819E+00  1.1124E+01 -1.7213E+00
  3.3149E+00  1.0701E+01 -1.8010E+00
  3.2779E+00  1.0361E+01 -1.7045E+00
  3.3812E+00  1.0773E+01 -1.4351E+00
  3.2557E+00  1.0730E+01 -1.4828E+00
  3.0689E+00  1.0221E+01 -1.5086E+00
  3.0731E+00  1.0747E+01 -1.7867E+00
  2.8854E+00  1.0688E+01 -1.5135E+00
  2.8381E+00  1.0233E+01 -7.9490E-01
  2.9109E+00  1.0550E+01 -1.0581E+00
  2.9835E+00  1.0732E+01 -1.0946E+00
  2.8951E+00  1.0429E+01 -1.0166E+00
  2.9945E+00  1.0024E+01 -6.4581E-01
  3.4052E+00  1.0037E+01 -2.0926E-01
  3.5465E+00  9.6940E+00 -2.7351E-02
  3.5413E+00  9.8432E+00  4.7170E-01
  3.3941E+00  1.0094E+01  1.3661E-01
  3.2637E+00  1.0161E+01 -6.1729E-02
  3.1308E+00  1.0446E+01 -2.3465E-01
  2.7025E+00  1.0466E+01 -3.2021E-01
  2.5551E+00  1.0634E+01 -2.8197E-01
  2.6772E+00  1.0297E+01 -3.2371E-01
  2.7495E+00  1.0196E+01 -7.8469E-01
  2.8388E+00  1.0716E+01 -6.0177E-01
  2.8400E+00  1.0687E+01 -8.6921E-01
  3.0697E+00  1.0925E+01 -1.2624E+00
  3.1764E+00  1.0751E+01 -9.5272E-01
  3.1448E+00  1.0710E+01 -7.6752E-01
  3.4521E+00  1.1221E+01 -9.2405E-01
  3.4572E+00  1.0931E+01 -6.9449E-01
  3.3484E+00  1.0609E+01 -8.7287E-01
  3.6617E+00  1.1336E+01 -8.3115E-01
  3.4908E+00  1.1208E+01 -8.2490E-01
  3.3056E+00  1.0634E+01 -8.9735E-01
  3.6679E+00  1.1508E+01 -9.1281E-01
  3.7126E+00  1.1548E+01 -9.0388E-01
  3.6381E+00  1.0727E+01 -1.0616E+00
  3.9585E+00  1.1222E+01 -1.1395E+00
  3.7895E+00  1.1440E+01 -8.9064E-01
  3.5334E+00  1.1203E+01 -8.0554E-01
  3.9444E+00  1.1850E+01 -1.0469E+00
  4.0348E+00  1.1619E+01 -1.4035E+00
  3.5519E+00  1.1018E+01 -1.0509E+00
  3.7759E+00  1.1538E+01 -7.5236E-01
  3.8692E+00  1.1453E+01 -9.5163E-01
  3.4411E+00  1.0501E+01 -1.0929E+00
  3.7605E+00  1.1156E+01 -9.6049E-01
  3.4471E+00  1.1070E+01 -8.9727E-01
  3.2986E+00  1.0625E+01 -5.8885E-01
  3.6026E+00  1.1083E+01 -8.2680E-01
  3.4852E+00  1.1413E+01 -1.1027E+00
  3.3909E+00  1.1609E+01 -6.8766E-01
  3.9814E+00  1.2001E+01 -1.1319E+00
  3.7635E+00  1.1625E+01 -1.3227E+00
  3.5177E+00  1.1589E+01 -1.0522E+00
  3.7201E+00  1.1772E+01 -1.3411E+00
  3.6667E+00  1.1378E+01 -1.2275E+00
  3.4339E+00  1.0986E+01 -1.1778E+00
  3.0607E+00  1.1196E+01 -1.2676E+00
  3.0800E+00  1.1243E+01 -1.3851E+00
  2.8858E+00  1.0992E+01 -8.2913E-01
  2.7053E+00  1.0602E+01 -1.0244E+00
  2.8492E+00  1.0774E+01 -9.6670E-01
  2.4431E+00  1.0563E+01 -2.9227E-01
  2.3645E+00  1.0205E+01 -3.6835E-01
  2.8311E+00  1.0613E+01 -5.8611E-01
  2.7890E+00  1.0324E+01 -1.3704E-01
  2.4481E+00  9.6021E+00 -2.1749E-01
  2.4477E+00  9.9634E+00 -6.6149E-02
  2.6447E+00  1.0080E+01 -5.2741E-01
  2.7015E+00  9.6506E+00 -6.1176E-01
  2.7833E+00  1.0052E+01 -7.5585E-01
  2.8966E+00  1.0100E+01 -7.7623E-01
  2.9959E+00  9.6517E+00 -6.6343E-01
  3.1910E+00  1.0112E+01 -9.0189E-01
  3.1615E+00  1.0232E+01 -8.2997E-01
  3.0622E+00  9.7641E+00 -6.0150E-01
  2.9641E+00  9.8507E+00 -7.9620E-01
  2.7184E+00  9.5206E+00 -5.8732E-01
  2.4493E+00  9.8991E+00 -5.6802E-01
  2.3354E+00  1.0572E+01 -6.7830E-01
  2.1818E+00  1.0494E+01 -6.8794E-01
  2.2802E+00  1.0428E+01 -7.8661E-01
  2.6973E+00  1.0851E+01 -7.8067E-01
  2.7299E+00  1.0549E+01 -8.6319E-01
  2.4765E+00  9.8595E+00 -7.0169E-01
  2.3618E+00  1.0368E+01 -2.1364E-01
  2.4390E+00  1.0671E+01 -1.0203E+00
  2.6155E+00  1.0660E+01 -7.1411E-01
  2.6731E+00  9.7190E+00 -5.4183E-01
  2.6975E+00  9.6998E+00 -3.5418E-01
  2.6347E+00  9.8607E+00 -2.1734E-01
  2.3447E+00  9.2853E+00 -1.7436E-01
  2.4930E+00  9.4890E+00 -1.1574E-01
  2.8285E+00  1.0022E+01 -8.4607E-01
  2.6148E+00  9.8682E+00 -7.8918E-01
  2.5704E+00  9.4260E+00 -4.0659E-01
  2.6474E+00  1.0027E+01 -1.1269E+00
  2.8468E+00  1.0136E+01 -1.1617E+00
  2.7925E+00  1.0151E+01 -5.2689E-01
  2.9279E+00  1.0586E+01 -8.2510E-01
  2.8206E+00  1.0232E+01 -7.4593E-01
  2.5893E+00  9.8551E+00 -3.1445E-01
  2.3628E+00  1.0380E+01 -9.8473E-01
  2.2771E+00  1.0356E+01 -9.5301E-01
  2.1930E+00  9.7395E+00 -6.5104E-01
  2.3189E+00  1.0142E+01 -6.7989E-01
  2.3439E+00  9.8374E+00 -7.5741E-01
  2.4736E+00  9.1384E+00 -6.0614E-01
  2.7565E+00  9.7442E+00 -1.1397E+00
  2.8830E+00  9.9461E+00 -9.8432E-01
  3.0538E+00  9.3357E+00 -2.8243E-01
  3.4875E+00  9.8849E+00 -1.2704E+00
  3.1886E+00  9.3305E+00 -4.8051E-01
  3.0073E+00  9.7140E+00 -5.8447E-01
  3.3358E+00  1.0507E+01 -9.9647E-01
  2.9131E+00  9.9770E+00 -2.5171E-01
  2.7494E+00  9.9869E+00 -1.0214E+00
  2.7968E+00  1.0567E+01 -7.4478E-01
  2.6352E+00  1.0226E+01 -5.1856E-01
  2.8349E+00  1.0207E+01 -3.8246E-01
  2.8749E+00  1.0204E+01 -4.2534E-01
  2.7254E+00  9.2975E+00 -1.3506E-01
  2.4214E+00  9.9485E+00 -8.7734E-01
  2.4709E+00  1.0181E+01 -8.2744E-01
  2.6086E+00  9.3001E+00  2.9745E-02
  2.4380E+00  9.7852E+00 -6.9519E-01
  2.7138E+00  9.7806E+00 -1.0101E+00
  2.7628E+00  9.1932E+00 -1.1287E-01
  2.6514E+00  9.3874E+00 -5.7855E-01
  3.2906E+00  9.8489E+00 -1.1985E+00
  2.9838E+00  9.6547E+00 -6.9406E-01
  3.1171E+00  9.0927E+00 -5.8283E-01
  3.1795E+00  1.0047E+01 -1.0859E+00
  3.0815E+00  1.0220E+01 -1.4006E+00
  2.7577E+00  9.5162E+00 -1.1698E+00
  2.7206E+00  1.0428E+01 -1.3137E+00
  3.0087E+00  1.0688E+01 -1.3500E+00
  2.5877E+00  1.0049E+01 -1.4631E+00
  2.2792E+00  9.8235E+00 -1.2030E+00
  2.3111E+00  9.9261E+00 -1.5867E+00
  1.9838E+00  9.6888E+00 -1.4562E+00
  1.8573E+00  9.7583E+00 -9.5642E-01
  1.7560E+00  9.7204E+00 -1.1935E+00
  1.5393E+00  9.5463E+00 -1.1014E+00
  1.6743E+00  9.7000E+00 -7.8389E-01
  1.7211E+00  9.1034E+00 -9.0656E-01
  1.9851E+00  9.2872E+00 -1.3231E+00
  2.1024E+00  9.5114E+00 -1.0331E+00
  2.1289E+00  9.7935E+00 -1.2942E+00
  2.1137E+00  9.7791E+00 -1.3372E+00
  2.0543E+00  9.3783E+00 -1.2980E+00
  2.0707E+00  1.0094E+01 -1.3137E+00
  2.0186E+00  1.0141E+01 -1.1181E+00
  1.9691E+00  9.4712E+00 -8.7729E-01
  1.8085E+00  9.8969E+00 -7.9672E-01
  1.8225E+00  9.9204E+00 -8.3510E-01
  1.8608E+00  9.5426E+00 -5.4295E-01
  1.8487E+00  9.7643E+00 -3.0824E-01
  1.8268E+00  9.1722E+00  5.3440E-02
  1.9166E+00  8.9631E+00  4.2491E-01
  1.7237E+00  9.4970E+00 -6.9918E-02
  1.5881E+00  9.1909E+00 -4.1663E-01
  1.6088E+00  9.1690E+00 -2.9005E-01
  1.7830E+00  9.2029E+00 -3.3613E-01
  2.0006E+00  8.7775E+00 -4.0922E-01
  2.3757E+00  8.5014E+00  9.9031E-03
  2.4805E+00  8.6797E+00 -1.8351E-01
  2.4608E+00  8.5875E+00 -1.6130E-01
  2.4315E+00  8.6896E+00 -2.7281E-01
  2.3686E+00  8.4257E+00 -6.8764E-01
  2.3039E+00  8.4603E+00 -1.5798E-01
  2.3321E+00  8.5817E+00 -6.1804E-02
  2.3064E+00  8.5323E+00 -3.8739E-01
  2.4997E+00  8.7772E+00  9.2991E-02
  2.4352E+00  8.7026E+00  9.8043E-02
  2.2681E+00  8.9968E+00 -1.1263E-01
  2.4962E+00  9.3645E+00  6.2892E-01
  2.5612E+00  9.3506E+00  7.7202E-01
  2.5082E+00  9.4616E+00  6.1222E-01
  2.6328E+00  9.8627E+00  8.7513E-01
  2.2843E+00  9.7394E+00  4.1863E-01
  2.3501E+00  9.7961E+00  2.2781E-01
  2.6290E+00  9.7181E+00  5.4954E-01
  2.3365E+00  9.6380E+00  4.1970E-02
  2.3095E+00  9.4241E+00 -1.1158E+00
  2.1717E+00  9.7570E+00 -5.1830E-01
  2.2262E+00  9.9017E+00 -3.7523E-01
  2.1675E+00  1.0074E+01 -1.0924E+00
  2.2683E+00  1.0422E+01 -7.5699E-01
  2.5233E+00  1.0420E+01 -2.0967E-01
  2.3642E+00  1.0584E+01 -1.1605E+00
  2.2463E+00  1.0339E+01 -1.0857E+00
  2.1644E+00  1.0341E+01 -7.4859E-01
  2.4831E+00  1.0684E+01 -1.4368E+00
  2.1551E+00  1.0507E+01 -7.5275E-01
  2.1811E+00  1.0457E+01 -4.6695E-01
  2.3391E+00  1.0549E+01 -1.0951E+00
  2.1491E+00  1.0260E+01 -5.2162E-01
  2.4189E+00  1.0284E+01 -1.3123E-01
  2.6116E+00  1.0044E+01  2.7908E-01
  2.8298E+00  9.8563E+00  5.0193E-01
  2.5999E+00  9.8321E+00  1.4791E-01
  2.2553E+00  9.5580E+00 -5.3230E-01
  2.0889E+00  9.8356E+00 -4.7488E-01
  2.1929E+00  1.0083E+01 -2.7168E-01
  2.1326E+00  9.3674E+00 -4.6639E-01
  2.3498E+00  9.8820E+00 -3.1950E-01
  2.5267E+00  9.7618E+00  1.9973E-01
  2.4441E+00  9.4885E+00  2.9805E-01
  2.3900E+00  9.4120E+00  3.8964E-01
  2.3690E+00  9.4727E+00 -3.6658E-02
  2.3366E+00  8.8962E+00 -5.9252E-01
  2.2755E+00  9.3752E+00 -5.8542E-01
  2.1311E+00  9.4864E+00 -5.1074E-01
  2.1035E+00  9.3673E+00 -1.1717E-01
  2.1402E+00  8.7942E+00  2.0053E-01
  2.0045E+00  9.0261E+00  2.0991E-01
  1.8547E+00  9.1451E+00  4.5894E-01
  1.9740E+00  9.1595E+00  8.4542E-01
  2.3710E+00  9.4851E+00  9.1462E-01
  2.3514E+00  9.6194E+00  9.9631E-01
  2.1539E+00  9.5924E+00  7.1925E-01
  2.1790E+00  9.5773E+00  1.9130E-01
  2.2161E+00  9.5441E+00 -9.1252E-02
  2.1670E+00  9.6130E+00 -6.0410E-01
  2.1300E+00  9.7394E+00 -1.1846E+00
  1.9269E+00  9.6391E+00 -1.1286E+00
  1.9033E+00  9.4857E+00 -4.1677E-01
  1.9506E+00  9.3420E+00 -4.5052E-01
  2.0581E+00  9.2421E+00 -4.2081E-01
  2.0132E+00  9.4562E+00  3.1583E-01
  1.9568E+00  9.3506E+00  4.8207E-01
  2.0952E+00  9.5500E+00  2.0931E-01
  2.2081E+00  9.7192E+00  4.9327E-01
  2.3432E+00  9.8882E+00  5.4351E-01
  2.2688E+00  9.9165E+00  7.1820E-01
  1.9557E+00  9.9760E+00  9.2773E-01
  2.1392E+00  1.0441E+01  7.8088E-01
  2.0200E+00  9.9067E+00  5.9636E-01
  2.2175E+00  9.4324E+00  1.2427E+00
  2.4320E+00  1.0209E+01  1.3844E+00
  2.2005E+00  9.6102E+00  8.4122E-01
  2.4933E+00  9.7790E+00  6.6775E-01
  2.5362E+00  1.0508E+01  1.8938E+00
  3.2238E+00  1.1090E+01  2.0573E+00
  2.5887E+00  1.0790E+01  2.4730E+00
  2.4109E+00  1.0413E+01  1.9736E+00
  2.3332E+00  1.1074E+01  2.3258E+00
  3.0550E+00  1.1542E+01  3.1438E+00
  3.6654E+00  1.1375E+01  3.2683E+00
  3.1138E+00  1.1459E+01  3.2667E+00
  2.5115E+00  1.1239E+01  3.5067E+00
  2.4374E+00  1.1281E+01  3.6571E+00
