  8.4861E+00 -1.0177E+01  7.6756E-01
  8.9333E+00 -1.0719E+01  6.7390E-01
  9.3374E+00 -1.0143E+01 -7.4069E-01
  8.4077E+00 -1.0667E+01 -9.4944E-01
  8.2308E+00 -1.1014E+01 -6.4237E-01
  8.6538E+00 -1.1132E+01 -9.1083E-01
  8.2546E+00 -1.1462E+01 -4.6834E-01
  8.1385E+00 -1.1220E+01 -8.5757E-01
  8.0597E+00 -1.1308E+01 -8.3055E-01
  7.9925E+00 -1.1531E+01 -6.8389E-01
  7.9359E+00 -1.1733E+01 -6.3200E-01
  7.7584E+00 -1.1819E+01 -5.5633E-01
  7.6372E+00 -1.1814E+01 -6.2481E-01
  7.5391E+00 -1.1802E+01 -4.8892E-01
  7.4685E+00 -1.1906E+01 -4.2732E-01
  7.3602E+00 -1.2129E+01 -4.8938E-01
  7.3470E+00 -1.2206E+01 -5.3247E-01
  7.4694E+00 -1.2234E+01 -3.6476E-01
  7.5084E+00 -1.2329E+01 -3.0775E-01
  7.5610E+00 -1.2351E+01 -3.5530E-01
  7.7010E+00 -1.2247E+01 -3.8665E-01
  7.7224E+00 -1.1992E+01 -2.5077E-01
  7.6095E+00 -1.1914E+01 -1.7157E-01
  7.5825E+00 -1.2071E+01 -1.0237E-01
  7.5390E+00 -1.1801E+01  3.7746E-01
  7.5544E+00 -1.1661E+01  3.1601E-01
  7.5884E+00 -1.1605E+01  2.9920E-01
  7.3335E+00 -1.1401E+01  5.0368E-01
  7.6715E+00 -1.0989E+01  7.2052E-01
  7.6220E+00 -1.0594E+01  4.8228E-01
  8.6924E+00 -1.0247E+01  7.7187E-01
  9.2432E+00 -9.9193E+00  3.5435E-01
  1.0053E+01 -1.0427E+01  1.8982E-01
  1.0444E+01 -1.1072E+01  1.9657E-01
  1.0861E+01 -1.1995E+01 -1.7269E-01
  1.1235E+01 -1.1632E+01 -5.3473E-01
  1.1370E+01 -1.2200E+01 -1.1607E+00
  1.1482E+01  1.2422E+01 -1.5142E+00
  1.1767E+01  1.2303E+01 -1.3840E+00
  1.1868E+01  1.2255E+01 -1.4693E+00
  1.1785E+01  1.2226E+01 -1.5408E+00
  1.1783E+01 -1.2582E+01 -1.8663E+00
  1.1384E+01 -1.2331E+01 -2.3489E+00
  1.1001E+01 -1.2230E+01 -2.4226E+00
  1.1096E+01 -1.2150E+01 -2.1811E+00
  1.1013E+01 -1.2020E+01 -1.8243E+00
  1.0778E+01 -1.1974E+01 -2.0746E+00
  1.0245E+01 -1.2065E+01 -2.5331E+00
  1.0060E+01 -1.2074E+01 -2.4305E+00
  1.0405E+01 -1.2165E+01 -1.7303E+00
  1.0194E+01 -1.2113E+01 -1.1220E+00
  1.0151E+01 -1.2152E+01 -1.2652E+00
  1.0422E+01 -1.2134E+01 -9.8319E-01
  1.0497E+01 -1.2486E+01 -2.0898E-02
  1.0061E+01  1.2477E+01  2.9290E-01
  1.0409E+01 -1.2549E+01  2.5670E-02
  1.0564E+01 -1.2334E+01 -5.1137E-01
  1.0563E+01 -1.2024E+01 -1.0102E-01
  1.0750E+01 -1.2132E+01 -7.1330E-01
  1.0683E+01 -1.1928E+01 -5.0085E-01
  1.0653E+01 -1.2004E+01 -2.7311E-01
  1.0688E+01 -1.1800E+01 -6.4961E-02
  1.0770E+01 -1.1749E+01 -1.7220E-01
  1.0853E+01 -1.2056E+01 -5.2857E-01
  1.0566E+01 -1.1826E+01 -5.9006E-01
  1.0176E+01 -1.2169E+01 -7.6896E-01
  1.0327E+01 -1.1982E+01 -6.5011E-01
  1.0826E+01 -1.2205E+01 -3.2137E-01
  1.0836E+01 -1.1911E+01  6.0797E-01
  1.0564E+01 -1.2595E+01  8.7444E-01
  1.0306E+01 -1.2392E+01  1.3021E+00
  9.8618E+00  1.2250E+01  1.3583E+00
  9.3911E+00  1.2290E+01  1.5975E+00
  9.3050E+00  1.1784E+01  1.5922E+00
  8.9982E+00  1.1548E+01  1.7307E+00
  9.1820E+00  1.1932E+01  1.9062E+00
  9.2144E+00  1.1843E+01  1.7538E+00
  9.1692E+00  1.1797E+01  1.7769E+00
  9.3599E+00  1.1712E+01  1.6622E+00
  9.1225E+00  1.1823E+01  1.6501E+00
  8.7877E+00  1.1531E+01  1.5471E+00
  8.8651E+00  1.1810E+01  1.8780E+00
  8.7749E+00  1.1652E+01  2.2803E+00
  8.5341E+00  1.1541E+01  2.4903E+00
  8.3046E+00  1.1725E+01  2.6865E+00
  8.0758E+00  1.1511E+01  2.6749E+00
  8.0140E+00  1.1496E+01  2.6124E+00
  8.0894E+00  1.1628E+01  2.3141E+00
  8.5710E+00  1.1891E+01  2.3945E+00
  8.3457E+00  1.1666E+01  2.0012E+00
  8.2976E+00  1.1513E+01  1.9870E+00
  8.2822E+00  1.1590E+01  1.9271E+00
  8.3343E+00  1.1607E+01  1.9309E+00
  8.4260E+00  1.1662E+01  2.2107E+00
  8.3631E+00  1.1508E+01  2.1638E+00
  8.6948E+00  1.1575E+01  2.4225E+00
  8.7851E+00  1.2062E+01  2.6657E+00
  9.5667E+00  1.2137E+01  3.0256E+00
  9.4291E+00  1.2186E+01  3.1203E+00
  9.4867E+00  1.1792E+01  2.8476E+00
  9.6700E+00  1.1934E+01  2.7566E+00
  9.2511E+00  1.2369E+01  2.7396E+00
  1.0359E+01  1.2112E+01  2.7495E+00
  1.0874E+01  1.2204E+01  2.2458E+00
  1.1022E+01  1.2211E+01  2.1972E+00
  1.0789E+01 -1.2107E+01  2.7004E+00
  1.0326E+01 -1.2126E+01  2.3723E+00
  1.0318E+01 -1.1790E+01  2.0646E+00
  1.1236E+01 -1.2300E+01  1.7358E+00
  1.1428E+01 -1.2261E+01  7.0677E-01
  1.1382E+01 -1.2206E+01  7.7723E-01
  1.1134E+01 -1.1992E+01  1.0197E+00
  1.1109E+01 -1.2123E+01  7.7211E-01
  1.1316E+01 -1.2130E+01  6.1791E-02
  1.1242E+01 -1.2324E+01  4.3892E-01
  1.1045E+01 -1.1922E+01  5.8155E-01
  1.1353E+01 -1.1787E+01 -2.1419E-01
  1.1277E+01 -1.2231E+01 -1.7837E-01
  1.1118E+01 -1.1933E+01  1.2160E-01
  1.0673E+01 -1.2079E+01  8.2503E-01
  1.0663E+01 -1.2006E+01  9.4619E-01
  1.0821E+01 -1.2449E+01  9.3201E-01
  1.0997E+01 -1.2146E+01  9.3505E-01
  1.1148E+01 -1.2119E+01  1.1471E+00
  1.1378E+01 -1.2387E+01  1.0003E+00
  1.1563E+01 -1.2418E+01  5.2774E-01
  1.1319E+01 -1.2474E+01  1.0751E+00
  1.1015E+01 -1.1923E+01  1.1452E+00
  1.1568E+01 -1.2447E+01  4.7856E-01
  1.0577E+01 -1.2357E+01 -6.1913E-01
  1.1184E+01 -1.2305E+01  1.6798E-02
  1.0168E+01 -1.1875E+01  1.2029E+00
  9.9594E+00 -1.1779E+01  1.3379E+00
  1.0435E+01 -1.1622E+01  5.0093E-01
  1.0059E+01 -1.2098E+01  2.7191E-01
  9.6301E+00  1.2288E+01  8.7865E-01
  9.8499E+00  1.2428E+01  7.9235E-01
  9.4395E+00  1.2134E+01  1.0678E+00
  9.5466E+00  1.2169E+01  8.0284E-01
  9.4709E+00  1.1987E+01  1.0767E+00
  9.5418E+00  1.2051E+01  1.2487E+00
  9.6194E+00  1.2158E+01  9.1616E-01
  9.5215E+00  1.2246E+01  4.6616E-01
  9.6150E+00  1.2265E+01  5.4362E-01
  9.8204E+00  1.2404E+01  1.0241E+00
  9.6348E+00  1.2447E+01  7.8509E-01
  9.3620E+00  1.2413E+01  6.4146E-01
  9.4205E+00 -1.2565E+01  4.7433E-01
  9.5674E+00 -1.2463E+01  5.1744E-01
  9.5421E+00 -1.2486E+01  3.3405E-01
  9.4146E+00 -1.2305E+01  3.4390E-01
  9.3375E+00 -1.2254E+01  2.6245E-01
  9.5895E+00 -1.2273E+01  3.5601E-01
  9.8605E+00 -1.2291E+01  3.0816E-01
  9.3386E+00 -1.2366E+01  1.8361E-01
  9.2926E+00 -1.2366E+01  7.1098E-03
  9.2251E+00 -1.2598E+01  3.1494E-02
  9.2699E+00  1.2179E+01  2.8408E-01
  9.2920E+00  1.2093E+01  1.2303E-01
  8.7448E+00  1.2137E+01  1.6993E-01
  8.7681E+00  1.2101E+01  2.3433E-01
  8.6455E+00  1.2082E+01  1.7605E-01
  8.5219E+00  1.2000E+01  2.5630E-02
  8.4662E+00  1.2252E+01  1.4090E-01
  8.5962E+00  1.2072E+01  7.2570E-02
  8.6519E+00  1.2183E+01  2.7870E-01
  9.0592E+00  1.2079E+01  4.3329E-01
  9.0189E+00  1.2165E+01  3.7379E-01
  9.1275E+00  1.2271E+01  4.0385E-01
  9.1128E+00  1.2048E+01  4.3322E-01
  8.7501E+00  1.2187E+01  3.1313E-01
  9.0141E+00  1.1922E+01  3.5096E-01
  8.7531E+00  1.1838E+01  4.7969E-01
  8.9962E+00  1.2012E+01  1.7514E-01
  8.7517E+00  1.1987E+01  4.1535E-01
  8.9039E+00  1.1956E+01  4.1046E-01
  9.0792E+00  1.2151E+01  3.5819E-01
  8.8457E+00  1.2292E+01  3.7808E-01
  8.8790E+00  1.2286E+01  3.4904E-01
  8.6992E+00  1.2372E+01  1.6440E-01
  8.7413E+00  1.2173E+01  1.5334E-01
  8.5016E+00  1.2388E+01  2.1519E-01
  8.4980E+00 -1.2540E+01  2.1343E-02
  8.5889E+00 -1.2454E+01 -1.3159E-02
  8.6804E+00 -1.2433E+01  4.8000E-02
  8.4654E+00 -1.2365E+01 -4.7128E-03
  8.7312E+00 -1.2009E+01  1.6226E-02
  8.5700E+00 -1.1906E+01 -1.3892E-01
  8.6261E+00 -1.2020E+01 -2.4116E-01
  8.6471E+00 -1.2318E+01 -9.8153E-02
  8.6405E+00 -1.2520E+01 -1.9690E-01
  8.6048E+00  1.2455E+01 -4.6442E-01
  8.5224E+00  1.2516E+01 -6.6280E-01
  8.7683E+00  1.2419E+01 -4.0612E-01
  8.7783E+00  1.2510E+01 -6.1313E-01
  8.7696E+00 -1.2577E+01 -7.1057E-01
  8.4697E+00 -1.2547E+01 -7.3813E-01
  8.6481E+00  1.2465E+01 -8.5774E-01
  8.9540E+00  1.2472E+01 -5.7920E-01
  8.6381E+00  1.2072E+01 -6.9474E-01
  8.5518E+00  1.2089E+01 -4.5276E-01
  8.5351E+00  1.1995E+01 -6.8545E-01
  8.6814E+00  1.2123E+01 -6.8958E-01
  8.9276E+00  1.2165E+01 -1.0495E+00
  8.8732E+00  1.2127E+01 -1.4200E+00
  9.3611E+00  1.2210E+01 -1.8307E+00
  1.0167E+01 -1.2577E+01 -1.7865E+00
  1.0279E+01  1.2494E+01 -2.0218E+00
  1.0760E+01 -1.2390E+01 -2.1950E+00
  1.1081E+01 -1.2576E+01 -1.3635E+00
  1.0973E+01  1.1858E+01 -1.1965E+00
  1.0565E+01  1.1622E+01 -9.0373E-01
  1.0836E+01  1.1737E+01 -1.2837E+00
  1.0261E+01  1.2382E+01 -7.0665E-01
  1.0408E+01  1.2406E+01 -8.6447E-01
  1.1167E+01  1.2167E+01 -7.0874E-01
  1.0517E+01  1.2418E+01 -6.0974E-01
  1.1073E+01  1.1885E+01 -7.5046E-01
  1.0445E+01  1.2016E+01 -6.1660E-01
  1.0110E+01  1.1985E+01 -1.9950E-01
  1.0332E+01  1.1711E+01 -4.9829E-01
  1.0483E+01  1.1758E+01 -5.4617E-01
  1.0515E+01  1.2017E+01 -4.8780E-01
  1.0639E+01  1.1617E+01 -7.9048E-02
  1.0440E+01  1.1462E+01 -1.4574E-01
  1.0767E+01  1.1088E+01  9.2410E-02
  1.0709E+01  1.1336E+01  1.3630E-01
  1.0580E+01  1.0895E+01  4.0320E-01
  1.0670E+01  1.0785E+01  3.4094E-01
  1.0530E+01  1.0924E+01  4.4737E-01
  1.0131E+01  1.0282E+01  9.7899E-01
  1.0332E+01  1.0694E+01  7.2507E-01
  1.0355E+01  1.0319E+01  6.5025E-01
  9.9325E+00  1.0361E+01  4.0623E-01
  9.9788E+00  1.0476E+01  5.0879E-01
  1.0001E+01  1.0889E+01  6.4159E-01
  1.0131E+01  1.0569E+01  7.5037E-01
  9.8651E+00  1.1023E+01  6.5753E-01
  9.9429E+00  1.0877E+01  7.3649E-01
  9.8236E+00  1.1350E+01  6.5350E-01
  9.7676E+00  1.1448E+01  5.3965E-01
  9.8164E+00  1.1684E+01  4.1193E-01
  9.8578E+00  1.1636E+01 -3.3206E-02
  9.9309E+00  1.1394E+01 -2.7811E-01
  1.0272E+01  1.1404E+01 -1.1576E-01
  1.0303E+01  1.1312E+01 -4.2794E-02
  9.7768E+00  1.1606E+01 -2.6106E-02
  1.0184E+01  1.1196E+01  1.3492E-01
  9.8103E+00  1.1564E+01 -5.2119E-02
  9.8571E+00  1.1104E+01 -2.4449E-01
  1.0312E+01  1.1005E+01  1.3641E-02
  1.0138E+01  1.1106E+01  2.0897E-02
  9.9457E+00  1.1155E+01  1.7050E-01
  9.7274E+00  1.0709E+01  3.3205E-01
  1.0254E+01  1.0369E+01  1.1474E+00
  9.5919E+00  1.0796E+01  4.6792E-01
  9.9683E+00  1.0695E+01  6.9019E-01
  9.4336E+00  1.1020E+01  4.9029E-01
  9.8651E+00  1.1092E+01  6.1702E-01
  9.5669E+00  1.1276E+01  1.3100E-01
  9.5092E+00  1.1457E+01  3.0063E-01
  9.6036E+00  1.1308E+01  4.4735E-01
  9.7747E+00  1.1339E+01  3.1928E-01
  9.8733E+00  1.1359E+01  1.6210E-01
  9.7500E+00  1.1308E+01  3.2762E-01
  9.9113E+00  1.1622E+01  7.1359E-01
  1.0033E+01  1.1404E+01  3.4949E-01
  1.0048E+01  1.1280E+01  1.2504E-01
  1.0174E+01  1.1316E+01  3.7443E-01
  1.0168E+01  1.0706E+01  4.3692E-01
  1.0506E+01  1.0897E+01  5.7821E-01
  1.0462E+01  1.0087E+01  3.9925E-02
  1.0587E+01  1.0231E+01 -2.7628E-02
  1.0220E+01  1.0158E+01 -1.9911E-02
  1.0456E+01  9.9490E+00 -1.0990E-01
  1.0639E+01  1.0121E+01 -4.8247E-02
  1.0756E+01  9.8662E+00  8.6655E-02
  1.0471E+01  1.0342E+01 -1.7243E-02
  1.0724E+01  1.0127E+01 -1.5250E-01
  1.0279E+01  1.0504E+01  4.7959E-02
  1.0533E+01  1.0534E+01  1.0456E-01
  1.0734E+01  1.0631E+01  1.5428E-01
  1.1095E+01  1.0366E+01  5.8226E-03
  1.1152E+01  1.0263E+01  1.4912E-01
  1.1122E+01  1.0557E+01  3.4620E-01
  1.1337E+01  1.0479E+01  2.7546E-01
  1.1370E+01  1.0457E+01  3.5659E-01
  1.1375E+01  1.0367E+01  4.4584E-01
  1.1340E+01  1.0378E+01  4.7532E-01
  1.1365E+01  1.0970E+01  5.2893E-01
  1.1561E+01  1.0684E+01  6.9308E-01
  1.1686E+01  1.0814E+01  7.9170E-01
  1.1308E+01  1.1223E+01  1.1132E+00
  1.1545E+01  1.1310E+01  8.8883E-01
  1.1205E+01  1.1339E+01  9.5665E-01
  1.1124E+01  1.0940E+01  1.2298E+00
  1.1225E+01  1.1024E+01  9.9106E-01
  1.1070E+01  1.0892E+01  9.2442E-01
  1.0994E+01  1.0917E+01  6.8599E-01
  1.0563E+01  1.0558E+01  7.4480E-01
  1.0851E+01  1.0678E+01  7.4454E-01
  1.0749E+01  1.0666E+01  5.7519E-01
  1.0653E+01  1.0494E+01  4.8447E-01
  1.0483E+01  1.0338E+01  6.3103E-01
  1.0739E+01  1.0821E+01  8.9050E-01
  1.0351E+01  1.0539E+01  8.8564E-01
  1.0231E+01  1.0367E+01  9.1596E-01
  1.0648E+01  1.0793E+01  1.1962E+00
  1.0631E+01  1.0720E+01  1.2314E+00
  1.0190E+01  1.0645E+01  1.2325E+00
  1.0135E+01  1.0588E+01  1.3399E+00
  9.8726E+00  1.0553E+01  1.5626E+00
  9.6491E+00  1.0524E+01  1.6253E+00
  9.7930E+00  1.0364E+01  1.7043E+00
  9.5177E+00  1.0303E+01  1.9841E+00
  9.7573E+00  1.0156E+01  1.9376E+00
  9.6985E+00  1.0218E+01  2.0896E+00
  9.5395E+00  1.0370E+01  2.1552E+00
  9.3252E+00  1.0267E+01  2.4139E+00
  9.4369E+00  1.0376E+01  2.5339E+00
  9.5834E+00  1.0432E+01  2.6170E+00
  1.0387E+01  1.1183E+01  2.7961E+00
  9.9209E+00  1.0814E+01  2.8934E+00
  1.0369E+01  1.1030E+01  2.9318E+00
  1.0316E+01  1.0873E+01  2.8264E+00
  9.8782E+00  1.0329E+01  2.9731E+00
  9.8895E+00  1.0230E+01  2.8689E+00
  1.0090E+01  1.0425E+01  2.9633E+00
  1.0304E+01  1.0652E+01  3.0730E+00
  1.0246E+01  1.0514E+01  3.2726E+00
  1.0427E+01  1.0542E+01  3.3095E+00
  1.0420E+01  1.0743E+01  3.2391E+00
  1.0387E+01  1.0686E+01  3.3167E+00
  1.0297E+01  1.0872E+01  3.3856E+00
  1.0208E+01  1.0846E+01  3.4144E+00
  1.0139E+01  1.0662E+01  3.5749E+00
  1.0139E+01  1.1123E+01  3.7524E+00
  9.7732E+00  1.0695E+01  3.8367E+00
  1.0069E+01  1.1135E+01  4.0918E+00
  9.6342E+00  1.0470E+01  4.0720E+00
  9.8015E+00  1.0542E+01  3.9652E+00
  9.7300E+00  1.0835E+01  3.8327E+00
  9.8194E+00  1.0560E+01  4.1041E+00
  9.9919E+00  1.0786E+01  4.0623E+00
  9.7710E+00  1.0549E+01  3.8455E+00
  9.6306E+00  1.0474E+01  3.6810E+00
  9.6290E+00  1.0248E+01  3.6831E+00
  9.8592E+00  1.0427E+01  3.5196E+00
  9.2678E+00  1.0036E+01  3.4104E+00
  9.5505E+00  1.0049E+01  3.5784E+00
  9.0754E+00  1.0259E+01  3.2590E+00
  8.8473E+00  1.0340E+01  3.1037E+00
  8.9641E+00  1.0607E+01  3.2351E+00
  8.6529E+00  1.0591E+01  3.0594E+00
  8.8805E+00  1.0826E+01  2.9889E+00
  8.9486E+00  1.0828E+01  2.8804E+00
  9.0328E+00  1.0794E+01  2.7854E+00
  9.1165E+00  1.1105E+01  2.8889E+00
  8.7713E+00  1.0660E+01  2.5049E+00
  9.2221E+00  1.1150E+01  2.9678E+00
  9.2822E+00  1.0900E+01  3.3525E+00
  9.5416E+00  1.1239E+01  3.5342E+00
  9.5346E+00  1.1056E+01  3.4038E+00
  9.4158E+00  1.1020E+01  3.2576E+00
  9.5752E+00  1.0980E+01  3.7585E+00
  9.4436E+00  1.0989E+01  3.5662E+00
  9.2707E+00  1.0765E+01  3.4064E+00
  9.1929E+00  1.0495E+01  3.4173E+00
  9.3277E+00  1.0661E+01  3.2087E+00
  9.3470E+00  1.0627E+01  3.3659E+00
  9.3579E+00  1.0692E+01  3.7726E+00
  9.7880E+00  1.1401E+01  3.7150E+00
  9.8620E+00  1.1062E+01  3.8118E+00
  9.7087E+00  1.0799E+01  3.4014E+00
  9.5938E+00  1.0820E+01  3.1364E+00
  1.0005E+01  1.0988E+01  3.1267E+00
  1.0358E+01  1.1132E+01  3.3400E+00
  1.0665E+01  1.1592E+01  3.4087E+00
  1.0727E+01  1.1266E+01  3.4638E+00
  1.0628E+01  1.0912E+01  3.0456E+00
  1.0695E+01  1.0859E+01  2.8592E+00
  1.0634E+01  1.1045E+01  2.5978E+00
  1.0491E+01  1.1174E+01  2.6712E+00
  1.0403E+01  1.1594E+01  2.6270E+00
  1.0376E+01  1.1707E+01  3.1597E+00
  9.7294E+00  1.1843E+01  2.3394E+00
  9.5004E+00  1.1455E+01  2.7595E+00
  9.6999E+00  1.1413E+01  2.4682E+00
  1.0043E+01  1.1323E+01  2.2869E+00
  1.0052E+01  1.1114E+01  2.4232E+00
  9.7861E+00  1.1105E+01  2.4695E+00
  9.8772E+00  1.1457E+01  2.6674E+00
  9.8563E+00  1.1625E+01  2.3859E+00
  1.0094E+01  1.1592E+01  2.3109E+00
  1.0002E+01  1.1633E+01  2.2441E+00
  1.0191E+01  1.1960E+01  2.3650E+00
  9.9939E+00  1.1995E+01  2.0843E+00
  9.8792E+00  1.2031E+01  2.0230E+00
  1.0056E+01  1.2208E+01  2.2373E+00
  9.7291E+00  1.2019E+01  1.7490E+00
