  8.8294E+00 -9.8241E+00 -6.5723E-01
  9.1906E+00 -1.0910E+01 -7.9906E-01
  8.8948E+00 -1.0950E+01  4.5352E-01
  9.3392E+00 -9.7112E+00 -2.4885E-01
  9.6037E+00 -1.0625E+01 -1.5674E-01
  9.4847E+00 -1.0377E+01  9.5401E-02
  9.3315E+00 -1.0407E+01 -4.6752E-01
  9.2939E+00 -1.0586E+01 -1.2535E-01
  9.1153E+00 -1.0587E+01 -3.1773E-02
  9.1823E+00 -1.0722E+01 -2.3451E-01
  9.1226E+00 -1.0826E+01 -4.2597E-01
  8.9452E+00 -1.0890E+01 -5.7938E-01
  8.8976E+00 -1.1018E+01 -4.0426E-01
  8.8890E+00 -1.1132E+01 -4.9774E-01
  8.8442E+00 -1.1299E+01 -5.3156E-01
  8.6824E+00 -1.1406E+01 -4.9692E-01
  8.6721E+00 -1.1489E+01 -5.0041E-01
  8.6900E+00 -1.1411E+01 -6.8903E-01
  8.7691E+00 -1.1551E+01 -5.8666E-01
  8.8505E+00 -1.1591E+01 -5.3246E-01
  8.9432E+00 -1.1421E+01 -6.0377E-01
  8.9727E+00 -1.1412E+01 -8.6165E-01
  8.7786E+00 -1.1340E+01 -9.3076E-01
  8.8066E+00 -1.1264E+01 -4.5381E-01
  8.7998E+00 -1.1565E+01 -4.1420E-01
  8.8823E+00 -1.1310E+01 -3.0538E-01
  8.9588E+00 -1.1621E+01 -3.2855E-01
  8.7508E+00 -1.1394E+01 -9.4613E-03
  8.9450E+00 -1.0962E+01 -8.5528E-02
  9.0794E+00 -1.0914E+01  2.6758E-01
  9.0689E+00 -1.1258E+01 -2.8100E-01
  9.3824E+00 -1.1402E+01  1.1925E-01
  9.7071E+00 -1.1702E+01 -5.3581E-01
  1.0016E+01 -1.2173E+01 -7.3987E-01
  1.0012E+01 -1.2401E+01 -1.3500E+00
  1.0317E+01  1.2495E+01 -1.0669E+00
  1.0044E+01  1.2348E+01 -1.4682E+00
  1.0021E+01  1.2250E+01 -1.8420E+00
  1.0343E+01  1.2072E+01 -1.8236E+00
  1.0470E+01  1.1990E+01 -1.9650E+00
  1.0432E+01  1.1875E+01 -2.1052E+00
  1.0507E+01  1.1825E+01 -2.0044E+00
  1.0271E+01  1.1945E+01 -1.9169E+00
  1.0195E+01  1.1895E+01 -1.7340E+00
  1.0283E+01  1.1811E+01 -1.8919E+00
  1.0277E+01  1.1872E+01 -1.9840E+00
  1.0070E+01  1.1912E+01 -1.8425E+00
  1.0179E+01  1.1914E+01 -1.6462E+00
  1.0116E+01  1.1885E+01 -1.5718E+00
  9.7510E+00  1.1677E+01 -1.6269E+00
  9.9461E+00  1.1699E+01 -1.6638E+00
  9.3620E+00  1.1762E+01 -1.3123E+00
  9.6173E+00  1.1790E+01 -1.0527E+00
  9.7156E+00  1.2023E+01 -1.1111E+00
  9.9050E+00  1.2358E+01 -1.2016E+00
  9.5246E+00  1.2442E+01 -1.1773E+00
  9.4651E+00  1.1998E+01 -1.0735E+00
  1.0013E+01  1.2105E+01 -1.0115E+00
  9.6236E+00  1.2064E+01 -6.8776E-01
  9.9184E+00  1.1974E+01 -6.0829E-01
  9.8291E+00  1.1936E+01 -3.8646E-01
  9.9845E+00  1.2085E+01 -3.0147E-01
  1.0208E+01  1.2051E+01 -2.4629E-01
  1.0227E+01  1.1853E+01 -5.8491E-02
  1.0250E+01  1.1955E+01 -1.8089E-01
  1.0336E+01  1.1903E+01  2.2202E-01
  1.0415E+01  1.1989E+01  2.2324E-01
  9.8101E+00  1.2170E+01  4.2986E-01
  9.9637E+00  1.2169E+01  9.5874E-02
  9.3878E+00  1.2277E+01 -9.9046E-03
  9.5463E+00  1.2157E+01  1.7294E-01
  9.5632E+00  1.2250E+01 -1.1916E-01
  9.5439E+00  1.1900E+01  1.4955E-01
  9.3229E+00  1.2181E+01  1.3827E-01
  9.3784E+00  1.1962E+01  3.3208E-01
  9.3561E+00  1.1894E+01  4.0935E-01
  9.1884E+00  1.1829E+01  2.4667E-01
  9.1388E+00  1.1864E+01  2.7136E-01
  8.7781E+00  1.1672E+01  2.7224E-01
  8.8270E+00  1.1298E+01  2.6815E-01
  8.7243E+00  1.1605E+01  4.2892E-02
  8.4748E+00  1.1460E+01  4.6485E-01
  8.3808E+00  1.1362E+01  8.5456E-01
  8.3392E+00  1.1585E+01  9.9626E-01
  8.5795E+00  1.1520E+01  1.2186E+00
  8.5638E+00  1.1562E+01  1.2496E+00
  8.7118E+00  1.1568E+01  1.2781E+00
  9.1582E+00  1.1524E+01  1.2563E+00
  9.2419E+00  1.1543E+01  1.0904E+00
  9.4728E+00  1.1395E+01  1.0375E+00
  9.5124E+00  1.1329E+01  1.1137E+00
  9.5400E+00  1.1504E+01  1.1009E+00
  9.6774E+00  1.1231E+01  1.3590E+00
  9.6593E+00  1.1536E+01  1.3533E+00
  9.6847E+00  1.1557E+01  1.4405E+00
  9.6805E+00  1.1559E+01  1.2822E+00
  9.6260E+00  1.1558E+01  1.5210E+00
  9.4193E+00  1.1700E+01  1.5903E+00
  9.5293E+00  1.1528E+01  1.7679E+00
  9.4782E+00  1.1540E+01  1.3614E+00
  9.1690E+00  1.1750E+01  1.3469E+00
  9.5484E+00  1.1712E+01  1.4161E+00
  9.6886E+00  1.1742E+01  1.4513E+00
  9.6085E+00  1.1861E+01  1.5026E+00
  9.7071E+00  1.2171E+01  1.4604E+00
  1.0034E+01  1.2262E+01  1.6925E+00
  1.0858E+01  1.2181E+01  1.2784E+00
  1.0287E+01  1.2339E+01  1.0021E+00
  1.0007E+01  1.2263E+01  1.1357E+00
  1.0157E+01  1.2475E+01  1.3721E+00
  9.9519E+00  1.2534E+01  9.1258E-01
  1.0031E+01  1.2208E+01  7.7612E-01
  9.9068E+00  1.2166E+01  7.1815E-01
  1.0130E+01  1.2253E+01  5.1063E-01
  9.8445E+00  1.2364E+01  1.9537E-01
  9.8920E+00  1.2418E+01  1.2431E-01
  1.0307E+01  1.2523E+01  4.1188E-01
  9.9913E+00 -1.2453E+01  5.7695E-01
  1.0134E+01  1.2123E+01  1.7378E-01
  1.0311E+01  1.1979E+01 -9.4071E-02
  1.0000E+01  1.2024E+01  2.5971E-01
  9.9222E+00  1.1893E+01  7.5356E-02
  1.0040E+01  1.2063E+01  3.1896E-01
  1.0402E+01  1.2118E+01  2.5675E-01
  1.0110E+01  1.2241E+01  4.1599E-01
  1.0296E+01  1.1970E+01  6.3499E-01
  1.0286E+01  1.1871E+01  3.8302E-01
  1.0446E+01  1.2027E+01  5.1733E-01
  1.0116E+01  1.2349E+01  5.2410E-01
  1.0658E+01  1.2538E+01  8.5543E-01
  9.9514E+00  1.2393E+01  7.2661E-01
  1.0390E+01  1.2151E+01  2.7979E-01
  1.0072E+01  1.2198E+01  4.5880E-01
  9.8222E+00  1.2249E+01  8.7413E-01
  9.7733E+00  1.2293E+01  1.5129E+00
  9.5604E+00 -1.2195E+01  2.2047E+00
  1.0284E+01 -1.2258E+01  2.1422E+00
  1.0490E+01 -1.2523E+01  2.0041E+00
  1.0189E+01  1.2314E+01  2.1586E+00
  1.0641E+01 -1.2493E+01  1.7002E+00
  1.0774E+01 -1.2297E+01  1.4327E+00
  1.0663E+01 -1.2398E+01  1.7950E+00
  1.0292E+01  1.2540E+01  1.7278E+00
  1.0681E+01 -1.1984E+01  1.0311E+00
  1.0149E+01 -1.1801E+01 -6.1618E-02
  1.0053E+01 -1.1686E+01 -1.9738E-01
  1.0594E+01 -1.1928E+01  4.9247E-01
  1.0634E+01 -1.1684E+01  3.2134E-01
  9.9663E+00 -1.1415E+01 -4.8959E-01
  1.0011E+01 -1.1290E+01 -4.5426E-01
  1.0633E+01 -1.1422E+01  2.5463E-01
  1.0632E+01 -1.1482E+01  2.5989E-01
  1.0170E+01 -1.1193E+01 -5.1991E-01
  9.8429E+00 -1.1156E+01 -6.8412E-01
  1.0489E+01 -1.1552E+01 -3.5136E-01
  1.0500E+01 -1.1510E+01  2.9279E-01
  1.0434E+01 -1.1698E+01  3.1136E-02
  9.7261E+00 -1.1956E+01 -6.8447E-01
  1.0041E+01 -1.1993E+01 -5.6784E-01
  1.0198E+01  1.2532E+01  1.0470E-01
  9.9736E+00 -1.2327E+01 -2.4259E-01
  9.9306E+00 -1.2367E+01 -6.9155E-02
  9.8986E+00  1.2592E+01  1.8906E-01
  9.8157E+00 -1.2290E+01 -6.8564E-03
  9.9166E+00  1.2581E+01  5.9195E-01
  1.0084E+01 -1.2550E+01  3.5503E-01
  1.0247E+01 -1.2238E+01  1.4048E-01
  1.0425E+01 -1.2538E+01  5.9880E-01
  1.0572E+01 -1.2541E+01  5.9406E-01
  1.0448E+01 -1.2474E+01  2.5166E-01
  1.0215E+01  1.2159E+01  6.6614E-01
  1.0376E+01  1.2491E+01  6.5776E-01
  1.0217E+01  1.2147E+01  3.0126E-01
  1.0234E+01  1.2416E+01  9.3513E-01
  1.0153E+01  1.2483E+01  6.6170E-01
  1.0250E+01  1.2320E+01  9.8378E-01
  1.0243E+01 -1.2573E+01  1.1906E+00
  1.0221E+01 -1.2370E+01  6.8578E-01
  1.0009E+01 -1.2286E+01  1.1260E+00
  9.7400E+00 -1.2128E+01  1.0032E+00
  9.4288E+00 -1.1687E+01  2.5850E-01
  9.3884E+00 -1.1603E+01  3.9239E-02
  9.1101E+00 -1.1171E+01 -1.3381E-01
  8.8693E+00 -1.1009E+01 -3.3863E-01
  8.7472E+00 -1.0986E+01 -3.6986E-01
  9.0036E+00 -1.0973E+01 -2.1609E-01
  8.9095E+00 -1.0583E+01 -4.3973E-01
  9.0028E+00 -1.0579E+01 -7.0986E-01
  9.2735E+00 -1.0728E+01 -6.6849E-01
  9.2783E+00 -1.1180E+01 -8.5874E-01
  9.1979E+00 -1.1471E+01 -1.1248E+00
  9.2871E+00 -1.1557E+01 -1.0983E+00
  9.3671E+00 -1.1525E+01 -1.1335E+00
  9.0837E+00 -1.1896E+01 -1.5866E+00
  8.9960E+00 -1.1622E+01 -1.6573E+00
  9.3613E+00 -1.1645E+01 -1.7366E+00
  9.5011E+00 -1.2114E+01 -1.7486E+00
  9.0226E+00 -1.1864E+01 -2.0314E+00
  8.3222E+00 -1.2356E+01 -1.8971E+00
  8.3036E+00 -1.2544E+01 -2.0447E+00
  8.2089E+00  1.2362E+01 -1.8949E+00
  7.7164E+00 -1.2432E+01 -1.6901E+00
  7.8543E+00  1.2409E+01 -1.9167E+00
  7.7605E+00  1.2527E+01 -1.9322E+00
  7.9427E+00 -1.1983E+01 -1.8959E+00
  8.3038E+00 -1.1982E+01 -2.2101E+00
  8.8098E+00 -1.2449E+01 -2.4297E+00
  8.8430E+00 -1.2356E+01 -1.7254E+00
  9.2721E+00  1.2568E+01 -2.1536E+00
  9.7481E+00  1.1965E+01 -1.6217E+00
  9.5530E+00  1.2226E+01 -1.5460E+00
  1.1115E+01 -1.2374E+01 -1.6291E+00
  1.1696E+01 -1.2242E+01 -1.0596E+00
  1.1629E+01  1.2104E+01 -1.2750E+00
  1.1898E+01  1.2535E+01 -1.0497E+00
  1.1948E+01 -1.1771E+01 -4.3089E-01
  1.2020E+01  1.2375E+01 -4.9562E-01
  1.2082E+01 -1.2532E+01  5.4872E-02
  1.1839E+01  1.2346E+01 -1.4619E-01
  1.1457E+01  1.2403E+01  3.3309E-01
  1.1431E+01  1.2145E+01  4.3825E-01
  1.1233E+01  1.1809E+01  7.6060E-01
  1.0710E+01  1.1547E+01  9.3111E-01
  1.0922E+01  1.1938E+01  1.3664E+00
  1.1246E+01  1.1312E+01  1.1189E+00
  1.0808E+01  1.1196E+01  1.5953E+00
  1.0763E+01  1.1004E+01  1.6058E+00
  1.1297E+01  1.0932E+01  1.7287E+00
  1.1175E+01  1.0521E+01  1.7362E+00
  1.0343E+01  1.0510E+01  1.8847E+00
  1.0475E+01  1.0766E+01  2.3643E+00
  1.0674E+01  9.7861E+00  1.8785E+00
  9.4615E+00  9.9300E+00  1.8003E+00
  9.0160E+00  1.0041E+01  1.5594E+00
  8.5775E+00  1.0349E+01  1.0497E+00
  9.1414E+00  9.8403E+00  1.2999E+00
  8.7680E+00  1.0684E+01  1.3832E+00
  9.2524E+00  1.0381E+01  1.8763E+00
  8.7911E+00  1.0601E+01  1.6689E+00
  8.8837E+00  1.0383E+01  1.3271E+00
  8.6617E+00  1.0554E+01  1.0409E+00
  8.8185E+00  1.0639E+01  8.4326E-01
  9.0063E+00  1.0616E+01  6.7888E-01
  9.1472E+00  1.0512E+01  6.5997E-01
  9.2221E+00  1.0562E+01  5.6368E-01
  9.0155E+00  1.0804E+01  5.5507E-01
  9.2037E+00  1.0491E+01  8.1128E-01
  8.9023E+00  1.0630E+01  6.9217E-01
  9.0510E+00  1.0414E+01  5.5881E-01
  8.9638E+00  1.0315E+01  6.7856E-01
  9.0736E+00  1.0268E+01  4.5514E-01
  9.0900E+00  1.0175E+01  5.7430E-01
  8.9603E+00  1.0080E+01  5.4994E-01
  8.6658E+00  9.9985E+00  1.1321E+00
  8.8480E+00  1.0133E+01  6.5670E-01
  8.4065E+00  1.0065E+01  1.0448E+00
  8.4992E+00  1.0368E+01  6.0746E-01
  8.2532E+00  1.0767E+01  1.3931E+00
  8.3729E+00  1.0878E+01  6.2367E-01
  8.4968E+00  1.0540E+01  8.9689E-01
  8.7924E+00  1.0256E+01  8.6346E-01
  8.5477E+00  1.0299E+01  8.2274E-01
  8.4652E+00  1.0626E+01  5.4349E-01
  8.5910E+00  1.0640E+01  4.9587E-01
  8.5242E+00  1.0511E+01  6.9441E-01
  8.7563E+00  1.0660E+01  6.0303E-01
  8.7915E+00  1.0693E+01  8.2327E-01
  8.6926E+00  1.1046E+01  7.4122E-01
  8.9700E+00  1.0437E+01  5.9744E-01
  8.9087E+00  1.0252E+01  1.1303E+00
  9.2532E+00  1.0058E+01  5.4644E-01
  9.2831E+00  9.7209E+00  9.0470E-01
  9.1790E+00  1.0014E+01  4.6671E-01
  9.0271E+00  9.6429E+00  7.4415E-01
  9.2387E+00  9.4915E+00  6.5178E-01
  9.3582E+00  9.8188E+00  6.8693E-01
  9.3700E+00  9.6683E+00  6.4531E-01
  9.3427E+00  9.6579E+00  7.1036E-01
  9.5749E+00  9.7596E+00  7.5151E-01
  9.8698E+00  9.8405E+00  1.3382E+00
  9.9775E+00  1.0288E+01  1.4844E+00
  1.0162E+01  1.0081E+01  1.4357E+00
  1.0353E+01  1.0145E+01  1.2994E+00
  1.0649E+01  1.0161E+01  1.5664E+00
  1.0982E+01  1.0154E+01  1.7920E+00
  1.1147E+01  1.0150E+01  1.7342E+00
  1.1215E+01  1.0471E+01  1.8559E+00
  1.1223E+01  1.0470E+01  1.9420E+00
  1.1149E+01  1.0537E+01  1.9620E+00
  1.1425E+01  1.0778E+01  2.0228E+00
  1.1687E+01  1.0867E+01  2.1840E+00
  1.1897E+01  1.0610E+01  2.2701E+00
  1.1663E+01  1.0989E+01  2.5591E+00
  1.1180E+01  1.0945E+01  2.3053E+00
  1.1415E+01  1.0980E+01  2.4055E+00
  1.1285E+01  1.1598E+01  2.5763E+00
  1.0925E+01  1.1067E+01  2.4676E+00
  1.0670E+01  1.0915E+01  2.3774E+00
  1.0585E+01  1.1079E+01  2.1276E+00
  1.0677E+01  1.1417E+01  1.9783E+00
  9.9103E+00  1.0876E+01  1.9054E+00
  9.9310E+00  1.0947E+01  1.8099E+00
  9.9990E+00  1.1103E+01  1.6987E+00
  1.0031E+01  1.0908E+01  1.9512E+00
  9.6575E+00  1.0831E+01  1.9406E+00
  9.6777E+00  1.0871E+01  2.1926E+00
  9.9329E+00  1.0804E+01  2.3273E+00
  1.0043E+01  1.0933E+01  2.5695E+00
  1.0127E+01  1.0723E+01  2.6518E+00
  1.0191E+01  1.0960E+01  2.7067E+00
  9.8688E+00  1.0831E+01  2.8035E+00
  9.8818E+00  1.0893E+01  3.0311E+00
  9.7654E+00  1.0820E+01  3.0986E+00
  1.0038E+01  1.0604E+01  3.1722E+00
  1.0015E+01  1.0701E+01  3.3503E+00
  9.7935E+00  1.0395E+01  3.4254E+00
  1.0080E+01  1.0796E+01  3.4287E+00
  9.9718E+00  1.0460E+01  3.5965E+00
  1.0203E+01  1.0506E+01  3.6158E+00
  9.6148E+00  1.0730E+01  3.9881E+00
  9.9576E+00  1.0727E+01  4.0470E+00
  9.8945E+00  1.0738E+01  4.1496E+00
  9.6901E+00  1.0934E+01  4.3782E+00
  9.8290E+00  1.0784E+01  4.3175E+00
  9.9948E+00  1.0820E+01  4.2981E+00
  9.9460E+00  1.0825E+01  4.3948E+00
  9.7275E+00  1.0635E+01  4.3117E+00
  9.8711E+00  1.0593E+01  4.4452E+00
  1.0003E+01  1.0438E+01  4.5344E+00
  9.7016E+00  1.0679E+01  4.6685E+00
  9.7135E+00  1.0593E+01  4.6361E+00
  9.9666E+00  1.0674E+01  4.6751E+00
  9.7756E+00  1.0696E+01  4.6943E+00
  9.5849E+00  1.0649E+01  4.6950E+00
  9.6622E+00  1.0838E+01  4.8194E+00
  9.6131E+00  1.0855E+01  4.9742E+00
  9.4774E+00  1.0523E+01  4.9663E+00
  9.6989E+00  1.0756E+01  5.3410E+00
  9.4463E+00  1.0448E+01  5.2799E+00
  9.5762E+00  1.0715E+01  5.5582E+00
  9.5492E+00  1.0422E+01  5.4465E+00
  9.5739E+00  1.0246E+01  5.2113E+00
  9.8012E+00  1.0634E+01  5.6095E+00
  9.6678E+00  1.0362E+01  5.4719E+00
  9.7008E+00  1.0098E+01  5.2823E+00
  9.5021E+00  1.0015E+01  5.1109E+00
  9.6381E+00  1.0021E+01  5.1734E+00
  9.1085E+00  9.8264E+00  4.6806E+00
  9.0649E+00  1.0031E+01  4.9041E+00
  8.7456E+00  1.0018E+01  4.8525E+00
  8.8345E+00  1.0051E+01  4.7324E+00
  8.5934E+00  1.0032E+01  4.5572E+00
  8.2401E+00  1.0193E+01  4.4907E+00
  8.1941E+00  1.0518E+01  4.4934E+00
  8.2313E+00  1.0512E+01  4.3125E+00
  8.4343E+00  1.0881E+01  4.2964E+00
  8.3900E+00  1.0742E+01  4.1479E+00
  8.2807E+00  1.0530E+01  4.0035E+00
  8.5595E+00  1.0617E+01  3.9967E+00
  8.2884E+00  1.0502E+01  3.9579E+00
  8.4161E+00  1.0682E+01  4.5668E+00
  8.7112E+00  1.0457E+01  4.5195E+00
  8.6929E+00  1.0819E+01  4.6317E+00
  8.7607E+00  1.0917E+01  4.6113E+00
  8.4131E+00  1.0899E+01  4.7152E+00
  8.7606E+00  1.1159E+01  4.8992E+00
  8.5254E+00  1.0996E+01  4.6962E+00
  8.9483E+00  1.1459E+01  4.5494E+00
  8.8706E+00  1.1088E+01  4.5801E+00
  9.1173E+00  1.1189E+01  4.7455E+00
  8.8291E+00  1.1382E+01  5.0043E+00
  9.0084E+00  1.1091E+01  4.9674E+00
  9.0352E+00  1.1084E+01  5.0720E+00
  9.3559E+00  1.0841E+01  4.8663E+00
  9.4249E+00  1.1019E+01  4.6209E+00
  9.4465E+00  1.1091E+01  4.5231E+00
  9.6792E+00  1.1338E+01  4.6698E+00
  9.6492E+00  1.0928E+01  4.3023E+00
  9.4999E+00  1.0908E+01  4.2627E+00
  9.7671E+00  1.1086E+01  4.2707E+00
  9.5222E+00  1.1052E+01  3.7863E+00
  9.7526E+00  1.1176E+01  3.8137E+00
  9.5814E+00  1.1466E+01  3.8373E+00
  9.1065E+00  1.1410E+01  3.3731E+00
  8.9606E+00  1.1817E+01  3.6661E+00
  9.3778E+00  1.1880E+01  3.8047E+00
  9.8166E+00 -1.2587E+01  3.6749E+00
  9.7162E+00  1.2430E+01  3.5805E+00
  9.1380E+00  1.2018E+01  3.2713E+00
  9.4084E+00  1.2312E+01  3.0741E+00
  1.0536E+01  1.2363E+01  2.8271E+00
  1.1028E+01  1.2366E+01  2.3192E+00
  1.1032E+01  1.2536E+01  2.6313E+00
  1.0799E+01 -1.2315E+01  2.6482E+00
  1.0929E+01 -1.2394E+01  2.4517E+00
  1.1009E+01 -1.2092E+01  1.8253E+00
  1.0866E+01 -1.1975E+01  2.1649E+00
  1.0713E+01 -1.1941E+01  2.2993E+00
  1.0478E+01 -1.1592E+01  1.8600E+00
  1.0215E+01 -1.1863E+01  2.3042E+00
