  2.8445E+00  6.7308E+00  1.1901E-01
  2.5106E+00  6.7107E+00  7.1572E-02
  1.9170E+00  6.2422E+00  6.2942E-01
  1.6160E+00  6.0313E+00  5.2789E-01
  1.4827E+00  6.4288E+00  1.1220E-01
  1.8191E+00  6.5226E+00  2.8288E-01
  1.7357E+00  6.7617E+00 -1.3524E-01
  2.0703E+00  6.6399E+00 -1.0562E-01
  1.5841E+00  6.8679E+00 -1.1333E-01
  1.5596E+00  6.7650E+00  7.6082E-02
  1.7224E+00  6.7760E+00  9.7697E-02
  1.6166E+00  6.8869E+00 -8.8983E-02
  1.6908E+00  6.8885E+00  5.1097E-03
  1.7669E+00  6.8857E+00 -1.3341E-02
  1.8344E+00  6.8965E+00 -5.4704E-02
  1.9389E+00  6.9264E+00 -1.2654E-01
  2.0067E+00  6.9631E+00 -1.2978E-01
  2.0263E+00  6.9306E+00  4.7645E-03
  2.0835E+00  6.8703E+00  2.1927E-02
  2.1738E+00  6.9900E+00  5.9551E-02
  2.4135E+00  7.0428E+00  1.3248E-01
  2.6814E+00  7.1988E+00  1.0468E-01
  2.8445E+00  7.0702E+00  3.1013E-01
  2.6333E+00  7.0500E+00  2.7241E-01
  2.7678E+00  6.9911E+00  3.0030E-01
  2.8044E+00  6.8772E+00  2.1490E-01
  2.5901E+00  6.5424E+00  4.6985E-02
  2.6045E+00  6.6810E+00 -1.6739E-01
  2.7617E+00  6.6526E+00 -9.8204E-02
  2.9777E+00  6.3273E+00  2.3267E-01
  3.0483E+00  6.3909E+00  2.5089E-01
  3.4405E+00  6.3410E+00  3.7236E-01
  3.3636E+00  6.1755E+00  4.9513E-01
  3.3354E+00  6.3210E+00  4.9568E-01
  3.5249E+00  6.6925E+00  3.8514E-01
  3.7058E+00  6.7065E+00  4.7157E-01
  3.4494E+00  6.6923E+00  2.5383E-01
  3.6954E+00  7.0591E+00  1.0406E-01
  3.5880E+00  7.0247E+00  4.7508E-02
  3.4894E+00  6.8575E+00  9.8883E-02
  3.7088E+00  7.1710E+00  2.2409E-01
  3.5924E+00  7.1368E+00  2.1848E-01
  3.6931E+00  7.3779E+00  1.7749E-01
  3.7092E+00  7.2823E+00  2.7366E-01
  3.5679E+00  7.0610E+00  1.8543E-01
  3.7084E+00  7.2261E+00  3.0307E-01
  3.6598E+00  7.1956E+00  4.0312E-01
  3.7306E+00  7.0224E+00  4.3822E-01
  3.5449E+00  7.0580E+00  5.6527E-01
  3.5997E+00  6.9613E+00  6.7331E-01
  3.9459E+00  7.1569E+00  8.2521E-01
  3.7442E+00  6.9402E+00  9.7036E-01
  4.1544E+00  7.3891E+00  9.9569E-01
  4.2647E+00  7.2569E+00  1.0378E+00
  4.1111E+00  7.8823E+00  1.0452E+00
  4.2738E+00  7.5443E+00  1.0094E+00
  4.0846E+00  8.0829E+00  9.9765E-01
  3.8796E+00  7.8776E+00  8.0417E-01
  4.0463E+00  7.9108E+00  6.6024E-01
  3.6825E+00  7.4485E+00  9.7547E-01
  3.9234E+00  7.8359E+00  1.1920E+00
  3.9412E+00  7.0725E+00  1.2441E+00
  3.7047E+00  6.9325E+00  7.9800E-01
  4.6260E+00  7.3170E+00  1.1259E+00
  5.4307E+00  7.6444E+00  6.9073E-01
  5.2770E+00  7.4480E+00  8.1912E-01
  5.7383E+00  7.1186E+00  5.2107E-01
  5.8521E+00  7.0623E+00  4.4619E-01
  5.6688E+00  6.9526E+00  2.2026E-01
  5.9898E+00  6.9861E+00  5.2037E-02
  5.9889E+00  6.7416E+00  1.8769E-02
  5.9095E+00  7.0455E+00  5.3732E-02
  5.8130E+00  6.8432E+00 -1.5637E-01
  5.7048E+00  6.7720E+00 -6.0982E-02
  5.4669E+00  6.8451E+00  7.5107E-02
  5.3888E+00  6.9105E+00  5.4206E-02
  5.3495E+00  6.9055E+00 -4.4123E-03
  4.8221E+00  6.3959E+00 -1.8997E-01
  4.9867E+00  7.1095E+00  5.3396E-02
  5.0057E+00  6.9835E+00  1.8752E-01
  5.2616E+00  7.2765E+00  7.3204E-02
  5.5311E+00  7.7186E+00  3.3505E-02
  5.4668E+00  7.7571E+00 -1.4434E-01
  5.6777E+00  7.7629E+00 -3.2914E-01
  5.5408E+00  7.8108E+00 -1.6274E-01
  5.8682E+00  7.8368E+00  5.6281E-02
  5.6567E+00  7.5801E+00 -2.2395E-01
  5.6474E+00  7.4760E+00 -8.0731E-02
  5.4832E+00  7.3772E+00 -1.8593E-01
  5.5310E+00  7.4084E+00 -2.4267E-01
  5.5254E+00  7.5405E+00 -3.7785E-01
  5.0891E+00  7.2896E+00 -5.8768E-01
  5.3787E+00  7.3088E+00 -6.0041E-01
  5.3782E+00  7.5229E+00 -5.4506E-01
  5.8168E+00  7.3943E+00 -4.5387E-01
  5.7878E+00  7.5151E+00 -3.3954E-01
  5.7472E+00  7.5095E+00 -1.1584E-01
  5.5435E+00  7.6166E+00 -2.2594E-01
  5.5422E+00  7.7119E+00 -2.7767E-01
  5.2773E+00  7.5055E+00 -3.0012E-01
  5.4797E+00  7.2512E+00 -7.3606E-02
  5.5162E+00  7.0784E+00  6.0874E-02
  5.4048E+00  7.4715E+00 -3.6519E-02
  5.5240E+00  7.4229E+00 -1.6383E-01
  5.2696E+00  7.6141E+00 -3.1774E-01
  5.3037E+00  7.3207E+00 -5.2579E-01
  5.3109E+00  7.2860E+00 -4.7407E-01
  4.9352E+00  7.2075E+00 -7.3290E-01
  4.9190E+00  7.4696E+00 -5.3012E-01
  5.0982E+00  7.4465E+00 -5.6379E-01
  4.9890E+00  7.1946E+00 -6.7983E-01
  4.8213E+00  7.5676E+00 -4.6715E-01
  4.5289E+00  7.3941E+00 -4.5513E-01
  4.6740E+00  7.4956E+00 -3.1409E-01
  4.7934E+00  7.5052E+00 -2.0159E-01
  4.5553E+00  7.4501E+00 -8.6003E-02
  4.5637E+00  7.4714E+00 -3.7317E-02
  4.6131E+00  7.5152E+00  3.0907E-02
  4.5027E+00  7.5449E+00  1.2167E-01
  4.7306E+00  7.6736E+00  1.9378E-01
  4.7600E+00  7.7381E+00  2.2624E-01
  4.6311E+00  7.6895E+00  1.5932E-01
  4.4766E+00  7.7539E+00  1.0798E-01
  4.5807E+00  7.8418E+00  2.6756E-02
  4.6833E+00  7.9045E+00  1.5121E-02
  4.3936E+00  7.8239E+00 -7.7510E-02
  4.6765E+00  7.8740E+00  9.7995E-02
  4.6780E+00  7.9443E+00  2.4609E-02
  4.4296E+00  7.8492E+00  2.6317E-02
  4.6757E+00  7.8150E+00  2.3598E-01
  4.8707E+00  7.5912E+00  3.2047E-01
  5.0606E+00  8.0464E+00  2.6258E-01
  4.5041E+00  7.5068E+00  2.3427E-03
  4.7232E+00  8.1672E+00  1.8345E-01
  4.5117E+00  8.4213E+00 -3.2598E-02
  4.7103E+00  8.4075E+00 -3.0903E-02
  4.7626E+00  8.7735E+00 -2.2496E-01
  5.1828E+00  8.7471E+00 -2.0238E-01
  4.8726E+00  8.8389E+00 -4.3525E-01
  5.0655E+00  8.6456E+00 -3.7866E-01
  4.9323E+00  8.6467E+00 -3.5780E-01
  4.8807E+00  8.6535E+00 -4.3624E-01
  4.8780E+00  8.4786E+00 -6.7901E-01
  5.1842E+00  8.5777E+00 -5.1791E-01
  4.6828E+00  7.8920E+00 -8.6374E-01
  5.0340E+00  7.8982E+00 -7.2304E-01
  5.3908E+00  7.8039E+00 -7.3583E-01
  4.6759E+00  7.5116E+00 -6.8616E-01
  4.5650E+00  7.3267E+00 -6.7451E-01
  5.2690E+00  7.4621E+00 -4.7722E-01
  4.4333E+00  7.2946E+00 -1.6783E-02
  5.2557E+00  7.7068E+00 -4.0036E-02
  4.8121E+00  7.6312E+00  1.7662E-01
  5.2377E+00  8.0118E+00  1.6854E-01
  5.6837E+00  8.0960E+00  2.9518E-03
  5.2780E+00  7.7266E+00  1.4514E-01
  5.1924E+00  7.6886E+00  3.0737E-01
  4.9591E+00  7.4285E+00  3.0144E-01
  5.1322E+00  6.9881E+00  8.8660E-02
  4.8555E+00  6.7688E+00  8.6296E-02
  4.4672E+00  6.8620E+00  2.0032E-01
  4.4868E+00  6.7780E+00  2.9842E-01
  4.6819E+00  6.5662E+00  4.3304E-01
  4.6407E+00  6.6701E+00  1.4069E-01
  4.5107E+00  7.0224E+00  2.6998E-01
  4.8286E+00  7.0035E+00  3.8477E-01
  4.9046E+00  7.0971E+00  2.5025E-01
  4.7589E+00  7.3159E+00  2.5923E-01
  4.6386E+00  7.4895E+00  5.5285E-02
  4.5988E+00  7.5069E+00  3.5033E-01
  4.5261E+00  7.5489E+00  4.8623E-01
  4.9546E+00  7.7844E+00  3.0310E-01
  4.3885E+00  7.6812E+00  5.8197E-02
  4.8601E+00  7.6887E+00  2.1475E-01
  4.6394E+00  7.3455E+00  2.8285E-01
  4.5531E+00  7.6704E+00  4.4606E-01
  4.9200E+00  7.7190E+00  3.8093E-01
  5.1752E+00  7.6727E+00  2.5103E-01
  5.0166E+00  7.6446E+00  5.2863E-02
  4.7824E+00  7.6948E+00  8.9607E-02
  4.9484E+00  7.6497E+00  1.9834E-02
  4.9557E+00  7.7659E+00 -5.5059E-02
  5.0875E+00  7.8475E+00 -1.4044E-01
  5.2147E+00  7.9233E+00 -2.7852E-01
  5.1381E+00  7.7964E+00 -1.9179E-01
  5.1326E+00  7.7032E+00 -2.3325E-01
  4.9699E+00  7.7099E+00 -4.2246E-01
  5.1370E+00  8.1317E+00 -2.2307E-01
  5.0098E+00  7.9834E+00 -1.9728E-01
  4.4680E+00  7.8029E+00 -4.0100E-01
  4.6926E+00  7.5036E+00 -3.9187E-01
  4.8438E+00  7.5833E+00 -2.5412E-01
  4.4781E+00  7.4610E+00 -2.8227E-01
  4.2748E+00  7.2953E+00 -2.2125E-01
  4.7079E+00  7.5811E+00  1.6062E-01
  4.6632E+00  7.7207E+00  1.7680E-01
  4.6574E+00  7.6261E+00  2.3389E-01
  4.7691E+00  7.5043E+00  2.7374E-01
  4.7946E+00  7.3019E+00  2.7738E-01
  4.8822E+00  7.3658E+00  4.8804E-01
  4.9186E+00  6.9055E+00  5.3794E-01
  4.9959E+00  6.7019E+00  5.0736E-01
  5.0146E+00  6.7946E+00  5.7429E-01
  5.1907E+00  6.6822E+00  6.3340E-01
  5.0885E+00  6.6643E+00  5.2108E-01
  4.9932E+00  7.0171E+00  5.7698E-01
  4.9502E+00  7.0560E+00  5.9372E-01
  4.6377E+00  7.6004E+00  7.4480E-01
  4.5822E+00  7.7658E+00  7.2300E-01
  4.7679E+00  7.4361E+00  4.7621E-01
  4.2876E+00  6.9881E+00  1.2372E-01
  4.3199E+00  7.2488E+00  2.9870E-01
  4.3219E+00  7.1875E+00  3.2494E-01
  4.3052E+00  6.9483E+00  1.5020E-02
  4.5322E+00  6.9784E+00  9.5576E-02
  4.5085E+00  6.8585E+00  3.4290E-01
  4.8571E+00  7.0944E+00  5.0768E-01
  4.9775E+00  7.1106E+00  6.6201E-01
  4.8180E+00  7.0404E+00  4.8809E-01
  4.7994E+00  6.9105E+00  4.4060E-01
  4.9790E+00  7.0064E+00  6.3557E-01
  4.7116E+00  6.7909E+00  8.2545E-01
  5.1574E+00  7.1325E+00  8.6088E-01
  5.3204E+00  7.3446E+00  7.4034E-01
  5.3053E+00  7.6208E+00  8.2834E-01
  5.0862E+00  7.7216E+00  5.3560E-01
  5.2135E+00  7.7335E+00  5.2692E-01
  4.9608E+00  7.4999E+00  5.8853E-01
  4.5353E+00  7.6892E+00  5.6598E-01
  4.7986E+00  7.4767E+00  5.2597E-01
  4.9131E+00  7.4583E+00  5.0906E-01
  4.7154E+00  7.5316E+00  6.6236E-01
  4.8390E+00  7.3002E+00  6.1924E-01
  4.8529E+00  6.7182E+00  4.8803E-01
  4.7905E+00  6.8454E+00  6.4135E-01
  4.7446E+00  6.8683E+00  5.6905E-01
  5.0010E+00  6.8736E+00  3.4158E-01
  5.2844E+00  7.1110E+00  3.0714E-01
  5.1940E+00  7.0680E+00  3.8668E-01
  5.2885E+00  7.2410E+00  2.9999E-01
  5.2687E+00  7.2345E+00  4.5469E-01
  5.4323E+00  7.4925E+00  6.7581E-01
  5.5820E+00  7.7251E+00  5.9884E-01
  5.3366E+00  7.7587E+00  6.4346E-01
  5.3047E+00  7.7646E+00  8.0042E-01
  5.4421E+00  7.7186E+00  8.4656E-01
  5.3553E+00  7.5829E+00  8.6108E-01
  5.2133E+00  7.5756E+00  7.6733E-01
  5.0787E+00  7.7622E+00  7.0316E-01
  4.9541E+00  7.7469E+00  7.3405E-01
  4.7905E+00  7.7124E+00  7.1494E-01
  4.8992E+00  7.6958E+00  6.3522E-01
  5.0795E+00  7.4167E+00  5.9293E-01
  5.1493E+00  7.3347E+00  5.6346E-01
  5.1631E+00  7.6913E+00  6.9554E-01
  5.2429E+00  7.7089E+00  9.7728E-01
  5.6690E+00  7.5087E+00  1.0840E+00
  6.0468E+00  7.5761E+00  1.1087E+00
  5.7764E+00  7.5747E+00  1.0324E+00
  5.5634E+00  7.6798E+00  9.6699E-01
  5.5681E+00  7.4786E+00  1.2306E+00
  5.2938E+00  7.5333E+00  1.0520E+00
  5.2982E+00  7.7162E+00  9.7785E-01
  5.0168E+00  7.4880E+00  9.6785E-01
  5.2062E+00  7.3933E+00  8.0418E-01
  5.1284E+00  7.2714E+00  9.5988E-01
  5.2600E+00  7.4807E+00  1.0060E+00
  5.1822E+00  7.4675E+00  8.4780E-01
  5.0517E+00  7.3752E+00  8.1573E-01
  5.3451E+00  7.5264E+00  7.4872E-01
  5.3627E+00  7.5226E+00  8.6569E-01
  5.1888E+00  7.3114E+00  7.8297E-01
  5.3222E+00  7.3469E+00  6.4676E-01
  5.5122E+00  7.5022E+00  7.1673E-01
  5.3624E+00  7.3150E+00  9.8315E-01
  5.2192E+00  7.2831E+00  1.0154E+00
  5.0971E+00  7.2117E+00  8.5921E-01
  5.1204E+00  6.7190E+00  6.9697E-01
  4.8469E+00  7.0584E+00  6.2240E-01
  5.0869E+00  7.0405E+00  6.3743E-01
  5.0259E+00  7.0928E+00  6.6057E-01
  4.8188E+00  7.7380E+00  3.7315E-01
  4.9553E+00  7.1138E+00  3.3725E-01
  4.9344E+00  7.6984E+00  1.6663E-01
  4.4816E+00  7.4131E+00  5.0201E-01
  4.6960E+00  7.5863E+00  4.8310E-01
  4.4439E+00  7.6389E+00  5.7324E-01
  4.6062E+00  7.4530E+00  5.9088E-01
  4.3311E+00  7.4962E+00  6.9137E-01
  4.1133E+00  7.3835E+00  5.9336E-01
  4.4638E+00  7.3544E+00  3.2792E-01
  3.8431E+00  6.9808E+00  4.3060E-01
  4.0107E+00  6.7869E+00  4.9082E-01
  4.3322E+00  7.1703E+00  7.6437E-01
  4.2409E+00  7.1024E+00  8.8905E-01
  4.0292E+00  6.9630E+00  8.3735E-01
  4.2542E+00  7.5636E+00  6.6446E-01
  4.4829E+00  7.5437E+00  6.7694E-01
  4.7828E+00  7.4689E+00  6.6481E-01
  4.8167E+00  8.0188E+00  4.9085E-01
  4.6422E+00  7.8901E+00  5.8512E-01
  4.6799E+00  7.7467E+00  6.5683E-01
  4.6340E+00  7.5533E+00  6.9447E-01
  4.8675E+00  7.4281E+00  7.7387E-01
  4.8640E+00  7.5501E+00  8.1365E-01
  5.0840E+00  7.7014E+00  8.6387E-01
  5.0821E+00  7.6011E+00  1.0247E+00
  4.9782E+00  7.8730E+00  9.6594E-01
  5.1831E+00  7.7834E+00  1.1185E+00
  5.1827E+00  7.7224E+00  1.4116E+00
  5.1028E+00  7.8530E+00  1.5780E+00
  5.1364E+00  7.7985E+00  1.6803E+00
  5.3721E+00  7.7267E+00  1.7345E+00
  5.3166E+00  7.6305E+00  1.9190E+00
  5.3802E+00  7.7506E+00  2.0779E+00
  5.6317E+00  7.8427E+00  1.9725E+00
  5.7185E+00  7.8988E+00  1.7058E+00
  5.6343E+00  8.3197E+00  1.5484E+00
  5.8332E+00  8.5698E+00  1.4700E+00
  5.9802E+00  8.6229E+00  1.4519E+00
  6.0844E+00  8.6501E+00  1.4321E+00
  6.0114E+00  8.4672E+00  1.4212E+00
  6.0300E+00  8.4554E+00  1.1050E+00
  6.2967E+00  8.2309E+00  1.3578E+00
  5.9310E+00  7.9397E+00  1.6911E+00
  5.6188E+00  7.6750E+00  1.6462E+00
  5.6944E+00  8.0648E+00  1.3006E+00
  5.5294E+00  7.7405E+00  1.7251E+00
  5.2904E+00  7.9960E+00  1.6931E+00
  5.2667E+00  8.0831E+00  1.5736E+00
  5.1250E+00  8.0916E+00  1.6502E+00
  5.2011E+00  7.8786E+00  1.6062E+00
  4.7285E+00  8.2101E+00  1.5283E+00
  4.7337E+00  8.1544E+00  1.5611E+00
  4.8057E+00  8.1702E+00  1.1836E+00
  4.5627E+00  8.2758E+00  1.1990E+00
  4.3498E+00  8.3155E+00  1.4548E+00
  4.5011E+00  8.4688E+00  1.3917E+00
  4.7711E+00  8.4365E+00  1.5459E+00
  4.7311E+00  8.7632E+00  1.7193E+00
  4.9269E+00  8.9057E+00  1.7060E+00
  5.1447E+00  8.7667E+00  1.7760E+00
  4.9100E+00  8.9375E+00  1.6709E+00
  5.3294E+00  9.0159E+00  1.3244E+00
  5.0196E+00  8.9215E+00  1.7275E+00
  5.4471E+00  8.9948E+00  1.6654E+00
  5.4615E+00  8.9534E+00  1.8720E+00
  5.5403E+00  8.8932E+00  1.8997E+00
  5.5649E+00  8.8173E+00  2.0131E+00
  5.4125E+00  8.7437E+00  1.7554E+00
  5.2005E+00  8.6104E+00  1.6173E+00
  5.3454E+00  8.5156E+00  1.5417E+00
  5.1875E+00  8.2794E+00  1.4504E+00
  5.0643E+00  8.1240E+00  1.4229E+00
  5.2985E+00  7.7866E+00  1.4808E+00
  5.1311E+00  7.7702E+00  1.4089E+00
  4.9033E+00  7.2967E+00  2.0447E+00
  5.0426E+00  7.7948E+00  1.6614E+00
  5.2698E+00  7.9514E+00  1.7401E+00
  5.0897E+00  8.1091E+00  1.7953E+00
  5.1640E+00  8.1879E+00  1.6047E+00
  5.5291E+00  8.2513E+00  1.4930E+00
  5.6311E+00  8.4881E+00  1.4016E+00
  5.5629E+00  8.5991E+00  1.6943E+00
  5.8740E+00  8.5801E+00  1.6488E+00
  5.9779E+00  8.4710E+00  1.6380E+00
  5.7673E+00  8.5307E+00  1.5755E+00
  5.9778E+00  8.4897E+00  1.4557E+00
  5.7817E+00  8.3848E+00  1.3946E+00
  5.4111E+00  8.1164E+00  1.5625E+00
  5.3617E+00  8.1888E+00  1.3726E+00
  5.5735E+00  7.8935E+00  1.4068E+00
  5.4113E+00  8.0886E+00  1.2871E+00
  5.3432E+00  8.1140E+00  1.2663E+00
  5.3598E+00  8.0877E+00  1.1895E+00
  5.5076E+00  8.3268E+00  9.9103E-01
  5.3953E+00  8.2530E+00  1.2811E+00
  5.5833E+00  7.9298E+00  1.3313E+00
  4.8203E+00  7.9436E+00  1.8219E+00
  5.1384E+00  7.7619E+00  1.2753E+00
  5.1746E+00  7.5624E+00  1.6702E+00
  4.9082E+00  7.6250E+00  1.7844E+00
  5.0984E+00  7.5937E+00  1.3543E+00
  4.9453E+00  7.5697E+00  1.4898E+00
  4.7541E+00  7.6234E+00  1.7423E+00
  5.0273E+00  7.5880E+00  1.4750E+00
  5.0166E+00  7.5111E+00  1.3506E+00
  4.6762E+00  7.4060E+00  1.7492E+00
  5.1396E+00  7.3772E+00  1.3793E+00
  4.8838E+00  7.6550E+00  1.4303E+00
  4.8888E+00  7.4523E+00  1.4959E+00
  4.9542E+00  7.1500E+00  1.4833E+00
  4.5611E+00  7.1160E+00  1.4737E+00
  4.7884E+00  6.9563E+00  1.3366E+00
  4.3453E+00  6.7573E+00  1.4552E+00
  4.3745E+00  6.6172E+00  1.3266E+00
  4.4245E+00  6.7419E+00  1.4073E+00
  4.0944E+00  6.7149E+00  1.4478E+00
  4.2794E+00  6.6892E+00  1.5121E+00
  4.2580E+00  6.9167E+00  1.4893E+00
