  1.1978E+01  6.7604E+00  2.2538E-03
  1.2080E+01  6.5059E+00  6.0976E-01
  1.2211E+01  5.3565E+00 -6.1714E-01
  1.1819E+01  6.2248E+00 -9.2698E-01
  1.1917E+01  6.0130E+00 -9.3351E-01
  1.2096E+01  5.2425E+00 -6.2196E-01
  1.1613E+01  5.4688E+00 -2.6733E-01
  1.1423E+01  6.0475E+00  2.5041E-02
  1.1205E+01  5.7745E+00  3.9871E-01
  1.0974E+01  5.9559E+00  5.0870E-01
  1.0726E+01  6.1570E+00  3.6899E-01
  1.0631E+01  6.2336E+00  5.3151E-01
  1.0732E+01  6.2730E+00  6.1377E-01
  1.0778E+01  6.3815E+00  6.8360E-01
  1.0813E+01  6.3803E+00  7.6036E-01
  1.0807E+01  6.3348E+00  9.0603E-01
  1.0647E+01  6.4917E+00  7.7595E-01
  1.0440E+01  6.5513E+00  7.8553E-01
  1.0368E+01  6.5354E+00  8.5844E-01
  1.0410E+01  6.4313E+00  1.0293E+00
  1.0320E+01  6.3178E+00  9.0164E-01
  1.0358E+01  6.3443E+00  1.2595E+00
  1.0207E+01  6.2604E+00  1.1776E+00
  1.0066E+01  6.3949E+00  1.1136E+00
  1.0004E+01  6.4915E+00  8.5121E-01
  1.0486E+01  6.8223E+00  1.3890E+00
  1.0969E+01  6.6759E+00  1.7617E+00
  1.2029E+01  6.4316E+00  2.0299E+00
 -1.2435E+01  5.5147E+00  1.5013E+00
 -1.2410E+01  5.2603E+00  5.1115E-01
 -1.2371E+01  5.0105E+00  6.5272E-01
 -1.2321E+01  5.3832E+00  1.1017E+00
 -1.2517E+01  5.0912E+00  8.5317E-01
  1.2271E+01  4.7921E+00 -1.7801E-01
  1.2405E+01  4.6110E+00  2.3767E-01
 -1.2590E+01  4.7611E+00  9.0853E-01
 -1.2256E+01  4.7936E+00  9.9163E-01
 -1.2514E+01  4.6407E+00  7.8443E-01
 -1.2358E+01  4.6646E+00  7.0643E-01
 -1.2330E+01  5.0648E+00  1.2626E+00
 -1.2390E+01  5.8055E+00  1.4408E+00
 -1.2466E+01  5.8224E+00  1.4639E+00
 -1.2412E+01  5.6670E+00  1.2123E+00
 -1.2377E+01  5.7818E+00  1.0218E+00
 -1.2589E+01  6.2422E+00  1.2824E+00
 -1.2577E+01  6.8478E+00  1.2049E+00
 -1.2498E+01  6.9632E+00  1.2263E+00
  1.2536E+01  6.8671E+00  1.3560E+00
 -1.2479E+01  7.1157E+00  1.2665E+00
 -1.2572E+01  7.4540E+00  1.0767E+00
  1.2535E+01  7.5268E+00  1.1295E+00
  1.2535E+01  7.3503E+00  1.1421E+00
 -1.2597E+01  7.2658E+00  1.2067E+00
  1.2151E+01  7.7113E+00  9.4942E-01
  1.1583E+01  7.6570E+00  5.2228E-01
  1.1388E+01  7.7668E+00  5.1471E-01
  1.1398E+01  7.6592E+00  8.8562E-01
  1.1144E+01  7.2970E+00  6.3534E-01
  1.1492E+01  6.9877E+00  9.8584E-01
  1.1215E+01  6.9393E+00  7.4808E-01
  1.1054E+01  7.1224E+00  3.6660E-01
  1.0928E+01  6.5481E+00  6.5647E-01
  1.1156E+01  6.8856E+00  6.0950E-01
  1.0574E+01  7.3639E+00  1.7440E-01
  1.1023E+01  7.3004E+00  5.7948E-01
  1.1145E+01  7.4632E+00  5.0358E-01
  1.1019E+01  7.4403E+00  4.0170E-01
  1.1047E+01  7.4535E+00  3.5576E-01
  1.1162E+01  7.1708E+00  5.1070E-01
  1.1290E+01  6.8740E+00  6.1717E-01
  1.0886E+01  7.3037E+00  5.3036E-01
  1.1277E+01  7.2931E+00  8.5238E-01
  1.1768E+01  6.9212E+00  1.0546E+00
  1.1749E+01  6.7533E+00  1.0073E+00
  1.2002E+01  6.7614E+00  9.6133E-01
  1.2280E+01  7.1088E+00  8.4118E-01
  1.1630E+01  6.8976E+00  8.5741E-01
  1.1962E+01  6.7923E+00  6.5106E-01
 -1.2592E+01  6.7943E+00  1.0489E-01
  1.2440E+01  6.6131E+00  2.4019E-01
  1.2193E+01  6.9387E+00  2.7746E-01
  1.2210E+01  6.4550E+00 -9.6014E-02
  1.2245E+01  5.8132E+00 -1.2895E+00
 -1.2294E+01  6.3181E+00 -1.2982E+00
 -1.2537E+01  6.4900E+00 -9.8875E-01
 -1.2573E+01  6.8332E+00 -1.3119E+00
  1.1926E+01  5.8789E+00 -2.1044E+00
  1.1157E+01  6.2227E+00 -2.7268E+00
  1.1201E+01  6.0261E+00 -2.4805E+00
  1.1290E+01  6.2074E+00 -2.7244E+00
  1.0572E+01  6.1365E+00 -3.0522E+00
  1.0819E+01  6.1259E+00 -2.8546E+00
  1.0523E+01  5.8102E+00 -2.6316E+00
  1.0478E+01  5.9488E+00 -2.8680E+00
  1.0694E+01  6.6693E+00 -3.0415E+00
  1.0278E+01  6.1884E+00 -3.2656E+00
  1.0422E+01  6.2042E+00 -3.0376E+00
  1.0847E+01  6.5423E+00 -2.7093E+00
  1.0724E+01  6.3666E+00 -2.5487E+00
  1.0511E+01  6.4639E+00 -2.4179E+00
  1.0663E+01  7.2875E+00 -2.5950E+00
  1.0671E+01  7.4418E+00 -2.4059E+00
  1.0468E+01  6.9481E+00 -2.6102E+00
  1.0272E+01  6.5203E+00 -2.2364E+00
  1.0428E+01  6.4103E+00 -2.2779E+00
  1.0344E+01  5.9938E+00 -1.7153E+00
  1.0277E+01  6.0410E+00 -1.9339E+00
  1.0510E+01  6.2891E+00 -1.5300E+00
  1.0609E+01  6.1122E+00 -1.3746E+00
  1.0717E+01  5.8963E+00 -1.5087E+00
  1.1003E+01  6.1775E+00 -1.5788E+00
  1.1386E+01  6.1634E+00 -9.9897E-01
  1.1047E+01  6.3489E+00 -1.2676E+00
  1.1442E+01  6.1684E+00 -1.4690E+00
  1.1500E+01  6.2021E+00 -1.6484E+00
  1.1601E+01  6.0109E+00 -1.2047E+00
  1.1732E+01  5.9428E+00 -1.1463E+00
  1.1629E+01  6.0437E+00 -1.5360E+00
  1.1474E+01  6.1176E+00 -1.4300E+00
  1.1504E+01  6.1191E+00 -1.1840E+00
  1.1671E+01  5.9269E+00 -9.2364E-01
  1.1590E+01  5.9740E+00 -6.9065E-01
  1.1554E+01  5.8497E+00 -8.0282E-01
  1.1388E+01  5.9195E+00 -9.0694E-01
  1.1568E+01  5.7381E+00 -8.6798E-01
  1.1359E+01  5.7954E+00 -6.5428E-01
  1.1333E+01  5.7336E+00 -7.0317E-01
  1.1674E+01  5.6081E+00 -7.6589E-01
  1.1303E+01  5.6899E+00 -6.4261E-01
  1.1498E+01  5.4111E+00 -7.2938E-01
  1.1282E+01  5.6678E+00 -9.2540E-01
  1.1583E+01  5.4183E+00 -8.0429E-01
  1.1002E+01  5.8390E+00 -1.0044E+00
  1.1156E+01  5.4462E+00 -1.0362E+00
  1.0673E+01  5.3199E+00 -1.1088E+00
  1.0625E+01  5.2582E+00 -1.3172E+00
  1.0504E+01  5.0652E+00 -1.2570E+00
  1.0418E+01  5.0200E+00 -1.3310E+00
  1.0792E+01  5.0594E+00 -1.4488E+00
  1.0607E+01  5.2927E+00 -1.5328E+00
  1.0838E+01  5.2819E+00 -1.5474E+00
  1.0676E+01  5.4543E+00 -1.5489E+00
  1.0507E+01  5.7361E+00 -1.7375E+00
  1.0397E+01  5.7652E+00 -1.8990E+00
  1.0250E+01  6.0028E+00 -1.8356E+00
  1.0564E+01  5.8330E+00 -1.8290E+00
  1.0308E+01  5.8393E+00 -2.0038E+00
  1.0415E+01  5.7921E+00 -1.8729E+00
  1.0597E+01  5.5839E+00 -1.9400E+00
  1.0868E+01  5.5914E+00 -1.9497E+00
  1.0740E+01  5.6379E+00 -1.9576E+00
  1.0700E+01  5.7161E+00 -2.1947E+00
  1.0776E+01  5.5127E+00 -1.9795E+00
  1.0821E+01  5.2885E+00 -1.7901E+00
  1.0446E+01  5.5940E+00 -2.1918E+00
  1.0606E+01  5.4734E+00 -2.0288E+00
  1.0395E+01  5.6866E+00 -1.9773E+00
  1.0902E+01  5.7167E+00 -2.0275E+00
  1.0698E+01  5.7900E+00 -1.8064E+00
  1.1168E+01  5.5104E+00 -1.6804E+00
  1.1113E+01  5.5763E+00 -1.6732E+00
  1.0760E+01  5.8595E+00 -1.6961E+00
  1.0900E+01  5.5653E+00 -1.7291E+00
  1.0811E+01  5.6927E+00 -1.6604E+00
  1.0888E+01  5.9187E+00 -1.9558E+00
  1.1083E+01  5.7543E+00 -1.8006E+00
  1.0958E+01  5.8644E+00 -1.7641E+00
  1.1134E+01  5.7349E+00 -1.6769E+00
  1.0646E+01  5.8054E+00 -1.4131E+00
  1.1488E+01  6.1070E+00 -1.5733E+00
  1.1180E+01  6.2209E+00 -1.9099E+00
  1.1449E+01  6.2084E+00 -1.7700E+00
  1.1432E+01  6.0764E+00 -1.6197E+00
  1.1215E+01  6.2618E+00 -1.7460E+00
  1.1574E+01  6.0759E+00 -1.9865E+00
  1.1194E+01  6.0561E+00 -2.2994E+00
  1.1391E+01  5.9829E+00 -2.1541E+00
  1.1035E+01  5.9405E+00 -2.1259E+00
  1.1312E+01  5.8217E+00 -1.9532E+00
  1.1146E+01  5.6977E+00 -2.2535E+00
  1.0809E+01  5.4899E+00 -2.2837E+00
  1.0776E+01  5.5065E+00 -2.1766E+00
  1.0842E+01  5.2599E+00 -2.2303E+00
  1.0672E+01  5.0800E+00 -2.0312E+00
  1.0544E+01  5.1195E+00 -2.0000E+00
  1.0336E+01  5.0815E+00 -2.1469E+00
  1.0273E+01  5.0154E+00 -2.1934E+00
  1.0335E+01  5.1703E+00 -2.1969E+00
  1.0438E+01  5.5276E+00 -2.1452E+00
  1.0559E+01  5.7358E+00 -2.2697E+00
  1.0579E+01  5.7474E+00 -1.9660E+00
  1.0871E+01  5.9347E+00 -1.8374E+00
  1.0968E+01  5.9237E+00 -1.7734E+00
  1.0828E+01  6.2271E+00 -1.8742E+00
  1.0896E+01  6.1208E+00 -1.7814E+00
  1.0982E+01  6.4284E+00 -1.9383E+00
  1.1010E+01  6.1454E+00 -1.8816E+00
  1.0749E+01  6.3163E+00 -1.9687E+00
  1.0962E+01  6.5289E+00 -2.0301E+00
  1.0805E+01  6.3417E+00 -1.9427E+00
  1.0587E+01  6.3353E+00 -2.0039E+00
  1.0769E+01  6.3279E+00 -2.0574E+00
  1.0658E+01  6.1264E+00 -1.8734E+00
  1.0627E+01  6.3385E+00 -1.8519E+00
  1.0429E+01  6.6781E+00 -1.4646E+00
  1.0713E+01  6.1132E+00 -1.7770E+00
  1.0387E+01  5.9704E+00 -1.6920E+00
  1.0687E+01  5.4937E+00 -2.0908E+00
  1.0257E+01  5.2331E+00 -2.0144E+00
  1.0298E+01  4.9460E+00 -1.9560E+00
  1.0566E+01  5.0049E+00 -1.6841E+00
  1.1341E+01  4.9216E+00 -1.7100E+00
  1.1166E+01  4.9505E+00 -1.6126E+00
  1.0361E+01  4.7431E+00 -1.4813E+00
  1.0048E+01  5.1354E+00 -1.4912E+00
  1.0239E+01  4.8598E+00 -1.5158E+00
  1.0402E+01  5.0117E+00 -1.4628E+00
  1.0069E+01  5.1584E+00 -1.5615E+00
  9.7408E+00  5.1514E+00 -1.6583E+00
  1.0037E+01  4.9439E+00 -1.6104E+00
  1.0021E+01  5.1985E+00 -1.7074E+00
  1.0051E+01  5.1264E+00 -1.8984E+00
  9.9291E+00  4.9341E+00 -1.8129E+00
  1.0188E+01  4.8494E+00 -1.8900E+00
  1.0054E+01  4.9975E+00 -2.0002E+00
  1.0042E+01  4.8470E+00 -1.9151E+00
  1.0427E+01  4.6154E+00 -2.0359E+00
  1.0067E+01  4.7071E+00 -1.8999E+00
  1.0098E+01  4.6579E+00 -2.0348E+00
  1.0204E+01  4.7565E+00 -1.9901E+00
  1.0036E+01  4.7228E+00 -2.0960E+00
  9.6840E+00  4.9533E+00 -2.0929E+00
  9.6920E+00  4.9540E+00 -1.9589E+00
  9.4340E+00  4.9495E+00 -2.3244E+00
  9.2108E+00  4.7905E+00 -2.3977E+00
  9.2462E+00  4.9929E+00 -2.3886E+00
  9.4410E+00  4.6434E+00 -2.4641E+00
  9.3368E+00  4.6110E+00 -2.4589E+00
  9.5202E+00  4.7196E+00 -2.6438E+00
  9.6124E+00  4.7793E+00 -2.6202E+00
  9.6933E+00  4.8492E+00 -2.5153E+00
  1.0106E+01  4.5504E+00 -2.5375E+00
  9.6984E+00  5.0453E+00 -2.7000E+00
  9.4436E+00  5.0710E+00 -2.4793E+00
  9.5819E+00  4.7825E+00 -2.2932E+00
  9.4088E+00  4.9998E+00 -2.3939E+00
  9.4332E+00  4.7643E+00 -2.0669E+00
  9.5428E+00  4.9465E+00 -1.8912E+00
  9.6454E+00  5.1810E+00 -2.2884E+00
  9.8352E+00  5.0181E+00 -2.1559E+00
  1.0160E+01  5.0160E+00 -2.2279E+00
  1.0119E+01  5.0589E+00 -2.2368E+00
  1.0101E+01  4.8552E+00 -2.0973E+00
  1.0075E+01  4.7037E+00 -2.0549E+00
  9.8087E+00  4.6985E+00 -2.3004E+00
  9.6722E+00  4.6522E+00 -2.4127E+00
  9.6231E+00  4.7975E+00 -2.2973E+00
  9.7067E+00  4.7820E+00 -2.4433E+00
  9.7338E+00  5.0481E+00 -2.8882E+00
  9.6904E+00  5.2275E+00 -2.6744E+00
  9.5758E+00  5.1566E+00 -2.6850E+00
  9.7133E+00  5.0766E+00 -2.5648E+00
  9.5759E+00  5.1627E+00 -2.3792E+00
  9.6671E+00  4.8995E+00 -2.3007E+00
  9.7185E+00  5.0152E+00 -2.3032E+00
  9.6553E+00  5.0649E+00 -2.2057E+00
  9.6940E+00  5.1027E+00 -2.1030E+00
  9.8967E+00  5.2454E+00 -1.9847E+00
  1.0220E+01  4.9035E+00 -1.7850E+00
  1.0042E+01  5.2116E+00 -1.4812E+00
  1.0351E+01  5.1609E+00 -1.5127E+00
  1.0340E+01  5.1949E+00 -1.7759E+00
  1.0373E+01  5.1668E+00 -1.7741E+00
  1.0224E+01  5.1655E+00 -1.8895E+00
  1.0046E+01  5.2138E+00 -1.9448E+00
  1.0236E+01  4.9739E+00 -1.9815E+00
  1.0156E+01  4.8831E+00 -2.1652E+00
  9.9764E+00  4.9838E+00 -2.2674E+00
  9.7359E+00  5.3142E+00 -2.3990E+00
  9.7447E+00  5.0765E+00 -2.3450E+00
  9.7199E+00  5.0067E+00 -2.0903E+00
  1.0028E+01  4.9085E+00 -1.8660E+00
  9.6525E+00  5.4408E+00 -2.2426E+00
  9.7938E+00  5.1225E+00 -2.1050E+00
  9.7964E+00  5.1051E+00 -1.8551E+00
  1.0228E+01  4.6336E+00 -1.7845E+00
  9.7793E+00  5.1429E+00 -2.1103E+00
  9.7397E+00  4.7458E+00 -2.2606E+00
  9.6364E+00  4.6719E+00 -2.2912E+00
  9.4936E+00  5.0199E+00 -2.1212E+00
  9.5498E+00  4.5650E+00 -2.3487E+00
  8.9495E+00  4.9724E+00 -2.6422E+00
  9.0237E+00  4.6846E+00 -2.9946E+00
  9.2398E+00  5.3921E+00 -2.5999E+00
  8.8171E+00  4.9816E+00 -3.3333E+00
  8.8106E+00  5.3599E+00 -3.0058E+00
  8.9655E+00  5.2871E+00 -3.1980E+00
  9.0648E+00  5.3675E+00 -3.2241E+00
  9.1698E+00  5.4343E+00 -3.1425E+00
  9.5570E+00  5.3864E+00 -3.1076E+00
  9.5317E+00  5.6129E+00 -3.0990E+00
  9.6927E+00  5.3457E+00 -3.4704E+00
  9.6996E+00  5.3591E+00 -2.8963E+00
  9.7032E+00  5.1904E+00 -2.8659E+00
  9.5524E+00  5.3332E+00 -3.1896E+00
  9.6662E+00  5.2536E+00 -2.8979E+00
  9.4890E+00  5.3856E+00 -2.9429E+00
  9.4367E+00  5.4662E+00 -2.9746E+00
  9.4701E+00  5.4266E+00 -2.9519E+00
  9.3928E+00  5.4727E+00 -2.6952E+00
  9.4995E+00  5.4873E+00 -3.0285E+00
  9.2944E+00  5.8714E+00 -3.1014E+00
  9.4189E+00  5.6887E+00 -3.1921E+00
  9.3181E+00  5.9110E+00 -3.1705E+00
  9.2335E+00  5.8981E+00 -3.3027E+00
  9.0906E+00  5.9184E+00 -3.3986E+00
  8.9306E+00  5.9603E+00 -3.2499E+00
  9.0259E+00  5.7016E+00 -3.7647E+00
  8.7075E+00  5.7824E+00 -3.3685E+00
  8.6864E+00  5.6924E+00 -3.6098E+00
  8.7132E+00  5.7791E+00 -3.6320E+00
  8.8483E+00  5.8882E+00 -3.5905E+00
  9.2095E+00  5.4362E+00 -3.5829E+00
  9.2768E+00  5.4655E+00 -3.4905E+00
  9.4295E+00  5.6085E+00 -3.3656E+00
  9.5504E+00  5.5747E+00 -3.2887E+00
  9.3456E+00  5.8266E+00 -3.0905E+00
  9.2873E+00  5.9489E+00 -3.4135E+00
  9.2837E+00  5.8944E+00 -3.1927E+00
  9.1943E+00  5.8596E+00 -3.6827E+00
  8.9659E+00  5.9074E+00 -3.7775E+00
  8.8567E+00  5.7780E+00 -3.6022E+00
  8.5845E+00  5.5648E+00 -3.7410E+00
  8.6363E+00  5.5476E+00 -3.6430E+00
  8.3885E+00  5.7040E+00 -3.6681E+00
  8.2212E+00  5.7162E+00 -3.5507E+00
  8.3894E+00  5.7316E+00 -3.2956E+00
  8.4559E+00  5.6472E+00 -3.4451E+00
  8.4351E+00  5.6962E+00 -3.6145E+00
  8.8178E+00  5.5240E+00 -3.5933E+00
  8.8546E+00  5.6538E+00 -3.2698E+00
  8.8438E+00  5.6977E+00 -3.4846E+00
  9.0363E+00  5.3170E+00 -3.1581E+00
  8.8728E+00  5.3509E+00 -2.9993E+00
  8.8053E+00  5.2754E+00 -3.3218E+00
  8.7527E+00  5.3768E+00 -3.1683E+00
  8.7005E+00  5.3575E+00 -3.1471E+00
  8.7286E+00  5.4964E+00 -3.4251E+00
  8.8528E+00  5.5171E+00 -3.5141E+00
  8.9647E+00  5.5292E+00 -3.4744E+00
  9.0187E+00  5.6240E+00 -3.9024E+00
  8.9757E+00  5.6507E+00 -3.8303E+00
  8.9135E+00  5.8573E+00 -3.6809E+00
  8.9039E+00  5.8025E+00 -3.6160E+00
  8.8101E+00  5.9185E+00 -3.6229E+00
  8.9703E+00  5.7992E+00 -3.5384E+00
  8.7010E+00  5.8949E+00 -3.4914E+00
  8.6341E+00  6.2683E+00 -3.6773E+00
  8.7792E+00  5.8699E+00 -3.5689E+00
  8.5855E+00  5.8878E+00 -3.5381E+00
  8.7312E+00  5.9028E+00 -3.3544E+00
  8.6319E+00  6.1446E+00 -3.5322E+00
  8.8713E+00  6.1033E+00 -3.6036E+00
  9.1065E+00  5.9378E+00 -3.5485E+00
  9.0910E+00  6.0120E+00 -3.5935E+00
  9.2304E+00  6.0959E+00 -3.7410E+00
  9.1459E+00  6.1494E+00 -3.7593E+00
  9.3853E+00  6.0501E+00 -3.5783E+00
  9.4188E+00  6.2110E+00 -3.8154E+00
  9.2428E+00  6.1788E+00 -3.9619E+00
  9.1319E+00  6.1363E+00 -4.0960E+00
  9.0062E+00  6.2845E+00 -4.2754E+00
  8.9328E+00  6.2531E+00 -4.0850E+00
  9.0610E+00  6.2821E+00 -3.9267E+00
  8.9161E+00  6.4554E+00 -3.8394E+00
  9.0506E+00  6.4821E+00 -3.6043E+00
  9.3227E+00  6.4070E+00 -3.7504E+00
  9.1374E+00  6.5470E+00 -3.7997E+00
  9.1553E+00  6.5875E+00 -3.5639E+00
  9.2116E+00  6.7820E+00 -3.5798E+00
  9.1803E+00  6.8272E+00 -3.3829E+00
  9.1642E+00  6.8343E+00 -3.2802E+00
  9.1224E+00  6.9082E+00 -3.4384E+00
  9.1517E+00  6.7830E+00 -3.3938E+00
  8.9608E+00  6.7779E+00 -3.4244E+00
  8.9774E+00  6.5990E+00 -3.0626E+00
  8.9925E+00  6.6116E+00 -3.1862E+00
  8.9934E+00  6.4997E+00 -3.0791E+00
  8.6796E+00  6.3362E+00 -3.3753E+00
  8.9540E+00  6.2339E+00 -3.0724E+00
  8.9563E+00  6.0687E+00 -3.2884E+00
  9.1328E+00  6.0802E+00 -3.3633E+00
  9.0307E+00  6.0388E+00 -3.2570E+00
  8.6675E+00  6.0797E+00 -3.2337E+00
  9.0327E+00  6.0686E+00 -2.8360E+00
  8.5202E+00  5.9634E+00 -3.0528E+00
  8.5036E+00  6.0855E+00 -3.1256E+00
  8.6000E+00  5.8778E+00 -3.2704E+00
  8.4617E+00  5.7900E+00 -3.5399E+00
  8.5301E+00  5.7951E+00 -3.7196E+00
