  1.2304E+01  9.5570E+00  3.5199E-01
  1.2551E+01  9.5156E+00  5.6521E-02
  1.2443E+01  8.5213E+00 -2.8861E-01
  1.2376E+01  8.1233E+00  2.4308E-01
 -1.2348E+01  8.8752E+00 -1.9800E-01
 -1.2272E+01  8.7988E+00 -3.0597E-01
  1.2587E+01  8.8569E+00 -7.1228E-01
 -1.2367E+01  8.5591E+00 -8.7499E-01
 -1.2190E+01  8.7173E+00 -9.9111E-01
 -1.2284E+01  8.6402E+00 -1.1751E+00
 -1.2268E+01  8.4262E+00 -1.2280E+00
 -1.1933E+01  8.3662E+00 -1.0182E+00
 -1.1809E+01  8.3552E+00 -9.2783E-01
 -1.1853E+01  8.4448E+00 -1.1167E+00
 -1.1962E+01  8.5101E+00 -1.2420E+00
 -1.2170E+01  8.5003E+00 -1.2469E+00
 -1.2294E+01  8.4173E+00 -1.2149E+00
 -1.2148E+01  8.2873E+00 -1.1655E+00
 -1.2139E+01  8.2326E+00 -1.1976E+00
 -1.2436E+01  8.1709E+00 -1.2364E+00
 -1.2587E+01  8.3178E+00 -1.2601E+00
  1.2077E+01  8.3205E+00 -1.5655E+00
  1.1596E+01  7.9285E+00 -1.8395E+00
  1.1692E+01  7.5254E+00 -1.8317E+00
  1.1637E+01  7.6040E+00 -1.9379E+00
  1.1117E+01  7.3912E+00 -2.0320E+00
  1.0579E+01  7.5709E+00 -1.6974E+00
  1.0433E+01  7.7712E+00 -1.1641E+00
  1.0509E+01  7.9485E+00 -1.0795E+00
  1.0679E+01  8.1529E+00 -5.1012E-01
  1.0959E+01  8.5259E+00 -8.2634E-02
  1.2183E+01  8.8640E+00  1.0468E-01
  1.2486E+01  8.7339E+00  2.4703E-01
  1.1885E+01  8.8774E+00  1.1374E-01
  1.2201E+01  8.2922E+00  3.0349E-01
 -1.1846E+01  8.6927E+00 -1.3909E-01
 -1.1291E+01  8.0544E+00 -7.9013E-01
 -1.1362E+01  8.2797E+00 -2.6434E-01
 -1.1337E+01  8.4842E+00 -6.3726E-01
 -1.0865E+01  7.8478E+00 -1.3246E+00
 -1.0822E+01  7.3895E+00 -1.6902E+00
 -1.0415E+01  7.7057E+00 -1.5667E+00
 -1.0405E+01  8.0192E+00 -1.3485E+00
 -1.0223E+01  7.6938E+00 -1.4928E+00
 -1.0082E+01  7.2761E+00 -1.8943E+00
 -1.0083E+01  7.3376E+00 -1.7013E+00
 -1.0134E+01  7.7391E+00 -1.6397E+00
 -1.0030E+01  7.7803E+00 -1.9144E+00
 -1.0104E+01  7.3816E+00 -1.7976E+00
 -1.0202E+01  7.0474E+00 -1.8867E+00
 -9.9718E+00  7.3856E+00 -2.0874E+00
 -1.0111E+01  7.7730E+00 -1.8642E+00
 -1.0044E+01  7.3507E+00 -1.6630E+00
 -1.0269E+01  6.7959E+00 -2.2018E+00
 -1.0401E+01  6.9635E+00 -1.8337E+00
 -1.0620E+01  7.4523E+00 -1.4903E+00
 -1.0773E+01  7.5246E+00 -1.5136E+00
 -1.1122E+01  7.3890E+00 -1.9984E+00
 -1.1321E+01  7.6292E+00 -1.9226E+00
 -1.1462E+01  8.2673E+00 -1.6530E+00
 -1.1740E+01  8.3262E+00 -1.4966E+00
 -1.1859E+01  8.4292E+00 -2.2755E+00
 -1.2062E+01  8.1324E+00 -2.2908E+00
 -1.2208E+01  8.9846E+00 -1.7042E+00
 -1.2067E+01  8.6985E+00 -2.2757E+00
 -1.2146E+01  8.7576E+00 -2.5898E+00
 -1.2210E+01  9.1262E+00 -2.1690E+00
 -1.2238E+01  9.3247E+00 -2.3819E+00
 -1.2103E+01  8.8982E+00 -2.1690E+00
 -1.2242E+01  9.0841E+00 -2.0869E+00
 -1.2369E+01  8.8856E+00 -2.2740E+00
  1.2466E+01  9.2552E+00 -2.0451E+00
  1.2282E+01  8.8944E+00 -2.3901E+00
  1.2022E+01  8.8137E+00 -2.4758E+00
  1.1723E+01  9.1077E+00 -2.4207E+00
  1.2060E+01  8.9455E+00 -2.2755E+00
  1.2041E+01  9.5538E+00 -2.3325E+00
  1.2171E+01  9.6542E+00 -1.8968E+00
  1.2192E+01  9.7495E+00 -2.0940E+00
  1.2005E+01  9.7714E+00 -2.4667E+00
  1.1845E+01  9.5528E+00 -2.3018E+00
  1.1664E+01  9.6916E+00 -2.1197E+00
  1.1464E+01  9.5091E+00 -2.6223E+00
  1.1473E+01  9.4119E+00 -2.5043E+00
  1.1044E+01  9.7493E+00 -2.4578E+00
  1.1224E+01  9.1869E+00 -2.8367E+00
  1.0367E+01  9.7382E+00 -3.1266E+00
  1.0979E+01  9.4585E+00 -3.0344E+00
  1.1181E+01  9.8711E+00 -2.5587E+00
  1.0053E+01  1.0098E+01 -3.0122E+00
  9.6773E+00  9.7935E+00 -2.6793E+00
  9.6231E+00  9.8465E+00 -2.4792E+00
  9.3063E+00  9.7174E+00 -2.4072E+00
  8.8626E+00  9.5496E+00 -2.2371E+00
  8.7222E+00  9.6419E+00 -2.4199E+00
  8.3359E+00  9.4184E+00 -2.4496E+00
  8.2661E+00  9.3693E+00 -2.5364E+00
  8.3157E+00  9.7747E+00 -2.7945E+00
  8.4012E+00  9.9270E+00 -2.9767E+00
  8.3802E+00  9.9567E+00 -2.8989E+00
  8.1702E+00  1.0089E+01 -2.6679E+00
  8.4423E+00  1.0351E+01 -2.7274E+00
  8.7167E+00  1.0550E+01 -2.8066E+00
  8.5286E+00  1.0445E+01 -2.6408E+00
  8.4038E+00  1.0220E+01 -2.3525E+00
  8.7443E+00  1.0296E+01 -2.4581E+00
  8.4690E+00  9.7864E+00 -1.8870E+00
  8.5320E+00  9.6203E+00 -2.0976E+00
  8.5516E+00  9.7354E+00 -1.8519E+00
  8.8578E+00  9.5720E+00 -1.8547E+00
  8.9949E+00  8.9897E+00 -1.7353E+00
  8.7660E+00  8.8202E+00 -1.4894E+00
  8.6817E+00  9.1277E+00 -1.6597E+00
  9.1918E+00  8.9969E+00 -1.5637E+00
  9.2766E+00  8.4897E+00 -1.1086E+00
  9.7768E+00  8.3469E+00 -1.1296E+00
  1.0165E+01  9.2089E+00 -1.6758E+00
  1.0842E+01  9.1712E+00 -1.7601E+00
  1.0869E+01  9.6533E+00 -1.5419E+00
  1.1694E+01  9.4804E+00 -1.8896E+00
  1.2393E+01  9.8172E+00 -1.2926E+00
  1.2351E+01  9.7096E+00 -6.9519E-01
  1.2304E+01  9.3772E+00 -1.4438E+00
  1.1660E+01  9.5779E+00 -1.6176E+00
  1.2295E+01  9.3430E+00 -1.2816E+00
  1.2185E+01  9.3406E+00 -4.8656E-01
  1.1925E+01  9.2169E+00 -8.0607E-01
  1.0872E+01  8.7608E+00 -1.4733E+00
  1.0424E+01  8.3271E+00 -1.2692E+00
  1.0349E+01  8.7896E+00 -1.4673E+00
  1.0844E+01  8.4228E+00 -1.6176E+00
  1.0949E+01  8.9693E+00 -1.7341E+00
  1.0806E+01  8.4053E+00 -2.1502E+00
  1.0600E+01  8.6733E+00 -2.4203E+00
  1.0882E+01  8.3473E+00 -2.5149E+00
  1.1100E+01  8.7949E+00 -2.5728E+00
  1.1024E+01  8.3706E+00 -2.5514E+00
  1.0745E+01  8.7610E+00 -2.3856E+00
  1.0145E+01  8.2744E+00 -2.3824E+00
  9.0379E+00  8.5373E+00 -2.3367E+00
  9.1948E+00  8.4956E+00 -2.8667E+00
  8.8071E+00  8.7321E+00 -2.7205E+00
  9.2512E+00  8.9090E+00 -2.7905E+00
  9.1048E+00  8.9915E+00 -2.6588E+00
  9.1219E+00  9.0514E+00 -2.7174E+00
  9.5283E+00  9.3258E+00 -2.6477E+00
  9.5076E+00  9.3898E+00 -2.2365E+00
  9.2444E+00  8.9445E+00 -1.9653E+00
  8.9780E+00  8.5741E+00 -1.8614E+00
  9.0476E+00  8.7033E+00 -1.9911E+00
  9.0228E+00  8.6305E+00 -1.6730E+00
  8.9481E+00  8.4439E+00 -1.5175E+00
  9.0511E+00  8.6280E+00 -1.8975E+00
  8.6044E+00  8.8009E+00 -1.9026E+00
  8.9664E+00  8.6468E+00 -2.2487E+00
  9.0403E+00  8.9593E+00 -2.1471E+00
  9.2150E+00  8.9469E+00 -2.3442E+00
  8.7154E+00  8.7267E+00 -2.2935E+00
  9.0526E+00  8.3564E+00 -2.2514E+00
  9.4471E+00  8.5580E+00 -2.3020E+00
  9.2775E+00  8.4669E+00 -2.1522E+00
  9.3467E+00  8.2168E+00 -2.1743E+00
  9.4411E+00  8.8792E+00 -2.5164E+00
  9.3873E+00  8.6276E+00 -2.7605E+00
  9.6943E+00  8.5893E+00 -2.7638E+00
  9.5015E+00  9.1112E+00 -2.5599E+00
  9.7072E+00  8.6512E+00 -2.6317E+00
  9.0422E+00  9.0736E+00 -2.4792E+00
  8.6040E+00  8.8500E+00 -2.3130E+00
  8.9950E+00  8.8494E+00 -2.5237E+00
  9.0756E+00  8.7817E+00 -2.3817E+00
  8.9905E+00  8.4846E+00 -2.1718E+00
  9.0020E+00  8.9163E+00 -2.4329E+00
  9.3357E+00  8.8547E+00 -2.7699E+00
  9.2468E+00  8.9083E+00 -2.8261E+00
  9.2930E+00  8.8603E+00 -2.9348E+00
  9.1501E+00  8.5806E+00 -2.8928E+00
  9.0274E+00  8.7680E+00 -2.8861E+00
  8.9516E+00  8.7915E+00 -2.8994E+00
  9.1697E+00  8.5282E+00 -2.8486E+00
  9.1145E+00  8.6643E+00 -2.6255E+00
  9.2508E+00  8.6048E+00 -2.6298E+00
  9.4913E+00  8.6975E+00 -2.8941E+00
  9.0625E+00  8.9349E+00 -2.5359E+00
  8.9658E+00  8.9782E+00 -2.6748E+00
  9.1994E+00  9.1935E+00 -2.9915E+00
  8.8490E+00  8.9451E+00 -2.6094E+00
  9.3546E+00  9.1086E+00 -2.8516E+00
  9.3235E+00  9.1447E+00 -2.6857E+00
  9.2928E+00  8.8781E+00 -2.4190E+00
  9.5912E+00  9.0325E+00 -2.5530E+00
  9.8092E+00  8.9812E+00 -2.6412E+00
  9.7144E+00  8.7605E+00 -2.4633E+00
  9.8460E+00  8.7666E+00 -2.5918E+00
  9.6014E+00  8.9075E+00 -2.4172E+00
  9.6276E+00  8.4707E+00 -2.3365E+00
  9.1675E+00  8.6524E+00 -2.1403E+00
  9.5719E+00  8.8563E+00 -2.2060E+00
  9.2945E+00  8.6404E+00 -1.9528E+00
  9.8530E+00  9.1723E+00 -2.1380E+00
  9.5050E+00  8.9455E+00 -2.1083E+00
  9.8668E+00  8.7504E+00 -2.1004E+00
  1.0187E+01  9.0904E+00 -1.9768E+00
  1.0111E+01  8.8326E+00 -2.0015E+00
  1.0383E+01  8.7449E+00 -1.9853E+00
  1.0285E+01  8.4979E+00 -1.8345E+00
  1.0276E+01  8.6687E+00 -1.7510E+00
  1.0369E+01  8.9044E+00 -1.6223E+00
  1.0539E+01  8.9503E+00 -1.4718E+00
  1.0632E+01  9.1531E+00 -1.5117E+00
  1.0436E+01  9.4190E+00 -1.6018E+00
  1.0256E+01  9.3366E+00 -1.6313E+00
  1.0405E+01  9.1094E+00 -1.9647E+00
  1.0541E+01  9.6057E+00 -2.3397E+00
  1.0149E+01  9.6509E+00 -2.1609E+00
  9.9154E+00  9.8595E+00 -2.2798E+00
  1.0576E+01  9.6795E+00 -2.3804E+00
  9.8950E+00  1.0018E+01 -2.3159E+00
  9.8968E+00  9.5524E+00 -1.9413E+00
  1.0226E+01  9.1216E+00 -1.6435E+00
  1.0260E+01  9.1867E+00 -1.7400E+00
  9.9393E+00  9.3434E+00 -2.1185E+00
  1.0246E+01  9.4494E+00 -2.1931E+00
  1.0326E+01  9.6315E+00 -2.0848E+00
  1.0433E+01  9.5151E+00 -1.8787E+00
  1.0338E+01  9.5196E+00 -2.0486E+00
  1.0086E+01  9.5751E+00 -1.8065E+00
  1.0217E+01  9.5583E+00 -1.9435E+00
  9.8675E+00  9.5418E+00 -1.5318E+00
  9.7997E+00  9.7622E+00 -1.9824E+00
  1.0056E+01  9.6390E+00 -2.0378E+00
  1.0026E+01  9.5681E+00 -1.7853E+00
  1.0138E+01  9.6344E+00 -1.9206E+00
  1.0200E+01  9.7669E+00 -1.9509E+00
  1.0355E+01  9.8460E+00 -1.9151E+00
  1.0510E+01  9.5403E+00 -1.7588E+00
  1.0136E+01  9.6919E+00 -1.6779E+00
  9.6459E+00  9.6921E+00 -1.4937E+00
  9.9103E+00  9.5334E+00 -1.4885E+00
  1.0175E+01  9.6661E+00 -1.5255E+00
  1.0327E+01  9.7128E+00 -1.9463E+00
  1.0000E+01  9.7533E+00 -1.9230E+00
  1.0070E+01  9.7838E+00 -2.1150E+00
  1.0157E+01  9.7120E+00 -2.2781E+00
  1.0073E+01  1.0028E+01 -2.1663E+00
  1.0067E+01  1.0353E+01 -2.2784E+00
  1.0264E+01  1.0382E+01 -2.4321E+00
  1.0146E+01  1.0196E+01 -2.4823E+00
  1.0193E+01  1.0051E+01 -2.4110E+00
  9.9456E+00  9.8772E+00 -2.1483E+00
  9.7452E+00  9.7047E+00 -2.1376E+00
  1.0106E+01  9.7976E+00 -2.4614E+00
  1.0054E+01  9.8708E+00 -2.5988E+00
  9.8434E+00  1.0073E+01 -2.7154E+00
  1.0021E+01  1.0049E+01 -2.3272E+00
  1.0068E+01  9.9064E+00 -2.5701E+00
  9.7612E+00  9.8252E+00 -2.4057E+00
  9.8180E+00  9.7049E+00 -2.3816E+00
  9.9818E+00  9.8134E+00 -2.1751E+00
  1.0145E+01  1.0066E+01 -1.9275E+00
  1.0251E+01  1.0228E+01 -2.0372E+00
  1.0348E+01  1.0144E+01 -2.0129E+00
  1.0573E+01  1.0111E+01 -1.7330E+00
  1.0477E+01  1.0215E+01 -1.8092E+00
  1.0420E+01  1.0217E+01 -1.8347E+00
  1.0438E+01  1.0135E+01 -1.7486E+00
  1.0540E+01  1.0118E+01 -1.9262E+00
  1.0360E+01  1.0188E+01 -1.9434E+00
  1.0619E+01  1.0082E+01 -1.8794E+00
  1.0562E+01  1.0019E+01 -2.0660E+00
  1.0322E+01  9.9078E+00 -2.1803E+00
  1.0504E+01  9.8751E+00 -2.4026E+00
  1.0232E+01  9.7767E+00 -2.1066E+00
  1.0276E+01  9.6331E+00 -2.3156E+00
  1.0294E+01  9.6622E+00 -2.3446E+00
  1.0158E+01  9.6739E+00 -2.1847E+00
  9.9800E+00  9.8562E+00 -2.6362E+00
  9.7993E+00  9.8145E+00 -2.2146E+00
  9.5975E+00  9.9151E+00 -2.0008E+00
  9.7064E+00  1.0180E+01 -2.0798E+00
  9.8920E+00  1.0327E+01 -2.3520E+00
  9.7512E+00  1.0136E+01 -1.8742E+00
  9.9974E+00  9.7442E+00 -1.6506E+00
  9.9934E+00  9.7597E+00 -1.9644E+00
  9.9862E+00  9.7990E+00 -1.9223E+00
  1.0057E+01  9.7577E+00 -1.7429E+00
  1.0262E+01  9.5316E+00 -1.5517E+00
  1.0254E+01  9.4658E+00 -1.5976E+00
  1.0461E+01  9.5290E+00 -1.7339E+00
  1.0335E+01  9.5694E+00 -1.6162E+00
  1.0321E+01  9.6741E+00 -1.6196E+00
  1.0312E+01  9.5511E+00 -1.2630E+00
  1.0378E+01  9.5598E+00 -1.5276E+00
  1.0220E+01  9.5150E+00 -1.3231E+00
  9.9867E+00  9.3171E+00 -8.9641E-01
  9.9005E+00  9.0347E+00 -6.3960E-01
  1.0108E+01  8.7795E+00 -6.1918E-01
  1.0334E+01  8.9436E+00 -9.0373E-01
  1.0117E+01  9.0631E+00 -7.9302E-01
  1.0428E+01  8.5601E+00 -7.4926E-01
  1.0215E+01  8.5925E+00  2.9206E-02
  1.0500E+01  8.4283E+00 -6.3842E-01
  1.0522E+01  8.7454E+00 -5.8145E-01
  1.1074E+01  8.6393E+00 -1.0051E+00
  1.0339E+01  8.8765E+00 -5.7888E-01
  1.0880E+01  8.5833E+00 -1.0710E+00
  1.0671E+01  9.2497E+00 -1.1393E+00
  1.0725E+01  9.1158E+00 -1.0884E+00
  9.9815E+00  9.0253E+00 -6.9810E-01
  1.0833E+01  9.1870E+00 -3.7043E-01
  1.0210E+01  9.0194E+00 -3.1685E-01
  9.4369E+00  8.5998E+00  1.0594E-01
  9.5957E+00  8.4564E+00 -1.1001E-01
  9.2197E+00  8.5478E+00  3.0413E-01
  9.7260E+00  8.7643E+00 -2.0800E-01
  1.0064E+01  8.3463E+00  8.5932E-02
  9.6150E+00  8.4119E+00 -2.2149E-02
  9.1893E+00  8.2308E+00  2.5545E-01
  9.6211E+00  8.7207E+00  5.6941E-01
  9.8100E+00  8.5346E+00  1.0119E+00
  9.7639E+00  9.0526E+00  4.0953E-01
  1.0328E+01  8.5146E+00  6.8524E-01
  1.0229E+01  8.5328E+00  3.2205E-01
  1.0370E+01  8.9494E+00  2.2993E-01
  1.0843E+01  8.6814E+00  1.0066E+00
  1.0749E+01  9.0000E+00  8.6188E-01
  1.0805E+01  9.1658E+00  9.3455E-01
  1.1124E+01  9.0930E+00  1.1275E+00
  1.1006E+01  9.3405E+00  4.3192E-01
  1.1645E+01  9.6610E+00  1.2659E+00
  1.2026E+01  9.4449E+00  1.7614E+00
  1.2060E+01  9.3186E+00  1.5574E+00
  1.2438E+01  9.6573E+00  2.6975E+00
  1.2240E+01  9.1508E+00  3.3853E+00
  1.2461E+01  9.1057E+00  3.0774E+00
  1.2258E+01  9.4420E+00  3.1322E+00
  1.1508E+01  9.2826E+00  3.5592E+00
  1.0955E+01  8.7478E+00  3.3955E+00
  1.1011E+01  8.9640E+00  3.6894E+00
  1.0884E+01  8.8864E+00  3.6164E+00
  1.0308E+01  8.5499E+00  3.3090E+00
  9.6196E+00  8.5994E+00  3.1769E+00
  9.0562E+00  8.6545E+00  2.7451E+00
  9.3917E+00  8.5736E+00  3.1023E+00
  9.3713E+00  8.6948E+00  3.0030E+00
  9.3648E+00  8.5823E+00  2.8321E+00
  8.9301E+00  8.5316E+00  2.2697E+00
  8.7729E+00  8.6952E+00  2.4201E+00
  9.0559E+00  8.4911E+00  2.1290E+00
  9.1103E+00  8.4030E+00  2.1795E+00
  9.2587E+00  8.2262E+00  2.2896E+00
  9.0075E+00  8.3564E+00  2.0674E+00
  9.3822E+00  8.4297E+00  2.7230E+00
  9.2338E+00  8.2679E+00  2.5049E+00
  9.4722E+00  8.8619E+00  3.1421E+00
  9.9124E+00  8.9476E+00  3.1354E+00
  1.0281E+01  9.0684E+00  3.2846E+00
  1.0810E+01  9.2289E+00  3.4388E+00
  1.0401E+01  9.3666E+00  3.3954E+00
  1.1027E+01  9.5777E+00  3.4836E+00
  1.1124E+01  9.7835E+00  3.5782E+00
  1.0753E+01  9.6119E+00  3.5883E+00
  1.0407E+01  9.2441E+00  3.4960E+00
  1.0135E+01  9.0651E+00  3.7781E+00
  1.0266E+01  8.8243E+00  3.8644E+00
  1.0194E+01  9.0428E+00  3.7641E+00
  1.0464E+01  8.9865E+00  3.9916E+00
  1.0107E+01  8.7790E+00  4.1341E+00
  1.0276E+01  8.8924E+00  4.1031E+00
  9.9305E+00  8.9418E+00  4.0207E+00
  1.0175E+01  8.9747E+00  4.1445E+00
  1.0247E+01  8.9263E+00  4.0420E+00
  1.0214E+01  8.7032E+00  3.9353E+00
  1.0455E+01  8.8742E+00  3.8090E+00
  1.0357E+01  8.9195E+00  3.7109E+00
  1.0428E+01  8.9004E+00  3.9490E+00
  1.0220E+01  8.6459E+00  3.6799E+00
  1.0544E+01  8.7060E+00  3.5621E+00
  1.0570E+01  8.6929E+00  3.6102E+00
  1.0341E+01  8.8169E+00  3.4686E+00
  1.0416E+01  8.8427E+00  3.3955E+00
  1.0538E+01  8.9816E+00  3.2300E+00
  1.0470E+01  8.9048E+00  3.0364E+00
  1.0252E+01  8.9848E+00  3.0615E+00
  1.0658E+01  9.0491E+00  2.9481E+00
  1.0392E+01  8.9067E+00  2.8601E+00
  1.0155E+01  8.8237E+00  3.1032E+00
  9.9925E+00  8.9952E+00  3.1526E+00
  1.0055E+01  9.0812E+00  3.3365E+00
  9.9783E+00  8.8784E+00  3.5868E+00
  9.8337E+00  8.9665E+00  3.6632E+00
  9.8801E+00  9.1328E+00  3.7044E+00
  9.5789E+00  9.3706E+00  3.9175E+00
  9.6276E+00  9.3726E+00  3.8623E+00
  9.7533E+00  9.5010E+00  3.8101E+00
  9.6297E+00  9.7575E+00  3.8460E+00
  9.7645E+00  9.7232E+00  3.7267E+00
  9.6651E+00  9.7926E+00  3.5337E+00
  9.4018E+00  1.0058E+01  3.3600E+00
  9.2657E+00  9.9772E+00  3.1421E+00
