  1.1710E+01  8.6105E+00 -6.6002E-01
  1.2320E+01  8.0400E+00 -1.4719E-01
  1.1895E+01  8.3652E+00  1.1068E+00
  1.1927E+01  9.0017E+00  1.3829E+00
  1.2125E+01  7.9215E+00  7.1761E-01
  1.2119E+01  7.7970E+00  4.8104E-01
  1.2439E+01  7.6821E+00  2.2048E-01
  1.2492E+01  7.7654E+00  3.6126E-01
  1.2486E+01  7.8098E+00  9.3890E-02
  1.2367E+01  7.7677E+00 -7.3613E-02
  1.2289E+01  7.7698E+00 -3.1365E-02
  1.2296E+01  7.7122E+00 -6.5670E-02
  1.2306E+01  7.7776E+00 -5.1675E-02
  1.2389E+01  7.9077E+00 -8.0698E-02
  1.2449E+01  7.8682E+00 -1.2739E-01
  1.2264E+01  7.8814E+00 -1.0389E-01
  1.2106E+01  7.8709E+00 -5.7946E-02
  1.2134E+01  7.8526E+00 -4.9814E-02
  1.2131E+01  7.8252E+00 -8.1598E-02
  1.1924E+01  7.9582E+00 -1.6074E-03
  1.1737E+01  7.8850E+00 -1.0994E-01
  1.1550E+01  7.7145E+00 -2.9000E-01
  1.1401E+01  7.6977E+00 -3.6284E-01
  1.1233E+01  7.6895E+00 -4.0514E-01
  1.1318E+01  7.6608E+00 -4.6578E-01
  1.1348E+01  7.4853E+00 -5.4552E-01
  1.1695E+01  7.5403E+00 -6.8459E-01
  1.1870E+01  7.4484E+00 -8.4547E-01
  1.1713E+01  7.3515E+00 -3.9666E-01
  1.1904E+01  7.3614E+00 -1.2843E-01
  1.2137E+01  7.5899E+00 -1.7074E-01
  1.1600E+01  7.5391E+00 -3.1598E-01
  1.2047E+01  7.3688E+00 -2.1750E-01
  1.2429E+01  7.4926E+00 -1.2848E-01
 -1.2307E+01  7.4239E+00 -7.1787E-01
 -1.2350E+01  7.2740E+00 -2.1118E-01
 -1.2418E+01  7.1885E+00 -2.8714E-01
 -1.2126E+01  7.0272E+00 -6.0994E-01
 -1.1885E+01  7.0820E+00 -5.6402E-01
 -1.1952E+01  7.0788E+00 -6.1905E-01
 -1.1798E+01  7.2436E+00 -5.5066E-01
 -1.1628E+01  7.1689E+00 -8.5140E-01
 -1.1459E+01  7.0110E+00 -9.6907E-01
 -1.1496E+01  7.0733E+00 -9.7560E-01
 -1.1309E+01  7.3071E+00 -1.0181E+00
 -1.1439E+01  7.3840E+00 -1.0436E+00
 -1.1443E+01  7.2258E+00 -1.0960E+00
 -1.1193E+01  7.2275E+00 -1.1310E+00
 -1.1454E+01  7.4081E+00 -1.1287E+00
 -1.1437E+01  7.4935E+00 -1.1478E+00
 -1.1205E+01  7.2512E+00 -1.2305E+00
 -1.1297E+01  7.1755E+00 -1.1505E+00
 -1.1478E+01  7.3284E+00 -1.2010E+00
 -1.1374E+01  7.1814E+00 -1.2514E+00
 -1.1556E+01  7.5675E+00 -1.0763E+00
 -1.2039E+01  7.4280E+00 -9.8239E-01
 -1.2192E+01  7.2149E+00 -1.1096E+00
 -1.2325E+01  7.4077E+00 -1.0911E+00
  1.2559E+01  7.3097E+00 -1.2618E+00
 -1.2585E+01  7.3741E+00 -1.1908E+00
  1.2340E+01  7.3205E+00 -1.6165E+00
  1.2439E+01  7.4835E+00 -1.5214E+00
  1.1912E+01  7.7794E+00 -1.4835E+00
  1.1985E+01  7.8615E+00 -1.6467E+00
  1.1959E+01  8.0096E+00 -1.6231E+00
  1.2120E+01  8.0285E+00 -1.6556E+00
  1.1982E+01  8.0701E+00 -1.7838E+00
  1.2321E+01  8.2411E+00 -1.5504E+00
  1.1877E+01  8.2061E+00 -1.6097E+00
  1.1840E+01  8.2572E+00 -1.4990E+00
  1.1749E+01  8.2523E+00 -1.4333E+00
  1.1667E+01  8.1277E+00 -1.4422E+00
  1.1508E+01  8.1974E+00 -1.3005E+00
  1.1369E+01  8.0108E+00 -1.3793E+00
  1.1331E+01  8.0949E+00 -1.3755E+00
  1.1220E+01  8.2135E+00 -1.2603E+00
  1.1739E+01  8.4509E+00 -1.3502E+00
  1.1403E+01  8.4067E+00 -1.5399E+00
  1.1598E+01  8.5051E+00 -1.4843E+00
  1.1705E+01  8.6914E+00 -1.4589E+00
  1.1246E+01  8.4605E+00 -1.4533E+00
  1.1234E+01  8.3430E+00 -1.6017E+00
  1.1352E+01  8.4962E+00 -1.5117E+00
  1.1029E+01  8.1902E+00 -1.7407E+00
  1.1152E+01  8.3726E+00 -1.8533E+00
  1.0500E+01  8.3759E+00 -1.7924E+00
  1.0910E+01  8.5138E+00 -2.4349E+00
  1.0414E+01  8.5036E+00 -2.0145E+00
  1.0423E+01  8.6063E+00 -2.2457E+00
  1.0594E+01  8.8409E+00 -2.3803E+00
  1.0852E+01  8.8701E+00 -2.4820E+00
  1.0505E+01  8.6304E+00 -2.3538E+00
  1.0379E+01  8.6593E+00 -2.3574E+00
  9.9543E+00  8.5170E+00 -2.3564E+00
  9.4819E+00  8.3751E+00 -2.1194E+00
  9.3026E+00  8.3950E+00 -1.9107E+00
  9.4349E+00  8.5629E+00 -2.0306E+00
  9.2435E+00  8.6136E+00 -2.5433E+00
  9.2394E+00  8.7692E+00 -2.4981E+00
  9.4533E+00  8.9923E+00 -2.4623E+00
  9.2666E+00  9.0894E+00 -2.4013E+00
  9.3522E+00  9.2084E+00 -2.3561E+00
  9.3001E+00  9.2815E+00 -2.2388E+00
  9.5176E+00  9.3774E+00 -2.2476E+00
  9.6471E+00  9.3680E+00 -2.3460E+00
  9.6214E+00  9.1058E+00 -2.1640E+00
  9.6856E+00  8.8993E+00 -1.9581E+00
  9.6035E+00  8.6781E+00 -1.6117E+00
  9.6186E+00  8.7696E+00 -1.4035E+00
  9.7522E+00  8.5958E+00 -1.1341E+00
  1.0222E+01  8.5948E+00 -9.5438E-01
  1.0113E+01  8.5390E+00 -8.7288E-01
  9.9740E+00  8.3878E+00 -1.4259E+00
  1.0227E+01  8.0367E+00 -1.0365E+00
  1.0692E+01  8.2059E+00 -6.7448E-01
  1.1163E+01  8.7841E+00 -7.3032E-01
  1.1118E+01  8.3157E+00 -9.2407E-01
  1.1308E+01  8.1580E+00 -7.4594E-01
  1.1541E+01  8.3597E+00 -1.1577E+00
  1.1768E+01  8.3854E+00 -8.5639E-01
  1.1850E+01  8.4233E+00 -1.1082E+00
  1.1820E+01  8.3632E+00 -1.1164E+00
  1.1537E+01  8.2416E+00 -8.1588E-01
  1.1823E+01  8.2983E+00 -8.3766E-01
  1.1572E+01  8.2058E+00 -6.0572E-01
  1.1430E+01  8.0528E+00 -6.9548E-01
  1.1173E+01  7.9612E+00 -4.4663E-01
  1.1295E+01  7.9546E+00 -2.7175E-01
  1.1543E+01  8.2632E+00 -2.6111E-01
  1.1053E+01  7.9887E+00 -4.0181E-01
  1.0822E+01  7.9017E+00 -2.0331E-01
  1.0919E+01  7.8231E+00 -7.5545E-01
  1.1028E+01  7.9781E+00 -7.2166E-01
  1.0939E+01  7.6990E+00 -1.3212E+00
  1.0981E+01  7.9227E+00 -1.0720E+00
  1.0949E+01  7.7403E+00 -1.5063E+00
  1.0241E+01  7.7522E+00 -1.4216E+00
  1.0219E+01  7.6331E+00 -1.5351E+00
  9.7428E+00  7.9471E+00 -9.6710E-01
  1.0214E+01  7.7687E+00 -1.7904E+00
  9.8341E+00  7.7877E+00 -1.6995E+00
  9.9702E+00  8.0286E+00 -2.0691E+00
  9.9207E+00  8.0830E+00 -1.7220E+00
  1.0028E+01  8.1426E+00 -1.8226E+00
  1.0095E+01  8.3675E+00 -1.7909E+00
  9.9091E+00  8.4611E+00 -1.4732E+00
  1.0114E+01  8.4139E+00 -1.2609E+00
  1.0279E+01  8.1094E+00 -1.2547E+00
  1.0207E+01  8.2131E+00 -1.0669E+00
  9.9057E+00  8.0426E+00 -9.4260E-01
  1.0020E+01  7.8564E+00 -8.4913E-01
  1.0082E+01  7.6885E+00 -8.7204E-01
  9.9031E+00  7.8887E+00 -8.9762E-01
  9.8890E+00  8.0685E+00 -1.6102E+00
  9.8448E+00  8.0926E+00 -1.1563E+00
  9.9695E+00  7.9394E+00 -1.5401E+00
  9.8195E+00  7.9690E+00 -1.3693E+00
  9.8492E+00  7.9754E+00 -1.6438E+00
  1.0283E+01  8.1239E+00 -1.4122E+00
  1.0374E+01  7.9788E+00 -1.2640E+00
  1.0496E+01  8.0623E+00 -1.3626E+00
  1.0380E+01  7.9530E+00 -1.1091E+00
  1.0023E+01  7.8073E+00 -1.6310E+00
  1.0413E+01  8.0786E+00 -1.8015E+00
  1.0521E+01  8.1349E+00 -1.5881E+00
  1.0230E+01  8.1127E+00 -1.6969E+00
  1.0246E+01  8.3359E+00 -1.2594E+00
  9.9638E+00  8.1339E+00 -1.7444E+00
  9.8197E+00  8.2253E+00 -1.6774E+00
  9.6537E+00  7.9954E+00 -1.4706E+00
  1.0002E+01  8.3928E+00 -1.2576E+00
  1.0326E+01  8.3946E+00 -1.4790E+00
  1.0248E+01  8.3552E+00 -1.7973E+00
  1.0442E+01  8.4443E+00 -1.8321E+00
  1.0431E+01  8.4964E+00 -1.9897E+00
  1.0219E+01  8.4501E+00 -1.8183E+00
  1.0292E+01  8.1060E+00 -2.0312E+00
  1.0106E+01  8.0055E+00 -2.1604E+00
  1.0114E+01  7.9896E+00 -2.3715E+00
  1.0400E+01  7.8702E+00 -2.2775E+00
  1.0436E+01  8.0256E+00 -2.2837E+00
  1.0516E+01  7.8521E+00 -2.3048E+00
  1.0419E+01  7.7682E+00 -2.1538E+00
  1.0254E+01  8.0362E+00 -2.3270E+00
  1.0178E+01  8.2242E+00 -2.1917E+00
  9.6712E+00  8.1565E+00 -2.0045E+00
  1.0141E+01  8.2882E+00 -2.1949E+00
  9.9105E+00  8.1695E+00 -1.8117E+00
  1.0284E+01  8.1843E+00 -2.0316E+00
  1.0512E+01  8.3017E+00 -1.7452E+00
  1.0504E+01  8.4133E+00 -1.5260E+00
  1.0783E+01  8.2576E+00 -1.7461E+00
  1.0994E+01  8.3831E+00 -1.7612E+00
  1.0967E+01  8.3446E+00 -1.6764E+00
  1.0612E+01  8.1188E+00 -1.6243E+00
  1.0471E+01  8.4048E+00 -1.0892E+00
  1.0405E+01  8.3108E+00 -1.3496E+00
  1.0222E+01  8.3231E+00 -9.5503E-01
  1.0374E+01  8.1467E+00 -1.0235E+00
  1.0271E+01  8.2141E+00 -1.0521E+00
  1.0302E+01  8.2064E+00 -1.0635E+00
  1.0423E+01  8.3270E+00 -7.6482E-01
  1.0475E+01  8.1421E+00 -8.4088E-01
  1.0328E+01  8.0486E+00 -7.3237E-01
  1.0726E+01  8.4060E+00 -5.5708E-01
  1.0960E+01  8.6376E+00 -4.9377E-01
  1.0947E+01  8.6524E+00 -4.0125E-01
  1.1155E+01  8.7154E+00 -3.5008E-01
  1.1478E+01  9.0774E+00 -2.9903E-01
  1.1425E+01  9.2316E+00 -2.3212E-01
  1.1375E+01  9.3400E+00 -4.2558E-01
  1.1656E+01  9.4045E+00 -1.0757E+00
  1.1377E+01  9.3206E+00 -8.3197E-01
  1.0922E+01  9.1231E+00 -9.6358E-01
  1.1356E+01  9.9878E+00 -1.3230E+00
  1.1111E+01  9.8671E+00 -1.3619E+00
  1.0449E+01  9.6671E+00 -8.7849E-01
  1.1052E+01  9.6809E+00 -1.4105E+00
  1.1219E+01  1.0262E+01 -1.7946E+00
  1.0596E+01  1.0406E+01 -2.3399E+00
  1.0706E+01  1.0498E+01 -2.3343E+00
  1.1120E+01  1.0276E+01 -2.2147E+00
  1.1241E+01  1.0581E+01 -2.1584E+00
  1.1335E+01  1.0741E+01 -2.2354E+00
  1.0947E+01  1.0850E+01 -2.3535E+00
  1.0840E+01  1.0936E+01 -2.1660E+00
  1.1110E+01  1.0640E+01 -2.1067E+00
  1.0917E+01  1.0894E+01 -1.9254E+00
  1.0528E+01  1.0796E+01 -2.0459E+00
  1.1029E+01  1.0532E+01 -1.5703E+00
  1.0859E+01  1.0896E+01 -1.8194E+00
  1.0420E+01  1.0957E+01 -2.2183E+00
  1.0341E+01  1.1124E+01 -2.0331E+00
  1.1262E+01  1.0723E+01 -1.4697E+00
  1.1513E+01  1.0793E+01 -1.7315E+00
  1.0909E+01  1.0965E+01 -2.0484E+00
  1.1228E+01  1.0658E+01 -1.2960E+00
  1.0999E+01  1.0306E+01 -1.2416E+00
  1.0917E+01  1.0620E+01 -1.7677E+00
  1.1370E+01  1.0487E+01 -1.9395E+00
  1.1543E+01  1.0604E+01 -1.9525E+00
  1.1375E+01  1.0347E+01 -2.1014E+00
  1.1344E+01  1.0572E+01 -2.2833E+00
  1.1142E+01  1.0830E+01 -2.5065E+00
  1.0955E+01  1.1119E+01 -2.7160E+00
  1.0937E+01  1.1527E+01 -2.6480E+00
  1.0459E+01  1.1751E+01 -3.0332E+00
  1.0598E+01  1.1454E+01 -3.1792E+00
  1.0886E+01  1.1344E+01 -2.7581E+00
  1.0591E+01  1.1158E+01 -2.6106E+00
  1.0650E+01  1.0819E+01 -2.5979E+00
  1.0722E+01  1.1095E+01 -2.9202E+00
  1.0652E+01  1.1165E+01 -3.0885E+00
  1.0651E+01  1.1334E+01 -2.8880E+00
  1.0724E+01  1.1181E+01 -3.0315E+00
  1.0894E+01  1.1139E+01 -2.8341E+00
  1.1040E+01  1.0621E+01 -2.4611E+00
  1.0993E+01  1.0649E+01 -2.3816E+00
  1.1106E+01  1.0771E+01 -1.8728E+00
  1.1286E+01  1.0913E+01 -1.4252E+00
  1.1522E+01  1.0968E+01 -1.7070E+00
  1.1533E+01  1.1074E+01 -1.9588E+00
  1.1409E+01  1.1354E+01 -1.9016E+00
  1.1490E+01  1.1294E+01 -1.5237E+00
  1.1646E+01  1.1091E+01 -1.7638E+00
  1.1643E+01  1.1001E+01 -2.0135E+00
  1.1591E+01  1.1189E+01 -1.7904E+00
  1.1305E+01  1.1363E+01 -1.9504E+00
  1.1177E+01  1.1414E+01 -2.3103E+00
  1.1451E+01  1.1222E+01 -2.2523E+00
  1.1386E+01  1.0969E+01 -2.3001E+00
  1.0469E+01  1.1343E+01 -2.7431E+00
  1.0834E+01  1.1063E+01 -2.6106E+00
  1.1058E+01  1.0913E+01 -2.4615E+00
  1.0778E+01  1.1083E+01 -2.4810E+00
  1.0594E+01  1.1061E+01 -2.5817E+00
  1.0890E+01  1.1041E+01 -2.4348E+00
  1.0300E+01  1.1026E+01 -2.9590E+00
  1.0044E+01  1.1076E+01 -2.8527E+00
  1.0403E+01  1.1329E+01 -2.7632E+00
  1.0830E+01  1.1507E+01 -2.3123E+00
  1.0791E+01  1.1105E+01 -2.3770E+00
  1.0283E+01  1.0963E+01 -2.4899E+00
  1.1072E+01  1.0801E+01 -2.1205E+00
  1.1293E+01  1.0534E+01 -1.7663E+00
  1.0831E+01  1.1041E+01 -1.9007E+00
  1.0614E+01  1.0894E+01 -2.0916E+00
  1.1374E+01  1.0471E+01 -1.6817E+00
  1.1377E+01  1.0703E+01 -1.4976E+00
  1.1233E+01  1.0759E+01 -1.3918E+00
  1.1059E+01  1.0978E+01 -1.4500E+00
  1.0864E+01  1.0873E+01 -1.7310E+00
  1.1465E+01  1.0365E+01 -8.6349E-01
  1.1467E+01  9.8392E+00 -5.4054E-01
  1.1412E+01  9.6197E+00 -5.1062E-01
  1.1380E+01  9.2485E+00 -4.4363E-01
  1.1562E+01  9.0373E+00 -3.1812E-01
  1.1306E+01  8.6205E+00  2.0227E-01
  1.1301E+01  8.4343E+00 -1.0401E-01
  1.1765E+01  8.6883E+00 -6.3837E-02
  1.1546E+01  8.1555E+00 -5.2663E-01
  1.2001E+01  8.4979E+00 -5.1839E-01
  1.1545E+01  7.9722E+00  2.1156E-01
  1.1162E+01  8.0699E+00  3.8780E-01
  1.1447E+01  7.9248E+00 -2.0649E-01
  1.1283E+01  8.2670E+00  3.4681E-01
  1.0762E+01  8.2625E+00 -3.7925E-03
  1.0188E+01  8.2728E+00  4.0247E-02
  1.0137E+01  8.3832E+00  6.5675E-01
  9.7584E+00  8.2403E+00  9.9593E-02
  9.6030E+00  8.3659E+00  8.9839E-01
  1.0628E+01  8.1955E+00  9.3615E-01
  1.0964E+01  8.6220E+00  5.0006E-01
  1.0517E+01  8.2771E+00  1.0228E+00
  1.0065E+01  8.0020E+00  1.0475E+00
  9.5688E+00  8.2399E+00  1.5056E+00
  9.2299E+00  8.0034E+00  1.3767E+00
  8.8574E+00  8.3170E+00  1.7233E+00
  8.7543E+00  8.0292E+00  1.5905E+00
  8.4774E+00  8.1071E+00  1.5719E+00
  9.2797E+00  8.0636E+00  1.4389E+00
  9.2001E+00  8.4696E+00  1.6838E+00
  9.3034E+00  8.4864E+00  1.5111E+00
  9.8344E+00  8.2744E+00  1.4667E+00
  9.5485E+00  8.3794E+00  1.7176E+00
  9.7264E+00  8.2277E+00  1.6556E+00
  9.8967E+00  8.3545E+00  1.8227E+00
  9.8870E+00  8.2796E+00  1.4109E+00
  1.0203E+01  8.4952E+00  1.3876E+00
  1.0587E+01  8.6430E+00  1.6065E+00
  1.0791E+01  8.5816E+00  1.7110E+00
  1.0916E+01  8.6206E+00  2.2469E+00
  1.1333E+01  8.6576E+00  2.4710E+00
  1.1493E+01  8.8151E+00  2.1196E+00
  1.1276E+01  8.7892E+00  2.2008E+00
  1.1243E+01  8.7550E+00  2.2544E+00
  1.1368E+01  8.8496E+00  2.1221E+00
  1.1398E+01  8.9389E+00  1.9675E+00
  1.1214E+01  8.6369E+00  2.2320E+00
  1.0860E+01  8.7714E+00  2.1136E+00
  1.0921E+01  9.0578E+00  2.0288E+00
  1.0585E+01  8.8731E+00  2.0520E+00
  1.0422E+01  8.7071E+00  2.1103E+00
  1.0307E+01  8.6195E+00  1.9053E+00
  1.0451E+01  8.7290E+00  1.9515E+00
  1.0406E+01  8.8076E+00  1.7658E+00
  1.0314E+01  8.7742E+00  1.7228E+00
  1.0084E+01  8.4312E+00  1.7249E+00
  1.0474E+01  8.6834E+00  1.6566E+00
  1.0441E+01  8.5849E+00  1.4948E+00
  1.0422E+01  8.6063E+00  1.4101E+00
  1.0503E+01  8.5467E+00  2.0796E+00
  1.0435E+01  8.4550E+00  1.6449E+00
  1.0493E+01  8.7056E+00  1.8016E+00
  1.0224E+01  8.4969E+00  1.8877E+00
  1.0599E+01  8.6549E+00  1.8255E+00
  1.0684E+01  8.9419E+00  1.8376E+00
  1.0881E+01  8.9422E+00  1.9606E+00
  1.1158E+01  8.8180E+00  2.2129E+00
  1.1130E+01  8.9759E+00  2.1054E+00
  1.1290E+01  8.9957E+00  2.3038E+00
  1.1295E+01  9.1232E+00  2.2691E+00
  1.1221E+01  9.2459E+00  2.2275E+00
  1.0984E+01  8.8013E+00  2.5608E+00
  1.0890E+01  8.3947E+00  2.5615E+00
  1.0954E+01  8.3804E+00  2.6430E+00
  1.0971E+01  8.4542E+00  2.6755E+00
  1.1093E+01  8.4817E+00  3.0330E+00
  1.0592E+01  8.1812E+00  2.8122E+00
  1.0503E+01  8.2190E+00  2.8284E+00
  1.0371E+01  8.0488E+00  2.9713E+00
  1.0436E+01  7.9727E+00  2.8901E+00
  1.0531E+01  8.1006E+00  2.5907E+00
  1.0387E+01  8.3026E+00  2.4159E+00
  1.0321E+01  8.2232E+00  2.3745E+00
  1.0864E+01  8.2751E+00  2.6488E+00
  1.0863E+01  8.1267E+00  2.4190E+00
  1.0722E+01  7.9223E+00  2.2868E+00
  1.0715E+01  8.0327E+00  2.2627E+00
  1.1073E+01  8.1955E+00  2.3068E+00
  1.0912E+01  8.2707E+00  2.0920E+00
  1.0907E+01  8.4816E+00  1.8567E+00
  1.1217E+01  8.6419E+00  1.7536E+00
  1.0844E+01  8.3428E+00  1.8329E+00
  1.0661E+01  8.3093E+00  1.6348E+00
  1.0897E+01  8.3535E+00  1.5520E+00
  1.0564E+01  8.3199E+00  1.7428E+00
  1.0288E+01  8.5015E+00  1.7594E+00
  1.0235E+01  8.7274E+00  1.8823E+00
  1.0263E+01  8.8836E+00  2.1067E+00
  1.0001E+01  8.7133E+00  2.1868E+00
  1.0009E+01  8.9456E+00  2.2143E+00
  9.9186E+00  9.1616E+00  2.4639E+00
  1.0117E+01  9.4034E+00  2.4368E+00
  1.0313E+01  9.5604E+00  2.4120E+00
  1.0606E+01  9.7626E+00  2.6976E+00
  1.0513E+01  9.7896E+00  2.4202E+00
  1.0342E+01  9.8513E+00  2.1882E+00
  1.0342E+01  9.7907E+00  2.2127E+00
  1.0518E+01  9.9019E+00  2.3068E+00
