  1.1663E+01  1.2497E+01  4.9443E-01
 -1.2478E+01  1.1539E+01  9.8437E-01
  1.2355E+01  1.0771E+01  4.2510E-01
 -1.2088E+01  1.1275E+01  1.0701E-01
 -1.1881E+01  1.1736E+01  1.1078E-01
 -1.1836E+01  1.1340E+01  6.8201E-01
 -1.1917E+01  1.1604E+01  1.1096E+00
 -1.2091E+01  1.1580E+01  1.2782E+00
 -1.2214E+01  1.1172E+01  9.8836E-01
 -1.2432E+01  1.0845E+01  3.2339E-01
  1.2469E+01  1.0431E+01  3.2150E-01
  1.2389E+01  1.0281E+01  1.7201E-01
  1.2499E+01  1.0417E+01 -6.6967E-02
  1.2424E+01  1.0396E+01  4.6268E-02
  1.2395E+01  1.0537E+01  1.2702E-03
  1.2388E+01  1.0569E+01  6.6471E-03
  1.2385E+01  1.0364E+01  7.5304E-02
  1.2345E+01  1.0470E+01 -1.3344E-01
  1.2311E+01  1.0307E+01  1.0405E-01
  1.2284E+01  1.0300E+01 -2.9512E-02
  1.2005E+01  1.0379E+01 -1.6041E-01
  1.1981E+01  1.0222E+01 -1.9581E-02
  1.1932E+01  1.0245E+01 -2.1112E-01
  1.2051E+01  9.9762E+00 -3.2551E-01
  1.1832E+01  9.8274E+00 -9.1527E-01
  1.1706E+01  9.9893E+00 -1.0152E+00
  1.1680E+01  9.9468E+00 -1.4157E+00
  1.1750E+01  9.6979E+00 -1.6368E+00
  1.2136E+01  9.6581E+00 -1.9156E+00
  1.1918E+01  9.3813E+00 -2.4008E+00
  1.1630E+01  9.1303E+00 -2.4518E+00
  1.1616E+01  8.8473E+00 -2.2616E+00
  1.1564E+01  8.6785E+00 -2.2630E+00
  1.1605E+01  8.6478E+00 -2.0960E+00
  1.1578E+01  8.8182E+00 -2.0310E+00
  1.1405E+01  8.6674E+00 -1.8240E+00
  1.1796E+01  8.4887E+00 -1.9362E+00
  1.1753E+01  8.3404E+00 -2.0161E+00
  1.1861E+01  8.2271E+00 -2.1289E+00
  1.1823E+01  8.2617E+00 -1.8959E+00
  1.2033E+01  8.1072E+00 -2.1602E+00
  1.2234E+01  8.2085E+00 -2.2849E+00
  1.2342E+01  7.9112E+00 -2.3788E+00
  1.2534E+01  7.7569E+00 -2.5602E+00
  1.2566E+01  7.9708E+00 -2.4993E+00
 -1.2561E+01  7.8790E+00 -2.6519E+00
 -1.2510E+01  7.7248E+00 -2.7817E+00
 -1.2555E+01  7.8981E+00 -2.7729E+00
 -1.2502E+01  7.7408E+00 -2.8848E+00
 -1.2558E+01  7.8060E+00 -2.8099E+00
 -1.2537E+01  8.0157E+00 -2.7641E+00
  1.2597E+01  7.5808E+00 -2.7090E+00
 -1.2575E+01  7.6521E+00 -2.7615E+00
 -1.2582E+01  8.0938E+00 -2.8390E+00
  1.2472E+01  7.9193E+00 -2.7267E+00
  1.1963E+01  7.5733E+00 -2.6620E+00
  1.1815E+01  7.9263E+00 -2.8910E+00
  1.1673E+01  8.3059E+00 -2.7315E+00
  1.1643E+01  8.1114E+00 -3.0878E+00
  1.1536E+01  8.0211E+00 -3.5260E+00
  1.1386E+01  7.5382E+00 -3.4974E+00
  1.1268E+01  7.6737E+00 -3.3024E+00
  1.1213E+01  7.9805E+00 -3.7210E+00
  1.0800E+01  7.7084E+00 -3.4654E+00
  1.1257E+01  7.7141E+00 -3.7980E+00
  1.0686E+01  7.7931E+00 -3.1563E+00
  1.0870E+01  8.0799E+00 -3.5578E+00
  1.0856E+01  7.9036E+00 -3.3596E+00
  1.0920E+01  8.1727E+00 -3.5716E+00
  1.0719E+01  7.7577E+00 -3.0096E+00
  1.0530E+01  8.0117E+00 -3.2505E+00
  9.9511E+00  8.0995E+00 -2.9195E+00
  9.9125E+00  7.9915E+00 -3.0262E+00
  9.5397E+00  8.0703E+00 -3.0568E+00
  9.5945E+00  7.9429E+00 -2.8168E+00
  9.6683E+00  8.0212E+00 -3.1154E+00
  9.3151E+00  8.1298E+00 -2.9176E+00
  8.8520E+00  8.3796E+00 -2.7742E+00
  8.8805E+00  8.3652E+00 -2.3497E+00
  8.1214E+00  8.8297E+00 -2.4602E+00
  8.2689E+00  8.8816E+00 -2.1805E+00
  7.8182E+00  8.8056E+00 -2.4874E+00
  7.8136E+00  9.1055E+00 -3.1329E+00
  7.5224E+00  8.6064E+00 -2.5820E+00
  7.5365E+00  8.9080E+00 -2.6603E+00
  7.3201E+00  8.3853E+00 -2.3276E+00
  7.1086E+00  8.2753E+00 -2.3300E+00
  7.3476E+00  8.4718E+00 -2.1263E+00
  7.0175E+00  8.7546E+00 -2.2797E+00
  6.6619E+00  8.5889E+00 -2.5474E+00
  6.6891E+00  8.4126E+00 -2.4666E+00
  6.3091E+00  8.7203E+00 -2.8649E+00
  6.4313E+00  8.9948E+00 -2.8875E+00
  6.2516E+00  8.5780E+00 -3.0317E+00
  6.7029E+00  8.4367E+00 -2.8838E+00
  6.4435E+00  8.5693E+00 -3.3195E+00
  6.0241E+00  9.8206E+00 -3.1982E+00
  6.1001E+00  1.0020E+01 -3.1802E+00
  6.4854E+00  1.0817E+01 -3.1220E+00
  6.3631E+00  1.0808E+01 -2.8805E+00
  6.3838E+00  1.0731E+01 -2.5683E+00
  6.2423E+00  1.0461E+01 -2.7858E+00
  6.2254E+00  1.0302E+01 -2.7946E+00
  6.6778E+00  9.8547E+00 -2.5867E+00
  6.0144E+00  1.0258E+01 -2.3663E+00
  6.4502E+00  1.0537E+01 -1.9714E+00
  6.1204E+00  1.0262E+01 -2.0154E+00
  6.6249E+00  9.9366E+00 -1.9703E+00
  6.5184E+00  9.9020E+00 -2.5845E+00
  6.3702E+00  9.3630E+00 -2.7113E+00
  6.3593E+00  9.1858E+00 -2.7545E+00
  6.5168E+00  9.6985E+00 -2.6260E+00
  6.7664E+00  9.3289E+00 -2.2183E+00
  6.5043E+00  9.4850E+00 -2.6456E+00
  6.3896E+00  9.4945E+00 -2.4652E+00
  6.2624E+00  9.2927E+00 -2.6943E+00
  6.2128E+00  9.6223E+00 -3.2905E+00
  6.5125E+00  9.4587E+00 -2.7437E+00
  6.1517E+00  9.8630E+00 -2.9217E+00
  5.9991E+00  9.7571E+00 -2.4823E+00
  5.7393E+00  9.8536E+00 -2.6784E+00
  5.6758E+00  9.8519E+00 -3.0651E+00
  5.9660E+00  9.9514E+00 -3.1162E+00
  6.0277E+00  9.9851E+00 -3.0582E+00
  5.6877E+00  9.9081E+00 -3.0376E+00
  5.6250E+00  9.8503E+00 -2.7416E+00
  5.6579E+00  9.7422E+00 -3.0218E+00
  5.6406E+00  9.6091E+00 -3.3177E+00
  5.6497E+00  9.5697E+00 -3.3082E+00
  5.7657E+00  9.7148E+00 -3.1754E+00
  6.0924E+00  9.8051E+00 -3.0583E+00
  5.8429E+00  9.5031E+00 -3.1162E+00
  5.7518E+00  9.5810E+00 -3.4599E+00
  6.2194E+00  9.7780E+00 -3.6055E+00
  6.6918E+00  9.7354E+00 -3.5394E+00
  6.2615E+00  9.4164E+00 -3.5108E+00
  6.3181E+00  9.4301E+00 -3.5352E+00
  6.4625E+00  9.4055E+00 -3.6552E+00
  6.8396E+00  9.4526E+00 -3.6640E+00
  7.1079E+00  9.5183E+00 -3.4487E+00
  7.0434E+00  9.4381E+00 -3.4878E+00
  7.1519E+00  9.5070E+00 -3.9715E+00
  7.3916E+00  9.3685E+00 -3.5598E+00
  7.4444E+00  9.5278E+00 -3.5982E+00
  7.3544E+00  9.3837E+00 -3.5440E+00
  7.3813E+00  9.3736E+00 -3.4268E+00
  7.3790E+00  9.3905E+00 -3.5352E+00
  7.2427E+00  9.1603E+00 -3.5020E+00
  7.7477E+00  9.5462E+00 -3.3299E+00
  7.6160E+00  9.3989E+00 -3.2348E+00
  7.1682E+00  9.2465E+00 -3.2650E+00
  7.4716E+00  9.4430E+00 -3.2123E+00
  7.4159E+00  9.3883E+00 -3.0188E+00
  7.1670E+00  9.1880E+00 -2.8889E+00
  7.2177E+00  9.1000E+00 -2.8170E+00
  7.0820E+00  9.3417E+00 -2.9983E+00
  7.1897E+00  9.3350E+00 -2.9681E+00
  6.8746E+00  9.1251E+00 -3.1041E+00
  7.0308E+00  9.2455E+00 -3.0477E+00
  7.1272E+00  9.3279E+00 -3.1928E+00
  7.0502E+00  9.1266E+00 -3.1779E+00
  7.2966E+00  9.3021E+00 -3.3526E+00
  7.3804E+00  9.4027E+00 -3.4120E+00
  7.3439E+00  9.5388E+00 -3.3272E+00
  6.9591E+00  9.3924E+00 -3.3147E+00
  6.8621E+00  9.3047E+00 -3.3286E+00
  6.9827E+00  9.5830E+00 -3.3840E+00
  6.7296E+00  9.4006E+00 -3.1777E+00
  6.6420E+00  9.4722E+00 -3.0377E+00
  6.9544E+00  9.8917E+00 -3.3177E+00
  7.0867E+00  9.9598E+00 -3.3128E+00
  6.8504E+00  9.7364E+00 -2.9396E+00
  6.7343E+00  9.5314E+00 -3.0960E+00
  7.2812E+00  9.6092E+00 -3.3880E+00
  7.2839E+00  9.4877E+00 -3.6899E+00
  7.3063E+00  9.4616E+00 -3.9116E+00
  7.4229E+00  9.4020E+00 -3.9765E+00
  7.4214E+00  9.3678E+00 -3.9359E+00
  7.5083E+00  9.3783E+00 -3.7495E+00
  7.3765E+00  9.5048E+00 -3.5365E+00
  7.4093E+00  9.8744E+00 -3.4341E+00
  7.3338E+00  9.8589E+00 -3.1751E+00
  7.1952E+00  9.7204E+00 -2.8446E+00
  7.2137E+00  9.9319E+00 -3.0843E+00
  7.3784E+00  1.0050E+01 -3.5374E+00
  7.2346E+00  9.7031E+00 -3.6320E+00
  7.5171E+00  9.7710E+00 -3.6532E+00
  7.6324E+00  9.7149E+00 -3.6054E+00
  7.6054E+00  9.4356E+00 -3.4984E+00
  7.6014E+00  9.3713E+00 -3.5704E+00
  7.6640E+00  9.5313E+00 -3.5577E+00
  7.6878E+00  9.6408E+00 -3.2837E+00
  7.5165E+00  9.5201E+00 -3.4835E+00
  7.7587E+00  9.4005E+00 -3.1020E+00
  7.4960E+00  9.3786E+00 -3.3453E+00
  7.4048E+00  9.0819E+00 -3.2276E+00
  7.4247E+00  8.8363E+00 -3.1332E+00
  7.6915E+00  8.8456E+00 -3.0880E+00
  7.3796E+00  8.9027E+00 -3.2415E+00
  7.3686E+00  8.9346E+00 -3.0615E+00
  7.7556E+00  8.9783E+00 -3.2297E+00
  7.3354E+00  9.0972E+00 -3.3343E+00
  7.4172E+00  9.2315E+00 -2.8830E+00
  7.7914E+00  9.4493E+00 -3.0865E+00
  7.3032E+00  9.4228E+00 -3.2610E+00
  7.2198E+00  9.2193E+00 -3.0808E+00
  7.1232E+00  9.2517E+00 -3.0302E+00
  6.8612E+00  9.2644E+00 -3.2240E+00
  6.9306E+00  9.0395E+00 -2.9867E+00
  6.6159E+00  9.3261E+00 -3.3965E+00
  6.2980E+00  9.2005E+00 -3.4407E+00
  6.4608E+00  9.2406E+00 -3.0803E+00
  6.3605E+00  9.3540E+00 -3.2892E+00
  6.1906E+00  9.2602E+00 -3.3481E+00
  6.1120E+00  8.8680E+00 -3.2446E+00
  6.2092E+00  8.9681E+00 -3.3331E+00
  6.5294E+00  9.0105E+00 -3.2701E+00
  6.7956E+00  8.8811E+00 -3.4525E+00
  6.7907E+00  8.9445E+00 -3.7186E+00
  6.6174E+00  8.8844E+00 -3.6964E+00
  6.5143E+00  8.8540E+00 -3.6728E+00
  6.6905E+00  9.0608E+00 -3.6346E+00
  6.6461E+00  9.0463E+00 -3.5331E+00
  6.3658E+00  8.8736E+00 -3.3927E+00
  6.4734E+00  9.1124E+00 -3.4460E+00
  6.2027E+00  8.8556E+00 -3.1849E+00
  6.1584E+00  8.8803E+00 -3.3342E+00
  6.3988E+00  9.3305E+00 -3.5896E+00
  6.4031E+00  9.1544E+00 -3.4510E+00
  6.3573E+00  9.1450E+00 -3.4355E+00
  6.5881E+00  9.1921E+00 -3.4053E+00
  6.7426E+00  9.1361E+00 -3.4572E+00
  6.6549E+00  8.9817E+00 -3.5833E+00
  6.9565E+00  9.0189E+00 -3.5224E+00
  6.7557E+00  8.9872E+00 -3.6407E+00
  6.4882E+00  8.8289E+00 -3.6440E+00
  6.4993E+00  8.6688E+00 -3.6562E+00
  6.5287E+00  8.5336E+00 -3.9429E+00
  6.2930E+00  8.4362E+00 -3.7436E+00
  6.1718E+00  8.4755E+00 -3.6265E+00
  6.1908E+00  8.4407E+00 -3.5086E+00
  6.1842E+00  8.4204E+00 -3.4263E+00
  6.4584E+00  8.2150E+00 -3.3932E+00
  6.4344E+00  8.4128E+00 -3.5362E+00
  6.2971E+00  8.2178E+00 -3.4541E+00
  6.3091E+00  8.1925E+00 -3.4477E+00
  6.1910E+00  8.2260E+00 -3.7684E+00
  6.3420E+00  8.3881E+00 -3.9196E+00
  6.2844E+00  8.5958E+00 -3.8734E+00
  6.3474E+00  8.5281E+00 -3.8888E+00
  6.5257E+00  8.6884E+00 -3.4936E+00
  6.2443E+00  8.8295E+00 -3.5242E+00
  5.8591E+00  8.4397E+00 -3.4620E+00
  5.9209E+00  8.5732E+00 -3.3079E+00
  6.0154E+00  8.6336E+00 -3.2993E+00
  6.3980E+00  8.5628E+00 -3.3359E+00
  6.2109E+00  8.3696E+00 -3.1284E+00
  6.3957E+00  8.2991E+00 -3.2871E+00
  6.4378E+00  8.1230E+00 -3.3149E+00
  6.2267E+00  8.0194E+00 -3.4369E+00
  6.1371E+00  7.8959E+00 -3.5003E+00
  5.8849E+00  7.6965E+00 -3.5852E+00
  5.8598E+00  7.8231E+00 -3.6089E+00
  5.9343E+00  7.8604E+00 -3.5653E+00
  5.5517E+00  7.7194E+00 -3.3998E+00
  5.3377E+00  8.0468E+00 -3.7543E+00
  5.4554E+00  8.1665E+00 -3.9620E+00
  5.3087E+00  8.1895E+00 -3.9450E+00
  5.2148E+00  8.1550E+00 -3.6224E+00
  5.4155E+00  8.2484E+00 -3.5855E+00
  5.2706E+00  8.3401E+00 -4.1398E+00
  5.4768E+00  8.2006E+00 -3.8480E+00
  5.4529E+00  8.0187E+00 -3.6253E+00
  5.8602E+00  8.0442E+00 -3.4605E+00
  6.3629E+00  8.1940E+00 -3.5510E+00
  6.3431E+00  8.1878E+00 -3.3999E+00
  6.5907E+00  8.0868E+00 -3.2999E+00
  6.8763E+00  8.1727E+00 -3.3265E+00
  6.5846E+00  8.0756E+00 -3.4872E+00
  6.6757E+00  8.1235E+00 -3.3105E+00
  6.6111E+00  8.1701E+00 -3.3688E+00
  6.3059E+00  8.1422E+00 -3.4111E+00
  6.4522E+00  8.2072E+00 -3.3022E+00
  6.4923E+00  8.4036E+00 -3.4463E+00
  6.4579E+00  8.3133E+00 -3.1692E+00
  6.6473E+00  8.4440E+00 -3.3651E+00
  6.7918E+00  8.5721E+00 -3.2476E+00
  6.5895E+00  8.5221E+00 -3.1775E+00
  6.6015E+00  8.7346E+00 -3.0644E+00
  6.5493E+00  8.9182E+00 -3.0103E+00
  6.5605E+00  8.6769E+00 -2.8168E+00
  6.2192E+00  8.9507E+00 -3.0519E+00
  6.2899E+00  9.0183E+00 -3.0522E+00
  6.1130E+00  8.8043E+00 -3.1165E+00
  6.0122E+00  9.0947E+00 -3.5138E+00
  6.2051E+00  8.9354E+00 -3.3888E+00
  5.9556E+00  8.8289E+00 -3.1742E+00
  6.0040E+00  8.8843E+00 -3.3945E+00
  5.9326E+00  8.4918E+00 -2.7324E+00
  5.9170E+00  8.7114E+00 -3.0402E+00
  6.2689E+00  8.7135E+00 -2.8619E+00
  6.2025E+00  8.7919E+00 -2.9237E+00
  6.1120E+00  8.9823E+00 -3.0150E+00
  5.9786E+00  8.9905E+00 -3.1635E+00
  5.9962E+00  8.9809E+00 -3.1719E+00
  6.0948E+00  8.9390E+00 -3.1576E+00
  6.0620E+00  8.9996E+00 -3.0206E+00
  6.1387E+00  8.8126E+00 -2.9426E+00
  6.0217E+00  8.8267E+00 -3.2159E+00
  5.9718E+00  8.8560E+00 -3.3221E+00
  6.0662E+00  8.7175E+00 -3.5815E+00
  6.2269E+00  8.5705E+00 -3.6110E+00
  6.2910E+00  8.4641E+00 -3.9900E+00
  6.4696E+00  8.3756E+00 -3.9017E+00
  6.2764E+00  8.2852E+00 -3.9993E+00
  6.3675E+00  8.2097E+00 -3.9696E+00
  6.3076E+00  8.4052E+00 -4.1172E+00
  6.3721E+00  8.2661E+00 -3.9558E+00
  6.4401E+00  8.4426E+00 -3.9684E+00
  6.3150E+00  8.2991E+00 -3.9184E+00
  6.1729E+00  8.1826E+00 -3.8270E+00
  6.1206E+00  8.2858E+00 -3.7542E+00
  5.8189E+00  8.0651E+00 -4.0866E+00
  5.7839E+00  8.2720E+00 -4.0625E+00
  5.7202E+00  7.9438E+00 -3.9650E+00
  5.7328E+00  7.8781E+00 -3.6506E+00
  5.3423E+00  7.9862E+00 -3.8375E+00
  5.5069E+00  8.0079E+00 -3.8424E+00
  5.2955E+00  8.1465E+00 -4.0053E+00
  5.5031E+00  7.6363E+00 -3.6708E+00
  4.9765E+00  7.9209E+00 -3.8185E+00
  5.0156E+00  7.6563E+00 -3.7400E+00
  4.8212E+00  7.5771E+00 -3.6620E+00
  5.1486E+00  7.5453E+00 -3.7669E+00
  5.0489E+00  7.4608E+00 -3.8395E+00
  4.9475E+00  7.3621E+00 -4.0469E+00
  4.7085E+00  7.1356E+00 -4.0088E+00
  4.9097E+00  6.9692E+00 -3.9234E+00
  4.6908E+00  6.9378E+00 -4.0696E+00
  4.8089E+00  6.9637E+00 -3.9517E+00
  4.5738E+00  6.7905E+00 -4.0694E+00
  4.9050E+00  6.9882E+00 -4.1951E+00
  4.9222E+00  6.9414E+00 -3.6758E+00
  4.9428E+00  7.0014E+00 -3.7985E+00
  5.1394E+00  6.9210E+00 -3.4572E+00
  5.3080E+00  7.1071E+00 -3.6349E+00
  5.1665E+00  6.7586E+00 -3.4968E+00
  5.1661E+00  6.9288E+00 -3.4260E+00
  5.1357E+00  7.2097E+00 -3.4407E+00
  5.1206E+00  6.9642E+00 -3.2267E+00
  5.0505E+00  7.0291E+00 -3.0989E+00
  4.8983E+00  7.1217E+00 -3.0184E+00
  5.0126E+00  7.0168E+00 -2.9228E+00
  5.0076E+00  7.2354E+00 -3.1330E+00
  5.1097E+00  7.0712E+00 -3.0349E+00
  5.0025E+00  7.1252E+00 -3.4559E+00
  5.0948E+00  7.0204E+00 -3.2430E+00
  5.0891E+00  7.3419E+00 -3.6044E+00
  5.1982E+00  7.5708E+00 -3.6718E+00
  5.1917E+00  7.5920E+00 -3.6488E+00
  5.0601E+00  7.7258E+00 -3.9059E+00
  5.0046E+00  7.9134E+00 -4.0177E+00
  4.9368E+00  7.7898E+00 -3.8274E+00
  4.9146E+00  7.8205E+00 -3.8043E+00
  4.7613E+00  7.7974E+00 -3.9128E+00
  4.8985E+00  7.7682E+00 -3.8583E+00
  4.8100E+00  7.6170E+00 -3.8691E+00
  4.9938E+00  7.6816E+00 -3.9027E+00
  4.8189E+00  7.6887E+00 -4.2716E+00
  4.9650E+00  7.3328E+00 -4.1134E+00
  5.0319E+00  7.0666E+00 -4.0809E+00
  4.9163E+00  6.9026E+00 -4.0437E+00
  4.8057E+00  6.6753E+00 -3.7117E+00
  4.8702E+00  6.7962E+00 -3.7770E+00
  5.1081E+00  7.0752E+00 -3.8204E+00
  4.9077E+00  7.1468E+00 -3.6147E+00
  4.8438E+00  7.1648E+00 -3.6757E+00
  4.8754E+00  7.2196E+00 -3.5463E+00
  4.8445E+00  7.1592E+00 -3.4613E+00
  4.8220E+00  7.1708E+00 -3.2833E+00
  4.7331E+00  6.9975E+00 -3.2906E+00
  4.8554E+00  6.9497E+00 -3.2297E+00
  4.8976E+00  6.8135E+00 -3.0216E+00
  4.9396E+00  6.7032E+00 -3.2952E+00
  4.8826E+00  6.7243E+00 -3.3462E+00
  5.1415E+00  6.7200E+00 -3.2001E+00
  5.1735E+00  6.8953E+00 -3.4902E+00
  5.4033E+00  7.0381E+00 -3.2637E+00
  5.7296E+00  7.0949E+00 -3.5574E+00
  5.5440E+00  7.1675E+00 -3.4572E+00
  5.7714E+00  7.4616E+00 -3.3328E+00
  5.8938E+00  7.6019E+00 -3.5081E+00
  5.9478E+00  7.4405E+00 -3.3442E+00
  5.8156E+00  7.9153E+00 -3.5266E+00
  6.2197E+00  8.0538E+00 -3.5980E+00
  6.0217E+00  8.0033E+00 -3.6616E+00
  6.4696E+00  8.5377E+00 -3.7625E+00
  6.2061E+00  8.6246E+00 -3.8424E+00
  6.6041E+00  8.3828E+00 -3.6714E+00
  6.3543E+00  8.6226E+00 -3.6809E+00
