  1.1473E+01  1.1529E+01 -6.4549E-01
  1.1378E+01  1.1905E+01  4.0026E-01
  1.1565E+01  1.2013E+01  1.0050E-01
  1.1679E+01  1.1239E+01  5.8203E-01
  1.2165E+01  1.0893E+01  5.9680E-01
  1.1855E+01  1.1333E+01  7.5718E-01
  1.1922E+01  1.1278E+01  5.4412E-01
  1.1958E+01  1.1132E+01  4.1000E-01
  1.1579E+01  1.1232E+01  4.4277E-01
  1.1429E+01  1.1175E+01  9.3872E-01
  1.1395E+01  1.1232E+01  1.0125E+00
  1.1428E+01  1.1085E+01  1.0108E+00
  1.1630E+01  1.0836E+01  1.0911E+00
  1.1962E+01  1.1055E+01  1.3205E+00
  1.2281E+01  1.1061E+01  1.4101E+00
  1.2202E+01  1.1112E+01  1.4004E+00
  1.2057E+01  1.1102E+01  1.3480E+00
  1.2214E+01  1.0834E+01  1.3233E+00
  1.1865E+01  1.1089E+01  1.3131E+00
  1.1511E+01  1.0906E+01  1.1141E+00
  1.1471E+01  1.0823E+01  1.1773E+00
  1.1136E+01  1.1019E+01  9.4046E-01
  1.1379E+01  1.0751E+01  1.0968E+00
  1.1787E+01  1.0673E+01  9.8501E-01
  1.2330E+01  1.0222E+01  4.5160E-01
 -1.2271E+01  1.0770E+01 -5.9770E-01
 -1.2419E+01  1.0934E+01 -1.7210E+00
  1.2438E+01  1.0541E+01 -2.6804E+00
  1.2205E+01  9.9347E+00 -3.3957E+00
  1.2255E+01  9.6575E+00 -3.8438E+00
  1.2387E+01  9.1486E+00 -3.7549E+00
  1.2336E+01  8.7811E+00 -3.5843E+00
  1.2170E+01  8.6436E+00 -3.6429E+00
  1.2057E+01  8.9827E+00 -3.4945E+00
  1.1596E+01  9.0727E+00 -3.5166E+00
  1.1462E+01  8.3340E+00 -3.2929E+00
  1.1514E+01  8.1208E+00 -3.3707E+00
  1.1536E+01  8.3665E+00 -3.5076E+00
  1.1290E+01  8.1982E+00 -3.5235E+00
  1.1392E+01  8.1148E+00 -3.3329E+00
  1.1198E+01  8.1767E+00 -3.4133E+00
  1.1493E+01  7.7621E+00 -3.5196E+00
  1.1805E+01  8.2708E+00 -3.7405E+00
  1.1706E+01  8.2198E+00 -3.7320E+00
  1.1819E+01  7.7612E+00 -3.7915E+00
  1.1971E+01  8.3473E+00 -3.9209E+00
  1.1924E+01  8.3560E+00 -3.9182E+00
  1.1768E+01  7.4147E+00 -3.9016E+00
  1.2018E+01  8.4385E+00 -4.0363E+00
  1.2134E+01  8.4980E+00 -4.0501E+00
  1.1791E+01  7.7523E+00 -3.9672E+00
  1.1869E+01  8.3461E+00 -3.7842E+00
  1.1916E+01  8.3043E+00 -3.9227E+00
  1.1865E+01  7.5959E+00 -4.0479E+00
  1.1735E+01  8.1473E+00 -4.0217E+00
  1.1664E+01  8.5928E+00 -3.7315E+00
  1.0916E+01  8.2478E+00 -4.0575E+00
  1.1241E+01  8.1530E+00 -4.1673E+00
  1.0990E+01  8.9448E+00 -4.1610E+00
  1.0753E+01  8.4761E+00 -4.7312E+00
  1.0770E+01  8.0815E+00 -4.7613E+00
  1.0875E+01  7.6106E+00 -4.7565E+00
  1.1047E+01  7.1455E+00 -4.9649E+00
  1.1251E+01  7.4449E+00 -4.8796E+00
  1.0599E+01  7.1601E+00 -5.0362E+00
  1.0738E+01  7.3508E+00 -4.5963E+00
  1.0281E+01  7.3644E+00 -4.7466E+00
  1.0367E+01  8.0120E+00 -4.7814E+00
  9.9821E+00  7.9095E+00 -4.7216E+00
  1.0233E+01  8.0777E+00 -4.3998E+00
  9.6821E+00  7.6758E+00 -4.4505E+00
  9.8366E+00  7.6396E+00 -4.3505E+00
  9.5235E+00  7.1655E+00 -4.2256E+00
  9.1573E+00  7.2716E+00 -4.2766E+00
  9.2248E+00  7.6849E+00 -4.2552E+00
  9.1151E+00  7.1871E+00 -4.2425E+00
  9.2539E+00  6.9818E+00 -3.8925E+00
  9.0965E+00  7.5249E+00 -3.9915E+00
  9.2729E+00  8.0838E+00 -3.7776E+00
  9.5342E+00  8.3823E+00 -2.7353E+00
  9.4504E+00  8.3559E+00 -2.9549E+00
  9.2684E+00  8.5921E+00 -2.8390E+00
  9.1739E+00  8.4878E+00 -2.9325E+00
  8.9727E+00  8.7489E+00 -2.9674E+00
  8.9028E+00  8.2809E+00 -2.7707E+00
  8.6823E+00  8.6934E+00 -2.8948E+00
  8.4351E+00  8.9764E+00 -2.4748E+00
  8.5154E+00  9.2547E+00 -2.6698E+00
  8.4289E+00  8.9743E+00 -2.7611E+00
  7.4629E+00  9.6770E+00 -3.2157E+00
  6.5958E+00  9.3161E+00 -3.6696E+00
  6.6067E+00  9.0196E+00 -4.3120E+00
  6.4195E+00  9.4414E+00 -4.3271E+00
  6.2414E+00  9.6494E+00 -4.0920E+00
  6.0132E+00  9.6201E+00 -3.5130E+00
  6.3798E+00  9.9435E+00 -3.9357E+00
  6.6539E+00  9.9621E+00 -4.5603E+00
  6.3719E+00  9.6848E+00 -4.6245E+00
  5.8095E+00  1.0046E+01 -4.2272E+00
  5.9177E+00  1.0079E+01 -4.1222E+00
  5.9609E+00  1.0504E+01 -3.9972E+00
  6.2016E+00  1.1078E+01 -4.1603E+00
  6.1517E+00  1.1045E+01 -4.1038E+00
  6.0911E+00  1.0342E+01 -3.8868E+00
  6.3274E+00  1.0128E+01 -3.8350E+00
  5.9945E+00  9.4219E+00 -2.8772E+00
  6.2536E+00  9.1134E+00 -2.9823E+00
  6.1860E+00  9.2142E+00 -3.2184E+00
  6.5802E+00  9.0835E+00 -3.8488E+00
  6.8242E+00  9.3410E+00 -4.1485E+00
  7.1795E+00  9.9428E+00 -3.7677E+00
  7.5254E+00  9.8525E+00 -3.7356E+00
  7.3440E+00  9.7507E+00 -3.5451E+00
  7.6377E+00  9.6400E+00 -3.6272E+00
  7.2722E+00  9.9584E+00 -3.5956E+00
  7.3360E+00  1.0010E+01 -3.4726E+00
  7.5713E+00  9.7701E+00 -3.9268E+00
  6.6432E+00  9.8579E+00 -4.1913E+00
  6.5460E+00  9.4672E+00 -4.3217E+00
  6.4150E+00  1.0196E+01 -3.8631E+00
  6.9125E+00  1.0273E+01 -3.5271E+00
  6.7914E+00  1.0441E+01 -3.8900E+00
  6.5567E+00  1.0338E+01 -4.4480E+00
  6.6155E+00  1.0223E+01 -4.4257E+00
  6.5110E+00  1.0182E+01 -4.2703E+00
  6.2483E+00  1.0281E+01 -4.0446E+00
  6.5580E+00  1.0162E+01 -4.1557E+00
  6.9089E+00  1.0186E+01 -3.8933E+00
  6.8135E+00  1.0172E+01 -4.0530E+00
  6.3165E+00  9.8083E+00 -4.5754E+00
  5.8533E+00  9.2044E+00 -4.4200E+00
  6.2727E+00  9.9203E+00 -4.4995E+00
  7.0420E+00  9.8691E+00 -4.1842E+00
  6.4942E+00  9.4552E+00 -5.0520E+00
  5.7345E+00  8.9418E+00 -4.3914E+00
  6.2912E+00  8.8217E+00 -4.8956E+00
  7.4556E+00  9.3780E+00 -4.5229E+00
  7.7515E+00  9.0888E+00 -4.3695E+00
  7.2831E+00  8.8490E+00 -4.9721E+00
  6.5920E+00  8.8112E+00 -4.6759E+00
  7.5124E+00  9.0786E+00 -4.8745E+00
  8.1310E+00  9.0168E+00 -5.0074E+00
  7.5248E+00  9.2254E+00 -5.0544E+00
  7.7068E+00  9.0072E+00 -4.9883E+00
  8.1943E+00  9.1507E+00 -4.7738E+00
  7.6051E+00  8.8694E+00 -4.8296E+00
  7.5960E+00  8.7239E+00 -4.8696E+00
  8.3756E+00  9.5563E+00 -4.4141E+00
  8.6117E+00  9.0079E+00 -4.4417E+00
  8.1089E+00  8.5457E+00 -4.3755E+00
  8.4747E+00  9.0768E+00 -3.9975E+00
  7.9749E+00  8.9301E+00 -4.5374E+00
  7.5409E+00  8.8381E+00 -4.4166E+00
  7.8497E+00  8.7418E+00 -4.1566E+00
  7.2980E+00  8.8184E+00 -4.2956E+00
  6.4914E+00  8.4744E+00 -4.0805E+00
  6.5630E+00  8.4528E+00 -4.0174E+00
  7.8677E+00  8.8480E+00 -4.2037E+00
  7.5736E+00  8.8786E+00 -4.4052E+00
  6.8441E+00  8.4352E+00 -4.3739E+00
  7.7061E+00  9.0250E+00 -4.5313E+00
  8.2050E+00  8.9393E+00 -4.4995E+00
  7.5362E+00  8.6202E+00 -4.6909E+00
  7.6824E+00  8.8612E+00 -4.6305E+00
  7.9746E+00  9.6436E+00 -4.4000E+00
  7.6087E+00  9.7623E+00 -4.5556E+00
  6.8573E+00  8.7777E+00 -4.6520E+00
  7.0596E+00  9.0101E+00 -4.5958E+00
  7.6792E+00  9.5901E+00 -4.1251E+00
  7.0338E+00  8.9754E+00 -4.5119E+00
  6.7540E+00  8.9720E+00 -4.4017E+00
  7.4844E+00  9.2698E+00 -4.2250E+00
  7.4924E+00  9.1302E+00 -4.3355E+00
  7.1081E+00  8.6240E+00 -4.5156E+00
  7.9382E+00  8.9939E+00 -4.9549E+00
  8.0899E+00  9.0368E+00 -5.1271E+00
  7.5156E+00  8.6894E+00 -5.3015E+00
  7.5177E+00  8.9292E+00 -5.3748E+00
  7.7793E+00  9.5016E+00 -5.2272E+00
  8.0657E+00  9.7948E+00 -4.8454E+00
  7.6033E+00  9.2332E+00 -4.7844E+00
  7.2784E+00  8.9848E+00 -4.4019E+00
  7.1695E+00  9.1974E+00 -4.2581E+00
  7.0161E+00  9.1333E+00 -4.3474E+00
  7.2804E+00  9.2132E+00 -4.7872E+00
  7.7099E+00  9.6694E+00 -5.0620E+00
  7.8427E+00  9.7555E+00 -5.1250E+00
  7.4883E+00  9.4090E+00 -5.0744E+00
  7.6763E+00  9.0162E+00 -4.9445E+00
  8.5353E+00  8.9438E+00 -4.6737E+00
  8.1716E+00  8.7507E+00 -4.7431E+00
  7.9299E+00  8.9371E+00 -4.5946E+00
  8.7467E+00  9.1528E+00 -4.2733E+00
  7.7788E+00  8.7286E+00 -4.4512E+00
  7.6425E+00  8.3181E+00 -4.4064E+00
  8.3924E+00  8.9800E+00 -4.3618E+00
  7.8505E+00  8.7221E+00 -4.5747E+00
  7.3634E+00  8.1270E+00 -4.3719E+00
  7.7174E+00  8.3268E+00 -4.5929E+00
  7.5937E+00  8.7305E+00 -4.5379E+00
  7.1707E+00  8.1821E+00 -4.3682E+00
  7.7920E+00  8.5604E+00 -4.6668E+00
  7.5206E+00  9.2459E+00 -4.3868E+00
  7.1233E+00  8.9024E+00 -4.3221E+00
  7.6346E+00  8.8444E+00 -4.6130E+00
  7.4944E+00  9.1488E+00 -4.5612E+00
  6.9516E+00  8.5418E+00 -4.3489E+00
  7.2936E+00  8.5730E+00 -4.4917E+00
  6.9455E+00  9.0036E+00 -4.4936E+00
  6.2337E+00  8.2521E+00 -4.3829E+00
  6.3851E+00  8.1574E+00 -4.5254E+00
  6.3930E+00  8.9343E+00 -4.5547E+00
  6.2419E+00  8.5971E+00 -4.5874E+00
  6.1566E+00  8.4785E+00 -4.6365E+00
  6.2356E+00  8.5337E+00 -4.7092E+00
  6.1312E+00  8.2158E+00 -4.6371E+00
  6.3480E+00  8.8068E+00 -4.7526E+00
  6.9521E+00  8.9815E+00 -4.9484E+00
  6.4633E+00  8.3909E+00 -5.0819E+00
  6.4380E+00  8.2896E+00 -5.0698E+00
  7.0813E+00  8.7765E+00 -5.0673E+00
  6.5780E+00  8.3121E+00 -4.9381E+00
  6.5832E+00  8.4852E+00 -4.9308E+00
  6.9833E+00  8.6806E+00 -4.7542E+00
  5.8422E+00  8.0601E+00 -4.3215E+00
  6.4416E+00  8.4408E+00 -4.6143E+00
  6.8088E+00  8.8504E+00 -4.6937E+00
  6.1095E+00  8.2585E+00 -4.6090E+00
  6.5726E+00  8.6552E+00 -4.8632E+00
  7.3452E+00  8.9879E+00 -4.5631E+00
  6.8463E+00  8.5025E+00 -4.7206E+00
  6.5869E+00  8.2874E+00 -4.6931E+00
  7.3414E+00  8.6964E+00 -4.8946E+00
  7.1245E+00  8.3809E+00 -4.8777E+00
  7.0052E+00  8.3114E+00 -4.9648E+00
  7.1145E+00  8.9364E+00 -5.0108E+00
  6.9030E+00  8.4398E+00 -5.0903E+00
  7.1245E+00  7.7553E+00 -5.0880E+00
  6.8256E+00  7.9977E+00 -5.0839E+00
  6.3919E+00  7.8897E+00 -4.9978E+00
  6.2059E+00  7.7976E+00 -4.8718E+00
  6.5259E+00  7.6995E+00 -4.7053E+00
  6.6676E+00  7.3500E+00 -4.6098E+00
  6.7812E+00  7.4546E+00 -4.6470E+00
  6.9414E+00  7.5363E+00 -4.6341E+00
  6.6917E+00  7.3872E+00 -4.6631E+00
  6.9070E+00  7.6409E+00 -4.9588E+00
  6.7963E+00  7.3318E+00 -4.8943E+00
  6.6570E+00  7.4837E+00 -4.8203E+00
  7.3923E+00  8.3526E+00 -4.9609E+00
  6.7227E+00  8.5153E+00 -4.9780E+00
  6.0206E+00  7.8920E+00 -4.6832E+00
  6.3678E+00  7.9335E+00 -4.7876E+00
  6.2699E+00  7.9294E+00 -4.6254E+00
  5.8793E+00  7.6654E+00 -4.4466E+00
  5.6204E+00  7.4672E+00 -4.0194E+00
  6.6885E+00  7.7004E+00 -4.3918E+00
  6.8275E+00  7.3276E+00 -4.3557E+00
  6.1197E+00  7.0066E+00 -4.2764E+00
  6.6266E+00  7.2578E+00 -4.6747E+00
  6.3423E+00  7.1364E+00 -4.7861E+00
  6.0287E+00  6.9692E+00 -4.8976E+00
  5.7681E+00  7.1621E+00 -4.9606E+00
  5.7111E+00  7.2498E+00 -4.9253E+00
  5.9945E+00  7.3253E+00 -4.7857E+00
  5.3803E+00  6.9447E+00 -4.7818E+00
  4.8883E+00  6.8422E+00 -4.4054E+00
  5.2064E+00  6.8831E+00 -4.6901E+00
  5.6322E+00  7.2436E+00 -4.7481E+00
  5.1883E+00  7.4174E+00 -4.8224E+00
  4.9104E+00  6.9293E+00 -4.5296E+00
  5.3110E+00  7.3062E+00 -5.0500E+00
  6.1590E+00  7.5411E+00 -4.8684E+00
  5.7109E+00  7.4732E+00 -4.8475E+00
  5.4977E+00  7.4644E+00 -4.5466E+00
  6.4864E+00  7.6407E+00 -4.7972E+00
  6.6241E+00  7.6952E+00 -4.7551E+00
  6.5372E+00  7.3491E+00 -4.5426E+00
  7.3337E+00  7.5662E+00 -4.6920E+00
  6.3529E+00  7.3634E+00 -4.5716E+00
  6.1712E+00  7.3137E+00 -4.5287E+00
  6.9765E+00  7.7713E+00 -4.7091E+00
  6.7098E+00  7.6578E+00 -4.6821E+00
  6.5124E+00  7.3537E+00 -4.5277E+00
  6.9646E+00  8.1817E+00 -4.5828E+00
  6.9198E+00  7.8972E+00 -4.7432E+00
  6.5104E+00  7.6976E+00 -4.4427E+00
  7.3474E+00  8.0195E+00 -4.3796E+00
  7.4800E+00  8.2758E+00 -4.2001E+00
  6.9931E+00  7.9598E+00 -4.0858E+00
  7.1017E+00  8.7295E+00 -4.2227E+00
  7.0771E+00  8.5479E+00 -4.2241E+00
  6.6451E+00  7.9622E+00 -4.0673E+00
  6.8225E+00  8.3764E+00 -4.3757E+00
  6.8421E+00  8.2173E+00 -4.4159E+00
  6.6177E+00  7.8650E+00 -4.3668E+00
  6.8261E+00  8.2293E+00 -4.2488E+00
  6.6613E+00  7.7908E+00 -4.1972E+00
  6.5554E+00  8.2577E+00 -4.0850E+00
  6.9283E+00  8.0600E+00 -3.9485E+00
  6.5790E+00  8.0595E+00 -4.1841E+00
  6.9474E+00  8.5803E+00 -4.2170E+00
  6.6341E+00  8.5954E+00 -4.3751E+00
  6.4432E+00  8.4042E+00 -4.4722E+00
  6.6124E+00  8.5594E+00 -4.4814E+00
  6.7889E+00  8.4955E+00 -4.4200E+00
  6.6491E+00  8.3583E+00 -4.2520E+00
  6.7681E+00  8.4403E+00 -4.2607E+00
  6.7766E+00  8.6003E+00 -4.5008E+00
  6.6385E+00  8.8536E+00 -4.6740E+00
  6.7777E+00  8.4031E+00 -4.8727E+00
  6.6783E+00  7.8025E+00 -4.8270E+00
  6.9303E+00  7.5900E+00 -5.0386E+00
  7.0760E+00  7.4238E+00 -4.9010E+00
  7.2993E+00  7.2093E+00 -4.2605E+00
  7.1579E+00  6.9741E+00 -4.3168E+00
  7.0196E+00  7.1222E+00 -4.4625E+00
  7.1737E+00  7.4385E+00 -4.9278E+00
  6.7701E+00  7.5293E+00 -5.1214E+00
  6.9113E+00  7.4861E+00 -5.0390E+00
  6.7166E+00  7.9287E+00 -5.2098E+00
  6.5894E+00  8.3200E+00 -5.1864E+00
  6.6733E+00  7.4457E+00 -5.1630E+00
  6.6867E+00  7.0891E+00 -4.3030E+00
  6.4327E+00  7.4242E+00 -5.1875E+00
  6.0711E+00  8.1070E+00 -5.1016E+00
  5.7958E+00  7.9327E+00 -5.2740E+00
  5.2257E+00  7.6181E+00 -5.2711E+00
  5.2285E+00  7.5557E+00 -5.3904E+00
  4.7837E+00  8.0386E+00 -4.9329E+00
  4.3628E+00  7.4455E+00 -5.1106E+00
  4.0268E+00  7.2321E+00 -4.7956E+00
  4.1013E+00  7.0818E+00 -4.8902E+00
  4.3434E+00  6.9270E+00 -4.8811E+00
  4.4507E+00  6.5980E+00 -4.9211E+00
  4.3543E+00  6.7375E+00 -5.2839E+00
  4.2311E+00  6.5063E+00 -5.2927E+00
  4.2992E+00  6.3269E+00 -5.1428E+00
  4.4048E+00  5.8896E+00 -5.1144E+00
  4.2744E+00  6.3293E+00 -5.2103E+00
  4.4882E+00  6.0023E+00 -5.3514E+00
  4.5263E+00  5.6771E+00 -4.8352E+00
  4.6267E+00  5.8427E+00 -4.6647E+00
  4.8812E+00  5.9600E+00 -4.8866E+00
  4.9210E+00  6.1155E+00 -4.7124E+00
  5.0014E+00  6.0666E+00 -4.6816E+00
  5.0729E+00  6.0306E+00 -4.8134E+00
  4.6258E+00  5.8717E+00 -4.3549E+00
  4.3665E+00  6.4044E+00 -4.4566E+00
  4.4821E+00  6.7929E+00 -4.5813E+00
  4.2323E+00  6.2281E+00 -4.0794E+00
  4.1231E+00  6.3624E+00 -4.0646E+00
  4.2834E+00  6.3706E+00 -4.0730E+00
  4.3034E+00  5.9764E+00 -3.5705E+00
  4.2861E+00  5.9758E+00 -3.6626E+00
  4.4260E+00  5.9289E+00 -4.1693E+00
  4.3751E+00  6.4175E+00 -4.4222E+00
  4.5693E+00  6.6744E+00 -4.8520E+00
  4.6786E+00  7.2088E+00 -5.0397E+00
  4.7409E+00  7.7721E+00 -5.0759E+00
  5.1378E+00  8.0838E+00 -5.3681E+00
  5.3238E+00  8.3020E+00 -5.4387E+00
  4.7707E+00  8.3292E+00 -5.2251E+00
  4.7139E+00  8.4278E+00 -5.1692E+00
  5.0309E+00  8.5073E+00 -5.2149E+00
  5.2442E+00  8.1233E+00 -5.2818E+00
  5.1151E+00  7.8026E+00 -5.3336E+00
  4.6556E+00  7.1484E+00 -5.2714E+00
  4.9454E+00  7.0565E+00 -5.6342E+00
  5.0569E+00  7.3099E+00 -5.6178E+00
  4.6657E+00  6.2812E+00 -5.3143E+00
  4.6627E+00  5.9934E+00 -5.2190E+00
  4.6638E+00  6.5401E+00 -5.2063E+00
  4.5333E+00  5.5774E+00 -4.5976E+00
  4.5539E+00  5.6734E+00 -3.8146E+00
  4.3625E+00  5.8813E+00 -4.2257E+00
  4.3116E+00  5.9341E+00 -4.3644E+00
  4.4889E+00  6.0456E+00 -4.4092E+00
  4.5118E+00  6.0222E+00 -4.3933E+00
  4.2336E+00  6.0825E+00 -4.1445E+00
  4.3213E+00  5.7364E+00 -4.0062E+00
  4.3882E+00  5.6262E+00 -3.7793E+00
  4.0048E+00  5.6884E+00 -3.4790E+00
  3.9055E+00  5.6349E+00 -3.5431E+00
  4.3974E+00  5.4993E+00 -4.0783E+00
  4.2737E+00  5.7799E+00 -3.9972E+00
  4.2041E+00  5.8316E+00 -3.9385E+00
  4.8176E+00  6.1679E+00 -4.3462E+00
  4.7399E+00  6.3144E+00 -4.3841E+00
  5.1867E+00  6.2700E+00 -4.6143E+00
  5.6965E+00  6.9129E+00 -4.7348E+00
  5.4741E+00  6.7915E+00 -4.7078E+00
  5.8437E+00  7.3701E+00 -4.8463E+00
  6.1429E+00  7.5877E+00 -4.9611E+00
  5.5187E+00  7.4869E+00 -4.8061E+00
  5.8024E+00  7.0566E+00 -4.8139E+00
  5.8657E+00  7.3047E+00 -4.3847E+00
  6.1017E+00  7.4975E+00 -4.8379E+00
  6.2702E+00  8.8334E+00 -5.0705E+00
  7.2782E+00  9.0062E+00 -4.8085E+00
