 -1.2526E+01 -9.9831E+00  6.4249E-02
 -1.2276E+01 -1.0195E+01 -7.7315E-03
 -1.2412E+01 -1.0098E+01  2.5504E-01
 -1.2279E+01 -1.0489E+01  3.5717E-01
 -1.2538E+01 -1.0229E+01  3.9441E-01
  1.2158E+01 -1.0005E+01  3.7747E-01
  1.2009E+01 -1.0276E+01  6.2576E-02
  1.1606E+01 -1.0473E+01 -3.3780E-01
  1.1485E+01 -1.0639E+01 -5.0722E-01
  1.1527E+01 -1.0616E+01 -3.1590E-01
  1.1489E+01 -1.0618E+01  3.1027E-01
  1.1509E+01 -1.0859E+01  6.2976E-01
  1.1676E+01 -1.0930E+01  1.6641E-01
  1.1355E+01 -1.0999E+01 -2.0521E-01
  1.0949E+01 -1.1004E+01  7.9589E-02
  1.0918E+01 -1.1139E+01  1.4791E-01
  1.0995E+01 -1.1113E+01 -3.2196E-01
  1.1127E+01 -1.1165E+01 -3.6185E-01
  1.1082E+01 -1.1093E+01 -4.1266E-02
  1.1128E+01 -1.1075E+01 -2.0354E-01
  1.1297E+01 -1.1179E+01 -5.9706E-01
  1.1391E+01 -1.0970E+01 -3.7458E-01
  1.1615E+01 -1.1111E+01  6.5710E-02
  1.1536E+01 -1.1214E+01 -2.8224E-01
  1.1400E+01 -1.1141E+01 -3.3861E-01
  1.1624E+01 -1.1724E+01 -5.0153E-01
  1.0888E+01 -1.1359E+01 -2.5537E-01
  1.1659E+01  1.2563E+01 -5.7506E-01
  1.1570E+01  1.1835E+01 -8.2527E-01
  1.1698E+01  1.1534E+01 -7.4997E-01
  1.1503E+01  1.1613E+01 -1.2212E+00
  1.1152E+01  1.0739E+01 -1.6033E+00
  1.0784E+01  1.0546E+01 -1.9272E+00
  1.0347E+01  1.0522E+01 -2.1710E+00
  1.0096E+01  1.0432E+01 -2.1711E+00
  9.9716E+00  1.0335E+01 -2.4076E+00
  9.7099E+00  1.0395E+01 -2.5480E+00
  9.2842E+00  1.0125E+01 -2.6945E+00
  9.6375E+00  1.0074E+01 -2.5624E+00
  9.8540E+00  9.8859E+00 -2.6668E+00
  1.0086E+01  9.6686E+00 -2.3167E+00
  1.0072E+01  9.5068E+00 -2.2242E+00
  1.0226E+01  9.4130E+00 -2.2141E+00
  1.0462E+01  9.3179E+00 -1.9051E+00
  1.0647E+01  9.3699E+00 -2.1347E+00
  1.0875E+01  9.3694E+00 -2.1503E+00
  1.1156E+01  9.4924E+00 -2.0337E+00
  1.1114E+01  9.6878E+00 -2.1388E+00
  1.1298E+01  9.5943E+00 -2.0415E+00
  1.1289E+01  9.4306E+00 -2.0346E+00
  1.1107E+01  9.3840E+00 -2.0005E+00
  1.0956E+01  9.4564E+00 -1.8415E+00
  1.0485E+01  9.5462E+00 -2.1789E+00
  1.0443E+01  9.7897E+00 -2.4122E+00
  1.0324E+01  9.5965E+00 -2.3115E+00
  9.8975E+00  9.4498E+00 -2.2753E+00
  1.0252E+01  9.8215E+00 -2.1898E+00
  1.0171E+01  9.8789E+00 -2.3395E+00
  1.0652E+01  9.7782E+00 -2.0363E+00
  1.0748E+01  9.6214E+00 -1.5273E+00
  1.0836E+01  9.9109E+00 -1.5139E+00
  1.1360E+01  9.8495E+00 -1.1480E+00
  1.1376E+01  9.8154E+00 -1.2074E+00
  1.1110E+01  9.9962E+00 -1.2000E+00
  1.1051E+01  9.5544E+00 -8.5524E-01
  1.0851E+01  9.8181E+00 -1.0282E+00
  1.0833E+01  9.9338E+00 -1.2363E+00
  1.0935E+01  9.8051E+00 -1.2341E+00
  1.0700E+01  9.9728E+00 -1.2083E+00
  1.0500E+01  1.0189E+01 -1.1999E+00
  1.0324E+01  9.8228E+00 -1.2666E+00
  1.0388E+01  9.9453E+00 -1.3837E+00
  1.0086E+01  1.0039E+01 -1.4341E+00
  9.9444E+00  9.9796E+00 -1.3561E+00
  9.6831E+00  1.0104E+01 -1.7152E+00
  9.7547E+00  1.0155E+01 -1.5542E+00
  9.7785E+00  1.0053E+01 -1.2472E+00
  9.9109E+00  9.8163E+00 -1.1264E+00
  9.8184E+00  9.6256E+00 -7.9478E-01
  9.6768E+00  9.7612E+00 -1.0355E+00
  9.6017E+00  9.6772E+00 -9.6174E-01
  9.5029E+00  9.6327E+00 -9.3573E-01
  9.3306E+00  1.0058E+01 -1.0735E+00
  9.5138E+00  1.0109E+01 -6.6060E-01
  9.2216E+00  1.0293E+01 -9.1301E-01
  9.5941E+00  1.0283E+01 -7.3132E-01
  9.6923E+00  1.0013E+01 -7.3187E-01
  9.6559E+00  1.0111E+01 -6.7014E-01
  1.0097E+01  9.9441E+00 -5.2983E-01
  1.0225E+01  9.6092E+00 -3.2030E-01
  1.0331E+01  9.3958E+00 -1.7289E-01
  1.0289E+01  9.5087E+00 -1.8680E-01
  1.0364E+01  9.7984E+00 -7.4014E-02
  1.0653E+01  9.6985E+00 -1.1064E-01
  1.0375E+01  9.6450E+00 -2.4188E-01
  9.9570E+00  9.8870E+00 -3.2965E-01
  9.4443E+00  9.8361E+00 -3.1452E-01
  9.4312E+00  9.8698E+00 -2.3768E-01
  9.4075E+00  9.9549E+00 -3.5200E-01
  9.1144E+00  1.0164E+01 -4.7096E-01
  9.0589E+00  1.0168E+01 -5.5863E-01
  9.0597E+00  1.0527E+01 -3.8270E-01
  9.0153E+00  1.0571E+01 -3.0421E-01
  8.8225E+00  1.0950E+01 -4.2637E-01
  8.8840E+00  1.0874E+01 -2.7992E-01
  8.8846E+00  1.0794E+01 -1.3082E-01
  8.8519E+00  1.0788E+01 -9.7485E-02
  9.0647E+00  1.0159E+01  1.8425E-01
  9.3094E+00  1.0517E+01  3.0507E-01
  9.1110E+00  1.0547E+01  5.7887E-01
  9.1300E+00  9.9494E+00  8.1264E-01
  9.1731E+00  1.0349E+01  3.1895E-01
  9.2259E+00  1.0189E+01  4.2701E-01
  9.4248E+00  9.9795E+00  4.1697E-01
  9.5381E+00  1.0282E+01  2.3614E-01
  9.5883E+00  1.0355E+01  2.7339E-01
  9.8531E+00  1.0281E+01  4.0757E-01
  1.0004E+01  1.0251E+01  2.9938E-01
  1.0187E+01  1.0086E+01  2.3255E-01
  1.0048E+01  9.8532E+00  1.8342E-01
  9.9762E+00  9.5641E+00  1.8158E-01
  1.0054E+01  9.8925E+00 -3.3251E-01
  1.0051E+01  1.0099E+01 -6.7178E-01
  9.8710E+00  9.7832E+00 -3.7494E-01
  9.6090E+00  9.6936E+00 -5.9944E-01
  9.4362E+00  9.9033E+00 -4.8824E-01
  9.8226E+00  9.8918E+00  7.2748E-02
  9.9830E+00  9.9193E+00  5.6782E-01
  9.7981E+00  1.0019E+01  3.7145E-01
  9.9074E+00  1.0051E+01  3.6821E-01
  1.0115E+01  1.0116E+01  3.9069E-01
  1.0265E+01  9.7892E+00  3.3251E-01
  1.0485E+01  1.0044E+01  2.3147E-01
  1.0270E+01  9.9135E+00 -1.2063E-01
  1.0059E+01  9.8734E+00 -5.5996E-01
  9.6689E+00  9.7156E+00 -6.5682E-01
  9.5341E+00  1.0049E+01 -5.8753E-01
  9.2198E+00  1.0416E+01 -8.5734E-01
  9.1737E+00  1.0179E+01 -8.4012E-01
  9.1252E+00  1.0208E+01 -7.3148E-01
  8.8011E+00  1.0256E+01 -7.9772E-01
  8.9946E+00  9.9807E+00 -6.8279E-01
  9.0562E+00  1.0106E+01 -6.8216E-01
  9.0249E+00  1.0082E+01 -6.5686E-01
  9.0639E+00  1.0054E+01 -3.4180E-01
  9.0487E+00  1.0213E+01 -1.5042E-01
  9.3412E+00  1.0390E+01 -1.5763E-01
  9.2047E+00  1.0233E+01 -1.2667E-02
  9.0441E+00  1.0350E+01 -2.4105E-01
  8.9856E+00  1.0315E+01 -2.1100E-01
  9.3311E+00  1.0415E+01 -2.7252E-01
  9.2730E+00  1.0624E+01 -4.1201E-01
  9.1798E+00  1.0528E+01 -5.3053E-01
  9.2643E+00  1.0316E+01 -3.4419E-01
  9.3236E+00  1.0545E+01 -3.1209E-01
  9.2489E+00  1.0512E+01 -4.0295E-01
  8.9454E+00  1.0264E+01 -5.9324E-01
  8.8795E+00  1.0220E+01 -5.7071E-01
  8.7814E+00  9.8131E+00 -4.6736E-01
  8.8514E+00  9.8535E+00 -3.9615E-01
  8.7348E+00  9.7336E+00 -3.7739E-01
  8.6369E+00  9.6750E+00 -4.2116E-01
  8.7406E+00  9.6524E+00 -5.0086E-01
  8.7794E+00  9.6729E+00 -7.8388E-01
  8.7827E+00  9.9181E+00 -8.7588E-01
  8.9546E+00  9.9256E+00 -8.1757E-01
  8.8209E+00  1.0168E+01 -7.3699E-01
  8.6926E+00  1.0267E+01 -6.8241E-01
  8.3576E+00  1.0141E+01 -8.5010E-01
  8.1548E+00  1.0196E+01 -6.9973E-01
  8.4351E+00  1.0075E+01 -6.1704E-01
  8.3862E+00  1.0208E+01 -7.9208E-01
  8.7060E+00  1.0270E+01 -7.2436E-01
  8.6329E+00  1.0079E+01 -9.1539E-01
  8.6283E+00  1.0000E+01 -8.9377E-01
  8.6946E+00  9.8730E+00 -7.9102E-01
  8.7810E+00  9.7590E+00 -6.3244E-01
  9.0558E+00  1.0045E+01 -7.7593E-01
  9.0834E+00  9.9825E+00 -9.3876E-01
  9.2306E+00  9.9826E+00 -9.6284E-01
  9.2167E+00  1.0126E+01 -1.2265E+00
  9.2075E+00  1.0071E+01 -1.1312E+00
  9.4243E+00  1.0429E+01 -1.1049E+00
  9.5286E+00  1.0529E+01 -1.0779E+00
  9.0511E+00  1.0644E+01 -1.1432E+00
  9.7197E+00  1.0791E+01 -6.0250E-01
  9.4422E+00  1.0653E+01 -8.0416E-01
  9.4463E+00  1.0595E+01 -7.0502E-01
  9.2891E+00  1.0686E+01 -6.5246E-01
  9.1695E+00  1.0776E+01 -8.7410E-01
  9.2201E+00  1.0283E+01 -8.4894E-01
  9.1903E+00  1.0317E+01 -9.5859E-01
  9.1908E+00  1.0128E+01 -1.0627E+00
  9.2069E+00  1.0064E+01 -9.0488E-01
  9.3098E+00  1.0183E+01 -7.2031E-01
  9.1365E+00  1.0242E+01 -6.6935E-01
  9.1948E+00  1.0463E+01 -3.7546E-01
  9.0179E+00  1.0290E+01 -3.5204E-01
  9.0438E+00  1.0320E+01 -2.4040E-01
  9.0453E+00  1.0161E+01 -8.8865E-02
  9.0368E+00  1.0226E+01 -9.0345E-03
  9.0778E+00  1.0032E+01  1.2652E-01
  9.0066E+00  9.8166E+00  2.9980E-02
  8.9850E+00  9.8602E+00 -8.1137E-02
  8.8940E+00  9.8921E+00 -1.9585E-01
  8.8668E+00  1.0074E+01 -2.5152E-01
  8.9927E+00  1.0106E+01 -4.0992E-01
  8.9913E+00  1.0270E+01 -4.6415E-01
  9.0124E+00  1.0185E+01 -5.6219E-01
  9.0661E+00  1.0031E+01 -5.6050E-01
  8.9996E+00  1.0341E+01 -7.2723E-01
  8.8892E+00  1.0461E+01 -7.3804E-01
  8.6501E+00  1.0201E+01 -1.0515E+00
  8.6102E+00  1.0301E+01 -8.4998E-01
  8.7537E+00  1.0530E+01 -5.5489E-01
  8.7849E+00  1.0688E+01 -5.8647E-01
  8.4173E+00  1.0844E+01 -8.0167E-01
  8.6746E+00  1.0988E+01 -1.7615E-01
  8.8099E+00  1.0661E+01 -4.5141E-01
  8.8669E+00  1.0676E+01 -6.5845E-01
  8.8345E+00  1.0593E+01 -5.8045E-01
  8.7863E+00  1.0470E+01 -7.5275E-01
  8.8231E+00  1.0391E+01 -8.6109E-01
  8.8946E+00  1.0385E+01 -7.2300E-01
  8.7876E+00  1.0155E+01 -8.0353E-01
  8.8378E+00  1.0355E+01 -7.3139E-01
  8.6582E+00  1.0817E+01 -5.8192E-01
  8.3719E+00  1.0695E+01 -1.0009E+00
  8.2925E+00  1.0649E+01 -9.2807E-01
  8.2378E+00  1.0423E+01 -1.0596E+00
  8.1911E+00  1.0910E+01 -1.0090E+00
  8.3448E+00  1.1024E+01 -9.7746E-01
  8.4090E+00  1.0986E+01 -1.0713E+00
  8.5611E+00  1.1154E+01 -1.1560E+00
  8.5284E+00  1.1091E+01 -1.1052E+00
  8.2448E+00  1.1043E+01 -1.4476E+00
  8.2290E+00  1.1237E+01 -1.5286E+00
  8.3955E+00  1.1336E+01 -1.6295E+00
  8.3873E+00  1.1227E+01 -1.5486E+00
  8.2457E+00  1.1459E+01 -1.7654E+00
  8.4128E+00  1.1289E+01 -2.1125E+00
  8.7810E+00  1.1196E+01 -1.9313E+00
  8.5914E+00  1.1236E+01 -1.9083E+00
  8.3580E+00  1.1397E+01 -1.9330E+00
  8.1985E+00  1.1128E+01 -2.1043E+00
  8.2852E+00  1.1018E+01 -2.2140E+00
  8.3360E+00  1.0875E+01 -2.3476E+00
  8.1235E+00  1.0937E+01 -2.1987E+00
  7.9637E+00  1.0919E+01 -2.1069E+00
  8.0604E+00  1.0943E+01 -1.9176E+00
  8.0790E+00  1.1027E+01 -1.9277E+00
  8.0920E+00  1.1305E+01 -1.8456E+00
  8.3991E+00  1.1390E+01 -1.5193E+00
  8.4796E+00  1.1408E+01 -1.6587E+00
  8.3425E+00  1.1571E+01 -1.8275E+00
  8.3397E+00  1.1627E+01 -1.9668E+00
  8.5408E+00  1.1841E+01 -1.8916E+00
  8.4590E+00  1.1661E+01 -1.8958E+00
  8.4500E+00  1.1552E+01 -1.7347E+00
  8.3598E+00  1.1585E+01 -2.3016E+00
  8.4336E+00  1.1675E+01 -1.9952E+00
  8.6934E+00  1.1300E+01 -1.9673E+00
  8.7947E+00  1.1089E+01 -2.0234E+00
  8.7077E+00  1.1281E+01 -2.4862E+00
  8.4212E+00  1.1326E+01 -2.8306E+00
  8.5085E+00  1.1295E+01 -2.6128E+00
  8.5763E+00  1.1417E+01 -2.4479E+00
  8.7680E+00  1.1256E+01 -2.1741E+00
  8.6484E+00  1.1265E+01 -1.9948E+00
  8.5435E+00  1.1275E+01 -2.0603E+00
  8.5916E+00  1.1406E+01 -2.0156E+00
  8.6457E+00  1.1260E+01 -1.5745E+00
  8.5743E+00  1.1250E+01 -1.5618E+00
  8.3989E+00  1.1563E+01 -1.5207E+00
  8.5155E+00  1.1790E+01 -1.0869E+00
  8.2516E+00  1.1936E+01 -1.4184E+00
  8.4606E+00  1.2004E+01 -1.0314E+00
  8.5813E+00  1.1782E+01 -9.4943E-01
  8.7126E+00  1.1629E+01 -9.2568E-01
  8.6471E+00  1.1928E+01 -8.2043E-01
  8.7130E+00  1.1851E+01 -6.1310E-01
  8.9464E+00  1.1647E+01 -5.5928E-01
  8.8739E+00  1.1527E+01 -3.6220E-01
  8.5030E+00  1.1598E+01 -6.2629E-01
  8.3364E+00  1.1677E+01 -7.9910E-01
  8.9965E+00  1.1450E+01 -3.6822E-01
  9.0232E+00  1.1716E+01 -4.0216E-01
  8.9247E+00  1.1550E+01 -2.2551E-01
  9.1741E+00  1.1317E+01  1.7460E-01
  9.0653E+00  1.1068E+01 -1.7590E-01
  8.9665E+00  1.0872E+01 -2.4607E-02
  9.0619E+00  1.0979E+01  4.1726E-02
  8.9289E+00  1.0773E+01 -3.2862E-02
  9.1099E+00  1.0846E+01  2.3448E-01
  9.2228E+00  1.1073E+01  2.6606E-01
  9.1577E+00  1.1013E+01 -2.3857E-02
  9.1769E+00  1.0968E+01  1.0008E-02
  9.1050E+00  1.0966E+01 -5.0705E-01
  9.1014E+00  1.1234E+01 -1.7186E-02
  8.8615E+00  1.1196E+01  1.7652E-01
  8.5970E+00  1.0971E+01  2.5993E-01
  8.7136E+00  1.0799E+01 -2.0536E-01
  8.5321E+00  1.0904E+01 -1.3784E-01
  8.3717E+00  1.1037E+01 -3.1436E-01
  8.6982E+00  1.0791E+01 -3.6701E-01
  8.7844E+00  1.0876E+01 -1.6019E-01
  8.6759E+00  1.0999E+01  1.1162E-01
  8.9613E+00  1.1219E+01 -1.7100E-01
  8.8971E+00  1.1429E+01 -1.9764E-01
  9.2109E+00  1.1436E+01 -5.5962E-01
  9.1898E+00  1.1291E+01 -4.0346E-01
  9.2328E+00  1.1625E+01 -3.4124E-01
  9.4014E+00  1.1374E+01 -5.4127E-01
  8.9219E+00  1.1057E+01 -2.0278E-01
  8.9538E+00  1.1175E+01 -4.0221E-01
  8.4012E+00  1.0469E+01  1.1915E-01
  8.3330E+00  1.0596E+01  1.7437E-01
  8.6979E+00  1.0822E+01 -2.2554E-01
  7.8727E+00  9.9857E+00 -4.5473E-02
  8.6715E+00  1.0495E+01  7.7826E-02
  8.4511E+00  1.0217E+01  6.4041E-02
  8.7237E+00  1.0450E+01 -9.3130E-02
  8.6081E+00  1.0548E+01  1.4417E-01
  8.8082E+00  1.0457E+01  1.9840E-01
  8.7138E+00  1.0036E+01 -1.2897E-01
  8.3845E+00  9.7403E+00  4.6773E-02
  8.7632E+00  9.5903E+00  6.0425E-02
  8.6418E+00  9.6023E+00  1.9044E-01
  8.8326E+00  1.0051E+01  1.3492E-01
  9.3056E+00  9.9390E+00  3.3968E-01
  9.5962E+00  1.0071E+01  1.7786E-01
  9.3775E+00  9.8509E+00  7.4318E-01
  9.7328E+00  1.0264E+01  8.3143E-01
  1.0156E+01  9.9953E+00  8.4152E-01
  1.0025E+01  9.8435E+00  1.3644E+00
  1.0331E+01  1.0400E+01  1.3980E+00
  1.0144E+01  1.0143E+01  1.4585E+00
  1.0333E+01  1.0636E+01  9.6714E-01
  9.9983E+00  1.0594E+01  9.2812E-01
  1.0185E+01  1.0406E+01  5.6513E-01
  9.6606E+00  1.0161E+01  8.3867E-01
  9.7493E+00  9.9855E+00  6.8457E-01
  9.4640E+00  9.9683E+00  7.9177E-01
  9.1878E+00  9.9616E+00  1.0518E+00
  8.9120E+00  1.0161E+01  1.0830E+00
  8.7813E+00  1.0409E+01  1.0454E+00
  8.8332E+00  1.0518E+01  1.0259E+00
  8.6268E+00  1.0483E+01  9.6049E-01
  8.9299E+00  1.0623E+01  8.7067E-01
  8.8696E+00  1.0518E+01  8.3403E-01
  8.6078E+00  1.0299E+01  8.1737E-01
  8.8571E+00  1.0240E+01  7.1697E-01
  8.9351E+00  9.9653E+00  6.7122E-01
  8.9909E+00  9.5899E+00  4.7141E-01
  8.9556E+00  9.6421E+00  7.7012E-01
  9.1034E+00  9.5379E+00  7.1364E-01
  9.1904E+00  9.3571E+00  2.9335E-01
  9.0336E+00  9.5499E+00  8.0777E-01
  9.5774E+00  9.7134E+00  7.7914E-01
  9.6280E+00  9.8236E+00  1.3914E+00
  9.7043E+00  9.8680E+00  9.8967E-01
  9.5146E+00  1.0036E+01  8.2923E-01
  9.8176E+00  9.8554E+00  8.7755E-01
  9.8779E+00  9.7543E+00  1.2391E+00
  9.8941E+00  9.8433E+00  1.2589E+00
  9.8737E+00  9.6757E+00  1.3554E+00
  9.6980E+00  9.6385E+00  1.4132E+00
  9.4932E+00  9.5167E+00  1.3463E+00
  9.5077E+00  9.3238E+00  1.4110E+00
  9.3871E+00  9.5999E+00  1.4947E+00
  9.3794E+00  9.4549E+00  1.6206E+00
  9.5359E+00  9.3144E+00  1.5755E+00
  9.2370E+00  9.6008E+00  1.6245E+00
  9.3163E+00  9.3868E+00  1.3887E+00
  9.4984E+00  9.2357E+00  1.1989E+00
  9.2168E+00  9.4120E+00  1.2582E+00
  9.3677E+00  9.5242E+00  1.4635E+00
  9.4760E+00  9.3822E+00  1.5303E+00
  9.2560E+00  1.0026E+01  1.4084E+00
  9.2488E+00  9.9071E+00  1.2878E+00
  9.1493E+00  9.8238E+00  1.3289E+00
  9.1601E+00  9.6293E+00  1.1854E+00
  9.3623E+00  9.7366E+00  1.3292E+00
  9.3166E+00  9.7068E+00  1.4508E+00
  9.1193E+00  9.7225E+00  1.3894E+00
  9.1139E+00  9.6625E+00  1.2518E+00
  9.0509E+00  9.7881E+00  9.8566E-01
  8.9282E+00  9.8673E+00  1.0754E+00
  8.3989E+00  9.7649E+00  1.2497E+00
  8.2411E+00  9.8110E+00  1.1465E+00
  8.3264E+00  9.6280E+00  1.1729E+00
  8.1976E+00  9.7753E+00  1.6932E+00
  8.1342E+00  1.0036E+01  1.9245E+00
  8.1837E+00  9.8790E+00  1.8906E+00
  8.0399E+00  9.6033E+00  1.9773E+00
  8.0512E+00  9.4506E+00  2.2245E+00
  7.8768E+00  9.3427E+00  2.4643E+00
  7.8002E+00  9.0677E+00  2.5029E+00
  7.5157E+00  8.9257E+00  2.0940E+00
  7.2446E+00  8.8865E+00  1.9847E+00
