  2.5764E+00  5.6268E+00 -8.7172E-01
  2.5031E+00  5.5878E+00 -9.3395E-01
  2.0607E+00  6.5650E+00 -8.3596E-01
  1.8746E+00  6.4243E+00 -9.0419E-01
  2.1491E+00  5.8457E+00 -1.1077E+00
  1.2638E+00  6.2554E+00 -1.0928E+00
  7.6149E-01  5.7117E+00 -6.0484E-01
  7.7738E-01  6.2481E+00 -7.7424E-01
  9.8152E-01  6.0799E+00 -1.2483E+00
  1.2466E+00  6.2814E+00 -1.3169E+00
  1.0158E+00  6.3927E+00 -1.1774E+00
  9.4283E-01  6.1908E+00 -1.2438E+00
  1.0162E+00  6.4127E+00 -1.2561E+00
  1.2804E+00  6.3997E+00 -1.3547E+00
  1.3339E+00  6.3054E+00 -1.3479E+00
  1.1672E+00  6.2257E+00 -1.2154E+00
  1.3611E+00  6.2145E+00 -1.2678E+00
  1.6524E+00  6.2696E+00 -1.2973E+00
  1.6051E+00  6.1721E+00 -1.2254E+00
  1.6115E+00  6.1535E+00 -1.0613E+00
  1.9916E+00  6.1554E+00 -1.0107E+00
  2.1886E+00  6.2151E+00 -9.2565E-01
  2.1611E+00  6.4167E+00 -8.6379E-01
  2.2861E+00  5.9975E+00 -7.4929E-01
  2.3832E+00  5.8083E+00 -5.5129E-01
  2.5546E+00  6.0548E+00 -1.0234E+00
  2.8667E+00  6.1663E+00 -1.3862E+00
  2.5709E+00  5.7964E+00 -1.3875E+00
  2.5581E+00  5.7204E+00 -1.2652E+00
  3.3156E+00  5.9342E+00 -1.1828E+00
  3.1487E+00  5.5713E+00 -1.0102E+00
  2.9160E+00  5.5793E+00 -8.1796E-01
  3.3931E+00  5.8458E+00 -9.7545E-01
  3.8237E+00  6.1426E+00 -9.1920E-01
  3.5987E+00  5.9929E+00 -9.4801E-01
  3.6917E+00  6.2110E+00 -9.5199E-01
  4.3227E+00  6.9047E+00 -9.5630E-01
  3.6190E+00  6.5823E+00 -1.3239E+00
  3.7786E+00  7.2184E+00 -1.4352E+00
  4.1125E+00  7.6152E+00 -1.0456E+00
  3.6457E+00  7.1594E+00 -1.2819E+00
  4.0025E+00  7.8866E+00 -1.0232E+00
  4.0720E+00  7.9102E+00 -1.1809E+00
  3.6790E+00  7.6672E+00 -1.1834E+00
  3.9419E+00  7.9714E+00 -9.5624E-01
  3.6228E+00  7.7768E+00 -1.0975E+00
  3.7759E+00  7.9116E+00 -9.1828E-01
  3.3020E+00  7.5535E+00 -9.0580E-01
  3.2737E+00  7.6100E+00 -8.1096E-01
  3.8361E+00  7.8333E+00 -5.3333E-01
  3.3759E+00  7.3033E+00 -5.6256E-01
  4.2982E+00  7.8136E+00 -1.2621E-01
  3.8552E+00  7.8399E+00 -4.1123E-01
  4.0039E+00  8.2758E+00 -4.2017E-02
  4.5690E+00  8.1849E+00 -3.5870E-01
  3.7031E+00  8.4106E+00 -8.4301E-02
  3.2814E+00  8.6939E+00 -1.2200E-01
  3.5321E+00  9.0325E+00 -9.9990E-02
  3.5073E+00  8.7434E+00 -4.7485E-01
  3.8568E+00  8.6876E+00  1.3496E-01
  3.4240E+00  8.1875E+00 -1.8608E-01
  3.9066E+00  8.1771E+00  2.1901E-01
  4.2538E+00  8.1558E+00  1.0942E-01
  4.6124E+00  8.2588E+00 -5.1009E-02
  4.4474E+00  8.2570E+00 -2.7354E-01
  4.5512E+00  7.9977E+00 -3.8219E-01
  4.8843E+00  7.9127E+00 -4.3406E-01
  4.8922E+00  7.9221E+00 -3.3564E-01
  5.1078E+00  7.9996E+00 -7.0784E-01
  5.2869E+00  7.9237E+00 -8.9616E-01
  5.3220E+00  7.9424E+00 -6.0219E-01
  5.2064E+00  7.9219E+00 -9.5103E-01
  5.0455E+00  7.8750E+00 -9.4293E-01
  4.9434E+00  7.8614E+00 -7.7213E-01
  4.9415E+00  7.8270E+00 -9.4085E-01
  4.7591E+00  7.8147E+00 -9.7443E-01
  4.4267E+00  7.7592E+00 -8.3605E-01
  4.4818E+00  7.7816E+00 -6.7583E-01
  4.3683E+00  7.8427E+00 -1.1094E+00
  4.5818E+00  8.2359E+00 -5.3639E-01
  4.6123E+00  8.3847E+00 -7.1583E-01
  4.6551E+00  8.5996E+00 -8.2022E-01
  4.9140E+00  8.7786E+00 -1.1051E+00
  4.8460E+00  8.7419E+00 -1.1178E+00
  4.9223E+00  8.9373E+00 -9.5050E-01
  4.9621E+00  8.6049E+00 -8.7165E-01
  5.5844E+00  8.9143E+00 -9.2171E-01
  5.2432E+00  8.6102E+00 -9.8766E-01
  5.3029E+00  8.6597E+00 -9.5723E-01
  5.3697E+00  8.6931E+00 -1.0146E+00
  5.1666E+00  8.6577E+00 -1.3240E+00
  5.5156E+00  8.6738E+00 -1.0051E+00
  5.3062E+00  8.8081E+00 -7.3840E-01
  5.6846E+00  8.9767E+00 -7.9948E-01
  5.6974E+00  8.8459E+00 -8.4224E-01
  5.8829E+00  8.9109E+00 -9.0072E-01
  5.8396E+00  8.8256E+00 -8.4502E-01
  5.8228E+00  8.8872E+00 -9.8741E-01
  5.6568E+00  8.8775E+00 -1.2265E+00
  5.6593E+00  8.6343E+00 -1.2232E+00
  5.3781E+00  8.4404E+00 -9.9424E-01
  5.7199E+00  8.4208E+00 -5.9384E-01
  5.6916E+00  8.6863E+00 -8.8153E-01
  5.7178E+00  8.7192E+00 -9.0829E-01
  5.5963E+00  8.8446E+00 -1.1248E+00
  5.3215E+00  8.6832E+00 -1.1703E+00
  5.0693E+00  8.6804E+00 -9.9310E-01
  4.9112E+00  8.6542E+00 -1.1555E+00
  4.9718E+00  8.5426E+00 -1.5875E+00
  4.2568E+00  8.3100E+00 -1.4686E+00
  4.6059E+00  8.4921E+00 -1.3447E+00
  4.7015E+00  8.5292E+00 -1.6218E+00
  4.7565E+00  8.3883E+00 -1.5650E+00
  4.5427E+00  8.2468E+00 -1.6143E+00
  4.6882E+00  8.2611E+00 -1.5015E+00
  4.5413E+00  8.3467E+00 -1.2976E+00
  4.7053E+00  8.3991E+00 -1.2170E+00
  4.6804E+00  8.5095E+00 -1.1000E+00
  4.7918E+00  8.5614E+00 -9.5313E-01
  4.8729E+00  8.6550E+00 -9.4146E-01
  4.7066E+00  8.7111E+00 -9.2383E-01
  4.7079E+00  8.6767E+00 -9.7721E-01
  4.8100E+00  8.7629E+00 -9.6112E-01
  4.6315E+00  8.8393E+00 -1.1022E+00
  4.4879E+00  8.8712E+00 -1.1248E+00
  4.7066E+00  8.8611E+00 -1.1255E+00
  4.2267E+00  8.5639E+00 -1.1645E+00
  4.4233E+00  8.6168E+00 -1.3002E+00
  4.6198E+00  8.6933E+00 -1.2080E+00
  4.3985E+00  8.4813E+00 -1.0874E+00
  4.5983E+00  8.4188E+00 -9.0960E-01
  4.4337E+00  8.2545E+00 -1.0923E+00
  4.9485E+00  8.7605E+00 -7.0688E-01
  4.6697E+00  8.9264E+00 -1.1177E+00
  5.4025E+00  8.9360E+00 -1.1344E+00
  5.0308E+00  8.9803E+00 -1.3879E+00
  5.8366E+00  9.0053E+00 -1.2570E+00
  5.0115E+00  9.0090E+00 -1.6769E+00
  5.3852E+00  9.1317E+00 -1.8222E+00
  5.8494E+00  9.2235E+00 -1.5292E+00
  5.5454E+00  9.1784E+00 -1.6281E+00
  5.6597E+00  9.0366E+00 -1.6685E+00
  5.8590E+00  8.9500E+00 -1.7219E+00
  5.5398E+00  8.9202E+00 -1.9421E+00
  5.6023E+00  8.8101E+00 -1.6278E+00
  5.0643E+00  8.4809E+00 -2.1129E+00
  4.4155E+00  8.3166E+00 -1.7645E+00
  4.7160E+00  8.5833E+00 -1.7454E+00
  4.7674E+00  8.5358E+00 -1.5515E+00
  4.3245E+00  8.2974E+00 -1.3033E+00
  4.5516E+00  8.2584E+00 -1.1697E+00
  4.2773E+00  8.1902E+00 -1.0798E+00
  4.6387E+00  8.5499E+00 -1.0058E+00
  4.5230E+00  8.5972E+00 -1.0225E+00
  4.6470E+00  8.5572E+00 -9.8941E-01
  4.9194E+00  8.7260E+00 -9.2483E-01
  4.5226E+00  8.3852E+00 -8.4949E-01
  4.4417E+00  8.2810E+00 -8.2896E-01
  4.5710E+00  8.1102E+00 -7.4698E-01
  4.6152E+00  8.0514E+00 -6.6817E-01
  4.7498E+00  8.1465E+00 -5.3609E-01
  4.6246E+00  7.9899E+00 -5.8733E-01
  4.4472E+00  7.8646E+00 -2.9577E-01
  4.6789E+00  8.1120E+00 -2.9724E-01
  4.4200E+00  8.3979E+00 -3.3999E-01
  4.2649E+00  8.2493E+00 -2.4956E-01
  4.3244E+00  8.1570E+00 -6.5092E-01
  4.5040E+00  8.5444E+00 -5.7619E-01
  4.6630E+00  8.7694E+00 -7.4053E-01
  4.3976E+00  8.5633E+00 -7.0603E-01
  4.5491E+00  8.5649E+00 -6.2703E-01
  4.5012E+00  8.5482E+00 -9.1476E-01
  4.6098E+00  8.7710E+00 -9.5935E-01
  4.3674E+00  8.6525E+00 -8.3432E-01
  4.4409E+00  8.5342E+00 -6.2253E-01
  4.6924E+00  8.6710E+00 -6.7271E-01
  4.8153E+00  8.6924E+00 -7.6530E-01
  4.4618E+00  8.5519E+00 -7.4405E-01
  4.5748E+00  8.8339E+00 -7.6108E-01
  4.7544E+00  8.9112E+00 -8.0016E-01
  4.4850E+00  8.7670E+00 -8.7960E-01
  4.7051E+00  8.7318E+00 -1.1848E+00
  5.1147E+00  8.8610E+00 -1.2559E+00
  4.9175E+00  9.0885E+00 -1.1874E+00
  4.9805E+00  8.9932E+00 -1.0945E+00
  4.8850E+00  8.9426E+00 -1.0548E+00
  4.8516E+00  9.1053E+00 -9.8021E-01
  4.8780E+00  9.1466E+00 -1.3070E+00
  4.6820E+00  9.0067E+00 -1.2545E+00
  4.5579E+00  8.8773E+00 -1.4545E+00
  4.4230E+00  8.6772E+00 -1.2986E+00
  4.3037E+00  8.6553E+00 -1.1658E+00
  4.1076E+00  8.4990E+00 -1.3106E+00
  4.4004E+00  8.3951E+00 -1.2443E+00
  4.2780E+00  8.4874E+00 -9.6450E-01
  4.2745E+00  8.8171E+00 -7.8185E-01
  4.4416E+00  8.7360E+00 -7.6303E-01
  4.0216E+00  8.2590E+00 -7.9576E-01
  4.5511E+00  8.5493E+00 -5.3296E-01
  4.4662E+00  8.3255E+00 -5.9735E-01
  4.4688E+00  8.0085E+00 -3.8578E-01
  4.7371E+00  7.9029E+00 -3.6603E-01
  4.6266E+00  7.5397E+00 -6.7736E-01
  4.5021E+00  7.4730E+00 -4.4948E-01
  4.8535E+00  7.8375E+00 -3.9573E-01
  4.5994E+00  7.8968E+00 -5.8196E-01
  4.4020E+00  8.2480E+00 -1.4840E-01
  4.1797E+00  8.5601E+00 -3.2358E-01
  4.1658E+00  8.6496E+00 -4.2491E-01
  4.2472E+00  8.4097E+00 -5.5005E-01
  4.0787E+00  8.2516E+00 -6.7142E-01
  3.7343E+00  8.1496E+00 -7.5857E-01
  3.8636E+00  8.1621E+00 -7.2965E-01
  4.1181E+00  7.9978E+00 -1.0507E+00
  3.8517E+00  7.6715E+00 -1.0571E+00
  4.3203E+00  7.9102E+00 -7.2042E-01
  4.3616E+00  8.0101E+00 -5.8232E-01
  4.2983E+00  7.9093E+00 -4.2109E-01
  4.5156E+00  7.8663E+00 -7.3610E-01
  4.5383E+00  7.9871E+00 -5.8159E-01
  4.2469E+00  7.9110E+00 -3.2246E-01
  4.5948E+00  7.8925E+00 -1.9678E-01
  4.7063E+00  7.9192E+00 -3.4316E-01
  4.7897E+00  8.1794E+00 -3.9704E-01
  4.8310E+00  8.4199E+00 -3.5851E-01
  4.8747E+00  8.5114E+00 -7.3073E-01
  4.4947E+00  8.3722E+00 -6.3393E-01
  4.3404E+00  8.4801E+00 -3.7401E-01
  4.1432E+00  8.2220E+00 -7.8849E-01
  3.9621E+00  8.1246E+00 -5.4767E-01
  4.2916E+00  8.3194E+00 -5.6067E-01
  4.3298E+00  8.3953E+00 -5.1135E-01
  4.1061E+00  7.9695E+00 -5.1532E-01
  4.0087E+00  7.6197E+00 -3.7598E-01
  3.9116E+00  7.5137E+00 -3.8483E-01
  4.4904E+00  7.8777E+00 -5.2112E-01
  4.3801E+00  7.9570E+00 -5.0277E-01
  4.1475E+00  7.6190E+00 -5.4227E-01
  4.2193E+00  7.5760E+00 -6.4479E-01
  4.2494E+00  7.6419E+00 -7.1577E-01
  4.4673E+00  7.9437E+00 -6.0695E-01
  4.5209E+00  8.0932E+00 -3.6374E-01
  4.4907E+00  7.9981E+00 -4.0446E-01
  4.5317E+00  8.1678E+00 -5.6366E-01
  4.7291E+00  8.3484E+00 -4.6453E-01
  4.4973E+00  8.1732E+00 -2.3642E-01
  4.4132E+00  8.1909E+00 -1.4630E-01
  4.4807E+00  8.3736E+00 -2.8084E-01
  4.3053E+00  8.2095E+00 -5.1091E-01
  4.1464E+00  8.1300E+00 -4.7961E-01
  3.8888E+00  8.1764E+00 -4.0027E-01
  4.0096E+00  8.2206E+00 -4.6264E-01
  4.2232E+00  8.1089E+00 -4.3656E-01
  4.2145E+00  7.9885E+00 -4.2180E-01
  4.4010E+00  7.8023E+00 -6.0026E-01
  4.6013E+00  7.8533E+00 -3.7905E-01
  4.7984E+00  7.9996E+00 -4.4306E-02
  4.8640E+00  7.9009E+00  2.3261E-01
  4.9528E+00  7.8931E+00 -1.8928E-01
  4.9864E+00  7.9500E+00 -3.9912E-01
  4.7583E+00  8.0371E+00  8.8514E-02
  4.8163E+00  8.1437E+00 -2.4088E-01
  4.6916E+00  8.3055E+00 -2.6992E-01
  4.4900E+00  8.3008E+00 -1.8708E-01
  3.9942E+00  7.7067E+00 -3.5434E-02
  4.5227E+00  8.0021E+00 -2.1119E-01
  4.0914E+00  7.6528E+00  6.9452E-02
  4.3008E+00  8.0257E+00 -2.4019E-01
  4.4582E+00  7.9294E+00 -4.5427E-01
  4.2227E+00  7.7062E+00 -2.4134E-01
  4.1789E+00  7.7093E+00 -4.8585E-02
  4.4996E+00  7.9550E+00 -3.9304E-01
  4.4529E+00  8.1679E+00 -2.7116E-01
  4.4593E+00  7.9422E+00 -2.6809E-01
  4.8920E+00  7.7499E+00 -3.8132E-01
  4.6255E+00  7.4568E+00 -3.5920E-01
  4.2877E+00  7.4400E+00 -3.9174E-01
  4.2462E+00  7.5389E+00 -2.1719E-01
  4.4929E+00  7.5208E+00 -7.6796E-01
  4.2959E+00  7.6243E+00 -5.0528E-01
  4.6113E+00  7.9450E+00 -5.1163E-01
  4.2884E+00  7.5612E+00 -1.0267E+00
  4.4335E+00  8.0363E+00 -7.3464E-01
  3.9852E+00  7.8076E+00 -9.9927E-01
  4.1244E+00  8.1213E+00 -7.7977E-01
  3.8098E+00  7.9529E+00 -6.7981E-01
  3.7391E+00  7.8506E+00 -7.4232E-01
  3.7037E+00  7.8731E+00 -5.4104E-01
  3.6186E+00  7.8852E+00 -5.7875E-01
  3.5825E+00  7.9110E+00 -7.1513E-01
  3.4148E+00  7.5378E+00 -7.3886E-01
  3.4988E+00  7.3496E+00 -9.8981E-01
  3.5785E+00  7.4834E+00 -7.7419E-01
  3.5726E+00  7.4684E+00 -5.0299E-01
  3.4626E+00  7.2668E+00 -3.9133E-01
  3.7328E+00  7.6898E+00 -4.4952E-01
  3.5238E+00  7.8237E+00 -6.2820E-01
  4.0003E+00  8.0709E+00 -6.5018E-01
  4.1746E+00  8.1639E+00 -5.2653E-01
  4.1365E+00  8.1455E+00 -8.4837E-01
  4.1452E+00  8.4799E+00 -7.0999E-01
  4.0067E+00  8.1378E+00 -6.3390E-01
  4.0539E+00  7.8255E+00 -6.6994E-01
  4.0292E+00  7.8638E+00 -4.0068E-01
  3.8602E+00  7.6937E+00 -3.0165E-01
  4.0434E+00  7.9301E+00 -2.0243E-01
  4.0879E+00  7.9966E+00 -3.7003E-02
  3.9613E+00  7.6947E+00 -1.3235E-01
  4.0441E+00  8.0601E+00  1.7065E-01
  4.0839E+00  7.9106E+00  3.9701E-01
  4.1559E+00  7.6572E+00  4.2159E-01
  4.3519E+00  7.6493E+00  4.0187E-01
  4.2947E+00  7.5617E+00  6.9327E-01
  4.2145E+00  7.4331E+00  9.0976E-01
  4.2791E+00  7.6346E+00  1.0549E+00
  4.4632E+00  7.7271E+00  1.0274E+00
  4.6438E+00  7.6540E+00  6.7755E-01
  4.7531E+00  7.8290E+00  4.2816E-01
  4.7853E+00  8.1394E+00  4.7557E-01
  4.9033E+00  8.2062E+00  4.8297E-01
  4.8904E+00  8.3552E+00  5.6055E-01
  4.8413E+00  8.2887E+00  4.8778E-01
  4.8692E+00  7.9365E+00  2.9534E-01
  4.9109E+00  8.4013E+00  7.8973E-01
  4.7798E+00  8.3581E+00  8.1265E-01
  4.7092E+00  8.2664E+00  5.9984E-01
  4.2506E+00  7.6806E+00  1.1004E+00
  4.4674E+00  7.9444E+00  6.7502E-01
  4.1179E+00  7.7926E+00  7.6793E-01
  4.0599E+00  8.0251E+00  6.7216E-01
  3.9238E+00  7.9801E+00  7.4628E-01
  3.9520E+00  7.9312E+00  7.6406E-01
  3.6593E+00  7.6332E+00  6.3600E-01
  4.0557E+00  8.1137E+00  2.1547E-01
  3.5405E+00  7.9621E+00  3.9119E-01
  3.4421E+00  8.1742E+00  1.9600E-01
  3.8262E+00  8.4156E+00  4.4874E-02
  3.4124E+00  8.3696E+00  3.5392E-01
  3.6027E+00  8.6343E+00  6.1436E-01
  4.1060E+00  8.8581E+00  3.5093E-01
  3.8372E+00  8.6768E+00  6.9002E-01
  4.1670E+00  9.2267E+00  7.2486E-01
  4.0235E+00  8.7073E+00  4.7368E-01
  4.1843E+00  8.7596E+00  3.7827E-01
  4.3112E+00  8.8195E+00  4.0085E-01
  4.3468E+00  8.6241E+00  7.0398E-01
  4.5633E+00  8.3647E+00  8.1423E-01
  4.5344E+00  8.4610E+00  8.6365E-01
  4.4596E+00  8.4714E+00  1.0484E+00
  4.2002E+00  8.4236E+00  9.1860E-01
  4.0895E+00  8.3614E+00  6.2937E-01
  4.0419E+00  8.3497E+00  8.0304E-01
  3.9901E+00  7.9789E+00  5.8553E-01
  3.8389E+00  7.6882E+00  6.6084E-01
  4.2471E+00  7.7623E+00  4.0095E-01
  3.8766E+00  7.4594E+00  6.3322E-01
  3.9945E+00  7.6700E+00  9.0149E-01
  3.7235E+00  7.4236E+00  1.0334E+00
  4.0147E+00  7.7752E+00  9.2404E-01
  4.1608E+00  7.7254E+00  6.7185E-01
  4.0041E+00  7.6772E+00  7.8855E-01
  4.1183E+00  8.0247E+00  1.0130E+00
  4.2741E+00  8.0999E+00  8.7249E-01
  4.3829E+00  8.0506E+00  9.3342E-01
  4.5396E+00  7.9968E+00  1.2598E+00
  4.6115E+00  8.0755E+00  1.1392E+00
  4.4672E+00  8.1141E+00  9.3641E-01
  4.6248E+00  8.1578E+00  8.8004E-01
  4.4791E+00  7.9800E+00  7.5313E-01
  4.3497E+00  8.0658E+00  4.9340E-01
  4.2170E+00  8.0858E+00  3.9739E-01
  4.6144E+00  8.2829E+00  3.1108E-01
  4.2122E+00  7.7525E+00  4.3766E-01
  4.4098E+00  8.1578E+00  8.3509E-02
  4.2339E+00  7.9558E+00  1.9602E-01
  4.2186E+00  8.0703E+00  2.5294E-01
  4.1886E+00  8.0598E+00  3.9865E-01
  4.1651E+00  7.8754E+00  8.2366E-01
  4.0520E+00  7.3749E+00  6.5631E-01
  3.6784E+00  7.4164E+00  1.1295E+00
  3.9364E+00  7.5595E+00  8.1055E-01
  3.8519E+00  7.6463E+00  7.0929E-01
  3.6412E+00  7.7512E+00  1.0024E+00
  3.5414E+00  7.4716E+00  9.4987E-01
  3.5708E+00  7.5573E+00  8.1085E-01
  3.6097E+00  7.7812E+00  1.0001E+00
  3.6999E+00  7.8645E+00  7.0739E-01
  3.5946E+00  7.7070E+00  7.4335E-01
  3.6603E+00  7.6339E+00  1.2455E+00
  3.5662E+00  7.2073E+00  8.5104E-01
  3.5935E+00  7.1486E+00  7.8725E-01
  3.4907E+00  7.0222E+00  1.1461E+00
  3.4065E+00  6.5403E+00  6.9421E-01
  3.4404E+00  6.2910E+00  1.2251E+00
  3.6722E+00  5.4093E+00  1.4089E+00
  3.5968E+00  5.3264E+00  1.2924E+00
  3.5820E+00  5.5875E+00  9.2823E-01
  3.6274E+00  5.3106E+00  1.1615E+00
  3.2648E+00  5.5897E+00  1.3280E+00
  3.3109E+00  5.7452E+00  1.5394E+00
