  2.4718E+00  9.5972E+00  4.5809E-01
  2.5016E+00  9.4673E+00 -2.3980E-01
  2.8046E+00  9.3649E+00  4.4824E-01
  2.7925E+00  8.8712E+00  1.0589E+00
  2.5046E+00  8.5322E+00  1.3266E+00
  2.1093E+00  8.7278E+00  1.4151E+00
  1.4982E+00  8.5984E+00  1.4375E+00
  1.4948E+00  8.6014E+00  1.5019E+00
  1.7215E+00  8.7025E+00  1.5807E+00
  1.5323E+00  8.7973E+00  1.5800E+00
  1.3594E+00  8.6669E+00  1.5976E+00
  1.4966E+00  8.6480E+00  1.7079E+00
  1.6757E+00  8.7950E+00  1.6707E+00
  1.5114E+00  8.7801E+00  1.6154E+00
  1.4513E+00  8.6242E+00  1.6245E+00
  1.6273E+00  8.8124E+00  1.6233E+00
  1.5895E+00  8.8352E+00  1.5442E+00
  1.4377E+00  8.7967E+00  1.4465E+00
  1.3865E+00  8.9203E+00  1.4174E+00
  1.5991E+00  9.0060E+00  1.4271E+00
  1.7852E+00  9.1028E+00  1.4043E+00
  1.4477E+00  9.3044E+00  1.0901E+00
  1.3306E+00  9.4066E+00  9.1736E-01
  1.5227E+00  9.2323E+00  1.3184E+00
  1.4565E+00  8.8296E+00  1.2968E+00
  1.0366E+00  8.7960E+00  7.0067E-01
  9.4188E-01  8.8265E+00  7.7372E-01
  1.1069E+00  8.1811E+00  1.1321E+00
  1.4254E+00  8.3768E+00  1.1440E+00
  1.4111E+00  8.3701E+00  6.4080E-01
  1.9182E+00  8.5470E+00  7.8147E-02
  1.8654E+00  8.4469E+00 -3.5276E-02
  1.4308E+00  8.7373E+00  6.9198E-01
  1.3606E+00  8.1789E+00  1.1921E+00
  1.3907E+00  8.2898E+00  1.0652E+00
  1.6619E+00  8.1938E+00  6.5387E-01
  1.7187E+00  8.0188E+00  1.0037E+00
  1.6594E+00  7.8276E+00  1.8000E+00
  1.7175E+00  7.3102E+00  1.9978E+00
  1.7297E+00  7.3628E+00  1.9376E+00
  1.7792E+00  7.7024E+00  1.9135E+00
  1.9922E+00  7.5507E+00  2.1694E+00
  1.9444E+00  7.5111E+00  2.2178E+00
  1.9575E+00  7.4170E+00  2.1429E+00
  2.2249E+00  7.5203E+00  2.5094E+00
  2.2389E+00  7.3276E+00  2.5367E+00
  2.3324E+00  7.3143E+00  2.5500E+00
  2.5649E+00  7.3466E+00  2.8863E+00
  2.6734E+00  7.5023E+00  2.9736E+00
  3.0376E+00  7.5969E+00  3.2489E+00
  3.1174E+00  7.7810E+00  3.2728E+00
  3.6148E+00  7.7919E+00  3.4359E+00
  3.8616E+00  7.8729E+00  3.7261E+00
  3.9335E+00  8.1397E+00  3.7894E+00
  4.3802E+00  8.4034E+00  3.7125E+00
  3.7056E+00  8.4546E+00  3.3319E+00
  3.6962E+00  8.6803E+00  3.2813E+00
  4.6308E+00  8.7714E+00  3.7696E+00
  3.7821E+00  9.2537E+00  3.6576E+00
  3.0885E+00  9.0871E+00  2.9756E+00
  3.3274E+00  9.8465E+00  3.2000E+00
  4.1263E+00  1.0151E+01  3.0140E+00
  3.7466E+00  1.0325E+01  2.6266E+00
  4.1316E+00  1.0225E+01  2.7229E+00
  4.2833E+00  1.0327E+01  2.5998E+00
  4.8997E+00  1.0447E+01  2.3195E+00
  4.5945E+00  1.0601E+01  2.7202E+00
  4.2240E+00  1.0625E+01  2.6724E+00
  4.6206E+00  1.0760E+01  2.4076E+00
  4.4593E+00  1.0428E+01  2.8241E+00
  4.3350E+00  1.0384E+01  2.7015E+00
  4.3601E+00  1.0293E+01  2.3877E+00
  4.7635E+00  1.0305E+01  2.2191E+00
  4.6566E+00  1.0221E+01  2.0237E+00
  4.7290E+00  1.0101E+01  1.9409E+00
  5.1334E+00  1.0284E+01  1.9480E+00
  5.0252E+00  1.0474E+01  1.8070E+00
  5.2788E+00  1.0677E+01  1.7933E+00
  5.3498E+00  1.0888E+01  1.4480E+00
  5.6016E+00  1.1125E+01  1.5760E+00
  5.4184E+00  1.1096E+01  1.8161E+00
  5.2927E+00  1.1004E+01  2.3617E+00
  5.1074E+00  1.1112E+01  2.4143E+00
  4.8454E+00  1.0936E+01  2.6470E+00
  3.9064E+00  1.0284E+01  2.6818E+00
  4.2812E+00  1.0541E+01  2.4311E+00
  3.8071E+00  1.0200E+01  2.3039E+00
  3.6090E+00  1.0091E+01  2.2059E+00
  3.5914E+00  1.0003E+01  2.3859E+00
  3.2857E+00  9.4724E+00  1.8988E+00
  3.4930E+00  9.7129E+00  2.3528E+00
  3.3909E+00  9.5229E+00  2.5872E+00
  4.1015E+00  8.9376E+00  3.2212E+00
  4.2654E+00  9.8472E+00  3.2445E+00
  4.6046E+00  9.6187E+00  3.4128E+00
  4.9277E+00  9.6546E+00  2.8623E+00
  4.8849E+00  9.9334E+00  3.1485E+00
  5.2024E+00  9.6297E+00  2.7603E+00
  5.3309E+00  9.8755E+00  2.9679E+00
  5.1806E+00  9.7810E+00  3.1811E+00
  5.2172E+00  9.3968E+00  3.2819E+00
  5.3354E+00  9.4977E+00  3.1276E+00
  5.7196E+00  9.2576E+00  2.8237E+00
  5.7400E+00  9.2888E+00  3.0752E+00
  5.5849E+00  9.3343E+00  3.5442E+00
  5.9782E+00  9.3907E+00  3.2910E+00
  6.1364E+00  9.1797E+00  3.3707E+00
  5.9128E+00  9.3441E+00  3.5701E+00
  5.8961E+00  9.0730E+00  3.7146E+00
  5.9363E+00  9.0882E+00  3.6799E+00
  5.7810E+00  9.1457E+00  3.8225E+00
  5.6799E+00  9.0838E+00  4.0728E+00
  5.6364E+00  8.8908E+00  4.0899E+00
  5.4635E+00  8.9351E+00  4.2309E+00
  5.3349E+00  9.0152E+00  4.4366E+00
  5.3585E+00  8.9893E+00  4.1283E+00
  5.2281E+00  9.0802E+00  4.4161E+00
  5.1477E+00  8.7763E+00  4.5081E+00
  5.1391E+00  8.5655E+00  4.6308E+00
  5.1043E+00  8.7652E+00  4.6551E+00
  5.0971E+00  8.6700E+00  4.5046E+00
  5.2697E+00  8.6600E+00  4.6529E+00
  5.3055E+00  8.8124E+00  4.7076E+00
  5.4815E+00  8.6077E+00  4.4931E+00
  5.6191E+00  8.8700E+00  4.7180E+00
  5.8968E+00  8.7692E+00  4.4395E+00
  5.9615E+00  8.9372E+00  4.6064E+00
  6.0680E+00  9.1301E+00  4.6418E+00
  5.7353E+00  9.3115E+00  4.3530E+00
  6.2828E+00  9.3489E+00  4.5026E+00
  6.4032E+00  9.3990E+00  4.0550E+00
  6.2991E+00  9.6706E+00  4.1529E+00
  6.3547E+00  9.7114E+00  4.1896E+00
  6.4922E+00  9.6254E+00  4.3250E+00
  6.5891E+00  9.8523E+00  4.7532E+00
  6.3794E+00  9.7323E+00  4.5219E+00
  6.3857E+00  9.9809E+00  4.7382E+00
  6.3503E+00  9.9028E+00  4.7929E+00
  6.5740E+00  9.3616E+00  5.0409E+00
  6.4405E+00  9.8717E+00  5.1583E+00
  6.0784E+00  9.8384E+00  4.9071E+00
  6.3699E+00  9.9677E+00  5.3009E+00
  6.3323E+00  9.8892E+00  5.1360E+00
  6.4313E+00  9.8387E+00  5.1777E+00
  6.3189E+00  1.0086E+01  5.2763E+00
  6.0619E+00  1.0107E+01  4.8630E+00
  6.0476E+00  1.0079E+01  4.7799E+00
  6.2614E+00  9.8662E+00  5.0383E+00
  6.1341E+00  9.9620E+00  4.7972E+00
  5.9048E+00  9.8642E+00  4.4309E+00
  5.6716E+00  9.8406E+00  4.7020E+00
  5.8326E+00  9.5726E+00  4.5607E+00
  5.4247E+00  9.4849E+00  4.6345E+00
  5.1814E+00  9.2824E+00  4.5302E+00
  4.8619E+00  9.3873E+00  4.3706E+00
  4.8181E+00  9.3953E+00  4.2312E+00
  4.9754E+00  9.1698E+00  4.2142E+00
  4.7647E+00  9.5278E+00  4.1736E+00
  5.1369E+00  9.5772E+00  4.0414E+00
  5.1257E+00  1.0063E+01  3.6732E+00
  5.1837E+00  9.6448E+00  3.5914E+00
  4.7598E+00  9.6771E+00  3.6382E+00
  5.1134E+00  8.7139E+00  3.9317E+00
  4.9136E+00  9.2619E+00  4.2239E+00
  5.2255E+00  9.4386E+00  3.9463E+00
  5.1130E+00  9.4654E+00  3.5894E+00
  5.0733E+00  9.0694E+00  4.1445E+00
  5.2843E+00  8.9177E+00  4.1007E+00
  5.6491E+00  8.8512E+00  4.2472E+00
  5.6891E+00  8.9199E+00  4.0957E+00
  5.8335E+00  8.9288E+00  4.6326E+00
  5.8294E+00  8.6851E+00  4.7883E+00
  5.6668E+00  8.9996E+00  4.9772E+00
  5.6434E+00  9.1070E+00  4.7192E+00
  5.9369E+00  8.9256E+00  4.8609E+00
  5.7948E+00  8.8653E+00  4.9174E+00
  5.6320E+00  9.0256E+00  4.6724E+00
  5.6992E+00  9.1287E+00  4.7042E+00
  5.7384E+00  8.8663E+00  4.4791E+00
  5.7392E+00  8.9774E+00  4.5495E+00
  5.6366E+00  9.1248E+00  4.2632E+00
  5.5412E+00  9.0014E+00  4.3364E+00
  5.6738E+00  8.8785E+00  4.2071E+00
  5.6300E+00  9.0199E+00  3.9878E+00
  5.4751E+00  9.0508E+00  3.8188E+00
  5.6431E+00  8.7085E+00  3.9628E+00
  5.7739E+00  9.2091E+00  3.9090E+00
  5.7470E+00  9.1042E+00  4.2166E+00
  5.7630E+00  8.8072E+00  3.9345E+00
  5.7810E+00  9.1093E+00  4.0548E+00
  5.6693E+00  8.7178E+00  4.5309E+00
  5.6826E+00  8.8456E+00  4.5750E+00
  5.5971E+00  8.9153E+00  4.4635E+00
  5.4352E+00  8.8545E+00  4.3724E+00
  5.5020E+00  8.6478E+00  4.6416E+00
  5.3011E+00  8.7387E+00  3.9973E+00
  5.1850E+00  8.9762E+00  4.6816E+00
  5.5425E+00  8.6640E+00  4.3430E+00
  5.5847E+00  8.9624E+00  4.5146E+00
  5.4481E+00  9.0944E+00  4.2778E+00
  5.5868E+00  9.1480E+00  4.2545E+00
  5.5882E+00  9.1102E+00  4.4764E+00
  5.6094E+00  9.1571E+00  4.3040E+00
  5.5807E+00  9.2819E+00  4.5738E+00
  5.1523E+00  9.1825E+00  4.4924E+00
  5.2968E+00  9.2244E+00  4.6619E+00
  5.0943E+00  8.9233E+00  4.4925E+00
  4.9824E+00  9.1515E+00  4.6993E+00
  5.0050E+00  9.2397E+00  4.4035E+00
  5.0785E+00  9.2745E+00  4.3127E+00
  5.3308E+00  9.2234E+00  4.3571E+00
  5.4504E+00  9.2734E+00  4.1309E+00
  5.4513E+00  9.4190E+00  4.0436E+00
  5.7507E+00  9.1540E+00  4.4005E+00
  6.0511E+00  8.7636E+00  4.4599E+00
  6.0620E+00  9.0529E+00  4.5603E+00
  5.8104E+00  9.3680E+00  4.3447E+00
  6.3773E+00  9.3005E+00  4.5160E+00
  6.4508E+00  9.2958E+00  4.6323E+00
  6.3188E+00  9.4086E+00  4.5942E+00
  6.0952E+00  9.5052E+00  4.7871E+00
  6.1960E+00  9.4618E+00  4.7389E+00
  6.3344E+00  9.7150E+00  4.7624E+00
  6.0872E+00  9.5055E+00  4.2465E+00
  6.1131E+00  9.4503E+00  4.3890E+00
  6.0555E+00  9.4692E+00  4.8973E+00
  5.9493E+00  9.3167E+00  4.5493E+00
  6.0790E+00  9.5576E+00  4.5472E+00
  5.8305E+00  9.6758E+00  4.2070E+00
  5.9393E+00  9.6857E+00  4.3428E+00
  5.9800E+00  9.6822E+00  4.2310E+00
  5.8295E+00  9.9084E+00  4.0569E+00
  5.9377E+00  9.9778E+00  3.8931E+00
  6.1658E+00  9.9635E+00  4.0155E+00
  6.3010E+00  9.9865E+00  3.8713E+00
  6.3524E+00  1.0248E+01  3.7970E+00
  6.3644E+00  1.0299E+01  3.6890E+00
  6.3719E+00  1.0270E+01  3.9345E+00
  6.2114E+00  1.0201E+01  4.3470E+00
  6.2048E+00  1.0490E+01  4.3782E+00
  6.2881E+00  1.0664E+01  4.3652E+00
  6.2715E+00  1.0486E+01  4.4669E+00
  6.3793E+00  1.0379E+01  4.5670E+00
  6.1797E+00  1.0554E+01  4.6468E+00
  5.8807E+00  1.0594E+01  4.7317E+00
  5.8405E+00  1.0445E+01  4.6222E+00
  5.7432E+00  1.0217E+01  4.6210E+00
  5.6892E+00  1.0139E+01  4.5597E+00
  5.8796E+00  1.0239E+01  4.3990E+00
  5.9072E+00  1.0349E+01  4.3273E+00
  5.9121E+00  1.0507E+01  4.1720E+00
  6.0470E+00  1.0739E+01  3.8115E+00
  6.0584E+00  1.0780E+01  3.6796E+00
  5.9047E+00  1.0983E+01  4.2603E+00
  5.9486E+00  1.1112E+01  3.7622E+00
  5.8520E+00  1.1203E+01  4.3152E+00
  5.9564E+00  1.1133E+01  4.1819E+00
  5.8455E+00  1.1300E+01  4.4597E+00
  5.7837E+00  1.1215E+01  4.5306E+00
  5.9026E+00  1.0976E+01  4.7281E+00
  6.0251E+00  1.0849E+01  4.7564E+00
  6.0657E+00  1.0793E+01  4.6808E+00
  6.2181E+00  1.0794E+01  4.8266E+00
  6.1320E+00  1.0640E+01  4.9095E+00
  6.1783E+00  1.0427E+01  4.6560E+00
  6.1194E+00  1.0440E+01  4.6403E+00
  6.0966E+00  1.0222E+01  4.4643E+00
  6.0149E+00  1.0213E+01  4.5004E+00
  5.9191E+00  1.0395E+01  4.6816E+00
  6.1568E+00  1.0569E+01  4.3775E+00
  6.2948E+00  1.0560E+01  4.1012E+00
  6.2506E+00  1.0857E+01  4.0085E+00
  6.3967E+00  1.0991E+01  3.6934E+00
  6.0736E+00  1.1170E+01  3.8847E+00
  6.0607E+00  1.1188E+01  3.7586E+00
  6.0796E+00  1.1066E+01  3.9863E+00
  5.9086E+00  1.1134E+01  3.9782E+00
  5.8516E+00  1.1373E+01  3.9034E+00
  5.9871E+00  1.1298E+01  3.8892E+00
  5.9015E+00  1.1404E+01  3.8156E+00
  5.9625E+00  1.1533E+01  3.5743E+00
  6.0259E+00  1.1429E+01  3.9596E+00
  5.7408E+00  1.1201E+01  3.5702E+00
  5.8384E+00  1.1400E+01  3.5294E+00
  5.8817E+00  1.1126E+01  3.8984E+00
  5.7346E+00  1.1147E+01  3.6674E+00
  5.7084E+00  1.1229E+01  3.2684E+00
  6.0152E+00  1.0823E+01  3.2679E+00
  5.9137E+00  1.0930E+01  3.4360E+00
  5.8043E+00  1.1125E+01  3.1262E+00
  5.8302E+00  1.1069E+01  3.3969E+00
  5.8516E+00  1.1244E+01  3.6927E+00
  6.0759E+00  1.0795E+01  3.0576E+00
  6.4063E+00  1.0864E+01  3.1238E+00
  6.4746E+00  1.0467E+01  2.9844E+00
  6.2424E+00  1.0506E+01  2.2997E+00
  6.2840E+00  9.8967E+00  2.7049E+00
  6.4243E+00  1.0009E+01  2.4745E+00
  6.2594E+00  9.9420E+00  2.7588E+00
  6.4459E+00  9.8921E+00  2.6834E+00
  6.5634E+00  1.0105E+01  2.7736E+00
  6.5806E+00  1.0264E+01  2.3825E+00
  6.6783E+00  1.0614E+01  2.1847E+00
  6.8095E+00  1.0756E+01  2.1457E+00
  6.8459E+00  1.0873E+01  1.7038E+00
  6.8753E+00  1.1205E+01  1.2430E+00
  7.1656E+00  1.0649E+01  1.2033E+00
  7.1905E+00  1.0838E+01  9.5957E-01
  7.2369E+00  1.0783E+01  8.9802E-01
  7.4170E+00  1.0760E+01  8.2135E-01
  7.1718E+00  1.0691E+01  4.6646E-01
  7.2360E+00  1.0850E+01  3.7262E-01
  7.1003E+00  1.0742E+01  5.0746E-01
  6.9410E+00  1.1209E+01  4.3633E-01
  7.0458E+00  1.1200E+01  7.4412E-01
  6.8429E+00  1.1363E+01  7.3557E-01
  6.7649E+00  1.1872E+01  6.0031E-01
  6.7582E+00  1.1777E+01  6.5797E-01
  6.7553E+00  1.2244E+01  2.5582E-01
  7.0220E+00  1.1987E+01  3.6229E-01
  6.9942E+00  1.1983E+01  2.2145E-01
  7.1471E+00  1.2285E+01  9.5686E-02
  7.1418E+00  1.2219E+01  9.6485E-02
  6.9335E+00  1.1922E+01  1.2581E-01
  7.3737E+00  1.2128E+01 -2.9257E-02
  7.2333E+00  1.1941E+01 -3.4353E-01
  7.2424E+00  1.1534E+01  7.4413E-02
  7.5767E+00  1.1669E+01  3.7354E-02
  7.5543E+00  1.1475E+01  1.1233E-01
  7.5136E+00  1.1567E+01  2.6558E-01
  7.6491E+00  1.1520E+01  6.4988E-01
  7.6068E+00  1.1420E+01  3.0321E-01
  7.5328E+00  1.1261E+01  1.9966E-01
  7.7537E+00  1.1298E+01  4.2128E-01
  7.8824E+00  1.1165E+01  6.6734E-01
  8.0320E+00  1.1188E+01  6.8773E-01
  8.0936E+00  1.1482E+01  7.9088E-01
  8.0173E+00  1.1642E+01  7.7419E-01
  7.8936E+00  1.1450E+01  5.3436E-01
  7.8493E+00  1.1383E+01  5.7687E-01
  7.7707E+00  1.1183E+01  4.5005E-01
  7.6092E+00  1.1078E+01  5.2015E-01
  7.4544E+00  1.1043E+01  5.8501E-01
  7.2956E+00  1.1460E+01  5.3456E-01
  7.1537E+00  1.1760E+01  5.7163E-01
  6.9906E+00  1.1861E+01  5.2885E-01
  6.9914E+00  1.2130E+01  7.2504E-01
  6.8842E+00  1.2051E+01  7.6597E-01
  6.8995E+00  1.2378E+01  5.3383E-01
  7.1048E+00  1.2533E+01  5.1015E-01
  7.3159E+00  1.2464E+01  5.5408E-01
  7.4567E+00  1.2423E+01  3.9172E-01
  7.3589E+00  1.2114E+01  3.0366E-01
  7.8558E+00  1.2037E+01  3.2914E-01
  7.9328E+00  1.1759E+01  8.7824E-02
  7.9006E+00  1.1578E+01  2.7115E-01
  7.8741E+00  1.1564E+01  2.6839E-01
  7.9288E+00  1.1518E+01 -3.2114E-02
  8.1242E+00  1.1649E+01 -1.1601E-01
  7.8110E+00  1.1507E+01 -2.4867E-02
  8.0078E+00  1.1474E+01 -2.0519E-01
  8.0336E+00  1.1148E+01 -2.8779E-01
  7.9691E+00  1.1043E+01 -1.1171E-01
  7.8922E+00  1.1056E+01 -7.4154E-02
  8.0872E+00  1.1000E+01 -1.6512E-01
  8.1583E+00  1.1019E+01 -1.0873E-01
  8.0580E+00  1.0909E+01 -1.1387E-01
  8.0794E+00  1.0807E+01 -2.3244E-01
  8.1876E+00  1.0885E+01  4.7182E-02
  8.3271E+00  1.0844E+01 -1.1038E-01
  8.2052E+00  1.1115E+01 -2.5291E-01
  8.0611E+00  1.1321E+01 -2.7454E-01
  7.8939E+00  1.1196E+01 -3.9924E-02
  7.9738E+00  1.1057E+01  1.8922E-01
  7.9093E+00  1.1103E+01  3.1599E-01
  7.7490E+00  1.0991E+01  3.7726E-01
  7.6504E+00  1.1065E+01  4.6850E-01
  7.6121E+00  1.1219E+01  4.2823E-01
  7.5296E+00  1.1219E+01  2.4895E-01
  7.5486E+00  1.1402E+01  2.7765E-01
  7.6645E+00  1.1304E+01  3.3863E-02
  7.6566E+00  1.1218E+01  1.8348E-02
  7.5814E+00  1.1038E+01 -1.0952E-01
  7.8028E+00  1.1156E+01  8.7314E-02
  7.6382E+00  1.1263E+01  1.6217E-01
  7.3853E+00  1.1430E+01  1.3613E-01
  7.2962E+00  1.1343E+01  6.9024E-02
  7.2315E+00  1.1522E+01  2.5787E-01
  6.9770E+00  1.1414E+01  3.4905E-02
  6.7620E+00  1.1418E+01  1.5970E-01
  6.7072E+00  1.1329E+01 -4.2085E-02
  6.6004E+00  1.1309E+01  2.9623E-01
  6.4767E+00  1.0989E+01  3.0162E-01
  6.4428E+00  1.0820E+01  3.9926E-01
  6.5078E+00  1.0606E+01  3.5907E-01
  6.5445E+00  1.0599E+01  4.8737E-01
  6.5506E+00  1.0437E+01  7.1207E-01
  6.4915E+00  1.0522E+01  7.4245E-01
  6.7970E+00  1.0744E+01  7.3211E-01
  6.9411E+00  1.0728E+01  6.7544E-01
