  3.4673E+00  8.8793E+00 -4.1701E-01
  2.2888E+00  8.7484E+00  1.0679E+00
  1.4938E+00  8.8623E+00 -1.0067E-01
  1.7676E+00  9.3802E+00  7.7742E-02
  1.9449E+00  9.4480E+00  2.6824E-01
  1.8342E+00  9.2385E+00  2.3786E-02
  2.0861E+00  9.2825E+00  2.2979E-01
  1.8861E+00  9.3350E+00  2.4460E-01
  1.8844E+00  9.3854E+00  2.4677E-01
  1.8693E+00  9.2716E+00  1.8947E-01
  1.7740E+00  9.2119E+00  2.5475E-01
  1.7917E+00  9.3599E+00  4.1243E-01
  1.8860E+00  9.2682E+00  2.5499E-01
  1.9828E+00  9.3021E+00  2.8222E-01
  1.9561E+00  9.2953E+00  3.7268E-01
  2.0919E+00  9.2811E+00  2.6812E-01
  2.2308E+00  9.3338E+00  2.7450E-01
  2.2438E+00  9.2960E+00  2.7472E-01
  2.2786E+00  9.3638E+00  2.8611E-01
  2.4205E+00  9.3405E+00  2.0832E-01
  2.6086E+00  9.3249E+00  1.6142E-01
  2.7473E+00  9.3238E+00  3.2664E-01
  2.6894E+00  9.4872E+00  2.6993E-01
  2.4783E+00  9.3245E+00  1.5620E-01
  2.4302E+00  9.1911E+00  2.0433E-01
  2.4736E+00  9.1633E+00  4.3171E-01
  2.4018E+00  9.0679E+00  4.8626E-01
  2.1501E+00  9.1328E+00  6.0463E-01
  2.6014E+00  8.9096E+00  3.6604E-01
  2.7616E+00  9.0375E+00  6.9402E-01
  3.0387E+00  8.4771E+00  1.0840E+00
  2.6593E+00  8.8772E+00  1.1717E+00
  2.8258E+00  8.8669E+00  1.2482E+00
  2.6536E+00  8.9367E+00  1.0304E+00
  2.8003E+00  8.8114E+00  9.5006E-01
  2.8096E+00  8.8836E+00  1.3459E+00
  2.9417E+00  8.7243E+00  1.5314E+00
  2.8635E+00  8.7062E+00  1.5755E+00
  2.6015E+00  8.4727E+00  1.6244E+00
  2.8017E+00  8.3850E+00  1.6583E+00
  2.9785E+00  8.6048E+00  1.7744E+00
  2.9600E+00  8.6480E+00  1.8067E+00
  3.0095E+00  8.5569E+00  2.0080E+00
  3.0877E+00  8.4010E+00  1.9800E+00
  3.1475E+00  8.5074E+00  1.8410E+00
  3.0978E+00  8.4700E+00  2.0577E+00
  3.1656E+00  8.5161E+00  2.1845E+00
  3.1676E+00  8.4539E+00  2.0598E+00
  3.4782E+00  8.4150E+00  2.0840E+00
  3.4941E+00  8.5159E+00  2.1448E+00
  3.6987E+00  8.6832E+00  2.2144E+00
  3.7432E+00  8.6831E+00  2.2270E+00
  4.0073E+00  8.7269E+00  2.4925E+00
  4.0060E+00  8.8978E+00  2.4886E+00
  3.7014E+00  8.9932E+00  2.5027E+00
  4.0545E+00  9.3943E+00  2.2061E+00
  4.3100E+00  9.6411E+00  2.2953E+00
  4.0810E+00  9.5103E+00  2.5763E+00
  3.8507E+00  9.3100E+00  2.1529E+00
  3.9686E+00  9.8274E+00  2.0011E+00
  3.7635E+00  9.8862E+00  1.7577E+00
  3.8095E+00  9.8757E+00  1.5662E+00
  4.0248E+00  9.7873E+00  1.2462E+00
  4.2903E+00  9.8604E+00  1.2689E+00
  4.2202E+00  9.5187E+00  1.3293E+00
  3.9073E+00  9.5568E+00  1.6159E+00
  4.0798E+00  9.6774E+00  1.6456E+00
  4.7359E+00  1.0016E+01  1.3919E+00
  4.4903E+00  9.6098E+00  1.4426E+00
  4.6136E+00  9.7664E+00  1.4786E+00
  4.4962E+00  9.5464E+00  1.4586E+00
  4.7770E+00  9.5096E+00  1.1691E+00
  4.7359E+00  9.3955E+00  1.0173E+00
  4.9587E+00  9.4246E+00  7.8030E-01
  5.1081E+00  9.5128E+00  6.0587E-01
  4.8896E+00  9.6335E+00  6.1012E-01
  5.2850E+00  9.9995E+00  4.0022E-01
  5.3358E+00  1.0062E+01  4.1817E-01
  5.7874E+00  1.0001E+01  3.1015E-01
  6.0444E+00  1.0268E+01  4.1740E-01
  6.1606E+00  1.0563E+01  6.1691E-01
  5.6054E+00  1.0642E+01  9.3240E-01
  4.8652E+00  1.0094E+01  1.3287E+00
  4.6170E+00  1.0218E+01  1.3417E+00
  4.3096E+00  1.0106E+01  1.2402E+00
  4.2662E+00  9.9611E+00  1.0397E+00
  4.3702E+00  9.9082E+00  9.3642E-01
  4.5579E+00  9.7783E+00  1.0772E+00
  4.2222E+00  9.7076E+00  1.0492E+00
  4.6127E+00  9.5906E+00  1.1936E+00
  4.2659E+00  9.4627E+00  1.0831E+00
  4.2088E+00  9.7005E+00  1.3336E+00
  3.5956E+00  9.7165E+00  2.0340E+00
  3.8997E+00  9.6394E+00  1.7970E+00
  3.8656E+00  9.9297E+00  2.1363E+00
  3.5099E+00  9.7229E+00  2.3552E+00
  3.5534E+00  9.9242E+00  2.4421E+00
  3.7739E+00  1.0110E+01  2.7306E+00
  3.8982E+00  9.7878E+00  2.5077E+00
  3.8862E+00  9.7382E+00  2.4097E+00
  4.0626E+00  9.7912E+00  2.3968E+00
  4.1137E+00  9.7076E+00  2.2699E+00
  4.3807E+00  9.7638E+00  2.3512E+00
  4.5056E+00  9.8931E+00  2.4561E+00
  4.4279E+00  9.7890E+00  2.6917E+00
  4.6877E+00  9.7372E+00  2.5933E+00
  4.9131E+00  9.9773E+00  2.9974E+00
  4.7794E+00  9.9185E+00  2.7591E+00
  4.9093E+00  1.0104E+01  3.2290E+00
  4.6261E+00  9.8326E+00  3.7178E+00
  4.4914E+00  9.8633E+00  3.5159E+00
  4.7690E+00  9.9575E+00  3.2488E+00
  4.6337E+00  9.9644E+00  3.7520E+00
  4.1170E+00  9.5924E+00  4.3952E+00
  3.8408E+00  9.1777E+00  4.5521E+00
  4.0670E+00  9.3321E+00  4.8260E+00
  3.8633E+00  9.5006E+00  4.8987E+00
  3.9221E+00  9.5315E+00  4.9549E+00
  3.9242E+00  9.3983E+00  4.9514E+00
  3.7913E+00  8.8858E+00  5.3855E+00
  4.1484E+00  8.4986E+00  5.6634E+00
  4.2931E+00  8.2141E+00  5.7109E+00
  4.3757E+00  8.1910E+00  5.7183E+00
  4.4200E+00  8.4925E+00  5.5571E+00
  4.4069E+00  8.2771E+00  5.3897E+00
  5.0669E+00  8.2726E+00  5.5957E+00
  5.3166E+00  7.9673E+00  5.5633E+00
  5.8435E+00  7.8239E+00  5.3598E+00
  6.1983E+00  8.4602E+00  5.5076E+00
  5.8751E+00  8.3618E+00  5.5662E+00
  5.6194E+00  9.1128E+00  5.3104E+00
  5.8623E+00  9.2017E+00  5.5172E+00
  6.1336E+00  9.1853E+00  5.5847E+00
  5.9106E+00  9.7655E+00  5.7085E+00
  5.5875E+00  9.9012E+00  5.8787E+00
  6.1545E+00  1.0005E+01  5.9873E+00
  6.0760E+00  9.4186E+00  6.1021E+00
  5.9127E+00  9.6507E+00  6.2132E+00
  5.6167E+00  1.0219E+01  5.8290E+00
  5.4179E+00  9.9475E+00  6.2631E+00
  6.4939E+00  9.6227E+00  6.3399E+00
  6.3340E+00  9.0130E+00  6.4668E+00
  5.9893E+00  9.8241E+00  6.6024E+00
  5.4174E+00  1.0100E+01  6.2621E+00
  5.7079E+00  9.8693E+00  6.6371E+00
  6.1996E+00  9.6596E+00  6.2959E+00
  5.6398E+00  9.5358E+00  6.1255E+00
  4.9268E+00  9.7326E+00  5.7262E+00
  4.7707E+00  9.6162E+00  5.3393E+00
  5.1243E+00  9.0485E+00  5.4297E+00
  5.1657E+00  8.6185E+00  5.4249E+00
  4.7074E+00  9.1258E+00  5.4588E+00
  4.0784E+00  8.8181E+00  4.7564E+00
  4.0086E+00  8.7845E+00  5.3356E+00
  4.6688E+00  8.5171E+00  5.5861E+00
  4.4511E+00  8.6981E+00  5.5163E+00
  3.5981E+00  9.1553E+00  4.8264E+00
  3.4092E+00  8.9693E+00  3.8232E+00
  3.6530E+00  9.6251E+00  4.3022E+00
  3.8557E+00  9.6610E+00  4.3788E+00
  3.8199E+00  9.6558E+00  4.2333E+00
  3.4327E+00  9.1218E+00  3.1883E+00
  4.0703E+00  9.4363E+00  3.1179E+00
  3.7550E+00  9.0769E+00  3.2775E+00
  4.2407E+00  8.4698E+00  4.5493E+00
  5.3229E+00  8.2349E+00  4.4342E+00
  4.9589E+00  7.6452E+00  4.6248E+00
  4.9888E+00  7.9815E+00  5.2446E+00
  5.2538E+00  8.1312E+00  5.5111E+00
  5.3575E+00  8.6464E+00  5.5405E+00
  4.6328E+00  8.5141E+00  5.4440E+00
  5.1424E+00  8.5135E+00  6.1190E+00
  5.8153E+00  7.9332E+00  6.0322E+00
  6.0054E+00  8.1973E+00  5.8653E+00
  4.8791E+00  8.7084E+00  5.9126E+00
  4.4016E+00  8.4669E+00  5.3326E+00
  4.8262E+00  8.1222E+00  5.5706E+00
  5.1641E+00  7.9290E+00  5.4434E+00
  4.8447E+00  8.2542E+00  5.5274E+00
  4.4506E+00  8.7979E+00  5.3109E+00
  4.6839E+00  8.6235E+00  5.3182E+00
  4.4682E+00  8.1957E+00  5.0231E+00
  4.3591E+00  8.9278E+00  4.9428E+00
  4.5293E+00  8.4755E+00  4.8620E+00
  4.4177E+00  8.3159E+00  4.6023E+00
  4.3209E+00  9.3203E+00  4.3496E+00
  4.6572E+00  8.6244E+00  4.7356E+00
  4.4373E+00  8.6228E+00  4.7866E+00
  4.7284E+00  9.5209E+00  4.7666E+00
  4.5288E+00  8.6385E+00  4.7495E+00
  4.2641E+00  8.8195E+00  5.0669E+00
  4.4141E+00  9.0814E+00  5.3544E+00
  4.5593E+00  8.6013E+00  5.5106E+00
  4.5619E+00  8.0914E+00  5.3354E+00
  4.2566E+00  7.9890E+00  5.1775E+00
  4.6889E+00  8.3764E+00  5.3262E+00
  4.2187E+00  8.1058E+00  5.4438E+00
  4.5038E+00  8.7298E+00  5.4335E+00
  4.6404E+00  8.3167E+00  5.4961E+00
  5.1594E+00  8.3424E+00  5.5519E+00
  5.0807E+00  8.5109E+00  5.5234E+00
  4.8089E+00  8.2309E+00  5.4208E+00
  5.4524E+00  8.5136E+00  5.6580E+00
  5.7011E+00  8.2090E+00  5.6258E+00
  5.2493E+00  8.4772E+00  5.8210E+00
  4.3900E+00  8.6375E+00  5.7133E+00
  4.2793E+00  8.9917E+00  5.7587E+00
  4.5081E+00  8.3375E+00  5.8761E+00
  4.5730E+00  8.3074E+00  5.5064E+00
  3.8737E+00  9.2270E+00  5.2172E+00
  3.9129E+00  9.7081E+00  4.1939E+00
  4.1012E+00  9.6179E+00  4.7080E+00
  4.4280E+00  8.8016E+00  4.9622E+00
  4.6195E+00  8.6823E+00  5.2780E+00
  4.9242E+00  9.4210E+00  5.2149E+00
  5.2721E+00  8.4856E+00  5.7120E+00
  6.2764E+00  8.0885E+00  4.9912E+00
  5.9119E+00  8.7035E+00  5.8196E+00
  5.5723E+00  9.2048E+00  5.8538E+00
  5.9643E+00  9.1168E+00  6.0299E+00
  6.0530E+00  8.8884E+00  6.1618E+00
  6.0661E+00  9.0775E+00  6.1907E+00
  6.0499E+00  9.0120E+00  6.0651E+00
  6.1539E+00  9.2409E+00  5.7290E+00
  6.1476E+00  8.7573E+00  5.7272E+00
  5.5463E+00  8.4625E+00  5.8969E+00
  5.1854E+00  9.2219E+00  5.8453E+00
  5.3289E+00  9.2766E+00  5.8242E+00
  5.7136E+00  9.2284E+00  5.6418E+00
  5.3964E+00  9.1537E+00  5.6445E+00
  5.0105E+00  9.3738E+00  5.3432E+00
  5.0248E+00  9.2286E+00  5.1351E+00
  5.2891E+00  9.3836E+00  5.1172E+00
  5.2882E+00  9.1492E+00  4.9314E+00
  5.1533E+00  9.3708E+00  4.6302E+00
  5.2578E+00  9.5192E+00  4.5344E+00
  5.4255E+00  9.4736E+00  4.5315E+00
  5.1618E+00  9.7029E+00  4.6319E+00
  4.7744E+00  9.8788E+00  4.6691E+00
  4.8654E+00  9.9522E+00  4.8128E+00
  4.8699E+00  1.0245E+01  4.6565E+00
  4.8241E+00  1.0835E+01  4.2307E+00
  4.9732E+00  1.0854E+01  4.3031E+00
  4.6750E+00  1.0471E+01  4.6836E+00
  4.5066E+00  1.0037E+01  5.0028E+00
  4.4333E+00  1.0070E+01  5.0117E+00
  4.2500E+00  1.0254E+01  4.8241E+00
  4.3622E+00  9.8521E+00  5.2147E+00
  4.8249E+00  9.5138E+00  5.1956E+00
  4.6805E+00  9.8759E+00  5.0645E+00
  4.5684E+00  1.0152E+01  4.7555E+00
  4.9555E+00  1.0176E+01  4.6854E+00
  4.8328E+00  1.0679E+01  4.5515E+00
  4.5479E+00  1.0412E+01  4.5851E+00
  5.2086E+00  1.0505E+01  4.9265E+00
  4.5113E+00  1.0543E+01  4.5111E+00
  4.4806E+00  1.1130E+01  4.4891E+00
  4.4232E+00  1.0945E+01  4.8105E+00
  4.4226E+00  1.0742E+01  4.9734E+00
  4.4651E+00  1.0537E+01  4.8414E+00
  4.5276E+00  1.0805E+01  4.5902E+00
  4.5784E+00  1.0990E+01  4.5356E+00
  4.7198E+00  1.0959E+01  4.8436E+00
  4.7749E+00  1.1264E+01  4.7064E+00
  4.9103E+00  1.1240E+01  4.7119E+00
  4.6198E+00  1.0497E+01  4.4995E+00
  4.5912E+00  1.0224E+01  4.3857E+00
  4.6365E+00  1.0798E+01  4.6754E+00
  4.4390E+00  1.0662E+01  4.5803E+00
  4.6595E+00  1.0420E+01  4.4675E+00
  4.9224E+00  1.1183E+01  4.0881E+00
  4.8489E+00  1.1328E+01  3.7158E+00
  4.9475E+00  1.1317E+01  3.9504E+00
  4.5693E+00  1.1074E+01  3.8993E+00
  4.7297E+00  1.0838E+01  4.3738E+00
  4.6488E+00  1.1167E+01  4.4498E+00
  4.7311E+00  1.1141E+01  4.9192E+00
  4.9238E+00  1.1044E+01  5.0448E+00
  4.8372E+00  1.1725E+01  4.7653E+00
  5.1867E+00  1.1390E+01  5.1426E+00
  5.6369E+00  1.1211E+01  5.0105E+00
  4.8063E+00  1.1768E+01  4.7783E+00
  4.9873E+00  1.1645E+01  4.7979E+00
  5.0532E+00  1.0958E+01  4.7378E+00
  4.7052E+00  1.1786E+01  4.5707E+00
  4.8435E+00  1.1389E+01  4.8589E+00
  5.2989E+00  1.0890E+01  4.6791E+00
  5.2642E+00  1.1796E+01  4.1409E+00
  4.8998E+00  1.1928E+01  3.9337E+00
  4.8679E+00  1.1524E+01  4.2379E+00
  4.8421E+00  1.1828E+01  4.2456E+00
  4.4942E+00  1.1894E+01  3.6030E+00
  4.8665E+00  1.1334E+01  3.7780E+00
  4.9765E+00  1.1011E+01  3.5779E+00
  5.3685E+00  1.1489E+01  3.0448E+00
  5.6750E+00  1.1128E+01  3.5496E+00
  6.2641E+00  1.1374E+01  3.0059E+00
  6.3437E+00  1.1379E+01  3.0971E+00
  6.3585E+00  1.1421E+01  3.0329E+00
  6.6151E+00  1.1389E+01  2.6270E+00
  6.4786E+00  1.1585E+01  2.5022E+00
  6.5344E+00  1.1700E+01  2.8381E+00
  6.4029E+00  1.1999E+01  2.7103E+00
  6.5231E+00  1.2167E+01  2.5916E+00
  6.6583E+00  1.2154E+01  2.4752E+00
  6.7305E+00  1.1901E+01  2.5718E+00
  7.1536E+00  1.1882E+01  2.0703E+00
  6.9486E+00  1.1888E+01  2.0133E+00
  7.0608E+00  1.1822E+01  1.9763E+00
  7.0834E+00  1.1888E+01  1.7649E+00
  7.0164E+00  1.1773E+01  1.5044E+00
  6.8306E+00  1.1890E+01  1.3858E+00
  6.9093E+00  1.1980E+01  1.3465E+00
  6.5845E+00  1.2019E+01  1.6569E+00
  6.5076E+00  1.2266E+01  1.6643E+00
  6.6218E+00  1.2452E+01  1.7548E+00
  6.5224E+00  1.2535E+01  1.9320E+00
  6.5008E+00  1.2598E+01  1.8957E+00
  6.6105E+00  1.2518E+01  1.7311E+00
  6.6418E+00 -1.2503E+01  1.6381E+00
  6.6058E+00 -1.2409E+01  1.4353E+00
  6.4582E+00 -1.2451E+01  1.3549E+00
  6.4604E+00 -1.2504E+01  1.3548E+00
  6.5890E+00 -1.2354E+01  1.2685E+00
  6.7844E+00 -1.2558E+01  1.2609E+00
  7.3165E+00  1.2288E+01  1.1210E+00
  7.3888E+00 -1.2507E+01  1.0314E+00
  7.2482E+00  1.2246E+01  1.3906E+00
  7.2862E+00  1.2162E+01  1.4274E+00
  7.0813E+00  1.2342E+01  1.4838E+00
  6.8598E+00  1.2369E+01  1.6137E+00
  6.9612E+00  1.2167E+01  1.4420E+00
  7.2814E+00  1.2230E+01  1.3264E+00
  7.2141E+00  1.2143E+01  1.5469E+00
  7.0907E+00  1.2071E+01  1.5749E+00
  7.1001E+00  1.1945E+01  1.5995E+00
  7.0865E+00  1.1944E+01  1.8125E+00
  6.9863E+00  1.1964E+01  1.8255E+00
  7.2250E+00  1.1932E+01  1.7966E+00
  7.1326E+00  1.2097E+01  1.6944E+00
  7.2097E+00  1.2162E+01  1.4488E+00
  7.0793E+00  1.2279E+01  1.2603E+00
  7.1956E+00  1.2175E+01  1.5467E+00
  6.9227E+00 -1.2541E+01  1.3731E+00
  6.6356E+00 -1.2295E+01  1.4079E+00
  6.7273E+00 -1.2097E+01  1.3461E+00
  6.3371E+00 -1.1873E+01  1.3721E+00
  6.2328E+00 -1.2041E+01  1.5576E+00
  6.4033E+00 -1.2082E+01  1.7517E+00
  6.6235E+00 -1.1964E+01  1.7557E+00
  6.6476E+00 -1.1699E+01  1.4235E+00
  7.1019E+00 -1.1559E+01  1.2094E+00
  7.3460E+00 -1.1995E+01  1.3469E+00
  7.3664E+00 -1.2315E+01  1.4779E+00
  7.6349E+00 -1.2305E+01  1.0365E+00
  7.6699E+00 -1.2193E+01  7.0175E-01
  7.5696E+00 -1.2242E+01  7.6384E-01
  7.8406E+00 -1.2293E+01  5.5334E-01
  7.7504E+00 -1.2127E+01  2.2336E-01
  7.6157E+00 -1.2236E+01  3.2265E-01
  7.4626E+00 -1.2398E+01  2.6309E-01
  7.4774E+00  1.2345E+01  4.4110E-01
  7.2380E+00  1.2262E+01  3.8996E-01
  7.1193E+00  1.2291E+01  3.1369E-01
  7.2229E+00  1.2181E+01  1.9593E-01
  7.1984E+00  1.2165E+01  8.8357E-02
  7.3745E+00  1.2221E+01  1.7234E-01
  7.4996E+00  1.2144E+01  1.5281E-01
  7.7183E+00  1.2311E+01  1.8358E-01
  7.6981E+00  1.2183E+01  1.7521E-01
  7.4847E+00  1.2337E+01  2.5723E-01
  7.6444E+00  1.2596E+01  4.1321E-01
  7.7724E+00 -1.2557E+01  3.7469E-01
  7.6989E+00  1.2487E+01  5.7760E-01
  7.5093E+00  1.2405E+01  9.6234E-01
  7.3757E+00  1.2196E+01  1.2023E+00
  7.1000E+00  1.2349E+01  1.0349E+00
  7.0586E+00  1.2498E+01  1.0019E+00
  7.1998E+00  1.2586E+01  7.9118E-01
  7.3052E+00 -1.2308E+01  2.6223E-01
  7.1682E+00 -1.2509E+01  3.6706E-01
  7.3734E+00 -1.2523E+01  2.8523E-01
  7.7699E+00  1.2517E+01  1.0782E-01
  7.7941E+00 -1.2535E+01  2.8633E-02
  7.5937E+00 -1.2428E+01  1.7970E-01
  7.4457E+00 -1.2263E+01  2.1246E-01
  7.4105E+00 -1.2368E+01  2.9552E-01
  7.2221E+00 -1.2182E+01  4.5873E-02
  7.1747E+00 -1.2298E+01  1.9930E-01
  7.1576E+00 -1.2334E+01 -9.4918E-03
  7.0175E+00 -1.2393E+01 -5.1479E-02
  6.9570E+00 -1.2500E+01 -1.7214E-01
  7.0366E+00  1.2286E+01 -2.2442E-01
  6.9351E+00  1.2044E+01 -3.2990E-01
  7.0821E+00  1.1822E+01 -3.2217E-01
  6.8440E+00  1.1765E+01 -4.1981E-01
  7.0474E+00  1.1466E+01 -2.7104E-01
  7.1202E+00  1.1625E+01 -7.0373E-02
  7.1700E+00  1.1799E+01 -2.7767E-01
  7.2713E+00  1.1923E+01 -1.8147E-01
