8.000000E-03 -1.047656E+02
1.600000E-02 -1.492498E+02
2.400000E-02 -2.011673E+02
3.200000E-02 -2.463320E+02
4.000000E-02 -2.652122E+02
4.800000E-02 -2.439493E+02
5.600000E-02 -3.068957E+02
6.400000E-02 -3.204801E+02
7.200000E-02 -2.771952E+02
8.000000E-02 -3.174656E+02
8.800000E-02 -3.785696E+02
9.600000E-02 -3.832818E+02
1.040000E-01 -3.764957E+02
1.120000E-01 -4.075466E+02
1.200000E-01 -4.189439E+02
1.280000E-01 -4.131497E+02
1.360000E-01 -4.079355E+02
1.440000E-01 -4.047103E+02
1.520000E-01 -4.271172E+02
1.600000E-01 -4.686353E+02
1.680000E-01 -4.694963E+02
1.760000E-01 -4.543555E+02
1.840000E-01 -4.632596E+02
1.920000E-01 -4.913810E+02
2.000000E-01 -4.907310E+02
2.080000E-01 -4.837380E+02
2.160000E-01 -5.169699E+02
2.240000E-01 -5.199558E+02
2.320000E-01 -5.274628E+02
2.400000E-01 -5.593702E+02
2.480000E-01 -5.629244E+02
2.560000E-01 -5.598788E+02
2.640000E-01 -5.747634E+02
2.720000E-01 -5.856113E+02
2.800000E-01 -5.951996E+02
2.880000E-01 -6.137482E+02
2.960000E-01 -6.233267E+02
3.040000E-01 -6.276963E+02
3.120000E-01 -6.322651E+02
3.200000E-01 -6.331478E+02
3.280000E-01 -6.450668E+02
3.360000E-01 -6.618303E+02
3.440000E-01 -6.646314E+02
3.520000E-01 -6.771366E+02
3.600000E-01 -6.846746E+02
3.680000E-01 -6.790592E+02
3.760000E-01 -6.848630E+02
3.840000E-01 -6.912865E+02
3.920000E-01 -6.901634E+02
4.000000E-01 -6.946966E+02
4.080000E-01 -6.980446E+02
4.160000E-01 -7.009093E+02
4.240000E-01 -7.053010E+02
4.320000E-01 -7.058417E+02
4.400000E-01 -7.124007E+02
4.480000E-01 -7.166255E+02
4.560000E-01 -7.167789E+02
4.640000E-01 -7.213822E+02
4.720000E-01 -7.237343E+02
4.800000E-01 -7.248227E+02
4.880000E-01 -7.285446E+02
4.960000E-01 -7.305754E+02
5.040000E-01 -7.310410E+02
5.120000E-01 -7.343709E+02
5.200000E-01 -7.367083E+02
5.280000E-01 -7.346401E+02
5.360000E-01 -7.354737E+02
5.440000E-01 -7.396618E+02
5.520000E-01 -7.404921E+02
5.600000E-01 -7.406166E+02
5.680000E-01 -7.436835E+02
5.760000E-01 -7.454038E+02
5.840000E-01 -7.469398E+02
5.920000E-01 -7.480540E+02
6.000000E-01 -7.474080E+02
6.080000E-01 -7.482545E+02
6.160000E-01 -7.499119E+02
6.240000E-01 -7.512611E+02
6.320000E-01 -7.527696E+02
6.400000E-01 -7.543135E+02
6.480000E-01 -7.546858E+02
6.560000E-01 -7.548165E+02
6.640000E-01 -7.546527E+02
6.720000E-01 -7.542478E+02
6.800000E-01 -7.545072E+02
6.880000E-01 -7.553874E+02
6.960000E-01 -7.563991E+02
7.040000E-01 -7.562845E+02
7.120000E-01 -7.565001E+02
7.200000E-01 -7.571372E+02
7.280000E-01 -7.581480E+02
7.360000E-01 -7.596613E+02
7.440000E-01 -7.597918E+02
7.520000E-01 -7.606823E+02
7.600000E-01 -7.616884E+02
7.680000E-01 -7.618334E+02
7.760000E-01 -7.621574E+02
7.840000E-01 -7.613874E+02
7.920000E-01 -7.612274E+02
8.000000E-01 -7.612378E+02
8.080000E-01 -7.605496E+02
8.160000E-01 -7.608945E+02
8.240000E-01 -7.614839E+02
8.320000E-01 -7.610347E+02
8.400000E-01 -7.610217E+02
8.480000E-01 -7.613977E+02
8.560000E-01 -7.613986E+02
8.640000E-01 -7.613262E+02
8.720000E-01 -7.615597E+02
8.800000E-01 -7.614599E+02
8.880000E-01 -7.610241E+02
8.960000E-01 -7.616330E+02
9.040000E-01 -7.619273E+02
9.120000E-01 -7.615980E+02
9.200000E-01 -7.614080E+02
9.280000E-01 -7.608858E+02
9.360000E-01 -7.607285E+02
9.440000E-01 -7.609426E+02
9.520000E-01 -7.615113E+02
9.600000E-01 -7.617946E+02
9.680000E-01 -7.619545E+02
9.760000E-01 -7.617907E+02
9.840000E-01 -7.614450E+02
9.920000E-01 -7.610569E+02
1.000000E+00 -7.603874E+02
1.008000E+00 -7.610656E+02
1.016000E+00 -7.609254E+02
1.024000E+00 -7.611002E+02
1.032000E+00 -7.612830E+02
1.040000E+00 -7.599785E+02
1.048000E+00 -7.590560E+02
1.056000E+00 -7.585453E+02
1.064000E+00 -7.585382E+02
1.072000E+00 -7.587438E+02
1.080000E+00 -7.587808E+02
1.088000E+00 -7.586339E+02
1.096000E+00 -7.585448E+02
1.104000E+00 -7.581807E+02
1.112000E+00 -7.576723E+02
1.120000E+00 -7.567101E+02
1.128000E+00 -7.564280E+02
1.136000E+00 -7.572946E+02
1.144000E+00 -7.558926E+02
1.152000E+00 -7.532682E+02
1.160000E+00 -7.519476E+02
1.168000E+00 -7.505475E+02
1.176000E+00 -7.496493E+02
1.184000E+00 -7.482105E+02
1.192000E+00 -7.452870E+02
1.200000E+00 -7.454858E+02
1.208000E+00 -7.439916E+02
1.216000E+00 -7.408800E+02
1.224000E+00 -7.402378E+02
1.232000E+00 -7.371158E+02
1.240000E+00 -7.344133E+02
1.248000E+00 -7.334485E+02
1.256000E+00 -7.304638E+02
1.264000E+00 -7.282918E+02
1.272000E+00 -7.229639E+02
1.280000E+00 -7.140360E+02
1.288000E+00 -7.146816E+02
1.296000E+00 -7.149451E+02
1.304000E+00 -7.067365E+02
1.312000E+00 -7.010656E+02
1.320000E+00 -7.015025E+02
1.328000E+00 -7.025498E+02
1.336000E+00 -6.949651E+02
1.344000E+00 -6.833048E+02
1.352000E+00 -6.798670E+02
1.360000E+00 -6.785828E+02
1.368000E+00 -6.811578E+02
1.376000E+00 -6.830422E+02
1.384000E+00 -6.697731E+02
1.392000E+00 -6.588576E+02
1.400000E+00 -6.539736E+02
1.408000E+00 -6.323418E+02
1.416000E+00 -6.242208E+02
1.424000E+00 -6.165213E+02
1.432000E+00 -6.141891E+02
1.440000E+00 -6.060477E+02
1.448000E+00 -6.114376E+02
1.456000E+00 -6.124944E+02
1.464000E+00 -6.162365E+02
1.472000E+00 -6.094490E+02
1.480000E+00 -5.838671E+02
1.488000E+00 -5.926561E+02
1.496000E+00 -5.864962E+02
1.504000E+00 -5.876129E+02
1.512000E+00 -5.857495E+02
1.520000E+00 -5.853765E+02
1.528000E+00 -5.814912E+02
1.536000E+00 -5.880962E+02
1.544000E+00 -5.977860E+02
1.552000E+00 -5.925818E+02
1.560000E+00 -5.887252E+02
1.568000E+00 -5.835702E+02
1.576000E+00 -5.792367E+02
1.584000E+00 -5.774484E+02
1.592000E+00 -5.776272E+02
1.600000E+00 -5.793317E+02
1.608000E+00 -5.784640E+02
1.616000E+00 -5.893736E+02
1.624000E+00 -6.009605E+02
1.632000E+00 -5.959102E+02
1.640000E+00 -5.861906E+02
1.648000E+00 -5.867837E+02
1.656000E+00 -5.863430E+02
1.664000E+00 -5.878657E+02
1.672000E+00 -6.041384E+02
1.680000E+00 -6.157128E+02
1.688000E+00 -6.153737E+02
1.696000E+00 -6.160038E+02
1.704000E+00 -6.106232E+02
1.712000E+00 -6.065593E+02
1.720000E+00 -6.178900E+02
1.728000E+00 -6.248333E+02
1.736000E+00 -6.262201E+02
1.744000E+00 -6.308792E+02
1.752000E+00 -6.290746E+02
1.760000E+00 -6.338370E+02
1.768000E+00 -6.454028E+02
1.776000E+00 -6.466774E+02
1.784000E+00 -6.499839E+02
1.792000E+00 -6.576483E+02
1.800000E+00 -6.633104E+02
1.808000E+00 -6.704184E+02
1.816000E+00 -6.773170E+02
1.824000E+00 -6.816291E+02
1.832000E+00 -6.848739E+02
1.840000E+00 -6.898035E+02
1.848000E+00 -6.885616E+02
1.856000E+00 -6.918156E+02
1.864000E+00 -6.984178E+02
1.872000E+00 -6.993072E+02
1.880000E+00 -6.978149E+02
1.888000E+00 -6.993447E+02
1.896000E+00 -7.057951E+02
1.904000E+00 -7.096520E+02
1.912000E+00 -7.068751E+02
1.920000E+00 -7.124058E+02
1.928000E+00 -7.191130E+02
1.936000E+00 -7.221989E+02
1.944000E+00 -7.216366E+02
1.952000E+00 -7.210088E+02
1.960000E+00 -7.227728E+02
1.968000E+00 -7.292184E+02
1.976000E+00 -7.354477E+02
1.984000E+00 -7.328478E+02
1.992000E+00 -7.347951E+02
2.000000E+00 -7.353666E+02
2.008000E+00 -7.344923E+02
2.016000E+00 -7.346953E+02
2.024000E+00 -7.347293E+02
2.032000E+00 -7.357869E+02
2.040000E+00 -7.386243E+02
2.048000E+00 -7.393913E+02
2.056000E+00 -7.392796E+02
2.064000E+00 -7.433680E+02
2.072000E+00 -7.459187E+02
2.080000E+00 -7.491387E+02
2.088000E+00 -7.558156E+02
2.096000E+00 -7.565635E+02
2.104000E+00 -7.547277E+02
2.112000E+00 -7.536590E+02
2.120000E+00 -7.538251E+02
2.128000E+00 -7.575277E+02
2.136000E+00 -7.562094E+02
2.144000E+00 -7.582456E+02
2.152000E+00 -7.637605E+02
2.160000E+00 -7.662793E+02
2.168000E+00 -7.622970E+02
2.176000E+00 -7.579401E+02
2.184000E+00 -7.574298E+02
2.192000E+00 -7.548108E+02
2.200000E+00 -7.602414E+02
2.208000E+00 -7.641304E+02
2.216000E+00 -7.628026E+02
2.224000E+00 -7.633330E+02
2.232000E+00 -7.613001E+02
2.240000E+00 -7.608584E+02
2.248000E+00 -7.625702E+02
2.256000E+00 -7.654649E+02
2.264000E+00 -7.648551E+02
2.272000E+00 -7.650776E+02
2.280000E+00 -7.652694E+02
2.288000E+00 -7.629530E+02
2.296000E+00 -7.630958E+02
2.304000E+00 -7.623078E+02
2.312000E+00 -7.625420E+02
2.320000E+00 -7.649906E+02
2.328000E+00 -7.676121E+02
2.336000E+00 -7.668457E+02
2.344000E+00 -7.657314E+02
2.352000E+00 -7.666684E+02
2.360000E+00 -7.639832E+02
2.368000E+00 -7.618185E+02
2.376000E+00 -7.624479E+02
2.384000E+00 -7.642423E+02
2.392000E+00 -7.659741E+02
2.400000E+00 -7.658551E+02
2.408000E+00 -7.691430E+02
2.416000E+00 -7.664664E+02
2.424000E+00 -7.637221E+02
2.432000E+00 -7.640980E+02
2.440000E+00 -7.623616E+02
2.448000E+00 -7.640057E+02
2.456000E+00 -7.637307E+02
2.464000E+00 -7.633266E+02
2.472000E+00 -7.604227E+02
2.480000E+00 -7.570778E+02
2.488000E+00 -7.598679E+02
2.496000E+00 -7.600480E+02
2.504000E+00 -7.597328E+02
2.512000E+00 -7.567909E+02
2.520000E+00 -7.543701E+02
2.528000E+00 -7.549870E+02
2.536000E+00 -7.469817E+02
2.544000E+00 -7.461623E+02
2.552000E+00 -7.532075E+02
2.560000E+00 -7.494837E+02
2.568000E+00 -7.440712E+02
2.576000E+00 -7.452578E+02
2.584000E+00 -7.386164E+02
2.592000E+00 -7.328576E+02
2.600000E+00 -7.314090E+02
2.608000E+00 -7.329317E+02
2.616000E+00 -7.475009E+02
2.624000E+00 -7.477605E+02
2.632000E+00 -7.381506E+02
2.640000E+00 -7.338117E+02
2.648000E+00 -7.265294E+02
2.656000E+00 -7.282461E+02
2.664000E+00 -7.281836E+02
2.672000E+00 -7.251818E+02
2.680000E+00 -7.251222E+02
2.688000E+00 -7.294620E+02
2.696000E+00 -7.259045E+02
2.704000E+00 -7.257499E+02
2.712000E+00 -7.254967E+02
2.720000E+00 -7.155435E+02
2.728000E+00 -7.130971E+02
2.736000E+00 -7.059253E+02
2.744000E+00 -7.008158E+02
2.752000E+00 -6.886203E+02
2.760000E+00 -6.854419E+02
2.768000E+00 -6.910662E+02
2.776000E+00 -6.894175E+02
2.784000E+00 -6.843024E+02
2.792000E+00 -6.800814E+02
2.800000E+00 -6.838947E+02
2.808000E+00 -6.851104E+02
2.816000E+00 -6.912009E+02
2.824000E+00 -6.779740E+02
2.832000E+00 -6.734125E+02
2.840000E+00 -6.762529E+02
2.848000E+00 -6.613889E+02
2.856000E+00 -6.560686E+02
2.864000E+00 -6.590587E+02
2.872000E+00 -6.619327E+02
2.880000E+00 -6.672538E+02
2.888000E+00 -6.571052E+02
2.896000E+00 -6.613395E+02
2.904000E+00 -6.680764E+02
2.912000E+00 -6.522918E+02
2.920000E+00 -6.568211E+02
2.928000E+00 -6.585324E+02
2.936000E+00 -6.460328E+02
2.944000E+00 -6.655993E+02
2.952000E+00 -6.641949E+02
2.960000E+00 -6.568830E+02
2.968000E+00 -6.696357E+02
2.976000E+00 -6.605960E+02
2.984000E+00 -6.450055E+02
2.992000E+00 -6.579650E+02
3.000000E+00 -6.586802E+02
3.008000E+00 -6.393287E+02
3.016000E+00 -6.528510E+02
3.024000E+00 -6.582887E+02
3.032000E+00 -6.541516E+02
3.040000E+00 -6.574260E+02
3.048000E+00 -6.637769E+02
3.056000E+00 -6.490319E+02
3.064000E+00 -6.427488E+02
3.072000E+00 -6.478727E+02
3.080000E+00 -6.458964E+02
3.088000E+00 -6.535733E+02
3.096000E+00 -6.520158E+02
3.104000E+00 -6.490691E+02
3.112000E+00 -6.535365E+02
3.120000E+00 -6.663935E+02
3.128000E+00 -6.722643E+02
3.136000E+00 -6.634481E+02
3.144000E+00 -6.518681E+02
3.152000E+00 -6.577788E+02
3.160000E+00 -6.713602E+02
3.168000E+00 -6.706673E+02
3.176000E+00 -6.674924E+02
3.184000E+00 -6.699638E+02
3.192000E+00 -6.705930E+02
3.200000E+00 -6.650923E+02
3.208000E+00 -6.678925E+02
3.216000E+00 -6.795653E+02
3.224000E+00 -6.755996E+02
3.232000E+00 -6.807336E+02
3.240000E+00 -6.904898E+02
3.248000E+00 -7.001379E+02
3.256000E+00 -6.934296E+02
3.264000E+00 -6.930091E+02
3.272000E+00 -7.051712E+02
3.280000E+00 -7.031169E+02
3.288000E+00 -7.077733E+02
3.296000E+00 -7.229797E+02
3.304000E+00 -7.232002E+02
3.312000E+00 -7.139289E+02
3.320000E+00 -7.106403E+02
3.328000E+00 -7.079185E+02
3.336000E+00 -7.063368E+02
3.344000E+00 -7.173857E+02
3.352000E+00 -7.261607E+02
3.360000E+00 -7.169959E+02
3.368000E+00 -7.157925E+02
3.376000E+00 -7.152459E+02
3.384000E+00 -7.156120E+02
3.392000E+00 -7.153736E+02
3.400000E+00 -7.271582E+02
3.408000E+00 -7.293612E+02
3.416000E+00 -7.310243E+02
3.424000E+00 -7.396239E+02
3.432000E+00 -7.367846E+02
3.440000E+00 -7.407986E+02
3.448000E+00 -7.326600E+02
3.456000E+00 -7.304229E+02
3.464000E+00 -7.362243E+02
3.472000E+00 -7.279034E+02
3.480000E+00 -7.307518E+02
3.488000E+00 -7.330128E+02
3.496000E+00 -7.383642E+02
3.504000E+00 -7.472522E+02
3.512000E+00 -7.468739E+02
3.520000E+00 -7.580251E+02
3.528000E+00 -7.579042E+02
3.536000E+00 -7.490345E+02
3.544000E+00 -7.529938E+02
3.552000E+00 -7.554316E+02
3.560000E+00 -7.546295E+02
3.568000E+00 -7.494878E+02
3.576000E+00 -7.527848E+02
3.584000E+00 -7.573434E+02
3.592000E+00 -7.599053E+02
3.600000E+00 -7.608393E+02
3.608000E+00 -7.541377E+02
3.616000E+00 -7.503829E+02
3.624000E+00 -7.537449E+02
3.632000E+00 -7.578576E+02
3.640000E+00 -7.529387E+02
3.648000E+00 -7.537792E+02
3.656000E+00 -7.614099E+02
3.664000E+00 -7.613786E+02
3.672000E+00 -7.586242E+02
3.680000E+00 -7.581314E+02
3.688000E+00 -7.537590E+02
3.696000E+00 -7.536504E+02
3.704000E+00 -7.588770E+02
3.712000E+00 -7.556728E+02
3.720000E+00 -7.555103E+02
3.728000E+00 -7.599455E+02
3.736000E+00 -7.632958E+02
3.744000E+00 -7.599956E+02
3.752000E+00 -7.560977E+02
3.760000E+00 -7.570017E+02
3.768000E+00 -7.551239E+02
3.776000E+00 -7.562101E+02
3.784000E+00 -7.555699E+02
3.792000E+00 -7.561292E+02
3.800000E+00 -7.576050E+02
3.808000E+00 -7.621561E+02
3.816000E+00 -7.625949E+02
3.824000E+00 -7.570568E+02
3.832000E+00 -7.538271E+02
3.840000E+00 -7.534738E+02
3.848000E+00 -7.537384E+02
3.856000E+00 -7.506855E+02
3.864000E+00 -7.551959E+02
3.872000E+00 -7.535789E+02
3.880000E+00 -7.469444E+02
3.888000E+00 -7.524433E+02
3.896000E+00 -7.547258E+02
3.904000E+00 -7.533568E+02
3.912000E+00 -7.561642E+02
3.920000E+00 -7.520075E+02
3.928000E+00 -7.453535E+02
3.936000E+00 -7.460323E+02
3.944000E+00 -7.473637E+02
3.952000E+00 -7.463818E+02
3.960000E+00 -7.483306E+02
3.968000E+00 -7.417773E+02
3.976000E+00 -7.453062E+02
3.984000E+00 -7.445013E+02
3.992000E+00 -7.335978E+02
4.000000E+00 -7.317940E+02
4.008000E+00 -7.404746E+02
4.016000E+00 -7.383298E+02
4.024000E+00 -7.293829E+02
4.032000E+00 -7.326185E+02
4.040000E+00 -7.381799E+02
4.048000E+00 -7.415030E+02
4.056000E+00 -7.397398E+02
4.064000E+00 -7.342416E+02
4.072000E+00 -7.423496E+02
4.080000E+00 -7.344166E+02
4.088000E+00 -7.228469E+02
4.096000E+00 -7.218088E+02
4.104000E+00 -7.221979E+02
4.112000E+00 -7.309175E+02
4.120000E+00 -7.275996E+02
4.128000E+00 -7.170039E+02
4.136000E+00 -7.227463E+02
4.144000E+00 -7.229904E+02
4.152000E+00 -7.213018E+02
4.160000E+00 -7.123009E+02
4.168000E+00 -6.949637E+02
4.176000E+00 -6.942177E+02
4.184000E+00 -7.060473E+02
4.192000E+00 -7.064233E+02
4.200000E+00 -7.029470E+02
4.208000E+00 -7.054315E+02
4.216000E+00 -7.060428E+02
4.224000E+00 -7.041803E+02
4.232000E+00 -6.902972E+02
4.240000E+00 -6.882259E+02
4.248000E+00 -6.882151E+02
4.256000E+00 -6.854729E+02
4.264000E+00 -6.831842E+02
4.272000E+00 -6.776111E+02
4.280000E+00 -6.767248E+02
4.288000E+00 -6.766239E+02
4.296000E+00 -6.812407E+02
4.304000E+00 -6.831295E+02
4.312000E+00 -6.715825E+02
4.320000E+00 -6.595829E+02
4.328000E+00 -6.678114E+02
4.336000E+00 -6.868399E+02
4.344000E+00 -6.925479E+02
4.352000E+00 -6.872598E+02
4.360000E+00 -6.834572E+02
4.368000E+00 -6.771188E+02
4.376000E+00 -6.714441E+02
4.384000E+00 -6.572448E+02
4.392000E+00 -6.536308E+02
4.400000E+00 -6.532520E+02
4.408000E+00 -6.612029E+02
4.416000E+00 -6.763495E+02
4.424000E+00 -6.713674E+02
4.432000E+00 -6.661830E+02
4.440000E+00 -6.605450E+02
4.448000E+00 -6.537206E+02
4.456000E+00 -6.555242E+02
4.464000E+00 -6.725511E+02
4.472000E+00 -6.681038E+02
4.480000E+00 -6.527109E+02
4.488000E+00 -6.587861E+02
4.496000E+00 -6.704658E+02
4.504000E+00 -6.664975E+02
4.512000E+00 -6.660081E+02
4.520000E+00 -6.561163E+02
4.528000E+00 -6.502751E+02
4.536000E+00 -6.757765E+02
4.544000E+00 -6.806968E+02
4.552000E+00 -6.654699E+02
4.560000E+00 -6.733546E+02
4.568000E+00 -6.645669E+02
4.576000E+00 -6.634900E+02
4.584000E+00 -6.769290E+02
4.592000E+00 -6.690678E+02
4.600000E+00 -6.929778E+02
4.608000E+00 -6.907194E+02
4.616000E+00 -6.774629E+02
4.624000E+00 -6.847330E+02
4.632000E+00 -6.958691E+02
4.640000E+00 -6.991817E+02
4.648000E+00 -6.994490E+02
4.656000E+00 -6.988000E+02
4.664000E+00 -6.998418E+02
4.672000E+00 -7.063012E+02
4.680000E+00 -7.115129E+02
4.688000E+00 -7.050272E+02
4.696000E+00 -7.079143E+02
4.704000E+00 -7.220727E+02
4.712000E+00 -7.122219E+02
4.720000E+00 -7.120389E+02
4.728000E+00 -7.084783E+02
4.736000E+00 -7.060128E+02
4.744000E+00 -7.126547E+02
4.752000E+00 -7.174204E+02
4.760000E+00 -7.200591E+02
4.768000E+00 -7.167351E+02
4.776000E+00 -7.300459E+02
4.784000E+00 -7.319505E+02
4.792000E+00 -7.144964E+02
4.800000E+00 -7.254237E+02
4.808000E+00 -7.332162E+02
4.816000E+00 -7.339866E+02
4.824000E+00 -7.271105E+02
4.832000E+00 -7.246622E+02
4.840000E+00 -7.352834E+02
4.848000E+00 -7.359009E+02
4.856000E+00 -7.371015E+02
4.864000E+00 -7.322276E+02
4.872000E+00 -7.271447E+02
4.880000E+00 -7.347755E+02
4.888000E+00 -7.423045E+02
4.896000E+00 -7.363600E+02
4.904000E+00 -7.297304E+02
4.912000E+00 -7.397093E+02
4.920000E+00 -7.365989E+02
4.928000E+00 -7.297839E+02
4.936000E+00 -7.299759E+02
4.944000E+00 -7.247842E+02
4.952000E+00 -7.289116E+02
4.960000E+00 -7.352726E+02
4.968000E+00 -7.462047E+02
4.976000E+00 -7.423033E+02
4.984000E+00 -7.312667E+02
4.992000E+00 -7.357514E+02
5.000000E+00 -7.382217E+02
5.008000E+00 -7.445187E+02
5.016000E+00 -7.456880E+02
5.024000E+00 -7.472600E+02
5.032000E+00 -7.494597E+02
5.040000E+00 -7.479759E+02
5.048000E+00 -7.518382E+02
5.056000E+00 -7.448329E+02
5.064000E+00 -7.461724E+02
5.072000E+00 -7.524671E+02
5.080000E+00 -7.405092E+02
5.088000E+00 -7.462693E+02
5.096000E+00 -7.482594E+02
5.104000E+00 -7.596431E+02
5.112000E+00 -7.611475E+02
5.120000E+00 -7.503135E+02
5.128000E+00 -7.608610E+02
5.136000E+00 -7.530482E+02
5.144000E+00 -7.487618E+02
5.152000E+00 -7.461505E+02
5.160000E+00 -7.403242E+02
5.168000E+00 -7.514622E+02
5.176000E+00 -7.478976E+02
5.184000E+00 -7.406434E+02
5.192000E+00 -7.434336E+02
5.200000E+00 -7.500012E+02
5.208000E+00 -7.512029E+02
5.216000E+00 -7.457422E+02
5.224000E+00 -7.499778E+02
5.232000E+00 -7.452193E+02
5.240000E+00 -7.450771E+02
5.248000E+00 -7.503630E+02
5.256000E+00 -7.486427E+02
5.264000E+00 -7.457656E+02
5.272000E+00 -7.443070E+02
5.280000E+00 -7.503005E+02
5.288000E+00 -7.447031E+02
5.296000E+00 -7.384515E+02
5.304000E+00 -7.485599E+02
5.312000E+00 -7.516941E+02
5.320000E+00 -7.402834E+02
5.328000E+00 -7.402766E+02
5.336000E+00 -7.465835E+02
5.344000E+00 -7.377505E+02
5.352000E+00 -7.342106E+02
5.360000E+00 -7.370694E+02
5.368000E+00 -7.409837E+02
5.376000E+00 -7.382024E+02
5.384000E+00 -7.337255E+02
5.392000E+00 -7.353942E+02
5.400000E+00 -7.305707E+02
5.408000E+00 -7.233245E+02
5.416000E+00 -7.338476E+02
5.424000E+00 -7.312113E+02
5.432000E+00 -7.189857E+02
5.440000E+00 -7.163323E+02
5.448000E+00 -7.234376E+02
5.456000E+00 -7.240098E+02
5.464000E+00 -7.177529E+02
5.472000E+00 -7.189870E+02
5.480000E+00 -7.144385E+02
5.488000E+00 -7.084446E+02
5.496000E+00 -7.117361E+02
5.504000E+00 -7.134537E+02
5.512000E+00 -7.195722E+02
5.520000E+00 -7.188660E+02
5.528000E+00 -7.112283E+02
5.536000E+00 -7.037283E+02
5.544000E+00 -7.109174E+02
5.552000E+00 -7.218164E+02
5.560000E+00 -7.131150E+02
5.568000E+00 -7.127888E+02
5.576000E+00 -7.143300E+02
5.584000E+00 -7.073694E+02
5.592000E+00 -7.115770E+02
5.600000E+00 -7.091796E+02
5.608000E+00 -7.096872E+02
5.616000E+00 -7.129009E+02
5.624000E+00 -7.174131E+02
5.632000E+00 -7.165067E+02
5.640000E+00 -7.092376E+02
5.648000E+00 -7.093700E+02
5.656000E+00 -7.046008E+02
5.664000E+00 -6.951951E+02
5.672000E+00 -6.963692E+02
5.680000E+00 -6.962357E+02
5.688000E+00 -6.937696E+02
5.696000E+00 -6.906751E+02
5.704000E+00 -6.828219E+02
5.712000E+00 -6.832981E+02
5.720000E+00 -6.890571E+02
5.728000E+00 -6.847829E+02
5.736000E+00 -6.884913E+02
5.744000E+00 -6.769675E+02
5.752000E+00 -6.808967E+02
5.760000E+00 -6.955288E+02
5.768000E+00 -6.865366E+02
5.776000E+00 -6.816244E+02
5.784000E+00 -6.968285E+02
5.792000E+00 -7.089759E+02
5.800000E+00 -6.938617E+02
5.808000E+00 -6.878026E+02
5.816000E+00 -6.874664E+02
5.824000E+00 -6.872760E+02
5.832000E+00 -6.909464E+02
5.840000E+00 -6.962953E+02
5.848000E+00 -7.148290E+02
5.856000E+00 -6.948127E+02
5.864000E+00 -6.828809E+02
5.872000E+00 -6.925443E+02
5.880000E+00 -6.900627E+02
5.888000E+00 -6.930241E+02
5.896000E+00 -6.963104E+02
5.904000E+00 -6.923761E+02
5.912000E+00 -6.950700E+02
5.920000E+00 -6.886865E+02
5.928000E+00 -6.925630E+02
5.936000E+00 -7.024706E+02
5.944000E+00 -7.101574E+02
5.952000E+00 -7.065442E+02
5.960000E+00 -6.826371E+02
5.968000E+00 -7.070413E+02
5.976000E+00 -7.186466E+02
5.984000E+00 -7.038905E+02
5.992000E+00 -7.028038E+02
6.000000E+00 -7.031292E+02
6.008000E+00 -7.153537E+02
6.016000E+00 -7.175759E+02
6.024000E+00 -7.070242E+02
6.032000E+00 -7.219403E+02
6.040000E+00 -7.263053E+02
6.048000E+00 -7.145703E+02
6.056000E+00 -7.138154E+02
6.064000E+00 -7.297897E+02
6.072000E+00 -7.307979E+02
6.080000E+00 -7.184612E+02
6.088000E+00 -7.285643E+02
6.096000E+00 -7.423148E+02
6.104000E+00 -7.426638E+02
6.112000E+00 -7.386373E+02
6.120000E+00 -7.387499E+02
6.128000E+00 -7.428948E+02
6.136000E+00 -7.360976E+02
6.144000E+00 -7.366624E+02
6.152000E+00 -7.513134E+02
6.160000E+00 -7.482851E+02
6.168000E+00 -7.454682E+02
6.176000E+00 -7.542729E+02
6.184000E+00 -7.465097E+02
6.192000E+00 -7.453226E+02
6.200000E+00 -7.579431E+02
6.208000E+00 -7.461326E+02
6.216000E+00 -7.416064E+02
6.224000E+00 -7.593280E+02
6.232000E+00 -7.643898E+02
6.240000E+00 -7.442151E+02
6.248000E+00 -7.509656E+02
6.256000E+00 -7.586980E+02
6.264000E+00 -7.509251E+02
6.272000E+00 -7.541555E+02
6.280000E+00 -7.496215E+02
6.288000E+00 -7.544202E+02
6.296000E+00 -7.543257E+02
6.304000E+00 -7.420943E+02
6.312000E+00 -7.555053E+02
6.320000E+00 -7.603335E+02
6.328000E+00 -7.496261E+02
6.336000E+00 -7.493312E+02
6.344000E+00 -7.590493E+02
6.352000E+00 -7.593835E+02
6.360000E+00 -7.556330E+02
6.368000E+00 -7.619810E+02
6.376000E+00 -7.606108E+02
6.384000E+00 -7.543813E+02
6.392000E+00 -7.663778E+02
6.400000E+00 -7.702011E+02
6.408000E+00 -7.683372E+02
6.416000E+00 -7.712055E+02
6.424000E+00 -7.593892E+02
6.432000E+00 -7.639116E+02
6.440000E+00 -7.674344E+02
6.448000E+00 -7.639521E+02
6.456000E+00 -7.618611E+02
6.464000E+00 -7.717199E+02
6.472000E+00 -7.775754E+02
6.480000E+00 -7.751632E+02
6.488000E+00 -7.736551E+02
6.496000E+00 -7.734951E+02
6.504000E+00 -7.691078E+02
6.512000E+00 -7.685164E+02
6.520000E+00 -7.680327E+02
6.528000E+00 -7.669818E+02
6.536000E+00 -7.701199E+02
6.544000E+00 -7.597664E+02
6.552000E+00 -7.633331E+02
6.560000E+00 -7.708839E+02
6.568000E+00 -7.619402E+02
6.576000E+00 -7.635057E+02
6.584000E+00 -7.671551E+02
6.592000E+00 -7.681677E+02
6.600000E+00 -7.682137E+02
6.608000E+00 -7.648024E+02
6.616000E+00 -7.621149E+02
6.624000E+00 -7.663046E+02
6.632000E+00 -7.565623E+02
6.640000E+00 -7.582370E+02
6.648000E+00 -7.617643E+02
6.656000E+00 -7.554775E+02
6.664000E+00 -7.538165E+02
6.672000E+00 -7.511610E+02
6.680000E+00 -7.584096E+02
6.688000E+00 -7.470060E+02
6.696000E+00 -7.596323E+02
6.704000E+00 -7.666894E+02
6.712000E+00 -7.528705E+02
6.720000E+00 -7.621600E+02
6.728000E+00 -7.582881E+02
6.736000E+00 -7.448651E+02
6.744000E+00 -7.441217E+02
6.752000E+00 -7.499330E+02
6.760000E+00 -7.455763E+02
6.768000E+00 -7.496114E+02
6.776000E+00 -7.540306E+02
6.784000E+00 -7.432906E+02
6.792000E+00 -7.367813E+02
6.800000E+00 -7.419452E+02
6.808000E+00 -7.368348E+02
6.816000E+00 -7.267765E+02
6.824000E+00 -7.321866E+02
6.832000E+00 -7.305715E+02
6.840000E+00 -7.357590E+02
6.848000E+00 -7.400671E+02
6.856000E+00 -7.320387E+02
6.864000E+00 -7.394801E+02
6.872000E+00 -7.332861E+02
6.880000E+00 -7.228004E+02
6.888000E+00 -7.186037E+02
6.896000E+00 -7.219248E+02
6.904000E+00 -7.355973E+02
6.912000E+00 -7.341229E+02
6.920000E+00 -7.276922E+02
6.928000E+00 -7.225321E+02
6.936000E+00 -7.347603E+02
6.944000E+00 -7.285918E+02
6.952000E+00 -7.243521E+02
6.960000E+00 -7.359394E+02
6.968000E+00 -7.243034E+02
6.976000E+00 -7.195489E+02
6.984000E+00 -7.139790E+02
6.992000E+00 -7.233623E+02
7.000000E+00 -7.296922E+02
7.008000E+00 -7.145213E+02
7.016000E+00 -7.046174E+02
7.024000E+00 -7.072919E+02
7.032000E+00 -7.127482E+02
7.040000E+00 -7.096861E+02
7.048000E+00 -7.079852E+02
7.056000E+00 -7.092993E+02
7.064000E+00 -6.927387E+02
7.072000E+00 -6.828518E+02
7.080000E+00 -7.013619E+02
7.088000E+00 -7.146624E+02
7.096000E+00 -6.939892E+02
7.104000E+00 -6.949766E+02
7.112000E+00 -6.868995E+02
7.120000E+00 -6.727107E+02
7.128000E+00 -7.045519E+02
7.136000E+00 -7.047786E+02
7.144000E+00 -6.925982E+02
7.152000E+00 -6.871337E+02
7.160000E+00 -6.932255E+02
7.168000E+00 -6.977253E+02
7.176000E+00 -6.945536E+02
7.184000E+00 -7.003302E+02
7.192000E+00 -7.041242E+02
7.200000E+00 -6.945354E+02
7.208000E+00 -6.862498E+02
7.216000E+00 -6.809830E+02
7.224000E+00 -6.820007E+02
7.232000E+00 -6.893253E+02
7.240000E+00 -6.877550E+02
7.248000E+00 -6.856833E+02
7.256000E+00 -6.924170E+02
7.264000E+00 -6.973433E+02
7.272000E+00 -6.909842E+02
7.280000E+00 -6.852494E+02
7.288000E+00 -6.813391E+02
7.296000E+00 -6.901711E+02
7.304000E+00 -6.978454E+02
7.312000E+00 -7.042247E+02
7.320000E+00 -7.135364E+02
7.328000E+00 -7.071213E+02
7.336000E+00 -7.126846E+02
7.344000E+00 -7.149644E+02
7.352000E+00 -7.095321E+02
7.360000E+00 -7.008696E+02
7.368000E+00 -6.964022E+02
7.376000E+00 -7.225343E+02
7.384000E+00 -7.256691E+02
7.392000E+00 -7.195445E+02
7.400000E+00 -7.116615E+02
7.408000E+00 -7.077845E+02
7.416000E+00 -7.203688E+02
7.424000E+00 -7.197066E+02
7.432000E+00 -7.099027E+02
7.440000E+00 -7.131073E+02
7.448000E+00 -7.257149E+02
7.456000E+00 -7.245475E+02
7.464000E+00 -7.152106E+02
7.472000E+00 -7.151820E+02
7.480000E+00 -7.273302E+02
7.488000E+00 -7.402199E+02
7.496000E+00 -7.308879E+02
7.504000E+00 -7.252160E+02
7.512000E+00 -7.241043E+02
7.520000E+00 -7.221376E+02
7.528000E+00 -7.357855E+02
7.536000E+00 -7.371432E+02
7.544000E+00 -7.206316E+02
7.552000E+00 -7.271732E+02
7.560000E+00 -7.512954E+02
7.568000E+00 -7.455329E+02
7.576000E+00 -7.397023E+02
7.584000E+00 -7.381905E+02
7.592000E+00 -7.339747E+02
7.600000E+00 -7.460491E+02
7.608000E+00 -7.455748E+02
7.616000E+00 -7.410177E+02
7.624000E+00 -7.387388E+02
7.632000E+00 -7.440385E+02
7.640000E+00 -7.439198E+02
7.648000E+00 -7.531259E+02
7.656000E+00 -7.530447E+02
7.664000E+00 -7.453455E+02
7.672000E+00 -7.513097E+02
7.680000E+00 -7.496977E+02
7.688000E+00 -7.572413E+02
7.696000E+00 -7.566943E+02
7.704000E+00 -7.515764E+02
7.712000E+00 -7.466130E+02
7.720000E+00 -7.382330E+02
7.728000E+00 -7.498957E+02
7.736000E+00 -7.567681E+02
7.744000E+00 -7.513305E+02
7.752000E+00 -7.573233E+02
7.760000E+00 -7.492089E+02
7.768000E+00 -7.479211E+02
7.776000E+00 -7.581682E+02
7.784000E+00 -7.532106E+02
7.792000E+00 -7.548892E+02
7.800000E+00 -7.592953E+02
7.808000E+00 -7.531653E+02
7.816000E+00 -7.604697E+02
7.824000E+00 -7.662675E+02
7.832000E+00 -7.604857E+02
7.840000E+00 -7.544010E+02
7.848000E+00 -7.535676E+02
7.856000E+00 -7.569228E+02
7.864000E+00 -7.608124E+02
7.872000E+00 -7.637603E+02
7.880000E+00 -7.627981E+02
7.888000E+00 -7.565642E+02
7.896000E+00 -7.570955E+02
7.904000E+00 -7.652281E+02
7.912000E+00 -7.639859E+02
7.920000E+00 -7.526057E+02
7.928000E+00 -7.557150E+02
7.936000E+00 -7.663562E+02
7.944000E+00 -7.568322E+02
7.952000E+00 -7.548734E+02
7.960000E+00 -7.590952E+02
7.968000E+00 -7.608904E+02
7.976000E+00 -7.598908E+02
7.984000E+00 -7.598095E+02
7.992000E+00 -7.621841E+02
8.000000E+00 -7.512975E+02
8.008000E+00 -7.420253E+02
8.016000E+00 -7.476759E+02
8.024000E+00 -7.533315E+02
8.032000E+00 -7.532353E+02
8.040000E+00 -7.516233E+02
8.048000E+00 -7.576464E+02
8.056000E+00 -7.624290E+02
8.064000E+00 -7.620692E+02
8.072000E+00 -7.641674E+02
8.080000E+00 -7.553603E+02
8.088000E+00 -7.494810E+02
8.096000E+00 -7.429050E+02
8.104000E+00 -7.355305E+02
8.112000E+00 -7.461475E+02
8.120000E+00 -7.584994E+02
8.128000E+00 -7.474919E+02
8.136000E+00 -7.425232E+02
8.144000E+00 -7.447276E+02
8.152000E+00 -7.480303E+02
8.160000E+00 -7.537994E+02
8.168000E+00 -7.465255E+02
8.176000E+00 -7.367133E+02
8.184000E+00 -7.426272E+02
8.192000E+00 -7.310464E+02
8.200000E+00 -7.296875E+02
8.208000E+00 -7.469147E+02
8.216000E+00 -7.381130E+02
8.224000E+00 -7.341873E+02
8.232000E+00 -7.378704E+02
8.240000E+00 -7.345020E+02
8.248000E+00 -7.253351E+02
8.256000E+00 -7.302231E+02
8.264000E+00 -7.226446E+02
8.272000E+00 -7.201505E+02
8.280000E+00 -7.273199E+02
8.288000E+00 -7.207737E+02
8.296000E+00 -7.160924E+02
8.304000E+00 -7.237255E+02
8.312000E+00 -7.292507E+02
8.320000E+00 -7.252513E+02
8.328000E+00 -7.135587E+02
8.336000E+00 -7.066774E+02
8.344000E+00 -7.061978E+02
8.352000E+00 -7.107653E+02
8.360000E+00 -7.123105E+02
8.368000E+00 -7.086085E+02
8.376000E+00 -7.069007E+02
8.384000E+00 -7.057743E+02
8.392000E+00 -7.024624E+02
8.400000E+00 -7.005528E+02
8.408000E+00 -7.026251E+02
8.416000E+00 -6.983211E+02
8.424000E+00 -6.981017E+02
8.432000E+00 -7.068946E+02
8.440000E+00 -7.064209E+02
8.448000E+00 -7.027808E+02
8.456000E+00 -7.128987E+02
8.464000E+00 -7.138789E+02
8.472000E+00 -6.994561E+02
8.480000E+00 -7.152784E+02
8.488000E+00 -7.195660E+02
8.496000E+00 -7.056091E+02
8.504000E+00 -7.137989E+02
8.512000E+00 -6.996931E+02
8.520000E+00 -6.866924E+02
8.528000E+00 -7.183966E+02
8.536000E+00 -7.149951E+02
8.544000E+00 -6.923342E+02
8.552000E+00 -6.980785E+02
8.560000E+00 -7.071550E+02
8.568000E+00 -6.982515E+02
8.576000E+00 -6.947647E+02
8.584000E+00 -7.052540E+02
8.592000E+00 -6.969016E+02
8.600000E+00 -6.947582E+02
8.608000E+00 -6.938526E+02
8.616000E+00 -6.882155E+02
8.624000E+00 -6.880412E+02
8.632000E+00 -6.862843E+02
8.640000E+00 -6.949516E+02
8.648000E+00 -7.003805E+02
8.656000E+00 -6.834824E+02
8.664000E+00 -6.883799E+02
8.672000E+00 -6.902191E+02
8.680000E+00 -6.926417E+02
8.688000E+00 -7.043932E+02
8.696000E+00 -6.958868E+02
8.704000E+00 -6.997637E+02
8.712000E+00 -7.036048E+02
8.720000E+00 -6.962314E+02
8.728000E+00 -6.894225E+02
8.736000E+00 -6.878772E+02
8.744000E+00 -7.057981E+02
8.752000E+00 -7.083672E+02
8.760000E+00 -7.088000E+02
8.768000E+00 -6.992299E+02
8.776000E+00 -6.914524E+02
8.784000E+00 -7.122968E+02
8.792000E+00 -7.211136E+02
8.800000E+00 -7.162863E+02
8.808000E+00 -7.086684E+02
8.816000E+00 -7.136545E+02
8.824000E+00 -7.201450E+02
8.832000E+00 -7.172344E+02
8.840000E+00 -7.107635E+02
8.848000E+00 -7.152074E+02
8.856000E+00 -7.250629E+02
8.864000E+00 -7.175618E+02
8.872000E+00 -7.244676E+02
8.880000E+00 -7.308643E+02
8.888000E+00 -7.216255E+02
8.896000E+00 -7.256178E+02
8.904000E+00 -7.316567E+02
8.912000E+00 -7.291348E+02
8.920000E+00 -7.383527E+02
8.928000E+00 -7.456207E+02
8.936000E+00 -7.379118E+02
8.944000E+00 -7.321598E+02
8.952000E+00 -7.317227E+02
8.960000E+00 -7.356435E+02
8.968000E+00 -7.413085E+02
8.976000E+00 -7.395433E+02
8.984000E+00 -7.316584E+02
8.992000E+00 -7.357964E+02
9.000000E+00 -7.400481E+02
9.008000E+00 -7.429068E+02
9.016000E+00 -7.486091E+02
9.024000E+00 -7.417922E+02
9.032000E+00 -7.327508E+02
9.040000E+00 -7.250998E+02
9.048000E+00 -7.320472E+02
9.056000E+00 -7.403031E+02
9.064000E+00 -7.378235E+02
9.072000E+00 -7.343662E+02
9.080000E+00 -7.356628E+02
9.088000E+00 -7.406747E+02
9.096000E+00 -7.495130E+02
9.104000E+00 -7.581117E+02
9.112000E+00 -7.510664E+02
9.120000E+00 -7.419398E+02
9.128000E+00 -7.395216E+02
9.136000E+00 -7.412611E+02
9.144000E+00 -7.412250E+02
9.152000E+00 -7.348370E+02
9.160000E+00 -7.501971E+02
9.168000E+00 -7.511997E+02
9.176000E+00 -7.466401E+02
9.184000E+00 -7.579024E+02
9.192000E+00 -7.551046E+02
9.200000E+00 -7.498063E+02
9.208000E+00 -7.496225E+02
9.216000E+00 -7.411780E+02
9.224000E+00 -7.458119E+02
9.232000E+00 -7.602017E+02
9.240000E+00 -7.569619E+02
9.248000E+00 -7.476445E+02
9.256000E+00 -7.478777E+02
9.264000E+00 -7.504551E+02
9.272000E+00 -7.429433E+02
9.280000E+00 -7.362443E+02
9.288000E+00 -7.456126E+02
9.296000E+00 -7.525559E+02
9.304000E+00 -7.476677E+02
9.312000E+00 -7.507461E+02
9.320000E+00 -7.578402E+02
9.328000E+00 -7.581434E+02
9.336000E+00 -7.499430E+02
9.344000E+00 -7.504496E+02
9.352000E+00 -7.548572E+02
9.360000E+00 -7.441072E+02
9.368000E+00 -7.507837E+02
9.376000E+00 -7.597860E+02
9.384000E+00 -7.494263E+02
9.392000E+00 -7.438496E+02
9.400000E+00 -7.564442E+02
9.408000E+00 -7.612158E+02
9.416000E+00 -7.545805E+02
9.424000E+00 -7.548767E+02
9.432000E+00 -7.524520E+02
9.440000E+00 -7.475550E+02
9.448000E+00 -7.435441E+02
9.456000E+00 -7.372269E+02
9.464000E+00 -7.409792E+02
9.472000E+00 -7.444120E+02
9.480000E+00 -7.422541E+02
9.488000E+00 -7.443201E+02
9.496000E+00 -7.466865E+02
9.504000E+00 -7.310122E+02
9.512000E+00 -7.283026E+02
9.520000E+00 -7.325360E+02
9.528000E+00 -7.303743E+02
9.536000E+00 -7.325444E+02
9.544000E+00 -7.277107E+02
9.552000E+00 -7.312345E+02
9.560000E+00 -7.370422E+02
9.568000E+00 -7.292462E+02
9.576000E+00 -7.265840E+02
9.584000E+00 -7.207492E+02
9.592000E+00 -7.185140E+02
9.600000E+00 -7.194059E+02
9.608000E+00 -7.264577E+02
9.616000E+00 -7.338659E+02
9.624000E+00 -7.354007E+02
9.632000E+00 -7.362401E+02
9.640000E+00 -7.309712E+02
9.648000E+00 -7.217211E+02
9.656000E+00 -7.195364E+02
9.664000E+00 -7.176393E+02
9.672000E+00 -7.156970E+02
9.680000E+00 -7.170652E+02
9.688000E+00 -7.162698E+02
9.696000E+00 -7.144347E+02
9.704000E+00 -7.080013E+02
9.712000E+00 -7.085808E+02
9.720000E+00 -7.133233E+02
9.728000E+00 -7.159237E+02
9.736000E+00 -7.278947E+02
9.744000E+00 -7.255158E+02
9.752000E+00 -7.186674E+02
9.760000E+00 -7.224272E+02
9.768000E+00 -7.114980E+02
9.776000E+00 -7.034698E+02
9.784000E+00 -7.065105E+02
9.792000E+00 -6.956884E+02
9.800000E+00 -6.931471E+02
9.808000E+00 -7.002075E+02
9.816000E+00 -7.115355E+02
9.824000E+00 -7.177676E+02
9.832000E+00 -7.212259E+02
9.840000E+00 -7.115275E+02
9.848000E+00 -6.996566E+02
9.856000E+00 -6.995869E+02
9.864000E+00 -6.938355E+02
9.872000E+00 -7.021546E+02
9.880000E+00 -6.940523E+02
9.888000E+00 -6.929900E+02
9.896000E+00 -7.029414E+02
9.904000E+00 -6.992819E+02
9.912000E+00 -6.935384E+02
9.920000E+00 -6.946013E+02
9.928000E+00 -7.016676E+02
9.936000E+00 -6.955916E+02
9.944000E+00 -7.004273E+02
9.952000E+00 -7.113267E+02
9.960000E+00 -7.070784E+02
9.968000E+00 -7.022022E+02
9.976000E+00 -6.938154E+02
9.984000E+00 -7.012335E+02
9.992000E+00 -6.995364E+02
1.000000E+01 -6.844047E+02
1.000800E+01 -6.924950E+02
1.001600E+01 -7.013792E+02
1.002400E+01 -7.116778E+02
1.003200E+01 -7.039746E+02
1.004000E+01 -6.992669E+02
1.004800E+01 -7.040218E+02
1.005600E+01 -6.981975E+02
1.006400E+01 -7.010235E+02
1.007200E+01 -7.046383E+02
1.008000E+01 -7.122461E+02
1.008800E+01 -7.132363E+02
1.009600E+01 -7.057246E+02
1.010400E+01 -6.974261E+02
1.011200E+01 -7.073885E+02
1.012000E+01 -7.183152E+02
1.012800E+01 -7.182345E+02
1.013600E+01 -7.192295E+02
1.014400E+01 -7.159911E+02
1.015200E+01 -7.164253E+02
1.016000E+01 -7.202957E+02
1.016800E+01 -7.110593E+02
1.017600E+01 -7.082597E+02
1.018400E+01 -7.136632E+02
1.019200E+01 -7.127931E+02
1.020000E+01 -7.136856E+02
1.020800E+01 -7.166777E+02
1.021600E+01 -7.103746E+02
1.022400E+01 -7.145055E+02
1.023200E+01 -7.276012E+02
1.024000E+01 -7.236783E+02
1.024800E+01 -7.198432E+02
1.025600E+01 -7.293446E+02
1.026400E+01 -7.365438E+02
1.027200E+01 -7.274558E+02
1.028000E+01 -7.269291E+02
1.028800E+01 -7.289320E+02
1.029600E+01 -7.163100E+02
1.030400E+01 -7.234567E+02
1.031200E+01 -7.366055E+02
1.032000E+01 -7.414198E+02
1.032800E+01 -7.407193E+02
1.033600E+01 -7.428467E+02
1.034400E+01 -7.420415E+02
1.035200E+01 -7.363241E+02
1.036000E+01 -7.390598E+02
1.036800E+01 -7.420727E+02
1.037600E+01 -7.376946E+02
1.038400E+01 -7.310527E+02
1.039200E+01 -7.373038E+02
1.040000E+01 -7.378845E+02
1.040800E+01 -7.421887E+02
1.041600E+01 -7.423231E+02
1.042400E+01 -7.397037E+02
1.043200E+01 -7.462776E+02
1.044000E+01 -7.432589E+02
1.044800E+01 -7.485879E+02
1.045600E+01 -7.541464E+02
1.046400E+01 -7.485404E+02
1.047200E+01 -7.484345E+02
1.048000E+01 -7.412475E+02
1.048800E+01 -7.449952E+02
1.049600E+01 -7.551426E+02
1.050400E+01 -7.441173E+02
1.051200E+01 -7.483350E+02
1.052000E+01 -7.606199E+02
1.052800E+01 -7.584968E+02
1.053600E+01 -7.576468E+02
1.054400E+01 -7.519634E+02
1.055200E+01 -7.468043E+02
1.056000E+01 -7.505573E+02
1.056800E+01 -7.516232E+02
1.057600E+01 -7.507015E+02
1.058400E+01 -7.551346E+02
1.059200E+01 -7.558059E+02
1.060000E+01 -7.529061E+02
1.060800E+01 -7.527488E+02
1.061600E+01 -7.547322E+02
1.062400E+01 -7.562885E+02
1.063200E+01 -7.521748E+02
1.064000E+01 -7.556024E+02
1.064800E+01 -7.543896E+02
1.065600E+01 -7.486554E+02
1.066400E+01 -7.490131E+02
1.067200E+01 -7.507108E+02
1.068000E+01 -7.466013E+02
1.068800E+01 -7.417885E+02
1.069600E+01 -7.537600E+02
1.070400E+01 -7.583626E+02
1.071200E+01 -7.584447E+02
1.072000E+01 -7.528732E+02
1.072800E+01 -7.506490E+02
1.073600E+01 -7.620909E+02
1.074400E+01 -7.551412E+02
1.075200E+01 -7.594146E+02
1.076000E+01 -7.627734E+02
1.076800E+01 -7.550181E+02
1.077600E+01 -7.569885E+02
1.078400E+01 -7.439854E+02
1.079200E+01 -7.452515E+02
1.080000E+01 -7.463045E+02
1.080800E+01 -7.468023E+02
1.081600E+01 -7.539256E+02
1.082400E+01 -7.549422E+02
1.083200E+01 -7.552425E+02
1.084000E+01 -7.471847E+02
1.084800E+01 -7.445435E+02
1.085600E+01 -7.421577E+02
1.086400E+01 -7.331596E+02
1.087200E+01 -7.352645E+02
1.088000E+01 -7.410172E+02
1.088800E+01 -7.386827E+02
1.089600E+01 -7.354641E+02
1.090400E+01 -7.373145E+02
1.091200E+01 -7.407078E+02
1.092000E+01 -7.408417E+02
1.092800E+01 -7.461786E+02
1.093600E+01 -7.338964E+02
1.094400E+01 -7.237150E+02
1.095200E+01 -7.477739E+02
1.096000E+01 -7.482669E+02
1.096800E+01 -7.354337E+02
1.097600E+01 -7.374076E+02
1.098400E+01 -7.336252E+02
1.099200E+01 -7.321923E+02
1.100000E+01 -7.409170E+02
1.100800E+01 -7.433238E+02
1.101600E+01 -7.278704E+02
1.102400E+01 -7.231477E+02
1.103200E+01 -7.211068E+02
1.104000E+01 -7.211432E+02
1.104800E+01 -7.234453E+02
1.105600E+01 -7.243761E+02
1.106400E+01 -7.356139E+02
1.107200E+01 -7.396444E+02
1.108000E+01 -7.320332E+02
1.108800E+01 -7.269599E+02
1.109600E+01 -7.224546E+02
1.110400E+01 -7.220054E+02
1.111200E+01 -7.311108E+02
1.112000E+01 -7.325134E+02
1.112800E+01 -7.340207E+02
1.113600E+01 -7.249611E+02
1.114400E+01 -7.204375E+02
1.115200E+01 -7.205728E+02
1.116000E+01 -7.169138E+02
1.116800E+01 -7.044464E+02
1.117600E+01 -7.048995E+02
1.118400E+01 -7.089315E+02
1.119200E+01 -7.092964E+02
1.120000E+01 -7.159113E+02
1.120800E+01 -7.216855E+02
1.121600E+01 -7.131248E+02
1.122400E+01 -7.094847E+02
1.123200E+01 -7.205103E+02
1.124000E+01 -7.091808E+02
1.124800E+01 -7.038505E+02
1.125600E+01 -7.083221E+02
1.126400E+01 -7.040814E+02
1.127200E+01 -6.997177E+02
1.128000E+01 -6.935900E+02
1.128800E+01 -6.963878E+02
1.129600E+01 -7.056491E+02
1.130400E+01 -7.114324E+02
1.131200E+01 -6.956620E+02
1.132000E+01 -7.016780E+02
1.132800E+01 -7.055802E+02
1.133600E+01 -7.087998E+02
1.134400E+01 -7.235071E+02
1.135200E+01 -7.045953E+02
1.136000E+01 -7.157346E+02
1.136800E+01 -7.128623E+02
1.137600E+01 -6.937201E+02
1.138400E+01 -7.053480E+02
1.139200E+01 -7.088563E+02
1.140000E+01 -6.908325E+02
1.140800E+01 -6.946274E+02
1.141600E+01 -7.078698E+02
1.142400E+01 -7.095595E+02
1.143200E+01 -7.080797E+02
1.144000E+01 -7.051349E+02
1.144800E+01 -7.201729E+02
1.145600E+01 -7.140733E+02
1.146400E+01 -6.986900E+02
1.147200E+01 -7.062687E+02
1.148000E+01 -7.099569E+02
1.148800E+01 -7.016009E+02
1.149600E+01 -6.927755E+02
1.150400E+01 -6.873039E+02
1.151200E+01 -6.930336E+02
1.152000E+01 -6.940926E+02
1.152800E+01 -6.958074E+02
1.153600E+01 -7.051394E+02
1.154400E+01 -7.016035E+02
1.155200E+01 -6.986896E+02
1.156000E+01 -7.020546E+02
1.156800E+01 -7.060163E+02
1.157600E+01 -7.093593E+02
1.158400E+01 -7.109482E+02
1.159200E+01 -7.068945E+02
1.160000E+01 -7.117232E+02
1.160800E+01 -7.386477E+02
1.161600E+01 -7.349039E+02
1.162400E+01 -7.333539E+02
1.163200E+01 -7.479084E+02
1.164000E+01 -7.401951E+02
1.164800E+01 -7.254116E+02
1.165600E+01 -7.232499E+02
1.166400E+01 -7.313938E+02
1.167200E+01 -7.332100E+02
1.168000E+01 -7.414244E+02
1.168800E+01 -7.443043E+02
1.169600E+01 -7.506915E+02
1.170400E+01 -7.438103E+02
1.171200E+01 -7.333147E+02
1.172000E+01 -7.340374E+02
1.172800E+01 -7.381837E+02
1.173600E+01 -7.339461E+02
1.174400E+01 -7.280974E+02
1.175200E+01 -7.403387E+02
1.176000E+01 -7.426012E+02
1.176800E+01 -7.286647E+02
1.177600E+01 -7.353063E+02
1.178400E+01 -7.356847E+02
1.179200E+01 -7.215663E+02
1.180000E+01 -7.275023E+02
1.180800E+01 -7.358019E+02
1.181600E+01 -7.374163E+02
1.182400E+01 -7.447319E+02
1.183200E+01 -7.411033E+02
1.184000E+01 -7.322553E+02
1.184800E+01 -7.374896E+02
1.185600E+01 -7.373859E+02
1.186400E+01 -7.482979E+02
1.187200E+01 -7.544045E+02
1.188000E+01 -7.503898E+02
1.188800E+01 -7.649942E+02
1.189600E+01 -7.657907E+02
1.190400E+01 -7.562622E+02
1.191200E+01 -7.469671E+02
1.192000E+01 -7.424098E+02
1.192800E+01 -7.517512E+02
1.193600E+01 -7.578309E+02
1.194400E+01 -7.553271E+02
1.195200E+01 -7.480668E+02
1.196000E+01 -7.498087E+02
1.196800E+01 -7.523356E+02
1.197600E+01 -7.547631E+02
1.198400E+01 -7.592302E+02
1.199200E+01 -7.584211E+02
1.200000E+01 -7.524199E+02
1.200800E+01 -7.509538E+02
1.201600E+01 -7.554493E+02
1.202400E+01 -7.585779E+02
1.203200E+01 -7.512686E+02
1.204000E+01 -7.545028E+02
1.204800E+01 -7.578267E+02
1.205600E+01 -7.580894E+02
1.206400E+01 -7.660576E+02
1.207200E+01 -7.664531E+02
1.208000E+01 -7.599769E+02
1.208800E+01 -7.610617E+02
1.209600E+01 -7.543275E+02
1.210400E+01 -7.561844E+02
1.211200E+01 -7.642573E+02
1.212000E+01 -7.519363E+02
1.212800E+01 -7.540041E+02
1.213600E+01 -7.574968E+02
1.214400E+01 -7.601974E+02
1.215200E+01 -7.641787E+02
1.216000E+01 -7.565485E+02
1.216800E+01 -7.512003E+02
1.217600E+01 -7.528457E+02
1.218400E+01 -7.550106E+02
1.219200E+01 -7.478197E+02
1.220000E+01 -7.445892E+02
1.220800E+01 -7.473305E+02
1.221600E+01 -7.557223E+02
1.222400E+01 -7.528705E+02
1.223200E+01 -7.437367E+02
1.224000E+01 -7.517894E+02
1.224800E+01 -7.535945E+02
1.225600E+01 -7.561177E+02
1.226400E+01 -7.587704E+02
1.227200E+01 -7.498134E+02
1.228000E+01 -7.608271E+02
1.228800E+01 -7.628861E+02
1.229600E+01 -7.604463E+02
1.230400E+01 -7.587891E+02
1.231200E+01 -7.590812E+02
1.232000E+01 -7.623727E+02
1.232800E+01 -7.579695E+02
1.233600E+01 -7.487358E+02
1.234400E+01 -7.382506E+02
1.235200E+01 -7.494215E+02
1.236000E+01 -7.459136E+02
1.236800E+01 -7.509002E+02
1.237600E+01 -7.542277E+02
1.238400E+01 -7.410028E+02
1.239200E+01 -7.460098E+02
1.240000E+01 -7.463086E+02
1.240800E+01 -7.377415E+02
1.241600E+01 -7.379484E+02
1.242400E+01 -7.403353E+02
1.243200E+01 -7.364482E+02
1.244000E+01 -7.279276E+02
1.244800E+01 -7.225181E+02
1.245600E+01 -7.343338E+02
1.246400E+01 -7.376855E+02
1.247200E+01 -7.306290E+02
1.248000E+01 -7.352833E+02
1.248800E+01 -7.432966E+02
1.249600E+01 -7.487675E+02
1.250400E+01 -7.399244E+02
1.251200E+01 -7.359307E+02
1.252000E+01 -7.335132E+02
1.252800E+01 -7.390252E+02
1.253600E+01 -7.496934E+02
1.254400E+01 -7.421311E+02
1.255200E+01 -7.317108E+02
1.256000E+01 -7.350189E+02
1.256800E+01 -7.359318E+02
1.257600E+01 -7.318413E+02
1.258400E+01 -7.382019E+02
1.259200E+01 -7.288938E+02
1.260000E+01 -7.168876E+02
1.260800E+01 -7.326237E+02
1.261600E+01 -7.400184E+02
1.262400E+01 -7.296177E+02
1.263200E+01 -7.227524E+02
1.264000E+01 -7.319238E+02
1.264800E+01 -7.313973E+02
1.265600E+01 -7.202420E+02
1.266400E+01 -7.178771E+02
1.267200E+01 -7.168821E+02
1.268000E+01 -7.190271E+02
1.268800E+01 -7.100209E+02
1.269600E+01 -7.029110E+02
1.270400E+01 -7.097346E+02
1.271200E+01 -7.124871E+02
1.272000E+01 -7.007507E+02
1.272800E+01 -7.044130E+02
1.273600E+01 -7.065903E+02
1.274400E+01 -7.090312E+02
1.275200E+01 -7.171106E+02
1.276000E+01 -7.128775E+02
1.276800E+01 -7.054838E+02
1.277600E+01 -6.943760E+02
1.278400E+01 -7.010099E+02
1.279200E+01 -7.053375E+02
1.280000E+01 -7.042099E+02
1.280800E+01 -7.193273E+02
1.281600E+01 -7.185922E+02
1.282400E+01 -7.268138E+02
1.283200E+01 -7.328063E+02
1.284000E+01 -7.177240E+02
1.284800E+01 -7.159943E+02
1.285600E+01 -7.218882E+02
1.286400E+01 -7.214064E+02
1.287200E+01 -7.224289E+02
1.288000E+01 -7.259719E+02
1.288800E+01 -7.132301E+02
1.289600E+01 -7.172710E+02
1.290400E+01 -7.237378E+02
1.291200E+01 -7.221188E+02
1.292000E+01 -7.291256E+02
1.292800E+01 -7.229778E+02
1.293600E+01 -7.120067E+02
1.294400E+01 -7.173731E+02
1.295200E+01 -7.330211E+02
1.296000E+01 -7.434502E+02
1.296800E+01 -7.375452E+02
1.297600E+01 -7.205774E+02
1.298400E+01 -7.170891E+02
1.299200E+01 -7.264810E+02
1.300000E+01 -7.344799E+02
1.300800E+01 -7.337523E+02
1.301600E+01 -7.152432E+02
1.302400E+01 -7.183822E+02
1.303200E+01 -7.397820E+02
1.304000E+01 -7.444790E+02
1.304800E+01 -7.383139E+02
1.305600E+01 -7.259973E+02
1.306400E+01 -7.262458E+02
1.307200E+01 -7.283737E+02
1.308000E+01 -7.210127E+02
1.308800E+01 -7.279649E+02
1.309600E+01 -7.297999E+02
1.310400E+01 -7.276658E+02
1.311200E+01 -7.285599E+02
1.312000E+01 -7.334770E+02
1.312800E+01 -7.361494E+02
1.313600E+01 -7.323402E+02
1.314400E+01 -7.367675E+02
1.315200E+01 -7.302693E+02
1.316000E+01 -7.313964E+02
1.316800E+01 -7.310122E+02
1.317600E+01 -7.299772E+02
1.318400E+01 -7.356579E+02
1.319200E+01 -7.358341E+02
1.320000E+01 -7.340141E+02
1.320800E+01 -7.387345E+02
1.321600E+01 -7.427320E+02
1.322400E+01 -7.389556E+02
1.323200E+01 -7.364331E+02
1.324000E+01 -7.419629E+02
1.324800E+01 -7.415665E+02
1.325600E+01 -7.449167E+02
1.326400E+01 -7.469642E+02
1.327200E+01 -7.406895E+02
1.328000E+01 -7.432619E+02
1.328800E+01 -7.438581E+02
1.329600E+01 -7.488147E+02
1.330400E+01 -7.539841E+02
1.331200E+01 -7.466788E+02
1.332000E+01 -7.458968E+02
1.332800E+01 -7.413600E+02
1.333600E+01 -7.413270E+02
1.334400E+01 -7.470333E+02
1.335200E+01 -7.427191E+02
1.336000E+01 -7.451324E+02
1.336800E+01 -7.500170E+02
1.337600E+01 -7.531675E+02
1.338400E+01 -7.415415E+02
1.339200E+01 -7.470838E+02
1.340000E+01 -7.538053E+02
1.340800E+01 -7.491953E+02
1.341600E+01 -7.494750E+02
1.342400E+01 -7.477149E+02
1.343200E+01 -7.463270E+02
1.344000E+01 -7.485861E+02
1.344800E+01 -7.454834E+02
1.345600E+01 -7.400400E+02
1.346400E+01 -7.450399E+02
1.347200E+01 -7.453861E+02
1.348000E+01 -7.417287E+02
1.348800E+01 -7.393461E+02
1.349600E+01 -7.407533E+02
1.350400E+01 -7.435082E+02
1.351200E+01 -7.374844E+02
1.352000E+01 -7.372472E+02
1.352800E+01 -7.419541E+02
1.353600E+01 -7.363114E+02
1.354400E+01 -7.477143E+02
1.355200E+01 -7.528565E+02
1.356000E+01 -7.438489E+02
1.356800E+01 -7.459831E+02
1.357600E+01 -7.467649E+02
1.358400E+01 -7.491137E+02
1.359200E+01 -7.506282E+02
1.360000E+01 -7.412203E+02
1.360800E+01 -7.434764E+02
1.361600E+01 -7.441432E+02
1.362400E+01 -7.470491E+02
1.363200E+01 -7.385113E+02
1.364000E+01 -7.414967E+02
1.364800E+01 -7.486546E+02
1.365600E+01 -7.421114E+02
1.366400E+01 -7.323425E+02
1.367200E+01 -7.326480E+02
1.368000E+01 -7.314292E+02
1.368800E+01 -7.260251E+02
1.369600E+01 -7.330320E+02
1.370400E+01 -7.378023E+02
1.371200E+01 -7.316358E+02
1.372000E+01 -7.205934E+02
1.372800E+01 -7.244537E+02
1.373600E+01 -7.298786E+02
1.374400E+01 -7.341139E+02
1.375200E+01 -7.378761E+02
1.376000E+01 -7.335903E+02
1.376800E+01 -7.303890E+02
1.377600E+01 -7.321644E+02
1.378400E+01 -7.404013E+02
1.379200E+01 -7.314817E+02
1.380000E+01 -7.199215E+02
1.380800E+01 -7.304053E+02
1.381600E+01 -7.347110E+02
1.382400E+01 -7.306834E+02
1.383200E+01 -7.332246E+02
1.384000E+01 -7.465648E+02
1.384800E+01 -7.361144E+02
1.385600E+01 -7.275643E+02
1.386400E+01 -7.362503E+02
1.387200E+01 -7.379669E+02
1.388000E+01 -7.358994E+02
1.388800E+01 -7.307485E+02
1.389600E+01 -7.166307E+02
1.390400E+01 -7.151284E+02
1.391200E+01 -7.307679E+02
1.392000E+01 -7.254275E+02
1.392800E+01 -7.100936E+02
1.393600E+01 -7.142183E+02
1.394400E+01 -7.193755E+02
1.395200E+01 -7.080362E+02
1.396000E+01 -7.000312E+02
1.396800E+01 -7.039258E+02
1.397600E+01 -7.049647E+02
1.398400E+01 -6.988720E+02
1.399200E+01 -6.922372E+02
1.400000E+01 -6.940334E+02
1.400800E+01 -6.981041E+02
1.401600E+01 -6.993509E+02
1.402400E+01 -7.017689E+02
1.403200E+01 -7.042394E+02
1.404000E+01 -7.076443E+02
1.404800E+01 -7.065887E+02
1.405600E+01 -7.123504E+02
1.406400E+01 -7.129092E+02
1.407200E+01 -7.192196E+02
1.408000E+01 -7.226459E+02
1.408800E+01 -7.128198E+02
1.409600E+01 -7.203704E+02
1.410400E+01 -7.251608E+02
1.411200E+01 -7.237593E+02
1.412000E+01 -7.305041E+02
1.412800E+01 -7.286670E+02
1.413600E+01 -7.293459E+02
1.414400E+01 -7.352889E+02
1.415200E+01 -7.428778E+02
1.416000E+01 -7.338598E+02
1.416800E+01 -7.232310E+02
1.417600E+01 -7.303962E+02
1.418400E+01 -7.237837E+02
1.419200E+01 -7.159590E+02
1.420000E+01 -7.054087E+02
1.420800E+01 -7.146815E+02
1.421600E+01 -7.207056E+02
1.422400E+01 -7.169430E+02
1.423200E+01 -7.089310E+02
1.424000E+01 -7.205357E+02
1.424800E+01 -7.228037E+02
1.425600E+01 -7.092876E+02
1.426400E+01 -7.252124E+02
1.427200E+01 -7.273822E+02
1.428000E+01 -7.132789E+02
1.428800E+01 -7.163291E+02
1.429600E+01 -7.112178E+02
1.430400E+01 -7.152666E+02
1.431200E+01 -7.258995E+02
1.432000E+01 -7.185156E+02
1.432800E+01 -7.213243E+02
1.433600E+01 -7.215330E+02
1.434400E+01 -7.144188E+02
1.435200E+01 -7.267341E+02
1.436000E+01 -7.331549E+02
1.436800E+01 -7.223070E+02
1.437600E+01 -7.193123E+02
1.438400E+01 -7.298264E+02
1.439200E+01 -7.273899E+02
1.440000E+01 -7.155185E+02
1.440800E+01 -7.195087E+02
1.441600E+01 -7.186612E+02
1.442400E+01 -7.167672E+02
1.443200E+01 -7.255822E+02
1.444000E+01 -7.327304E+02
1.444800E+01 -7.347407E+02
1.445600E+01 -7.361767E+02
1.446400E+01 -7.389597E+02
1.447200E+01 -7.357160E+02
1.448000E+01 -7.287577E+02
1.448800E+01 -7.353679E+02
1.449600E+01 -7.466498E+02
1.450400E+01 -7.439088E+02
1.451200E+01 -7.320434E+02
1.452000E+01 -7.355928E+02
1.452800E+01 -7.489859E+02
1.453600E+01 -7.473886E+02
1.454400E+01 -7.420864E+02
1.455200E+01 -7.361300E+02
1.456000E+01 -7.425581E+02
1.456800E+01 -7.385221E+02
1.457600E+01 -7.340875E+02
1.458400E+01 -7.405156E+02
1.459200E+01 -7.431049E+02
1.460000E+01 -7.461820E+02
1.460800E+01 -7.454129E+02
1.461600E+01 -7.502651E+02
1.462400E+01 -7.482584E+02
1.463200E+01 -7.453323E+02
1.464000E+01 -7.524039E+02
1.464800E+01 -7.568968E+02
1.465600E+01 -7.544919E+02
1.466400E+01 -7.535461E+02
1.467200E+01 -7.561122E+02
1.468000E+01 -7.533157E+02
1.468800E+01 -7.495720E+02
1.469600E+01 -7.487355E+02
1.470400E+01 -7.424041E+02
1.471200E+01 -7.414903E+02
1.472000E+01 -7.425242E+02
1.472800E+01 -7.418343E+02
1.473600E+01 -7.450836E+02
1.474400E+01 -7.491204E+02
1.475200E+01 -7.462147E+02
1.476000E+01 -7.503559E+02
1.476800E+01 -7.544287E+02
1.477600E+01 -7.501808E+02
1.478400E+01 -7.451138E+02
1.479200E+01 -7.408268E+02
1.480000E+01 -7.362104E+02
1.480800E+01 -7.334767E+02
1.481600E+01 -7.349353E+02
1.482400E+01 -7.476745E+02
1.483200E+01 -7.560030E+02
1.484000E+01 -7.538154E+02
1.484800E+01 -7.496562E+02
1.485600E+01 -7.471104E+02
1.486400E+01 -7.511993E+02
1.487200E+01 -7.475496E+02
1.488000E+01 -7.461283E+02
1.488800E+01 -7.456850E+02
1.489600E+01 -7.453643E+02
1.490400E+01 -7.475706E+02
1.491200E+01 -7.435043E+02
1.492000E+01 -7.487426E+02
1.492800E+01 -7.434605E+02
1.493600E+01 -7.406588E+02
1.494400E+01 -7.491065E+02
1.495200E+01 -7.426431E+02
1.496000E+01 -7.344637E+02
1.496800E+01 -7.324388E+02
1.497600E+01 -7.363057E+02
1.498400E+01 -7.397259E+02
1.499200E+01 -7.352862E+02
1.500000E+01 -7.342515E+02
1.500800E+01 -7.398080E+02
1.501600E+01 -7.405203E+02
1.502400E+01 -7.384329E+02
1.503200E+01 -7.357507E+02
1.504000E+01 -7.384315E+02
1.504800E+01 -7.389398E+02
1.505600E+01 -7.348960E+02
1.506400E+01 -7.354426E+02
1.507200E+01 -7.430627E+02
1.508000E+01 -7.537036E+02
1.508800E+01 -7.537183E+02
1.509600E+01 -7.473302E+02
1.510400E+01 -7.435045E+02
1.511200E+01 -7.337696E+02
1.512000E+01 -7.290413E+02
1.512800E+01 -7.342455E+02
1.513600E+01 -7.371803E+02
1.514400E+01 -7.397421E+02
1.515200E+01 -7.361852E+02
1.516000E+01 -7.370906E+02
1.516800E+01 -7.304411E+02
1.517600E+01 -7.236434E+02
1.518400E+01 -7.223134E+02
1.519200E+01 -7.179944E+02
1.520000E+01 -7.189634E+02
1.520800E+01 -7.204457E+02
1.521600E+01 -7.155973E+02
1.522400E+01 -7.082399E+02
1.523200E+01 -7.118923E+02
1.524000E+01 -7.255652E+02
1.524800E+01 -7.240167E+02
1.525600E+01 -7.154994E+02
1.526400E+01 -7.131916E+02
1.527200E+01 -7.274794E+02
1.528000E+01 -7.216820E+02
1.528800E+01 -7.188983E+02
1.529600E+01 -7.271534E+02
1.530400E+01 -7.206137E+02
1.531200E+01 -7.175656E+02
1.532000E+01 -7.195107E+02
1.532800E+01 -7.349441E+02
1.533600E+01 -7.376105E+02
1.534400E+01 -7.338483E+02
1.535200E+01 -7.327629E+02
1.536000E+01 -7.453819E+02
1.536800E+01 -7.398620E+02
1.537600E+01 -7.326371E+02
1.538400E+01 -7.370456E+02
1.539200E+01 -7.310587E+02
1.540000E+01 -7.310763E+02
1.540800E+01 -7.228325E+02
1.541600E+01 -7.298602E+02
1.542400E+01 -7.324669E+02
1.543200E+01 -7.294926E+02
1.544000E+01 -7.182736E+02
1.544800E+01 -7.090374E+02
1.545600E+01 -7.222993E+02
1.546400E+01 -7.201534E+02
1.547200E+01 -7.120257E+02
1.548000E+01 -7.149707E+02
1.548800E+01 -7.241730E+02
1.549600E+01 -7.223818E+02
1.550400E+01 -7.088053E+02
1.551200E+01 -7.031669E+02
1.552000E+01 -7.012591E+02
1.552800E+01 -6.982650E+02
1.553600E+01 -7.071992E+02
1.554400E+01 -7.060506E+02
1.555200E+01 -7.039427E+02
1.556000E+01 -7.052712E+02
1.556800E+01 -7.034846E+02
1.557600E+01 -7.045852E+02
1.558400E+01 -7.087440E+02
1.559200E+01 -7.097764E+02
1.560000E+01 -7.033060E+02
1.560800E+01 -7.109115E+02
1.561600E+01 -7.128716E+02
1.562400E+01 -7.103712E+02
1.563200E+01 -7.111558E+02
1.564000E+01 -7.066150E+02
1.564800E+01 -7.050940E+02
1.565600E+01 -7.133417E+02
1.566400E+01 -7.238593E+02
1.567200E+01 -7.301316E+02
1.568000E+01 -7.255288E+02
1.568800E+01 -7.226868E+02
1.569600E+01 -7.215624E+02
1.570400E+01 -7.197981E+02
1.571200E+01 -7.270332E+02
1.572000E+01 -7.270206E+02
1.572800E+01 -7.285647E+02
1.573600E+01 -7.388798E+02
1.574400E+01 -7.389663E+02
1.575200E+01 -7.310653E+02
1.576000E+01 -7.240442E+02
1.576800E+01 -7.237990E+02
1.577600E+01 -7.283381E+02
1.578400E+01 -7.206620E+02
1.579200E+01 -7.111398E+02
1.580000E+01 -7.197704E+02
1.580800E+01 -7.258764E+02
1.581600E+01 -7.262337E+02
1.582400E+01 -7.306153E+02
1.583200E+01 -7.282216E+02
1.584000E+01 -7.271445E+02
1.584800E+01 -7.307535E+02
1.585600E+01 -7.255305E+02
1.586400E+01 -7.192398E+02
1.587200E+01 -7.199041E+02
1.588000E+01 -7.147231E+02
1.588800E+01 -7.142964E+02
1.589600E+01 -7.195079E+02
1.590400E+01 -7.182645E+02
1.591200E+01 -7.095961E+02
1.592000E+01 -7.107091E+02
1.592800E+01 -7.172688E+02
1.593600E+01 -7.205994E+02
1.594400E+01 -7.212819E+02
1.595200E+01 -7.133916E+02
1.596000E+01 -7.136144E+02
1.596800E+01 -7.148549E+02
1.597600E+01 -7.095633E+02
1.598400E+01 -7.151534E+02
1.599200E+01 -7.177736E+02
1.600000E+01 -7.162577E+02
1.600800E+01 -7.237230E+02
1.601600E+01 -7.256122E+02
1.602400E+01 -7.176260E+02
1.603200E+01 -7.169439E+02
1.604000E+01 -7.204159E+02
1.604800E+01 -7.245286E+02
1.605600E+01 -7.288296E+02
1.606400E+01 -7.223104E+02
1.607200E+01 -7.245266E+02
1.608000E+01 -7.407750E+02
1.608800E+01 -7.354013E+02
1.609600E+01 -7.191230E+02
1.610400E+01 -7.253945E+02
1.611200E+01 -7.353878E+02
1.612000E+01 -7.266380E+02
1.612800E+01 -7.295782E+02
1.613600E+01 -7.363128E+02
1.614400E+01 -7.344833E+02
1.615200E+01 -7.444540E+02
1.616000E+01 -7.426514E+02
1.616800E+01 -7.334121E+02
1.617600E+01 -7.366867E+02
1.618400E+01 -7.342955E+02
1.619200E+01 -7.302185E+02
1.620000E+01 -7.328858E+02
1.620800E+01 -7.352619E+02
1.621600E+01 -7.321156E+02
1.622400E+01 -7.358246E+02
1.623200E+01 -7.382820E+02
1.624000E+01 -7.435950E+02
1.624800E+01 -7.334058E+02
1.625600E+01 -7.285735E+02
1.626400E+01 -7.432023E+02
1.627200E+01 -7.363005E+02
1.628000E+01 -7.215259E+02
1.628800E+01 -7.254420E+02
1.629600E+01 -7.385550E+02
1.630400E+01 -7.357734E+02
1.631200E+01 -7.330775E+02
1.632000E+01 -7.337816E+02
1.632800E+01 -7.394408E+02
1.633600E+01 -7.414943E+02
1.634400E+01 -7.321798E+02
1.635200E+01 -7.330559E+02
1.636000E+01 -7.394533E+02
1.636800E+01 -7.391726E+02
1.637600E+01 -7.303643E+02
1.638400E+01 -7.461324E+02
1.639200E+01 -7.443231E+02
1.640000E+01 -7.361542E+02
1.640800E+01 -7.493420E+02
1.641600E+01 -7.495440E+02
1.642400E+01 -7.361903E+02
1.643200E+01 -7.229113E+02
1.644000E+01 -7.423813E+02
1.644800E+01 -7.556133E+02
1.645600E+01 -7.510534E+02
1.646400E+01 -7.530992E+02
1.647200E+01 -7.552185E+02
1.648000E+01 -7.535231E+02
1.648800E+01 -7.434837E+02
1.649600E+01 -7.559703E+02
1.650400E+01 -7.548107E+02
1.651200E+01 -7.471318E+02
1.652000E+01 -7.545619E+02
1.652800E+01 -7.574879E+02
1.653600E+01 -7.547739E+02
1.654400E+01 -7.533047E+02
1.655200E+01 -7.522640E+02
1.656000E+01 -7.434102E+02
1.656800E+01 -7.501446E+02
1.657600E+01 -7.521968E+02
1.658400E+01 -7.466953E+02
1.659200E+01 -7.488053E+02
1.660000E+01 -7.526618E+02
1.660800E+01 -7.520032E+02
1.661600E+01 -7.475550E+02
1.662400E+01 -7.538054E+02
1.663200E+01 -7.608337E+02
1.664000E+01 -7.519681E+02
1.664800E+01 -7.465526E+02
1.665600E+01 -7.508429E+02
1.666400E+01 -7.524323E+02
1.667200E+01 -7.536802E+02
1.668000E+01 -7.541035E+02
1.668800E+01 -7.561075E+02
1.669600E+01 -7.607720E+02
1.670400E+01 -7.651204E+02
1.671200E+01 -7.672834E+02
1.672000E+01 -7.549843E+02
1.672800E+01 -7.515245E+02
1.673600E+01 -7.558907E+02
1.674400E+01 -7.479210E+02
1.675200E+01 -7.521650E+02
1.676000E+01 -7.609057E+02
1.676800E+01 -7.521711E+02
1.677600E+01 -7.509226E+02
1.678400E+01 -7.527762E+02
1.679200E+01 -7.638569E+02
1.680000E+01 -7.672824E+02
1.680800E+01 -7.541385E+02
1.681600E+01 -7.515126E+02
1.682400E+01 -7.545403E+02
1.683200E+01 -7.557890E+02
1.684000E+01 -7.653194E+02
1.684800E+01 -7.675079E+02
1.685600E+01 -7.602273E+02
1.686400E+01 -7.590468E+02
1.687200E+01 -7.625861E+02
1.688000E+01 -7.705798E+02
1.688800E+01 -7.743744E+02
1.689600E+01 -7.693719E+02
1.690400E+01 -7.633459E+02
1.691200E+01 -7.653747E+02
1.692000E+01 -7.647450E+02
1.692800E+01 -7.597004E+02
1.693600E+01 -7.604206E+02
1.694400E+01 -7.525406E+02
1.695200E+01 -7.505014E+02
1.696000E+01 -7.569116E+02
1.696800E+01 -7.607260E+02
1.697600E+01 -7.666991E+02
1.698400E+01 -7.654285E+02
1.699200E+01 -7.588192E+02
1.700000E+01 -7.615564E+02
1.700800E+01 -7.641834E+02
1.701600E+01 -7.571640E+02
1.702400E+01 -7.547699E+02
1.703200E+01 -7.567807E+02
1.704000E+01 -7.614315E+02
1.704800E+01 -7.589305E+02
1.705600E+01 -7.526065E+02
1.706400E+01 -7.453795E+02
1.707200E+01 -7.427733E+02
1.708000E+01 -7.401261E+02
1.708800E+01 -7.394832E+02
1.709600E+01 -7.482136E+02
1.710400E+01 -7.414372E+02
1.711200E+01 -7.421292E+02
1.712000E+01 -7.496253E+02
1.712800E+01 -7.450141E+02
1.713600E+01 -7.477328E+02
1.714400E+01 -7.490176E+02
1.715200E+01 -7.502205E+02
1.716000E+01 -7.524594E+02
1.716800E+01 -7.463800E+02
1.717600E+01 -7.418065E+02
1.718400E+01 -7.560394E+02
1.719200E+01 -7.476186E+02
1.720000E+01 -7.441483E+02
1.720800E+01 -7.540610E+02
1.721600E+01 -7.433888E+02
1.722400E+01 -7.469598E+02
1.723200E+01 -7.482234E+02
1.724000E+01 -7.528444E+02
1.724800E+01 -7.582403E+02
1.725600E+01 -7.457748E+02
1.726400E+01 -7.373275E+02
1.727200E+01 -7.420168E+02
1.728000E+01 -7.494473E+02
1.728800E+01 -7.480667E+02
1.729600E+01 -7.433615E+02
1.730400E+01 -7.437943E+02
1.731200E+01 -7.473486E+02
1.732000E+01 -7.499850E+02
1.732800E+01 -7.413397E+02
1.733600E+01 -7.365654E+02
1.734400E+01 -7.417341E+02
1.735200E+01 -7.404087E+02
1.736000E+01 -7.463667E+02
1.736800E+01 -7.475644E+02
1.737600E+01 -7.355520E+02
1.738400E+01 -7.404666E+02
1.739200E+01 -7.381729E+02
1.740000E+01 -7.362406E+02
1.740800E+01 -7.418211E+02
1.741600E+01 -7.446646E+02
1.742400E+01 -7.393010E+02
1.743200E+01 -7.338603E+02
1.744000E+01 -7.367553E+02
1.744800E+01 -7.375161E+02
1.745600E+01 -7.365281E+02
1.746400E+01 -7.366456E+02
1.747200E+01 -7.375822E+02
1.748000E+01 -7.355344E+02
1.748800E+01 -7.458818E+02
1.749600E+01 -7.498186E+02
1.750400E+01 -7.407556E+02
1.751200E+01 -7.507418E+02
1.752000E+01 -7.568973E+02
1.752800E+01 -7.377730E+02
1.753600E+01 -7.402849E+02
1.754400E+01 -7.503863E+02
1.755200E+01 -7.414703E+02
1.756000E+01 -7.415046E+02
1.756800E+01 -7.328161E+02
1.757600E+01 -7.358421E+02
1.758400E+01 -7.493482E+02
1.759200E+01 -7.412758E+02
1.760000E+01 -7.456322E+02
1.760800E+01 -7.380350E+02
1.761600E+01 -7.340925E+02
1.762400E+01 -7.434520E+02
1.763200E+01 -7.319986E+02
1.764000E+01 -7.380988E+02
1.764800E+01 -7.377373E+02
1.765600E+01 -7.278041E+02
1.766400E+01 -7.347037E+02
1.767200E+01 -7.383517E+02
1.768000E+01 -7.341548E+02
1.768800E+01 -7.309600E+02
1.769600E+01 -7.348290E+02
1.770400E+01 -7.383581E+02
1.771200E+01 -7.379719E+02
1.772000E+01 -7.351764E+02
1.772800E+01 -7.380699E+02
1.773600E+01 -7.485109E+02
1.774400E+01 -7.486133E+02
1.775200E+01 -7.512470E+02
1.776000E+01 -7.563696E+02
1.776800E+01 -7.484183E+02
1.777600E+01 -7.461439E+02
1.778400E+01 -7.521196E+02
1.779200E+01 -7.586284E+02
1.780000E+01 -7.557033E+02
1.780800E+01 -7.430158E+02
1.781600E+01 -7.473662E+02
1.782400E+01 -7.541235E+02
1.783200E+01 -7.561721E+02
1.784000E+01 -7.607213E+02
1.784800E+01 -7.646516E+02
1.785600E+01 -7.618451E+02
1.786400E+01 -7.546860E+02
1.787200E+01 -7.516783E+02
1.788000E+01 -7.589254E+02
1.788800E+01 -7.662340E+02
1.789600E+01 -7.601542E+02
1.790400E+01 -7.587010E+02
1.791200E+01 -7.579033E+02
1.792000E+01 -7.502495E+02
1.792800E+01 -7.516978E+02
1.793600E+01 -7.610857E+02
1.794400E+01 -7.600119E+02
1.795200E+01 -7.461406E+02
1.796000E+01 -7.476125E+02
1.796800E+01 -7.646834E+02
1.797600E+01 -7.627979E+02
1.798400E+01 -7.640662E+02
1.799200E+01 -7.645283E+02
1.800000E+01 -7.468176E+02
1.800800E+01 -7.531647E+02
1.801600E+01 -7.614872E+02
1.802400E+01 -7.597858E+02
1.803200E+01 -7.559918E+02
1.804000E+01 -7.542073E+02
1.804800E+01 -7.559372E+02
1.805600E+01 -7.578569E+02
1.806400E+01 -7.489378E+02
1.807200E+01 -7.475893E+02
1.808000E+01 -7.642424E+02
1.808800E+01 -7.660220E+02
1.809600E+01 -7.589105E+02
1.810400E+01 -7.618478E+02
1.811200E+01 -7.669188E+02
1.812000E+01 -7.647962E+02
1.812800E+01 -7.610125E+02
1.813600E+01 -7.599783E+02
1.814400E+01 -7.752842E+02
1.815200E+01 -7.736765E+02
1.816000E+01 -7.703684E+02
1.816800E+01 -7.711361E+02
1.817600E+01 -7.634002E+02
1.818400E+01 -7.682279E+02
1.819200E+01 -7.680342E+02
1.820000E+01 -7.547140E+02
1.820800E+01 -7.645964E+02
1.821600E+01 -7.645662E+02
1.822400E+01 -7.486418E+02
1.823200E+01 -7.555383E+02
1.824000E+01 -7.650562E+02
1.824800E+01 -7.559877E+02
1.825600E+01 -7.465519E+02
1.826400E+01 -7.496138E+02
1.827200E+01 -7.519794E+02
1.828000E+01 -7.529119E+02
1.828800E+01 -7.448295E+02
1.829600E+01 -7.450782E+02
1.830400E+01 -7.602491E+02
1.831200E+01 -7.610934E+02
1.832000E+01 -7.510153E+02
1.832800E+01 -7.511015E+02
1.833600E+01 -7.603324E+02
1.834400E+01 -7.611955E+02
1.835200E+01 -7.559277E+02
1.836000E+01 -7.437616E+02
1.836800E+01 -7.464002E+02
1.837600E+01 -7.590086E+02
1.838400E+01 -7.570239E+02
1.839200E+01 -7.516128E+02
1.840000E+01 -7.560978E+02
1.840800E+01 -7.591702E+02
1.841600E+01 -7.486773E+02
1.842400E+01 -7.463432E+02
1.843200E+01 -7.552909E+02
1.844000E+01 -7.674506E+02
1.844800E+01 -7.659307E+02
1.845600E+01 -7.587841E+02
1.846400E+01 -7.661493E+02
1.847200E+01 -7.675401E+02
1.848000E+01 -7.604068E+02
1.848800E+01 -7.560011E+02
1.849600E+01 -7.558499E+02
1.850400E+01 -7.544408E+02
1.851200E+01 -7.488719E+02
1.852000E+01 -7.428061E+02
1.852800E+01 -7.447300E+02
1.853600E+01 -7.472225E+02
1.854400E+01 -7.455144E+02
1.855200E+01 -7.457580E+02
1.856000E+01 -7.399702E+02
1.856800E+01 -7.430806E+02
1.857600E+01 -7.492060E+02
1.858400E+01 -7.499169E+02
1.859200E+01 -7.486884E+02
1.860000E+01 -7.439785E+02
1.860800E+01 -7.491247E+02
1.861600E+01 -7.467976E+02
1.862400E+01 -7.318725E+02
1.863200E+01 -7.337842E+02
1.864000E+01 -7.441733E+02
1.864800E+01 -7.539249E+02
1.865600E+01 -7.486755E+02
1.866400E+01 -7.330638E+02
1.867200E+01 -7.306398E+02
1.868000E+01 -7.427692E+02
1.868800E+01 -7.532818E+02
1.869600E+01 -7.379454E+02
1.870400E+01 -7.243041E+02
1.871200E+01 -7.364650E+02
1.872000E+01 -7.419261E+02
1.872800E+01 -7.435165E+02
1.873600E+01 -7.402236E+02
1.874400E+01 -7.409033E+02
1.875200E+01 -7.374901E+02
1.876000E+01 -7.277809E+02
1.876800E+01 -7.203362E+02
1.877600E+01 -7.225667E+02
1.878400E+01 -7.329258E+02
1.879200E+01 -7.304204E+02
1.880000E+01 -7.224880E+02
1.880800E+01 -7.164413E+02
1.881600E+01 -7.170229E+02
1.882400E+01 -7.274824E+02
1.883200E+01 -7.267673E+02
1.884000E+01 -7.233332E+02
1.884800E+01 -7.321906E+02
1.885600E+01 -7.380804E+02
1.886400E+01 -7.365256E+02
1.887200E+01 -7.360577E+02
1.888000E+01 -7.438024E+02
1.888800E+01 -7.456065E+02
1.889600E+01 -7.366193E+02
1.890400E+01 -7.336610E+02
1.891200E+01 -7.460197E+02
1.892000E+01 -7.417508E+02
1.892800E+01 -7.295827E+02
1.893600E+01 -7.299370E+02
1.894400E+01 -7.312521E+02
1.895200E+01 -7.295208E+02
1.896000E+01 -7.231470E+02
1.896800E+01 -7.274306E+02
1.897600E+01 -7.341507E+02
1.898400E+01 -7.329426E+02
1.899200E+01 -7.304071E+02
1.900000E+01 -7.241762E+02
1.900800E+01 -7.274735E+02
1.901600E+01 -7.266875E+02
1.902400E+01 -7.322423E+02
1.903200E+01 -7.374698E+02
1.904000E+01 -7.243404E+02
1.904800E+01 -7.238864E+02
1.905600E+01 -7.266127E+02
1.906400E+01 -7.190000E+02
1.907200E+01 -7.215468E+02
1.908000E+01 -7.327640E+02
1.908800E+01 -7.300921E+02
1.909600E+01 -7.210186E+02
1.910400E+01 -7.254750E+02
1.911200E+01 -7.237672E+02
1.912000E+01 -7.269635E+02
1.912800E+01 -7.328492E+02
1.913600E+01 -7.303359E+02
1.914400E+01 -7.276131E+02
1.915200E+01 -7.245452E+02
1.916000E+01 -7.280211E+02
1.916800E+01 -7.261090E+02
1.917600E+01 -7.246894E+02
1.918400E+01 -7.275143E+02
1.919200E+01 -7.315884E+02
1.920000E+01 -7.313190E+02
1.920800E+01 -7.222321E+02
1.921600E+01 -7.192233E+02
1.922400E+01 -7.191381E+02
1.923200E+01 -7.172087E+02
1.924000E+01 -7.144584E+02
1.924800E+01 -7.122349E+02
1.925600E+01 -7.190740E+02
1.926400E+01 -7.279001E+02
1.927200E+01 -7.220222E+02
1.928000E+01 -7.182930E+02
1.928800E+01 -7.209031E+02
1.929600E+01 -7.206527E+02
1.930400E+01 -7.232859E+02
1.931200E+01 -7.159557E+02
1.932000E+01 -7.178422E+02
1.932800E+01 -7.259589E+02
1.933600E+01 -7.260759E+02
1.934400E+01 -7.162670E+02
1.935200E+01 -7.156130E+02
1.936000E+01 -7.258054E+02
1.936800E+01 -7.231589E+02
1.937600E+01 -7.275642E+02
1.938400E+01 -7.218714E+02
1.939200E+01 -7.221130E+02
1.940000E+01 -7.293140E+02
1.940800E+01 -7.221603E+02
1.941600E+01 -7.232644E+02
1.942400E+01 -7.238246E+02
1.943200E+01 -7.205254E+02
1.944000E+01 -7.230169E+02
1.944800E+01 -7.169173E+02
1.945600E+01 -7.158326E+02
1.946400E+01 -7.189102E+02
1.947200E+01 -7.163170E+02
1.948000E+01 -7.160237E+02
1.948800E+01 -7.294892E+02
1.949600E+01 -7.338852E+02
1.950400E+01 -7.277072E+02
1.951200E+01 -7.290820E+02
1.952000E+01 -7.277750E+02
1.952800E+01 -7.254980E+02
1.953600E+01 -7.259954E+02
1.954400E+01 -7.362587E+02
1.955200E+01 -7.326752E+02
1.956000E+01 -7.190166E+02
1.956800E+01 -7.175306E+02
1.957600E+01 -7.189187E+02
1.958400E+01 -7.237347E+02
1.959200E+01 -7.263680E+02
1.960000E+01 -7.227236E+02
1.960800E+01 -7.306976E+02
1.961600E+01 -7.279552E+02
1.962400E+01 -7.143227E+02
1.963200E+01 -7.305411E+02
1.964000E+01 -7.386117E+02
1.964800E+01 -7.203300E+02
1.965600E+01 -7.175696E+02
1.966400E+01 -7.175182E+02
1.967200E+01 -7.241945E+02
1.968000E+01 -7.294158E+02
1.968800E+01 -7.270404E+02
1.969600E+01 -7.268556E+02
1.970400E+01 -7.237921E+02
1.971200E+01 -7.256504E+02
1.972000E+01 -7.244122E+02
1.972800E+01 -7.175874E+02
1.973600E+01 -7.254754E+02
1.974400E+01 -7.277454E+02
1.975200E+01 -7.205874E+02
1.976000E+01 -7.227188E+02
1.976800E+01 -7.208559E+02
1.977600E+01 -7.238776E+02
1.978400E+01 -7.281378E+02
1.979200E+01 -7.221045E+02
1.980000E+01 -7.231814E+02
1.980800E+01 -7.269531E+02
1.981600E+01 -7.347729E+02
1.982400E+01 -7.425131E+02
1.983200E+01 -7.368784E+02
1.984000E+01 -7.455246E+02
1.984800E+01 -7.468194E+02
1.985600E+01 -7.326107E+02
1.986400E+01 -7.273688E+02
1.987200E+01 -7.383786E+02
1.988000E+01 -7.417737E+02
1.988800E+01 -7.406228E+02
1.989600E+01 -7.389358E+02
1.990400E+01 -7.415737E+02
1.991200E+01 -7.475275E+02
1.992000E+01 -7.464757E+02
1.992800E+01 -7.472214E+02
1.993600E+01 -7.493735E+02
1.994400E+01 -7.468057E+02
1.995200E+01 -7.476959E+02
1.996000E+01 -7.446126E+02
1.996800E+01 -7.365066E+02
1.997600E+01 -7.401021E+02
1.998400E+01 -7.441565E+02
1.999200E+01 -7.436111E+02
2.000000E+01 -7.432213E+02
