8.000000E-03 2.080977E+02
1.600000E-02 2.991798E+02
2.400000E-02 4.042272E+02
3.200000E-02 4.924942E+02
4.000000E-02 5.222877E+02
4.800000E-02 4.665812E+02
5.600000E-02 5.792963E+02
6.400000E-02 5.822403E+02
7.200000E-02 4.678709E+02
8.000000E-02 5.228434E+02
8.800000E-02 6.109097E+02
9.600000E-02 5.756323E+02
1.040000E-01 5.164858E+02
1.120000E-01 5.322370E+02
1.200000E-01 5.034463E+02
1.280000E-01 4.409210E+02
1.360000E-01 3.834796E+02
1.440000E-01 3.345633E+02
1.520000E-01 3.400543E+02
1.600000E-01 3.793138E+02
1.680000E-01 3.333206E+02
1.760000E-01 2.623914E+02
1.840000E-01 2.463401E+02
1.920000E-01 2.680664E+02
2.000000E-01 2.301781E+02
2.080000E-01 1.870124E+02
2.160000E-01 2.253907E+02
2.240000E-01 1.995186E+02
2.320000E-01 1.875305E+02
2.400000E-01 2.222717E+02
2.480000E-01 1.974542E+02
2.560000E-01 1.643728E+02
2.640000E-01 1.699282E+02
2.720000E-01 1.663933E+02
2.800000E-01 1.615004E+02
2.880000E-01 1.740322E+02
2.960000E-01 1.673241E+02
3.040000E-01 1.519578E+02
3.120000E-01 1.389755E+02
3.200000E-01 1.209945E+02
3.280000E-01 1.270187E+02
3.360000E-01 1.407424E+02
3.440000E-01 1.262555E+02
3.520000E-01 1.326581E+02
3.600000E-01 1.279835E+02
3.680000E-01 9.945330E+01
3.760000E-01 9.704964E+01
3.840000E-01 9.569991E+01
3.920000E-01 8.050264E+01
4.000000E-01 7.839302E+01
4.080000E-01 7.414741E+01
4.160000E-01 6.992289E+01
4.240000E-01 6.905603E+01
4.320000E-01 6.119493E+01
4.400000E-01 6.606819E+01
4.480000E-01 6.565366E+01
4.560000E-01 5.782219E+01
4.640000E-01 5.959956E+01
4.720000E-01 5.678666E+01
4.800000E-01 5.214814E+01
4.880000E-01 5.320738E+01
4.960000E-01 5.088303E+01
5.040000E-01 4.600081E+01
5.120000E-01 4.733528E+01
5.200000E-01 4.655091E+01
5.280000E-01 3.746822E+01
5.360000E-01 3.521836E+01
5.440000E-01 3.969233E+01
5.520000E-01 3.719373E+01
5.600000E-01 3.378623E+01
5.680000E-01 3.649755E+01
5.760000E-01 3.634689E+01
5.840000E-01 3.598503E+01
5.920000E-01 3.486240E+01
6.000000E-01 3.050964E+01
6.080000E-01 2.956952E+01
6.160000E-01 3.034632E+01
6.240000E-01 3.052929E+01
6.320000E-01 3.108436E+01
6.400000E-01 3.173337E+01
6.480000E-01 3.009164E+01
6.560000E-01 2.818051E+01
6.640000E-01 2.587828E+01
6.720000E-01 2.333829E+01
6.800000E-01 2.234861E+01
6.880000E-01 2.270928E+01
6.960000E-01 2.336227E+01
7.040000E-01 2.179168E+01
7.120000E-01 2.104447E+01
7.200000E-01 2.122527E+01
7.280000E-01 2.221467E+01
7.360000E-01 2.420425E+01
7.440000E-01 2.339399E+01
7.520000E-01 2.422453E+01
7.600000E-01 2.529732E+01
7.680000E-01 2.467055E+01
7.760000E-01 2.448341E+01
7.840000E-01 2.215776E+01
7.920000E-01 2.120557E+01
8.000000E-01 2.067038E+01
8.080000E-01 1.879345E+01
8.160000E-01 1.911295E+01
8.240000E-01 1.996792E+01
8.320000E-01 1.875285E+01
8.400000E-01 1.849772E+01
8.480000E-01 1.908787E+01
8.560000E-01 1.895900E+01
8.640000E-01 1.873559E+01
8.720000E-01 1.919237E+01
8.800000E-01 1.901637E+01
8.880000E-01 1.820406E+01
8.960000E-01 1.958800E+01
9.040000E-01 2.039503E+01
9.120000E-01 1.997679E+01
9.200000E-01 1.989502E+01
9.280000E-01 1.918110E+01
9.360000E-01 1.926065E+01
9.440000E-01 2.017051E+01
9.520000E-01 2.189869E+01
9.600000E-01 2.313841E+01
9.680000E-01 2.422534E+01
9.760000E-01 2.474423E+01
9.840000E-01 2.496382E+01
9.920000E-01 2.517414E+01
1.000000E+00 2.485581E+01
1.008000E+00 2.742906E+01
1.016000E+00 2.848826E+01
1.024000E+00 3.032616E+01
1.032000E+00 3.238188E+01
1.040000E+00 3.148821E+01
1.048000E+00 3.141486E+01
1.056000E+00 3.229745E+01
1.064000E+00 3.438673E+01
1.072000E+00 3.716022E+01
1.080000E+00 3.986235E+01
1.088000E+00 4.245363E+01
1.096000E+00 4.546899E+01
1.104000E+00 4.823935E+01
1.112000E+00 5.102356E+01
1.120000E+00 5.318805E+01
1.128000E+00 5.706607E+01
1.136000E+00 6.388694E+01
1.144000E+00 6.660816E+01
1.152000E+00 6.701604E+01
1.160000E+00 7.036963E+01
1.168000E+00 7.402445E+01
1.176000E+00 7.920859E+01
1.184000E+00 8.391705E+01
1.192000E+00 8.596094E+01
1.200000E+00 9.503158E+01
1.208000E+00 1.016207E+02
1.216000E+00 1.053905E+02
1.224000E+00 1.150162E+02
1.232000E+00 1.204325E+02
1.240000E+00 1.273065E+02
1.248000E+00 1.388063E+02
1.256000E+00 1.472176E+02
1.264000E+00 1.582334E+02
1.272000E+00 1.637375E+02
1.280000E+00 1.618009E+02
1.288000E+00 1.801893E+02
1.296000E+00 1.999191E+02
1.304000E+00 2.031275E+02
1.312000E+00 2.116880E+02
1.320000E+00 2.340582E+02
1.328000E+00 2.596738E+02
1.336000E+00 2.687384E+02
1.344000E+00 2.689304E+02
1.352000E+00 2.860217E+02
1.360000E+00 3.085314E+02
1.368000E+00 3.400606E+02
1.376000E+00 3.714917E+02
1.384000E+00 3.713558E+02
1.392000E+00 3.740032E+02
1.400000E+00 3.879972E+02
1.408000E+00 3.655251E+02
1.416000E+00 3.681989E+02
1.424000E+00 3.704204E+02
1.432000E+00 3.821436E+02
1.440000E+00 3.803446E+02
1.448000E+00 4.046785E+02
1.456000E+00 4.187372E+02
1.464000E+00 4.361620E+02
1.472000E+00 4.295845E+02
1.480000E+00 3.815518E+02
1.488000E+00 4.017708E+02
1.496000E+00 3.894437E+02
1.504000E+00 3.899442E+02
1.512000E+00 3.824034E+02
1.520000E+00 3.760963E+02
1.528000E+00 3.609703E+02
1.536000E+00 3.659192E+02
1.544000E+00 3.751443E+02
1.552000E+00 3.523535E+02
1.560000E+00 3.315733E+02
1.568000E+00 3.077032E+02
1.576000E+00 2.855197E+02
1.584000E+00 2.686103E+02
1.592000E+00 2.558244E+02
1.600000E+00 2.460726E+02
1.608000E+00 2.313285E+02
1.616000E+00 2.405534E+02
1.624000E+00 2.499194E+02
1.632000E+00 2.250443E+02
1.640000E+00 1.922436E+02
1.648000E+00 1.817392E+02
1.656000E+00 1.696079E+02
1.664000E+00 1.622714E+02
1.672000E+00 1.846292E+02
1.680000E+00 1.958462E+02
1.688000E+00 1.826361E+02
1.696000E+00 1.720979E+02
1.704000E+00 1.501125E+02
1.712000E+00 1.324731E+02
1.720000E+00 1.464909E+02
1.728000E+00 1.506904E+02
1.736000E+00 1.437765E+02
1.744000E+00 1.437300E+02
1.752000E+00 1.308619E+02
1.760000E+00 1.321272E+02
1.768000E+00 1.466416E+02
1.776000E+00 1.398055E+02
1.784000E+00 1.376306E+02
1.792000E+00 1.441785E+02
1.800000E+00 1.463622E+02
1.808000E+00 1.513182E+02
1.816000E+00 1.555110E+02
1.824000E+00 1.542483E+02
1.832000E+00 1.510037E+02
1.840000E+00 1.512284E+02
1.848000E+00 1.391883E+02
1.856000E+00 1.370042E+02
1.864000E+00 1.415089E+02
1.872000E+00 1.343821E+02
1.880000E+00 1.230747E+02
1.888000E+00 1.185846E+02
1.896000E+00 1.242371E+02
1.904000E+00 1.242918E+02
1.912000E+00 1.113544E+02
1.920000E+00 1.158658E+02
1.928000E+00 1.224104E+02
1.936000E+00 1.214533E+02
1.944000E+00 1.133205E+02
1.952000E+00 1.056927E+02
1.960000E+00 1.033302E+02
1.968000E+00 1.106327E+02
1.976000E+00 1.169930E+02
1.984000E+00 1.055739E+02
1.992000E+00 1.039548E+02
2.000000E+00 9.970714E+01
2.008000E+00 9.293541E+01
2.016000E+00 8.875574E+01
2.024000E+00 8.455441E+01
2.032000E+00 8.274305E+01
2.040000E+00 8.468400E+01
2.048000E+00 8.246580E+01
2.056000E+00 7.875375E+01
2.064000E+00 8.374182E+01
2.072000E+00 8.552173E+01
2.080000E+00 8.875498E+01
2.088000E+00 9.888665E+01
2.096000E+00 9.676984E+01
2.104000E+00 8.967506E+01
2.112000E+00 8.446425E+01
2.120000E+00 8.208478E+01
2.128000E+00 8.699288E+01
2.136000E+00 8.172466E+01
2.144000E+00 8.356288E+01
2.152000E+00 9.246947E+01
2.160000E+00 9.515997E+01
2.168000E+00 8.471155E+01
2.176000E+00 7.391238E+01
2.184000E+00 7.124391E+01
2.192000E+00 6.450862E+01
2.200000E+00 7.439475E+01
2.208000E+00 8.104311E+01
2.216000E+00 7.711053E+01
2.224000E+00 7.711726E+01
2.232000E+00 7.202654E+01
2.240000E+00 7.036270E+01
2.248000E+00 7.324205E+01
2.256000E+00 7.862623E+01
2.264000E+00 7.692614E+01
2.272000E+00 7.705781E+01
2.280000E+00 7.724589E+01
2.288000E+00 7.240871E+01
2.296000E+00 7.273143E+01
2.304000E+00 7.127270E+01
2.312000E+00 7.202936E+01
2.320000E+00 7.747328E+01
2.328000E+00 8.342594E+01
2.336000E+00 8.255528E+01
2.344000E+00 8.107431E+01
2.352000E+00 8.392918E+01
2.360000E+00 7.947025E+01
2.368000E+00 7.611587E+01
2.376000E+00 7.863338E+01
2.384000E+00 8.372731E+01
2.392000E+00 8.891786E+01
2.400000E+00 9.048282E+01
2.408000E+00 9.925112E+01
2.416000E+00 9.598514E+01
2.424000E+00 9.254729E+01
2.432000E+00 9.565809E+01
2.440000E+00 9.456649E+01
2.448000E+00 1.005808E+02
2.456000E+00 1.029090E+02
2.464000E+00 1.051091E+02
2.472000E+00 1.023014E+02
2.480000E+00 9.854183E+01
2.488000E+00 1.075789E+02
2.496000E+00 1.116209E+02
2.504000E+00 1.148153E+02
2.512000E+00 1.127622E+02
2.520000E+00 1.117466E+02
2.528000E+00 1.171856E+02
2.536000E+00 1.049170E+02
2.544000E+00 1.071649E+02
2.552000E+00 1.261893E+02
2.560000E+00 1.235579E+02
2.568000E+00 1.172188E+02
2.576000E+00 1.245519E+02
2.584000E+00 1.159565E+02
2.592000E+00 1.087736E+02
2.600000E+00 1.105165E+02
2.608000E+00 1.185813E+02
2.616000E+00 1.545113E+02
2.624000E+00 1.622556E+02
2.632000E+00 1.493479E+02
2.640000E+00 1.469553E+02
2.648000E+00 1.382830E+02
2.656000E+00 1.480882E+02
2.664000E+00 1.547411E+02
2.672000E+00 1.554440E+02
2.680000E+00 1.623203E+02
2.688000E+00 1.786965E+02
2.696000E+00 1.792427E+02
2.704000E+00 1.866360E+02
2.712000E+00 1.941949E+02
2.720000E+00 1.814501E+02
2.728000E+00 1.837326E+02
2.736000E+00 1.761708E+02
2.744000E+00 1.724374E+02
2.752000E+00 1.537627E+02
2.760000E+00 1.529844E+02
2.768000E+00 1.707793E+02
2.776000E+00 1.739636E+02
2.784000E+00 1.699299E+02
2.792000E+00 1.674632E+02
2.800000E+00 1.816619E+02
2.808000E+00 1.908781E+02
2.816000E+00 2.104087E+02
2.824000E+00 1.901812E+02
2.832000E+00 1.868639E+02
2.840000E+00 1.989622E+02
2.848000E+00 1.743075E+02
2.856000E+00 1.685262E+02
2.864000E+00 1.799235E+02
2.872000E+00 1.913096E+02
2.880000E+00 2.079673E+02
2.888000E+00 1.927250E+02
2.896000E+00 2.065737E+02
2.904000E+00 2.259513E+02
2.912000E+00 1.986487E+02
2.920000E+00 2.124687E+02
2.928000E+00 2.206953E+02
2.936000E+00 1.992061E+02
2.944000E+00 2.434058E+02
2.952000E+00 2.447592E+02
2.960000E+00 2.332441E+02
2.968000E+00 2.625934E+02
2.976000E+00 2.468167E+02
2.984000E+00 2.167950E+02
2.992000E+00 2.449758E+02
3.000000E+00 2.477051E+02
3.008000E+00 2.087278E+02
3.016000E+00 2.368060E+02
3.024000E+00 2.479734E+02
3.032000E+00 2.389700E+02
3.040000E+00 2.447169E+02
3.048000E+00 2.561738E+02
3.056000E+00 2.239149E+02
3.064000E+00 2.088950E+02
3.072000E+00 2.169770E+02
3.080000E+00 2.102589E+02
3.088000E+00 2.229873E+02
3.096000E+00 2.163647E+02
3.104000E+00 2.067666E+02
3.112000E+00 2.121926E+02
3.120000E+00 2.342612E+02
3.128000E+00 2.412104E+02
3.136000E+00 2.177522E+02
3.144000E+00 1.890221E+02
3.152000E+00 1.963321E+02
3.160000E+00 2.186941E+02
3.168000E+00 2.112189E+02
3.176000E+00 1.987587E+02
3.184000E+00 1.978312E+02
3.192000E+00 1.929768E+02
3.200000E+00 1.757533E+02
3.208000E+00 1.758591E+02
3.216000E+00 1.935938E+02
3.224000E+00 1.790639E+02
3.232000E+00 1.833814E+02
3.240000E+00 1.966665E+02
3.248000E+00 2.090097E+02
3.256000E+00 1.876564E+02
3.264000E+00 1.798738E+02
3.272000E+00 1.973583E+02
3.280000E+00 1.854100E+02
3.288000E+00 1.874675E+02
3.296000E+00 2.103251E+02
3.304000E+00 2.017595E+02
3.312000E+00 1.744361E+02
3.320000E+00 1.602247E+02
3.328000E+00 1.476874E+02
3.336000E+00 1.381027E+02
3.344000E+00 1.543629E+02
3.352000E+00 1.650471E+02
3.360000E+00 1.394086E+02
3.368000E+00 1.308828E+02
3.376000E+00 1.241187E+02
3.384000E+00 1.194900E+02
3.392000E+00 1.140439E+02
3.400000E+00 1.330257E+02
3.408000E+00 1.318652E+02
3.416000E+00 1.299629E+02
3.424000E+00 1.419171E+02
3.432000E+00 1.305250E+02
3.440000E+00 1.333718E+02
3.448000E+00 1.116446E+02
3.456000E+00 1.029544E+02
3.464000E+00 1.106347E+02
3.472000E+00 8.979599E+01
3.480000E+00 9.238288E+01
3.488000E+00 9.373430E+01
3.496000E+00 1.014793E+02
3.504000E+00 1.160788E+02
3.512000E+00 1.116930E+02
3.520000E+00 1.308119E+02
3.528000E+00 1.264491E+02
3.536000E+00 1.047966E+02
3.544000E+00 1.097593E+02
3.552000E+00 1.115948E+02
3.560000E+00 1.068708E+02
3.568000E+00 9.363371E+01
3.576000E+00 9.797606E+01
3.584000E+00 1.048284E+02
3.592000E+00 1.075937E+02
3.600000E+00 1.070361E+02
3.608000E+00 9.110372E+01
3.616000E+00 8.163783E+01
3.624000E+00 8.695548E+01
3.632000E+00 9.376347E+01
3.640000E+00 8.220939E+01
3.648000E+00 8.273346E+01
3.656000E+00 9.715940E+01
3.664000E+00 9.587814E+01
3.672000E+00 8.917615E+01
3.680000E+00 8.725753E+01
3.688000E+00 7.755505E+01
3.696000E+00 7.679531E+01
3.704000E+00 8.704316E+01
3.712000E+00 8.011702E+01
3.720000E+00 7.956305E+01
3.728000E+00 8.856169E+01
3.736000E+00 9.543976E+01
3.744000E+00 8.877405E+01
3.752000E+00 8.097885E+01
3.760000E+00 8.315505E+01
3.768000E+00 7.974607E+01
3.776000E+00 8.252330E+01
3.784000E+00 8.190187E+01
3.792000E+00 8.385220E+01
3.800000E+00 8.784531E+01
3.808000E+00 9.834438E+01
3.816000E+00 1.006216E+02
3.824000E+00 9.065561E+01
3.832000E+00 8.540994E+01
3.840000E+00 8.615648E+01
3.848000E+00 8.833076E+01
3.856000E+00 8.378802E+01
3.864000E+00 9.492677E+01
3.872000E+00 9.378993E+01
3.880000E+00 8.224176E+01
3.888000E+00 9.571596E+01
3.896000E+00 1.030800E+02
3.904000E+00 1.030771E+02
3.912000E+00 1.118857E+02
3.920000E+00 1.065781E+02
3.928000E+00 9.594988E+01
3.936000E+00 1.003547E+02
3.944000E+00 1.064665E+02
3.952000E+00 1.079991E+02
3.960000E+00 1.158304E+02
3.968000E+00 1.062797E+02
3.976000E+00 1.174472E+02
3.984000E+00 1.202242E+02
3.992000E+00 1.019633E+02
4.000000E+00 1.020627E+02
4.008000E+00 1.242895E+02
4.016000E+00 1.249709E+02
4.024000E+00 1.113085E+02
4.032000E+00 1.226746E+02
4.040000E+00 1.395936E+02
4.048000E+00 1.525395E+02
4.056000E+00 1.554404E+02
4.064000E+00 1.504853E+02
4.072000E+00 1.738279E+02
4.080000E+00 1.646945E+02
4.088000E+00 1.472125E+02
4.096000E+00 1.511610E+02
4.104000E+00 1.582665E+02
4.112000E+00 1.830789E+02
4.120000E+00 1.837661E+02
4.128000E+00 1.688882E+02
4.136000E+00 1.875175E+02
4.144000E+00 1.954120E+02
4.152000E+00 1.992324E+02
4.160000E+00 1.878431E+02
4.168000E+00 1.583132E+02
4.176000E+00 1.622883E+02
4.184000E+00 1.927397E+02
4.192000E+00 2.003023E+02
4.200000E+00 1.996978E+02
4.208000E+00 2.113341E+02
4.216000E+00 2.191567E+02
4.224000E+00 2.217632E+02
4.232000E+00 1.990782E+02
4.240000E+00 2.000047E+02
4.248000E+00 2.051581E+02
4.256000E+00 2.044765E+02
4.264000E+00 2.044929E+02
4.272000E+00 1.974456E+02
4.280000E+00 1.997448E+02
4.288000E+00 2.035353E+02
4.296000E+00 2.169115E+02
4.304000E+00 2.246173E+02
4.312000E+00 2.042925E+02
4.320000E+00 1.824380E+02
4.328000E+00 2.019303E+02
4.336000E+00 2.438251E+02
4.344000E+00 2.582923E+02
4.352000E+00 2.495849E+02
4.360000E+00 2.433096E+02
4.368000E+00 2.313065E+02
4.376000E+00 2.201907E+02
4.384000E+00 1.912680E+02
4.392000E+00 1.838492E+02
4.400000E+00 1.829789E+02
4.408000E+00 1.990856E+02
4.416000E+00 2.296443E+02
4.424000E+00 2.185508E+02
4.432000E+00 2.067210E+02
4.440000E+00 1.937986E+02
4.448000E+00 1.783570E+02
4.456000E+00 1.806375E+02
4.464000E+00 2.138059E+02
4.472000E+00 2.024961E+02
4.480000E+00 1.688311E+02
4.488000E+00 1.792865E+02
4.496000E+00 2.008722E+02
4.504000E+00 1.901054E+02
4.512000E+00 1.863849E+02
4.520000E+00 1.633914E+02
4.528000E+00 1.491226E+02
4.536000E+00 1.987950E+02
4.544000E+00 2.054506E+02
4.552000E+00 1.709784E+02
4.560000E+00 1.839288E+02
4.568000E+00 1.625887E+02
4.576000E+00 1.574572E+02
4.584000E+00 1.816634E+02
4.592000E+00 1.622304E+02
4.600000E+00 2.076077E+02
4.608000E+00 1.984865E+02
4.616000E+00 1.672969E+02
4.624000E+00 1.782964E+02
4.632000E+00 1.967994E+02
4.640000E+00 1.987470E+02
4.648000E+00 1.943145E+02
4.656000E+00 1.879194E+02
4.664000E+00 1.850369E+02
4.672000E+00 1.930504E+02
4.680000E+00 1.980507E+02
4.688000E+00 1.790853E+02
4.696000E+00 1.797089E+02
4.704000E+00 2.026785E+02
4.712000E+00 1.763622E+02
4.720000E+00 1.703279E+02
4.728000E+00 1.575188E+02
4.736000E+00 1.474411E+02
4.744000E+00 1.560251E+02
4.752000E+00 1.605110E+02
4.760000E+00 1.604661E+02
4.768000E+00 1.484723E+02
4.776000E+00 1.704644E+02
4.784000E+00 1.683314E+02
4.792000E+00 1.274951E+02
4.800000E+00 1.453482E+02
4.808000E+00 1.561177E+02
4.816000E+00 1.524053E+02
4.824000E+00 1.333102E+02
4.832000E+00 1.240574E+02
4.840000E+00 1.413765E+02
4.848000E+00 1.379995E+02
4.856000E+00 1.359329E+02
4.864000E+00 1.216672E+02
4.872000E+00 1.076280E+02
4.880000E+00 1.197964E+02
4.888000E+00 1.313696E+02
4.896000E+00 1.153822E+02
4.904000E+00 9.872250E+01
4.912000E+00 1.161680E+02
4.920000E+00 1.066265E+02
4.928000E+00 9.007460E+01
4.936000E+00 8.815871E+01
4.944000E+00 7.556637E+01
4.952000E+00 8.228448E+01
4.960000E+00 9.353823E+01
4.968000E+00 1.139190E+02
4.976000E+00 1.037624E+02
4.984000E+00 7.950593E+01
4.992000E+00 8.732480E+01
5.000000E+00 9.106169E+01
5.008000E+00 1.026435E+02
5.016000E+00 1.036969E+02
5.024000E+00 1.056932E+02
5.032000E+00 1.090111E+02
5.040000E+00 1.049063E+02
5.048000E+00 1.118133E+02
5.056000E+00 9.656225E+01
5.064000E+00 9.864147E+01
5.072000E+00 1.108609E+02
5.080000E+00 8.584280E+01
5.088000E+00 9.728273E+01
5.096000E+00 1.011326E+02
5.104000E+00 1.243060E+02
5.112000E+00 1.272309E+02
5.120000E+00 1.049537E+02
5.128000E+00 1.265793E+02
5.136000E+00 1.106671E+02
5.144000E+00 1.020108E+02
5.152000E+00 9.689584E+01
5.160000E+00 8.529588E+01
5.168000E+00 1.086229E+02
5.176000E+00 1.019758E+02
5.184000E+00 8.773877E+01
5.192000E+00 9.421617E+01
5.200000E+00 1.086727E+02
5.208000E+00 1.123114E+02
5.216000E+00 1.023158E+02
5.224000E+00 1.122930E+02
5.232000E+00 1.039797E+02
5.240000E+00 1.051174E+02
5.248000E+00 1.176524E+02
5.256000E+00 1.159676E+02
5.264000E+00 1.119330E+02
5.272000E+00 1.108455E+02
5.280000E+00 1.252650E+02
5.288000E+00 1.160722E+02
5.296000E+00 1.053421E+02
5.304000E+00 1.284122E+02
5.312000E+00 1.376771E+02
5.320000E+00 1.169509E+02
5.328000E+00 1.194244E+02
5.336000E+00 1.352341E+02
5.344000E+00 1.200514E+02
5.352000E+00 1.154660E+02
5.360000E+00 1.242145E+02
5.368000E+00 1.354465E+02
5.376000E+00 1.331227E+02
5.384000E+00 1.271967E+02
5.392000E+00 1.339591E+02
5.400000E+00 1.275231E+02
5.408000E+00 1.158339E+02
5.416000E+00 1.408731E+02
5.424000E+00 1.394449E+02
5.432000E+00 1.178881E+02
5.440000E+00 1.157007E+02
5.448000E+00 1.338863E+02
5.456000E+00 1.391663E+02
5.464000E+00 1.303122E+02
5.472000E+00 1.368325E+02
5.480000E+00 1.316334E+02
5.488000E+00 1.231961E+02
5.496000E+00 1.339602E+02
5.504000E+00 1.418773E+02
5.512000E+00 1.592279E+02
5.520000E+00 1.629424E+02
5.528000E+00 1.522407E+02
5.536000E+00 1.414087E+02
5.544000E+00 1.608573E+02
5.552000E+00 1.887432E+02
5.560000E+00 1.765703E+02
5.568000E+00 1.811245E+02
5.576000E+00 1.897936E+02
5.584000E+00 1.807479E+02
5.592000E+00 1.945531E+02
5.600000E+00 1.948969E+02
5.608000E+00 2.010229E+02
5.616000E+00 2.127524E+02
5.624000E+00 2.271548E+02
5.632000E+00 2.303222E+02
5.640000E+00 2.199215E+02
5.648000E+00 2.242844E+02
5.656000E+00 2.182866E+02
5.664000E+00 2.022357E+02
5.672000E+00 2.075614E+02
5.680000E+00 2.100595E+02
5.688000E+00 2.074661E+02
5.696000E+00 2.033072E+02
5.704000E+00 1.890621E+02
5.712000E+00 1.916800E+02
5.720000E+00 2.050490E+02
5.728000E+00 1.976488E+02
5.736000E+00 2.063466E+02
5.744000E+00 1.836072E+02
5.752000E+00 1.923484E+02
5.760000E+00 2.229384E+02
5.768000E+00 2.047952E+02
5.776000E+00 1.947373E+02
5.784000E+00 2.257694E+02
5.792000E+00 2.500782E+02
5.800000E+00 2.179969E+02
5.808000E+00 2.042716E+02
5.816000E+00 2.020953E+02
5.824000E+00 2.000453E+02
5.832000E+00 2.056618E+02
5.840000E+00 2.145027E+02
5.848000E+00 2.496628E+02
5.856000E+00 2.053359E+02
5.864000E+00 1.780097E+02
5.872000E+00 1.948318E+02
5.880000E+00 1.865485E+02
5.888000E+00 1.893461E+02
5.896000E+00 1.925279E+02
5.904000E+00 1.808631E+02
5.912000E+00 1.827303E+02
5.920000E+00 1.660062E+02
5.928000E+00 1.705059E+02
5.936000E+00 1.869565E+02
5.944000E+00 1.984935E+02
5.952000E+00 1.863864E+02
5.960000E+00 1.336334E+02
5.968000E+00 1.801079E+02
5.976000E+00 1.991017E+02
5.984000E+00 1.642713E+02
5.992000E+00 1.578756E+02
6.000000E+00 1.545567E+02
6.008000E+00 1.753874E+02
6.016000E+00 1.751712E+02
6.024000E+00 1.492370E+02
6.032000E+00 1.755064E+02
6.040000E+00 1.794304E+02
6.048000E+00 1.507015E+02
6.056000E+00 1.450837E+02
6.064000E+00 1.734095E+02
6.072000E+00 1.704077E+02
6.080000E+00 1.406414E+02
6.088000E+00 1.571896E+02
6.096000E+00 1.804480E+02
6.104000E+00 1.758543E+02
6.112000E+00 1.624657E+02
6.120000E+00 1.578535E+02
6.128000E+00 1.614209E+02
6.136000E+00 1.427350E+02
6.144000E+00 1.396810E+02
6.152000E+00 1.650710E+02
6.160000E+00 1.538248E+02
6.168000E+00 1.435731E+02
6.176000E+00 1.569325E+02
6.184000E+00 1.364128E+02
6.192000E+00 1.300388E+02
6.200000E+00 1.515785E+02
6.208000E+00 1.231195E+02
6.216000E+00 1.105111E+02
6.224000E+00 1.432679E+02
6.232000E+00 1.492706E+02
6.240000E+00 1.042683E+02
6.248000E+00 1.152044E+02
6.256000E+00 1.276733E+02
6.264000E+00 1.086450E+02
6.272000E+00 1.124199E+02
6.280000E+00 1.004588E+02
6.288000E+00 1.078970E+02
6.296000E+00 1.051390E+02
6.304000E+00 7.812872E+01
6.312000E+00 1.038358E+02
6.320000E+00 1.115831E+02
6.328000E+00 8.776016E+01
6.336000E+00 8.570428E+01
6.344000E+00 1.041431E+02
6.352000E+00 1.032574E+02
6.360000E+00 9.422276E+01
6.368000E+00 1.059734E+02
6.376000E+00 1.019062E+02
6.384000E+00 8.814468E+01
6.392000E+00 1.118355E+02
6.400000E+00 1.186663E+02
6.408000E+00 1.139603E+02
6.416000E+00 1.189519E+02
6.424000E+00 9.404014E+01
6.432000E+00 1.027859E+02
6.440000E+00 1.095600E+02
6.448000E+00 1.020378E+02
6.456000E+00 9.752504E+01
6.464000E+00 1.176233E+02
6.472000E+00 1.295781E+02
6.480000E+00 1.246112E+02
6.488000E+00 1.215604E+02
6.496000E+00 1.213351E+02
6.504000E+00 1.125238E+02
6.512000E+00 1.115688E+02
6.520000E+00 1.109298E+02
6.528000E+00 1.092264E+02
6.536000E+00 1.161965E+02
6.544000E+00 9.557254E+01
6.552000E+00 1.035336E+02
6.560000E+00 1.199061E+02
6.568000E+00 1.025147E+02
6.576000E+00 1.066805E+02
6.584000E+00 1.153408E+02
6.592000E+00 1.187209E+02
6.600000E+00 1.202255E+02
6.608000E+00 1.146852E+02
6.616000E+00 1.106467E+02
6.624000E+00 1.208364E+02
6.632000E+00 1.025269E+02
6.640000E+00 1.075184E+02
6.648000E+00 1.166711E+02
6.656000E+00 1.056698E+02
6.664000E+00 1.041730E+02
6.672000E+00 1.006628E+02
6.680000E+00 1.177358E+02
6.688000E+00 9.665358E+01
6.696000E+00 1.248618E+02
6.704000E+00 1.425214E+02
6.712000E+00 1.171044E+02
6.720000E+00 1.390829E+02
6.728000E+00 1.344782E+02
6.736000E+00 1.098319E+02
6.744000E+00 1.109633E+02
6.752000E+00 1.259738E+02
6.760000E+00 1.202973E+02
6.768000E+00 1.319030E+02
6.776000E+00 1.447873E+02
6.784000E+00 1.265058E+02
6.792000E+00 1.164475E+02
6.800000E+00 1.305503E+02
6.808000E+00 1.238147E+02
6.816000E+00 1.065391E+02
6.824000E+00 1.210307E+02
6.832000E+00 1.215800E+02
6.840000E+00 1.362066E+02
6.848000E+00 1.497370E+02
6.856000E+00 1.378386E+02
6.864000E+00 1.578155E+02
6.872000E+00 1.501659E+02
6.880000E+00 1.331132E+02
6.888000E+00 1.287377E+02
6.896000E+00 1.398792E+02
6.904000E+00 1.731643E+02
6.912000E+00 1.759135E+02
6.920000E+00 1.682334E+02
6.928000E+00 1.628403E+02
6.936000E+00 1.934494E+02
6.944000E+00 1.867653E+02
6.952000E+00 1.834114E+02
6.960000E+00 2.129542E+02
6.968000E+00 1.948079E+02
6.976000E+00 1.900893E+02
6.984000E+00 1.835122E+02
6.992000E+00 2.075892E+02
7.000000E+00 2.258533E+02
7.008000E+00 1.994898E+02
7.016000E+00 1.831634E+02
7.024000E+00 1.924525E+02
7.032000E+00 2.075813E+02
7.040000E+00 2.051257E+02
7.048000E+00 2.051331E+02
7.056000E+00 2.111508E+02
7.064000E+00 1.800857E+02
7.072000E+00 1.621431E+02
7.080000E+00 2.025978E+02
7.088000E+00 2.327026E+02
7.096000E+00 1.926796E+02
7.104000E+00 1.965377E+02
7.112000E+00 1.817041E+02
7.120000E+00 1.539846E+02
7.128000E+00 2.207892E+02
7.136000E+00 2.228644E+02
7.144000E+00 1.989428E+02
7.152000E+00 1.885304E+02
7.160000E+00 2.016739E+02
7.168000E+00 2.113709E+02
7.176000E+00 2.050772E+02
7.184000E+00 2.168699E+02
7.192000E+00 2.242736E+02
7.200000E+00 2.038919E+02
7.208000E+00 1.860051E+02
7.216000E+00 1.742506E+02
7.224000E+00 1.753686E+02
7.232000E+00 1.892495E+02
7.240000E+00 1.846964E+02
7.248000E+00 1.790431E+02
7.256000E+00 1.913096E+02
7.264000E+00 1.995735E+02
7.272000E+00 1.845186E+02
7.280000E+00 1.707523E+02
7.288000E+00 1.608339E+02
7.296000E+00 1.769971E+02
7.304000E+00 1.904648E+02
7.312000E+00 2.010213E+02
7.320000E+00 2.170725E+02
7.328000E+00 2.006506E+02
7.336000E+00 2.086451E+02
7.344000E+00 2.094981E+02
7.352000E+00 1.944398E+02
7.360000E+00 1.728604E+02
7.368000E+00 1.604051E+02
7.376000E+00 2.101271E+02
7.384000E+00 2.117922E+02
7.392000E+00 1.944302E+02
7.400000E+00 1.736770E+02
7.408000E+00 1.616246E+02
7.416000E+00 1.830775E+02
7.424000E+00 1.769435E+02
7.432000E+00 1.524787E+02
7.440000E+00 1.550299E+02
7.448000E+00 1.764612E+02
7.456000E+00 1.692558E+02
7.464000E+00 1.457576E+02
7.472000E+00 1.417650E+02
7.480000E+00 1.625922E+02
7.488000E+00 1.841605E+02
7.496000E+00 1.600497E+02
7.504000E+00 1.441083E+02
7.512000E+00 1.377560E+02
7.520000E+00 1.300175E+02
7.528000E+00 1.540971E+02
7.536000E+00 1.524469E+02
7.544000E+00 1.148470E+02
7.552000E+00 1.251925E+02
7.560000E+00 1.706669E+02
7.568000E+00 1.543397E+02
7.576000E+00 1.384557E+02
7.584000E+00 1.316229E+02
7.592000E+00 1.197258E+02
7.600000E+00 1.411035E+02
7.608000E+00 1.365108E+02
7.616000E+00 1.238349E+02
7.624000E+00 1.162027E+02
7.632000E+00 1.241565E+02
7.640000E+00 1.210395E+02
7.648000E+00 1.369844E+02
7.656000E+00 1.336387E+02
7.664000E+00 1.151134E+02
7.672000E+00 1.247254E+02
7.680000E+00 1.188688E+02
7.688000E+00 1.317994E+02
7.696000E+00 1.280228E+02
7.704000E+00 1.151435E+02
7.712000E+00 1.028434E+02
7.720000E+00 8.402458E+01
7.728000E+00 1.064422E+02
7.736000E+00 1.187405E+02
7.744000E+00 1.059646E+02
7.752000E+00 1.166723E+02
7.760000E+00 9.857963E+01
7.768000E+00 9.482355E+01
7.776000E+00 1.146770E+02
7.784000E+00 1.034118E+02
7.792000E+00 1.059162E+02
7.800000E+00 1.140172E+02
7.808000E+00 1.006649E+02
7.816000E+00 1.149732E+02
7.824000E+00 1.261705E+02
7.832000E+00 1.136781E+02
7.840000E+00 1.007076E+02
7.848000E+00 9.865422E+01
7.856000E+00 1.053162E+02
7.864000E+00 1.131705E+02
7.872000E+00 1.191665E+02
7.880000E+00 1.171972E+02
7.888000E+00 1.044983E+02
7.896000E+00 1.057791E+02
7.904000E+00 1.227839E+02
7.912000E+00 1.206403E+02
7.920000E+00 9.772055E+01
7.928000E+00 1.045986E+02
7.936000E+00 1.271332E+02
7.944000E+00 1.083957E+02
7.952000E+00 1.051305E+02
7.960000E+00 1.147233E+02
7.968000E+00 1.194845E+02
7.976000E+00 1.186064E+02
7.984000E+00 1.196890E+02
7.992000E+00 1.259169E+02
8.000000E+00 1.049268E+02
8.008000E+00 8.706554E+01
8.016000E+00 9.993311E+01
8.024000E+00 1.131662E+02
8.032000E+00 1.147797E+02
8.040000E+00 1.133569E+02
8.048000E+00 1.277802E+02
8.056000E+00 1.400204E+02
8.064000E+00 1.418193E+02
8.072000E+00 1.487747E+02
8.080000E+00 1.332832E+02
8.088000E+00 1.235495E+02
8.096000E+00 1.123075E+02
8.104000E+00 9.926551E+01
8.112000E+00 1.233248E+02
8.120000E+00 1.517081E+02
8.128000E+00 1.322439E+02
8.136000E+00 1.247822E+02
8.144000E+00 1.322000E+02
8.152000E+00 1.421014E+02
8.160000E+00 1.573938E+02
8.168000E+00 1.459779E+02
8.176000E+00 1.289415E+02
8.184000E+00 1.442189E+02
8.192000E+00 1.237016E+02
8.200000E+00 1.237602E+02
8.208000E+00 1.626531E+02
8.216000E+00 1.485064E+02
8.224000E+00 1.439253E+02
8.232000E+00 1.551477E+02
8.240000E+00 1.520222E+02
8.248000E+00 1.367027E+02
8.256000E+00 1.502061E+02
8.264000E+00 1.382884E+02
8.272000E+00 1.364980E+02
8.280000E+00 1.548903E+02
8.288000E+00 1.452829E+02
8.296000E+00 1.391976E+02
8.304000E+00 1.586282E+02
8.312000E+00 1.741980E+02
8.320000E+00 1.702888E+02
8.328000E+00 1.501677E+02
8.336000E+00 1.395154E+02
8.344000E+00 1.419467E+02
8.352000E+00 1.549755E+02
8.360000E+00 1.620755E+02
8.368000E+00 1.583688E+02
8.376000E+00 1.586758E+02
8.384000E+00 1.601731E+02
8.392000E+00 1.571518E+02
8.400000E+00 1.569014E+02
8.408000E+00 1.649258E+02
8.416000E+00 1.598662E+02
8.424000E+00 1.630727E+02
8.432000E+00 1.850455E+02
8.440000E+00 1.882072E+02
8.448000E+00 1.846631E+02
8.456000E+00 2.093739E+02
8.464000E+00 2.155185E+02
8.472000E+00 1.895083E+02
8.480000E+00 2.253444E+02
8.488000E+00 2.377783E+02
8.496000E+00 2.121360E+02
8.504000E+00 2.315216E+02
8.512000E+00 2.048738E+02
8.520000E+00 1.799226E+02
8.528000E+00 2.467002E+02
8.536000E+00 2.413711E+02
8.544000E+00 1.958330E+02
8.552000E+00 2.082811E+02
8.560000E+00 2.273824E+02
8.568000E+00 2.092570E+02
8.576000E+00 2.019920E+02
8.584000E+00 2.230827E+02
8.592000E+00 2.052552E+02
8.600000E+00 1.999239E+02
8.608000E+00 1.969241E+02
8.616000E+00 1.841070E+02
8.624000E+00 1.823916E+02
8.632000E+00 1.773520E+02
8.640000E+00 1.935764E+02
8.648000E+00 2.027395E+02
8.656000E+00 1.661344E+02
8.664000E+00 1.743142E+02
8.672000E+00 1.760442E+02
8.680000E+00 1.789547E+02
8.688000E+00 2.005874E+02
8.696000E+00 1.805352E+02
8.704000E+00 1.858614E+02
8.712000E+00 1.908258E+02
8.720000E+00 1.727687E+02
8.728000E+00 1.560378E+02
8.736000E+00 1.503902E+02
8.744000E+00 1.843535E+02
8.752000E+00 1.863713E+02
8.760000E+00 1.838897E+02
8.768000E+00 1.609147E+02
8.776000E+00 1.421697E+02
8.784000E+00 1.818828E+02
8.792000E+00 1.962070E+02
8.800000E+00 1.823673E+02
8.808000E+00 1.630733E+02
8.816000E+00 1.697499E+02
8.824000E+00 1.791781E+02
8.832000E+00 1.692396E+02
8.840000E+00 1.522490E+02
8.848000E+00 1.578651E+02
8.856000E+00 1.741439E+02
8.864000E+00 1.548598E+02
8.872000E+00 1.652858E+02
8.880000E+00 1.741887E+02
8.888000E+00 1.512337E+02
8.896000E+00 1.556831E+02
8.904000E+00 1.640408E+02
8.912000E+00 1.548894E+02
8.920000E+00 1.697559E+02
8.928000E+00 1.800892E+02
8.936000E+00 1.597609E+02
8.944000E+00 1.439369E+02
8.952000E+00 1.393072E+02
8.960000E+00 1.436752E+02
8.968000E+00 1.514290E+02
8.976000E+00 1.439008E+02
8.984000E+00 1.242560E+02
8.992000E+00 1.295623E+02
9.000000E+00 1.349517E+02
9.008000E+00 1.375135E+02
9.016000E+00 1.457027E+02
9.024000E+00 1.283485E+02
9.032000E+00 1.069466E+02
9.040000E+00 8.902784E+01
9.048000E+00 1.012845E+02
9.056000E+00 1.159587E+02
9.064000E+00 1.086269E+02
9.072000E+00 9.955647E+01
9.080000E+00 1.004425E+02
9.088000E+00 1.089876E+02
9.096000E+00 1.252909E+02
9.104000E+00 1.408519E+02
9.112000E+00 1.243291E+02
9.120000E+00 1.039215E+02
9.128000E+00 9.756513E+01
9.136000E+00 9.990456E+01
9.144000E+00 9.863537E+01
9.152000E+00 8.463056E+01
9.160000E+00 1.152467E+02
9.168000E+00 1.163253E+02
9.176000E+00 1.061723E+02
9.184000E+00 1.284824E+02
9.192000E+00 1.219582E+02
9.200000E+00 1.104409E+02
9.208000E+00 1.095052E+02
9.216000E+00 9.179280E+01
9.224000E+00 1.010675E+02
9.232000E+00 1.304127E+02
9.240000E+00 1.236243E+02
9.248000E+00 1.044225E+02
9.256000E+00 1.049250E+02
9.264000E+00 1.103320E+02
9.272000E+00 9.513385E+01
9.280000E+00 8.167437E+01
9.288000E+00 1.013247E+02
9.296000E+00 1.162308E+02
9.304000E+00 1.069489E+02
9.312000E+00 1.140780E+02
9.320000E+00 1.296507E+02
9.328000E+00 1.314139E+02
9.336000E+00 1.157066E+02
9.344000E+00 1.178573E+02
9.352000E+00 1.281867E+02
9.360000E+00 1.074489E+02
9.368000E+00 1.224592E+02
9.376000E+00 1.426122E+02
9.384000E+00 1.230596E+02
9.392000E+00 1.131286E+02
9.400000E+00 1.407158E+02
9.408000E+00 1.526448E+02
9.416000E+00 1.411088E+02
9.424000E+00 1.437155E+02
9.432000E+00 1.408137E+02
9.440000E+00 1.327431E+02
9.448000E+00 1.264411E+02
9.456000E+00 1.153365E+02
9.464000E+00 1.249558E+02
9.472000E+00 1.341947E+02
9.480000E+00 1.320584E+02
9.488000E+00 1.386371E+02
9.496000E+00 1.460289E+02
9.504000E+00 1.162379E+02
9.512000E+00 1.127014E+02
9.520000E+00 1.236962E+02
9.528000E+00 1.217181E+02
9.536000E+00 1.287157E+02
9.544000E+00 1.214536E+02
9.552000E+00 1.313450E+02
9.560000E+00 1.463583E+02
9.568000E+00 1.334581E+02
9.576000E+00 1.309122E+02
9.584000E+00 1.218251E+02
9.592000E+00 1.200245E+02
9.600000E+00 1.248029E+02
9.608000E+00 1.425339E+02
9.616000E+00 1.615398E+02
9.624000E+00 1.687538E+02
9.632000E+00 1.746056E+02
9.640000E+00 1.678503E+02
9.648000E+00 1.525562E+02
9.656000E+00 1.515432E+02
9.664000E+00 1.511497E+02
9.672000E+00 1.506224E+02
9.680000E+00 1.569709E+02
9.688000E+00 1.589604E+02
9.696000E+00 1.587993E+02
9.704000E+00 1.490726E+02
9.712000E+00 1.536183E+02
9.720000E+00 1.669706E+02
9.728000E+00 1.761027E+02
9.736000E+00 2.047478E+02
9.744000E+00 2.041197E+02
9.752000E+00 1.938626E+02
9.760000E+00 2.051751E+02
9.768000E+00 1.861526E+02
9.776000E+00 1.725342E+02
9.784000E+00 1.815714E+02
9.792000E+00 1.619979E+02
9.800000E+00 1.591309E+02
9.808000E+00 1.760834E+02
9.816000E+00 2.020284E+02
9.824000E+00 2.175984E+02
9.832000E+00 2.272712E+02
9.840000E+00 2.095761E+02
9.848000E+00 1.869111E+02
9.856000E+00 1.882118E+02
9.864000E+00 1.777376E+02
9.872000E+00 1.959739E+02
9.880000E+00 1.804346E+02
9.888000E+00 1.791077E+02
9.896000E+00 2.003246E+02
9.904000E+00 1.934599E+02
9.912000E+00 1.820890E+02
9.920000E+00 1.845618E+02
9.928000E+00 1.991992E+02
9.936000E+00 1.867160E+02
9.944000E+00 1.964532E+02
9.952000E+00 2.183885E+02
9.960000E+00 2.089434E+02
9.968000E+00 1.979390E+02
9.976000E+00 1.796658E+02
9.984000E+00 1.936953E+02
9.992000E+00 1.887534E+02
1.000000E+01 1.563440E+02
1.000800E+01 1.715794E+02
1.001600E+01 1.882837E+02
1.002400E+01 2.075048E+02
1.003200E+01 1.895500E+02
1.004000E+01 1.777862E+02
1.004800E+01 1.852835E+02
1.005600E+01 1.710602E+02
1.006400E+01 1.745409E+02
1.007200E+01 1.795189E+02
1.008000E+01 1.924320E+02
1.008800E+01 1.914687E+02
1.009600E+01 1.730429E+02
1.010400E+01 1.532984E+02
1.011200E+01 1.710525E+02
1.012000E+01 1.903163E+02
1.012800E+01 1.867351E+02
1.013600E+01 1.852270E+02
1.014400E+01 1.750157E+02
1.015200E+01 1.724211E+02
1.016000E+01 1.766846E+02
1.016800E+01 1.541785E+02
1.017600E+01 1.452758E+02
1.018400E+01 1.531609E+02
1.019200E+01 1.481494E+02
1.020000E+01 1.468601E+02
1.020800E+01 1.498017E+02
1.021600E+01 1.338494E+02
1.022400E+01 1.395535E+02
1.023200E+01 1.632447E+02
1.024000E+01 1.518592E+02
1.024800E+01 1.409632E+02
1.025600E+01 1.573914E+02
1.026400E+01 1.686788E+02
1.027200E+01 1.466364E+02
1.028000E+01 1.425325E+02
1.028800E+01 1.435070E+02
1.029600E+01 1.149383E+02
1.030400E+01 1.272121E+02
1.031200E+01 1.514392E+02
1.032000E+01 1.582391E+02
1.032800E+01 1.536890E+02
1.033600E+01 1.549671E+02
1.034400E+01 1.501927E+02
1.035200E+01 1.355948E+02
1.036000E+01 1.384960E+02
1.036800E+01 1.419117E+02
1.037600E+01 1.302242E+02
1.038400E+01 1.143080E+02
1.039200E+01 1.249472E+02
1.040000E+01 1.239323E+02
1.040800E+01 1.306005E+02
1.041600E+01 1.286632E+02
1.042400E+01 1.212983E+02
1.043200E+01 1.327735E+02
1.044000E+01 1.246118E+02
1.044800E+01 1.336807E+02
1.045600E+01 1.430417E+02
1.046400E+01 1.296110E+02
1.047200E+01 1.275773E+02
1.048000E+01 1.112263E+02
1.048800E+01 1.175358E+02
1.049600E+01 1.367897E+02
1.050400E+01 1.127367E+02
1.051200E+01 1.201816E+02
1.052000E+01 1.440311E+02
1.052800E+01 1.382709E+02
1.053600E+01 1.351698E+02
1.054400E+01 1.222689E+02
1.055200E+01 1.106627E+02
1.056000E+01 1.174399E+02
1.056800E+01 1.187559E+02
1.057600E+01 1.160995E+02
1.058400E+01 1.244812E+02
1.059200E+01 1.251777E+02
1.060000E+01 1.186318E+02
1.060800E+01 1.178090E+02
1.061600E+01 1.214664E+02
1.062400E+01 1.242902E+02
1.063200E+01 1.155808E+02
1.064000E+01 1.224074E+02
1.064800E+01 1.197902E+02
1.065600E+01 1.079767E+02
1.066400E+01 1.087567E+02
1.067200E+01 1.123914E+02
1.068000E+01 1.041857E+02
1.068800E+01 9.463663E+01
1.069600E+01 1.196527E+02
1.070400E+01 1.297608E+02
1.071200E+01 1.306302E+02
1.072000E+01 1.199296E+02
1.072800E+01 1.161259E+02
1.073600E+01 1.405051E+02
1.074400E+01 1.272930E+02
1.075200E+01 1.370604E+02
1.076000E+01 1.451262E+02
1.076800E+01 1.303579E+02
1.077600E+01 1.355122E+02
1.078400E+01 1.099637E+02
1.079200E+01 1.135963E+02
1.080000E+01 1.170208E+02
1.080800E+01 1.193689E+02
1.081600E+01 1.355221E+02
1.082400E+01 1.393187E+02
1.083200E+01 1.416933E+02
1.084000E+01 1.268727E+02
1.084800E+01 1.230594E+02
1.085600E+01 1.198343E+02
1.086400E+01 1.029727E+02
1.087200E+01 1.088822E+02
1.088000E+01 1.225917E+02
1.088800E+01 1.198643E+02
1.089600E+01 1.153088E+02
1.090400E+01 1.212454E+02
1.091200E+01 1.305977E+02
1.092000E+01 1.334297E+02
1.092800E+01 1.471167E+02
1.093600E+01 1.246622E+02
1.094400E+01 1.060134E+02
1.095200E+01 1.581071E+02
1.096000E+01 1.626639E+02
1.096800E+01 1.394093E+02
1.097600E+01 1.464128E+02
1.098400E+01 1.417090E+02
1.099200E+01 1.417501E+02
1.100000E+01 1.628889E+02
1.100800E+01 1.714096E+02
1.101600E+01 1.429807E+02
1.102400E+01 1.360876E+02
1.103200E+01 1.347855E+02
1.104000E+01 1.377380E+02
1.104800E+01 1.455681E+02
1.105600E+01 1.506962E+02
1.106400E+01 1.773149E+02
1.107200E+01 1.895279E+02
1.108000E+01 1.776653E+02
1.108800E+01 1.706441E+02
1.109600E+01 1.646459E+02
1.110400E+01 1.668388E+02
1.111200E+01 1.888404E+02
1.112000E+01 1.951773E+02
1.112800E+01 2.015986E+02
1.113600E+01 1.860817E+02
1.114400E+01 1.794938E+02
1.115200E+01 1.823548E+02
1.116000E+01 1.773089E+02
1.116800E+01 1.538945E+02
1.117600E+01 1.567837E+02
1.118400E+01 1.671679E+02
1.119200E+01 1.700379E+02
1.120000E+01 1.857686E+02
1.120800E+01 1.997950E+02
1.121600E+01 1.842343E+02
1.122400E+01 1.784625E+02
1.123200E+01 2.027598E+02
1.124000E+01 1.810481E+02
1.124800E+01 1.713220E+02
1.125600E+01 1.816673E+02
1.126400E+01 1.740382E+02
1.127200E+01 1.659933E+02
1.128000E+01 1.542400E+02
1.128800E+01 1.607613E+02
1.129600E+01 1.806043E+02
1.130400E+01 1.932209E+02
1.131200E+01 1.614784E+02
1.132000E+01 1.742705E+02
1.132800E+01 1.827457E+02
1.133600E+01 1.897099E+02
1.134400E+01 2.200046E+02
1.135200E+01 1.811749E+02
1.136000E+01 2.037362E+02
1.136800E+01 1.973365E+02
1.137600E+01 1.574957E+02
1.138400E+01 1.807243E+02
1.139200E+01 1.871025E+02
1.140000E+01 1.492967E+02
1.140800E+01 1.563380E+02
1.141600E+01 1.826413E+02
1.142400E+01 1.850657E+02
1.143200E+01 1.808050E+02
1.144000E+01 1.735415E+02
1.144800E+01 2.029139E+02
1.145600E+01 1.886129E+02
1.146400E+01 1.554245E+02
1.147200E+01 1.693861E+02
1.148000E+01 1.751655E+02
1.148800E+01 1.562401E+02
1.149600E+01 1.365108E+02
1.150400E+01 1.239113E+02
1.151200E+01 1.343701E+02
1.152000E+01 1.352356E+02
1.152800E+01 1.375073E+02
1.153600E+01 1.553073E+02
1.154400E+01 1.466507E+02
1.155200E+01 1.393707E+02
1.156000E+01 1.450061E+02
1.156800E+01 1.518437E+02
1.157600E+01 1.573302E+02
1.158400E+01 1.591521E+02
1.159200E+01 1.493949E+02
1.160000E+01 1.579896E+02
1.160800E+01 2.114603E+02
1.161600E+01 2.015719E+02
1.162400E+01 1.961209E+02
1.163200E+01 2.232487E+02
1.164000E+01 2.042900E+02
1.164800E+01 1.710406E+02
1.165600E+01 1.639744E+02
1.166400E+01 1.778867E+02
1.167200E+01 1.786656E+02
1.168000E+01 1.922681E+02
1.168800E+01 1.946615E+02
1.169600E+01 2.038970E+02
1.170400E+01 1.857257E+02
1.171200E+01 1.605444E+02
1.172000E+01 1.586184E+02
1.172800E+01 1.636297E+02
1.173600E+01 1.514238E+02
1.174400E+01 1.363432E+02
1.175200E+01 1.583050E+02
1.176000E+01 1.593712E+02
1.176800E+01 1.276593E+02
1.177600E+01 1.384696E+02
1.178400E+01 1.361969E+02
1.179200E+01 1.047448E+02
1.180000E+01 1.147694E+02
1.180800E+01 1.294365E+02
1.181600E+01 1.303336E+02
1.182400E+01 1.428226E+02
1.183200E+01 1.327848E+02
1.184000E+01 1.124796E+02
1.184800E+01 1.212042E+02
1.185600E+01 1.190324E+02
1.186400E+01 1.394296E+02
1.187200E+01 1.496394E+02
1.188000E+01 1.392355E+02
1.188800E+01 1.668443E+02
1.189600E+01 1.658149E+02
1.190400E+01 1.437603E+02
1.191200E+01 1.225213E+02
1.192000E+01 1.114225E+02
1.192800E+01 1.288556E+02
1.193600E+01 1.394471E+02
1.194400E+01 1.323914E+02
1.195200E+01 1.158327E+02
1.196000E+01 1.179213E+02
1.196800E+01 1.216620E+02
1.197600E+01 1.252556E+02
1.198400E+01 1.330065E+02
1.199200E+01 1.299407E+02
1.200000E+01 1.163760E+02
1.200800E+01 1.122895E+02
1.201600E+01 1.205298E+02
1.202400E+01 1.259372E+02
1.203200E+01 1.100738E+02
1.204000E+01 1.159617E+02
1.204800E+01 1.220799E+02
1.205600E+01 1.219904E+02
1.206400E+01 1.377290E+02
1.207200E+01 1.379140E+02
1.208000E+01 1.240834E+02
1.208800E+01 1.258239E+02
1.209600E+01 1.116368E+02
1.210400E+01 1.152033E+02
1.211200E+01 1.315434E+02
1.212000E+01 1.061545E+02
1.212800E+01 1.103479E+02
1.213600E+01 1.176024E+02
1.214400E+01 1.233253E+02
1.215200E+01 1.317256E+02
1.216000E+01 1.163500E+02
1.216800E+01 1.056896E+02
1.217600E+01 1.094829E+02
1.218400E+01 1.144539E+02
1.219200E+01 1.002985E+02
1.220000E+01 9.428819E+01
1.220800E+01 1.006699E+02
1.221600E+01 1.188645E+02
1.222400E+01 1.141454E+02
1.223200E+01 9.648187E+01
1.224000E+01 1.141634E+02
1.224800E+01 1.193451E+02
1.225600E+01 1.260754E+02
1.226400E+01 1.332885E+02
1.227200E+01 1.166317E+02
1.228000E+01 1.410325E+02
1.228800E+01 1.474334E+02
1.229600E+01 1.445404E+02
1.230400E+01 1.432807E+02
1.231200E+01 1.460107E+02
1.232000E+01 1.550451E+02
1.232800E+01 1.482578E+02
1.233600E+01 1.314051E+02
1.234400E+01 1.117172E+02
1.235200E+01 1.366010E+02
1.236000E+01 1.316970E+02
1.236800E+01 1.441870E+02
1.237600E+01 1.535941E+02
1.238400E+01 1.288521E+02
1.239200E+01 1.413852E+02
1.240000E+01 1.445589E+02
1.240800E+01 1.293846E+02
1.241600E+01 1.321342E+02
1.242400E+01 1.395395E+02
1.243200E+01 1.341347E+02
1.244000E+01 1.190580E+02
1.244800E+01 1.101732E+02
1.245600E+01 1.369012E+02
1.246400E+01 1.468283E+02
1.247200E+01 1.352787E+02
1.248000E+01 1.477934E+02
1.248800E+01 1.675986E+02
1.249600E+01 1.825089E+02
1.250400E+01 1.679247E+02
1.251200E+01 1.629462E+02
1.252000E+01 1.611544E+02
1.252800E+01 1.756754E+02
1.253600E+01 2.011082E+02
1.254400E+01 1.890935E+02
1.255200E+01 1.706907E+02
1.256000E+01 1.803056E+02
1.256800E+01 1.850723E+02
1.257600E+01 1.794153E+02
1.258400E+01 1.951013E+02
1.259200E+01 1.785557E+02
1.260000E+01 1.560227E+02
1.260800E+01 1.904454E+02
1.261600E+01 2.080209E+02
1.262400E+01 1.887833E+02
1.263200E+01 1.764470E+02
1.264000E+01 1.969400E+02
1.264800E+01 1.974834E+02
1.265600E+01 1.759287E+02
1.266400E+01 1.721846E+02
1.267200E+01 1.712016E+02
1.268000E+01 1.765592E+02
1.268800E+01 1.589479E+02
1.269600E+01 1.450884E+02
1.270400E+01 1.598321E+02
1.271200E+01 1.662583E+02
1.272000E+01 1.428767E+02
1.272800E+01 1.510257E+02
1.273600E+01 1.562139E+02
1.274400E+01 1.619456E+02
1.275200E+01 1.792274E+02
1.276000E+01 1.711757E+02
1.276800E+01 1.564746E+02
1.277600E+01 1.341146E+02
1.278400E+01 1.481660E+02
1.279200E+01 1.575659E+02
1.280000E+01 1.557773E+02
1.280800E+01 1.873034E+02
1.281600E+01 1.862834E+02
1.282400E+01 2.034325E+02
1.283200E+01 2.157847E+02
1.284000E+01 1.846493E+02
1.284800E+01 1.807513E+02
1.285600E+01 1.923877E+02
1.286400E+01 1.907578E+02
1.287200E+01 1.920720E+02
1.288000E+01 1.982914E+02
1.288800E+01 1.710358E+02
1.289600E+01 1.781816E+02
1.290400E+01 1.901086E+02
1.291200E+01 1.853256E+02
1.292000E+01 1.980003E+02
1.292800E+01 1.834724E+02
1.293600E+01 1.591767E+02
1.294400E+01 1.684672E+02
1.295200E+01 1.985593E+02
1.296000E+01 2.174193E+02
1.296800E+01 2.023848E+02
1.297600E+01 1.648561E+02
1.298400E+01 1.553278E+02
1.299200E+01 1.721223E+02
1.300000E+01 1.857551E+02
1.300800E+01 1.811560E+02
1.301600E+01 1.404399E+02
1.302400E+01 1.445897E+02
1.303200E+01 1.857099E+02
1.304000E+01 1.920234E+02
1.304800E+01 1.759368E+02
1.305600E+01 1.476001E+02
1.306400E+01 1.453788E+02
1.307200E+01 1.469303E+02
1.308000E+01 1.292811E+02
1.308800E+01 1.410870E+02
1.309600E+01 1.422547E+02
1.310400E+01 1.353976E+02
1.311200E+01 1.348531E+02
1.312000E+01 1.425781E+02
1.312800E+01 1.455402E+02
1.313600E+01 1.353724E+02
1.314400E+01 1.421052E+02
1.315200E+01 1.265449E+02
1.316000E+01 1.268358E+02
1.316800E+01 1.240668E+02
1.317600E+01 1.201435E+02
1.318400E+01 1.300005E+02
1.319200E+01 1.285272E+02
1.320000E+01 1.231170E+02
1.320800E+01 1.311808E+02
1.321600E+01 1.376907E+02
1.322400E+01 1.283047E+02
1.323200E+01 1.216775E+02
1.324000E+01 1.316003E+02
1.324800E+01 1.293738E+02
1.325600E+01 1.349001E+02
1.326400E+01 1.376962E+02
1.327200E+01 1.235626E+02
1.328000E+01 1.276739E+02
1.328800E+01 1.277906E+02
1.329600E+01 1.368942E+02
1.330400E+01 1.463403E+02
1.331200E+01 1.302696E+02
1.332000E+01 1.276740E+02
1.332800E+01 1.174952E+02
1.333600E+01 1.167074E+02
1.334400E+01 1.277003E+02
1.335200E+01 1.182386E+02
1.336000E+01 1.226481E+02
1.336800E+01 1.322022E+02
1.337600E+01 1.381583E+02
1.338400E+01 1.139213E+02
1.339200E+01 1.249939E+02
1.340000E+01 1.385302E+02
1.340800E+01 1.288565E+02
1.341600E+01 1.292557E+02
1.342400E+01 1.255408E+02
1.343200E+01 1.226670E+02
1.344000E+01 1.273334E+02
1.344800E+01 1.210540E+02
1.345600E+01 1.100508E+02
1.346400E+01 1.205541E+02
1.347200E+01 1.216235E+02
1.348000E+01 1.145248E+02
1.348800E+01 1.101069E+02
1.349600E+01 1.135611E+02
1.350400E+01 1.198950E+02
1.351200E+01 1.082790E+02
1.352000E+01 1.085726E+02
1.352800E+01 1.191737E+02
1.353600E+01 1.086446E+02
1.354400E+01 1.332075E+02
1.355200E+01 1.452129E+02
1.356000E+01 1.281489E+02
1.356800E+01 1.338986E+02
1.357600E+01 1.370229E+02
1.358400E+01 1.434311E+02
1.359200E+01 1.482175E+02
1.360000E+01 1.305380E+02
1.360800E+01 1.367225E+02
1.361600E+01 1.398085E+02
1.362400E+01 1.475461E+02
1.363200E+01 1.318124E+02
1.364000E+01 1.396417E+02
1.364800E+01 1.562957E+02
1.365600E+01 1.448478E+02
1.366400E+01 1.265593E+02
1.367200E+01 1.288785E+02
1.368000E+01 1.282074E+02
1.368800E+01 1.189044E+02
1.369600E+01 1.351855E+02
1.370400E+01 1.471929E+02
1.371200E+01 1.367707E+02
1.372000E+01 1.160992E+02
1.372800E+01 1.259706E+02
1.373600E+01 1.394056E+02
1.374400E+01 1.506091E+02
1.375200E+01 1.610453E+02
1.376000E+01 1.549664E+02
1.376800E+01 1.509658E+02
1.377600E+01 1.572094E+02
1.378400E+01 1.768940E+02
1.379200E+01 1.613957E+02
1.380000E+01 1.400326E+02
1.380800E+01 1.639503E+02
1.381600E+01 1.755317E+02
1.382400E+01 1.699392E+02
1.383200E+01 1.777182E+02
1.384000E+01 2.078368E+02
1.384800E+01 1.890693E+02
1.385600E+01 1.736959E+02
1.386400E+01 1.936472E+02
1.387200E+01 1.993345E+02
1.388000E+01 1.970143E+02
1.388800E+01 1.881187E+02
1.389600E+01 1.605297E+02
1.390400E+01 1.586519E+02
1.391200E+01 1.920483E+02
1.392000E+01 1.823849E+02
1.392800E+01 1.519023E+02
1.393600E+01 1.612574E+02
1.394400E+01 1.727947E+02
1.395200E+01 1.503784E+02
1.396000E+01 1.346772E+02
1.396800E+01 1.434217E+02
1.397600E+01 1.463779E+02
1.398400E+01 1.346738E+02
1.399200E+01 1.218201E+02
1.400000E+01 1.263155E+02
1.400800E+01 1.356118E+02
1.401600E+01 1.392058E+02
1.402400E+01 1.452610E+02
1.403200E+01 1.514948E+02
1.404000E+01 1.596906E+02
1.404800E+01 1.587366E+02
1.405600E+01 1.717594E+02
1.406400E+01 1.741351E+02
1.407200E+01 1.882221E+02
1.408000E+01 1.963233E+02
1.408800E+01 1.770411E+02
1.409600E+01 1.932463E+02
1.410400E+01 2.036986E+02
1.411200E+01 2.012358E+02
1.412000E+01 2.152307E+02
1.412800E+01 2.113596E+02
1.413600E+01 2.123782E+02
1.414400E+01 2.238869E+02
1.415200E+01 2.383484E+02
1.416000E+01 2.183004E+02
1.416800E+01 1.948635E+02
1.417600E+01 2.076806E+02
1.418400E+01 1.920692E+02
1.419200E+01 1.739002E+02
1.420000E+01 1.504037E+02
1.420800E+01 1.675841E+02
1.421600E+01 1.778561E+02
1.422400E+01 1.679120E+02
1.423200E+01 1.494384E+02
1.424000E+01 1.711844E+02
1.424800E+01 1.734175E+02
1.425600E+01 1.435522E+02
1.426400E+01 1.740460E+02
1.427200E+01 1.758866E+02
1.428000E+01 1.446091E+02
1.428800E+01 1.486630E+02
1.429600E+01 1.360624E+02
1.430400E+01 1.424229E+02
1.431200E+01 1.619999E+02
1.432000E+01 1.446355E+02
1.432800E+01 1.482934E+02
1.433600E+01 1.465412E+02
1.434400E+01 1.300180E+02
1.435200E+01 1.533390E+02
1.436000E+01 1.642404E+02
1.436800E+01 1.397990E+02
1.437600E+01 1.317826E+02
1.438400E+01 1.514120E+02
1.439200E+01 1.443233E+02
1.440000E+01 1.182098E+02
1.440800E+01 1.248140E+02
1.441600E+01 1.215352E+02
1.442400E+01 1.162851E+02
1.443200E+01 1.330168E+02
1.444000E+01 1.461986E+02
1.444800E+01 1.487584E+02
1.445600E+01 1.501318E+02
1.446400E+01 1.542281E+02
1.447200E+01 1.459367E+02
1.448000E+01 1.302097E+02
1.448800E+01 1.424204E+02
1.449600E+01 1.640317E+02
1.450400E+01 1.567117E+02
1.451200E+01 1.308615E+02
1.452000E+01 1.368361E+02
1.452800E+01 1.628322E+02
1.453600E+01 1.579479E+02
1.454400E+01 1.454885E+02
1.455200E+01 1.318820E+02
1.456000E+01 1.437165E+02
1.456800E+01 1.340845E+02
1.457600E+01 1.238161E+02
1.458400E+01 1.358665E+02
1.459200E+01 1.400415E+02
1.460000E+01 1.451803E+02
1.460800E+01 1.424628E+02
1.461600E+01 1.512454E+02
1.462400E+01 1.459406E+02
1.463200E+01 1.388314E+02
1.464000E+01 1.522430E+02
1.464800E+01 1.602507E+02
1.465600E+01 1.540819E+02
1.466400E+01 1.509258E+02
1.467200E+01 1.549546E+02
1.468000E+01 1.479765E+02
1.468800E+01 1.391369E+02
1.469600E+01 1.363109E+02
1.470400E+01 1.223451E+02
1.471200E+01 1.196218E+02
1.472000E+01 1.209826E+02
1.472800E+01 1.188894E+02
1.473600E+01 1.249616E+02
1.474400E+01 1.326552E+02
1.475200E+01 1.261795E+02
1.476000E+01 1.342135E+02
1.476800E+01 1.421159E+02
1.477600E+01 1.329674E+02
1.478400E+01 1.222042E+02
1.479200E+01 1.131334E+02
1.480000E+01 1.035019E+02
1.480800E+01 9.784383E+01
1.481600E+01 1.009296E+02
1.482400E+01 1.272906E+02
1.483200E+01 1.447162E+02
1.484000E+01 1.405820E+02
1.484800E+01 1.323872E+02
1.485600E+01 1.275489E+02
1.486400E+01 1.363756E+02
1.487200E+01 1.293978E+02
1.488000E+01 1.269997E+02
1.488800E+01 1.266858E+02
1.489600E+01 1.266824E+02
1.490400E+01 1.319368E+02
1.491200E+01 1.243880E+02
1.492000E+01 1.359679E+02
1.492800E+01 1.260629E+02
1.493600E+01 1.212113E+02
1.494400E+01 1.395796E+02
1.495200E+01 1.274524E+02
1.496000E+01 1.116789E+02
1.496800E+01 1.085564E+02
1.497600E+01 1.176654E+02
1.498400E+01 1.260502E+02
1.499200E+01 1.183856E+02
1.500000E+01 1.176931E+02
1.500800E+01 1.307019E+02
1.501600E+01 1.339535E+02
1.502400E+01 1.314973E+02
1.503200E+01 1.278270E+02
1.504000E+01 1.352309E+02
1.504800E+01 1.383309E+02
1.505600E+01 1.320860E+02
1.506400E+01 1.352725E+02
1.507200E+01 1.532036E+02
1.508000E+01 1.776778E+02
1.508800E+01 1.804799E+02
1.509600E+01 1.699145E+02
1.510400E+01 1.643940E+02
1.511200E+01 1.465691E+02
1.512000E+01 1.388048E+02
1.512800E+01 1.515313E+02
1.513600E+01 1.597702E+02
1.514400E+01 1.673075E+02
1.515200E+01 1.622487E+02
1.516000E+01 1.662546E+02
1.516800E+01 1.547138E+02
1.517600E+01 1.426332E+02
1.518400E+01 1.417346E+02
1.519200E+01 1.346932E+02
1.520000E+01 1.385099E+02
1.520800E+01 1.434871E+02
1.521600E+01 1.354751E+02
1.522400E+01 1.221888E+02
1.523200E+01 1.315262E+02
1.524000E+01 1.618198E+02
1.524800E+01 1.610982E+02
1.525600E+01 1.458639E+02
1.526400E+01 1.432338E+02
1.527200E+01 1.748893E+02
1.528000E+01 1.655346E+02
1.528800E+01 1.620554E+02
1.529600E+01 1.813659E+02
1.530400E+01 1.702812E+02
1.531200E+01 1.661322E+02
1.532000E+01 1.722129E+02
1.532800E+01 2.061111E+02
1.533600E+01 2.138840E+02
1.534400E+01 2.081182E+02
1.535200E+01 2.075828E+02
1.536000E+01 2.349534E+02
1.536800E+01 2.248290E+02
1.537600E+01 2.107388E+02
1.538400E+01 2.202143E+02
1.539200E+01 2.080972E+02
1.540000E+01 2.079685E+02
1.540800E+01 1.907297E+02
1.541600E+01 2.046100E+02
1.542400E+01 2.091663E+02
1.543200E+01 2.019936E+02
1.544000E+01 1.777455E+02
1.544800E+01 1.576952E+02
1.545600E+01 1.836851E+02
1.546400E+01 1.778807E+02
1.547200E+01 1.598043E+02
1.548000E+01 1.644869E+02
1.548800E+01 1.818365E+02
1.549600E+01 1.764161E+02
1.550400E+01 1.469151E+02
1.551200E+01 1.339318E+02
1.552000E+01 1.287185E+02
1.552800E+01 1.214564E+02
1.553600E+01 1.386593E+02
1.554400E+01 1.351546E+02
1.555200E+01 1.297728E+02
1.556000E+01 1.314936E+02
1.556800E+01 1.269102E+02
1.557600E+01 1.283105E+02
1.558400E+01 1.360296E+02
1.559200E+01 1.373028E+02
1.560000E+01 1.233170E+02
1.560800E+01 1.382511E+02
1.561600E+01 1.415932E+02
1.562400E+01 1.358174E+02
1.563200E+01 1.368092E+02
1.564000E+01 1.269463E+02
1.564800E+01 1.233834E+02
1.565600E+01 1.399236E+02
1.566400E+01 1.611071E+02
1.567200E+01 1.734647E+02
1.568000E+01 1.634199E+02
1.568800E+01 1.569618E+02
1.569600E+01 1.540131E+02
1.570400E+01 1.497924E+02
1.571200E+01 1.639861E+02
1.572000E+01 1.632537E+02
1.572800E+01 1.656799E+02
1.573600E+01 1.859597E+02
1.574400E+01 1.850494E+02
1.575200E+01 1.676716E+02
1.576000E+01 1.521523E+02
1.576800E+01 1.506092E+02
1.577600E+01 1.588280E+02
1.578400E+01 1.419739E+02
1.579200E+01 1.215444E+02
1.580000E+01 1.384295E+02
1.580800E+01 1.500760E+02
1.581600E+01 1.499275E+02
1.582400E+01 1.579671E+02
1.583200E+01 1.520854E+02
1.584000E+01 1.489304E+02
1.584800E+01 1.553618E+02
1.585600E+01 1.436669E+02
1.586400E+01 1.298930E+02
1.587200E+01 1.304682E+02
1.588000E+01 1.191510E+02
1.588800E+01 1.177172E+02
1.589600E+01 1.279061E+02
1.590400E+01 1.248737E+02
1.591200E+01 1.067267E+02
1.592000E+01 1.087785E+02
1.592800E+01 1.220978E+02
1.593600E+01 1.288636E+02
1.594400E+01 1.302167E+02
1.595200E+01 1.140529E+02
1.596000E+01 1.146133E+02
1.596800E+01 1.173462E+02
1.597600E+01 1.067801E+02
1.598400E+01 1.186104E+02
1.599200E+01 1.244853E+02
1.600000E+01 1.219555E+02
1.600800E+01 1.379467E+02
1.601600E+01 1.425916E+02
1.602400E+01 1.269509E+02
1.603200E+01 1.262860E+02
1.604000E+01 1.342731E+02
1.604800E+01 1.436812E+02
1.605600E+01 1.535475E+02
1.606400E+01 1.412143E+02
1.607200E+01 1.467742E+02
1.608000E+01 1.812884E+02
1.608800E+01 1.714393E+02
1.609600E+01 1.389588E+02
1.610400E+01 1.527231E+02
1.611200E+01 1.742596E+02
1.612000E+01 1.572934E+02
1.612800E+01 1.641933E+02
1.613600E+01 1.789220E+02
1.614400E+01 1.760302E+02
1.615200E+01 1.972351E+02
1.616000E+01 1.941558E+02
1.616800E+01 1.755985E+02
1.617600E+01 1.825748E+02
1.618400E+01 1.778378E+02
1.619200E+01 1.695241E+02
1.620000E+01 1.749807E+02
1.620800E+01 1.797325E+02
1.621600E+01 1.730682E+02
1.622400E+01 1.803569E+02
1.623200E+01 1.849949E+02
1.624000E+01 1.952709E+02
1.624800E+01 1.735919E+02
1.625600E+01 1.629351E+02
1.626400E+01 1.920454E+02
1.627200E+01 1.767847E+02
1.628000E+01 1.454490E+02
1.628800E+01 1.525739E+02
1.629600E+01 1.784192E+02
1.630400E+01 1.715096E+02
1.631200E+01 1.647378E+02
1.632000E+01 1.649230E+02
1.632800E+01 1.751905E+02
1.633600E+01 1.778533E+02
1.634400E+01 1.572302E+02
1.635200E+01 1.575685E+02
1.636000E+01 1.691540E+02
1.636800E+01 1.668716E+02
1.637600E+01 1.472561E+02
1.638400E+01 1.779445E+02
1.639200E+01 1.723017E+02
1.640000E+01 1.537781E+02
1.640800E+01 1.789286E+02
1.641600E+01 1.771931E+02
1.642400E+01 1.476957E+02
1.643200E+01 1.188500E+02
1.644000E+01 1.572176E+02
1.644800E+01 1.822970E+02
1.645600E+01 1.707542E+02
1.646400E+01 1.726876E+02
1.647200E+01 1.747085E+02
1.648000E+01 1.687352E+02
1.648800E+01 1.459144E+02
1.649600E+01 1.692662E+02
1.650400E+01 1.643543E+02
1.651200E+01 1.463027E+02
1.652000E+01 1.592448E+02
1.652800E+01 1.627805E+02
1.653600E+01 1.547255E+02
1.654400E+01 1.493507E+02
1.655200E+01 1.448610E+02
1.656000E+01 1.246349E+02
1.656800E+01 1.365157E+02
1.657600E+01 1.386779E+02
1.658400E+01 1.255043E+02
1.659200E+01 1.280708E+02
1.660000E+01 1.342273E+02
1.660800E+01 1.311128E+02
1.661600E+01 1.204067E+02
1.662400E+01 1.317411E+02
1.663200E+01 1.445134E+02
1.664000E+01 1.247494E+02
1.664800E+01 1.123426E+02
1.665600E+01 1.199555E+02
1.666400E+01 1.220604E+02
1.667200E+01 1.235178E+02
1.668000E+01 1.233475E+02
1.668800E+01 1.264960E+02
1.669600E+01 1.351094E+02
1.670400E+01 1.430708E+02
1.671200E+01 1.464747E+02
1.672000E+01 1.203122E+02
1.672800E+01 1.124953E+02
1.673600E+01 1.207970E+02
1.674400E+01 1.039193E+02
1.675200E+01 1.122384E+02
1.676000E+01 1.297907E+02
1.676800E+01 1.115818E+02
1.677600E+01 1.088118E+02
1.678400E+01 1.125459E+02
1.679200E+01 1.352868E+02
1.680000E+01 1.423521E+02
1.680800E+01 1.154429E+02
1.681600E+01 1.101599E+02
1.682400E+01 1.165991E+02
1.683200E+01 1.195083E+02
1.684000E+01 1.395047E+02
1.684800E+01 1.445211E+02
1.685600E+01 1.300940E+02
1.686400E+01 1.281928E+02
1.687200E+01 1.360769E+02
1.688000E+01 1.531963E+02
1.688800E+01 1.617512E+02
1.689600E+01 1.522047E+02
1.690400E+01 1.404987E+02
1.691200E+01 1.453212E+02
1.692000E+01 1.447316E+02
1.692800E+01 1.350737E+02
1.693600E+01 1.372440E+02
1.694400E+01 1.218006E+02
1.695200E+01 1.183354E+02
1.696000E+01 1.323477E+02
1.696800E+01 1.411843E+02
1.697600E+01 1.545360E+02
1.698400E+01 1.530614E+02
1.699200E+01 1.405614E+02
1.700000E+01 1.472264E+02
1.700800E+01 1.537444E+02
1.701600E+01 1.404364E+02
1.702400E+01 1.365521E+02
1.703200E+01 1.417853E+02
1.704000E+01 1.525227E+02
1.704800E+01 1.486130E+02
1.705600E+01 1.367483E+02
1.706400E+01 1.229878E+02
1.707200E+01 1.186852E+02
1.708000E+01 1.143692E+02
1.708800E+01 1.142277E+02
1.709600E+01 1.335053E+02
1.710400E+01 1.211137E+02
1.711200E+01 1.239745E+02
1.712000E+01 1.410481E+02
1.712800E+01 1.333718E+02
1.713600E+01 1.407302E+02
1.714400E+01 1.452981E+02
1.715200E+01 1.497645E+02
1.716000E+01 1.564063E+02
1.716800E+01 1.459686E+02
1.717600E+01 1.384658E+02
1.718400E+01 1.697305E+02
1.719200E+01 1.546961E+02
1.720000E+01 1.494989E+02
1.720800E+01 1.719467E+02
1.721600E+01 1.521523E+02
1.722400E+01 1.614111E+02
1.723200E+01 1.660745E+02
1.724000E+01 1.776115E+02
1.724800E+01 1.908097E+02
1.725600E+01 1.671380E+02
1.726400E+01 1.513895E+02
1.727200E+01 1.625896E+02
1.728000E+01 1.795629E+02
1.728800E+01 1.784175E+02
1.729600E+01 1.702737E+02
1.730400E+01 1.725670E+02
1.731200E+01 1.812398E+02
1.732000E+01 1.879566E+02
1.732800E+01 1.713601E+02
1.733600E+01 1.625240E+02
1.734400E+01 1.740464E+02
1.735200E+01 1.722397E+02
1.736000E+01 1.852755E+02
1.736800E+01 1.884443E+02
1.737600E+01 1.643528E+02
1.738400E+01 1.748545E+02
1.739200E+01 1.705460E+02
1.740000E+01 1.668788E+02
1.740800E+01 1.785686E+02
1.741600E+01 1.845478E+02
1.742400E+01 1.735515E+02
1.743200E+01 1.623089E+02
1.744000E+01 1.681159E+02
1.744800E+01 1.694917E+02
1.745600E+01 1.672062E+02
1.746400E+01 1.671255E+02
1.747200E+01 1.686573E+02
1.748000E+01 1.640458E+02
1.748800E+01 1.847654E+02
1.749600E+01 1.921300E+02
1.750400E+01 1.727285E+02
1.751200E+01 1.922985E+02
1.752000E+01 2.036874E+02
1.752800E+01 1.631452E+02
1.753600E+01 1.670955E+02
1.754400E+01 1.863926E+02
1.755200E+01 1.666301E+02
1.756000E+01 1.651802E+02
1.756800E+01 1.459108E+02
1.757600E+01 1.508217E+02
1.758400E+01 1.769779E+02
1.759200E+01 1.588223E+02
1.760000E+01 1.661308E+02
1.760800E+01 1.488879E+02
1.761600E+01 1.393844E+02
1.762400E+01 1.570280E+02
1.763200E+01 1.321002E+02
1.764000E+01 1.432737E+02
1.764800E+01 1.411153E+02
1.765600E+01 1.195355E+02
1.766400E+01 1.325862E+02
1.767200E+01 1.389113E+02
1.768000E+01 1.291943E+02
1.768800E+01 1.216682E+02
1.769600E+01 1.287238E+02
1.770400E+01 1.350892E+02
1.771200E+01 1.334440E+02
1.772000E+01 1.269235E+02
1.772800E+01 1.321767E+02
1.773600E+01 1.528667E+02
1.774400E+01 1.522941E+02
1.775200E+01 1.569025E+02
1.776000E+01 1.665113E+02
1.776800E+01 1.492928E+02
1.777600E+01 1.437965E+02
1.778400E+01 1.552309E+02
1.779200E+01 1.676716E+02
1.780000E+01 1.606401E+02
1.780800E+01 1.336902E+02
1.781600E+01 1.418077E+02
1.782400E+01 1.548241E+02
1.783200E+01 1.581272E+02
1.784000E+01 1.664840E+02
1.784800E+01 1.734548E+02
1.785600E+01 1.664989E+02
1.786400E+01 1.506433E+02
1.787200E+01 1.434029E+02
1.788000E+01 1.572293E+02
1.788800E+01 1.710077E+02
1.789600E+01 1.572661E+02
1.790400E+01 1.530475E+02
1.791200E+01 1.501748E+02
1.792000E+01 1.333367E+02
1.792800E+01 1.353064E+02
1.793600E+01 1.535142E+02
1.794400E+01 1.501568E+02
1.795200E+01 1.206860E+02
1.796000E+01 1.229259E+02
1.796800E+01 1.570664E+02
1.797600E+01 1.522458E+02
1.798400E+01 1.538767E+02
1.799200E+01 1.537625E+02
1.800000E+01 1.165609E+02
1.800800E+01 1.288683E+02
1.801600E+01 1.452101E+02
1.802400E+01 1.409659E+02
1.803200E+01 1.324769E+02
1.804000E+01 1.281967E+02
1.804800E+01 1.311982E+02
1.805600E+01 1.346139E+02
1.806400E+01 1.158625E+02
1.807200E+01 1.128035E+02
1.808000E+01 1.467031E+02
1.808800E+01 1.500700E+02
1.809600E+01 1.352115E+02
1.810400E+01 1.410133E+02
1.811200E+01 1.512048E+02
1.812000E+01 1.466389E+02
1.812800E+01 1.386565E+02
1.813600E+01 1.364134E+02
1.814400E+01 1.676737E+02
1.815200E+01 1.642036E+02
1.816000E+01 1.571675E+02
1.816800E+01 1.584558E+02
1.817600E+01 1.423142E+02
1.818400E+01 1.519562E+02
1.819200E+01 1.512563E+02
1.820000E+01 1.237170E+02
1.820800E+01 1.438086E+02
1.821600E+01 1.435747E+02
1.822400E+01 1.107983E+02
1.823200E+01 1.249237E+02
1.824000E+01 1.445039E+02
1.824800E+01 1.259721E+02
1.825600E+01 1.067206E+02
1.826400E+01 1.132026E+02
1.827200E+01 1.183973E+02
1.828000E+01 1.207083E+02
1.828800E+01 1.045877E+02
1.829600E+01 1.056215E+02
1.830400E+01 1.374827E+02
1.831200E+01 1.401245E+02
1.832000E+01 1.202804E+02
1.832800E+01 1.212938E+02
1.833600E+01 1.412539E+02
1.834400E+01 1.441749E+02
1.835200E+01 1.344664E+02
1.836000E+01 1.105202E+02
1.836800E+01 1.169537E+02
1.837600E+01 1.441366E+02
1.838400E+01 1.415336E+02
1.839200E+01 1.318159E+02
1.840000E+01 1.424551E+02
1.840800E+01 1.503417E+02
1.841600E+01 1.303360E+02
1.842400E+01 1.269417E+02
1.843200E+01 1.469117E+02
1.844000E+01 1.737647E+02
1.844800E+01 1.726376E+02
1.845600E+01 1.597478E+02
1.846400E+01 1.766058E+02
1.847200E+01 1.812689E+02
1.848000E+01 1.682550E+02
1.848800E+01 1.606549E+02
1.849600E+01 1.617359E+02
1.850400E+01 1.601921E+02
1.851200E+01 1.500321E+02
1.852000E+01 1.387587E+02
1.852800E+01 1.438820E+02
1.853600E+01 1.502702E+02
1.854400E+01 1.480442E+02
1.855200E+01 1.498101E+02
1.856000E+01 1.391947E+02
1.856800E+01 1.468234E+02
1.857600E+01 1.607807E+02
1.858400E+01 1.636597E+02
1.859200E+01 1.625020E+02
1.860000E+01 1.541324E+02
1.860800E+01 1.659562E+02
1.861600E+01 1.624485E+02
1.862400E+01 1.329239E+02
1.863200E+01 1.378580E+02
1.864000E+01 1.604045E+02
1.864800E+01 1.817679E+02
1.865600E+01 1.722795E+02
1.866400E+01 1.412753E+02
1.867200E+01 1.372254E+02
1.868000E+01 1.632064E+02
1.868800E+01 1.859830E+02
1.869600E+01 1.555811E+02
1.870400E+01 1.284036E+02
1.871200E+01 1.542307E+02
1.872000E+01 1.664986E+02
1.872800E+01 1.707745E+02
1.873600E+01 1.649657E+02
1.874400E+01 1.672054E+02
1.875200E+01 1.610000E+02
1.876000E+01 1.417560E+02
1.876800E+01 1.271006E+02
1.877600E+01 1.323551E+02
1.878400E+01 1.544287E+02
1.879200E+01 1.501561E+02
1.880000E+01 1.346486E+02
1.880800E+01 1.229853E+02
1.881600E+01 1.249761E+02
1.882400E+01 1.473828E+02
1.883200E+01 1.469874E+02
1.884000E+01 1.409709E+02
1.884800E+01 1.602443E+02
1.885600E+01 1.735428E+02
1.886400E+01 1.714935E+02
1.887200E+01 1.715875E+02
1.888000E+01 1.884910E+02
1.888800E+01 1.931340E+02
1.889600E+01 1.754219E+02
1.890400E+01 1.699362E+02
1.891200E+01 1.958170E+02
1.892000E+01 1.874575E+02
1.892800E+01 1.626943E+02
1.893600E+01 1.635470E+02
1.894400E+01 1.663505E+02
1.895200E+01 1.628293E+02
1.896000E+01 1.497599E+02
1.896800E+01 1.585524E+02
1.897600E+01 1.723052E+02
1.898400E+01 1.697318E+02
1.899200E+01 1.643301E+02
1.900000E+01 1.513409E+02
1.900800E+01 1.578689E+02
1.901600E+01 1.560273E+02
1.902400E+01 1.671697E+02
1.903200E+01 1.775232E+02
1.904000E+01 1.501624E+02
1.904800E+01 1.488208E+02
1.905600E+01 1.539964E+02
1.906400E+01 1.379933E+02
1.907200E+01 1.428884E+02
1.908000E+01 1.655551E+02
1.908800E+01 1.596373E+02
1.909600E+01 1.406071E+02
1.910400E+01 1.493412E+02
1.911200E+01 1.454646E+02
1.912000E+01 1.516564E+02
1.912800E+01 1.633283E+02
1.913600E+01 1.577253E+02
1.914400E+01 1.516537E+02
1.915200E+01 1.449151E+02
1.916000E+01 1.516006E+02
1.916800E+01 1.472360E+02
1.917600E+01 1.439036E+02
1.918400E+01 1.492966E+02
1.919200E+01 1.572447E+02
1.920000E+01 1.562136E+02
1.920800E+01 1.371169E+02
1.921600E+01 1.305558E+02
1.922400E+01 1.300661E+02
1.923200E+01 1.258541E+02
1.924000E+01 1.200239E+02
1.924800E+01 1.153757E+02
1.925600E+01 1.294095E+02
1.926400E+01 1.475684E+02
1.927200E+01 1.355821E+02
1.928000E+01 1.280207E+02
1.928800E+01 1.335270E+02
1.929600E+01 1.332394E+02
1.930400E+01 1.388774E+02
1.931200E+01 1.241397E+02
1.932000E+01 1.283413E+02
1.932800E+01 1.454454E+02
1.933600E+01 1.461660E+02
1.934400E+01 1.264990E+02
1.935200E+01 1.256327E+02
1.936000E+01 1.471346E+02
1.936800E+01 1.423925E+02
1.937600E+01 1.520729E+02
1.938400E+01 1.410917E+02
1.939200E+01 1.422404E+02
1.940000E+01 1.577506E+02
1.940800E+01 1.438154E+02
1.941600E+01 1.467560E+02
1.942400E+01 1.486516E+02
1.943200E+01 1.426111E+02
1.944000E+01 1.484498E+02
1.944800E+01 1.366861E+02
1.945600E+01 1.351844E+02
1.946400E+01 1.423019E+02
1.947200E+01 1.378176E+02
1.948000E+01 1.380821E+02
1.948800E+01 1.667008E+02
1.949600E+01 1.768050E+02
1.950400E+01 1.650820E+02
1.951200E+01 1.687457E+02
1.952000E+01 1.668780E+02
1.952800E+01 1.629301E+02
1.953600E+01 1.646480E+02
1.954400E+01 1.863671E+02
1.955200E+01 1.795853E+02
1.956000E+01 1.519543E+02
1.956800E+01 1.492366E+02
1.957600E+01 1.524708E+02
1.958400E+01 1.627333E+02
1.959200E+01 1.684829E+02
1.960000E+01 1.613098E+02
1.960800E+01 1.779014E+02
1.961600E+01 1.724128E+02
1.962400E+01 1.445310E+02
1.963200E+01 1.778739E+02
1.964000E+01 1.944047E+02
1.964800E+01 1.567239E+02
1.965600E+01 1.508329E+02
1.966400E+01 1.505640E+02
1.967200E+01 1.640891E+02
1.968000E+01 1.745657E+02
1.968800E+01 1.693533E+02
1.969600E+01 1.685476E+02
1.970400E+01 1.617964E+02
1.971200E+01 1.651008E+02
1.972000E+01 1.619694E+02
1.972800E+01 1.474222E+02
1.973600E+01 1.630415E+02
1.974400E+01 1.670446E+02
1.975200E+01 1.516913E+02
1.976000E+01 1.553859E+02
1.976800E+01 1.508932E+02
1.977600E+01 1.564279E+02
1.978400E+01 1.644113E+02
1.979200E+01 1.512738E+02
1.980000E+01 1.527431E+02
1.980800E+01 1.597177E+02
1.981600E+01 1.749245E+02
1.982400E+01 1.897281E+02
1.983200E+01 1.770124E+02
1.984000E+01 1.934271E+02
1.984800E+01 1.944830E+02
1.985600E+01 1.636965E+02
1.986400E+01 1.515050E+02
1.987200E+01 1.725833E+02
1.988000E+01 1.778436E+02
1.988800E+01 1.736575E+02
1.989600E+01 1.683236E+02
1.990400E+01 1.718419E+02
1.991200E+01 1.819641E+02
1.992000E+01 1.775795E+02
1.992800E+01 1.768144E+02
1.993600E+01 1.788019E+02
1.994400E+01 1.710474E+02
1.995200E+01 1.703712E+02
1.996000E+01 1.614933E+02
1.996800E+01 1.425478E+02
1.997600E+01 1.477396E+02
1.998400E+01 1.537625E+02
1.999200E+01 1.503432E+02
2.000000E+01 1.472523E+02
