8.000000E-03 -3.531811E+00
1.600000E-02 -3.521939E+00
2.400000E-02 -3.517124E+00
3.200000E-02 -3.499697E+00
4.000000E-02 -3.519457E+00
4.800000E-02 -3.362178E+00
5.600000E-02 -3.491937E+00
6.400000E-02 -3.462384E+00
7.200000E-02 -3.307388E+00
8.000000E-02 -3.336830E+00
8.800000E-02 -3.376771E+00
9.600000E-02 -3.302411E+00
1.040000E-01 -3.242075E+00
1.120000E-01 -3.295643E+00
1.200000E-01 -3.247078E+00
1.280000E-01 -3.206373E+00
1.360000E-01 -3.187123E+00
1.440000E-01 -3.157619E+00
1.520000E-01 -3.155370E+00
1.600000E-01 -3.205300E+00
1.680000E-01 -3.175125E+00
1.760000E-01 -3.132901E+00
1.840000E-01 -3.130944E+00
1.920000E-01 -3.169454E+00
2.000000E-01 -3.160374E+00
2.080000E-01 -3.111695E+00
2.160000E-01 -3.184326E+00
2.240000E-01 -3.152523E+00
2.320000E-01 -3.140312E+00
2.400000E-01 -3.195998E+00
2.480000E-01 -3.181087E+00
2.560000E-01 -3.170098E+00
2.640000E-01 -3.194338E+00
2.720000E-01 -3.195274E+00
2.800000E-01 -3.194209E+00
2.880000E-01 -3.215115E+00
2.960000E-01 -3.219392E+00
3.040000E-01 -3.214929E+00
3.120000E-01 -3.226974E+00
3.200000E-01 -3.224343E+00
3.280000E-01 -3.242075E+00
3.360000E-01 -3.273892E+00
3.440000E-01 -3.255774E+00
3.520000E-01 -3.276116E+00
3.600000E-01 -3.293454E+00
3.680000E-01 -3.286263E+00
3.760000E-01 -3.303664E+00
3.840000E-01 -3.318355E+00
3.920000E-01 -3.313884E+00
4.000000E-01 -3.334448E+00
4.080000E-01 -3.349708E+00
4.160000E-01 -3.355759E+00
4.240000E-01 -3.371910E+00
4.320000E-01 -3.370560E+00
4.400000E-01 -3.387041E+00
4.480000E-01 -3.398504E+00
4.560000E-01 -3.398900E+00
4.640000E-01 -3.418244E+00
4.720000E-01 -3.434647E+00
4.800000E-01 -3.439533E+00
4.880000E-01 -3.452334E+00
4.960000E-01 -3.465939E+00
5.040000E-01 -3.475084E+00
5.120000E-01 -3.491180E+00
5.200000E-01 -3.503817E+00
5.280000E-01 -3.512008E+00
5.360000E-01 -3.521302E+00
5.440000E-01 -3.536131E+00
5.520000E-01 -3.547173E+00
5.600000E-01 -3.553571E+00
5.680000E-01 -3.566816E+00
5.760000E-01 -3.579134E+00
5.840000E-01 -3.592894E+00
5.920000E-01 -3.603478E+00
6.000000E-01 -3.610628E+00
6.080000E-01 -3.621098E+00
6.160000E-01 -3.631460E+00
6.240000E-01 -3.640546E+00
6.320000E-01 -3.654494E+00
6.400000E-01 -3.665719E+00
6.480000E-01 -3.674287E+00
6.560000E-01 -3.684632E+00
6.640000E-01 -3.695135E+00
6.720000E-01 -3.704846E+00
6.800000E-01 -3.715212E+00
6.880000E-01 -3.729529E+00
6.960000E-01 -3.740689E+00
7.040000E-01 -3.749965E+00
7.120000E-01 -3.760071E+00
7.200000E-01 -3.769960E+00
7.280000E-01 -3.779969E+00
7.360000E-01 -3.791912E+00
7.440000E-01 -3.800273E+00
7.520000E-01 -3.810420E+00
7.600000E-01 -3.820729E+00
7.680000E-01 -3.829769E+00
7.760000E-01 -3.840929E+00
7.840000E-01 -3.849562E+00
7.920000E-01 -3.859408E+00
8.000000E-01 -3.870071E+00
8.080000E-01 -3.879112E+00
8.160000E-01 -3.889959E+00
8.240000E-01 -3.901559E+00
8.320000E-01 -3.909877E+00
8.400000E-01 -3.919915E+00
8.480000E-01 -3.931464E+00
8.560000E-01 -3.942209E+00
8.640000E-01 -3.952166E+00
8.720000E-01 -3.962718E+00
8.800000E-01 -3.973651E+00
8.880000E-01 -3.982709E+00
8.960000E-01 -3.994453E+00
9.040000E-01 -4.004493E+00
9.120000E-01 -4.013639E+00
9.200000E-01 -4.024313E+00
9.280000E-01 -4.033506E+00
9.360000E-01 -4.043890E+00
9.440000E-01 -4.053963E+00
9.520000E-01 -4.064414E+00
9.600000E-01 -4.077809E+00
9.680000E-01 -4.088042E+00
9.760000E-01 -4.097744E+00
9.840000E-01 -4.106172E+00
9.920000E-01 -4.117282E+00
1.000000E+00 -4.129112E+00
1.008000E+00 -4.140989E+00
1.016000E+00 -4.153222E+00
1.024000E+00 -4.162087E+00
1.032000E+00 -4.172512E+00
1.040000E+00 -4.179614E+00
1.048000E+00 -4.189462E+00
1.056000E+00 -4.198412E+00
1.064000E+00 -4.207370E+00
1.072000E+00 -4.216758E+00
1.080000E+00 -4.225534E+00
1.088000E+00 -4.237921E+00
1.096000E+00 -4.246136E+00
1.104000E+00 -4.254191E+00
1.112000E+00 -4.262710E+00
1.120000E+00 -4.268060E+00
1.128000E+00 -4.275261E+00
1.136000E+00 -4.284576E+00
1.144000E+00 -4.289909E+00
1.152000E+00 -4.293413E+00
1.160000E+00 -4.305390E+00
1.168000E+00 -4.311636E+00
1.176000E+00 -4.317354E+00
1.184000E+00 -4.324143E+00
1.192000E+00 -4.324298E+00
1.200000E+00 -4.332981E+00
1.208000E+00 -4.336493E+00
1.216000E+00 -4.334933E+00
1.224000E+00 -4.342157E+00
1.232000E+00 -4.350131E+00
1.240000E+00 -4.354829E+00
1.248000E+00 -4.358740E+00
1.256000E+00 -4.359548E+00
1.264000E+00 -4.362597E+00
1.272000E+00 -4.366248E+00
1.280000E+00 -4.357111E+00
1.288000E+00 -4.363122E+00
1.296000E+00 -4.365988E+00
1.304000E+00 -4.351286E+00
1.312000E+00 -4.348683E+00
1.320000E+00 -4.345108E+00
1.328000E+00 -4.347038E+00
1.336000E+00 -4.334025E+00
1.344000E+00 -4.321333E+00
1.352000E+00 -4.322324E+00
1.360000E+00 -4.310585E+00
1.368000E+00 -4.299159E+00
1.376000E+00 -4.297541E+00
1.384000E+00 -4.260174E+00
1.392000E+00 -4.250360E+00
1.400000E+00 -4.270181E+00
1.408000E+00 -4.224545E+00
1.416000E+00 -4.228083E+00
1.424000E+00 -4.194972E+00
1.432000E+00 -4.183788E+00
1.440000E+00 -4.142881E+00
1.448000E+00 -4.141025E+00
1.456000E+00 -4.110697E+00
1.464000E+00 -4.095268E+00
1.472000E+00 -4.087401E+00
1.480000E+00 -4.014979E+00
1.488000E+00 -4.057628E+00
1.496000E+00 -3.998272E+00
1.504000E+00 -3.999296E+00
1.512000E+00 -3.966534E+00
1.520000E+00 -3.962478E+00
1.528000E+00 -3.930166E+00
1.536000E+00 -3.917418E+00
1.544000E+00 -3.914944E+00
1.552000E+00 -3.875826E+00
1.560000E+00 -3.865114E+00
1.568000E+00 -3.850823E+00
1.576000E+00 -3.843614E+00
1.584000E+00 -3.836817E+00
1.592000E+00 -3.832861E+00
1.600000E+00 -3.840946E+00
1.608000E+00 -3.821139E+00
1.616000E+00 -3.825572E+00
1.624000E+00 -3.832682E+00
1.632000E+00 -3.821056E+00
1.640000E+00 -3.815750E+00
1.648000E+00 -3.826950E+00
1.656000E+00 -3.826747E+00
1.664000E+00 -3.814439E+00
1.672000E+00 -3.835167E+00
1.680000E+00 -3.840545E+00
1.688000E+00 -3.832478E+00
1.696000E+00 -3.842638E+00
1.704000E+00 -3.842580E+00
1.712000E+00 -3.831744E+00
1.720000E+00 -3.855047E+00
1.728000E+00 -3.862510E+00
1.736000E+00 -3.855971E+00
1.744000E+00 -3.869231E+00
1.752000E+00 -3.863436E+00
1.760000E+00 -3.869544E+00
1.768000E+00 -3.888464E+00
1.776000E+00 -3.878375E+00
1.784000E+00 -3.879314E+00
1.792000E+00 -3.887000E+00
1.800000E+00 -3.893136E+00
1.808000E+00 -3.896768E+00
1.816000E+00 -3.899476E+00
1.824000E+00 -3.905101E+00
1.832000E+00 -3.906506E+00
1.840000E+00 -3.918136E+00
1.848000E+00 -3.910871E+00
1.856000E+00 -3.915461E+00
1.864000E+00 -3.924318E+00
1.872000E+00 -3.924159E+00
1.880000E+00 -3.923280E+00
1.888000E+00 -3.925434E+00
1.896000E+00 -3.933490E+00
1.904000E+00 -3.941974E+00
1.912000E+00 -3.930480E+00
1.920000E+00 -3.941899E+00
1.928000E+00 -3.948675E+00
1.936000E+00 -3.952227E+00
1.944000E+00 -3.953610E+00
1.952000E+00 -3.955933E+00
1.960000E+00 -3.959097E+00
1.968000E+00 -3.961152E+00
1.976000E+00 -3.973880E+00
1.984000E+00 -3.963335E+00
1.992000E+00 -3.975073E+00
2.000000E+00 -3.978593E+00
2.008000E+00 -3.981174E+00
2.016000E+00 -3.987606E+00
2.024000E+00 -3.992568E+00
2.032000E+00 -3.996477E+00
2.040000E+00 -4.004752E+00
2.048000E+00 -4.009639E+00
2.056000E+00 -4.010749E+00
2.064000E+00 -4.022268E+00
2.072000E+00 -4.025133E+00
2.080000E+00 -4.027461E+00
2.088000E+00 -4.041385E+00
2.096000E+00 -4.042891E+00
2.104000E+00 -4.046253E+00
2.112000E+00 -4.052735E+00
2.120000E+00 -4.055026E+00
2.128000E+00 -4.069304E+00
2.136000E+00 -4.065937E+00
2.144000E+00 -4.071949E+00
2.152000E+00 -4.081594E+00
2.160000E+00 -4.090007E+00
2.168000E+00 -4.085907E+00
2.176000E+00 -4.087314E+00
2.184000E+00 -4.100665E+00
2.192000E+00 -4.096671E+00
2.200000E+00 -4.112212E+00
2.208000E+00 -4.120413E+00
2.216000E+00 -4.119083E+00
2.224000E+00 -4.130228E+00
2.232000E+00 -4.130917E+00
2.240000E+00 -4.137942E+00
2.248000E+00 -4.143873E+00
2.256000E+00 -4.154029E+00
2.264000E+00 -4.155647E+00
2.272000E+00 -4.162076E+00
2.280000E+00 -4.166184E+00
2.288000E+00 -4.167183E+00
2.296000E+00 -4.177243E+00
2.304000E+00 -4.181001E+00
2.312000E+00 -4.186364E+00
2.320000E+00 -4.192638E+00
2.328000E+00 -4.201106E+00
2.336000E+00 -4.208162E+00
2.344000E+00 -4.211626E+00
2.352000E+00 -4.222827E+00
2.360000E+00 -4.224445E+00
2.368000E+00 -4.232979E+00
2.376000E+00 -4.240238E+00
2.384000E+00 -4.245571E+00
2.392000E+00 -4.252904E+00
2.400000E+00 -4.250656E+00
2.408000E+00 -4.264122E+00
2.416000E+00 -4.261853E+00
2.424000E+00 -4.263665E+00
2.432000E+00 -4.273494E+00
2.440000E+00 -4.271358E+00
2.448000E+00 -4.280616E+00
2.456000E+00 -4.280891E+00
2.464000E+00 -4.286865E+00
2.472000E+00 -4.289217E+00
2.480000E+00 -4.286537E+00
2.488000E+00 -4.297973E+00
2.496000E+00 -4.296798E+00
2.504000E+00 -4.301792E+00
2.512000E+00 -4.301744E+00
2.520000E+00 -4.301540E+00
2.528000E+00 -4.315978E+00
2.536000E+00 -4.304090E+00
2.544000E+00 -4.306338E+00
2.552000E+00 -4.324450E+00
2.560000E+00 -4.317659E+00
2.568000E+00 -4.312072E+00
2.576000E+00 -4.327721E+00
2.584000E+00 -4.320985E+00
2.592000E+00 -4.321157E+00
2.600000E+00 -4.326679E+00
2.608000E+00 -4.316390E+00
2.616000E+00 -4.341240E+00
2.624000E+00 -4.334792E+00
2.632000E+00 -4.320737E+00
2.640000E+00 -4.331564E+00
2.648000E+00 -4.316526E+00
2.656000E+00 -4.327638E+00
2.664000E+00 -4.325683E+00
2.672000E+00 -4.319289E+00
2.680000E+00 -4.314391E+00
2.688000E+00 -4.323971E+00
2.696000E+00 -4.309068E+00
2.704000E+00 -4.305776E+00
2.712000E+00 -4.308852E+00
2.720000E+00 -4.287463E+00
2.728000E+00 -4.299175E+00
2.736000E+00 -4.286898E+00
2.744000E+00 -4.294590E+00
2.752000E+00 -4.272009E+00
2.760000E+00 -4.272555E+00
2.768000E+00 -4.284084E+00
2.776000E+00 -4.276227E+00
2.784000E+00 -4.271232E+00
2.792000E+00 -4.261343E+00
2.800000E+00 -4.271896E+00
2.808000E+00 -4.253903E+00
2.816000E+00 -4.276276E+00
2.824000E+00 -4.237249E+00
2.832000E+00 -4.235195E+00
2.840000E+00 -4.252702E+00
2.848000E+00 -4.223509E+00
2.856000E+00 -4.224876E+00
2.864000E+00 -4.231072E+00
2.872000E+00 -4.221161E+00
2.880000E+00 -4.236937E+00
2.888000E+00 -4.201115E+00
2.896000E+00 -4.210130E+00
2.904000E+00 -4.232489E+00
2.912000E+00 -4.185086E+00
2.920000E+00 -4.202268E+00
2.928000E+00 -4.211674E+00
2.936000E+00 -4.158387E+00
2.944000E+00 -4.205705E+00
2.952000E+00 -4.185953E+00
2.960000E+00 -4.159169E+00
2.968000E+00 -4.186264E+00
2.976000E+00 -4.160928E+00
2.984000E+00 -4.122411E+00
2.992000E+00 -4.148055E+00
3.000000E+00 -4.152965E+00
3.008000E+00 -4.096079E+00
3.016000E+00 -4.133435E+00
3.024000E+00 -4.117177E+00
3.032000E+00 -4.096372E+00
3.040000E+00 -4.090055E+00
3.048000E+00 -4.104471E+00
3.056000E+00 -4.066002E+00
3.064000E+00 -4.060485E+00
3.072000E+00 -4.077691E+00
3.080000E+00 -4.057822E+00
3.088000E+00 -4.072911E+00
3.096000E+00 -4.060818E+00
3.104000E+00 -4.053516E+00
3.112000E+00 -4.043239E+00
3.120000E+00 -4.050402E+00
3.128000E+00 -4.048321E+00
3.136000E+00 -4.035475E+00
3.144000E+00 -4.014384E+00
3.152000E+00 -4.021229E+00
3.160000E+00 -4.031839E+00
3.168000E+00 -4.019089E+00
3.176000E+00 -4.011201E+00
3.184000E+00 -4.013669E+00
3.192000E+00 -4.016619E+00
3.200000E+00 -4.001061E+00
3.208000E+00 -3.996289E+00
3.216000E+00 -4.021902E+00
3.224000E+00 -3.996285E+00
3.232000E+00 -4.005817E+00
3.240000E+00 -4.000655E+00
3.248000E+00 -4.015243E+00
3.256000E+00 -3.992790E+00
3.264000E+00 -3.990243E+00
3.272000E+00 -4.012028E+00
3.280000E+00 -3.990885E+00
3.288000E+00 -3.987286E+00
3.296000E+00 -4.007475E+00
3.304000E+00 -4.001490E+00
3.312000E+00 -3.989058E+00
3.320000E+00 -3.994718E+00
3.328000E+00 -3.996953E+00
3.336000E+00 -3.988882E+00
3.344000E+00 -3.999437E+00
3.352000E+00 -4.019432E+00
3.360000E+00 -3.991633E+00
3.368000E+00 -4.010257E+00
3.376000E+00 -4.009035E+00
3.384000E+00 -4.017352E+00
3.392000E+00 -4.006357E+00
3.400000E+00 -4.030457E+00
3.408000E+00 -4.023955E+00
3.416000E+00 -4.017769E+00
3.424000E+00 -4.036243E+00
3.432000E+00 -4.016262E+00
3.440000E+00 -4.041063E+00
3.448000E+00 -4.025154E+00
3.456000E+00 -4.027863E+00
3.464000E+00 -4.056177E+00
3.472000E+00 -4.034439E+00
3.480000E+00 -4.054623E+00
3.488000E+00 -4.052360E+00
3.496000E+00 -4.060118E+00
3.504000E+00 -4.080556E+00
3.512000E+00 -4.061307E+00
3.520000E+00 -4.086550E+00
3.528000E+00 -4.086030E+00
3.536000E+00 -4.071072E+00
3.544000E+00 -4.090652E+00
3.552000E+00 -4.092262E+00
3.560000E+00 -4.098108E+00
3.568000E+00 -4.091693E+00
3.576000E+00 -4.104136E+00
3.584000E+00 -4.109826E+00
3.592000E+00 -4.112206E+00
3.600000E+00 -4.121451E+00
3.608000E+00 -4.116418E+00
3.616000E+00 -4.120751E+00
3.624000E+00 -4.128533E+00
3.632000E+00 -4.143366E+00
3.640000E+00 -4.135213E+00
3.648000E+00 -4.136452E+00
3.656000E+00 -4.154214E+00
3.664000E+00 -4.152345E+00
3.672000E+00 -4.153054E+00
3.680000E+00 -4.164774E+00
3.688000E+00 -4.163746E+00
3.696000E+00 -4.167009E+00
3.704000E+00 -4.186959E+00
3.712000E+00 -4.180351E+00
3.720000E+00 -4.185723E+00
3.728000E+00 -4.195703E+00
3.736000E+00 -4.204949E+00
3.744000E+00 -4.204789E+00
3.752000E+00 -4.204520E+00
3.760000E+00 -4.213291E+00
3.768000E+00 -4.211788E+00
3.776000E+00 -4.222612E+00
3.784000E+00 -4.224096E+00
3.792000E+00 -4.230928E+00
3.800000E+00 -4.235969E+00
3.808000E+00 -4.246791E+00
3.816000E+00 -4.251426E+00
3.824000E+00 -4.247323E+00
3.832000E+00 -4.252338E+00
3.840000E+00 -4.257669E+00
3.848000E+00 -4.268188E+00
3.856000E+00 -4.261330E+00
3.864000E+00 -4.278107E+00
3.872000E+00 -4.280746E+00
3.880000E+00 -4.270071E+00
3.888000E+00 -4.292427E+00
3.896000E+00 -4.295169E+00
3.904000E+00 -4.291225E+00
3.912000E+00 -4.304220E+00
3.920000E+00 -4.301795E+00
3.928000E+00 -4.298013E+00
3.936000E+00 -4.307349E+00
3.944000E+00 -4.313496E+00
3.952000E+00 -4.309044E+00
3.960000E+00 -4.326715E+00
3.968000E+00 -4.308061E+00
3.976000E+00 -4.322944E+00
3.984000E+00 -4.329253E+00
3.992000E+00 -4.316694E+00
4.000000E+00 -4.317699E+00
4.008000E+00 -4.336934E+00
4.016000E+00 -4.332953E+00
4.024000E+00 -4.322735E+00
4.032000E+00 -4.334574E+00
4.040000E+00 -4.337015E+00
4.048000E+00 -4.336787E+00
4.056000E+00 -4.336645E+00
4.064000E+00 -4.316637E+00
4.072000E+00 -4.344398E+00
4.080000E+00 -4.327745E+00
4.088000E+00 -4.316877E+00
4.096000E+00 -4.325092E+00
4.104000E+00 -4.314381E+00
4.112000E+00 -4.329733E+00
4.120000E+00 -4.322656E+00
4.128000E+00 -4.297341E+00
4.136000E+00 -4.317383E+00
4.144000E+00 -4.305497E+00
4.152000E+00 -4.303477E+00
4.160000E+00 -4.301434E+00
4.168000E+00 -4.279378E+00
4.176000E+00 -4.280028E+00
4.184000E+00 -4.295175E+00
4.192000E+00 -4.281030E+00
4.200000E+00 -4.267957E+00
4.208000E+00 -4.270359E+00
4.216000E+00 -4.258862E+00
4.224000E+00 -4.264730E+00
4.232000E+00 -4.235941E+00
4.240000E+00 -4.244030E+00
4.248000E+00 -4.239270E+00
4.256000E+00 -4.229822E+00
4.264000E+00 -4.230856E+00
4.272000E+00 -4.219201E+00
4.280000E+00 -4.220326E+00
4.288000E+00 -4.213322E+00
4.296000E+00 -4.215220E+00
4.304000E+00 -4.216936E+00
4.312000E+00 -4.203947E+00
4.320000E+00 -4.183380E+00
4.328000E+00 -4.190225E+00
4.336000E+00 -4.200548E+00
4.344000E+00 -4.184300E+00
4.352000E+00 -4.159680E+00
4.360000E+00 -4.156500E+00
4.368000E+00 -4.143865E+00
4.376000E+00 -4.152324E+00
4.384000E+00 -4.127322E+00
4.392000E+00 -4.133877E+00
4.400000E+00 -4.125534E+00
4.408000E+00 -4.119565E+00
4.416000E+00 -4.144783E+00
4.424000E+00 -4.113755E+00
4.432000E+00 -4.116180E+00
4.440000E+00 -4.109543E+00
4.448000E+00 -4.105199E+00
4.456000E+00 -4.093404E+00
4.464000E+00 -4.122808E+00
4.472000E+00 -4.109196E+00
4.480000E+00 -4.081706E+00
4.488000E+00 -4.093321E+00
4.496000E+00 -4.106120E+00
4.504000E+00 -4.082547E+00
4.512000E+00 -4.095755E+00
4.520000E+00 -4.081507E+00
4.528000E+00 -4.053017E+00
4.536000E+00 -4.098571E+00
4.544000E+00 -4.100377E+00
4.552000E+00 -4.057835E+00
4.560000E+00 -4.093199E+00
4.568000E+00 -4.069112E+00
4.576000E+00 -4.060818E+00
4.584000E+00 -4.103710E+00
4.592000E+00 -4.045134E+00
4.600000E+00 -4.102485E+00
4.608000E+00 -4.071412E+00
4.616000E+00 -4.051463E+00
4.624000E+00 -4.064306E+00
4.632000E+00 -4.065923E+00
4.640000E+00 -4.056288E+00
4.648000E+00 -4.056423E+00
4.656000E+00 -4.054448E+00
4.664000E+00 -4.050802E+00
4.672000E+00 -4.050003E+00
4.680000E+00 -4.058126E+00
4.688000E+00 -4.041540E+00
4.696000E+00 -4.032111E+00
4.704000E+00 -4.066556E+00
4.712000E+00 -4.027275E+00
4.720000E+00 -4.045361E+00
4.728000E+00 -4.037353E+00
4.736000E+00 -4.032073E+00
4.744000E+00 -4.043387E+00
4.752000E+00 -4.044821E+00
4.760000E+00 -4.055215E+00
4.768000E+00 -4.031862E+00
4.776000E+00 -4.057961E+00
4.784000E+00 -4.069374E+00
4.792000E+00 -4.024518E+00
4.800000E+00 -4.060869E+00
4.808000E+00 -4.060149E+00
4.816000E+00 -4.068269E+00
4.824000E+00 -4.063208E+00
4.832000E+00 -4.057146E+00
4.840000E+00 -4.082918E+00
4.848000E+00 -4.073240E+00
4.856000E+00 -4.086350E+00
4.864000E+00 -4.082750E+00
4.872000E+00 -4.074991E+00
4.880000E+00 -4.089827E+00
4.888000E+00 -4.103347E+00
4.896000E+00 -4.096966E+00
4.904000E+00 -4.084449E+00
4.912000E+00 -4.116932E+00
4.920000E+00 -4.108575E+00
4.928000E+00 -4.103971E+00
4.936000E+00 -4.123842E+00
4.944000E+00 -4.112812E+00
4.952000E+00 -4.129448E+00
4.960000E+00 -4.128512E+00
4.968000E+00 -4.150102E+00
4.976000E+00 -4.148307E+00
4.984000E+00 -4.132351E+00
4.992000E+00 -4.157475E+00
5.000000E+00 -4.152567E+00
5.008000E+00 -4.167715E+00
5.016000E+00 -4.169548E+00
5.024000E+00 -4.173823E+00
5.032000E+00 -4.181599E+00
5.040000E+00 -4.175084E+00
5.048000E+00 -4.197183E+00
5.056000E+00 -4.183248E+00
5.064000E+00 -4.188636E+00
5.072000E+00 -4.219048E+00
5.080000E+00 -4.185094E+00
5.088000E+00 -4.215372E+00
5.096000E+00 -4.200728E+00
5.104000E+00 -4.221578E+00
5.112000E+00 -4.228101E+00
5.120000E+00 -4.196237E+00
5.128000E+00 -4.239742E+00
5.136000E+00 -4.215576E+00
5.144000E+00 -4.223667E+00
5.152000E+00 -4.234157E+00
5.160000E+00 -4.216379E+00
5.168000E+00 -4.251886E+00
5.176000E+00 -4.242194E+00
5.184000E+00 -4.236582E+00
5.192000E+00 -4.246676E+00
5.200000E+00 -4.255416E+00
5.208000E+00 -4.262528E+00
5.216000E+00 -4.248897E+00
5.224000E+00 -4.271242E+00
5.232000E+00 -4.259352E+00
5.240000E+00 -4.262882E+00
5.248000E+00 -4.276562E+00
5.256000E+00 -4.271623E+00
5.264000E+00 -4.275091E+00
5.272000E+00 -4.269078E+00
5.280000E+00 -4.289012E+00
5.288000E+00 -4.280619E+00
5.296000E+00 -4.269675E+00
5.304000E+00 -4.291991E+00
5.312000E+00 -4.296745E+00
5.320000E+00 -4.275763E+00
5.328000E+00 -4.281302E+00
5.336000E+00 -4.301898E+00
5.344000E+00 -4.281346E+00
5.352000E+00 -4.286612E+00
5.360000E+00 -4.288510E+00
5.368000E+00 -4.295914E+00
5.376000E+00 -4.292140E+00
5.384000E+00 -4.286762E+00
5.392000E+00 -4.295472E+00
5.400000E+00 -4.295121E+00
5.408000E+00 -4.277046E+00
5.416000E+00 -4.308133E+00
5.424000E+00 -4.295596E+00
5.432000E+00 -4.282226E+00
5.440000E+00 -4.283698E+00
5.448000E+00 -4.298881E+00
5.456000E+00 -4.298110E+00
5.464000E+00 -4.285553E+00
5.472000E+00 -4.296993E+00
5.480000E+00 -4.293835E+00
5.488000E+00 -4.288574E+00
5.496000E+00 -4.302704E+00
5.504000E+00 -4.292011E+00
5.512000E+00 -4.304086E+00
5.520000E+00 -4.294716E+00
5.528000E+00 -4.288833E+00
5.536000E+00 -4.275449E+00
5.544000E+00 -4.282281E+00
5.552000E+00 -4.301922E+00
5.560000E+00 -4.269441E+00
5.568000E+00 -4.274138E+00
5.576000E+00 -4.278681E+00
5.584000E+00 -4.255389E+00
5.592000E+00 -4.272523E+00
5.600000E+00 -4.256820E+00
5.608000E+00 -4.253506E+00
5.616000E+00 -4.249288E+00
5.624000E+00 -4.247983E+00
5.632000E+00 -4.239623E+00
5.640000E+00 -4.220444E+00
5.648000E+00 -4.220127E+00
5.656000E+00 -4.211814E+00
5.664000E+00 -4.192906E+00
5.672000E+00 -4.198789E+00
5.680000E+00 -4.191896E+00
5.688000E+00 -4.190484E+00
5.696000E+00 -4.188262E+00
5.704000E+00 -4.174587E+00
5.712000E+00 -4.169660E+00
5.720000E+00 -4.180959E+00
5.728000E+00 -4.153729E+00
5.736000E+00 -4.179777E+00
5.744000E+00 -4.142593E+00
5.752000E+00 -4.145927E+00
5.760000E+00 -4.173413E+00
5.768000E+00 -4.138892E+00
5.776000E+00 -4.125828E+00
5.784000E+00 -4.136088E+00
5.792000E+00 -4.151863E+00
5.800000E+00 -4.113599E+00
5.808000E+00 -4.117104E+00
5.816000E+00 -4.115729E+00
5.824000E+00 -4.109881E+00
5.832000E+00 -4.111329E+00
5.840000E+00 -4.085940E+00
5.848000E+00 -4.135535E+00
5.856000E+00 -4.085137E+00
5.864000E+00 -4.075945E+00
5.872000E+00 -4.101162E+00
5.880000E+00 -4.078467E+00
5.888000E+00 -4.081415E+00
5.896000E+00 -4.086106E+00
5.904000E+00 -4.070838E+00
5.912000E+00 -4.086712E+00
5.920000E+00 -4.065476E+00
5.928000E+00 -4.070520E+00
5.936000E+00 -4.078743E+00
5.944000E+00 -4.079127E+00
5.952000E+00 -4.094317E+00
5.960000E+00 -4.026341E+00
5.968000E+00 -4.086066E+00
5.976000E+00 -4.088704E+00
5.984000E+00 -4.051987E+00
5.992000E+00 -4.069468E+00
6.000000E+00 -4.057654E+00
6.008000E+00 -4.074686E+00
6.016000E+00 -4.079359E+00
6.024000E+00 -4.039277E+00
6.032000E+00 -4.076194E+00
6.040000E+00 -4.077018E+00
6.048000E+00 -4.057019E+00
6.056000E+00 -4.046884E+00
6.064000E+00 -4.072835E+00
6.072000E+00 -4.072634E+00
6.080000E+00 -4.044593E+00
6.088000E+00 -4.060866E+00
6.096000E+00 -4.071352E+00
6.104000E+00 -4.063243E+00
6.112000E+00 -4.058043E+00
6.120000E+00 -4.060401E+00
6.128000E+00 -4.075426E+00
6.136000E+00 -4.058571E+00
6.144000E+00 -4.053498E+00
6.152000E+00 -4.082802E+00
6.160000E+00 -4.072230E+00
6.168000E+00 -4.065358E+00
6.176000E+00 -4.093415E+00
6.184000E+00 -4.074481E+00
6.192000E+00 -4.066388E+00
6.200000E+00 -4.109339E+00
6.208000E+00 -4.075197E+00
6.216000E+00 -4.067692E+00
6.224000E+00 -4.095406E+00
6.232000E+00 -4.112764E+00
6.240000E+00 -4.067830E+00
6.248000E+00 -4.098565E+00
6.256000E+00 -4.112772E+00
6.264000E+00 -4.089299E+00
6.272000E+00 -4.115828E+00
6.280000E+00 -4.104537E+00
6.288000E+00 -4.119599E+00
6.296000E+00 -4.133458E+00
6.304000E+00 -4.098240E+00
6.312000E+00 -4.136633E+00
6.320000E+00 -4.142277E+00
6.328000E+00 -4.126297E+00
6.336000E+00 -4.133369E+00
6.344000E+00 -4.154045E+00
6.352000E+00 -4.153140E+00
6.360000E+00 -4.145282E+00
6.368000E+00 -4.166646E+00
6.376000E+00 -4.169100E+00
6.384000E+00 -4.151156E+00
6.392000E+00 -4.181177E+00
6.400000E+00 -4.183941E+00
6.408000E+00 -4.174308E+00
6.416000E+00 -4.200041E+00
6.424000E+00 -4.171402E+00
6.432000E+00 -4.195444E+00
6.440000E+00 -4.200533E+00
6.448000E+00 -4.202992E+00
6.456000E+00 -4.195757E+00
6.464000E+00 -4.213981E+00
6.472000E+00 -4.218329E+00
6.480000E+00 -4.213819E+00
6.488000E+00 -4.214188E+00
6.496000E+00 -4.223825E+00
6.504000E+00 -4.216361E+00
6.512000E+00 -4.221521E+00
6.520000E+00 -4.226636E+00
6.528000E+00 -4.221559E+00
6.536000E+00 -4.243841E+00
6.544000E+00 -4.219716E+00
6.552000E+00 -4.233391E+00
6.560000E+00 -4.256916E+00
6.568000E+00 -4.234436E+00
6.576000E+00 -4.247123E+00
6.584000E+00 -4.251085E+00
6.592000E+00 -4.253231E+00
6.600000E+00 -4.256827E+00
6.608000E+00 -4.255709E+00
6.616000E+00 -4.248657E+00
6.624000E+00 -4.274206E+00
6.632000E+00 -4.252815E+00
6.640000E+00 -4.266678E+00
6.648000E+00 -4.277794E+00
6.656000E+00 -4.263638E+00
6.664000E+00 -4.276434E+00
6.672000E+00 -4.263461E+00
6.680000E+00 -4.299342E+00
6.688000E+00 -4.256715E+00
6.696000E+00 -4.288469E+00
6.704000E+00 -4.301747E+00
6.712000E+00 -4.259262E+00
6.720000E+00 -4.298347E+00
6.728000E+00 -4.289460E+00
6.736000E+00 -4.279278E+00
6.744000E+00 -4.284149E+00
6.752000E+00 -4.296917E+00
6.760000E+00 -4.279735E+00
6.768000E+00 -4.288565E+00
6.776000E+00 -4.302951E+00
6.784000E+00 -4.285429E+00
6.792000E+00 -4.279382E+00
6.800000E+00 -4.300683E+00
6.808000E+00 -4.295978E+00
6.816000E+00 -4.276493E+00
6.824000E+00 -4.303729E+00
6.832000E+00 -4.287906E+00
6.840000E+00 -4.295230E+00
6.848000E+00 -4.309044E+00
6.856000E+00 -4.279119E+00
6.864000E+00 -4.306161E+00
6.872000E+00 -4.293161E+00
6.880000E+00 -4.286395E+00
6.888000E+00 -4.290204E+00
6.896000E+00 -4.284414E+00
6.904000E+00 -4.306338E+00
6.912000E+00 -4.289661E+00
6.920000E+00 -4.288478E+00
6.928000E+00 -4.268845E+00
6.936000E+00 -4.301159E+00
6.944000E+00 -4.275710E+00
6.952000E+00 -4.259450E+00
6.960000E+00 -4.293623E+00
6.968000E+00 -4.252628E+00
6.976000E+00 -4.265586E+00
6.984000E+00 -4.241577E+00
6.992000E+00 -4.249516E+00
7.000000E+00 -4.255109E+00
7.008000E+00 -4.224758E+00
7.016000E+00 -4.216384E+00
7.024000E+00 -4.220752E+00
7.032000E+00 -4.225547E+00
7.040000E+00 -4.210485E+00
7.048000E+00 -4.202801E+00
7.056000E+00 -4.216870E+00
7.064000E+00 -4.188246E+00
7.072000E+00 -4.170791E+00
7.080000E+00 -4.192423E+00
7.088000E+00 -4.215772E+00
7.096000E+00 -4.155373E+00
7.104000E+00 -4.181923E+00
7.112000E+00 -4.182869E+00
7.120000E+00 -4.128429E+00
7.128000E+00 -4.203724E+00
7.136000E+00 -4.167999E+00
7.144000E+00 -4.152053E+00
7.152000E+00 -4.140281E+00
7.160000E+00 -4.144486E+00
7.168000E+00 -4.146419E+00
7.176000E+00 -4.125739E+00
7.184000E+00 -4.131595E+00
7.192000E+00 -4.133697E+00
7.200000E+00 -4.115032E+00
7.208000E+00 -4.114043E+00
7.216000E+00 -4.108069E+00
7.224000E+00 -4.102424E+00
7.232000E+00 -4.111718E+00
7.240000E+00 -4.105715E+00
7.248000E+00 -4.093741E+00
7.256000E+00 -4.100318E+00
7.264000E+00 -4.105425E+00
7.272000E+00 -4.094309E+00
7.280000E+00 -4.096325E+00
7.288000E+00 -4.083930E+00
7.296000E+00 -4.094166E+00
7.304000E+00 -4.092783E+00
7.312000E+00 -4.085719E+00
7.320000E+00 -4.105949E+00
7.328000E+00 -4.074445E+00
7.336000E+00 -4.086397E+00
7.344000E+00 -4.082686E+00
7.352000E+00 -4.076464E+00
7.360000E+00 -4.077013E+00
7.368000E+00 -4.039426E+00
7.376000E+00 -4.089397E+00
7.384000E+00 -4.062315E+00
7.392000E+00 -4.062102E+00
7.400000E+00 -4.057807E+00
7.408000E+00 -4.042942E+00
7.416000E+00 -4.067972E+00
7.424000E+00 -4.063107E+00
7.432000E+00 -4.046133E+00
7.440000E+00 -4.049724E+00
7.448000E+00 -4.068847E+00
7.456000E+00 -4.060911E+00
7.464000E+00 -4.046507E+00
7.472000E+00 -4.051962E+00
7.480000E+00 -4.061412E+00
7.488000E+00 -4.079467E+00
7.496000E+00 -4.054861E+00
7.504000E+00 -4.057616E+00
7.512000E+00 -4.062610E+00
7.520000E+00 -4.047185E+00
7.528000E+00 -4.075391E+00
7.536000E+00 -4.083699E+00
7.544000E+00 -4.052204E+00
7.552000E+00 -4.054765E+00
7.560000E+00 -4.100088E+00
7.568000E+00 -4.070429E+00
7.576000E+00 -4.071861E+00
7.584000E+00 -4.081947E+00
7.592000E+00 -4.064788E+00
7.600000E+00 -4.097447E+00
7.608000E+00 -4.084698E+00
7.616000E+00 -4.086349E+00
7.624000E+00 -4.080755E+00
7.632000E+00 -4.099882E+00
7.640000E+00 -4.083797E+00
7.648000E+00 -4.109357E+00
7.656000E+00 -4.111272E+00
7.664000E+00 -4.098016E+00
7.672000E+00 -4.125003E+00
7.680000E+00 -4.107213E+00
7.688000E+00 -4.128964E+00
7.696000E+00 -4.123559E+00
7.704000E+00 -4.123506E+00
7.712000E+00 -4.132852E+00
7.720000E+00 -4.114594E+00
7.728000E+00 -4.139915E+00
7.736000E+00 -4.149205E+00
7.744000E+00 -4.128949E+00
7.752000E+00 -4.161149E+00
7.760000E+00 -4.143359E+00
7.768000E+00 -4.141930E+00
7.776000E+00 -4.168925E+00
7.784000E+00 -4.146339E+00
7.792000E+00 -4.154889E+00
7.800000E+00 -4.172389E+00
7.808000E+00 -4.151662E+00
7.816000E+00 -4.170084E+00
7.824000E+00 -4.181417E+00
7.832000E+00 -4.176068E+00
7.840000E+00 -4.175480E+00
7.848000E+00 -4.184662E+00
7.856000E+00 -4.191053E+00
7.864000E+00 -4.194051E+00
7.872000E+00 -4.198337E+00
7.880000E+00 -4.204740E+00
7.888000E+00 -4.197142E+00
7.896000E+00 -4.199853E+00
7.904000E+00 -4.216124E+00
7.912000E+00 -4.220364E+00
7.920000E+00 -4.203770E+00
7.928000E+00 -4.210989E+00
7.936000E+00 -4.240353E+00
7.944000E+00 -4.214311E+00
7.952000E+00 -4.222833E+00
7.960000E+00 -4.231208E+00
7.968000E+00 -4.233472E+00
7.976000E+00 -4.233577E+00
7.984000E+00 -4.227278E+00
7.992000E+00 -4.244358E+00
8.000000E+00 -4.234370E+00
8.008000E+00 -4.227672E+00
8.016000E+00 -4.245001E+00
8.024000E+00 -4.251548E+00
8.032000E+00 -4.251558E+00
8.040000E+00 -4.250035E+00
8.048000E+00 -4.257947E+00
8.056000E+00 -4.262829E+00
8.064000E+00 -4.252615E+00
8.072000E+00 -4.263002E+00
8.080000E+00 -4.249617E+00
8.088000E+00 -4.257572E+00
8.096000E+00 -4.257927E+00
8.104000E+00 -4.243734E+00
8.112000E+00 -4.258134E+00
8.120000E+00 -4.281862E+00
8.128000E+00 -4.255051E+00
8.136000E+00 -4.257739E+00
8.144000E+00 -4.261416E+00
8.152000E+00 -4.259508E+00
8.160000E+00 -4.272752E+00
8.168000E+00 -4.268672E+00
8.176000E+00 -4.250648E+00
8.184000E+00 -4.281548E+00
8.192000E+00 -4.255214E+00
8.200000E+00 -4.246782E+00
8.208000E+00 -4.290435E+00
8.216000E+00 -4.252410E+00
8.224000E+00 -4.255254E+00
8.232000E+00 -4.262969E+00
8.240000E+00 -4.265430E+00
8.248000E+00 -4.242127E+00
8.256000E+00 -4.272235E+00
8.264000E+00 -4.253966E+00
8.272000E+00 -4.251328E+00
8.280000E+00 -4.270210E+00
8.288000E+00 -4.255823E+00
8.296000E+00 -4.245358E+00
8.304000E+00 -4.255307E+00
8.312000E+00 -4.255671E+00
8.320000E+00 -4.253867E+00
8.328000E+00 -4.240974E+00
8.336000E+00 -4.239586E+00
8.344000E+00 -4.240422E+00
8.352000E+00 -4.244283E+00
8.360000E+00 -4.245347E+00
8.368000E+00 -4.237441E+00
8.376000E+00 -4.238117E+00
8.384000E+00 -4.236712E+00
8.392000E+00 -4.233079E+00
8.400000E+00 -4.229231E+00
8.408000E+00 -4.235460E+00
8.416000E+00 -4.226425E+00
8.424000E+00 -4.218981E+00
8.432000E+00 -4.234390E+00
8.440000E+00 -4.224334E+00
8.448000E+00 -4.201802E+00
8.456000E+00 -4.216717E+00
8.464000E+00 -4.214703E+00
8.472000E+00 -4.166255E+00
8.480000E+00 -4.199702E+00
8.488000E+00 -4.195948E+00
8.496000E+00 -4.150446E+00
8.504000E+00 -4.187410E+00
8.512000E+00 -4.164807E+00
8.520000E+00 -4.118697E+00
8.528000E+00 -4.185787E+00
8.536000E+00 -4.160185E+00
8.544000E+00 -4.119054E+00
8.552000E+00 -4.135501E+00
8.560000E+00 -4.146668E+00
8.568000E+00 -4.119684E+00
8.576000E+00 -4.095595E+00
8.584000E+00 -4.125863E+00
8.592000E+00 -4.091031E+00
8.600000E+00 -4.094077E+00
8.608000E+00 -4.097690E+00
8.616000E+00 -4.083314E+00
8.624000E+00 -4.088358E+00
8.632000E+00 -4.076853E+00
8.640000E+00 -4.082723E+00
8.648000E+00 -4.104270E+00
8.656000E+00 -4.060214E+00
8.664000E+00 -4.085466E+00
8.672000E+00 -4.076269E+00
8.680000E+00 -4.063312E+00
8.688000E+00 -4.089922E+00
8.696000E+00 -4.055768E+00
8.704000E+00 -4.071696E+00
8.712000E+00 -4.080934E+00
8.720000E+00 -4.068644E+00
8.728000E+00 -4.070666E+00
8.736000E+00 -4.057684E+00
8.744000E+00 -4.096771E+00
8.752000E+00 -4.082612E+00
8.760000E+00 -4.088388E+00
8.768000E+00 -4.076228E+00
8.776000E+00 -4.052270E+00
8.784000E+00 -4.094713E+00
8.792000E+00 -4.088399E+00
8.800000E+00 -4.081192E+00
8.808000E+00 -4.063459E+00
8.816000E+00 -4.073495E+00
8.824000E+00 -4.083074E+00
8.832000E+00 -4.077308E+00
8.840000E+00 -4.065397E+00
8.848000E+00 -4.069570E+00
8.856000E+00 -4.092222E+00
8.864000E+00 -4.057370E+00
8.872000E+00 -4.070920E+00
8.880000E+00 -4.085374E+00
8.888000E+00 -4.058816E+00
8.896000E+00 -4.068770E+00
8.904000E+00 -4.077784E+00
8.912000E+00 -4.058175E+00
8.920000E+00 -4.070045E+00
8.928000E+00 -4.082174E+00
8.936000E+00 -4.068444E+00
8.944000E+00 -4.067244E+00
8.952000E+00 -4.069329E+00
8.960000E+00 -4.072275E+00
8.968000E+00 -4.082337E+00
8.976000E+00 -4.084606E+00
8.984000E+00 -4.069152E+00
8.992000E+00 -4.084968E+00
9.000000E+00 -4.086950E+00
9.008000E+00 -4.082349E+00
9.016000E+00 -4.100166E+00
9.024000E+00 -4.089820E+00
9.032000E+00 -4.095812E+00
9.040000E+00 -4.087086E+00
9.048000E+00 -4.101844E+00
9.056000E+00 -4.113284E+00
9.064000E+00 -4.108154E+00
9.072000E+00 -4.109061E+00
9.080000E+00 -4.115234E+00
9.088000E+00 -4.118171E+00
9.096000E+00 -4.123305E+00
9.104000E+00 -4.140144E+00
9.112000E+00 -4.130069E+00
9.120000E+00 -4.128545E+00
9.128000E+00 -4.135873E+00
9.136000E+00 -4.142248E+00
9.144000E+00 -4.156517E+00
9.152000E+00 -4.130876E+00
9.160000E+00 -4.170968E+00
9.168000E+00 -4.162619E+00
9.176000E+00 -4.146633E+00
9.184000E+00 -4.177628E+00
9.192000E+00 -4.168222E+00
9.200000E+00 -4.164081E+00
9.208000E+00 -4.180729E+00
9.216000E+00 -4.165125E+00
9.224000E+00 -4.171983E+00
9.232000E+00 -4.196391E+00
9.240000E+00 -4.184940E+00
9.248000E+00 -4.176687E+00
9.256000E+00 -4.186073E+00
9.264000E+00 -4.204875E+00
9.272000E+00 -4.198791E+00
9.280000E+00 -4.191092E+00
9.288000E+00 -4.212450E+00
9.296000E+00 -4.223112E+00
9.304000E+00 -4.207964E+00
9.312000E+00 -4.215609E+00
9.320000E+00 -4.224533E+00
9.328000E+00 -4.228095E+00
9.336000E+00 -4.216779E+00
9.344000E+00 -4.221842E+00
9.352000E+00 -4.245199E+00
9.360000E+00 -4.212996E+00
9.368000E+00 -4.230486E+00
9.376000E+00 -4.248061E+00
9.384000E+00 -4.227962E+00
9.392000E+00 -4.220395E+00
9.400000E+00 -4.244919E+00
9.408000E+00 -4.245684E+00
9.416000E+00 -4.227843E+00
9.424000E+00 -4.238193E+00
9.432000E+00 -4.233112E+00
9.440000E+00 -4.230034E+00
9.448000E+00 -4.237210E+00
9.456000E+00 -4.227102E+00
9.464000E+00 -4.238916E+00
9.472000E+00 -4.242423E+00
9.480000E+00 -4.236536E+00
9.488000E+00 -4.237583E+00
9.496000E+00 -4.257305E+00
9.504000E+00 -4.224053E+00
9.512000E+00 -4.233555E+00
9.520000E+00 -4.245678E+00
9.528000E+00 -4.231218E+00
9.536000E+00 -4.245827E+00
9.544000E+00 -4.232038E+00
9.552000E+00 -4.237404E+00
9.560000E+00 -4.253203E+00
9.568000E+00 -4.233839E+00
9.576000E+00 -4.246332E+00
9.584000E+00 -4.239153E+00
9.592000E+00 -4.243771E+00
9.600000E+00 -4.241013E+00
9.608000E+00 -4.246311E+00
9.616000E+00 -4.249024E+00
9.624000E+00 -4.243200E+00
9.632000E+00 -4.245459E+00
9.640000E+00 -4.241893E+00
9.648000E+00 -4.229802E+00
9.656000E+00 -4.235166E+00
9.664000E+00 -4.235731E+00
9.672000E+00 -4.231802E+00
9.680000E+00 -4.236191E+00
9.688000E+00 -4.232502E+00
9.696000E+00 -4.234925E+00
9.704000E+00 -4.223657E+00
9.712000E+00 -4.225178E+00
9.720000E+00 -4.231787E+00
9.728000E+00 -4.216691E+00
9.736000E+00 -4.237495E+00
9.744000E+00 -4.219299E+00
9.752000E+00 -4.200588E+00
9.760000E+00 -4.223257E+00
9.768000E+00 -4.203522E+00
9.776000E+00 -4.191804E+00
9.784000E+00 -4.210570E+00
9.792000E+00 -4.184231E+00
9.800000E+00 -4.186411E+00
9.808000E+00 -4.187759E+00
9.816000E+00 -4.190970E+00
9.824000E+00 -4.180831E+00
9.832000E+00 -4.184302E+00
9.840000E+00 -4.167697E+00
9.848000E+00 -4.148318E+00
9.856000E+00 -4.166187E+00
9.864000E+00 -4.136624E+00
9.872000E+00 -4.166336E+00
9.880000E+00 -4.138232E+00
9.888000E+00 -4.133862E+00
9.896000E+00 -4.153226E+00
9.904000E+00 -4.136826E+00
9.912000E+00 -4.128837E+00
9.920000E+00 -4.123633E+00
9.928000E+00 -4.140854E+00
9.936000E+00 -4.115463E+00
9.944000E+00 -4.117756E+00
9.952000E+00 -4.133843E+00
9.960000E+00 -4.115572E+00
9.968000E+00 -4.123349E+00
9.976000E+00 -4.099580E+00
9.984000E+00 -4.119792E+00
9.992000E+00 -4.123358E+00
1.000000E+01 -4.090737E+00
1.000800E+01 -4.115311E+00
1.001600E+01 -4.106014E+00
1.002400E+01 -4.123211E+00
1.003200E+01 -4.097738E+00
1.004000E+01 -4.092964E+00
1.004800E+01 -4.112360E+00
1.005600E+01 -4.081703E+00
1.006400E+01 -4.095169E+00
1.007200E+01 -4.085876E+00
1.008000E+01 -4.093117E+00
1.008800E+01 -4.088487E+00
1.009600E+01 -4.084764E+00
1.010400E+01 -4.066563E+00
1.011200E+01 -4.082226E+00
1.012000E+01 -4.086308E+00
1.012800E+01 -4.069986E+00
1.013600E+01 -4.076063E+00
1.014400E+01 -4.066834E+00
1.015200E+01 -4.064202E+00
1.016000E+01 -4.080492E+00
1.016800E+01 -4.061131E+00
1.017600E+01 -4.062497E+00
1.018400E+01 -4.076375E+00
1.019200E+01 -4.068691E+00
1.020000E+01 -4.068719E+00
1.020800E+01 -4.082325E+00
1.021600E+01 -4.065150E+00
1.022400E+01 -4.067503E+00
1.023200E+01 -4.092564E+00
1.024000E+01 -4.075581E+00
1.024800E+01 -4.065723E+00
1.025600E+01 -4.078704E+00
1.026400E+01 -4.092043E+00
1.027200E+01 -4.072065E+00
1.028000E+01 -4.078406E+00
1.028800E+01 -4.099088E+00
1.029600E+01 -4.065701E+00
1.030400E+01 -4.084982E+00
1.031200E+01 -4.094551E+00
1.032000E+01 -4.092894E+00
1.032800E+01 -4.086496E+00
1.033600E+01 -4.091159E+00
1.034400E+01 -4.093485E+00
1.035200E+01 -4.083470E+00
1.036000E+01 -4.094313E+00
1.036800E+01 -4.099509E+00
1.037600E+01 -4.104265E+00
1.038400E+01 -4.090710E+00
1.039200E+01 -4.114059E+00
1.040000E+01 -4.104073E+00
1.040800E+01 -4.114952E+00
1.041600E+01 -4.114495E+00
1.042400E+01 -4.105261E+00
1.043200E+01 -4.123372E+00
1.044000E+01 -4.108676E+00
1.044800E+01 -4.117760E+00
1.045600E+01 -4.129169E+00
1.046400E+01 -4.112996E+00
1.047200E+01 -4.130213E+00
1.048000E+01 -4.116299E+00
1.048800E+01 -4.122496E+00
1.049600E+01 -4.152999E+00
1.050400E+01 -4.119532E+00
1.051200E+01 -4.131550E+00
1.052000E+01 -4.150803E+00
1.052800E+01 -4.136207E+00
1.053600E+01 -4.147305E+00
1.054400E+01 -4.142617E+00
1.055200E+01 -4.137303E+00
1.056000E+01 -4.152349E+00
1.056800E+01 -4.155139E+00
1.057600E+01 -4.149606E+00
1.058400E+01 -4.160193E+00
1.059200E+01 -4.162964E+00
1.060000E+01 -4.161185E+00
1.060800E+01 -4.165746E+00
1.061600E+01 -4.168025E+00
1.062400E+01 -4.177020E+00
1.063200E+01 -4.165013E+00
1.064000E+01 -4.180543E+00
1.064800E+01 -4.180799E+00
1.065600E+01 -4.174648E+00
1.066400E+01 -4.182225E+00
1.067200E+01 -4.189137E+00
1.068000E+01 -4.191198E+00
1.068800E+01 -4.176942E+00
1.069600E+01 -4.205516E+00
1.070400E+01 -4.200842E+00
1.071200E+01 -4.203945E+00
1.072000E+01 -4.200864E+00
1.072800E+01 -4.190529E+00
1.073600E+01 -4.225908E+00
1.074400E+01 -4.195539E+00
1.075200E+01 -4.210268E+00
1.076000E+01 -4.221221E+00
1.076800E+01 -4.198660E+00
1.077600E+01 -4.227799E+00
1.078400E+01 -4.198346E+00
1.079200E+01 -4.218103E+00
1.080000E+01 -4.217057E+00
1.080800E+01 -4.212864E+00
1.081600E+01 -4.227890E+00
1.082400E+01 -4.219596E+00
1.083200E+01 -4.227895E+00
1.084000E+01 -4.214208E+00
1.084800E+01 -4.221795E+00
1.085600E+01 -4.230284E+00
1.086400E+01 -4.216216E+00
1.087200E+01 -4.225434E+00
1.088000E+01 -4.238092E+00
1.088800E+01 -4.234056E+00
1.089600E+01 -4.232903E+00
1.090400E+01 -4.237275E+00
1.091200E+01 -4.245987E+00
1.092000E+01 -4.235591E+00
1.092800E+01 -4.256684E+00
1.093600E+01 -4.243350E+00
1.094400E+01 -4.214221E+00
1.095200E+01 -4.268622E+00
1.096000E+01 -4.254672E+00
1.096800E+01 -4.230530E+00
1.097600E+01 -4.250372E+00
1.098400E+01 -4.240892E+00
1.099200E+01 -4.234568E+00
1.100000E+01 -4.246805E+00
1.100800E+01 -4.255476E+00
1.101600E+01 -4.225388E+00
1.102400E+01 -4.238774E+00
1.103200E+01 -4.236177E+00
1.104000E+01 -4.236641E+00
1.104800E+01 -4.240314E+00
1.105600E+01 -4.226895E+00
1.106400E+01 -4.241821E+00
1.107200E+01 -4.241270E+00
1.108000E+01 -4.228151E+00
1.108800E+01 -4.228326E+00
1.109600E+01 -4.224629E+00
1.110400E+01 -4.214658E+00
1.111200E+01 -4.229835E+00
1.112000E+01 -4.213015E+00
1.112800E+01 -4.225238E+00
1.113600E+01 -4.205636E+00
1.114400E+01 -4.206295E+00
1.115200E+01 -4.207244E+00
1.116000E+01 -4.207933E+00
1.116800E+01 -4.186155E+00
1.117600E+01 -4.193637E+00
1.118400E+01 -4.196105E+00
1.119200E+01 -4.179222E+00
1.120000E+01 -4.178981E+00
1.120800E+01 -4.186583E+00
1.121600E+01 -4.166587E+00
1.122400E+01 -4.147713E+00
1.123200E+01 -4.178951E+00
1.124000E+01 -4.147474E+00
1.124800E+01 -4.143472E+00
1.125600E+01 -4.153162E+00
1.126400E+01 -4.141104E+00
1.127200E+01 -4.141972E+00
1.128000E+01 -4.130243E+00
1.128800E+01 -4.134148E+00
1.129600E+01 -4.137034E+00
1.130400E+01 -4.158876E+00
1.131200E+01 -4.113478E+00
1.132000E+01 -4.138791E+00
1.132800E+01 -4.134308E+00
1.133600E+01 -4.118120E+00
1.134400E+01 -4.169308E+00
1.135200E+01 -4.095091E+00
1.136000E+01 -4.138111E+00
1.136800E+01 -4.133762E+00
1.137600E+01 -4.089168E+00
1.138400E+01 -4.125833E+00
1.139200E+01 -4.139661E+00
1.140000E+01 -4.100721E+00
1.140800E+01 -4.111072E+00
1.141600E+01 -4.125159E+00
1.142400E+01 -4.110674E+00
1.143200E+01 -4.111811E+00
1.144000E+01 -4.084852E+00
1.144800E+01 -4.123756E+00
1.145600E+01 -4.107801E+00
1.146400E+01 -4.079752E+00
1.147200E+01 -4.100386E+00
1.148000E+01 -4.104316E+00
1.148800E+01 -4.086238E+00
1.149600E+01 -4.084524E+00
1.150400E+01 -4.082415E+00
1.151200E+01 -4.100285E+00
1.152000E+01 -4.093767E+00
1.152800E+01 -4.091770E+00
1.153600E+01 -4.111179E+00
1.154400E+01 -4.097901E+00
1.155200E+01 -4.098055E+00
1.156000E+01 -4.103152E+00
1.156800E+01 -4.102922E+00
1.157600E+01 -4.104956E+00
1.158400E+01 -4.113423E+00
1.159200E+01 -4.106242E+00
1.160000E+01 -4.089453E+00
1.160800E+01 -4.143711E+00
1.161600E+01 -4.105068E+00
1.162400E+01 -4.092892E+00
1.163200E+01 -4.129010E+00
1.164000E+01 -4.117083E+00
1.164800E+01 -4.105325E+00
1.165600E+01 -4.104004E+00
1.166400E+01 -4.121039E+00
1.167200E+01 -4.099459E+00
1.168000E+01 -4.117655E+00
1.168800E+01 -4.100232E+00
1.169600E+01 -4.116124E+00
1.170400E+01 -4.104925E+00
1.171200E+01 -4.093717E+00
1.172000E+01 -4.101581E+00
1.172800E+01 -4.111514E+00
1.173600E+01 -4.108454E+00
1.174400E+01 -4.088910E+00
1.175200E+01 -4.112511E+00
1.176000E+01 -4.118696E+00
1.176800E+01 -4.084928E+00
1.177600E+01 -4.111182E+00
1.178400E+01 -4.119101E+00
1.179200E+01 -4.091482E+00
1.180000E+01 -4.113202E+00
1.180800E+01 -4.117680E+00
1.181600E+01 -4.107201E+00
1.182400E+01 -4.127746E+00
1.183200E+01 -4.126373E+00
1.184000E+01 -4.111703E+00
1.184800E+01 -4.136259E+00
1.185600E+01 -4.121882E+00
1.186400E+01 -4.139679E+00
1.187200E+01 -4.146853E+00
1.188000E+01 -4.118448E+00
1.188800E+01 -4.151626E+00
1.189600E+01 -4.144192E+00
1.190400E+01 -4.137427E+00
1.191200E+01 -4.140082E+00
1.192000E+01 -4.132213E+00
1.192800E+01 -4.149923E+00
1.193600E+01 -4.151671E+00
1.194400E+01 -4.152722E+00
1.195200E+01 -4.141482E+00
1.196000E+01 -4.153065E+00
1.196800E+01 -4.155507E+00
1.197600E+01 -4.152187E+00
1.198400E+01 -4.160819E+00
1.199200E+01 -4.162192E+00
1.200000E+01 -4.154243E+00
1.200800E+01 -4.159195E+00
1.201600E+01 -4.164678E+00
1.202400E+01 -4.177150E+00
1.203200E+01 -4.158193E+00
1.204000E+01 -4.173361E+00
1.204800E+01 -4.176624E+00
1.205600E+01 -4.172721E+00
1.206400E+01 -4.189309E+00
1.207200E+01 -4.191234E+00
1.208000E+01 -4.180380E+00
1.208800E+01 -4.199123E+00
1.209600E+01 -4.186577E+00
1.210400E+01 -4.188836E+00
1.211200E+01 -4.217405E+00
1.212000E+01 -4.182392E+00
1.212800E+01 -4.201537E+00
1.213600E+01 -4.202358E+00
1.214400E+01 -4.196439E+00
1.215200E+01 -4.210348E+00
1.216000E+01 -4.199572E+00
1.216800E+01 -4.199747E+00
1.217600E+01 -4.206202E+00
1.218400E+01 -4.219891E+00
1.219200E+01 -4.209457E+00
1.220000E+01 -4.216030E+00
1.220800E+01 -4.221798E+00
1.221600E+01 -4.238717E+00
1.222400E+01 -4.237567E+00
1.223200E+01 -4.218289E+00
1.224000E+01 -4.245972E+00
1.224800E+01 -4.241176E+00
1.225600E+01 -4.241537E+00
1.226400E+01 -4.251388E+00
1.227200E+01 -4.221013E+00
1.228000E+01 -4.253394E+00
1.228800E+01 -4.246508E+00
1.229600E+01 -4.246431E+00
1.230400E+01 -4.246085E+00
1.231200E+01 -4.243097E+00
1.232000E+01 -4.254102E+00
1.232800E+01 -4.247185E+00
1.233600E+01 -4.250666E+00
1.234400E+01 -4.222935E+00
1.235200E+01 -4.260935E+00
1.236000E+01 -4.232707E+00
1.236800E+01 -4.243245E+00
1.237600E+01 -4.255919E+00
1.238400E+01 -4.222522E+00
1.239200E+01 -4.248121E+00
1.240000E+01 -4.247977E+00
1.240800E+01 -4.232069E+00
1.241600E+01 -4.240481E+00
1.242400E+01 -4.248213E+00
1.243200E+01 -4.245953E+00
1.244000E+01 -4.235874E+00
1.244800E+01 -4.228245E+00
1.245600E+01 -4.253806E+00
1.246400E+01 -4.252572E+00
1.247200E+01 -4.233655E+00
1.248000E+01 -4.244670E+00
1.248800E+01 -4.242621E+00
1.249600E+01 -4.255196E+00
1.250400E+01 -4.233663E+00
1.251200E+01 -4.239721E+00
1.252000E+01 -4.231367E+00
1.252800E+01 -4.230242E+00
1.253600E+01 -4.247884E+00
1.254400E+01 -4.229226E+00
1.255200E+01 -4.212676E+00
1.256000E+01 -4.223842E+00
1.256800E+01 -4.223491E+00
1.257600E+01 -4.202098E+00
1.258400E+01 -4.226213E+00
1.259200E+01 -4.208761E+00
1.260000E+01 -4.178172E+00
1.260800E+01 -4.209704E+00
1.261600E+01 -4.210394E+00
1.262400E+01 -4.191377E+00
1.263200E+01 -4.174669E+00
1.264000E+01 -4.195391E+00
1.264800E+01 -4.193320E+00
1.265600E+01 -4.168827E+00
1.266400E+01 -4.176015E+00
1.267200E+01 -4.165056E+00
1.268000E+01 -4.179783E+00
1.268800E+01 -4.159410E+00
1.269600E+01 -4.149175E+00
1.270400E+01 -4.163914E+00
1.271200E+01 -4.175050E+00
1.272000E+01 -4.147389E+00
1.272800E+01 -4.166144E+00
1.273600E+01 -4.164530E+00
1.274400E+01 -4.154006E+00
1.275200E+01 -4.171298E+00
1.276000E+01 -4.159227E+00
1.276800E+01 -4.164749E+00
1.277600E+01 -4.144787E+00
1.278400E+01 -4.163346E+00
1.279200E+01 -4.172045E+00
1.280000E+01 -4.150888E+00
1.280800E+01 -4.181502E+00
1.281600E+01 -4.148039E+00
1.282400E+01 -4.159327E+00
1.283200E+01 -4.170591E+00
1.284000E+01 -4.132334E+00
1.284800E+01 -4.140192E+00
1.285600E+01 -4.144523E+00
1.286400E+01 -4.137780E+00
1.287200E+01 -4.127687E+00
1.288000E+01 -4.146557E+00
1.288800E+01 -4.110939E+00
1.289600E+01 -4.124367E+00
1.290400E+01 -4.128909E+00
1.291200E+01 -4.103240E+00
1.292000E+01 -4.116544E+00
1.292800E+01 -4.106347E+00
1.293600E+01 -4.085791E+00
1.294400E+01 -4.088981E+00
1.295200E+01 -4.098218E+00
1.296000E+01 -4.100925E+00
1.296800E+01 -4.094248E+00
1.297600E+01 -4.072011E+00
1.298400E+01 -4.072100E+00
1.299200E+01 -4.085858E+00
1.300000E+01 -4.086466E+00
1.300800E+01 -4.101127E+00
1.301600E+01 -4.064677E+00
1.302400E+01 -4.067761E+00
1.303200E+01 -4.103022E+00
1.304000E+01 -4.092165E+00
1.304800E+01 -4.091398E+00
1.305600E+01 -4.072954E+00
1.306400E+01 -4.081425E+00
1.307200E+01 -4.094906E+00
1.308000E+01 -4.071078E+00
1.308800E+01 -4.094226E+00
1.309600E+01 -4.092234E+00
1.310400E+01 -4.091112E+00
1.311200E+01 -4.092199E+00
1.312000E+01 -4.094986E+00
1.312800E+01 -4.104521E+00
1.313600E+01 -4.089032E+00
1.314400E+01 -4.107696E+00
1.315200E+01 -4.088131E+00
1.316000E+01 -4.102365E+00
1.316800E+01 -4.101245E+00
1.317600E+01 -4.097048E+00
1.318400E+01 -4.109077E+00
1.319200E+01 -4.114925E+00
1.320000E+01 -4.109669E+00
1.320800E+01 -4.112535E+00
1.321600E+01 -4.118968E+00
1.322400E+01 -4.108979E+00
1.323200E+01 -4.104499E+00
1.324000E+01 -4.119368E+00
1.324800E+01 -4.115397E+00
1.325600E+01 -4.121177E+00
1.326400E+01 -4.130737E+00
1.327200E+01 -4.115519E+00
1.328000E+01 -4.130400E+00
1.328800E+01 -4.124949E+00
1.329600E+01 -4.129023E+00
1.330400E+01 -4.143064E+00
1.331200E+01 -4.123825E+00
1.332000E+01 -4.139660E+00
1.332800E+01 -4.134027E+00
1.333600E+01 -4.134684E+00
1.334400E+01 -4.156813E+00
1.335200E+01 -4.140314E+00
1.336000E+01 -4.151690E+00
1.336800E+01 -4.150646E+00
1.337600E+01 -4.170009E+00
1.338400E+01 -4.138334E+00
1.339200E+01 -4.157197E+00
1.340000E+01 -4.167037E+00
1.340800E+01 -4.154409E+00
1.341600E+01 -4.163572E+00
1.342400E+01 -4.162334E+00
1.343200E+01 -4.157719E+00
1.344000E+01 -4.166844E+00
1.344800E+01 -4.168706E+00
1.345600E+01 -4.158986E+00
1.346400E+01 -4.177097E+00
1.347200E+01 -4.177532E+00
1.348000E+01 -4.175751E+00
1.348800E+01 -4.176787E+00
1.349600E+01 -4.181446E+00
1.350400E+01 -4.193220E+00
1.351200E+01 -4.188940E+00
1.352000E+01 -4.191964E+00
1.352800E+01 -4.212850E+00
1.353600E+01 -4.186100E+00
1.354400E+01 -4.209157E+00
1.355200E+01 -4.218855E+00
1.356000E+01 -4.196645E+00
1.356800E+01 -4.212469E+00
1.357600E+01 -4.211777E+00
1.358400E+01 -4.212833E+00
1.359200E+01 -4.227698E+00
1.360000E+01 -4.203005E+00
1.360800E+01 -4.222759E+00
1.361600E+01 -4.213110E+00
1.362400E+01 -4.231119E+00
1.363200E+01 -4.206170E+00
1.364000E+01 -4.214880E+00
1.364800E+01 -4.227147E+00
1.365600E+01 -4.217959E+00
1.366400E+01 -4.207780E+00
1.367200E+01 -4.219210E+00
1.368000E+01 -4.221981E+00
1.368800E+01 -4.208752E+00
1.369600E+01 -4.224483E+00
1.370400E+01 -4.229217E+00
1.371200E+01 -4.223989E+00
1.372000E+01 -4.206630E+00
1.372800E+01 -4.222767E+00
1.373600E+01 -4.223610E+00
1.374400E+01 -4.222770E+00
1.375200E+01 -4.227414E+00
1.376000E+01 -4.217406E+00
1.376800E+01 -4.216478E+00
1.377600E+01 -4.212698E+00
1.378400E+01 -4.235783E+00
1.379200E+01 -4.220416E+00
1.380000E+01 -4.197039E+00
1.380800E+01 -4.226148E+00
1.381600E+01 -4.220809E+00
1.382400E+01 -4.208292E+00
1.383200E+01 -4.199571E+00
1.384000E+01 -4.230512E+00
1.384800E+01 -4.198484E+00
1.385600E+01 -4.184776E+00
1.386400E+01 -4.203077E+00
1.387200E+01 -4.193459E+00
1.388000E+01 -4.189562E+00
1.388800E+01 -4.190720E+00
1.389600E+01 -4.171070E+00
1.390400E+01 -4.164574E+00
1.391200E+01 -4.193825E+00
1.392000E+01 -4.174272E+00
1.392800E+01 -4.147659E+00
1.393600E+01 -4.161951E+00
1.394400E+01 -4.169511E+00
1.395200E+01 -4.148983E+00
1.396000E+01 -4.134962E+00
1.396800E+01 -4.145711E+00
1.397600E+01 -4.147448E+00
1.398400E+01 -4.142808E+00
1.399200E+01 -4.137139E+00
1.400000E+01 -4.144680E+00
1.400800E+01 -4.151362E+00
1.401600E+01 -4.148398E+00
1.402400E+01 -4.153404E+00
1.403200E+01 -4.150337E+00
1.404000E+01 -4.157267E+00
1.404800E+01 -4.148501E+00
1.405600E+01 -4.161411E+00
1.406400E+01 -4.146518E+00
1.407200E+01 -4.155649E+00
1.408000E+01 -4.165710E+00
1.408800E+01 -4.134020E+00
1.409600E+01 -4.150680E+00
1.410400E+01 -4.152558E+00
1.411200E+01 -4.134698E+00
1.412000E+01 -4.148922E+00
1.412800E+01 -4.133364E+00
1.413600E+01 -4.121810E+00
1.414400E+01 -4.119640E+00
1.415200E+01 -4.128052E+00
1.416000E+01 -4.105937E+00
1.416800E+01 -4.082519E+00
1.417600E+01 -4.112818E+00
1.418400E+01 -4.088663E+00
1.419200E+01 -4.096649E+00
1.420000E+01 -4.070341E+00
1.420800E+01 -4.087236E+00
1.421600E+01 -4.085464E+00
1.422400E+01 -4.082069E+00
1.423200E+01 -4.058691E+00
1.424000E+01 -4.084964E+00
1.424800E+01 -4.093396E+00
1.425600E+01 -4.048229E+00
1.426400E+01 -4.088432E+00
1.427200E+01 -4.089828E+00
1.428000E+01 -4.058546E+00
1.428800E+01 -4.085581E+00
1.429600E+01 -4.070071E+00
1.430400E+01 -4.071806E+00
1.431200E+01 -4.097937E+00
1.432000E+01 -4.069211E+00
1.432800E+01 -4.084029E+00
1.433600E+01 -4.089681E+00
1.434400E+01 -4.063433E+00
1.435200E+01 -4.089051E+00
1.436000E+01 -4.097870E+00
1.436800E+01 -4.076279E+00
1.437600E+01 -4.073464E+00
1.438400E+01 -4.097424E+00
1.439200E+01 -4.095151E+00
1.440000E+01 -4.072794E+00
1.440800E+01 -4.097477E+00
1.441600E+01 -4.093272E+00
1.442400E+01 -4.082843E+00
1.443200E+01 -4.095711E+00
1.444000E+01 -4.097197E+00
1.444800E+01 -4.098344E+00
1.445600E+01 -4.096436E+00
1.446400E+01 -4.101255E+00
1.447200E+01 -4.101258E+00
1.448000E+01 -4.089417E+00
1.448800E+01 -4.097785E+00
1.449600E+01 -4.110634E+00
1.450400E+01 -4.111305E+00
1.451200E+01 -4.093132E+00
1.452000E+01 -4.102846E+00
1.452800E+01 -4.126618E+00
1.453600E+01 -4.112564E+00
1.454400E+01 -4.115860E+00
1.455200E+01 -4.103712E+00
1.456000E+01 -4.127601E+00
1.456800E+01 -4.115296E+00
1.457600E+01 -4.109566E+00
1.458400E+01 -4.126744E+00
1.459200E+01 -4.120979E+00
1.460000E+01 -4.128537E+00
1.460800E+01 -4.117172E+00
1.461600E+01 -4.131843E+00
1.462400E+01 -4.124828E+00
1.463200E+01 -4.118447E+00
1.464000E+01 -4.130172E+00
1.464800E+01 -4.135783E+00
1.465600E+01 -4.127866E+00
1.466400E+01 -4.126951E+00
1.467200E+01 -4.138880E+00
1.468000E+01 -4.133040E+00
1.468800E+01 -4.133119E+00
1.469600E+01 -4.143566E+00
1.470400E+01 -4.134242E+00
1.471200E+01 -4.141982E+00
1.472000E+01 -4.146781E+00
1.472800E+01 -4.145449E+00
1.473600E+01 -4.148718E+00
1.474400E+01 -4.159454E+00
1.475200E+01 -4.147302E+00
1.476000E+01 -4.155364E+00
1.476800E+01 -4.162313E+00
1.477600E+01 -4.157251E+00
1.478400E+01 -4.158911E+00
1.479200E+01 -4.163768E+00
1.480000E+01 -4.164760E+00
1.480800E+01 -4.169152E+00
1.481600E+01 -4.166218E+00
1.482400E+01 -4.182833E+00
1.483200E+01 -4.187354E+00
1.484000E+01 -4.178489E+00
1.484800E+01 -4.179368E+00
1.485600E+01 -4.174920E+00
1.486400E+01 -4.191604E+00
1.487200E+01 -4.182364E+00
1.488000E+01 -4.186197E+00
1.488800E+01 -4.188211E+00
1.489600E+01 -4.185097E+00
1.490400E+01 -4.196509E+00
1.491200E+01 -4.179565E+00
1.492000E+01 -4.200339E+00
1.492800E+01 -4.187177E+00
1.493600E+01 -4.180892E+00
1.494400E+01 -4.205721E+00
1.495200E+01 -4.187872E+00
1.496000E+01 -4.186873E+00
1.496800E+01 -4.190454E+00
1.497600E+01 -4.197707E+00
1.498400E+01 -4.205733E+00
1.499200E+01 -4.192317E+00
1.500000E+01 -4.193398E+00
1.500800E+01 -4.206773E+00
1.501600E+01 -4.207928E+00
1.502400E+01 -4.204785E+00
1.503200E+01 -4.198382E+00
1.504000E+01 -4.207822E+00
1.504800E+01 -4.210340E+00
1.505600E+01 -4.203345E+00
1.506400E+01 -4.203115E+00
1.507200E+01 -4.203574E+00
1.508000E+01 -4.211622E+00
1.508800E+01 -4.201612E+00
1.509600E+01 -4.191855E+00
1.510400E+01 -4.200366E+00
1.511200E+01 -4.191171E+00
1.512000E+01 -4.187973E+00
1.512800E+01 -4.198958E+00
1.513600E+01 -4.191956E+00
1.514400E+01 -4.196846E+00
1.515200E+01 -4.185824E+00
1.516000E+01 -4.197495E+00
1.516800E+01 -4.184303E+00
1.517600E+01 -4.179820E+00
1.518400E+01 -4.188446E+00
1.519200E+01 -4.178347E+00
1.520000E+01 -4.181284E+00
1.520800E+01 -4.189214E+00
1.521600E+01 -4.186171E+00
1.522400E+01 -4.181401E+00
1.523200E+01 -4.179238E+00
1.524000E+01 -4.204896E+00
1.524800E+01 -4.193429E+00
1.525600E+01 -4.187127E+00
1.526400E+01 -4.175213E+00
1.527200E+01 -4.209591E+00
1.528000E+01 -4.185734E+00
1.528800E+01 -4.179431E+00
1.529600E+01 -4.203562E+00
1.530400E+01 -4.182124E+00
1.531200E+01 -4.185279E+00
1.532000E+01 -4.172746E+00
1.532800E+01 -4.196312E+00
1.533600E+01 -4.181103E+00
1.534400E+01 -4.174265E+00
1.535200E+01 -4.155695E+00
1.536000E+01 -4.179812E+00
1.536800E+01 -4.156390E+00
1.537600E+01 -4.139386E+00
1.538400E+01 -4.156041E+00
1.539200E+01 -4.127989E+00
1.540000E+01 -4.141042E+00
1.540800E+01 -4.105365E+00
1.541600E+01 -4.116488E+00
1.542400E+01 -4.107199E+00
1.543200E+01 -4.105448E+00
1.544000E+01 -4.096915E+00
1.544800E+01 -4.073029E+00
1.545600E+01 -4.106797E+00
1.546400E+01 -4.090886E+00
1.547200E+01 -4.079364E+00
1.548000E+01 -4.081363E+00
1.548800E+01 -4.094209E+00
1.549600E+01 -4.095093E+00
1.550400E+01 -4.078488E+00
1.551200E+01 -4.083711E+00
1.552000E+01 -4.091505E+00
1.552800E+01 -4.079389E+00
1.553600E+01 -4.103932E+00
1.554400E+01 -4.094414E+00
1.555200E+01 -4.094368E+00
1.556000E+01 -4.100254E+00
1.556800E+01 -4.092626E+00
1.557600E+01 -4.096783E+00
1.558400E+01 -4.102157E+00
1.559200E+01 -4.111536E+00
1.560000E+01 -4.090102E+00
1.560800E+01 -4.109352E+00
1.561600E+01 -4.106274E+00
1.562400E+01 -4.102395E+00
1.563200E+01 -4.112921E+00
1.564000E+01 -4.106819E+00
1.564800E+01 -4.103643E+00
1.565600E+01 -4.112335E+00
1.566400E+01 -4.115019E+00
1.567200E+01 -4.120615E+00
1.568000E+01 -4.108428E+00
1.568800E+01 -4.109898E+00
1.569600E+01 -4.114105E+00
1.570400E+01 -4.104177E+00
1.571200E+01 -4.120356E+00
1.572000E+01 -4.110760E+00
1.572800E+01 -4.104165E+00
1.573600E+01 -4.120608E+00
1.574400E+01 -4.119444E+00
1.575200E+01 -4.111496E+00
1.576000E+01 -4.106183E+00
1.576800E+01 -4.105406E+00
1.577600E+01 -4.119834E+00
1.578400E+01 -4.111316E+00
1.579200E+01 -4.091506E+00
1.580000E+01 -4.112933E+00
1.580800E+01 -4.116801E+00
1.581600E+01 -4.102033E+00
1.582400E+01 -4.111990E+00
1.583200E+01 -4.102032E+00
1.584000E+01 -4.100106E+00
1.584800E+01 -4.111571E+00
1.585600E+01 -4.104684E+00
1.586400E+01 -4.103425E+00
1.587200E+01 -4.116866E+00
1.588000E+01 -4.111031E+00
1.588800E+01 -4.113202E+00
1.589600E+01 -4.124199E+00
1.590400E+01 -4.131699E+00
1.591200E+01 -4.119887E+00
1.592000E+01 -4.127193E+00
1.592800E+01 -4.136928E+00
1.593600E+01 -4.135647E+00
1.594400E+01 -4.145592E+00
1.595200E+01 -4.131782E+00
1.596000E+01 -4.136385E+00
1.596800E+01 -4.147063E+00
1.597600E+01 -4.128547E+00
1.598400E+01 -4.145821E+00
1.599200E+01 -4.149412E+00
1.600000E+01 -4.136195E+00
1.600800E+01 -4.144815E+00
1.601600E+01 -4.149012E+00
1.602400E+01 -4.137206E+00
1.603200E+01 -4.147145E+00
1.604000E+01 -4.150110E+00
1.604800E+01 -4.149504E+00
1.605600E+01 -4.161156E+00
1.606400E+01 -4.144263E+00
1.607200E+01 -4.142364E+00
1.608000E+01 -4.171700E+00
1.608800E+01 -4.164105E+00
1.609600E+01 -4.141565E+00
1.610400E+01 -4.151525E+00
1.611200E+01 -4.170431E+00
1.612000E+01 -4.140219E+00
1.612800E+01 -4.148896E+00
1.613600E+01 -4.160530E+00
1.614400E+01 -4.136276E+00
1.615200E+01 -4.155152E+00
1.616000E+01 -4.147346E+00
1.616800E+01 -4.127059E+00
1.617600E+01 -4.143281E+00
1.618400E+01 -4.135155E+00
1.619200E+01 -4.128033E+00
1.620000E+01 -4.129971E+00
1.620800E+01 -4.136176E+00
1.621600E+01 -4.122266E+00
1.622400E+01 -4.131365E+00
1.623200E+01 -4.115893E+00
1.624000E+01 -4.132158E+00
1.624800E+01 -4.112891E+00
1.625600E+01 -4.098177E+00
1.626400E+01 -4.133947E+00
1.627200E+01 -4.123094E+00
1.628000E+01 -4.100959E+00
1.628800E+01 -4.107441E+00
1.629600E+01 -4.129492E+00
1.630400E+01 -4.110577E+00
1.631200E+01 -4.108953E+00
1.632000E+01 -4.103372E+00
1.632800E+01 -4.107198E+00
1.633600E+01 -4.114799E+00
1.634400E+01 -4.089562E+00
1.635200E+01 -4.095985E+00
1.636000E+01 -4.103465E+00
1.636800E+01 -4.110178E+00
1.637600E+01 -4.074156E+00
1.638400E+01 -4.116808E+00
1.639200E+01 -4.101012E+00
1.640000E+01 -4.075881E+00
1.640800E+01 -4.109597E+00
1.641600E+01 -4.101357E+00
1.642400E+01 -4.094890E+00
1.643200E+01 -4.065511E+00
1.644000E+01 -4.102056E+00
1.644800E+01 -4.108400E+00
1.645600E+01 -4.081083E+00
1.646400E+01 -4.088528E+00
1.647200E+01 -4.081059E+00
1.648000E+01 -4.090393E+00
1.648800E+01 -4.059227E+00
1.649600E+01 -4.093552E+00
1.650400E+01 -4.082491E+00
1.651200E+01 -4.064442E+00
1.652000E+01 -4.082662E+00
1.652800E+01 -4.082076E+00
1.653600E+01 -4.082110E+00
1.654400E+01 -4.079902E+00
1.655200E+01 -4.092466E+00
1.656000E+01 -4.070377E+00
1.656800E+01 -4.092136E+00
1.657600E+01 -4.088922E+00
1.658400E+01 -4.077054E+00
1.659200E+01 -4.086720E+00
1.660000E+01 -4.091331E+00
1.660800E+01 -4.093493E+00
1.661600E+01 -4.082980E+00
1.662400E+01 -4.092537E+00
1.663200E+01 -4.108986E+00
1.664000E+01 -4.092190E+00
1.664800E+01 -4.091010E+00
1.665600E+01 -4.104516E+00
1.666400E+01 -4.104069E+00
1.667200E+01 -4.109145E+00
1.668000E+01 -4.109315E+00
1.668800E+01 -4.109694E+00
1.669600E+01 -4.115497E+00
1.670400E+01 -4.117045E+00
1.671200E+01 -4.131126E+00
1.672000E+01 -4.114976E+00
1.672800E+01 -4.120036E+00
1.673600E+01 -4.141048E+00
1.674400E+01 -4.121780E+00
1.675200E+01 -4.131229E+00
1.676000E+01 -4.154484E+00
1.676800E+01 -4.130982E+00
1.677600E+01 -4.141612E+00
1.678400E+01 -4.136709E+00
1.679200E+01 -4.153386E+00
1.680000E+01 -4.160262E+00
1.680800E+01 -4.136583E+00
1.681600E+01 -4.146078E+00
1.682400E+01 -4.156045E+00
1.683200E+01 -4.147524E+00
1.684000E+01 -4.162885E+00
1.684800E+01 -4.164849E+00
1.685600E+01 -4.152699E+00
1.686400E+01 -4.156431E+00
1.687200E+01 -4.156683E+00
1.688000E+01 -4.165467E+00
1.688800E+01 -4.171818E+00
1.689600E+01 -4.166012E+00
1.690400E+01 -4.157562E+00
1.691200E+01 -4.167086E+00
1.692000E+01 -4.171004E+00
1.692800E+01 -4.160490E+00
1.693600E+01 -4.176049E+00
1.694400E+01 -4.163655E+00
1.695200E+01 -4.163663E+00
1.696000E+01 -4.175854E+00
1.696800E+01 -4.170742E+00
1.697600E+01 -4.179618E+00
1.698400E+01 -4.178311E+00
1.699200E+01 -4.164968E+00
1.700000E+01 -4.173808E+00
1.700800E+01 -4.183302E+00
1.701600E+01 -4.171529E+00
1.702400E+01 -4.175152E+00
1.703200E+01 -4.174371E+00
1.704000E+01 -4.178434E+00
1.704800E+01 -4.174323E+00
1.705600E+01 -4.180912E+00
1.706400E+01 -4.177038E+00
1.707200E+01 -4.184270E+00
1.708000E+01 -4.187021E+00
1.708800E+01 -4.179271E+00
1.709600E+01 -4.204991E+00
1.710400E+01 -4.182443E+00
1.711200E+01 -4.180442E+00
1.712000E+01 -4.199762E+00
1.712800E+01 -4.178786E+00
1.713600E+01 -4.190669E+00
1.714400E+01 -4.186805E+00
1.715200E+01 -4.182506E+00
1.716000E+01 -4.190543E+00
1.716800E+01 -4.188457E+00
1.717600E+01 -4.169708E+00
1.718400E+01 -4.212561E+00
1.719200E+01 -4.184511E+00
1.720000E+01 -4.177193E+00
1.720800E+01 -4.215977E+00
1.721600E+01 -4.176356E+00
1.722400E+01 -4.191537E+00
1.723200E+01 -4.182126E+00
1.724000E+01 -4.182003E+00
1.724800E+01 -4.195775E+00
1.725600E+01 -4.177054E+00
1.726400E+01 -4.173361E+00
1.727200E+01 -4.182528E+00
1.728000E+01 -4.182821E+00
1.728800E+01 -4.174881E+00
1.729600E+01 -4.164709E+00
1.730400E+01 -4.166574E+00
1.731200E+01 -4.166030E+00
1.732000E+01 -4.174617E+00
1.732800E+01 -4.157512E+00
1.733600E+01 -4.150724E+00
1.734400E+01 -4.167213E+00
1.735200E+01 -4.148436E+00
1.736000E+01 -4.155921E+00
1.736800E+01 -4.164489E+00
1.737600E+01 -4.130605E+00
1.738400E+01 -4.155054E+00
1.739200E+01 -4.142418E+00
1.740000E+01 -4.134591E+00
1.740800E+01 -4.141965E+00
1.741600E+01 -4.142216E+00
1.742400E+01 -4.130636E+00
1.743200E+01 -4.121626E+00
1.744000E+01 -4.131678E+00
1.744800E+01 -4.130025E+00
1.745600E+01 -4.127671E+00
1.746400E+01 -4.129579E+00
1.747200E+01 -4.133975E+00
1.748000E+01 -4.115111E+00
1.748800E+01 -4.130754E+00
1.749600E+01 -4.134473E+00
1.750400E+01 -4.104443E+00
1.751200E+01 -4.123178E+00
1.752000E+01 -4.140457E+00
1.752800E+01 -4.103346E+00
1.753600E+01 -4.118064E+00
1.754400E+01 -4.143525E+00
1.755200E+01 -4.108689E+00
1.756000E+01 -4.128795E+00
1.756800E+01 -4.111463E+00
1.757600E+01 -4.110154E+00
1.758400E+01 -4.143690E+00
1.759200E+01 -4.104677E+00
1.760000E+01 -4.130300E+00
1.760800E+01 -4.113465E+00
1.761600E+01 -4.105070E+00
1.762400E+01 -4.141194E+00
1.763200E+01 -4.100645E+00
1.764000E+01 -4.126262E+00
1.764800E+01 -4.126924E+00
1.765600E+01 -4.105569E+00
1.766400E+01 -4.125509E+00
1.767200E+01 -4.131876E+00
1.768000E+01 -4.128101E+00
1.768800E+01 -4.126142E+00
1.769600E+01 -4.134241E+00
1.770400E+01 -4.134244E+00
1.771200E+01 -4.133473E+00
1.772000E+01 -4.128437E+00
1.772800E+01 -4.126614E+00
1.773600E+01 -4.142752E+00
1.774400E+01 -4.133036E+00
1.775200E+01 -4.133963E+00
1.776000E+01 -4.149737E+00
1.776800E+01 -4.130644E+00
1.777600E+01 -4.126738E+00
1.778400E+01 -4.133231E+00
1.779200E+01 -4.137406E+00
1.780000E+01 -4.136084E+00
1.780800E+01 -4.111491E+00
1.781600E+01 -4.122195E+00
1.782400E+01 -4.122357E+00
1.783200E+01 -4.115993E+00
1.784000E+01 -4.117585E+00
1.784800E+01 -4.121969E+00
1.785600E+01 -4.119588E+00
1.786400E+01 -4.113808E+00
1.787200E+01 -4.110425E+00
1.788000E+01 -4.115568E+00
1.788800E+01 -4.124868E+00
1.789600E+01 -4.108892E+00
1.790400E+01 -4.115151E+00
1.791200E+01 -4.122105E+00
1.792000E+01 -4.109417E+00
1.792800E+01 -4.112623E+00
1.793600E+01 -4.127197E+00
1.794400E+01 -4.130353E+00
1.795200E+01 -4.109423E+00
1.796000E+01 -4.110017E+00
1.796800E+01 -4.145957E+00
1.797600E+01 -4.119514E+00
1.798400E+01 -4.127728E+00
1.799200E+01 -4.147770E+00
1.800000E+01 -4.108573E+00
1.800800E+01 -4.135583E+00
1.801600E+01 -4.141062E+00
1.802400E+01 -4.136877E+00
1.803200E+01 -4.134254E+00
1.804000E+01 -4.136449E+00
1.804800E+01 -4.139997E+00
1.805600E+01 -4.148803E+00
1.806400E+01 -4.135864E+00
1.807200E+01 -4.129330E+00
1.808000E+01 -4.164877E+00
1.808800E+01 -4.163815E+00
1.809600E+01 -4.148593E+00
1.810400E+01 -4.156848E+00
1.811200E+01 -4.167193E+00
1.812000E+01 -4.160750E+00
1.812800E+01 -4.164636E+00
1.813600E+01 -4.148668E+00
1.814400E+01 -4.181755E+00
1.815200E+01 -4.160254E+00
1.816000E+01 -4.156975E+00
1.816800E+01 -4.166683E+00
1.817600E+01 -4.148146E+00
1.818400E+01 -4.165919E+00
1.819200E+01 -4.179535E+00
1.820000E+01 -4.143112E+00
1.820800E+01 -4.174859E+00
1.821600E+01 -4.180647E+00
1.822400E+01 -4.146838E+00
1.823200E+01 -4.168649E+00
1.824000E+01 -4.190223E+00
1.824800E+01 -4.175701E+00
1.825600E+01 -4.167285E+00
1.826400E+01 -4.184101E+00
1.827200E+01 -4.182114E+00
1.828000E+01 -4.193930E+00
1.828800E+01 -4.182661E+00
1.829600E+01 -4.180217E+00
1.830400E+01 -4.207315E+00
1.831200E+01 -4.199553E+00
1.832000E+01 -4.187066E+00
1.832800E+01 -4.189046E+00
1.833600E+01 -4.205156E+00
1.834400E+01 -4.200982E+00
1.835200E+01 -4.205692E+00
1.836000E+01 -4.189320E+00
1.836800E+01 -4.191350E+00
1.837600E+01 -4.211927E+00
1.838400E+01 -4.201792E+00
1.839200E+01 -4.192517E+00
1.840000E+01 -4.201033E+00
1.840800E+01 -4.213922E+00
1.841600E+01 -4.194136E+00
1.842400E+01 -4.196180E+00
1.843200E+01 -4.199743E+00
1.844000E+01 -4.210456E+00
1.844800E+01 -4.200555E+00
1.845600E+01 -4.181094E+00
1.846400E+01 -4.198135E+00
1.847200E+01 -4.194130E+00
1.848000E+01 -4.184041E+00
1.848800E+01 -4.182003E+00
1.849600E+01 -4.183810E+00
1.850400E+01 -4.186517E+00
1.851200E+01 -4.182201E+00
1.852000E+01 -4.176043E+00
1.852800E+01 -4.181802E+00
1.853600E+01 -4.185641E+00
1.854400E+01 -4.180752E+00
1.855200E+01 -4.191394E+00
1.856000E+01 -4.175455E+00
1.856800E+01 -4.181099E+00
1.857600E+01 -4.186892E+00
1.858400E+01 -4.182151E+00
1.859200E+01 -4.185984E+00
1.860000E+01 -4.170540E+00
1.860800E+01 -4.184012E+00
1.861600E+01 -4.189384E+00
1.862400E+01 -4.161579E+00
1.863200E+01 -4.174918E+00
1.864000E+01 -4.178043E+00
1.864800E+01 -4.188681E+00
1.865600E+01 -4.181809E+00
1.866400E+01 -4.163272E+00
1.867200E+01 -4.164545E+00
1.868000E+01 -4.170352E+00
1.868800E+01 -4.188410E+00
1.869600E+01 -4.162679E+00
1.870400E+01 -4.142922E+00
1.871200E+01 -4.175662E+00
1.872000E+01 -4.168259E+00
1.872800E+01 -4.167577E+00
1.873600E+01 -4.155633E+00
1.874400E+01 -4.162561E+00
1.875200E+01 -4.161511E+00
1.876000E+01 -4.154344E+00
1.876800E+01 -4.154453E+00
1.877600E+01 -4.156919E+00
1.878400E+01 -4.174231E+00
1.879200E+01 -4.166809E+00
1.880000E+01 -4.164674E+00
1.880800E+01 -4.162240E+00
1.881600E+01 -4.161139E+00
1.882400E+01 -4.184366E+00
1.883200E+01 -4.176228E+00
1.884000E+01 -4.163057E+00
1.884800E+01 -4.174594E+00
1.885600E+01 -4.174684E+00
1.886400E+01 -4.171101E+00
1.887200E+01 -4.164821E+00
1.888000E+01 -4.177283E+00
1.888800E+01 -4.174745E+00
1.889600E+01 -4.158714E+00
1.890400E+01 -4.148495E+00
1.891200E+01 -4.174077E+00
1.892000E+01 -4.159793E+00
1.892800E+01 -4.140184E+00
1.893600E+01 -4.150987E+00
1.894400E+01 -4.151812E+00
1.895200E+01 -4.155458E+00
1.896000E+01 -4.141286E+00
1.896800E+01 -4.147998E+00
1.897600E+01 -4.161468E+00
1.898400E+01 -4.150738E+00
1.899200E+01 -4.154985E+00
1.900000E+01 -4.139369E+00
1.900800E+01 -4.155344E+00
1.901600E+01 -4.144949E+00
1.902400E+01 -4.146643E+00
1.903200E+01 -4.157824E+00
1.904000E+01 -4.128746E+00
1.904800E+01 -4.139387E+00
1.905600E+01 -4.150503E+00
1.906400E+01 -4.132357E+00
1.907200E+01 -4.133837E+00
1.908000E+01 -4.148988E+00
1.908800E+01 -4.142642E+00
1.909600E+01 -4.123722E+00
1.910400E+01 -4.145713E+00
1.911200E+01 -4.134360E+00
1.912000E+01 -4.138823E+00
1.912800E+01 -4.146163E+00
1.913600E+01 -4.135317E+00
1.914400E+01 -4.138996E+00
1.915200E+01 -4.131389E+00
1.916000E+01 -4.143139E+00
1.916800E+01 -4.136276E+00
1.917600E+01 -4.134307E+00
1.918400E+01 -4.136542E+00
1.919200E+01 -4.137830E+00
1.920000E+01 -4.142843E+00
1.920800E+01 -4.129917E+00
1.921600E+01 -4.134588E+00
1.922400E+01 -4.139091E+00
1.923200E+01 -4.139238E+00
1.924000E+01 -4.141965E+00
1.924800E+01 -4.137528E+00
1.925600E+01 -4.148831E+00
1.926400E+01 -4.167378E+00
1.927200E+01 -4.152756E+00
1.928000E+01 -4.151083E+00
1.928800E+01 -4.161440E+00
1.929600E+01 -4.154019E+00
1.930400E+01 -4.173133E+00
1.931200E+01 -4.154087E+00
1.932000E+01 -4.161572E+00
1.932800E+01 -4.170714E+00
1.933600E+01 -4.172213E+00
1.934400E+01 -4.156990E+00
1.935200E+01 -4.156537E+00
1.936000E+01 -4.181301E+00
1.936800E+01 -4.157794E+00
1.937600E+01 -4.180053E+00
1.938400E+01 -4.161212E+00
1.939200E+01 -4.163654E+00
1.940000E+01 -4.180867E+00
1.940800E+01 -4.159161E+00
1.941600E+01 -4.170993E+00
1.942400E+01 -4.170529E+00
1.943200E+01 -4.159899E+00
1.944000E+01 -4.175660E+00
1.944800E+01 -4.161232E+00
1.945600E+01 -4.163548E+00
1.946400E+01 -4.170584E+00
1.947200E+01 -4.166072E+00
1.948000E+01 -4.155236E+00
1.948800E+01 -4.170036E+00
1.949600E+01 -4.166987E+00
1.950400E+01 -4.148932E+00
1.951200E+01 -4.159982E+00
1.952000E+01 -4.153868E+00
1.952800E+01 -4.152162E+00
1.953600E+01 -4.141811E+00
1.954400E+01 -4.162293E+00
1.955200E+01 -4.155785E+00
1.956000E+01 -4.135946E+00
1.956800E+01 -4.145957E+00
1.957600E+01 -4.137877E+00
1.958400E+01 -4.140393E+00
1.959200E+01 -4.144872E+00
1.960000E+01 -4.125741E+00
1.960800E+01 -4.143961E+00
1.961600E+01 -4.145092E+00
1.962400E+01 -4.107893E+00
1.963200E+01 -4.140248E+00
1.964000E+01 -4.154275E+00
1.964800E+01 -4.117225E+00
1.965600E+01 -4.135417E+00
1.966400E+01 -4.126422E+00
1.967200E+01 -4.129985E+00
1.968000E+01 -4.125187E+00
1.968800E+01 -4.114377E+00
1.969600E+01 -4.118014E+00
1.970400E+01 -4.109380E+00
1.971200E+01 -4.114303E+00
1.972000E+01 -4.122206E+00
1.972800E+01 -4.101626E+00
1.973600E+01 -4.118965E+00
1.974400E+01 -4.121051E+00
1.975200E+01 -4.103764E+00
1.976000E+01 -4.118125E+00
1.976800E+01 -4.109283E+00
1.977600E+01 -4.111964E+00
1.978400E+01 -4.124264E+00
1.979200E+01 -4.108672E+00
1.980000E+01 -4.111033E+00
1.980800E+01 -4.110788E+00
1.981600E+01 -4.114128E+00
1.982400E+01 -4.134065E+00
1.983200E+01 -4.102263E+00
1.984000E+01 -4.122697E+00
1.984800E+01 -4.125952E+00
1.985600E+01 -4.107557E+00
1.986400E+01 -4.101072E+00
1.987200E+01 -4.121217E+00
1.988000E+01 -4.109724E+00
1.988800E+01 -4.105015E+00
1.989600E+01 -4.103067E+00
1.990400E+01 -4.102807E+00
1.991200E+01 -4.109907E+00
1.992000E+01 -4.098405E+00
1.992800E+01 -4.095072E+00
1.993600E+01 -4.097939E+00
1.994400E+01 -4.088422E+00
1.995200E+01 -4.094302E+00
1.996000E+01 -4.094978E+00
1.996800E+01 -4.080253E+00
1.997600E+01 -4.091179E+00
1.998400E+01 -4.094277E+00
1.999200E+01 -4.088530E+00
2.000000E+01 -4.094644E+00
