amber                                                                           
         3       179
OW      OW      
  2.513966E-02  0.000000E+00
  7.541899E-02  0.000000E+00
  1.256983E-01  0.000000E+00
  1.759777E-01  0.000000E+00
  2.262570E-01  0.000000E+00
  2.765363E-01  0.000000E+00
  3.268156E-01  0.000000E+00
  3.770950E-01  0.000000E+00
  4.273743E-01  0.000000E+00
  4.776536E-01  0.000000E+00
  5.279330E-01  0.000000E+00
  5.782123E-01  0.000000E+00
  6.284916E-01  0.000000E+00
  6.787709E-01  0.000000E+00
  7.290503E-01  0.000000E+00
  7.793296E-01  0.000000E+00
  8.296089E-01  0.000000E+00
  8.798883E-01  0.000000E+00
  9.301676E-01  0.000000E+00
  9.804469E-01  0.000000E+00
  1.030726E+00  0.000000E+00
  1.081006E+00  0.000000E+00
  1.131285E+00  0.000000E+00
  1.181564E+00  0.000000E+00
  1.231844E+00  0.000000E+00
  1.282123E+00  0.000000E+00
  1.332402E+00  0.000000E+00
  1.382682E+00  0.000000E+00
  1.432961E+00  0.000000E+00
  1.483240E+00  0.000000E+00
  1.533520E+00  0.000000E+00
  1.583799E+00  0.000000E+00
  1.634078E+00  0.000000E+00
  1.684358E+00  0.000000E+00
  1.734637E+00  0.000000E+00
  1.784916E+00  0.000000E+00
  1.835196E+00  0.000000E+00
  1.885475E+00  0.000000E+00
  1.935754E+00  0.000000E+00
  1.986034E+00  0.000000E+00
  2.036313E+00  0.000000E+00
  2.086592E+00  0.000000E+00
  2.136872E+00  0.000000E+00
  2.187151E+00  0.000000E+00
  2.237430E+00  0.000000E+00
  2.287709E+00  0.000000E+00
  2.337989E+00  0.000000E+00
  2.388268E+00  4.438772E-03
  2.438547E+00  4.938843E-02
  2.488827E+00  3.163602E-01
  2.539106E+00  1.207183E+00
  2.589385E+00  2.772378E+00
  2.639665E+00  5.110989E+00
  2.689944E+00  7.594264E+00
  2.740223E+00  9.693231E+00
  2.790503E+00  1.089214E+01
  2.840782E+00  1.132319E+01
  2.891061E+00  1.110059E+01
  2.941341E+00  1.055226E+01
  2.991620E+00  9.939723E+00
  3.041899E+00  8.887676E+00
  3.092179E+00  7.836281E+00
  3.142458E+00  7.111163E+00
  3.192737E+00  6.402141E+00
  3.243017E+00  5.663997E+00
  3.293296E+00  4.999349E+00
  3.343575E+00  4.606895E+00
  3.393855E+00  4.230055E+00
  3.444134E+00  3.788573E+00
  3.494413E+00  3.412448E+00
  3.544693E+00  3.246609E+00
  3.594972E+00  3.008719E+00
  3.645251E+00  2.823784E+00
  3.695531E+00  2.672202E+00
  3.745810E+00  2.529852E+00
  3.796089E+00  2.348374E+00
  3.846369E+00  2.232276E+00
  3.896648E+00  2.256413E+00
  3.946927E+00  2.200592E+00
  3.997207E+00  2.157624E+00
  4.047486E+00  2.071278E+00
  4.097765E+00  2.009604E+00
  4.148045E+00  2.000912E+00
  4.198324E+00  1.925119E+00
  4.248603E+00  1.880946E+00
  4.298883E+00  1.895294E+00
  4.349162E+00  1.879568E+00
  4.399441E+00  1.895979E+00
  4.449721E+00  1.840076E+00
  4.500000E+00  1.862702E+00
  4.550279E+00  1.860407E+00
  4.600559E+00  1.836234E+00
  4.650838E+00  1.820859E+00
  4.701117E+00  1.795408E+00
  4.751397E+00  1.824228E+00
  4.801676E+00  1.778977E+00
  4.851955E+00  1.716702E+00
  4.902235E+00  1.745303E+00
  4.952514E+00  1.728006E+00
  5.002793E+00  1.726426E+00
  5.053073E+00  1.719410E+00
  5.103352E+00  1.693474E+00
  5.153631E+00  1.684424E+00
  5.203911E+00  1.710372E+00
  5.254190E+00  1.718332E+00
  5.304469E+00  1.734682E+00
  5.354749E+00  1.714621E+00
  5.405028E+00  1.690150E+00
  5.455307E+00  1.681258E+00
  5.505587E+00  1.660046E+00
  5.555866E+00  1.639815E+00
  5.606145E+00  1.664508E+00
  5.656425E+00  1.652299E+00
  5.706704E+00  1.613050E+00
  5.756983E+00  1.572928E+00
  5.807263E+00  1.559623E+00
  5.857542E+00  1.565727E+00
  5.907821E+00  1.517718E+00
  5.958101E+00  1.505762E+00
  6.008380E+00  1.479123E+00
  6.058659E+00  1.449847E+00
  6.108939E+00  1.420109E+00
  6.159218E+00  1.403426E+00
  6.209497E+00  1.401672E+00
  6.259777E+00  1.364643E+00
  6.310056E+00  1.346543E+00
  6.360335E+00  1.330220E+00
  6.410615E+00  1.325208E+00
  6.460894E+00  1.282827E+00
  6.511173E+00  1.260941E+00
  6.561453E+00  1.238398E+00
  6.611732E+00  1.271413E+00
  6.662011E+00  1.232442E+00
  6.712291E+00  1.219330E+00
  6.762570E+00  1.175799E+00
  6.812849E+00  1.182619E+00
  6.863128E+00  1.165677E+00
  6.913408E+00  1.135858E+00
  6.963687E+00  1.144681E+00
  7.013966E+00  1.125035E+00
  7.064246E+00  1.148144E+00
  7.114525E+00  1.156883E+00
  7.164804E+00  1.139618E+00
  7.215084E+00  1.131864E+00
  7.265363E+00  1.132944E+00
  7.315642E+00  1.115627E+00
  7.365922E+00  1.116595E+00
  7.416201E+00  1.101230E+00
  7.466480E+00  1.097076E+00
  7.516760E+00  1.102882E+00
  7.567039E+00  1.106492E+00
  7.617318E+00  1.090624E+00
  7.667598E+00  1.079210E+00
  7.717877E+00  1.075056E+00
  7.768156E+00  1.078135E+00
  7.818436E+00  1.056195E+00
  7.868715E+00  1.057870E+00
  7.918994E+00  1.062486E+00
  7.969274E+00  1.062836E+00
  8.019553E+00  1.030339E+00
  8.069832E+00  1.035502E+00
  8.120112E+00  1.016882E+00
  8.170391E+00  1.014721E+00
  8.220670E+00  9.950784E-01
  8.270950E+00  1.004261E+00
  8.321229E+00  1.022657E+00
  8.371508E+00  9.877222E-01
  8.421788E+00  9.966682E-01
  8.472067E+00  1.003075E+00
  8.522346E+00  9.898104E-01
  8.572626E+00  9.867090E-01
  8.622905E+00  9.740781E-01
  8.673184E+00  9.649713E-01
  8.723464E+00  9.798977E-01
  8.773743E+00  9.600816E-01
  8.824022E+00  9.555450E-01
  8.874302E+00  9.512423E-01
  8.924581E+00  9.678287E-01
  8.974860E+00  9.737375E-01
OW      HW      
  2.513966E-02  0.000000E+00
  7.541899E-02  0.000000E+00
  1.256983E-01  0.000000E+00
  1.759777E-01  0.000000E+00
  2.262570E-01  0.000000E+00
  2.765363E-01  0.000000E+00
  3.268156E-01  0.000000E+00
  3.770950E-01  0.000000E+00
  4.273743E-01  0.000000E+00
  4.776536E-01  0.000000E+00
  5.279330E-01  0.000000E+00
  5.782123E-01  0.000000E+00
  6.284916E-01  0.000000E+00
  6.787709E-01  0.000000E+00
  7.290503E-01  0.000000E+00
  7.793296E-01  0.000000E+00
  8.296089E-01  0.000000E+00
  8.798883E-01  0.000000E+00
  9.301676E-01  0.000000E+00
  9.804469E-01  0.000000E+00
  1.030726E+00  0.000000E+00
  1.081006E+00  0.000000E+00
  1.131285E+00  0.000000E+00
  1.181564E+00  0.000000E+00
  1.231844E+00  0.000000E+00
  1.282123E+00  0.000000E+00
  1.332402E+00  0.000000E+00
  1.382682E+00  0.000000E+00
  1.432961E+00  1.232911E-03
  1.483240E+00  8.055241E-03
  1.533520E+00  5.813281E-02
  1.583799E+00  2.538321E-01
  1.634078E+00  6.537315E-01
  1.684358E+00  1.355062E+00
  1.734637E+00  2.241043E+00
  1.784916E+00  2.960501E+00
  1.835196E+00  3.687538E+00
  1.885475E+00  4.037594E+00
  1.935754E+00  4.272458E+00
  1.986034E+00  4.253368E+00
  2.036313E+00  4.099353E+00
  2.086592E+00  3.969021E+00
  2.136872E+00  3.746469E+00
  2.187151E+00  3.492582E+00
  2.237430E+00  3.312095E+00
  2.287709E+00  3.133042E+00
  2.337989E+00  2.907802E+00
  2.388268E+00  2.821505E+00
  2.438547E+00  2.730201E+00
  2.488827E+00  2.707864E+00
  2.539106E+00  2.684156E+00
  2.589385E+00  2.706863E+00
  2.639665E+00  2.795856E+00
  2.689944E+00  2.903308E+00
  2.740223E+00  3.072378E+00
  2.790503E+00  3.260814E+00
  2.840782E+00  3.478653E+00
  2.891061E+00  3.707063E+00
  2.941341E+00  3.994336E+00
  2.991620E+00  4.212274E+00
  3.041899E+00  4.434672E+00
  3.092179E+00  4.628315E+00
  3.142458E+00  4.735861E+00
  3.192737E+00  4.784219E+00
  3.243017E+00  4.819260E+00
  3.293296E+00  4.838509E+00
  3.343575E+00  4.818306E+00
  3.393855E+00  4.828711E+00
  3.444134E+00  4.768586E+00
  3.494413E+00  4.682112E+00
  3.544693E+00  4.574108E+00
  3.594972E+00  4.415517E+00
  3.645251E+00  4.242821E+00
  3.695531E+00  4.053445E+00
  3.745810E+00  3.792161E+00
  3.796089E+00  3.541976E+00
  3.846369E+00  3.302892E+00
  3.896648E+00  3.092564E+00
  3.946927E+00  2.941789E+00
  3.997207E+00  2.733634E+00
  4.047486E+00  2.605248E+00
  4.097765E+00  2.503335E+00
  4.148045E+00  2.393943E+00
  4.198324E+00  2.299527E+00
  4.248603E+00  2.219264E+00
  4.298883E+00  2.145050E+00
  4.349162E+00  2.085300E+00
  4.399441E+00  2.032154E+00
  4.449721E+00  1.983101E+00
  4.500000E+00  1.939346E+00
  4.550279E+00  1.923505E+00
  4.600559E+00  1.854656E+00
  4.650838E+00  1.841753E+00
  4.701117E+00  1.815628E+00
  4.751397E+00  1.800845E+00
  4.801676E+00  1.786225E+00
  4.851955E+00  1.759184E+00
  4.902235E+00  1.743090E+00
  4.952514E+00  1.744574E+00
  5.002793E+00  1.727640E+00
  5.053073E+00  1.702454E+00
  5.103352E+00  1.689197E+00
  5.153631E+00  1.674367E+00
  5.203911E+00  1.644319E+00
  5.254190E+00  1.642623E+00
  5.304469E+00  1.649874E+00
  5.354749E+00  1.628396E+00
  5.405028E+00  1.616831E+00
  5.455307E+00  1.593290E+00
  5.505587E+00  1.592680E+00
  5.555866E+00  1.573048E+00
  5.606145E+00  1.576658E+00
  5.656425E+00  1.540999E+00
  5.706704E+00  1.535772E+00
  5.756983E+00  1.535571E+00
  5.807263E+00  1.524225E+00
  5.857542E+00  1.504332E+00
  5.907821E+00  1.485908E+00
  5.958101E+00  1.469601E+00
  6.008380E+00  1.461344E+00
  6.058659E+00  1.437432E+00
  6.108939E+00  1.440293E+00
  6.159218E+00  1.411768E+00
  6.209497E+00  1.408599E+00
  6.259777E+00  1.391974E+00
  6.310056E+00  1.355477E+00
  6.360335E+00  1.349465E+00
  6.410615E+00  1.333463E+00
  6.460894E+00  1.308423E+00
  6.511173E+00  1.294206E+00
  6.561453E+00  1.291355E+00
  6.611732E+00  1.261219E+00
  6.662011E+00  1.261593E+00
  6.712291E+00  1.250771E+00
  6.762570E+00  1.244892E+00
  6.812849E+00  1.224594E+00
  6.863128E+00  1.214001E+00
  6.913408E+00  1.207107E+00
  6.963687E+00  1.193159E+00
  7.013966E+00  1.182650E+00
  7.064246E+00  1.169275E+00
  7.114525E+00  1.150380E+00
  7.164804E+00  1.147904E+00
  7.215084E+00  1.138770E+00
  7.265363E+00  1.131266E+00
  7.315642E+00  1.120382E+00
  7.365922E+00  1.115055E+00
  7.416201E+00  1.117365E+00
  7.466480E+00  1.106931E+00
  7.516760E+00  1.096541E+00
  7.567039E+00  1.088341E+00
  7.617318E+00  1.080697E+00
  7.667598E+00  1.079124E+00
  7.717877E+00  1.075523E+00
  7.768156E+00  1.057933E+00
  7.818436E+00  1.057914E+00
  7.868715E+00  1.055171E+00
  7.918994E+00  1.042804E+00
  7.969274E+00  1.048743E+00
  8.019553E+00  1.037110E+00
  8.069832E+00  1.033869E+00
  8.120112E+00  1.036177E+00
  8.170391E+00  1.025208E+00
  8.220670E+00  1.029790E+00
  8.270950E+00  1.022360E+00
  8.321229E+00  1.003424E+00
  8.371508E+00  1.012993E+00
  8.421788E+00  1.001113E+00
  8.472067E+00  9.973255E-01
  8.522346E+00  9.895664E-01
  8.572626E+00  9.836773E-01
  8.622905E+00  9.760190E-01
  8.673184E+00  9.728640E-01
  8.723464E+00  9.784338E-01
  8.773743E+00  9.700475E-01
  8.824022E+00  9.664870E-01
  8.874302E+00  9.675100E-01
  8.924581E+00  9.641412E-01
  8.974860E+00  9.634903E-01
HW      HW      
  2.513966E-02  0.000000E+00
  7.541899E-02  0.000000E+00
  1.256983E-01  0.000000E+00
  1.759777E-01  0.000000E+00
  2.262570E-01  0.000000E+00
  2.765363E-01  0.000000E+00
  3.268156E-01  0.000000E+00
  3.770950E-01  0.000000E+00
  4.273743E-01  0.000000E+00
  4.776536E-01  0.000000E+00
  5.279330E-01  0.000000E+00
  5.782123E-01  0.000000E+00
  6.284916E-01  0.000000E+00
  6.787709E-01  0.000000E+00
  7.290503E-01  0.000000E+00
  7.793296E-01  0.000000E+00
  8.296089E-01  0.000000E+00
  8.798883E-01  0.000000E+00
  9.301676E-01  0.000000E+00
  9.804469E-01  0.000000E+00
  1.030726E+00  0.000000E+00
  1.081006E+00  0.000000E+00
  1.131285E+00  0.000000E+00
  1.181564E+00  9.066400E-04
  1.231844E+00  0.000000E+00
  1.282123E+00  7.700166E-04
  1.332402E+00  1.426011E-03
  1.382682E+00  6.620989E-03
  1.432961E+00  2.157595E-02
  1.483240E+00  3.222096E-02
  1.533520E+00  6.405374E-02
  1.583799E+00  1.110200E-01
  1.634078E+00  1.953135E-01
  1.684358E+00  2.708338E-01
  1.734637E+00  3.971362E-01
  1.784916E+00  5.657970E-01
  1.835196E+00  7.554736E-01
  1.885475E+00  1.009131E+00
  1.935754E+00  1.218868E+00
  1.986034E+00  1.534717E+00
  2.036313E+00  1.864369E+00
  2.086592E+00  2.183819E+00
  2.136872E+00  2.520563E+00
  2.187151E+00  2.875466E+00
  2.237430E+00  3.208418E+00
  2.287709E+00  3.516902E+00
  2.337989E+00  3.859159E+00
  2.388268E+00  4.116517E+00
  2.438547E+00  4.347885E+00
  2.488827E+00  4.614609E+00
  2.539106E+00  4.742532E+00
  2.589385E+00  4.836368E+00
  2.639665E+00  4.924769E+00
  2.689944E+00  4.865381E+00
  2.740223E+00  4.761646E+00
  2.790503E+00  4.668013E+00
  2.840782E+00  4.550830E+00
  2.891061E+00  4.383773E+00
  2.941341E+00  4.247183E+00
  2.991620E+00  4.090348E+00
  3.041899E+00  3.949683E+00
  3.092179E+00  3.864255E+00
  3.142458E+00  3.789407E+00
  3.192737E+00  3.750975E+00
  3.243017E+00  3.748594E+00
  3.293296E+00  3.706559E+00
  3.343575E+00  3.684361E+00
  3.393855E+00  3.649862E+00
  3.444134E+00  3.662429E+00
  3.494413E+00  3.698581E+00
  3.544693E+00  3.667448E+00
  3.594972E+00  3.680969E+00
  3.645251E+00  3.671967E+00
  3.695531E+00  3.620839E+00
  3.745810E+00  3.556408E+00
  3.796089E+00  3.476265E+00
  3.846369E+00  3.369720E+00
  3.896648E+00  3.291242E+00
  3.946927E+00  3.161686E+00
  3.997207E+00  3.058878E+00
  4.047486E+00  2.892556E+00
  4.097765E+00  2.771875E+00
  4.148045E+00  2.689488E+00
  4.198324E+00  2.566921E+00
  4.248603E+00  2.465498E+00
  4.298883E+00  2.390559E+00
  4.349162E+00  2.278852E+00
  4.399441E+00  2.211954E+00
  4.449721E+00  2.151380E+00
  4.500000E+00  2.077317E+00
  4.550279E+00  2.027384E+00
  4.600559E+00  1.982295E+00
  4.650838E+00  1.922050E+00
  4.701117E+00  1.898628E+00
  4.751397E+00  1.850920E+00
  4.801676E+00  1.848050E+00
  4.851955E+00  1.832371E+00
  4.902235E+00  1.794872E+00
  4.952514E+00  1.791284E+00
  5.002793E+00  1.736340E+00
  5.053073E+00  1.720550E+00
  5.103352E+00  1.714521E+00
  5.153631E+00  1.709305E+00
  5.203911E+00  1.661008E+00
  5.254190E+00  1.646200E+00
  5.304469E+00  1.647984E+00
  5.354749E+00  1.631575E+00
  5.405028E+00  1.620904E+00
  5.455307E+00  1.593758E+00
  5.505587E+00  1.583200E+00
  5.555866E+00  1.570874E+00
  5.606145E+00  1.556599E+00
  5.656425E+00  1.555084E+00
  5.706704E+00  1.539542E+00
  5.756983E+00  1.530950E+00
  5.807263E+00  1.523249E+00
  5.857542E+00  1.513925E+00
  5.907821E+00  1.473177E+00
  5.958101E+00  1.472882E+00
  6.008380E+00  1.449211E+00
  6.058659E+00  1.439708E+00
  6.108939E+00  1.414071E+00
  6.159218E+00  1.403025E+00
  6.209497E+00  1.398520E+00
  6.259777E+00  1.365806E+00
  6.310056E+00  1.371279E+00
  6.360335E+00  1.353565E+00
  6.410615E+00  1.340363E+00
  6.460894E+00  1.326043E+00
  6.511173E+00  1.310868E+00
  6.561453E+00  1.294913E+00
  6.611732E+00  1.281346E+00
  6.662011E+00  1.273801E+00
  6.712291E+00  1.252204E+00
  6.762570E+00  1.234179E+00
  6.812849E+00  1.233431E+00
  6.863128E+00  1.223703E+00
  6.913408E+00  1.210180E+00
  6.963687E+00  1.196710E+00
  7.013966E+00  1.188337E+00
  7.064246E+00  1.185586E+00
  7.114525E+00  1.180593E+00
  7.164804E+00  1.160900E+00
  7.215084E+00  1.149884E+00
  7.265363E+00  1.136422E+00
  7.315642E+00  1.132161E+00
  7.365922E+00  1.128051E+00
  7.416201E+00  1.113682E+00
  7.466480E+00  1.104547E+00
  7.516760E+00  1.110231E+00
  7.567039E+00  1.094244E+00
  7.617318E+00  1.090406E+00
  7.667598E+00  1.090493E+00
  7.717877E+00  1.083089E+00
  7.768156E+00  1.070918E+00
  7.818436E+00  1.061434E+00
  7.868715E+00  1.048302E+00
  7.918994E+00  1.047306E+00
  7.969274E+00  1.042185E+00
  8.019553E+00  1.044354E+00
  8.069832E+00  1.034958E+00
  8.120112E+00  1.034142E+00
  8.170391E+00  1.028546E+00
  8.220670E+00  1.025650E+00
  8.270950E+00  1.020805E+00
  8.321229E+00  1.015418E+00
  8.371508E+00  1.018141E+00
  8.421788E+00  1.007056E+00
  8.472067E+00  1.005156E+00
  8.522346E+00  9.978630E-01
  8.572626E+00  9.909811E-01
  8.622905E+00  9.906441E-01
  8.673184E+00  9.818339E-01
  8.723464E+00  9.824928E-01
  8.773743E+00  9.746851E-01
  8.824022E+00  9.689583E-01
  8.874302E+00  9.716251E-01
  8.924581E+00  9.674154E-01
  8.974860E+00  9.648891E-01
