amber                                                                           
         2       128
OW      
 -6.350000E+00  5.154497E-04
 -6.250000E+00  5.043438E-04
 -6.150000E+00  5.497917E-04
 -6.050000E+00  4.867407E-04
 -5.950000E+00  4.805956E-04
 -5.850000E+00  5.515200E-04
 -5.750000E+00  5.552966E-04
 -5.650000E+00  5.483194E-04
 -5.550000E+00  5.059760E-04
 -5.450000E+00  5.104248E-04
 -5.350000E+00  5.196424E-04
 -5.250000E+00  5.097207E-04
 -5.150000E+00  5.227470E-04
 -5.050000E+00  5.413742E-04
 -4.950000E+00  5.407661E-04
 -4.850000E+00  5.332128E-04
 -4.750000E+00  4.949661E-04
 -4.650000E+00  5.515840E-04
 -4.550000E+00  5.325087E-04
 -4.450000E+00  5.278679E-04
 -4.350000E+00  5.909508E-04
 -4.250000E+00  5.754921E-04
 -4.150000E+00  5.538244E-04
 -4.050000E+00  5.322846E-04
 -3.950000E+00  5.044718E-04
 -3.850000E+00  5.333088E-04
 -3.750000E+00  5.108089E-04
 -3.650000E+00  5.140735E-04
 -3.550000E+00  5.523841E-04
 -3.450000E+00  6.122025E-04
 -3.350000E+00  6.426718E-04
 -3.250000E+00  6.444001E-04
 -3.150000E+00  6.078818E-04
 -3.050000E+00  5.544005E-04
 -2.950000E+00  6.455523E-04
 -2.850000E+00  6.667720E-04
 -2.750000E+00  6.553460E-04
 -2.650000E+00  6.520175E-04
 -2.550000E+00  6.512493E-04
 -2.450000E+00  6.383831E-04
 -2.350000E+00  6.595388E-04
 -2.250000E+00  6.492650E-04
 -2.150000E+00  6.508973E-04
 -2.050000E+00  6.631874E-04
 -1.950000E+00  6.202679E-04
 -1.850000E+00  6.435040E-04
 -1.750000E+00  6.648517E-04
 -1.650000E+00  6.702926E-04
 -1.550000E+00  6.800223E-04
 -1.450000E+00  6.572664E-04
 -1.350000E+00  7.213095E-04
 -1.250000E+00  7.594922E-04
 -1.150000E+00  7.292469E-04
 -1.050000E+00  7.734466E-04
 -9.500000E-01  8.362415E-04
 -8.500000E-01  8.053881E-04
 -7.500000E-01  8.464513E-04
 -6.500000E-01  8.221271E-04
 -5.500000E-01  7.972267E-04
 -4.500000E-01  7.709502E-04
 -3.500000E-01  8.122373E-04
 -2.500000E-01  7.825362E-04
 -1.500000E-01  8.221911E-04
 -5.000000E-02  9.336665E-04
  5.000000E-02  9.421159E-04
  1.500000E-01  8.790330E-04
  2.500000E-01  8.059322E-04
  3.500000E-01  8.212949E-04
  4.500000E-01  8.004593E-04
  5.500000E-01  8.267679E-04
  6.500000E-01  8.080446E-04
  7.500000E-01  7.753989E-04
  8.500000E-01  8.413944E-04
  9.500000E-01  7.818641E-04
  1.050000E+00  7.583400E-04
  1.150000E+00  7.728705E-04
  1.250000E+00  7.926179E-04
  1.350000E+00  7.672055E-04
  1.450000E+00  7.328635E-04
  1.550000E+00  7.523869E-04
  1.650000E+00  7.438094E-04
  1.750000E+00  6.771098E-04
  1.850000E+00  6.876397E-04
  1.950000E+00  6.790942E-04
  2.050000E+00  6.776219E-04
  2.150000E+00  6.969853E-04
  2.250000E+00  7.012420E-04
  2.350000E+00  7.561316E-04
  2.450000E+00  7.084113E-04
  2.550000E+00  7.097235E-04
  2.650000E+00  6.927605E-04
  2.750000E+00  7.386885E-04
  2.850000E+00  7.523549E-04
  2.950000E+00  7.208934E-04
  3.050000E+00  7.529950E-04
  3.150000E+00  7.769992E-04
  3.250000E+00  7.787915E-04
  3.350000E+00  8.487557E-04
  3.450000E+00  8.110531E-04
  3.550000E+00  8.133895E-04
  3.650000E+00  7.119639E-04
  3.750000E+00  7.547873E-04
  3.850000E+00  7.497625E-04
  3.950000E+00  8.470274E-04
  4.050000E+00  8.310246E-04
  4.150000E+00  7.687738E-04
  4.250000E+00  7.394247E-04
  4.350000E+00  7.809039E-04
  4.450000E+00  8.292003E-04
  4.550000E+00  8.116932E-04
  4.650000E+00  7.942182E-04
  4.750000E+00  7.953384E-04
  4.850000E+00  7.797837E-04
  4.950000E+00  7.249902E-04
  5.050000E+00  6.987456E-04
  5.150000E+00  6.953850E-04
  5.250000E+00  7.032264E-04
  5.350000E+00  7.225577E-04
  5.450000E+00  7.101076E-04
  5.550000E+00  7.239340E-04
  5.650000E+00  7.335997E-04
  5.750000E+00  7.290549E-04
  5.850000E+00  7.259183E-04
  5.950000E+00  7.292789E-04
  6.050000E+00  7.612205E-04
  6.150000E+00  7.595882E-04
  6.250000E+00  7.100436E-04
  6.350000E+00  7.313273E-04
HW      
 -6.350000E+00  1.150408E-03
 -6.250000E+00  1.096031E-03
 -6.150000E+00  1.052343E-03
 -6.050000E+00  1.038645E-03
 -5.950000E+00  1.064633E-03
 -5.850000E+00  1.038229E-03
 -5.750000E+00  1.013200E-03
 -5.650000E+00  1.029939E-03
 -5.550000E+00  1.027379E-03
 -5.450000E+00  1.014833E-03
 -5.350000E+00  1.051959E-03
 -5.250000E+00  1.065369E-03
 -5.150000E+00  1.080380E-03
 -5.050000E+00  1.097503E-03
 -4.950000E+00  1.121059E-03
 -4.850000E+00  1.119811E-03
 -4.750000E+00  1.051447E-03
 -4.650000E+00  1.074843E-03
 -4.550000E+00  1.044950E-03
 -4.450000E+00  1.016017E-03
 -4.350000E+00  1.028883E-03
 -4.250000E+00  1.064953E-03
 -4.150000E+00  1.101760E-03
 -4.050000E+00  1.112642E-03
 -3.950000E+00  1.078492E-03
 -3.850000E+00  1.119779E-03
 -3.750000E+00  1.132997E-03
 -3.650000E+00  1.144295E-03
 -3.550000E+00  1.159850E-03
 -3.450000E+00  1.186318E-03
 -3.350000E+00  1.176845E-03
 -3.250000E+00  1.181198E-03
 -3.150000E+00  1.209779E-03
 -3.050000E+00  1.224309E-03
 -2.950000E+00  1.259867E-03
 -2.850000E+00  1.249113E-03
 -2.750000E+00  1.287680E-03
 -2.650000E+00  1.267901E-03
 -2.550000E+00  1.244088E-03
 -2.450000E+00  1.280863E-03
 -2.350000E+00  1.313189E-03
 -2.250000E+00  1.293537E-03
 -2.150000E+00  1.297698E-03
 -2.050000E+00  1.301282E-03
 -1.950000E+00  1.336809E-03
 -1.850000E+00  1.334824E-03
 -1.750000E+00  1.381232E-03
 -1.650000E+00  1.430393E-03
 -1.550000E+00  1.487619E-03
 -1.450000E+00  1.429273E-03
 -1.350000E+00  1.471968E-03
 -1.250000E+00  1.472000E-03
 -1.150000E+00  1.483458E-03
 -1.050000E+00  1.520969E-03
 -9.500000E-01  1.545005E-03
 -8.500000E-01  1.569265E-03
 -7.500000E-01  1.650143E-03
 -6.500000E-01  1.608408E-03
 -5.500000E-01  1.616761E-03
 -4.500000E-01  1.656192E-03
 -3.500000E-01  1.619610E-03
 -2.500000E-01  1.713322E-03
 -1.500000E-01  1.662369E-03
 -5.000000E-02  1.598838E-03
  5.000000E-02  1.637693E-03
  1.500000E-01  1.641182E-03
  2.500000E-01  1.619546E-03
  3.500000E-01  1.578483E-03
  4.500000E-01  1.587220E-03
  5.500000E-01  1.579475E-03
  6.500000E-01  1.592789E-03
  7.500000E-01  1.657344E-03
  8.500000E-01  1.638653E-03
  9.500000E-01  1.607832E-03
  1.050000E+00  1.540012E-03
  1.150000E+00  1.527914E-03
  1.250000E+00  1.544685E-03
  1.350000E+00  1.517256E-03
  1.450000E+00  1.482530E-03
  1.550000E+00  1.473952E-03
  1.650000E+00  1.467839E-03
  1.750000E+00  1.488899E-03
  1.850000E+00  1.504326E-03
  1.950000E+00  1.455517E-03
  2.050000E+00  1.454365E-03
  2.150000E+00  1.418423E-03
  2.250000E+00  1.464511E-03
  2.350000E+00  1.416342E-03
  2.450000E+00  1.476801E-03
  2.550000E+00  1.465727E-03
  2.650000E+00  1.478881E-03
  2.750000E+00  1.451101E-03
  2.850000E+00  1.470176E-03
  2.950000E+00  1.468095E-03
  3.050000E+00  1.483362E-03
  3.150000E+00  1.518760E-03
  3.250000E+00  1.513863E-03
  3.350000E+00  1.533867E-03
  3.450000E+00  1.505702E-03
  3.550000E+00  1.622842E-03
  3.650000E+00  1.604727E-03
  3.750000E+00  1.585652E-03
  3.850000E+00  1.554831E-03
  3.950000E+00  1.551790E-03
  4.050000E+00  1.551854E-03
  4.150000E+00  1.545837E-03
  4.250000E+00  1.543565E-03
  4.350000E+00  1.550606E-03
  4.450000E+00  1.527978E-03
  4.550000E+00  1.544717E-03
  4.650000E+00  1.536619E-03
  4.750000E+00  1.499077E-03
  4.850000E+00  1.484258E-03
  4.950000E+00  1.500677E-03
  5.050000E+00  1.492804E-03
  5.150000E+00  1.518536E-03
  5.250000E+00  1.530954E-03
  5.350000E+00  1.476993E-03
  5.450000E+00  1.458270E-03
  5.550000E+00  1.489187E-03
  5.650000E+00  1.506278E-03
  5.750000E+00  1.449852E-03
  5.850000E+00  1.433145E-03
  5.950000E+00  1.422199E-03
  6.050000E+00  1.411222E-03
  6.150000E+00  1.393939E-03
  6.250000E+00  1.377008E-03
  6.350000E+00  1.400660E-03
