amber                                                                           
         3       179
OW      OW      
  2.513966E-02  0.000000E+00
  7.541899E-02  0.000000E+00
  1.256983E-01  0.000000E+00
  1.759777E-01  0.000000E+00
  2.262570E-01  0.000000E+00
  2.765363E-01  0.000000E+00
  3.268156E-01  0.000000E+00
  3.770950E-01  0.000000E+00
  4.273743E-01  0.000000E+00
  4.776536E-01  0.000000E+00
  5.279330E-01  0.000000E+00
  5.782123E-01  0.000000E+00
  6.284916E-01  0.000000E+00
  6.787709E-01  0.000000E+00
  7.290503E-01  0.000000E+00
  7.793296E-01  0.000000E+00
  8.296089E-01  0.000000E+00
  8.798883E-01  0.000000E+00
  9.301676E-01  0.000000E+00
  9.804469E-01  0.000000E+00
  1.030726E+00  0.000000E+00
  1.081006E+00  0.000000E+00
  1.131285E+00  0.000000E+00
  1.181564E+00  0.000000E+00
  1.231844E+00  0.000000E+00
  1.282123E+00  0.000000E+00
  1.332402E+00  0.000000E+00
  1.382682E+00  0.000000E+00
  1.432961E+00  0.000000E+00
  1.483240E+00  0.000000E+00
  1.533520E+00  0.000000E+00
  1.583799E+00  0.000000E+00
  1.634078E+00  0.000000E+00
  1.684358E+00  0.000000E+00
  1.734637E+00  0.000000E+00
  1.784916E+00  0.000000E+00
  1.835196E+00  0.000000E+00
  1.885475E+00  0.000000E+00
  1.935754E+00  0.000000E+00
  1.986034E+00  0.000000E+00
  2.036313E+00  0.000000E+00
  2.086592E+00  0.000000E+00
  2.136872E+00  0.000000E+00
  2.187151E+00  0.000000E+00
  2.237430E+00  0.000000E+00
  2.287709E+00  0.000000E+00
  2.337989E+00  0.000000E+00
  2.388268E+00  0.000000E+00
  2.438547E+00  0.000000E+00
  2.488827E+00  0.000000E+00
  2.539106E+00  3.272562E-01
  2.589385E+00  1.384553E+01
  2.639665E+00  1.143567E+02
  2.689944E+00  2.806988E+02
  2.740223E+00  3.028994E+02
  2.790503E+00  2.359060E+02
  2.840782E+00  1.175621E+02
  2.891061E+00  4.215554E+01
  2.941341E+00  1.032393E+01
  2.991620E+00  1.493046E+00
  3.041899E+00  1.520103E-01
  3.092179E+00  0.000000E+00
  3.142458E+00  0.000000E+00
  3.192737E+00  0.000000E+00
  3.243017E+00  0.000000E+00
  3.293296E+00  6.484441E-02
  3.343575E+00  6.919980E-01
  3.393855E+00  7.327053E-01
  3.444134E+00  2.964454E-01
  3.494413E+00  3.455714E-01
  3.544693E+00  1.343350E+00
  3.594972E+00  1.197201E+00
  3.645251E+00  1.111476E+00
  3.695531E+00  1.544911E+00
  3.745810E+00  1.453592E+00
  3.796089E+00  3.025903E+00
  3.846369E+00  4.943880E+00
  3.896648E+00  5.558216E+00
  3.946927E+00  6.501011E+00
  3.997207E+00  7.306876E+00
  4.047486E+00  9.745231E+00
  4.097765E+00  1.105724E+01
  4.148045E+00  1.246666E+01
  4.198324E+00  1.384570E+01
  4.248603E+00  1.616937E+01
  4.298883E+00  1.883786E+01
  4.349162E+00  2.018954E+01
  4.399441E+00  2.536286E+01
  4.449721E+00  2.426013E+01
  4.500000E+00  2.535338E+01
  4.550279E+00  2.561140E+01
  4.600559E+00  2.784589E+01
  4.650838E+00  2.718205E+01
  4.701117E+00  2.809939E+01
  4.751397E+00  2.697825E+01
  4.801676E+00  2.354888E+01
  4.851955E+00  2.136049E+01
  4.902235E+00  1.890528E+01
  4.952514E+00  1.729039E+01
  5.002793E+00  1.556767E+01
  5.053073E+00  1.192658E+01
  5.103352E+00  1.153071E+01
  5.153631E+00  1.035355E+01
  5.203911E+00  9.401304E+00
  5.254190E+00  8.534391E+00
  5.304469E+00  6.773681E+00
  5.354749E+00  6.426322E+00
  5.405028E+00  5.464739E+00
  5.455307E+00  5.435367E+00
  5.505587E+00  5.243736E+00
  5.555866E+00  4.784707E+00
  5.606145E+00  4.497871E+00
  5.656425E+00  4.769968E+00
  5.706704E+00  4.254370E+00
  5.756983E+00  3.522556E+00
  5.807263E+00  2.335689E+00
  5.857542E+00  2.849206E+00
  5.907821E+00  2.680013E+00
  5.958101E+00  2.476477E+00
  6.008380E+00  1.987126E+00
  6.058659E+00  1.609409E+00
  6.108939E+00  1.394570E+00
  6.159218E+00  6.859473E-01
  6.209497E+00  5.654432E-01
  6.259777E+00  3.051206E-01
  6.310056E+00  1.236437E-01
  6.360335E+00  2.607784E-01
  6.410615E+00  2.395902E-01
  6.460894E+00  1.179378E-01
  6.511173E+00  1.824797E-01
  6.561453E+00  4.900741E-02
  6.611732E+00  4.826488E-02
  6.662011E+00  0.000000E+00
  6.712291E+00  0.000000E+00
  6.762570E+00  0.000000E+00
  6.812849E+00  0.000000E+00
  6.863128E+00  0.000000E+00
  6.913408E+00  0.000000E+00
  6.963687E+00  0.000000E+00
  7.013966E+00  0.000000E+00
  7.064246E+00  0.000000E+00
  7.114525E+00  0.000000E+00
  7.164804E+00  0.000000E+00
  7.215084E+00  0.000000E+00
  7.265363E+00  0.000000E+00
  7.315642E+00  0.000000E+00
  7.365922E+00  0.000000E+00
  7.416201E+00  0.000000E+00
  7.466480E+00  0.000000E+00
  7.516760E+00  0.000000E+00
  7.567039E+00  0.000000E+00
  7.617318E+00  0.000000E+00
  7.667598E+00  0.000000E+00
  7.717877E+00  0.000000E+00
  7.768156E+00  0.000000E+00
  7.818436E+00  0.000000E+00
  7.868715E+00  0.000000E+00
  7.918994E+00  0.000000E+00
  7.969274E+00  0.000000E+00
  8.019553E+00  0.000000E+00
  8.069832E+00  0.000000E+00
  8.120112E+00  0.000000E+00
  8.170391E+00  0.000000E+00
  8.220670E+00  0.000000E+00
  8.270950E+00  0.000000E+00
  8.321229E+00  0.000000E+00
  8.371508E+00  0.000000E+00
  8.421788E+00  0.000000E+00
  8.472067E+00  0.000000E+00
  8.522346E+00  0.000000E+00
  8.572626E+00  0.000000E+00
  8.622905E+00  0.000000E+00
  8.673184E+00  0.000000E+00
  8.723464E+00  0.000000E+00
  8.773743E+00  0.000000E+00
  8.824022E+00  0.000000E+00
  8.874302E+00  0.000000E+00
  8.924581E+00  0.000000E+00
  8.974860E+00  0.000000E+00
OW      HW      
  2.513966E-02  0.000000E+00
  7.541899E-02  0.000000E+00
  1.256983E-01  0.000000E+00
  1.759777E-01  0.000000E+00
  2.262570E-01  0.000000E+00
  2.765363E-01  0.000000E+00
  3.268156E-01  0.000000E+00
  3.770950E-01  0.000000E+00
  4.273743E-01  0.000000E+00
  4.776536E-01  0.000000E+00
  5.279330E-01  0.000000E+00
  5.782123E-01  0.000000E+00
  6.284916E-01  0.000000E+00
  6.787709E-01  0.000000E+00
  7.290503E-01  0.000000E+00
  7.793296E-01  0.000000E+00
  8.296089E-01  0.000000E+00
  8.798883E-01  0.000000E+00
  9.301676E-01  0.000000E+00
  9.804469E-01  0.000000E+00
  1.030726E+00  0.000000E+00
  1.081006E+00  0.000000E+00
  1.131285E+00  0.000000E+00
  1.181564E+00  0.000000E+00
  1.231844E+00  0.000000E+00
  1.282123E+00  0.000000E+00
  1.332402E+00  0.000000E+00
  1.382682E+00  0.000000E+00
  1.432961E+00  0.000000E+00
  1.483240E+00  0.000000E+00
  1.533520E+00  0.000000E+00
  1.583799E+00  2.102651E-01
  1.634078E+00  5.333197E+00
  1.684358E+00  4.740708E+01
  1.734637E+00  1.363753E+02
  1.784916E+00  1.691409E+02
  1.835196E+00  1.437133E+02
  1.885475E+00  8.570653E+01
  1.935754E+00  3.894358E+01
  1.986034E+00  1.323862E+01
  2.036313E+00  4.070453E+00
  2.086592E+00  1.494129E+00
  2.136872E+00  1.925199E-01
  2.187151E+00  3.675412E-02
  2.237430E+00  0.000000E+00
  2.287709E+00  0.000000E+00
  2.337989E+00  0.000000E+00
  2.388268E+00  0.000000E+00
  2.438547E+00  0.000000E+00
  2.488827E+00  0.000000E+00
  2.539106E+00  0.000000E+00
  2.589385E+00  7.866776E-02
  2.639665E+00  2.270986E-01
  2.689944E+00  1.044845E+00
  2.740223E+00  1.639066E+00
  2.790503E+00  4.425496E+00
  2.840782E+00  9.411940E+00
  2.891061E+00  1.857452E+01
  2.941341E+00  3.267889E+01
  2.991620E+00  4.712916E+01
  3.041899E+00  5.892299E+01
  3.092179E+00  6.187695E+01
  3.142458E+00  5.553282E+01
  3.192737E+00  4.901977E+01
  3.243017E+00  3.915276E+01
  3.293296E+00  3.401090E+01
  3.343575E+00  3.013337E+01
  3.393855E+00  2.927768E+01
  3.444134E+00  3.299438E+01
  3.494413E+00  3.661617E+01
  3.544693E+00  3.715204E+01
  3.594972E+00  3.301826E+01
  3.645251E+00  2.745610E+01
  3.695531E+00  2.084343E+01
  3.745810E+00  1.659100E+01
  3.796089E+00  1.368977E+01
  3.846369E+00  1.328668E+01
  3.896648E+00  1.328182E+01
  3.946927E+00  1.278758E+01
  3.997207E+00  1.184066E+01
  4.047486E+00  1.183809E+01
  4.097765E+00  1.048135E+01
  4.148045E+00  1.020836E+01
  4.198324E+00  9.466549E+00
  4.248603E+00  9.399666E+00
  4.298883E+00  9.856579E+00
  4.349162E+00  1.029927E+01
  4.399441E+00  1.036498E+01
  4.449721E+00  1.014983E+01
  4.500000E+00  1.093147E+01
  4.550279E+00  1.113281E+01
  4.600559E+00  1.281808E+01
  4.650838E+00  1.247741E+01
  4.701117E+00  1.303137E+01
  4.751397E+00  1.359037E+01
  4.801676E+00  1.378006E+01
  4.851955E+00  1.395153E+01
  4.902235E+00  1.355707E+01
  4.952514E+00  1.403589E+01
  5.002793E+00  1.432422E+01
  5.053073E+00  1.416453E+01
  5.103352E+00  1.348850E+01
  5.153631E+00  1.214754E+01
  5.203911E+00  1.225156E+01
  5.254190E+00  1.229844E+01
  5.304469E+00  1.152276E+01
  5.354749E+00  1.071871E+01
  5.405028E+00  1.049013E+01
  5.455307E+00  9.901821E+00
  5.505587E+00  8.892308E+00
  5.555866E+00  7.501738E+00
  5.606145E+00  6.299257E+00
  5.656425E+00  5.967955E+00
  5.706704E+00  5.236979E+00
  5.756983E+00  4.567652E+00
  5.807263E+00  3.894552E+00
  5.857542E+00  3.515388E+00
  5.907821E+00  3.057834E+00
  5.958101E+00  3.224373E+00
  6.008380E+00  2.849188E+00
  6.058659E+00  2.754196E+00
  6.108939E+00  2.497034E+00
  6.159218E+00  2.308120E+00
  6.209497E+00  2.102172E+00
  6.259777E+00  2.032641E+00
  6.310056E+00  1.629447E+00
  6.360335E+00  1.508168E+00
  6.410615E+00  1.488882E+00
  6.460894E+00  1.432102E+00
  6.511173E+00  1.439101E+00
  6.561453E+00  1.184346E+00
  6.611732E+00  1.118136E+00
  6.662011E+00  9.824749E-01
  6.712291E+00  9.912262E-01
  6.762570E+00  8.919593E-01
  6.812849E+00  6.894368E-01
  6.863128E+00  5.897846E-01
  6.913408E+00  4.451247E-01
  6.963687E+00  2.791855E-01
  7.013966E+00  1.715515E-01
  7.064246E+00  9.865229E-02
  7.114525E+00  9.726284E-02
  7.164804E+00  4.110109E-02
  7.215084E+00  7.430546E-02
  7.265363E+00  3.997122E-02
  7.315642E+00  4.270899E-02
  7.365922E+00  3.888731E-02
  7.416201E+00  3.516500E-02
  7.466480E+00  1.892345E-02
  7.516760E+00  6.223714E-03
  7.567039E+00  0.000000E+00
  7.617318E+00  0.000000E+00
  7.667598E+00  0.000000E+00
  7.717877E+00  0.000000E+00
  7.768156E+00  0.000000E+00
  7.818436E+00  0.000000E+00
  7.868715E+00  0.000000E+00
  7.918994E+00  0.000000E+00
  7.969274E+00  0.000000E+00
  8.019553E+00  0.000000E+00
  8.069832E+00  0.000000E+00
  8.120112E+00  0.000000E+00
  8.170391E+00  0.000000E+00
  8.220670E+00  0.000000E+00
  8.270950E+00  0.000000E+00
  8.321229E+00  0.000000E+00
  8.371508E+00  0.000000E+00
  8.421788E+00  0.000000E+00
  8.472067E+00  0.000000E+00
  8.522346E+00  0.000000E+00
  8.572626E+00  0.000000E+00
  8.622905E+00  0.000000E+00
  8.673184E+00  0.000000E+00
  8.723464E+00  0.000000E+00
  8.773743E+00  0.000000E+00
  8.824022E+00  0.000000E+00
  8.874302E+00  0.000000E+00
  8.924581E+00  0.000000E+00
  8.974860E+00  0.000000E+00
HW      HW      
  2.513966E-02  0.000000E+00
  7.541899E-02  0.000000E+00
  1.256983E-01  0.000000E+00
  1.759777E-01  0.000000E+00
  2.262570E-01  0.000000E+00
  2.765363E-01  0.000000E+00
  3.268156E-01  0.000000E+00
  3.770950E-01  0.000000E+00
  4.273743E-01  0.000000E+00
  4.776536E-01  0.000000E+00
  5.279330E-01  0.000000E+00
  5.782123E-01  0.000000E+00
  6.284916E-01  0.000000E+00
  6.787709E-01  0.000000E+00
  7.290503E-01  0.000000E+00
  7.793296E-01  0.000000E+00
  8.296089E-01  0.000000E+00
  8.798883E-01  0.000000E+00
  9.301676E-01  0.000000E+00
  9.804469E-01  0.000000E+00
  1.030726E+00  0.000000E+00
  1.081006E+00  0.000000E+00
  1.131285E+00  0.000000E+00
  1.181564E+00  0.000000E+00
  1.231844E+00  0.000000E+00
  1.282123E+00  0.000000E+00
  1.332402E+00  0.000000E+00
  1.382682E+00  0.000000E+00
  1.432961E+00  0.000000E+00
  1.483240E+00  0.000000E+00
  1.533520E+00  0.000000E+00
  1.583799E+00  0.000000E+00
  1.634078E+00  0.000000E+00
  1.684358E+00  0.000000E+00
  1.734637E+00  0.000000E+00
  1.784916E+00  0.000000E+00
  1.835196E+00  3.654170E-01
  1.885475E+00  9.396561E-01
  1.935754E+00  2.299079E+00
  1.986034E+00  5.259788E+00
  2.036313E+00  1.127855E+01
  2.086592E+00  1.893910E+01
  2.136872E+00  3.049516E+01
  2.187151E+00  4.506055E+01
  2.237430E+00  5.457784E+01
  2.287709E+00  5.821862E+01
  2.337989E+00  5.995520E+01
  2.388268E+00  5.816641E+01
  2.438547E+00  5.475777E+01
  2.488827E+00  5.503719E+01
  2.539106E+00  5.576991E+01
  2.589385E+00  6.052173E+01
  2.639665E+00  5.382236E+01
  2.689944E+00  3.878076E+01
  2.740223E+00  2.645921E+01
  2.790503E+00  1.397644E+01
  2.840782E+00  5.860675E+00
  2.891061E+00  2.692570E+00
  2.941341E+00  1.808720E+00
  2.991620E+00  1.355528E+00
  3.041899E+00  1.501102E+00
  3.092179E+00  1.875616E+00
  3.142458E+00  2.848750E+00
  3.192737E+00  4.001614E+00
  3.243017E+00  5.199192E+00
  3.293296E+00  6.500652E+00
  3.343575E+00  9.137519E+00
  3.393855E+00  1.291393E+01
  3.444134E+00  1.679363E+01
  3.494413E+00  2.167020E+01
  3.544693E+00  2.695097E+01
  3.594972E+00  3.399779E+01
  3.645251E+00  3.955001E+01
  3.695531E+00  4.019344E+01
  3.745810E+00  3.984847E+01
  3.796089E+00  3.777499E+01
  3.846369E+00  3.461904E+01
  3.896648E+00  2.908800E+01
  3.946927E+00  2.475125E+01
  3.997207E+00  1.981880E+01
  4.047486E+00  1.607748E+01
  4.097765E+00  1.480582E+01
  4.148045E+00  1.306956E+01
  4.198324E+00  1.247909E+01
  4.248603E+00  1.215625E+01
  4.298883E+00  1.135029E+01
  4.349162E+00  1.235354E+01
  4.399441E+00  1.133698E+01
  4.449721E+00  1.144631E+01
  4.500000E+00  1.131351E+01
  4.550279E+00  1.155740E+01
  4.600559E+00  1.222827E+01
  4.650838E+00  1.201408E+01
  4.701117E+00  1.190167E+01
  4.751397E+00  1.147978E+01
  4.801676E+00  1.150753E+01
  4.851955E+00  1.080721E+01
  4.902235E+00  1.031596E+01
  4.952514E+00  9.247347E+00
  5.002793E+00  9.392587E+00
  5.053073E+00  8.697036E+00
  5.103352E+00  8.533262E+00
  5.153631E+00  7.837980E+00
  5.203911E+00  7.745688E+00
  5.254190E+00  8.343322E+00
  5.304469E+00  8.123418E+00
  5.354749E+00  8.100354E+00
  5.405028E+00  8.564233E+00
  5.455307E+00  8.596151E+00
  5.505587E+00  7.778595E+00
  5.555866E+00  8.168179E+00
  5.606145E+00  7.557990E+00
  5.656425E+00  7.198914E+00
  5.706704E+00  7.078020E+00
  5.756983E+00  6.790470E+00
  5.807263E+00  6.496134E+00
  5.857542E+00  6.098121E+00
  5.907821E+00  6.236571E+00
  5.958101E+00  5.819722E+00
  6.008380E+00  5.303873E+00
  6.058659E+00  5.015032E+00
  6.108939E+00  4.513507E+00
  6.159218E+00  4.491101E+00
  6.209497E+00  3.917062E+00
  6.259777E+00  3.396710E+00
  6.310056E+00  2.874715E+00
  6.360335E+00  2.477394E+00
  6.410615E+00  1.903886E+00
  6.460894E+00  1.571101E+00
  6.511173E+00  1.493016E+00
  6.561453E+00  1.249689E+00
  6.611732E+00  1.013563E+00
  6.662011E+00  8.557040E-01
  6.712291E+00  8.897621E-01
  6.762570E+00  8.304448E-01
  6.812849E+00  9.205117E-01
  6.863128E+00  8.137535E-01
  6.913408E+00  8.644983E-01
  6.963687E+00  7.142799E-01
  7.013966E+00  6.361702E-01
  7.064246E+00  5.742972E-01
  7.114525E+00  6.322085E-01
  7.164804E+00  5.925407E-01
  7.215084E+00  5.809336E-01
  7.265363E+00  5.862446E-01
  7.315642E+00  4.533723E-01
  7.365922E+00  4.050762E-01
  7.416201E+00  3.836182E-01
  7.466480E+00  3.658534E-01
  7.516760E+00  4.107651E-01
  7.567039E+00  3.285586E-01
  7.617318E+00  3.393867E-01
  7.667598E+00  2.183158E-01
  7.717877E+00  1.387341E-01
  7.768156E+00  1.136344E-01
  7.818436E+00  6.615599E-02
  7.868715E+00  5.111472E-02
  7.918994E+00  3.364514E-02
  7.969274E+00  2.214795E-02
  8.019553E+00  1.640333E-02
  8.069832E+00  1.619957E-02
  8.120112E+00  2.133277E-02
  8.170391E+00  1.053551E-02
  8.220670E+00  1.040703E-02
  8.270950E+00  1.028088E-02
  8.321229E+00  1.269627E-02
  8.371508E+00  5.017690E-03
  8.421788E+00  2.478978E-03
  8.472067E+00  0.000000E+00
  8.522346E+00  0.000000E+00
  8.572626E+00  0.000000E+00
  8.622905E+00  0.000000E+00
  8.673184E+00  0.000000E+00
  8.723464E+00  0.000000E+00
  8.773743E+00  0.000000E+00
  8.824022E+00  0.000000E+00
  8.874302E+00  0.000000E+00
  8.924581E+00  0.000000E+00
  8.974860E+00  0.000000E+00
