amber                                                                           
         3       179
OW      OW      
  2.513966E-02  0.000000E+00
  7.541899E-02  0.000000E+00
  1.256983E-01  0.000000E+00
  1.759777E-01  0.000000E+00
  2.262570E-01  0.000000E+00
  2.765363E-01  0.000000E+00
  3.268156E-01  0.000000E+00
  3.770950E-01  0.000000E+00
  4.273743E-01  0.000000E+00
  4.776536E-01  0.000000E+00
  5.279330E-01  0.000000E+00
  5.782123E-01  0.000000E+00
  6.284916E-01  0.000000E+00
  6.787709E-01  0.000000E+00
  7.290503E-01  0.000000E+00
  7.793296E-01  0.000000E+00
  8.296089E-01  0.000000E+00
  8.798883E-01  0.000000E+00
  9.301676E-01  0.000000E+00
  9.804469E-01  0.000000E+00
  1.030726E+00  0.000000E+00
  1.081006E+00  0.000000E+00
  1.131285E+00  0.000000E+00
  1.181564E+00  0.000000E+00
  1.231844E+00  0.000000E+00
  1.282123E+00  0.000000E+00
  1.332402E+00  0.000000E+00
  1.382682E+00  0.000000E+00
  1.432961E+00  0.000000E+00
  1.483240E+00  0.000000E+00
  1.533520E+00  0.000000E+00
  1.583799E+00  0.000000E+00
  1.634078E+00  0.000000E+00
  1.684358E+00  0.000000E+00
  1.734637E+00  0.000000E+00
  1.784916E+00  0.000000E+00
  1.835196E+00  0.000000E+00
  1.885475E+00  0.000000E+00
  1.935754E+00  0.000000E+00
  1.986034E+00  0.000000E+00
  2.036313E+00  0.000000E+00
  2.086592E+00  0.000000E+00
  2.136872E+00  0.000000E+00
  2.187151E+00  0.000000E+00
  2.237430E+00  0.000000E+00
  2.287709E+00  0.000000E+00
  2.337989E+00  0.000000E+00
  2.388268E+00  0.000000E+00
  2.438547E+00  0.000000E+00
  2.488827E+00  0.000000E+00
  2.539106E+00  5.454270E-01
  2.589385E+00  2.853017E+01
  2.639665E+00  1.382778E+02
  2.689944E+00  2.592188E+02
  2.740223E+00  2.683385E+02
  2.790503E+00  2.184750E+02
  2.840782E+00  1.290656E+02
  2.891061E+00  5.831096E+01
  2.941341E+00  1.495750E+01
  2.991620E+00  3.064672E+00
  3.041899E+00  4.560308E-01
  3.092179E+00  1.471072E-01
  3.142458E+00  1.424375E-01
  3.192737E+00  1.379867E-01
  3.243017E+00  6.687064E-02
  3.293296E+00  1.945332E-01
  3.343575E+00  3.774534E-01
  3.393855E+00  2.442351E-01
  3.444134E+00  1.185782E-01
  3.494413E+00  2.303809E-01
  3.544693E+00  3.918106E-01
  3.594972E+00  5.986006E-01
  3.645251E+00  1.323185E+00
  3.695531E+00  1.287426E+00
  3.745810E+00  4.410900E+00
  3.796089E+00  4.050806E+00
  3.846369E+00  3.802984E+00
  3.896648E+00  4.631847E+00
  3.946927E+00  5.146634E+00
  3.997207E+00  7.306876E+00
  4.047486E+00  9.616439E+00
  4.097765E+00  1.005204E+01
  4.148045E+00  1.017770E+01
  4.198324E+00  1.420481E+01
  4.248603E+00  1.694862E+01
  4.298883E+00  2.043623E+01
  4.349162E+00  2.331278E+01
  4.399441E+00  2.550820E+01
  4.449721E+00  2.642685E+01
  4.500000E+00  2.549230E+01
  4.550279E+00  2.557744E+01
  4.600559E+00  2.522080E+01
  4.650838E+00  2.675936E+01
  4.701117E+00  2.809939E+01
  4.751397E+00  2.672903E+01
  4.801676E+00  2.315233E+01
  4.851955E+00  2.291398E+01
  4.902235E+00  2.203665E+01
  4.952514E+00  1.743376E+01
  5.002793E+00  1.340393E+01
  5.053073E+00  1.379957E+01
  5.103352E+00  1.101763E+01
  5.153631E+00  9.797475E+00
  5.203911E+00  7.843077E+00
  5.254190E+00  8.356060E+00
  5.304469E+00  7.723496E+00
  5.354749E+00  7.677247E+00
  5.405028E+00  7.173974E+00
  5.455307E+00  6.569705E+00
  5.505587E+00  5.870200E+00
  5.555866E+00  5.149256E+00
  5.606145E+00  4.274097E+00
  5.656425E+00  4.132507E+00
  5.706704E+00  4.427137E+00
  5.756983E+00  2.949611E+00
  5.807263E+00  3.044737E+00
  5.857542E+00  2.869704E+00
  5.907821E+00  2.115800E+00
  5.958101E+00  1.743440E+00
  6.008380E+00  1.246824E+00
  6.058659E+00  6.897465E-01
  6.108939E+00  5.276751E-01
  6.159218E+00  2.966259E-01
  6.209497E+00  2.736016E-01
  6.259777E+00  3.769136E-01
  6.310056E+00  1.589704E-01
  6.360335E+00  3.477045E-02
  6.410615E+00  3.422717E-02
  6.460894E+00  3.369653E-02
  6.511173E+00  4.976720E-02
  6.561453E+00  0.000000E+00
  6.611732E+00  0.000000E+00
  6.662011E+00  0.000000E+00
  6.712291E+00  0.000000E+00
  6.762570E+00  0.000000E+00
  6.812849E+00  0.000000E+00
  6.863128E+00  0.000000E+00
  6.913408E+00  0.000000E+00
  6.963687E+00  0.000000E+00
  7.013966E+00  0.000000E+00
  7.064246E+00  0.000000E+00
  7.114525E+00  0.000000E+00
  7.164804E+00  0.000000E+00
  7.215084E+00  0.000000E+00
  7.265363E+00  0.000000E+00
  7.315642E+00  0.000000E+00
  7.365922E+00  0.000000E+00
  7.416201E+00  0.000000E+00
  7.466480E+00  0.000000E+00
  7.516760E+00  0.000000E+00
  7.567039E+00  0.000000E+00
  7.617318E+00  0.000000E+00
  7.667598E+00  0.000000E+00
  7.717877E+00  0.000000E+00
  7.768156E+00  0.000000E+00
  7.818436E+00  0.000000E+00
  7.868715E+00  0.000000E+00
  7.918994E+00  0.000000E+00
  7.969274E+00  0.000000E+00
  8.019553E+00  0.000000E+00
  8.069832E+00  0.000000E+00
  8.120112E+00  0.000000E+00
  8.170391E+00  0.000000E+00
  8.220670E+00  0.000000E+00
  8.270950E+00  0.000000E+00
  8.321229E+00  0.000000E+00
  8.371508E+00  0.000000E+00
  8.421788E+00  0.000000E+00
  8.472067E+00  0.000000E+00
  8.522346E+00  0.000000E+00
  8.572626E+00  0.000000E+00
  8.622905E+00  0.000000E+00
  8.673184E+00  0.000000E+00
  8.723464E+00  0.000000E+00
  8.773743E+00  0.000000E+00
  8.824022E+00  0.000000E+00
  8.874302E+00  0.000000E+00
  8.924581E+00  0.000000E+00
  8.974860E+00  0.000000E+00
OW      HW      
  2.513966E-02  0.000000E+00
  7.541899E-02  0.000000E+00
  1.256983E-01  0.000000E+00
  1.759777E-01  0.000000E+00
  2.262570E-01  0.000000E+00
  2.765363E-01  0.000000E+00
  3.268156E-01  0.000000E+00
  3.770950E-01  0.000000E+00
  4.273743E-01  0.000000E+00
  4.776536E-01  0.000000E+00
  5.279330E-01  0.000000E+00
  5.782123E-01  0.000000E+00
  6.284916E-01  0.000000E+00
  6.787709E-01  0.000000E+00
  7.290503E-01  0.000000E+00
  7.793296E-01  0.000000E+00
  8.296089E-01  0.000000E+00
  8.798883E-01  0.000000E+00
  9.301676E-01  0.000000E+00
  9.804469E-01  0.000000E+00
  1.030726E+00  0.000000E+00
  1.081006E+00  0.000000E+00
  1.131285E+00  0.000000E+00
  1.181564E+00  0.000000E+00
  1.231844E+00  0.000000E+00
  1.282123E+00  0.000000E+00
  1.332402E+00  0.000000E+00
  1.382682E+00  0.000000E+00
  1.432961E+00  0.000000E+00
  1.483240E+00  0.000000E+00
  1.533520E+00  0.000000E+00
  1.583799E+00  4.205303E-01
  1.634078E+00  1.237829E+01
  1.684358E+00  6.519248E+01
  1.734637E+00  1.353820E+02
  1.784916E+00  1.567244E+02
  1.835196E+00  1.282092E+02
  1.885475E+00  8.422286E+01
  1.935754E+00  4.344789E+01
  1.986034E+00  1.591309E+01
  2.036313E+00  4.452058E+00
  2.086592E+00  1.534511E+00
  2.136872E+00  4.620479E-01
  2.187151E+00  0.000000E+00
  2.237430E+00  0.000000E+00
  2.287709E+00  0.000000E+00
  2.337989E+00  0.000000E+00
  2.388268E+00  0.000000E+00
  2.438547E+00  2.956683E-02
  2.488827E+00  2.838432E-02
  2.539106E+00  2.727135E-02
  2.589385E+00  5.244517E-02
  2.639665E+00  7.569952E-02
  2.689944E+00  2.186885E-01
  2.740223E+00  7.492874E-01
  2.790503E+00  2.980436E+00
  2.840782E+00  7.320397E+00
  2.891061E+00  1.792242E+01
  2.941341E+00  3.139856E+01
  2.991620E+00  4.950625E+01
  3.041899E+00  6.118414E+01
  3.092179E+00  6.187695E+01
  3.142458E+00  5.725987E+01
  3.192737E+00  4.915776E+01
  3.243017E+00  4.054033E+01
  3.293296E+00  3.425406E+01
  3.343575E+00  3.224081E+01
  3.393855E+00  3.074310E+01
  3.444134E+00  3.203093E+01
  3.494413E+00  3.412517E+01
  3.544693E+00  3.561278E+01
  3.594972E+00  3.148095E+01
  3.645251E+00  2.748256E+01
  3.695531E+00  2.204073E+01
  3.745810E+00  1.799447E+01
  3.796089E+00  1.445845E+01
  3.846369E+00  1.339364E+01
  3.896648E+00  1.318918E+01
  3.946927E+00  1.286658E+01
  3.997207E+00  1.158756E+01
  4.047486E+00  1.090435E+01
  4.097765E+00  1.029287E+01
  4.148045E+00  9.186500E+00
  4.198324E+00  8.878007E+00
  4.248603E+00  9.195114E+00
  4.298883E+00  8.962256E+00
  4.349162E+00  9.574228E+00
  4.399441E+00  1.001978E+01
  4.449721E+00  1.149959E+01
  4.500000E+00  1.223387E+01
  4.550279E+00  1.235563E+01
  4.600559E+00  1.368204E+01
  4.650838E+00  1.407874E+01
  4.701117E+00  1.374738E+01
  4.751397E+00  1.387854E+01
  4.801676E+00  1.407747E+01
  4.851955E+00  1.395900E+01
  4.902235E+00  1.420091E+01
  4.952514E+00  1.427246E+01
  5.002793E+00  1.387461E+01
  5.053073E+00  1.378580E+01
  5.103352E+00  1.382605E+01
  5.153631E+00  1.249178E+01
  5.203911E+00  1.223208E+01
  5.254190E+00  1.203094E+01
  5.304469E+00  1.075416E+01
  5.354749E+00  1.036306E+01
  5.405028E+00  9.665606E+00
  5.455307E+00  9.086516E+00
  5.505587E+00  7.906208E+00
  5.555866E+00  7.296679E+00
  5.606145E+00  6.562193E+00
  5.656425E+00  5.956964E+00
  5.706704E+00  5.512325E+00
  5.756983E+00  5.114073E+00
  5.807263E+00  4.384630E+00
  5.857542E+00  4.130324E+00
  5.907821E+00  3.460844E+00
  5.958101E+00  2.902431E+00
  6.008380E+00  2.683594E+00
  6.058659E+00  2.624869E+00
  6.108939E+00  2.252042E+00
  6.159218E+00  2.280311E+00
  6.209497E+00  2.243533E+00
  6.259777E+00  2.283917E+00
  6.310056E+00  1.894398E+00
  6.360335E+00  1.899336E+00
  6.410615E+00  1.583007E+00
  6.460894E+00  1.461587E+00
  6.511173E+00  1.368598E+00
  6.561453E+00  1.327284E+00
  6.611732E+00  1.053783E+00
  6.662011E+00  8.042033E-01
  6.712291E+00  6.907364E-01
  6.762570E+00  7.151053E-01
  6.812849E+00  4.924548E-01
  6.863128E+00  2.687626E-01
  6.913408E+00  1.765784E-01
  6.963687E+00  1.450314E-01
  7.013966E+00  1.358116E-01
  7.064246E+00  4.580285E-02
  7.114525E+00  3.126306E-02
  7.164804E+00  3.425091E-02
  7.215084E+00  1.351008E-02
  7.265363E+00  6.661870E-03
  7.315642E+00  9.855920E-03
  7.365922E+00  3.240609E-03
  7.416201E+00  0.000000E+00
  7.466480E+00  0.000000E+00
  7.516760E+00  0.000000E+00
  7.567039E+00  0.000000E+00
  7.617318E+00  0.000000E+00
  7.667598E+00  0.000000E+00
  7.717877E+00  0.000000E+00
  7.768156E+00  0.000000E+00
  7.818436E+00  0.000000E+00
  7.868715E+00  0.000000E+00
  7.918994E+00  0.000000E+00
  7.969274E+00  0.000000E+00
  8.019553E+00  0.000000E+00
  8.069832E+00  0.000000E+00
  8.120112E+00  0.000000E+00
  8.170391E+00  0.000000E+00
  8.220670E+00  0.000000E+00
  8.270950E+00  0.000000E+00
  8.321229E+00  0.000000E+00
  8.371508E+00  0.000000E+00
  8.421788E+00  0.000000E+00
  8.472067E+00  0.000000E+00
  8.522346E+00  0.000000E+00
  8.572626E+00  0.000000E+00
  8.622905E+00  0.000000E+00
  8.673184E+00  0.000000E+00
  8.723464E+00  0.000000E+00
  8.773743E+00  0.000000E+00
  8.824022E+00  0.000000E+00
  8.874302E+00  0.000000E+00
  8.924581E+00  0.000000E+00
  8.974860E+00  0.000000E+00
HW      HW      
  2.513966E-02  0.000000E+00
  7.541899E-02  0.000000E+00
  1.256983E-01  0.000000E+00
  1.759777E-01  0.000000E+00
  2.262570E-01  0.000000E+00
  2.765363E-01  0.000000E+00
  3.268156E-01  0.000000E+00
  3.770950E-01  0.000000E+00
  4.273743E-01  0.000000E+00
  4.776536E-01  0.000000E+00
  5.279330E-01  0.000000E+00
  5.782123E-01  0.000000E+00
  6.284916E-01  0.000000E+00
  6.787709E-01  0.000000E+00
  7.290503E-01  0.000000E+00
  7.793296E-01  0.000000E+00
  8.296089E-01  0.000000E+00
  8.798883E-01  0.000000E+00
  9.301676E-01  0.000000E+00
  9.804469E-01  0.000000E+00
  1.030726E+00  0.000000E+00
  1.081006E+00  0.000000E+00
  1.131285E+00  0.000000E+00
  1.181564E+00  0.000000E+00
  1.231844E+00  0.000000E+00
  1.282123E+00  0.000000E+00
  1.332402E+00  0.000000E+00
  1.382682E+00  0.000000E+00
  1.432961E+00  0.000000E+00
  1.483240E+00  0.000000E+00
  1.533520E+00  0.000000E+00
  1.583799E+00  0.000000E+00
  1.634078E+00  0.000000E+00
  1.684358E+00  0.000000E+00
  1.734637E+00  1.168598E-01
  1.784916E+00  0.000000E+00
  1.835196E+00  2.088097E-01
  1.885475E+00  7.418338E-01
  1.935754E+00  1.970639E+00
  1.986034E+00  5.438086E+00
  2.036313E+00  1.106654E+01
  2.086592E+00  1.869680E+01
  2.136872E+00  3.130374E+01
  2.187151E+00  4.472976E+01
  2.237430E+00  5.661485E+01
  2.287709E+00  6.224991E+01
  2.337989E+00  6.149911E+01
  2.388268E+00  6.152631E+01
  2.438547E+00  5.514214E+01
  2.488827E+00  5.512234E+01
  2.539106E+00  5.511540E+01
  2.589385E+00  5.708657E+01
  2.639665E+00  4.809443E+01
  2.689944E+00  3.734713E+01
  2.740223E+00  2.559285E+01
  2.790503E+00  1.508281E+01
  2.840782E+00  7.429332E+00
  2.891061E+00  3.092248E+00
  2.941341E+00  1.463234E+00
  2.991620E+00  1.473400E+00
  3.041899E+00  1.254085E+00
  3.092179E+00  1.673344E+00
  3.142458E+00  2.385828E+00
  3.192737E+00  3.328929E+00
  3.243017E+00  4.864839E+00
  3.293296E+00  6.452019E+00
  3.343575E+00  8.476975E+00
  3.393855E+00  1.137220E+01
  3.444134E+00  1.537070E+01
  3.494413E+00  2.095026E+01
  3.544693E+00  2.749670E+01
  3.594972E+00  3.467802E+01
  3.645251E+00  3.911336E+01
  3.695531E+00  4.108176E+01
  3.745810E+00  4.329449E+01
  3.796089E+00  4.039825E+01
  3.846369E+00  3.578371E+01
  3.896648E+00  3.022280E+01
  3.946927E+00  2.457066E+01
  3.997207E+00  2.061111E+01
  4.047486E+00  1.659265E+01
  4.097765E+00  1.440792E+01
  4.148045E+00  1.322284E+01
  4.198324E+00  1.231948E+01
  4.248603E+00  1.160104E+01
  4.298883E+00  1.122660E+01
  4.349162E+00  1.129387E+01
  4.399441E+00  1.071018E+01
  4.449721E+00  1.090463E+01
  4.500000E+00  1.166082E+01
  4.550279E+00  1.190557E+01
  4.600559E+00  1.179629E+01
  4.650838E+00  1.170519E+01
  4.701117E+00  1.208465E+01
  4.751397E+00  1.157323E+01
  4.801676E+00  1.125587E+01
  4.851955E+00  1.130015E+01
  4.902235E+00  1.049155E+01
  4.952514E+00  9.770646E+00
  5.002793E+00  8.886778E+00
  5.053073E+00  8.703922E+00
  5.103352E+00  8.404993E+00
  5.153631E+00  8.135876E+00
  5.203911E+00  8.057333E+00
  5.254190E+00  8.585342E+00
  5.304469E+00  8.954506E+00
  5.354749E+00  8.327238E+00
  5.405028E+00  8.413772E+00
  5.455307E+00  8.330291E+00
  5.505587E+00  8.033821E+00
  5.555866E+00  7.769453E+00
  5.606145E+00  7.362187E+00
  5.656425E+00  7.160447E+00
  5.706704E+00  6.602912E+00
  5.756983E+00  6.721505E+00
  5.807263E+00  5.896571E+00
  5.857542E+00  5.841898E+00
  5.907821E+00  5.757998E+00
  5.958101E+00  5.373956E+00
  6.008380E+00  5.367189E+00
  6.058659E+00  5.197048E+00
  6.108939E+00  4.810324E+00
  6.159218E+00  4.347423E+00
  6.209497E+00  3.857782E+00
  6.259777E+00  3.289020E+00
  6.310056E+00  3.099924E+00
  6.360335E+00  2.681671E+00
  6.410615E+00  2.203374E+00
  6.460894E+00  2.093397E+00
  6.511173E+00  1.484721E+00
  6.561453E+00  1.384459E+00
  6.611732E+00  1.106070E+00
  6.662011E+00  9.547438E-01
  6.712291E+00  8.312251E-01
  6.762570E+00  6.612802E-01
  6.812849E+00  7.197417E-01
  6.863128E+00  7.092347E-01
  6.913408E+00  7.173497E-01
  6.963687E+00  7.577893E-01
  7.013966E+00  7.255200E-01
  7.064246E+00  6.518098E-01
  7.114525E+00  6.356821E-01
  7.164804E+00  6.233665E-01
  7.215084E+00  5.606685E-01
  7.265363E+00  5.695899E-01
  7.315642E+00  4.500870E-01
  7.365922E+00  4.115574E-01
  7.416201E+00  4.411609E-01
  7.466480E+00  3.343143E-01
  7.516760E+00  3.329687E-01
  7.567039E+00  2.395100E-01
  7.617318E+00  1.636329E-01
  7.667598E+00  1.704658E-01
  7.717877E+00  6.789115E-02
  7.768156E+00  5.244664E-02
  7.818436E+00  3.739252E-02
  7.868715E+00  1.987795E-02
  7.918994E+00  1.401881E-02
  7.969274E+00  1.661097E-02
  8.019553E+00  1.093555E-02
  8.069832E+00  2.699928E-03
  8.120112E+00  0.000000E+00
  8.170391E+00  0.000000E+00
  8.220670E+00  0.000000E+00
  8.270950E+00  0.000000E+00
  8.321229E+00  0.000000E+00
  8.371508E+00  0.000000E+00
  8.421788E+00  0.000000E+00
  8.472067E+00  0.000000E+00
  8.522346E+00  0.000000E+00
  8.572626E+00  0.000000E+00
  8.622905E+00  0.000000E+00
  8.673184E+00  0.000000E+00
  8.723464E+00  0.000000E+00
  8.773743E+00  0.000000E+00
  8.824022E+00  0.000000E+00
  8.874302E+00  0.000000E+00
  8.924581E+00  0.000000E+00
  8.974860E+00  0.000000E+00
