amber                                                                           
         2         2        18  -18887.5502714    
     25.196959335562      0.000000000000      0.000000000000
      0.000000000000     25.196959335562      0.000000000000
      0.000000000000      0.000000000000     25.196959335562
OW               1
    -7.838452022         12.55130851         8.184125283    
  -1.95751839284       2.88787660751       1.14349648190    
  -6582.28140343      -6599.36026052      -4766.48659302    
HW               2
    -6.994840110        -12.54649103         8.625485347    
  -1.10051334876      -1.34743644455      0.456966492141    
   7259.64502344       4176.16724269       4027.25477596    
HW               3
    -8.236600974        -11.77630727         8.229198937    
 -0.501054991836       3.22695942978       7.46891907673    
   1755.16552212       1095.08404606       1052.39999199    
OW               4
    -3.936069898         8.808133044         10.03624281    
  0.362962486914     -0.693134298483      -1.65681332948    
   10060.3697214       8331.15969541       5871.32765553    
HW               5
    -3.660743748         8.153330477         10.67791371    
  -1.79047954178       7.01816125317       7.13628460725    
  -1614.52232588      -1868.32744361      -588.222556111    
HW               6
    -4.596253460         8.361781775         9.505921543    
  -1.42033103184      -5.50531185305       4.61339082376    
  -7903.28992173      -6221.87815411      -4832.35117188    
OW               7
    -7.102709754         9.796547426         7.345985884    
   1.48146913324     -0.605806083406      -2.16440921091    
   2795.78714753      -7082.11367411      -611.963831316    
HW               8
    -7.463340991         9.868662380         6.462211607    
   8.50198309029      0.223587770100      -4.96150909620    
  -1170.30626250       2913.01494056      -345.956027607    
HW               9
    -7.381777723         10.59987405         7.785417155    
 -0.158263868145     -0.713121746728E-02  -4.30018897310    
  -2998.42972167       7466.62637719       532.075490866    
OW              10
    -5.339706401        -12.09731575         9.474753460    
  0.433664838669     -0.297660906167      -2.74311568194    
  -15203.6880466       8774.87842923      -1175.65202925    
HW              11
    -4.603015990         12.54360666         9.220937388    
  -5.50542312134      -11.6267996958       4.83776911646    
   8845.95837818      -6814.87173734       1095.69454578    
HW              12
    -5.188899257        -11.90691108         10.40066690    
   3.81368516181       12.7941830044      -5.98583722095    
   2991.66250397      -1555.58162758       269.704649914    
OW              13
    -5.912414408         7.754477876         8.559921698    
  0.750916902491     -0.808333030168       2.40233604799    
   8789.91460348      -11586.0586101       7982.88730626    
HW              14
    -6.233283639         8.578034630         8.192349069    
  -3.33131637492       1.40069796129       10.9152807150    
  -6866.65295006       7800.11780652      -6294.35290971    
HW              15
    -6.582671812         7.111251737         8.328994037    
   2.07935421762     -0.992577840093     -0.940199307821    
  -1715.85910541       1775.99140285      -1486.40490722    
OW              16
    -3.385372191         11.31924556         9.202971593    
 -0.875812384044     -0.842286038242       2.01694081983    
   2195.76746659       13450.1587985      -3565.49812353    
HW              17
    -2.861316477         11.10637126         8.430726445    
  -3.75386739209       3.48879205015      -1.13003446297    
   347.966336007      -3072.02401769       305.587107727    
HW              18
    -3.613799593         10.46944583         9.579765677    
  0.599628778160E-01  -2.96890329919      -2.21200577462    
  -987.206965458      -10982.9832139       2529.95662561    
