amber                                                                           
         2       128
OW      
 -6.350000E+00  0.000000E+00
 -6.250000E+00  0.000000E+00
 -6.150000E+00  0.000000E+00
 -6.050000E+00  0.000000E+00
 -5.950000E+00  0.000000E+00
 -5.850000E+00  0.000000E+00
 -5.750000E+00  0.000000E+00
 -5.650000E+00  0.000000E+00
 -5.550000E+00  0.000000E+00
 -5.450000E+00  0.000000E+00
 -5.350000E+00  0.000000E+00
 -5.250000E+00  0.000000E+00
 -5.150000E+00  0.000000E+00
 -5.050000E+00  0.000000E+00
 -4.950000E+00  0.000000E+00
 -4.850000E+00  0.000000E+00
 -4.750000E+00  0.000000E+00
 -4.650000E+00  0.000000E+00
 -4.550000E+00  0.000000E+00
 -4.450000E+00  0.000000E+00
 -4.350000E+00  0.000000E+00
 -4.250000E+00  0.000000E+00
 -4.150000E+00  0.000000E+00
 -4.050000E+00  0.000000E+00
 -3.950000E+00  0.000000E+00
 -3.850000E+00  0.000000E+00
 -3.750000E+00  0.000000E+00
 -3.650000E+00  0.000000E+00
 -3.550000E+00  0.000000E+00
 -3.450000E+00  0.000000E+00
 -3.350000E+00  0.000000E+00
 -3.250000E+00  0.000000E+00
 -3.150000E+00  0.000000E+00
 -3.050000E+00  0.000000E+00
 -2.950000E+00  0.000000E+00
 -2.850000E+00  0.000000E+00
 -2.750000E+00  0.000000E+00
 -2.650000E+00  0.000000E+00
 -2.550000E+00  0.000000E+00
 -2.450000E+00  0.000000E+00
 -2.350000E+00  0.000000E+00
 -2.250000E+00  0.000000E+00
 -2.150000E+00  0.000000E+00
 -2.050000E+00  0.000000E+00
 -1.950000E+00  0.000000E+00
 -1.850000E+00  0.000000E+00
 -1.750000E+00  0.000000E+00
 -1.650000E+00  0.000000E+00
 -1.550000E+00  0.000000E+00
 -1.450000E+00  0.000000E+00
 -1.350000E+00  0.000000E+00
 -1.250000E+00  0.000000E+00
 -1.150000E+00  0.000000E+00
 -1.050000E+00  0.000000E+00
 -9.500000E-01  0.000000E+00
 -8.500000E-01  0.000000E+00
 -7.500000E-01  0.000000E+00
 -6.500000E-01  0.000000E+00
 -5.500000E-01  0.000000E+00
 -4.500000E-01  0.000000E+00
 -3.500000E-01  0.000000E+00
 -2.500000E-01  0.000000E+00
 -1.500000E-01  0.000000E+00
 -5.000000E-02  0.000000E+00
  5.000000E-02  0.000000E+00
  1.500000E-01  0.000000E+00
  2.500000E-01  0.000000E+00
  3.500000E-01  0.000000E+00
  4.500000E-01  0.000000E+00
  5.500000E-01  0.000000E+00
  6.500000E-01  0.000000E+00
  7.500000E-01  0.000000E+00
  8.500000E-01  0.000000E+00
  9.500000E-01  0.000000E+00
  1.050000E+00  0.000000E+00
  1.150000E+00  0.000000E+00
  1.250000E+00  0.000000E+00
  1.350000E+00  0.000000E+00
  1.450000E+00  0.000000E+00
  1.550000E+00  0.000000E+00
  1.650000E+00  0.000000E+00
  1.750000E+00  0.000000E+00
  1.850000E+00  0.000000E+00
  1.950000E+00  0.000000E+00
  2.050000E+00  0.000000E+00
  2.150000E+00  0.000000E+00
  2.250000E+00  0.000000E+00
  2.350000E+00  0.000000E+00
  2.450000E+00  0.000000E+00
  2.550000E+00  0.000000E+00
  2.650000E+00  0.000000E+00
  2.750000E+00  0.000000E+00
  2.850000E+00  0.000000E+00
  2.950000E+00  0.000000E+00
  3.050000E+00  0.000000E+00
  3.150000E+00  0.000000E+00
  3.250000E+00  0.000000E+00
  3.350000E+00  0.000000E+00
  3.450000E+00  0.000000E+00
  3.550000E+00  0.000000E+00
  3.650000E+00  0.000000E+00
  3.750000E+00  0.000000E+00
  3.850000E+00  0.000000E+00
  3.950000E+00  0.000000E+00
  4.050000E+00  0.000000E+00
  4.150000E+00  0.000000E+00
  4.250000E+00  0.000000E+00
  4.350000E+00  0.000000E+00
  4.450000E+00  0.000000E+00
  4.550000E+00  0.000000E+00
  4.650000E+00  0.000000E+00
  4.750000E+00  0.000000E+00
  4.850000E+00  0.000000E+00
  4.950000E+00  0.000000E+00
  5.050000E+00  0.000000E+00
  5.150000E+00  0.000000E+00
  5.250000E+00  0.000000E+00
  5.350000E+00  0.000000E+00
  5.450000E+00  0.000000E+00
  5.550000E+00  0.000000E+00
  5.650000E+00  0.000000E+00
  5.750000E+00  1.240216E-05
  5.850000E+00  6.361107E-05
  5.950000E+00  1.964342E-04
  6.050000E+00  1.956340E-04
  6.150000E+00  3.572622E-04
  6.250000E+00  4.208732E-04
  6.350000E+00  6.569143E-04
HW      
 -6.350000E+00  0.000000E+00
 -6.250000E+00  0.000000E+00
 -6.150000E+00  0.000000E+00
 -6.050000E+00  0.000000E+00
 -5.950000E+00  0.000000E+00
 -5.850000E+00  0.000000E+00
 -5.750000E+00  0.000000E+00
 -5.650000E+00  0.000000E+00
 -5.550000E+00  0.000000E+00
 -5.450000E+00  0.000000E+00
 -5.350000E+00  0.000000E+00
 -5.250000E+00  0.000000E+00
 -5.150000E+00  0.000000E+00
 -5.050000E+00  0.000000E+00
 -4.950000E+00  0.000000E+00
 -4.850000E+00  0.000000E+00
 -4.750000E+00  0.000000E+00
 -4.650000E+00  0.000000E+00
 -4.550000E+00  0.000000E+00
 -4.450000E+00  0.000000E+00
 -4.350000E+00  0.000000E+00
 -4.250000E+00  0.000000E+00
 -4.150000E+00  0.000000E+00
 -4.050000E+00  0.000000E+00
 -3.950000E+00  0.000000E+00
 -3.850000E+00  0.000000E+00
 -3.750000E+00  0.000000E+00
 -3.650000E+00  0.000000E+00
 -3.550000E+00  0.000000E+00
 -3.450000E+00  0.000000E+00
 -3.350000E+00  0.000000E+00
 -3.250000E+00  0.000000E+00
 -3.150000E+00  0.000000E+00
 -3.050000E+00  0.000000E+00
 -2.950000E+00  0.000000E+00
 -2.850000E+00  0.000000E+00
 -2.750000E+00  0.000000E+00
 -2.650000E+00  0.000000E+00
 -2.550000E+00  0.000000E+00
 -2.450000E+00  0.000000E+00
 -2.350000E+00  0.000000E+00
 -2.250000E+00  0.000000E+00
 -2.150000E+00  0.000000E+00
 -2.050000E+00  0.000000E+00
 -1.950000E+00  0.000000E+00
 -1.850000E+00  0.000000E+00
 -1.750000E+00  0.000000E+00
 -1.650000E+00  0.000000E+00
 -1.550000E+00  0.000000E+00
 -1.450000E+00  0.000000E+00
 -1.350000E+00  0.000000E+00
 -1.250000E+00  0.000000E+00
 -1.150000E+00  0.000000E+00
 -1.050000E+00  0.000000E+00
 -9.500000E-01  0.000000E+00
 -8.500000E-01  0.000000E+00
 -7.500000E-01  0.000000E+00
 -6.500000E-01  0.000000E+00
 -5.500000E-01  0.000000E+00
 -4.500000E-01  0.000000E+00
 -3.500000E-01  0.000000E+00
 -2.500000E-01  0.000000E+00
 -1.500000E-01  0.000000E+00
 -5.000000E-02  0.000000E+00
  5.000000E-02  0.000000E+00
  1.500000E-01  0.000000E+00
  2.500000E-01  0.000000E+00
  3.500000E-01  0.000000E+00
  4.500000E-01  0.000000E+00
  5.500000E-01  0.000000E+00
  6.500000E-01  0.000000E+00
  7.500000E-01  0.000000E+00
  8.500000E-01  0.000000E+00
  9.500000E-01  0.000000E+00
  1.050000E+00  0.000000E+00
  1.150000E+00  0.000000E+00
  1.250000E+00  0.000000E+00
  1.350000E+00  0.000000E+00
  1.450000E+00  0.000000E+00
  1.550000E+00  0.000000E+00
  1.650000E+00  0.000000E+00
  1.750000E+00  0.000000E+00
  1.850000E+00  0.000000E+00
  1.950000E+00  0.000000E+00
  2.050000E+00  0.000000E+00
  2.150000E+00  0.000000E+00
  2.250000E+00  0.000000E+00
  2.350000E+00  0.000000E+00
  2.450000E+00  0.000000E+00
  2.550000E+00  0.000000E+00
  2.650000E+00  0.000000E+00
  2.750000E+00  0.000000E+00
  2.850000E+00  0.000000E+00
  2.950000E+00  0.000000E+00
  3.050000E+00  0.000000E+00
  3.150000E+00  0.000000E+00
  3.250000E+00  0.000000E+00
  3.350000E+00  0.000000E+00
  3.450000E+00  0.000000E+00
  3.550000E+00  0.000000E+00
  3.650000E+00  0.000000E+00
  3.750000E+00  0.000000E+00
  3.850000E+00  0.000000E+00
  3.950000E+00  0.000000E+00
  4.050000E+00  0.000000E+00
  4.150000E+00  0.000000E+00
  4.250000E+00  0.000000E+00
  4.350000E+00  0.000000E+00
  4.450000E+00  0.000000E+00
  4.550000E+00  0.000000E+00
  4.650000E+00  0.000000E+00
  4.750000E+00  0.000000E+00
  4.850000E+00  0.000000E+00
  4.950000E+00  6.401114E-06
  5.050000E+00  8.801532E-06
  5.150000E+00  4.520787E-05
  5.250000E+00  1.108193E-04
  5.350000E+00  1.140198E-04
  5.450000E+00  2.684467E-04
  5.550000E+00  6.489129E-04
  5.650000E+00  8.157419E-04
  5.750000E+00  6.821187E-04
  5.850000E+00  6.921204E-04
  5.950000E+00  4.704819E-04
  6.050000E+00  6.429119E-04
  6.150000E+00  7.085233E-04
  6.250000E+00  5.264916E-04
  6.350000E+00  4.928858E-04
