  2.4863E+00  1.2077E+01  7.1306E-01
  2.5102E+00  1.2417E+01  1.7958E-01
  2.2298E+00  1.1995E+01 -6.3624E-01
  2.9066E+00  1.1075E+01 -5.3993E-01
  2.9414E+00  1.1121E+01 -5.4089E-01
  3.1160E+00  1.0920E+01 -4.6191E-01
  3.3319E+00  1.0573E+01 -2.3585E-01
  3.5627E+00  1.0482E+01 -9.8940E-02
  3.6795E+00  1.0326E+01 -2.7266E-01
  3.9705E+00  1.0155E+01 -8.6367E-02
  4.2557E+00  1.0015E+01 -1.5354E-01
  4.5218E+00  9.7729E+00 -1.4386E-01
  4.6318E+00  9.6189E+00 -1.7445E-01
  4.7228E+00  9.7316E+00 -1.1470E-01
  4.6972E+00  9.8037E+00 -8.5918E-02
  4.6792E+00  9.7927E+00  2.1730E-02
  4.7561E+00  9.7843E+00  4.4276E-02
  4.7358E+00  9.7416E+00  4.7008E-02
  4.7641E+00  9.7436E+00  9.8258E-02
  4.7043E+00  9.7839E+00  1.5056E-01
  4.6150E+00  9.8637E+00  7.6411E-02
  4.6274E+00  9.8413E+00  1.0814E-01
  4.7550E+00  9.8448E+00  1.7512E-01
  4.6301E+00  9.9052E+00  1.5681E-01
  4.4047E+00  9.9113E+00  7.8426E-02
  4.2942E+00  1.0000E+01  2.6742E-01
  4.1817E+00  1.0021E+01  4.0486E-01
  4.1696E+00  1.0308E+01  7.1005E-01
  3.8402E+00  1.0529E+01  1.1021E+00
  3.6240E+00  1.0604E+01  1.1277E+00
  3.3059E+00  1.0805E+01  1.4205E+00
  3.0107E+00  1.1055E+01  1.4579E+00
  3.5958E+00  1.1783E+01  6.8983E-01
  3.9009E+00  1.1425E+01 -9.1377E-03
  3.8882E+00  1.2034E+01  4.4610E-01
  3.2168E+00  1.2148E+01  7.9295E-01
  3.2682E+00  1.1967E+01  8.6313E-01
  4.0266E+00  1.2077E+01  4.7310E-01
  4.3268E+00  1.1869E+01  9.9020E-02
  4.3016E+00  1.2020E+01  4.7200E-01
  3.6661E+00  1.2278E+01  7.8420E-01
  3.7600E+00  1.2338E+01  7.3831E-01
  4.0219E+00  1.2147E+01  8.3788E-01
  3.8759E+00  1.2090E+01  9.0125E-01
  3.8293E+00  1.2140E+01  8.0626E-01
  3.7382E+00  1.2048E+01  9.4931E-01
  3.6579E+00  1.1980E+01  8.0788E-01
  3.3589E+00  1.1946E+01  9.0713E-01
  2.6376E+00  1.1636E+01  1.2943E+00
  1.7240E+00  1.0963E+01  1.0018E+00
  1.3848E+00  1.0359E+01  9.9479E-01
  1.0337E+00  1.0437E+01  1.1635E+00
  1.2523E+00  1.0588E+01  1.5040E+00
  1.4660E+00  1.0925E+01  1.2216E+00
  1.5437E+00  1.0732E+01  9.8706E-01
  1.4827E+00  1.0303E+01  9.8775E-01
  1.7239E+00  1.0229E+01  7.3412E-01
  2.1374E+00  1.0032E+01  5.7179E-01
  2.5860E+00  9.7853E+00  3.9608E-01
  3.1382E+00  9.8078E+00  1.8810E-01
  2.9596E+00  9.4517E+00 -5.5204E-02
  3.0404E+00  9.4560E+00 -1.1841E-02
  2.5995E+00  9.3967E+00  3.1785E-02
  2.9912E+00  9.4899E+00 -2.5879E-01
  2.7145E+00  9.4328E+00 -1.2910E-01
  2.6031E+00  9.4563E+00 -2.0465E-01
  2.5902E+00  9.5852E+00 -4.1676E-01
  2.4669E+00  9.6529E+00 -8.0404E-02
  2.5112E+00  9.8235E+00 -7.5107E-02
  2.6165E+00  9.8862E+00 -1.2147E-01
  3.0207E+00  9.9408E+00 -2.1084E-01
  2.8865E+00  1.0029E+01 -1.0256E-01
  3.0755E+00  1.0132E+01 -1.6799E-01
  3.1539E+00  9.9866E+00 -2.8649E-01
  3.0558E+00  9.9863E+00 -2.1050E-01
  3.2605E+00  9.8486E+00 -2.0296E-01
  3.1868E+00  9.6971E+00 -2.2763E-01
  3.3706E+00  9.6552E+00 -1.6753E-01
  3.2357E+00  9.5447E+00 -2.7470E-01
  3.1969E+00  9.6705E+00 -3.1231E-01
  3.1498E+00  9.7006E+00 -3.6883E-01
  3.1885E+00  9.7166E+00 -5.6854E-01
  3.1711E+00  9.8360E+00 -3.9666E-01
  2.6902E+00  9.6900E+00 -3.7251E-01
  2.5596E+00  9.6174E+00 -4.4787E-01
  2.4967E+00  9.9000E+00 -5.4695E-01
  2.7258E+00  1.0057E+01 -7.4231E-01
  2.4382E+00  9.8167E+00 -4.4805E-01
  2.4204E+00  9.5112E+00 -5.4352E-01
  2.3937E+00  9.0373E+00 -6.1261E-01
  2.3896E+00  9.1362E+00 -4.5904E-01
  2.2616E+00  9.1205E+00 -6.0092E-01
  1.9549E+00  8.9008E+00 -4.7178E-01
  2.1486E+00  9.0723E+00 -5.9494E-01
  2.1712E+00  8.9353E+00 -5.7418E-01
  1.9867E+00  9.0439E+00 -3.4878E-01
  2.0133E+00  9.3724E+00 -1.4003E-01
  2.0727E+00  9.3466E+00  2.0380E-01
  2.1887E+00  9.5312E+00  1.7507E-01
  2.5132E+00  1.0010E+01  6.1267E-02
  2.1703E+00  9.7815E+00  3.3525E-01
  2.2435E+00  9.5701E+00  2.2538E-01
  2.3523E+00  9.7512E+00  2.2164E-01
  2.0921E+00  9.4797E+00  2.1038E-01
  2.5674E+00  9.7844E+00 -1.1098E-01
  2.4211E+00  9.0894E+00 -2.4389E-01
  2.5571E+00  9.0949E+00 -3.7485E-01
  2.6667E+00  9.4007E+00 -4.0215E-01
  2.3563E+00  8.9952E+00 -1.5876E-02
  2.7900E+00  9.4625E+00 -3.2893E-01
  2.4615E+00  9.4634E+00 -5.8671E-02
  2.4003E+00  9.4017E+00  8.8558E-03
  2.6696E+00  9.7635E+00 -1.3346E-01
  2.2748E+00  9.4890E+00  1.8118E-01
  2.0063E+00  9.1111E+00  3.1022E-01
  2.0200E+00  9.4086E+00  2.4505E-01
  2.0008E+00  9.5578E+00  1.5276E-01
  1.8164E+00  9.2760E+00  6.2519E-02
  2.1117E+00  9.9430E+00 -5.6166E-03
  2.3262E+00  1.0122E+01 -2.8153E-02
  2.0506E+00  9.2813E+00  3.0301E-01
  2.3639E+00  9.5584E+00  1.0221E-01
  2.5655E+00  9.5161E+00  6.2870E-02
  2.5296E+00  9.2425E+00 -3.1881E-02
  3.0166E+00  9.8220E+00 -2.7956E-01
  2.3014E+00  9.3793E+00 -6.2255E-02
  2.1304E+00  9.4369E+00  1.1409E-01
  2.4086E+00  9.7284E+00 -1.3193E-01
  1.8798E+00  9.0774E+00  2.2659E-01
  2.3039E+00  9.4566E+00  8.1337E-02
  2.3380E+00  9.1415E+00  1.0006E-01
  2.2555E+00  8.8106E+00  3.8950E-01
  2.4184E+00  9.2563E+00  3.5840E-01
  2.0292E+00  8.7898E+00  9.0480E-01
  2.0382E+00  8.9646E+00  7.1721E-01
  2.1599E+00  9.3958E+00  5.2718E-01
  1.9793E+00  8.9904E+00  4.4488E-01
  2.2927E+00  9.5462E+00  1.8068E-01
  2.4294E+00  9.7752E+00  1.8458E-01
  2.1131E+00  9.1300E+00  4.7412E-01
  2.6684E+00  9.7219E+00  3.2100E-01
  2.4807E+00  9.5828E+00  4.2564E-01
  2.7439E+00  9.8397E+00  8.4041E-03
  2.8911E+00  9.9001E+00  2.9051E-01
  2.4402E+00  9.6173E+00  1.6970E-01
  2.3937E+00  9.6279E+00  2.9836E-01
  2.0437E+00  9.1789E+00  5.5777E-01
  2.0709E+00  8.8901E+00  7.5893E-01
  2.1547E+00  8.9295E+00  4.7629E-01
  2.3136E+00  8.9249E+00  6.0870E-01
  2.3572E+00  8.7124E+00  5.8400E-01
  2.6444E+00  9.0711E+00  3.2042E-01
  2.7327E+00  9.0128E+00  2.1582E-01
  2.6533E+00  9.1723E+00 -3.4713E-02
  2.9899E+00  9.7796E+00 -1.8221E-01
  2.6038E+00  9.5380E+00 -9.1933E-02
  2.6130E+00  9.6830E+00 -2.3664E-01
  2.3122E+00  9.4944E+00 -2.2398E-01
  1.9984E+00  9.1376E+00  1.1155E-01
  2.0936E+00  9.1549E+00  2.5050E-01
  2.1325E+00  9.1616E+00  2.7030E-01
  2.1093E+00  9.0881E+00  3.9061E-01
  2.1852E+00  9.0910E+00  3.9656E-01
  2.2871E+00  9.0532E+00  2.7671E-01
  2.2946E+00  9.0607E+00  1.0276E-01
  2.3760E+00  9.6813E+00  2.2542E-01
  2.1895E+00  9.6813E+00  1.0669E-01
  1.9686E+00  9.2852E+00 -4.7371E-03
  2.2018E+00  9.4866E+00 -3.3793E-01
  2.2837E+00  9.4803E+00  1.1624E-01
  2.4852E+00  9.8020E+00  5.4961E-01
  2.4514E+00  9.7717E+00 -2.2672E-01
  2.3039E+00  9.5629E+00  2.6077E-01
  2.3735E+00  9.3826E+00  3.1807E-01
  2.3365E+00  9.6290E+00  1.7859E-01
  2.2231E+00  9.6944E+00 -4.3149E-02
  1.9860E+00  9.4630E+00  9.9558E-02
  1.8961E+00  9.2120E+00 -2.6237E-02
  2.0667E+00  9.2477E+00  1.6954E-01
  2.0065E+00  8.7273E+00  6.0034E-02
  2.0264E+00  8.9018E+00 -3.6445E-02
  2.2290E+00  9.4557E+00 -9.9348E-02
  2.1412E+00  9.0580E+00 -5.0230E-01
  2.1775E+00  9.1157E+00 -1.3836E-01
  2.8821E+00  9.9792E+00 -3.3543E-01
  2.1831E+00  9.5373E+00 -4.0803E-01
  2.1746E+00  9.4863E+00 -8.9686E-02
  2.7545E+00  9.7230E+00 -4.2655E-01
  2.2394E+00  8.7774E+00  1.6382E-01
  2.1210E+00  8.9330E+00  4.3336E-01
  2.2386E+00  9.2453E+00 -2.9546E-03
  1.9455E+00  8.8240E+00  6.6518E-01
  2.1225E+00  9.4316E+00  3.3071E-01
  2.3689E+00  9.6205E+00  2.6947E-01
  2.1781E+00  8.9267E+00  3.4299E-01
  2.3856E+00  9.6868E+00 -4.2733E-05
  2.4351E+00  9.9162E+00  1.2860E-01
  2.2954E+00  9.4781E+00  1.2635E-01
  2.5594E+00  1.0087E+01  2.0502E-01
  2.4208E+00  9.7514E+00  1.4559E-01
  2.2671E+00  8.4355E+00  1.1744E-01
  1.9494E+00  8.9967E+00  2.7845E-01
  2.0546E+00  9.3812E+00  2.0460E-01
  1.9846E+00  8.6310E+00  5.9303E-01
  2.3157E+00  9.0470E+00  2.3746E-01
  2.2002E+00  8.5788E+00  7.2736E-01
  2.0891E+00  8.7938E+00  9.9628E-01
  2.3117E+00  9.2325E+00  5.4416E-01
  2.1905E+00  8.6247E+00  7.7843E-01
  2.2643E+00  9.1024E+00  6.7099E-01
  2.3004E+00  9.3475E+00  3.0946E-01
  2.1319E+00  8.5718E+00  3.8556E-01
  2.2224E+00  9.1864E+00  2.7305E-01
  2.5328E+00  9.0455E+00 -2.2580E-01
  2.5159E+00  8.8399E+00 -2.2217E-01
  2.6159E+00  9.5376E+00 -3.3974E-01
  2.4403E+00  9.1614E+00 -3.7406E-01
  2.5440E+00  9.0979E+00 -2.9741E-01
  2.7644E+00  9.1973E+00 -3.1870E-01
  2.4744E+00  8.8233E+00 -1.3634E-01
  2.5712E+00  9.0584E+00 -3.6087E-01
  2.4047E+00  8.8242E+00 -4.9488E-02
  2.1440E+00  8.9091E+00  3.8050E-01
  2.1364E+00  8.8158E+00  3.2514E-01
  2.0599E+00  8.3709E+00  8.3346E-01
  2.2644E+00  8.7923E+00  6.2322E-01
  2.5087E+00  8.7580E+00  7.6819E-01
  2.6925E+00  8.6325E+00  8.8328E-01
  2.9574E+00  9.0386E+00  1.0270E+00
  2.6934E+00  8.6223E+00  1.2710E+00
  2.5458E+00  8.4301E+00  1.0762E+00
  2.6860E+00  9.1240E+00  8.0519E-01
  2.5199E+00  9.0236E+00  8.0363E-01
  2.5539E+00  8.9518E+00  5.4043E-01
  2.7361E+00  9.3761E+00  9.6721E-01
  2.3229E+00  8.8920E+00  7.7150E-01
  2.3406E+00  9.0699E+00  2.7360E-01
  2.2423E+00  9.2830E+00  8.8310E-01
  2.2414E+00  9.3272E+00  1.0317E+00
  2.2560E+00  9.4523E+00  7.8370E-01
  1.9440E+00  8.9835E+00  1.0985E+00
  1.8278E+00  8.6164E+00  1.4888E+00
  1.7580E+00  8.7687E+00  1.4929E+00
  1.7227E+00  8.6911E+00  1.2491E+00
  1.5771E+00  8.4655E+00  1.0608E+00
  1.5773E+00  8.6595E+00  1.0405E+00
  1.4896E+00  8.6037E+00  1.0425E+00
  1.4601E+00  8.7939E+00  1.3247E+00
  1.3038E+00  8.6139E+00  1.1316E+00
  1.6143E+00  9.1118E+00  9.7448E-01
  1.8730E+00  9.2285E+00  1.0743E+00
  1.8986E+00  9.0818E+00  5.4909E-01
  2.3983E+00  9.6542E+00  6.3969E-01
  2.8534E+00  9.7105E+00  4.8840E-01
  3.0296E+00  9.6326E+00  5.0058E-01
  3.3733E+00  9.9695E+00  5.5350E-01
  3.7438E+00  1.0013E+01  6.7874E-02
  3.2463E+00  9.7479E+00  1.8833E-01
  3.0004E+00  9.3467E+00  2.3025E-01
  3.0175E+00  9.4093E+00  2.1400E-01
  2.7599E+00  8.8922E+00  2.4382E-01
  2.6557E+00  8.8471E+00  2.0656E-02
  2.4119E+00  8.8538E+00  3.5659E-01
  2.1085E+00  8.2610E+00  4.0482E-01
  2.2239E+00  8.2241E+00  1.1297E-01
  2.1521E+00  7.8519E+00  3.3702E-02
  2.0378E+00  7.5518E+00  3.5152E-01
  2.0418E+00  8.2112E+00 -1.2479E-01
  2.1917E+00  8.1233E+00 -3.3117E-01
  2.1091E+00  7.5474E+00  4.4794E-01
  1.9809E+00  8.0948E+00  2.2657E-01
  2.1355E+00  8.4681E+00 -2.5481E-03
  1.7029E+00  7.5376E+00  6.2909E-01
  1.8194E+00  7.5733E+00  6.8492E-01
  2.4426E+00  8.6151E+00  2.6200E-02
  2.1326E+00  8.4073E+00  1.0161E-01
  2.4464E+00  7.4271E+00  3.3018E-01
  2.3487E+00  8.3744E+00  2.3051E-02
  2.7772E+00  8.8521E+00 -2.8016E-01
  2.8470E+00  8.5384E+00 -7.3728E-02
  3.2443E+00  9.3438E+00 -4.8902E-01
  3.3274E+00  9.7696E+00 -5.7414E-01
  2.7872E+00  9.3517E+00 -3.9029E-01
  2.8909E+00  8.8081E+00 -5.5013E-01
  2.9920E+00  8.7811E+00 -7.7714E-01
  3.0595E+00  9.1778E+00 -8.5852E-01
  2.8442E+00  8.6427E+00 -6.5773E-01
  2.8735E+00  8.6345E+00 -9.7944E-01
  2.9730E+00  9.1611E+00 -1.0264E+00
  2.7957E+00  8.7109E+00 -9.3592E-01
  2.6634E+00  8.9259E+00 -7.3173E-01
  2.8856E+00  9.4686E+00 -6.8535E-01
  2.6063E+00  8.9818E+00 -5.7953E-01
  2.7128E+00  9.0380E+00 -4.8681E-01
  2.7789E+00  9.2878E+00 -4.8779E-01
  2.4504E+00  8.8410E+00 -2.7103E-02
  2.6155E+00  9.1251E+00 -6.3424E-02
  2.5422E+00  8.8737E+00 -2.3356E-01
  2.3495E+00  8.4812E+00  1.4682E-01
  2.4856E+00  8.7780E+00  5.2870E-02
  2.4861E+00  8.4151E+00  3.9222E-02
  2.4449E+00  8.0930E+00  7.7114E-02
  2.3773E+00  8.1369E+00  1.0266E-01
  2.5135E+00  7.8784E+00  6.9691E-02
  2.6450E+00  7.9316E+00  1.1024E-01
  2.5657E+00  8.2708E+00  3.3450E-01
  2.6232E+00  8.1590E+00  4.9771E-01
  2.7739E+00  8.0988E+00  3.7154E-01
  2.8184E+00  8.1606E+00  4.6651E-01
  2.6842E+00  8.3131E+00  6.8263E-01
  2.5855E+00  8.0690E+00  2.0374E-01
  2.4105E+00  8.1482E+00  4.1010E-01
  2.3580E+00  7.4234E+00  6.4936E-01
  2.5794E+00  7.1188E+00  6.7723E-01
  2.5872E+00  7.4867E+00  2.1215E-01
  2.6095E+00  7.3012E+00  3.6537E-01
  2.8009E+00  7.0025E+00  1.0380E-01
  2.9422E+00  7.0631E+00  1.0645E-01
  3.1501E+00  6.6965E+00  1.0938E-01
  3.0338E+00  7.1003E+00 -3.0041E-01
  2.9530E+00  7.8368E+00 -4.5350E-01
  3.0774E+00  6.9767E+00 -2.3883E-01
  2.9237E+00  7.1350E+00 -4.7278E-01
  3.0395E+00  7.5378E+00 -6.0729E-01
  3.3421E+00  7.0032E+00 -5.3583E-01
  3.5584E+00  7.0156E+00 -8.5646E-01
  3.5649E+00  7.3190E+00 -8.0310E-01
  3.4713E+00  7.0815E+00 -4.4692E-01
  3.5585E+00  6.6255E+00 -2.9488E-01
  3.4544E+00  6.8629E+00 -4.4440E-01
  3.3359E+00  6.8909E+00 -3.4063E-01
  3.2358E+00  6.6326E+00 -1.6096E-01
  2.9589E+00  6.7399E+00  6.1909E-02
  2.8937E+00  6.4462E+00  3.6012E-01
  2.8159E+00  6.4985E+00  1.5920E-01
  2.6766E+00  7.1130E+00  6.3983E-02
  2.7539E+00  7.2229E+00  2.0124E-01
  2.8471E+00  7.3611E+00 -8.6379E-02
  2.8176E+00  8.3000E+00  1.6595E-01
  3.1548E+00  8.6872E+00 -1.4921E-01
  3.1120E+00  8.8188E+00  6.5751E-02
  3.7210E+00  9.3801E+00 -4.8355E-02
  4.4347E+00  9.3355E+00  3.0502E-01
  4.7626E+00  9.3211E+00 -6.0458E-02
  5.2833E+00  9.1113E+00 -5.4751E-04
  5.0462E+00  9.3384E+00 -2.3796E-02
  5.5482E+00  9.0768E+00 -1.6713E-01
  5.4539E+00  9.0832E+00 -2.5619E-01
  5.3533E+00  9.0705E+00 -2.3920E-01
  5.5627E+00  8.8559E+00 -4.6553E-01
  5.3031E+00  9.0037E+00 -4.1459E-01
  5.2111E+00  9.0233E+00 -2.5021E-01
  5.0781E+00  8.8269E+00 -1.8323E-01
  4.6803E+00  8.9969E+00 -1.7983E-01
  4.9294E+00  8.7200E+00  4.1363E-03
  4.7314E+00  9.1666E+00  1.2103E-01
  4.9237E+00  9.1690E+00 -2.3044E-01
  4.9138E+00  9.1789E+00 -3.3067E-01
  4.8677E+00  9.2098E+00 -3.2066E-01
  4.9883E+00  9.2219E+00 -3.3241E-01
  4.8731E+00  9.4369E+00 -3.9950E-01
  5.0894E+00  9.3096E+00 -3.0035E-01
  5.0908E+00  9.2153E+00 -3.8535E-01
  5.0421E+00  9.1873E+00 -3.0004E-01
  5.0833E+00  9.1405E+00 -5.6987E-01
  5.0050E+00  9.2298E+00 -4.7728E-01
  5.1687E+00  9.0281E+00 -3.5677E-01
  5.2294E+00  9.1247E+00 -2.5126E-01
  4.9156E+00  9.1446E+00 -4.6679E-01
  5.0804E+00  9.0095E+00 -5.8369E-01
  5.1395E+00  9.1876E+00 -2.6283E-01
  5.2566E+00  8.9229E+00 -3.0909E-01
  5.0177E+00  9.0696E+00 -2.4716E-01
  4.9553E+00  8.8617E+00  1.9562E-01
  4.7994E+00  8.8303E+00  3.5679E-01
  4.9047E+00  8.8183E+00  3.5554E-02
  4.8155E+00  9.0352E+00  4.8178E-01
  5.2433E+00  8.9964E+00  3.5584E-01
  5.2568E+00  9.1540E+00 -1.8991E-01
  5.4238E+00  9.3468E+00 -1.4021E-01
  5.4036E+00  9.2204E+00 -4.5146E-02
  5.3160E+00  9.0799E+00 -1.0633E-01
  5.0969E+00  8.9589E+00 -1.5603E-01
  4.9953E+00  8.6809E+00 -4.8714E-02
  4.7413E+00  8.7877E+00 -1.4992E-01
  4.7474E+00  8.7963E+00 -3.6127E-02
  4.6814E+00  8.8686E+00  4.0443E-02
  4.4686E+00  8.8916E+00  2.0488E-01
  4.1431E+00  8.9373E+00  3.2326E-01
  4.0910E+00  9.0163E+00  1.9846E-01
  4.2543E+00  8.9718E+00  1.6063E-01
  3.8739E+00  8.7973E+00  2.2282E-01
  3.9256E+00  8.7003E+00  3.3583E-01
  3.9191E+00  8.7937E+00  4.1491E-01
  4.0860E+00  8.7156E+00  4.1463E-01
  3.8219E+00  8.5325E+00  5.1489E-01
  3.9568E+00  8.5272E+00  4.4192E-01
  3.8296E+00  8.5341E+00  2.7320E-01
  4.0272E+00  8.4279E+00  1.7057E-01
  4.1117E+00  8.5308E+00 -1.2722E-01
