  3.3249E+00 -1.0913E+01 -4.2700E-01
  3.4737E+00 -1.0467E+01  1.4449E-01
  3.4840E+00 -1.0782E+01  1.6160E-01
  3.5368E+00 -1.0860E+01  7.0081E-02
  3.7596E+00 -1.0934E+01  5.7073E-02
  3.9860E+00 -1.0796E+01  1.9980E-01
  4.1941E+00 -1.1004E+01  2.2578E-01
  4.2675E+00 -1.1261E+01  1.0950E-01
  4.3595E+00 -1.1192E+01  3.6187E-02
  4.4841E+00 -1.1276E+01  1.5193E-01
  4.6192E+00 -1.1355E+01  1.9456E-01
  4.7333E+00 -1.1278E+01  1.6910E-01
  4.6931E+00 -1.1271E+01  2.1006E-01
  4.8396E+00 -1.1421E+01  2.1113E-01
  4.9018E+00 -1.1495E+01  2.4393E-01
  4.9438E+00 -1.1505E+01  2.6454E-01
  4.9534E+00 -1.1490E+01  2.5249E-01
  4.8930E+00 -1.1401E+01  1.8468E-01
  4.8649E+00 -1.1372E+01  1.2322E-01
  4.9048E+00 -1.1469E+01  7.7951E-02
  4.9016E+00 -1.1568E+01  1.1151E-01
  4.8869E+00 -1.1632E+01  5.4609E-02
  4.8673E+00 -1.1682E+01 -2.9531E-02
  4.9946E+00 -1.1813E+01 -4.5612E-02
  5.1504E+00 -1.1992E+01 -9.5798E-02
  5.3078E+00 -1.2388E+01 -1.6581E-01
  5.6116E+00  1.2431E+01 -4.8261E-02
  6.0237E+00  1.2111E+01 -3.8298E-02
  6.4274E+00  1.2145E+01  2.7032E-02
  6.6749E+00  1.2165E+01  1.4162E-01
  6.9470E+00  1.1921E+01 -1.7160E-01
  7.6517E+00  1.2044E+01 -9.6932E-01
  7.9543E+00  1.1547E+01 -1.3113E+00
  7.5147E+00  1.1306E+01 -1.5412E+00
  7.0658E+00  1.1237E+01 -5.4745E-01
  6.5444E+00  1.1067E+01 -5.9398E-01
  6.4057E+00  1.0747E+01 -4.5481E-01
  6.3258E+00  1.0210E+01  6.5027E-02
  6.5653E+00  1.0070E+01  2.3061E-01
  6.1802E+00  1.0023E+01  2.3967E-01
  6.3550E+00  1.0173E+01  1.9627E-01
  6.0959E+00  1.0337E+01 -1.2539E-01
  6.4238E+00  1.0165E+01  2.4873E-01
  6.6677E+00  9.9151E+00  3.9428E-01
  6.2206E+00  1.0415E+01  5.9029E-01
  6.4538E+00  1.0318E+01  7.2814E-01
  6.1834E+00  1.0750E+01  6.2093E-01
  6.3186E+00  1.0746E+01  4.7240E-01
  6.3599E+00  1.1107E+01  3.2753E-01
  6.5827E+00  1.1039E+01  1.8557E-01
  6.5631E+00  1.1172E+01 -4.7123E-02
  6.4522E+00  1.1582E+01 -1.0803E-01
  6.5139E+00  1.1505E+01 -1.2636E-01
  6.2328E+00  1.1624E+01 -1.8246E-01
  5.9827E+00  1.1940E+01  1.3954E-02
  5.3779E+00  1.2003E+01  6.9825E-02
  5.1459E+00  1.2354E+01  7.4157E-02
  4.7750E+00  1.2167E+01  1.9590E-01
  4.5503E+00  1.2047E+01  5.7550E-01
  4.4214E+00  1.1740E+01  5.3382E-01
  4.2842E+00  1.1679E+01  6.8704E-01
  4.3124E+00  1.1680E+01  7.8054E-01
  4.3219E+00  1.1899E+01  8.0466E-01
  4.4588E+00  1.1913E+01  6.8258E-01
  4.4943E+00  1.1849E+01  6.3837E-01
  4.3842E+00  1.1784E+01  6.8413E-01
  4.5883E+00  1.2150E+01  4.6251E-01
  4.6484E+00  1.2034E+01  4.4891E-01
  4.4717E+00  1.1989E+01  5.0626E-01
  4.6182E+00  1.2086E+01  4.0220E-01
  4.7070E+00  1.2001E+01  3.8363E-01
  4.7478E+00  1.1740E+01  2.6862E-01
  4.7361E+00  1.1930E+01  1.7824E-01
  4.7276E+00  1.1833E+01  1.9704E-01
  4.6404E+00  1.1639E+01  1.8198E-01
  4.8498E+00  1.1842E+01 -1.9408E-01
  4.8025E+00  1.1476E+01 -7.6097E-02
  4.7311E+00  1.1685E+01 -7.5429E-02
  4.6897E+00  1.1580E+01 -4.2226E-02
  4.8278E+00  1.1579E+01  1.7638E-02
  4.7362E+00  1.1740E+01 -7.2313E-02
  4.7382E+00  1.1775E+01 -1.8866E-01
  4.9986E+00  1.1961E+01 -1.3988E-01
  5.0711E+00  1.1797E+01  1.4221E-01
  4.8554E+00  1.1967E+01  2.3219E-01
  5.0985E+00  1.2025E+01  2.5827E-01
  5.1521E+00  1.2269E+01  4.5458E-01
  5.1135E+00  1.2209E+01  5.3698E-01
  5.2673E+00  1.2130E+01  4.2052E-01
  5.4581E+00  1.2366E+01  4.7049E-01
  5.3642E+00  1.2104E+01  4.3758E-01
  5.3117E+00  1.2383E+01  2.6652E-01
  5.6657E+00  1.2308E+01  1.2574E-01
  5.7127E+00  1.2152E+01  1.5206E-01
  5.8319E+00  1.2216E+01 -5.5907E-02
  6.0232E+00  1.2147E+01 -1.7959E-01
  6.1303E+00  1.2107E+01 -1.5835E-01
  6.4001E+00  1.1849E+01  2.8308E-02
  6.2305E+00  1.1842E+01  7.3814E-02
  5.9941E+00  1.1980E+01 -6.1340E-02
  5.8995E+00  1.1956E+01 -9.5903E-02
  6.2683E+00  1.2214E+01  9.6912E-02
  6.3594E+00 -1.2408E+01 -1.4471E-01
  6.3563E+00 -1.2278E+01 -5.4982E-02
  6.5889E+00 -1.2009E+01 -1.2925E-01
  6.4090E+00 -1.2152E+01 -2.5463E-01
  6.7901E+00 -1.2338E+01 -2.9339E-01
  6.7924E+00 -1.2345E+01 -4.9696E-01
  6.8400E+00 -1.2508E+01 -3.1981E-01
  6.6134E+00 -1.2461E+01 -4.5082E-01
  6.6016E+00 -1.2372E+01 -5.8869E-01
  6.5403E+00 -1.2490E+01 -5.9906E-01
  6.4142E+00  1.2441E+01 -3.1212E-01
  6.7209E+00  1.2428E+01 -4.5368E-01
  6.4734E+00  1.2482E+01 -5.1606E-01
  6.2920E+00 -1.2451E+01 -6.6912E-01
  6.5458E+00 -1.2550E+01 -3.7300E-01
  6.2581E+00  1.2543E+01 -4.2996E-01
  6.3056E+00 -1.2538E+01 -5.3236E-01
  6.2086E+00 -1.2575E+01 -4.6514E-01
  6.2581E+00 -1.2365E+01 -6.0192E-01
  6.6121E+00 -1.2185E+01 -8.3337E-01
  6.5161E+00 -1.2486E+01 -6.0059E-01
  6.4333E+00 -1.2476E+01 -4.3124E-01
  6.3019E+00 -1.2514E+01 -1.8824E-01
  6.3809E+00  1.2550E+01 -2.3582E-01
  6.5501E+00 -1.2594E+01 -2.7050E-01
  6.4355E+00  1.2361E+01 -5.2619E-02
  6.4231E+00  1.2589E+01 -9.2604E-02
  6.6138E+00 -1.2446E+01 -2.0774E-01
  6.5634E+00 -1.2300E+01 -3.2264E-01
  6.6360E+00 -1.2428E+01 -4.3757E-02
  6.3293E+00 -1.2115E+01 -2.1901E-01
  6.1283E+00 -1.2246E+01 -2.0201E-01
  6.0695E+00 -1.2474E+01 -1.9059E-01
  6.2142E+00  1.2547E+01 -1.3817E-01
  6.1844E+00  1.2403E+01 -2.1516E-01
  6.2992E+00  1.2389E+01 -4.1623E-01
  6.5142E+00  1.2340E+01 -4.1215E-01
  6.5043E+00  1.2321E+01 -4.2597E-01
  6.7074E+00 -1.2597E+01 -3.9517E-01
  6.5167E+00 -1.2542E+01 -3.4638E-01
  6.4342E+00 -1.2482E+01 -3.5761E-01
  6.3660E+00 -1.2484E+01 -4.0793E-01
  6.1440E+00  1.2569E+01 -2.6304E-01
  5.9226E+00 -1.2526E+01 -2.6816E-01
  5.7973E+00 -1.2346E+01 -4.1181E-01
  5.7061E+00 -1.2420E+01 -4.1557E-01
  5.7831E+00 -1.2400E+01 -3.5944E-01
  6.1302E+00 -1.1935E+01 -2.8919E-01
  6.0631E+00 -1.2066E+01 -3.2028E-01
  5.9650E+00 -1.2183E+01 -3.8999E-01
  6.2558E+00 -1.2061E+01 -1.6053E-01
  6.1816E+00 -1.2336E+01  2.2751E-03
  6.3371E+00 -1.2412E+01 -9.6974E-02
  6.5803E+00  1.2498E+01  1.1206E-01
  6.4286E+00  1.2315E+01  1.4269E-01
  6.5812E+00  1.2483E+01 -5.2608E-02
  6.5195E+00  1.2385E+01 -1.7028E-01
  6.4534E+00  1.2503E+01 -2.0385E-01
  6.7198E+00 -1.2525E+01 -1.2778E-01
  6.5683E+00 -1.2428E+01 -1.2952E-01
  6.5857E+00 -1.2484E+01 -1.4345E-01
  6.3972E+00  1.2525E+01 -1.9586E-01
  6.1893E+00 -1.2508E+01 -5.3047E-01
  6.1778E+00  1.2443E+01 -2.0884E-01
  5.9954E+00  1.2505E+01 -2.5878E-01
  6.2853E+00 -1.2558E+01 -1.7278E-01
  6.2423E+00  1.2589E+01 -1.2026E-01
  6.2931E+00 -1.2465E+01 -2.4973E-01
  6.1889E+00  1.2342E+01  4.7584E-02
  6.3613E+00 -1.2513E+01 -1.6982E-01
  6.2862E+00  1.2337E+01  1.3221E-01
  6.3279E+00  1.2519E+01 -1.2263E-02
  6.2806E+00  1.2567E+01 -2.7737E-01
  6.4162E+00  1.2505E+01 -1.3454E-01
  6.0733E+00  1.2527E+01 -1.6819E-01
  6.2411E+00  1.2416E+01  5.4370E-02
  6.7025E+00  1.2597E+01  2.4135E-02
  6.5591E+00 -1.2484E+01 -1.2365E-01
  6.7136E+00 -1.2555E+01  7.6741E-02
  6.6036E+00 -1.2584E+01  1.6422E-01
  6.7624E+00  1.2468E+01  1.1685E-01
  6.6407E+00  1.2597E+01 -2.4532E-03
  6.1922E+00  1.2395E+01  1.7750E-01
  6.2484E+00  1.2319E+01  3.2109E-01
  6.2445E+00 -1.2399E+01 -3.2536E-02
  6.3667E+00  1.2468E+01  2.8422E-01
  6.1429E+00 -1.2502E+01  1.3189E-01
  6.2097E+00 -1.2178E+01 -7.7000E-02
  6.3204E+00 -1.2478E+01  7.8874E-02
  6.2517E+00 -1.2552E+01 -5.7039E-02
  6.5523E+00 -1.2554E+01 -8.2643E-02
  6.2260E+00  1.2381E+01  1.8543E-04
  6.5921E+00  1.2022E+01  2.6684E-01
  6.6124E+00  1.2418E+01 -4.9534E-02
  6.5434E+00  1.2148E+01  9.8817E-02
  6.5543E+00  1.2392E+01  1.6301E-04
  6.4926E+00  1.2133E+01  4.8864E-02
  6.5430E+00  1.2570E+01 -2.3993E-01
  6.2549E+00  1.2594E+01 -3.9654E-01
  6.4532E+00  1.2174E+01 -1.8382E-01
  6.1931E+00 -1.2584E+01 -3.2846E-01
  5.9535E+00  1.2582E+01 -3.9808E-01
  6.1852E+00  1.2193E+01 -1.9185E-01
  5.9697E+00  1.2481E+01 -1.5298E-01
  5.6044E+00 -1.2550E+01 -3.2875E-01
  6.0958E+00  1.2428E+01  1.7463E-03
  5.9018E+00  1.2520E+01 -1.2212E-01
  6.2072E+00  1.2486E+01 -2.3695E-02
  6.4798E+00  1.2279E+01  6.0205E-02
  6.6322E+00  1.2581E+01 -4.6344E-01
  6.6687E+00  1.2344E+01 -2.9124E-01
  6.2840E+00  1.2327E+01 -1.8819E-01
  6.6358E+00 -1.2576E+01  9.5003E-02
  6.4059E+00 -1.2461E+01  2.4003E-02
  6.3606E+00 -1.2535E+01  1.8724E-01
  6.4966E+00 -1.2175E+01 -3.9560E-02
  6.2041E+00 -1.2525E+01  4.3743E-01
  6.0864E+00 -1.2258E+01  3.3601E-01
  6.0401E+00 -1.2356E+01  3.0926E-01
  6.0030E+00 -1.2386E+01  2.8425E-01
  5.9792E+00 -1.2395E+01  2.1350E-01
  6.1350E+00 -1.2573E+01  1.8514E-01
  6.2802E+00 -1.2534E+01  4.6180E-02
  6.5849E+00  1.2455E+01  2.9174E-01
  6.6284E+00  1.2192E+01  5.5718E-01
  6.6164E+00  1.2112E+01  2.7287E-01
  6.8266E+00  1.2121E+01  2.8690E-01
  6.7251E+00  1.1935E+01  3.4418E-01
  6.5705E+00  1.2011E+01  3.2384E-03
  6.7297E+00  1.1967E+01  2.5570E-01
  6.6508E+00  1.2112E+01  1.8541E-01
  6.2682E+00  1.2136E+01  1.2461E-01
  6.1608E+00  1.2269E+01  8.3302E-02
  6.0937E+00  1.2128E+01  3.1033E-01
  6.0528E+00  1.2180E+01  2.6747E-01
  5.9418E+00  1.2151E+01  3.9764E-01
  5.9671E+00  1.2006E+01  3.9505E-01
  6.2662E+00  1.1770E+01  4.4302E-01
  6.3695E+00  1.1852E+01  2.5745E-01
  6.3866E+00  1.1719E+01  1.4346E-01
  6.3924E+00  1.1522E+01  3.6823E-01
  6.4896E+00  1.1856E+01  7.9119E-02
  6.6504E+00  1.1936E+01  2.6317E-01
  6.5863E+00  1.1799E+01  5.2306E-01
  6.6889E+00  1.1834E+01  7.0051E-01
  6.5873E+00  1.1865E+01  6.3255E-01
  6.4486E+00  1.1601E+01  6.0660E-01
  6.5929E+00  1.1380E+01  6.3976E-01
  6.6040E+00  1.1709E+01  3.1472E-01
  6.5522E+00  1.1708E+01  7.1988E-01
  6.3694E+00  1.1736E+01  6.8320E-01
  6.3657E+00  1.1907E+01  6.6667E-01
  6.2672E+00  1.2032E+01  5.1056E-01
  6.1171E+00  1.1970E+01  2.8520E-01
  6.1600E+00  1.1927E+01  1.6706E-01
  6.0374E+00  1.2144E+01  2.7791E-01
  6.3784E+00  1.2337E+01  6.2332E-01
  6.2781E+00  1.2115E+01  2.9846E-01
  6.0894E+00  1.1805E+01 -1.0162E-01
  6.3693E+00  1.1880E+01  7.2909E-02
  6.4613E+00  1.1647E+01  4.5176E-01
  6.6438E+00  1.1606E+01  5.7706E-01
  6.6487E+00  1.1471E+01  2.1773E-01
  6.9762E+00  1.1761E+01  2.8694E-01
  6.9488E+00  1.1887E+01  3.5123E-01
  6.9354E+00  1.1787E+01  3.3155E-01
  6.9938E+00  1.1942E+01  1.5284E-01
  7.0068E+00  1.1726E+01  5.9666E-01
  6.5971E+00  1.1864E+01  4.1122E-01
  6.6054E+00  1.1846E+01  6.0762E-01
  6.4247E+00  1.1850E+01  5.7928E-01
  6.5788E+00  1.1742E+01  5.6679E-01
  6.7861E+00  1.1654E+01  6.2324E-01
  6.7332E+00  1.1746E+01  6.4370E-01
  6.6810E+00  1.1811E+01  5.8394E-01
  6.5989E+00  1.1804E+01  4.5975E-01
  6.7178E+00  1.1679E+01  7.4601E-01
  6.6870E+00  1.1656E+01  7.8473E-01
  6.7816E+00  1.1641E+01  5.9165E-01
  6.9317E+00  1.1618E+01  7.8751E-01
  6.9159E+00  1.1531E+01  1.0201E+00
  7.1030E+00  1.1366E+01  1.2608E+00
  7.5793E+00  1.1506E+01  1.1692E+00
  7.1330E+00  1.1201E+01  1.3239E+00
  7.3423E+00  1.1387E+01  1.3792E+00
  7.1180E+00  1.1278E+01  1.4647E+00
  6.7229E+00  1.1408E+01  1.1477E+00
  6.8063E+00  1.1586E+01  1.1947E+00
  6.6266E+00  1.1639E+01  1.0064E+00
  6.4989E+00  1.1711E+01  7.0330E-01
  6.3766E+00  1.1649E+01  5.4244E-01
  6.6742E+00  1.1790E+01  6.4253E-01
  6.9784E+00  1.2033E+01  7.4369E-01
  6.7030E+00  1.1930E+01  1.0849E+00
  6.8350E+00  1.1718E+01  1.0102E+00
  7.0715E+00  1.1896E+01  4.8988E-01
  7.0677E+00  1.1716E+01  8.8886E-01
  6.8221E+00  1.1413E+01  1.0190E+00
  6.8644E+00  1.1497E+01  6.8409E-01
  6.7615E+00  1.1383E+01  6.0375E-01
  7.0392E+00  1.1456E+01  5.2518E-01
  7.0121E+00  1.1550E+01  4.6020E-01
  6.8112E+00  1.1364E+01  3.5445E-01
  6.6869E+00  1.1450E+01  1.9806E-01
  6.9304E+00  1.1622E+01  2.4044E-01
  6.6275E+00  1.1377E+01  2.1095E-01
  6.5632E+00  1.1490E+01  9.4980E-02
  6.1763E+00  1.1252E+01  7.4563E-02
  6.5024E+00  1.1478E+01  1.0903E-01
  6.5493E+00  1.1507E+01  5.3553E-02
  6.1688E+00  1.1495E+01  1.3923E-02
  6.3821E+00  1.1808E+01  4.6984E-02
  6.4398E+00  1.1867E+01 -2.7672E-01
  6.4577E+00  1.1838E+01 -2.4756E-01
  6.5953E+00  1.2012E+01  1.5683E-03
  6.3145E+00  1.2155E+01 -1.3336E-01
  6.4748E+00  1.1877E+01  1.2140E-01
  6.1080E+00  1.1889E+01 -1.2020E-01
  6.0996E+00  1.1990E+01 -3.3466E-01
  6.0958E+00  1.1856E+01 -3.2772E-01
  6.2943E+00  1.2078E+01 -3.8272E-01
  6.3180E+00  1.2091E+01 -5.5251E-01
  6.3425E+00  1.1894E+01 -6.6194E-01
  6.4037E+00  1.1554E+01 -5.0498E-01
  6.2822E+00  1.1567E+01 -4.6972E-01
  6.3794E+00  1.1424E+01 -5.1563E-01
  6.4827E+00  1.1626E+01 -6.6085E-01
  6.2774E+00  1.1537E+01 -6.1553E-01
  6.3682E+00  1.1441E+01 -3.6507E-01
  6.2971E+00  1.1609E+01 -3.5330E-01
  6.2074E+00  1.1735E+01 -3.1813E-01
  6.1210E+00  1.1816E+01 -4.1960E-01
  6.2325E+00  1.1734E+01 -3.7996E-01
  6.1944E+00  1.1709E+01 -4.5916E-01
  6.3211E+00  1.1610E+01 -5.6903E-01
  6.4273E+00  1.1508E+01 -5.6187E-01
  6.3555E+00  1.1502E+01 -6.1641E-01
  6.3480E+00  1.1372E+01 -5.6167E-01
  6.1681E+00  1.1366E+01 -5.3097E-01
  6.1007E+00  1.1462E+01 -5.3398E-01
  6.0696E+00  1.1527E+01 -3.4888E-01
  5.9328E+00  1.1701E+01 -4.2698E-01
  5.5678E+00  1.1584E+01 -3.3152E-01
  6.0640E+00  1.1671E+01  1.4405E-02
  6.0142E+00  1.1629E+01  1.1805E-01
  5.7027E+00  1.1642E+01  1.2198E-01
  5.7708E+00  1.1652E+01  4.9776E-03
  5.8717E+00  1.1073E+01  2.3167E-01
  6.0258E+00  1.1302E+01 -9.2034E-04
  6.2183E+00  1.1435E+01 -1.5856E-01
  5.9347E+00  1.0986E+01  2.3391E-01
  6.2666E+00  1.1079E+01  8.1822E-02
  6.1388E+00  1.1084E+01  3.5729E-02
  6.1309E+00  1.1197E+01 -2.1641E-01
  5.8793E+00  1.1154E+01 -3.2385E-01
  5.8063E+00  1.1090E+01 -1.7589E-01
  5.9186E+00  1.1104E+01 -2.8858E-01
  5.9871E+00  1.1288E+01 -2.9185E-01
  5.9981E+00  1.1357E+01 -3.1312E-01
  5.8060E+00  1.1507E+01 -2.3746E-01
  5.8080E+00  1.1478E+01 -1.4667E-01
  5.9288E+00  1.1538E+01 -4.4865E-01
  5.9122E+00  1.1342E+01 -1.3760E-02
  5.8911E+00  1.1400E+01  7.2175E-02
  5.6939E+00  1.1450E+01 -2.0838E-01
  5.8382E+00  1.1280E+01 -2.8883E-01
  5.8545E+00  1.1387E+01 -4.9936E-01
  5.8933E+00  1.1289E+01 -9.0281E-01
  6.1104E+00  1.1015E+01 -5.6374E-01
  5.8759E+00  1.1255E+01 -3.6729E-01
  6.0585E+00  1.1229E+01 -1.4135E-01
  6.0380E+00  1.1371E+01 -2.4729E-01
  6.0505E+00  1.1563E+01  4.5567E-02
  5.9679E+00  1.1547E+01 -1.2859E-02
  5.9696E+00  1.1647E+01 -9.4500E-02
  5.7740E+00  1.1421E+01  5.4613E-02
  5.6805E+00  1.1548E+01  1.0560E-02
  5.8900E+00  1.1596E+01  2.9050E-01
  6.0250E+00  1.1526E+01  3.2208E-01
  5.9144E+00  1.1355E+01  1.7486E-01
  5.8642E+00  1.1424E+01  3.3867E-01
  5.6254E+00  1.1441E+01  5.7868E-01
  5.2033E+00  1.1152E+01  5.2744E-01
  5.4788E+00  1.1173E+01  5.7452E-01
  5.4550E+00  1.1315E+01  3.8168E-01
  5.2314E+00  1.1312E+01  1.9465E-01
  5.1361E+00  1.1587E+01  2.0943E-01
  5.0290E+00  1.1473E+01  2.7322E-01
  4.6898E+00  1.1219E+01  3.2430E-01
  5.0052E+00  1.1437E+01  2.1055E-01
  4.7327E+00  1.1429E+01  2.0410E-01
  4.6888E+00  1.1342E+01  1.8330E-01
  4.7349E+00  1.1160E+01  3.1757E-01
  4.8091E+00  1.1110E+01  4.3175E-01
  4.7827E+00  1.1038E+01  4.5858E-01
  4.9234E+00  1.1013E+01  4.1502E-01
  4.9062E+00  1.1073E+01  3.8037E-01
  4.9956E+00  1.0984E+01  4.2830E-01
