  2.4193E+00  2.8521E+00  6.6702E-01
  2.1567E+00  2.5468E+00  7.7880E-02
  2.3581E+00  2.3244E+00 -1.3257E-02
  2.1524E+00  2.6990E+00 -1.9960E-01
  2.3284E+00  2.7082E+00 -2.2168E-01
  2.5575E+00  3.0136E+00  4.5188E-01
  2.7768E+00  3.1472E+00  5.3800E-01
  2.8333E+00  3.0821E+00  3.9282E-01
  2.9567E+00  3.2858E+00  6.4150E-01
  3.1310E+00  3.5594E+00  8.5298E-01
  3.2526E+00  3.5643E+00  8.5710E-01
  3.2973E+00  3.6813E+00  9.0491E-01
  3.5265E+00  3.9046E+00  1.0502E+00
  3.6921E+00  4.2377E+00  1.1442E+00
  3.6561E+00  4.3092E+00  1.1181E+00
  3.6325E+00  4.3195E+00  1.0450E+00
  3.7345E+00  4.6198E+00  1.0638E+00
  3.6991E+00  4.7837E+00  1.0059E+00
  3.6080E+00  4.7726E+00  9.5256E-01
  3.6358E+00  4.8586E+00  9.4390E-01
  3.4537E+00  4.6847E+00  7.8783E-01
  3.3537E+00  4.2585E+00  5.5656E-01
  3.3351E+00  4.2803E+00  5.9748E-01
  3.4134E+00  4.2491E+00  5.1691E-01
  3.6194E+00  4.1027E+00  3.2633E-01
  3.7991E+00  4.4455E+00  7.4360E-01
  3.7686E+00  4.2862E+00  3.3184E-01
  3.8192E+00  4.4333E+00  3.0565E-01
  3.7638E+00  4.8901E+00  6.7177E-01
  3.6931E+00  4.7039E+00 -2.7888E-01
  3.5768E+00  4.7098E+00  7.2086E-01
  3.4074E+00  4.4351E+00  4.2793E-01
  3.6516E+00  4.5591E+00 -5.2385E-01
  3.4571E+00  4.5426E+00 -3.2694E-01
  3.2379E+00  4.7080E+00 -1.5914E-01
  3.3013E+00  4.7676E+00 -5.5227E-02
  3.7033E+00  4.8530E+00 -3.9652E-01
  4.0178E+00  4.7919E+00 -3.3687E-01
  4.0195E+00  4.7945E+00 -4.6523E-02
  4.3721E+00  4.8467E+00 -3.7046E-01
  4.3135E+00  4.8862E+00 -1.2379E-01
  4.4089E+00  4.9278E+00 -3.5157E-01
  4.1183E+00  4.8287E+00 -1.6269E-01
  4.0170E+00  4.8366E+00 -2.6910E-01
  3.9166E+00  4.8590E+00 -3.8440E-01
  3.3935E+00  4.9628E+00 -2.0159E-02
  3.5073E+00  4.9489E+00 -1.7564E-01
  3.5851E+00  4.8653E+00  4.9573E-02
  3.7101E+00  4.7648E+00 -6.2355E-02
  3.8762E+00  4.7748E+00 -3.4500E-01
  3.6544E+00  4.8423E+00  1.2990E-01
  3.8049E+00  4.5478E+00 -1.9558E-01
  3.7581E+00  4.3832E+00 -8.5763E-02
  3.9338E+00  4.3844E+00  2.2732E-01
  4.0018E+00  4.4619E+00  2.2843E-01
  4.0342E+00  4.4635E+00  9.9368E-01
  3.8770E+00  4.7996E+00  1.1977E+00
  4.3895E+00  4.8202E+00  8.4697E-01
  4.3498E+00  5.5504E+00  1.7605E+00
  4.1030E+00  5.6105E+00  1.6595E+00
  4.8891E+00  5.1522E+00  1.7504E+00
  4.7785E+00  4.9181E+00  1.8413E+00
  4.6259E+00  5.0500E+00  2.4461E+00
  4.8324E+00  4.4986E+00  2.4393E+00
  5.5786E+00  4.1878E+00  2.1542E+00
  6.0452E+00  4.3953E+00  2.0605E+00
  5.8629E+00  4.0896E+00  2.4429E+00
  6.3235E+00  4.1712E+00  1.9715E+00
  7.1496E+00  5.4193E+00  1.7956E+00
  7.5540E+00  5.6215E+00  1.5532E+00
  7.6360E+00  5.6523E+00  1.8746E+00
  7.5774E+00  5.7049E+00  1.8422E+00
  7.5801E+00  5.9172E+00  1.7356E+00
  7.6686E+00  5.8731E+00  2.0171E+00
  7.6453E+00  5.9990E+00  1.7167E+00
  7.7703E+00  6.3222E+00  1.6960E+00
  7.7212E+00  6.4223E+00  1.5571E+00
  7.6791E+00  6.2997E+00  1.8430E+00
  7.5436E+00  6.4811E+00  1.5088E+00
  7.6461E+00  5.9779E+00  1.4010E+00
  7.6147E+00  6.2758E+00  1.3124E+00
  7.6112E+00  6.0330E+00  1.6795E+00
  7.6507E+00  5.6995E+00  1.4475E+00
  7.7575E+00  5.8969E+00  1.5700E+00
  7.6660E+00  6.0983E+00  1.8910E+00
  7.7382E+00  5.6820E+00  1.7536E+00
  7.8034E+00  5.8807E+00  2.1317E+00
  7.7016E+00  5.8877E+00  1.6255E+00
  7.9189E+00  5.9984E+00  2.0208E+00
  7.7987E+00  6.3262E+00  1.7692E+00
  8.0756E+00  6.0073E+00  1.9300E+00
  8.0168E+00  6.3907E+00  2.1443E+00
  8.0149E+00  6.1317E+00  2.2811E+00
  7.9486E+00  6.2788E+00  1.8435E+00
  7.9110E+00  6.2319E+00  1.9998E+00
  7.6703E+00  6.1922E+00  1.8534E+00
  7.7619E+00  5.9650E+00  2.1104E+00
  7.7581E+00  6.1427E+00  1.9348E+00
  7.8836E+00  5.9541E+00  1.8663E+00
  7.7789E+00  6.0106E+00  1.7133E+00
  7.7247E+00  6.0539E+00  1.9208E+00
  7.7024E+00  5.8936E+00  1.7456E+00
  7.6917E+00  5.5732E+00  1.7052E+00
  7.7247E+00  5.7363E+00  1.7683E+00
  7.7568E+00  5.6966E+00  1.4731E+00
  7.8577E+00  5.4554E+00  1.5120E+00
  7.7524E+00  5.8438E+00  1.7279E+00
  7.8508E+00  5.4564E+00  1.7817E+00
  7.8411E+00  5.5493E+00  1.4638E+00
  8.0578E+00  6.0054E+00  2.0865E+00
  8.0397E+00  5.7132E+00  1.9375E+00
  8.1382E+00  6.1856E+00  2.0435E+00
  8.2622E+00  6.0878E+00  1.9950E+00
  8.1574E+00  6.0361E+00  1.7836E+00
  8.2965E+00  6.4001E+00  1.9831E+00
  8.2875E+00  6.2201E+00  1.8795E+00
  8.3055E+00  5.5719E+00  2.1986E+00
  8.3486E+00  5.6817E+00  2.0063E+00
  8.5653E+00  5.9009E+00  2.3365E+00
  8.6745E+00  6.0533E+00  1.9874E+00
  8.5153E+00  6.1151E+00  1.5465E+00
  8.3916E+00  5.6550E+00  1.6440E+00
  8.3411E+00  5.5826E+00  1.9122E+00
  8.1303E+00  5.3657E+00  2.1115E+00
  7.7959E+00  4.9008E+00  2.1256E+00
  7.6531E+00  4.9909E+00  2.2211E+00
  7.5662E+00  5.3772E+00  2.0928E+00
  7.5560E+00  5.2617E+00  2.0102E+00
  7.7214E+00  5.4289E+00  2.0492E+00
  7.9530E+00  5.5883E+00  1.8585E+00
  7.9204E+00  5.2975E+00  1.9835E+00
  7.8394E+00  5.9479E+00  1.9978E+00
  8.0048E+00  5.8278E+00  1.7747E+00
  7.7692E+00  5.8080E+00  1.7475E+00
  7.7552E+00  5.5269E+00  2.3054E+00
  7.7043E+00  5.6636E+00  1.6944E+00
  7.7809E+00  5.5071E+00  1.8266E+00
  7.6280E+00  5.4496E+00  1.8252E+00
  7.6708E+00  5.2438E+00  1.5956E+00
  7.8323E+00  5.4574E+00  1.6676E+00
  7.7507E+00  5.5135E+00  1.5273E+00
  7.7767E+00  5.0456E+00  1.7204E+00
  7.8660E+00  5.4058E+00  1.6722E+00
  7.8342E+00  5.5587E+00  1.7349E+00
  7.7581E+00  5.6199E+00  1.9386E+00
  7.7559E+00  5.6830E+00  1.9567E+00
  7.6533E+00  5.7478E+00  1.7192E+00
  7.9404E+00  5.5757E+00  2.3328E+00
  7.8090E+00  5.7327E+00  1.7853E+00
  8.0526E+00  5.4905E+00  2.3060E+00
  7.8527E+00  5.8331E+00  1.6316E+00
  8.0448E+00  5.8844E+00  1.7219E+00
  7.9630E+00  6.1930E+00  1.6866E+00
  7.9659E+00  6.0091E+00  1.4268E+00
  7.9320E+00  6.0066E+00  1.4167E+00
  7.9379E+00  6.2903E+00  1.5443E+00
  7.9590E+00  6.2319E+00  1.7478E+00
  7.9704E+00  6.0667E+00  1.6606E+00
  7.9970E+00  6.2402E+00  1.8857E+00
  8.0091E+00  6.3123E+00  1.9390E+00
  8.1242E+00  6.4566E+00  1.8538E+00
  8.2317E+00  6.3646E+00  1.8411E+00
  8.3363E+00  6.1929E+00  1.6984E+00
  8.3383E+00  6.0542E+00  1.8542E+00
  8.1542E+00  6.0393E+00  1.7253E+00
  8.2210E+00  5.8198E+00  1.7553E+00
  8.1431E+00  5.9117E+00  1.9113E+00
  8.2937E+00  5.6271E+00  1.9523E+00
  8.2009E+00  5.4524E+00  1.9241E+00
  8.1518E+00  5.7577E+00  2.1312E+00
  8.2342E+00  5.8641E+00  1.8410E+00
  8.3482E+00  6.0620E+00  1.5938E+00
  8.3922E+00  6.2910E+00  1.6036E+00
  8.3116E+00  6.2187E+00  1.5530E+00
  8.3305E+00  6.1585E+00  1.5402E+00
  8.5174E+00  6.4311E+00  1.5298E+00
  8.3373E+00  6.4585E+00  1.6871E+00
  8.3168E+00  6.2241E+00  2.1673E+00
  8.2960E+00  6.4378E+00  2.0727E+00
  8.4254E+00  6.2912E+00  2.6637E+00
  8.4782E+00  6.4758E+00  2.5538E+00
  8.6805E+00  6.5427E+00  2.3342E+00
  8.7727E+00  6.9103E+00  2.2118E+00
  8.6042E+00  6.5319E+00  1.8908E+00
  8.3783E+00  6.7884E+00  1.5849E+00
  8.3609E+00  6.7890E+00  1.6586E+00
  8.3059E+00  6.3143E+00  1.7897E+00
  8.2152E+00  6.4839E+00  1.6943E+00
  8.1778E+00  6.3002E+00  1.8069E+00
  8.2246E+00  6.3075E+00  1.9439E+00
  8.3645E+00  6.1824E+00  2.1531E+00
  8.3838E+00  6.2958E+00  2.1011E+00
  8.3855E+00  6.4266E+00  1.8234E+00
  8.5449E+00  6.6723E+00  1.9632E+00
  8.3741E+00  6.4148E+00  1.6364E+00
  8.3776E+00  6.0385E+00  1.9414E+00
  8.3777E+00  6.2781E+00  1.9007E+00
  8.4703E+00  6.2134E+00  2.0352E+00
  8.2609E+00  6.0494E+00  1.7895E+00
  8.3920E+00  6.0408E+00  2.1052E+00
  8.0969E+00  6.0127E+00  2.0279E+00
  7.9636E+00  5.7895E+00  1.8372E+00
  8.0959E+00  6.1151E+00  1.5305E+00
  8.4012E+00  6.2786E+00  1.7270E+00
  8.4821E+00  6.5375E+00  1.6786E+00
  8.3528E+00  6.7405E+00  1.7196E+00
  8.3182E+00  6.7330E+00  1.9058E+00
  7.9809E+00  6.6110E+00  1.3416E+00
  7.9888E+00  6.4167E+00  1.3891E+00
  8.1178E+00  6.5514E+00  1.5415E+00
  8.1147E+00  6.6738E+00  1.5592E+00
  8.0980E+00  6.2108E+00  1.6238E+00
  8.0256E+00  6.5352E+00  1.4936E+00
  8.1594E+00  6.3521E+00  1.8401E+00
  8.1919E+00  6.4576E+00  1.8476E+00
  8.1269E+00  6.5729E+00  1.7521E+00
  8.1277E+00  6.5270E+00  1.9159E+00
  8.0187E+00  6.7049E+00  1.7690E+00
  8.0404E+00  6.8076E+00  1.9749E+00
  8.0930E+00  6.6950E+00  1.7468E+00
  8.0254E+00  6.4770E+00  1.7123E+00
  8.1075E+00  6.6174E+00  1.7553E+00
  7.9494E+00  6.4503E+00  1.3292E+00
  7.9076E+00  6.4694E+00  1.3174E+00
  7.8769E+00  6.5188E+00  1.3446E+00
  7.6528E+00  6.1222E+00  1.3472E+00
  7.4817E+00  5.9930E+00  1.4664E+00
  7.4776E+00  6.4774E+00  1.4730E+00
  7.5232E+00  6.4685E+00  1.6815E+00
  7.4778E+00  7.1381E+00  1.1915E+00
  7.3674E+00  7.1587E+00  1.1164E+00
  7.3521E+00  7.4159E+00  1.3226E+00
  7.3669E+00  7.4687E+00  9.5102E-01
  7.4840E+00  7.2173E+00  1.0922E+00
  7.9381E+00  7.2427E+00  1.1507E+00
  7.8621E+00  6.8466E+00  1.0666E+00
  8.0601E+00  6.8475E+00  9.8644E-01
  8.2131E+00  6.6820E+00  1.1603E+00
  8.1913E+00  6.5542E+00  1.0921E+00
  8.1638E+00  6.8129E+00  7.8381E-01
  8.2396E+00  6.7898E+00  1.1426E+00
  8.1766E+00  6.6693E+00  1.1035E+00
  8.4142E+00  6.6079E+00  1.2591E+00
  8.3266E+00  6.9874E+00  1.0267E+00
  8.3202E+00  6.8849E+00  8.9057E-01
  8.5043E+00  6.7062E+00  1.1691E+00
  8.4753E+00  6.3680E+00  9.5476E-01
  8.1716E+00  6.8509E+00  7.2892E-01
  8.4247E+00  6.8415E+00  9.3123E-01
  7.9195E+00  7.0932E+00  5.0312E-01
  8.1501E+00  7.0759E+00  6.0873E-01
  7.9432E+00  7.2646E+00  6.3328E-01
  8.0513E+00  6.9350E+00  5.9795E-01
  7.9566E+00  7.1191E+00  7.1189E-01
  8.0206E+00  6.8941E+00  7.7307E-01
  7.8583E+00  7.1800E+00  5.1717E-01
  8.0248E+00  6.8554E+00  6.5480E-01
  7.7252E+00  6.9933E+00  5.6835E-01
  8.2055E+00  6.7584E+00  8.5424E-01
  8.0780E+00  6.8655E+00  1.0047E+00
  8.2964E+00  6.7764E+00  1.2471E+00
  8.1146E+00  6.7311E+00  1.0040E+00
  7.9806E+00  7.1228E+00  1.0417E+00
  7.7254E+00  7.0539E+00  1.0239E+00
  8.0448E+00  6.9771E+00  9.8096E-01
  7.8349E+00  6.9715E+00  7.5418E-01
  8.2363E+00  6.7695E+00  8.8538E-01
  7.8607E+00  7.0275E+00  8.4595E-01
  7.9503E+00  7.0056E+00  8.9703E-01
  8.1196E+00  7.3837E+00  1.0081E+00
  7.7203E+00  7.2051E+00  1.0746E+00
  8.2883E+00  7.0528E+00  1.0494E+00
  7.9278E+00  7.0778E+00  1.0386E+00
  7.9198E+00  7.2654E+00  1.1897E+00
  8.1192E+00  7.5119E+00  1.1903E+00
  8.1593E+00  7.2524E+00  1.1647E+00
  7.8828E+00  6.7377E+00  1.2897E+00
  8.2849E+00  6.9002E+00  1.3226E+00
  8.3791E+00  6.9747E+00  1.3984E+00
  8.3937E+00  6.8711E+00  1.5374E+00
  8.3213E+00  6.7646E+00  1.5375E+00
  8.5954E+00  6.6934E+00  1.6251E+00
  9.1491E+00  6.5705E+00  1.5152E+00
  9.1956E+00  7.0410E+00  1.3664E+00
  9.2848E+00  6.9710E+00  1.2390E+00
  9.1535E+00  7.5043E+00  1.3158E+00
  9.4085E+00  7.5991E+00  1.2665E+00
  9.3928E+00  7.7505E+00  1.2556E+00
  9.4672E+00  7.6535E+00  1.2158E+00
  9.5215E+00  7.5134E+00  1.2963E+00
  9.7459E+00  7.6975E+00  1.2262E+00
  9.6234E+00  7.4520E+00  1.4546E+00
  9.5933E+00  7.4053E+00  1.5397E+00
  9.5208E+00  7.4766E+00  1.3256E+00
  9.3703E+00  7.4760E+00  1.1204E+00
  9.2260E+00  7.3901E+00  1.0363E+00
  9.0873E+00  7.2013E+00  1.0516E+00
  9.1550E+00  7.1424E+00  1.0779E+00
  9.0281E+00  7.2685E+00  9.9342E-01
  9.0752E+00  7.3306E+00  8.5596E-01
  9.2686E+00  7.3415E+00  8.0515E-01
  9.2819E+00  7.3978E+00  7.4296E-01
  9.1811E+00  7.2513E+00  8.0918E-01
  8.9811E+00  7.0107E+00  9.0461E-01
  9.0008E+00  7.0174E+00  1.0134E+00
  8.8924E+00  6.8089E+00  1.1913E+00
  8.9758E+00  6.8091E+00  1.0710E+00
  9.0735E+00  6.6279E+00  1.1324E+00
  8.8135E+00  7.1117E+00  1.1971E+00
  8.8915E+00  6.9179E+00  1.1991E+00
  8.9701E+00  7.2132E+00  1.2022E+00
  8.8775E+00  7.4706E+00  1.0870E+00
  8.6063E+00  7.3742E+00  1.1470E+00
  8.7903E+00  7.4894E+00  1.0492E+00
  8.6911E+00  7.7204E+00  9.4485E-01
  8.3104E+00  7.2203E+00  1.3334E+00
  8.9247E+00  7.6152E+00  1.2692E+00
  8.6898E+00  7.7337E+00  2.1654E+00
  9.3517E+00  7.7853E+00  2.3461E+00
  8.9306E+00  7.5390E+00  2.1208E+00
  8.9368E+00  7.4578E+00  1.8520E+00
  9.1181E+00  7.3802E+00  2.0608E+00
  9.3482E+00  7.4096E+00  2.1433E+00
  9.1160E+00  7.4205E+00  2.1144E+00
  9.2833E+00  7.6695E+00  2.1611E+00
  9.1875E+00  7.6809E+00  2.3580E+00
  9.3665E+00  7.6343E+00  2.8143E+00
  9.4780E+00  7.0466E+00  3.4427E+00
  9.5207E+00  7.5398E+00  3.2299E+00
  9.1015E+00  7.0169E+00  3.3066E+00
  9.3224E+00  7.2298E+00  2.9811E+00
  9.3711E+00  6.6840E+00  3.2896E+00
  9.6608E+00  6.8913E+00  3.1911E+00
  9.6748E+00  6.7176E+00  3.1876E+00
  9.7818E+00  6.8246E+00  2.8001E+00
  9.8662E+00  6.3383E+00  2.8084E+00
  1.0073E+01  6.9749E+00  2.8864E+00
  9.7799E+00  6.5426E+00  2.7735E+00
  9.7020E+00  6.3411E+00  2.6575E+00
  9.9112E+00  6.5828E+00  2.9998E+00
  9.8225E+00  6.6935E+00  2.9444E+00
  9.4628E+00  6.5200E+00  2.9030E+00
  9.3061E+00  6.9986E+00  3.0137E+00
  9.1018E+00  6.7819E+00  2.8660E+00
  9.1213E+00  6.3681E+00  2.5721E+00
  9.4484E+00  6.2849E+00  2.4641E+00
  9.2392E+00  6.4821E+00  2.0259E+00
  9.8637E+00  6.1172E+00  2.1219E+00
  9.9269E+00  5.6987E+00  1.6790E+00
  1.0055E+01  5.7518E+00  1.4849E+00
  1.0308E+01  6.1870E+00  1.5322E+00
  1.0601E+01  6.6797E+00  1.6065E+00
  1.0479E+01  6.2463E+00  9.3149E-01
  1.0935E+01  6.5661E+00  4.2337E-01
  1.0918E+01  6.7231E+00  8.7811E-01
  1.0954E+01  6.8399E+00  1.3381E+00
  1.1228E+01  6.8311E+00  1.4654E+00
  1.1250E+01  6.7219E+00  1.3454E+00
  1.1255E+01  6.9127E+00  1.5787E+00
  1.0856E+01  6.9590E+00  1.7141E+00
  1.1050E+01  6.5478E+00  1.0820E+00
  1.0964E+01  6.7098E+00  1.5666E+00
  1.0705E+01  6.8635E+00  1.7926E+00
  1.0854E+01  6.4382E+00  1.6433E+00
  1.0667E+01  6.2729E+00  1.6083E+00
  1.0545E+01  6.5628E+00  2.0779E+00
  1.0143E+01  6.4801E+00  2.1639E+00
  9.9336E+00  6.4838E+00  2.3079E+00
  9.7147E+00  7.2518E+00  2.6986E+00
  9.7680E+00  7.2160E+00  2.6683E+00
  9.7792E+00  6.9562E+00  2.5212E+00
  1.0179E+01  6.5941E+00  2.4015E+00
  1.0578E+01  6.3574E+00  1.9354E+00
  1.0488E+01  6.2136E+00  2.0331E+00
  1.0510E+01  6.4676E+00  2.3580E+00
  1.0432E+01  6.8284E+00  2.4207E+00
  1.0323E+01  6.7329E+00  2.4491E+00
  1.0261E+01  6.5581E+00  2.2199E+00
  1.0472E+01  6.2897E+00  1.8142E+00
  1.0445E+01  6.2955E+00  2.0013E+00
  9.9674E+00  6.6361E+00  2.3506E+00
  9.9839E+00  6.3363E+00  2.4532E+00
  9.8818E+00  6.4303E+00  2.5675E+00
  9.6155E+00  6.8941E+00  2.5818E+00
  9.7004E+00  7.0357E+00  2.6949E+00
  9.8065E+00  7.0314E+00  2.6089E+00
  9.9998E+00  7.0411E+00  2.4652E+00
  9.9306E+00  7.2772E+00  2.1796E+00
  1.0031E+01  6.8620E+00  1.9527E+00
  9.9405E+00  7.3735E+00  2.0226E+00
  9.6967E+00  7.3161E+00  1.9884E+00
  9.7407E+00  7.2009E+00  1.9453E+00
  9.8598E+00  7.5060E+00  1.9765E+00
  9.5571E+00  7.5580E+00  2.0324E+00
  9.5909E+00  7.4936E+00  2.2541E+00
  9.7388E+00  7.8156E+00  2.3368E+00
  9.5969E+00  7.4262E+00  2.4161E+00
  9.3619E+00  7.5226E+00  2.4488E+00
  9.4942E+00  7.5070E+00  2.5883E+00
  9.6018E+00  7.2058E+00  2.6071E+00
