  6.0935E+00  9.8676E+00  5.3548E-02
  5.9771E+00  9.9791E+00 -5.2484E-01
  5.2009E+00  9.6236E+00 -7.6764E-02
  6.1306E+00  1.0112E+01 -4.7750E-03
  6.1862E+00  1.0288E+01 -6.8956E-01
  6.3376E+00  1.0476E+01 -4.4988E-01
  6.5487E+00  1.0366E+01 -5.2212E-01
  6.7467E+00  1.0371E+01 -6.1381E-01
  6.5906E+00  1.0317E+01 -7.1910E-01
  6.3329E+00  1.0267E+01 -7.8347E-01
  6.2811E+00  1.0240E+01 -8.6228E-01
  6.3021E+00  1.0186E+01 -9.0579E-01
  6.3544E+00  1.0119E+01 -9.9756E-01
  6.4357E+00  1.0123E+01 -1.1097E+00
  6.4033E+00  1.0157E+01 -1.1882E+00
  6.3616E+00  1.0100E+01 -1.3061E+00
  6.3600E+00  1.0149E+01 -1.3094E+00
  6.3919E+00  1.0139E+01 -1.2704E+00
  6.3523E+00  9.9748E+00 -1.2811E+00
  6.2657E+00  9.9755E+00 -1.1729E+00
  6.3232E+00  9.9315E+00 -1.0699E+00
  6.3959E+00  9.8010E+00 -9.9972E-01
  6.3871E+00  9.7867E+00 -9.1790E-01
  6.3930E+00  9.7443E+00 -7.5491E-01
  6.2339E+00  9.5790E+00 -6.9773E-01
  5.9856E+00  9.3762E+00 -7.2825E-01
  6.0972E+00  9.3278E+00 -5.6386E-01
  6.4551E+00  9.3229E+00 -3.0170E-01
  5.9593E+00  8.7984E+00 -7.4468E-01
  6.3026E+00  8.6523E+00 -6.8973E-01
  5.9870E+00  9.0483E+00 -4.6754E-01
  5.6835E+00  8.6189E+00 -2.4332E-02
  5.1782E+00  8.7576E+00  1.9123E-01
  5.4122E+00  9.3495E+00  1.0919E+00
  5.4692E+00  9.3425E+00  1.9405E+00
  5.5437E+00  9.5962E+00  2.1839E+00
  5.3346E+00  9.8514E+00  2.0858E+00
  5.3637E+00  9.9499E+00  2.1707E+00
  5.1689E+00  9.8868E+00  2.4485E+00
  5.1253E+00  1.0035E+01  2.3090E+00
  5.3126E+00  9.9750E+00  2.2260E+00
  5.1873E+00  9.8869E+00  2.3202E+00
  5.1760E+00  9.8676E+00  2.3259E+00
  5.2040E+00  9.6763E+00  2.2339E+00
  5.2405E+00  9.6587E+00  2.3257E+00
  5.0755E+00  9.6165E+00  2.2186E+00
  5.0250E+00  9.5090E+00  2.1854E+00
  5.0963E+00  9.6138E+00  2.2344E+00
  5.1052E+00  9.7420E+00  2.1575E+00
  5.1095E+00  9.7270E+00  1.9188E+00
  5.0258E+00  9.7772E+00  1.7927E+00
  5.0810E+00  1.0027E+01  1.8221E+00
  4.7953E+00  1.0121E+01  1.7570E+00
  4.8292E+00  1.0045E+01  2.0272E+00
  4.9238E+00  1.0237E+01  2.3032E+00
  4.7379E+00  1.0416E+01  2.5576E+00
  4.5277E+00  1.0522E+01  2.6595E+00
  4.5243E+00  1.0550E+01  3.0057E+00
  4.6523E+00  1.0466E+01  2.8744E+00
  4.6548E+00  1.0564E+01  2.6979E+00
  4.5823E+00  1.0622E+01  2.7593E+00
  4.2839E+00  1.0553E+01  2.6571E+00
  4.3457E+00  1.0347E+01  2.7322E+00
  4.3201E+00  1.0151E+01  3.1635E+00
  4.1012E+00  1.0245E+01  2.6517E+00
  4.3438E+00  1.0207E+01  2.8097E+00
  4.5079E+00  1.0272E+01  2.5710E+00
  4.7561E+00  1.0401E+01  2.3276E+00
  5.0975E+00  1.0452E+01  2.0606E+00
  4.8382E+00  1.0445E+01  2.3513E+00
  4.6032E+00  1.0461E+01  2.7170E+00
  4.6513E+00  1.0476E+01  2.4371E+00
  4.5574E+00  1.0756E+01  2.3839E+00
  4.5769E+00  1.0880E+01  2.3006E+00
  4.6555E+00  1.0808E+01  2.4453E+00
  4.5236E+00  1.0963E+01  2.4335E+00
  4.6628E+00  1.0949E+01  2.2943E+00
  4.8800E+00  1.0862E+01  2.1582E+00
  5.0823E+00  1.0829E+01  2.3915E+00
  4.8889E+00  1.0771E+01  2.0529E+00
  4.6080E+00  1.0829E+01  2.2031E+00
  4.7897E+00  1.0594E+01  2.4313E+00
  4.6825E+00  1.0536E+01  2.2311E+00
  4.6981E+00  1.0624E+01  2.2737E+00
  4.8712E+00  1.0619E+01  1.9995E+00
  4.6393E+00  1.0648E+01  2.1461E+00
  4.3444E+00  1.0561E+01  2.2895E+00
  4.3842E+00  1.0445E+01  2.4413E+00
  4.2832E+00  1.0622E+01  2.4280E+00
  4.2764E+00  1.0903E+01  2.1537E+00
  4.3566E+00  1.0937E+01  2.0160E+00
  4.2565E+00  1.0921E+01  2.1329E+00
  4.0036E+00  1.0884E+01  2.2458E+00
  4.4908E+00  1.0677E+01  1.6366E+00
  4.1427E+00  1.0928E+01  2.0434E+00
  4.5195E+00  1.0802E+01  1.9773E+00
  4.6237E+00  1.0747E+01  2.1742E+00
  4.5768E+00  1.0765E+01  2.3218E+00
  4.6093E+00  1.0793E+01  2.4554E+00
  4.5476E+00  1.0822E+01  2.6772E+00
  4.5770E+00  1.0725E+01  2.6686E+00
  4.6890E+00  1.0608E+01  2.5305E+00
  4.7086E+00  1.0572E+01  2.5380E+00
  4.5976E+00  1.0498E+01  2.6191E+00
  4.2999E+00  1.0241E+01  2.7792E+00
  4.4905E+00  1.0052E+01  2.7556E+00
  4.3252E+00  1.0089E+01  2.5931E+00
  4.5596E+00  1.0376E+01  2.4685E+00
  4.7278E+00  1.0508E+01  2.3382E+00
  4.4681E+00  1.0350E+01  2.4766E+00
  4.3620E+00  1.0386E+01  2.6968E+00
  4.4021E+00  1.0432E+01  2.6116E+00
  4.4833E+00  1.0543E+01  2.5151E+00
  4.4937E+00  1.0484E+01  2.4806E+00
  4.4690E+00  1.0414E+01  2.6414E+00
  4.5680E+00  1.0370E+01  2.7805E+00
  4.4440E+00  1.0500E+01  2.5293E+00
  4.5540E+00  1.0598E+01  2.1902E+00
  4.6743E+00  1.0397E+01  2.5776E+00
  4.7409E+00  1.0305E+01  2.7779E+00
  4.6690E+00  1.0523E+01  2.4718E+00
  4.7022E+00  1.0576E+01  2.6380E+00
  4.6464E+00  1.0655E+01  2.5368E+00
  4.7168E+00  1.0634E+01  2.5993E+00
  4.3976E+00  1.0560E+01  2.9136E+00
  4.5668E+00  1.0297E+01  2.6733E+00
  4.6575E+00  1.0269E+01  2.3789E+00
  4.6247E+00  1.0318E+01  2.2603E+00
  4.6475E+00  1.0263E+01  2.5136E+00
  4.3234E+00  1.0238E+01  2.8975E+00
  4.3257E+00  1.0223E+01  3.0406E+00
  4.3253E+00  1.0430E+01  2.7445E+00
  4.5328E+00  1.0683E+01  2.7367E+00
  4.6469E+00  1.0536E+01  2.6608E+00
  4.8252E+00  1.0400E+01  2.8180E+00
  4.7048E+00  1.0637E+01  2.6228E+00
  4.6500E+00  1.0689E+01  2.7728E+00
  4.7247E+00  1.0562E+01  2.6934E+00
  4.7800E+00  1.0413E+01  2.7656E+00
  4.8421E+00  1.0192E+01  2.8332E+00
  4.7258E+00  1.0181E+01  2.8617E+00
  4.6366E+00  1.0229E+01  2.8681E+00
  4.6788E+00  1.0135E+01  2.9677E+00
  4.6236E+00  1.0208E+01  3.0446E+00
  4.8771E+00  1.0121E+01  2.6567E+00
  4.9489E+00  1.0172E+01  2.4395E+00
  5.0270E+00  1.0257E+01  2.2800E+00
  5.0428E+00  1.0286E+01  2.2551E+00
  5.1009E+00  1.0462E+01  2.5448E+00
  5.0094E+00  1.0473E+01  2.7123E+00
  4.9076E+00  1.0436E+01  2.6985E+00
  5.0336E+00  1.0456E+01  2.7350E+00
  4.8449E+00  1.0582E+01  2.6787E+00
  4.5624E+00  1.0470E+01  2.9314E+00
  4.4510E+00  1.0473E+01  2.8664E+00
  4.1499E+00  1.0352E+01  2.8541E+00
  4.1754E+00  1.0268E+01  2.6970E+00
  4.2164E+00  1.0327E+01  2.5946E+00
  4.3042E+00  1.0495E+01  2.5765E+00
  4.3805E+00  1.0477E+01  2.6001E+00
  4.4646E+00  1.0246E+01  2.6624E+00
  4.3614E+00  1.0241E+01  2.7691E+00
  4.5095E+00  1.0166E+01  2.9365E+00
  4.5899E+00  1.0094E+01  2.9876E+00
  4.6601E+00  1.0184E+01  3.0006E+00
  4.6831E+00  1.0457E+01  2.7996E+00
  4.5944E+00  1.0424E+01  2.6134E+00
  4.7092E+00  1.0331E+01  2.7606E+00
  4.7604E+00  1.0483E+01  2.8822E+00
  4.9309E+00  1.0589E+01  2.7422E+00
  4.7701E+00  1.0442E+01  2.9724E+00
  4.7707E+00  1.0345E+01  3.2344E+00
  4.8088E+00  1.0338E+01  3.0043E+00
  4.7746E+00  1.0393E+01  2.9754E+00
  4.3073E+00  1.0309E+01  3.2266E+00
  4.4619E+00  1.0215E+01  2.6478E+00
  4.3716E+00  1.0337E+01  2.8995E+00
  4.6153E+00  1.0294E+01  2.7977E+00
  4.4710E+00  1.0322E+01  2.5266E+00
  4.3100E+00  1.0313E+01  2.7610E+00
  4.4351E+00  1.0155E+01  2.7937E+00
  4.3753E+00  1.0088E+01  2.7118E+00
  4.1725E+00  1.0255E+01  2.7763E+00
  4.2978E+00  1.0140E+01  2.7366E+00
  4.3764E+00  1.0098E+01  2.7638E+00
  4.3933E+00  1.0131E+01  2.9366E+00
  4.4274E+00  1.0257E+01  2.7447E+00
  4.5787E+00  1.0437E+01  2.5420E+00
  4.7384E+00  1.0386E+01  2.6047E+00
  4.8489E+00  1.0396E+01  2.7159E+00
  4.8119E+00  1.0352E+01  2.9147E+00
  4.8492E+00  1.0156E+01  2.7179E+00
  4.8379E+00  1.0155E+01  2.8615E+00
  4.7407E+00  1.0189E+01  2.8512E+00
  4.6677E+00  1.0084E+01  2.9860E+00
  4.4970E+00  1.0054E+01  2.9857E+00
  4.4537E+00  1.0109E+01  2.9009E+00
  4.3521E+00  1.0095E+01  2.9330E+00
  4.2951E+00  9.9526E+00  2.7997E+00
  4.2489E+00  1.0022E+01  2.8289E+00
  4.1268E+00  1.0082E+01  2.9411E+00
  4.3082E+00  9.9786E+00  2.9283E+00
  4.4644E+00  1.0184E+01  2.8262E+00
  4.5025E+00  1.0266E+01  2.8317E+00
  4.7966E+00  1.0158E+01  2.9180E+00
  4.8462E+00  1.0309E+01  2.9774E+00
  4.9743E+00  1.0309E+01  3.0885E+00
  5.0585E+00  1.0164E+01  3.0454E+00
  4.8761E+00  1.0187E+01  3.0857E+00
  4.6955E+00  1.0276E+01  3.0919E+00
  4.6128E+00  1.0165E+01  2.9751E+00
  4.3769E+00  1.0145E+01  2.8960E+00
  4.2096E+00  1.0260E+01  2.8855E+00
  4.2130E+00  1.0171E+01  2.7824E+00
  4.2335E+00  1.0001E+01  2.6999E+00
  4.2683E+00  1.0025E+01  2.6839E+00
  4.4083E+00  1.0026E+01  2.5568E+00
  4.5868E+00  1.0074E+01  2.6298E+00
  4.7789E+00  1.0114E+01  2.5046E+00
  4.7762E+00  1.0150E+01  2.5066E+00
  4.6776E+00  1.0259E+01  2.6894E+00
  4.6986E+00  1.0299E+01  2.7862E+00
  4.6756E+00  1.0504E+01  2.7146E+00
  4.6392E+00  1.0556E+01  2.7767E+00
  4.4559E+00  1.0517E+01  3.1770E+00
  4.2485E+00  1.0521E+01  3.4110E+00
  4.3203E+00  1.0419E+01  3.2556E+00
  4.2413E+00  1.0395E+01  3.5759E+00
  4.4991E+00  1.0175E+01  3.7746E+00
  4.4966E+00  1.0078E+01  3.5594E+00
  4.5532E+00  9.9993E+00  3.5307E+00
  4.3969E+00  9.8243E+00  3.7657E+00
  4.4552E+00  9.6399E+00  3.4856E+00
  4.8803E+00  9.6021E+00  3.3419E+00
  4.9492E+00  9.6609E+00  3.3948E+00
  4.6330E+00  9.7719E+00  3.6097E+00
  4.6512E+00  9.9199E+00  3.5496E+00
  4.4800E+00  1.0086E+01  3.6628E+00
  4.7901E+00  9.9504E+00  3.3060E+00
  4.6205E+00  1.0195E+01  3.5610E+00
  4.6483E+00  1.0187E+01  3.6013E+00
  4.7677E+00  1.0282E+01  3.3698E+00
  4.7277E+00  1.0340E+01  3.1819E+00
  4.7151E+00  1.0295E+01  3.0763E+00
  4.6937E+00  1.0058E+01  3.3347E+00
  4.5475E+00  9.9633E+00  3.2000E+00
  4.6308E+00  9.9905E+00  3.0876E+00
  4.5598E+00  1.0044E+01  2.9205E+00
  4.6198E+00  1.0050E+01  2.9233E+00
  4.8079E+00  1.0073E+01  2.9694E+00
  4.9211E+00  1.0059E+01  3.0329E+00
  4.8226E+00  9.9634E+00  3.6272E+00
  4.8121E+00  1.0097E+01  3.5684E+00
  4.8573E+00  1.0140E+01  3.6467E+00
  5.0482E+00  1.0311E+01  3.7089E+00
  5.0991E+00  1.0169E+01  3.6467E+00
  5.0506E+00  9.9421E+00  3.8559E+00
  4.9192E+00  1.0118E+01  3.5510E+00
  5.1339E+00  1.0069E+01  3.2582E+00
  4.8320E+00  9.9674E+00  3.3702E+00
  4.6762E+00  9.9617E+00  3.1977E+00
  4.7056E+00  9.9708E+00  3.1223E+00
  4.5568E+00  9.9001E+00  2.8846E+00
  4.5919E+00  9.8551E+00  2.6028E+00
  4.3523E+00  1.0015E+01  2.5438E+00
  4.1695E+00  1.0157E+01  2.5509E+00
  4.0264E+00  1.0099E+01  2.5521E+00
  4.0617E+00  1.0050E+01  2.6169E+00
  4.1348E+00  1.0167E+01  2.7569E+00
  4.2163E+00  1.0187E+01  2.5802E+00
  4.3523E+00  1.0065E+01  2.6728E+00
  4.1026E+00  1.0039E+01  2.6584E+00
  4.4147E+00  1.0006E+01  2.5579E+00
  4.4515E+00  1.0003E+01  2.6588E+00
  4.5262E+00  9.9611E+00  2.6696E+00
  4.5893E+00  1.0050E+01  2.5209E+00
  4.1551E+00  1.0145E+01  2.7656E+00
  4.0468E+00  1.0028E+01  3.2090E+00
  4.2657E+00  9.9735E+00  3.1341E+00
  4.1239E+00  1.0158E+01  2.7946E+00
  3.9922E+00  1.0226E+01  2.6320E+00
  4.0224E+00  1.0128E+01  3.0438E+00
  3.8246E+00  1.0225E+01  3.0494E+00
  3.2755E+00  1.0334E+01  2.9946E+00
  3.8544E+00  1.0372E+01  2.7671E+00
  3.9423E+00  1.0377E+01  2.8047E+00
  3.8209E+00  1.0366E+01  2.7325E+00
  4.2402E+00  1.0303E+01  2.2965E+00
  3.6593E+00  1.0425E+01  2.5115E+00
  4.1857E+00  1.0113E+01  2.7331E+00
  4.1050E+00  1.0292E+01  2.5564E+00
  3.8883E+00  1.0396E+01  2.6454E+00
  4.2183E+00  9.9874E+00  2.9968E+00
  3.9919E+00  1.0234E+01  2.7008E+00
  4.0886E+00  1.0161E+01  2.9946E+00
  3.9289E+00  9.8466E+00  3.3877E+00
  3.8299E+00  9.6947E+00  3.4770E+00
  4.1396E+00  9.8016E+00  3.1592E+00
  4.1772E+00  9.8387E+00  2.9052E+00
  4.0647E+00  9.8934E+00  3.0145E+00
  4.1519E+00  9.7656E+00  3.2064E+00
  4.0670E+00  9.7700E+00  3.1177E+00
  4.3065E+00  9.8679E+00  2.9590E+00
  4.0336E+00  1.0155E+01  2.7486E+00
  4.1560E+00  1.0167E+01  2.8859E+00
  4.1861E+00  1.0355E+01  3.0018E+00
  4.1232E+00  1.0539E+01  2.9198E+00
  4.3060E+00  1.0366E+01  2.8799E+00
  4.1421E+00  1.0564E+01  2.8246E+00
  4.2602E+00  1.0398E+01  2.9381E+00
  4.2983E+00  1.0186E+01  3.0862E+00
  4.3358E+00  9.9941E+00  2.8021E+00
  4.2400E+00  1.0020E+01  2.7398E+00
  4.3388E+00  9.7955E+00  2.6142E+00
  4.2926E+00  9.7175E+00  2.5978E+00
  4.1039E+00  9.6303E+00  2.6053E+00
  3.9782E+00  9.6205E+00  2.7339E+00
  3.7993E+00  9.6570E+00  2.5138E+00
  3.9140E+00  9.6435E+00  2.3651E+00
  3.8320E+00  9.5621E+00  2.5178E+00
  3.9274E+00  9.4346E+00  2.3087E+00
  4.1889E+00  9.3501E+00  2.1546E+00
  4.0363E+00  9.4774E+00  2.4233E+00
  4.2792E+00  9.3863E+00  2.0715E+00
  4.4928E+00  9.2364E+00  1.9693E+00
  4.2982E+00  9.1350E+00  2.3883E+00
  4.2948E+00  9.2055E+00  2.2221E+00
  4.1657E+00  9.4532E+00  2.2276E+00
  4.2510E+00  9.1929E+00  2.3373E+00
  4.1637E+00  9.2544E+00  2.4982E+00
  4.0477E+00  9.3799E+00  2.2554E+00
  4.0250E+00  9.3277E+00  2.1486E+00
  4.0327E+00  9.3839E+00  2.3970E+00
  4.0256E+00  9.2668E+00  2.2188E+00
  3.9081E+00  9.4758E+00  2.2708E+00
  4.1001E+00  9.2669E+00  2.6144E+00
  4.2355E+00  9.1888E+00  2.7665E+00
  4.1639E+00  9.1713E+00  2.7979E+00
  4.1378E+00  9.0438E+00  2.9532E+00
  4.1595E+00  9.1073E+00  3.0765E+00
  4.3115E+00  8.9400E+00  2.8360E+00
  4.4293E+00  8.8994E+00  3.0675E+00
  4.4330E+00  8.7989E+00  2.8745E+00
  4.5389E+00  8.7606E+00  2.7656E+00
  4.4438E+00  8.8137E+00  2.6957E+00
  4.3370E+00  8.9488E+00  2.5977E+00
  4.1216E+00  9.0060E+00  2.6176E+00
  4.1380E+00  8.8969E+00  2.5027E+00
  4.3492E+00  8.9726E+00  2.2631E+00
  4.2164E+00  9.0646E+00  2.4805E+00
  4.1335E+00  9.0826E+00  2.7310E+00
  4.2905E+00  9.1350E+00  2.6895E+00
  4.2471E+00  9.0154E+00  2.7243E+00
  4.3195E+00  8.9559E+00  2.6950E+00
  4.3643E+00  9.1569E+00  2.4502E+00
  4.2919E+00  8.9645E+00  2.6711E+00
  4.2683E+00  8.9579E+00  2.9690E+00
  4.2442E+00  8.8689E+00  3.1212E+00
  4.1988E+00  8.8741E+00  3.2719E+00
  4.3812E+00  8.7412E+00  3.3666E+00
  4.2891E+00  8.7529E+00  3.4251E+00
  4.1657E+00  8.7511E+00  3.2964E+00
  4.1406E+00  8.7091E+00  3.2672E+00
  4.2198E+00  8.7478E+00  3.3833E+00
  4.4084E+00  8.7701E+00  3.3996E+00
  4.4295E+00  8.7601E+00  3.4125E+00
  4.4513E+00  8.5959E+00  3.3740E+00
  4.4335E+00  8.3954E+00  3.3926E+00
  4.2624E+00  8.5447E+00  3.4169E+00
  4.6821E+00  8.4220E+00  3.2736E+00
  4.5943E+00  8.3412E+00  3.2947E+00
  4.7156E+00  8.3598E+00  3.0476E+00
  4.7764E+00  8.2674E+00  3.1820E+00
  4.7520E+00  8.1911E+00  2.9195E+00
  4.7201E+00  8.4520E+00  2.8335E+00
  4.6973E+00  8.6751E+00  3.0233E+00
  4.5021E+00  8.7725E+00  2.9735E+00
  4.5953E+00  8.7631E+00  2.8471E+00
  4.6586E+00  8.7068E+00  3.0986E+00
  4.8087E+00  8.7879E+00  3.2880E+00
  4.8803E+00  8.9071E+00  3.0395E+00
  5.1697E+00  8.7014E+00  3.0051E+00
  5.1341E+00  8.8981E+00  3.0812E+00
  4.8226E+00  9.0190E+00  2.8381E+00
  4.8972E+00  8.7015E+00  3.1067E+00
  4.8085E+00  8.6500E+00  3.1149E+00
  4.5256E+00  8.6308E+00  3.1979E+00
  4.5285E+00  8.4979E+00  3.3388E+00
  4.4709E+00  8.4823E+00  3.2727E+00
  4.5019E+00  8.5690E+00  2.8432E+00
  4.5187E+00  8.6676E+00  2.7400E+00
  4.4143E+00  8.5842E+00  3.1097E+00
  4.5332E+00  8.6050E+00  3.2048E+00
  4.6136E+00  8.6308E+00  3.5289E+00
  4.7435E+00  8.6302E+00  3.6173E+00
  4.7159E+00  8.8614E+00  3.3327E+00
  4.8362E+00  8.8607E+00  3.5565E+00
  4.9658E+00  8.7988E+00  3.2849E+00
  5.0149E+00  8.9333E+00  3.0875E+00
  5.1588E+00  8.6777E+00  2.9399E+00
