  5.4957E+00  1.2528E+01  1.9803E-01
  5.5157E+00 -1.2575E+01 -3.9418E-01
  5.9206E+00 -1.2225E+01 -1.9288E-01
  6.6619E+00 -1.2018E+01 -5.8219E-01
  6.7951E+00 -1.2202E+01 -5.2324E-01
  6.3025E+00 -1.2194E+01 -6.3160E-01
  5.9788E+00 -1.2389E+01 -6.2886E-01
  5.8546E+00  1.2531E+01 -4.6197E-01
  5.7256E+00  1.2410E+01 -5.3349E-01
  5.5732E+00  1.2446E+01 -6.2183E-01
  5.4737E+00  1.2336E+01 -4.8256E-01
  5.5623E+00  1.2303E+01 -4.4205E-01
  5.6667E+00  1.2369E+01 -5.1989E-01
  5.6352E+00  1.2294E+01 -7.0974E-01
  5.7576E+00  1.2330E+01 -8.8775E-01
  5.8282E+00  1.2308E+01 -9.3011E-01
  5.7839E+00  1.2307E+01 -9.7379E-01
  5.7553E+00  1.2355E+01 -1.0183E+00
  5.7443E+00  1.2256E+01 -1.0743E+00
  5.7219E+00  1.2183E+01 -1.0720E+00
  5.6961E+00  1.2136E+01 -1.1806E+00
  5.6972E+00  1.2057E+01 -1.4278E+00
  5.7839E+00  1.2038E+01 -1.4281E+00
  5.7760E+00  1.1887E+01 -1.4980E+00
  5.8093E+00  1.1549E+01 -1.7007E+00
  5.8869E+00  1.1272E+01 -1.7989E+00
  5.9400E+00  1.1018E+01 -1.9346E+00
  5.9786E+00  1.0806E+01 -2.1095E+00
  6.3076E+00  1.0627E+01 -2.2534E+00
  6.2843E+00  1.0341E+01 -2.0875E+00
  6.3044E+00  1.0261E+01 -2.1783E+00
  6.5574E+00  9.8075E+00 -2.1988E+00
  6.3593E+00  1.0012E+01 -2.4262E+00
  6.5514E+00  9.1797E+00 -2.3545E+00
  6.1484E+00  9.5106E+00 -2.5639E+00
  6.2969E+00  9.5942E+00 -2.7338E+00
  6.3588E+00  9.3687E+00 -2.4371E+00
  6.4531E+00  9.2998E+00 -2.4256E+00
  6.2010E+00  9.3397E+00 -2.2865E+00
  6.1827E+00  9.1845E+00 -2.2039E+00
  6.1975E+00  8.9738E+00 -2.1477E+00
  6.3157E+00  8.9000E+00 -2.1510E+00
  6.3575E+00  8.8512E+00 -2.0306E+00
  6.1995E+00  8.8549E+00 -1.8372E+00
  6.0517E+00  8.9848E+00 -1.5824E+00
  6.0998E+00  9.0792E+00 -1.3058E+00
  6.2075E+00  9.1076E+00 -1.2810E+00
  6.0363E+00  9.1380E+00 -1.2008E+00
  6.4557E+00  9.1786E+00 -1.1989E+00
  6.5755E+00  9.2895E+00 -1.2599E+00
  6.7074E+00  9.3982E+00 -1.2683E+00
  7.0489E+00  9.1695E+00 -1.6144E+00
  6.8044E+00  8.8847E+00 -2.0562E+00
  6.8238E+00  8.6996E+00 -1.9755E+00
  6.5806E+00  8.1268E+00 -2.2697E+00
  7.1038E+00  8.1392E+00 -2.1722E+00
  7.4800E+00  8.0644E+00 -2.0793E+00
  7.9212E+00  8.1669E+00 -2.0701E+00
  8.1880E+00  8.0501E+00 -2.2044E+00
  8.3745E+00  7.5235E+00 -2.0365E+00
  8.2715E+00  8.0469E+00 -2.3101E+00
  8.2703E+00  8.0798E+00 -2.5720E+00
  8.3791E+00  7.9477E+00 -2.2600E+00
  8.3556E+00  8.2232E+00 -2.4891E+00
  8.3874E+00  8.3083E+00 -2.0485E+00
  7.9659E+00  8.2255E+00 -2.5854E+00
  8.4395E+00  8.1941E+00 -2.0593E+00
  8.1001E+00  8.2171E+00 -2.2298E+00
  8.0475E+00  8.0379E+00 -1.7662E+00
  8.0202E+00  8.0240E+00 -1.9692E+00
  8.2610E+00  7.9669E+00 -1.7158E+00
  8.2558E+00  7.7147E+00 -1.7726E+00
  8.3559E+00  7.8145E+00 -1.9903E+00
  8.3884E+00  7.6643E+00 -1.9895E+00
  8.3231E+00  7.6106E+00 -2.1542E+00
  8.2715E+00  7.7631E+00 -2.2519E+00
  8.4037E+00  7.8348E+00 -1.9644E+00
  8.6536E+00  7.6454E+00 -2.1358E+00
  8.3080E+00  7.7275E+00 -2.1777E+00
  8.2276E+00  7.5821E+00 -2.2466E+00
  8.0631E+00  7.7107E+00 -2.3194E+00
  7.7554E+00  7.6278E+00 -2.5316E+00
  8.0711E+00  7.8162E+00 -2.2748E+00
  8.4646E+00  7.7967E+00 -2.1936E+00
  8.2927E+00  7.8173E+00 -2.2265E+00
  8.2691E+00  7.7389E+00 -2.6166E+00
  8.4435E+00  7.8690E+00 -2.3656E+00
  8.1110E+00  7.6974E+00 -2.2876E+00
  7.9202E+00  7.8169E+00 -1.9868E+00
  8.0725E+00  7.7624E+00 -1.9870E+00
  8.2811E+00  7.7120E+00 -1.7099E+00
  8.1008E+00  7.8429E+00 -2.1208E+00
  8.3390E+00  8.0070E+00 -1.8308E+00
  8.0552E+00  7.5685E+00 -2.0721E+00
  7.8250E+00  7.6923E+00 -2.1282E+00
  7.8952E+00  7.9725E+00 -2.2035E+00
  8.3980E+00  7.8744E+00 -1.8931E+00
  8.1637E+00  7.6718E+00 -2.3099E+00
  8.1256E+00  7.7794E+00 -2.3845E+00
  8.4139E+00  7.8828E+00 -2.0990E+00
  8.1582E+00  7.9071E+00 -2.0897E+00
  7.9754E+00  7.8380E+00 -2.1821E+00
  7.9540E+00  7.6554E+00 -2.1899E+00
  7.8752E+00  7.6508E+00 -2.1527E+00
  8.1004E+00  7.7928E+00 -1.8846E+00
  7.8098E+00  7.9184E+00 -2.1379E+00
  7.8964E+00  7.8861E+00 -1.9158E+00
  8.0936E+00  7.9365E+00 -1.9005E+00
  8.1307E+00  7.8920E+00 -1.7916E+00
  8.0844E+00  7.7184E+00 -2.0124E+00
  8.2510E+00  7.6721E+00 -1.9062E+00
  8.2542E+00  7.7032E+00 -1.7569E+00
  8.3339E+00  7.8612E+00 -1.7087E+00
  8.2561E+00  7.9192E+00 -1.7548E+00
  8.2190E+00  7.5593E+00 -2.0802E+00
  8.2216E+00  7.3927E+00 -2.2577E+00
  8.1955E+00  7.5914E+00 -2.2700E+00
  8.0591E+00  7.8865E+00 -2.2175E+00
  7.9729E+00  8.0907E+00 -1.8087E+00
  7.5692E+00  7.8746E+00 -2.2018E+00
  7.8249E+00  7.6336E+00 -2.0435E+00
  8.0479E+00  7.5938E+00 -1.9650E+00
  8.0078E+00  7.3763E+00 -2.0496E+00
  8.4419E+00  7.5149E+00 -1.7887E+00
  8.3803E+00  7.5499E+00 -1.7252E+00
  8.2098E+00  7.4312E+00 -1.8166E+00
  8.0209E+00  7.5463E+00 -1.8621E+00
  7.9715E+00  7.4976E+00 -1.8265E+00
  8.0610E+00  7.7769E+00 -1.7102E+00
  8.0413E+00  7.9751E+00 -1.8520E+00
  7.8282E+00  8.0344E+00 -1.7907E+00
  7.8916E+00  7.9325E+00 -1.9649E+00
  8.1051E+00  7.9727E+00 -1.9453E+00
  8.0362E+00  7.9652E+00 -2.1852E+00
  8.5637E+00  7.9241E+00 -1.8019E+00
  8.2182E+00  8.0870E+00 -1.8310E+00
  8.2186E+00  8.0495E+00 -1.7049E+00
  8.3514E+00  8.3237E+00 -1.3701E+00
  8.3318E+00  7.8590E+00 -1.6262E+00
  8.3004E+00  7.8942E+00 -1.4209E+00
  8.1180E+00  7.8018E+00 -1.7577E+00
  8.0998E+00  7.4638E+00 -1.8702E+00
  8.1644E+00  7.7123E+00 -1.6669E+00
  8.0480E+00  7.6434E+00 -1.8941E+00
  7.8472E+00  7.4662E+00 -2.1398E+00
  8.1445E+00  7.5248E+00 -2.0739E+00
  8.1969E+00  7.6026E+00 -2.3366E+00
  8.2177E+00  7.7908E+00 -2.1882E+00
  8.1710E+00  7.9119E+00 -1.9126E+00
  8.0351E+00  8.0252E+00 -1.9647E+00
  8.2420E+00  8.0182E+00 -1.6804E+00
  8.1018E+00  7.7530E+00 -1.9851E+00
  8.1818E+00  7.5724E+00 -1.9809E+00
  8.0230E+00  7.5967E+00 -2.1185E+00
  7.9492E+00  7.4686E+00 -2.1931E+00
  8.2537E+00  7.7010E+00 -1.8758E+00
  8.0134E+00  7.8890E+00 -2.2294E+00
  7.9185E+00  7.9228E+00 -2.2538E+00
  8.1738E+00  8.1254E+00 -2.1564E+00
  7.8161E+00  8.1033E+00 -2.2796E+00
  7.7953E+00  7.9909E+00 -2.1786E+00
  7.9914E+00  7.7801E+00 -2.2021E+00
  7.8532E+00  7.9654E+00 -2.1587E+00
  7.9892E+00  7.9083E+00 -1.8801E+00
  8.1326E+00  7.7906E+00 -1.9837E+00
  8.1632E+00  7.8112E+00 -1.8479E+00
  7.9083E+00  7.4613E+00 -2.3219E+00
  7.9490E+00  7.6245E+00 -2.4050E+00
  7.9079E+00  7.8614E+00 -2.2111E+00
  7.4350E+00  7.3377E+00 -2.4478E+00
  8.2565E+00  7.8905E+00 -2.1245E+00
  7.9500E+00  7.8041E+00 -2.5357E+00
  8.2094E+00  7.7044E+00 -1.9770E+00
  7.9243E+00  7.6047E+00 -2.3975E+00
  7.8722E+00  7.6973E+00 -2.3076E+00
  7.9693E+00  7.9735E+00 -2.0088E+00
  8.1188E+00  7.8267E+00 -2.3390E+00
  8.2545E+00  7.7864E+00 -2.1734E+00
  8.0945E+00  8.0114E+00 -2.0072E+00
  8.0443E+00  7.9135E+00 -2.1833E+00
  8.1771E+00  7.9663E+00 -2.0573E+00
  8.0478E+00  7.9252E+00 -2.1822E+00
  8.0803E+00  7.8514E+00 -2.1826E+00
  8.0485E+00  7.6293E+00 -2.1089E+00
  8.2219E+00  7.4849E+00 -2.0755E+00
  8.0744E+00  7.4937E+00 -2.3033E+00
  8.1483E+00  7.6341E+00 -1.9825E+00
  8.0094E+00  7.7957E+00 -2.0324E+00
  7.9746E+00  7.8087E+00 -2.1666E+00
  8.1133E+00  7.7233E+00 -2.2082E+00
  8.0130E+00  7.8578E+00 -2.3659E+00
  7.9428E+00  7.9452E+00 -2.2910E+00
  7.9613E+00  7.8977E+00 -2.2852E+00
  8.0588E+00  7.8108E+00 -2.1011E+00
  8.0503E+00  7.4452E+00 -2.1665E+00
  8.2353E+00  7.5214E+00 -2.0008E+00
  7.9115E+00  7.3739E+00 -2.1807E+00
  8.3004E+00  7.9064E+00 -1.7432E+00
  8.3468E+00  7.9246E+00 -1.9922E+00
  8.2027E+00  7.9870E+00 -1.9019E+00
  8.0367E+00  8.0958E+00 -2.2983E+00
  8.1891E+00  8.1765E+00 -2.0475E+00
  7.8436E+00  7.8185E+00 -2.3083E+00
  8.2780E+00  8.2920E+00 -1.7972E+00
  7.7688E+00  8.0705E+00 -2.2580E+00
  8.0641E+00  7.7735E+00 -2.1702E+00
  7.8413E+00  7.6203E+00 -2.5464E+00
  7.6941E+00  7.9451E+00 -2.5677E+00
  7.8011E+00  7.6512E+00 -2.5133E+00
  7.7122E+00  7.5106E+00 -2.4637E+00
  7.8143E+00  7.9061E+00 -2.2913E+00
  7.9157E+00  7.7196E+00 -2.4132E+00
  7.8486E+00  7.7101E+00 -2.2764E+00
  8.2395E+00  7.7894E+00 -2.1858E+00
  7.8936E+00  7.7733E+00 -2.4706E+00
  7.9160E+00  7.8030E+00 -2.4251E+00
  8.0334E+00  7.7236E+00 -2.4680E+00
  8.1275E+00  7.9209E+00 -2.2837E+00
  7.9861E+00  7.8511E+00 -2.2918E+00
  8.4029E+00  7.8291E+00 -1.9779E+00
  8.1652E+00  7.9061E+00 -1.7440E+00
  7.7749E+00  8.0378E+00 -1.9951E+00
  8.2185E+00  7.9160E+00 -1.9393E+00
  8.0139E+00  7.7479E+00 -2.5870E+00
  7.9626E+00  8.2132E+00 -2.5134E+00
  7.9458E+00  8.2897E+00 -2.6242E+00
  7.7305E+00  8.2357E+00 -2.9094E+00
  7.1817E+00  8.3462E+00 -3.1358E+00
  7.5933E+00  7.9767E+00 -3.2210E+00
  7.7252E+00  7.9117E+00 -2.9238E+00
  7.4232E+00  7.6960E+00 -3.3234E+00
  7.5534E+00  7.7053E+00 -3.2497E+00
  7.3485E+00  8.0157E+00 -3.1472E+00
  6.8409E+00  7.8836E+00 -3.3712E+00
  7.0838E+00  7.9170E+00 -3.3020E+00
  6.5845E+00  7.6165E+00 -3.5100E+00
  6.6215E+00  7.4483E+00 -3.4642E+00
  6.9153E+00  7.6179E+00 -3.2813E+00
  6.4729E+00  7.3037E+00 -3.1602E+00
  6.6685E+00  7.7297E+00 -2.9334E+00
  6.8712E+00  7.7694E+00 -2.9553E+00
  6.5318E+00  7.6816E+00 -3.0558E+00
  6.8039E+00  8.1900E+00 -2.9390E+00
  6.8324E+00  8.2754E+00 -3.0330E+00
  6.4507E+00  8.5171E+00 -3.0524E+00
  6.6222E+00  8.6104E+00 -3.0038E+00
  6.2157E+00  8.1935E+00 -3.2131E+00
  6.2856E+00  8.2865E+00 -3.3208E+00
  6.3916E+00  8.3143E+00 -3.2326E+00
  6.0809E+00  7.8192E+00 -3.2192E+00
  6.2864E+00  7.9074E+00 -3.3810E+00
  6.2485E+00  7.7077E+00 -3.5632E+00
  5.7904E+00  7.1787E+00 -3.4818E+00
  6.3615E+00  7.2416E+00 -3.7322E+00
  6.5235E+00  6.6218E+00 -3.8441E+00
  6.1379E+00  6.4181E+00 -3.6666E+00
  6.2894E+00  6.6892E+00 -3.7651E+00
  5.8120E+00  6.8010E+00 -3.8516E+00
  5.6576E+00  6.2839E+00 -3.8524E+00
  6.2080E+00  6.8584E+00 -3.6389E+00
  5.6366E+00  6.5790E+00 -3.7054E+00
  4.8963E+00  6.5397E+00 -3.4668E+00
  4.6904E+00  6.2080E+00 -3.5892E+00
  4.7739E+00  6.4096E+00 -3.5130E+00
  4.6267E+00  5.8565E+00 -3.0236E+00
  4.4471E+00  6.4681E+00 -2.4441E+00
  4.5639E+00  6.2817E+00 -2.6193E+00
  4.7221E+00  6.3744E+00 -2.2984E+00
  4.9443E+00  6.1673E+00 -2.4099E+00
  5.0151E+00  6.2478E+00 -2.8067E+00
  4.8812E+00  6.3241E+00 -2.5190E+00
  5.1387E+00  6.0552E+00 -2.6773E+00
  5.0321E+00  6.6661E+00 -2.9555E+00
  5.2636E+00  6.9187E+00 -3.3644E+00
  5.6365E+00  7.2623E+00 -3.5610E+00
  5.9492E+00  7.5320E+00 -3.6885E+00
  5.8259E+00  7.3267E+00 -3.7787E+00
  5.5179E+00  7.4205E+00 -3.4418E+00
  6.1277E+00  7.1662E+00 -4.0190E+00
  6.0065E+00  7.2762E+00 -3.8001E+00
  5.8764E+00  6.9754E+00 -3.6926E+00
  5.9842E+00  6.9674E+00 -3.7718E+00
  5.6693E+00  6.9604E+00 -3.5317E+00
  5.6816E+00  6.9081E+00 -3.5279E+00
  5.9851E+00  7.4874E+00 -3.4732E+00
  5.9153E+00  7.2157E+00 -3.5375E+00
  5.8006E+00  7.2898E+00 -3.4697E+00
  6.0559E+00  7.5308E+00 -3.6826E+00
  6.1443E+00  7.4484E+00 -3.8907E+00
  5.7003E+00  7.1468E+00 -3.7570E+00
  5.7394E+00  7.2513E+00 -4.0048E+00
  5.7416E+00  7.4446E+00 -3.8621E+00
  5.4026E+00  6.9452E+00 -3.3329E+00
  5.6678E+00  7.2663E+00 -3.4725E+00
  5.6016E+00  7.1723E+00 -3.4423E+00
  5.1752E+00  6.6716E+00 -2.6387E+00
  5.1991E+00  6.8990E+00 -3.0561E+00
  5.4330E+00  7.2880E+00 -3.5287E+00
  5.1253E+00  7.1058E+00 -3.7780E+00
  5.2133E+00  7.1502E+00 -4.0958E+00
  5.3855E+00  7.2848E+00 -4.0778E+00
  5.2961E+00  6.9675E+00 -4.0149E+00
  5.6467E+00  6.9168E+00 -4.3178E+00
  5.6393E+00  7.5129E+00 -4.1261E+00
  5.7616E+00  7.6539E+00 -4.1280E+00
  5.8901E+00  7.8984E+00 -4.0934E+00
  5.9402E+00  8.1818E+00 -4.2592E+00
  5.8932E+00  8.4085E+00 -4.2033E+00
  5.9011E+00  8.5224E+00 -4.1409E+00
  5.9777E+00  8.7816E+00 -4.0048E+00
  5.8834E+00  8.7649E+00 -3.9425E+00
  5.7106E+00  8.5502E+00 -4.1586E+00
  5.3650E+00  8.0497E+00 -3.9971E+00
  5.5161E+00  7.5072E+00 -4.2180E+00
  5.3574E+00  7.2357E+00 -3.7877E+00
  5.6019E+00  6.6362E+00 -3.4620E+00
  5.8132E+00  6.3826E+00 -3.6136E+00
  5.3552E+00  6.7346E+00 -4.0534E+00
  5.3936E+00  7.1022E+00 -4.5088E+00
  5.4096E+00  7.8558E+00 -4.6753E+00
  5.7665E+00  8.3610E+00 -4.9729E+00
  5.7713E+00  8.3798E+00 -5.3264E+00
  5.4700E+00  8.3271E+00 -5.3419E+00
  5.3877E+00  8.0926E+00 -5.6884E+00
  5.3015E+00  8.6419E+00 -5.5124E+00
  5.7798E+00  8.8775E+00 -5.4620E+00
  5.7493E+00  8.7589E+00 -5.5388E+00
  5.1582E+00  8.2801E+00 -5.3239E+00
  5.0886E+00  7.9780E+00 -5.2054E+00
  5.0722E+00  8.4123E+00 -5.3752E+00
  4.9634E+00  8.9723E+00 -4.8150E+00
  4.9598E+00  8.6908E+00 -4.9294E+00
  4.9598E+00  8.4139E+00 -4.8623E+00
  4.9085E+00  8.5080E+00 -4.6027E+00
  5.2281E+00  8.7060E+00 -4.9035E+00
  5.3726E+00  8.6414E+00 -4.6927E+00
  5.7521E+00  8.7540E+00 -4.7182E+00
  6.6180E+00  9.2273E+00 -4.6872E+00
  6.8639E+00  9.2209E+00 -4.4817E+00
  6.8449E+00  8.9637E+00 -5.2628E+00
  6.1179E+00  8.2711E+00 -5.2072E+00
  6.3248E+00  8.3645E+00 -5.5585E+00
  6.3521E+00  8.7739E+00 -5.6055E+00
  5.9019E+00  8.5700E+00 -5.4832E+00
  5.4499E+00  7.3054E+00 -5.3662E+00
  5.2599E+00  7.0492E+00 -5.3041E+00
  5.5370E+00  7.4563E+00 -5.7571E+00
  5.5680E+00  7.3902E+00 -5.6349E+00
  4.9070E+00  7.2156E+00 -4.9657E+00
  5.1157E+00  7.1884E+00 -5.2237E+00
  5.5969E+00  7.7400E+00 -5.5427E+00
  5.5259E+00  7.8927E+00 -5.5025E+00
  5.8630E+00  7.5321E+00 -5.3869E+00
  5.8685E+00  8.1969E+00 -5.2528E+00
  6.0668E+00  8.6193E+00 -5.1022E+00
  6.6352E+00  8.2077E+00 -5.2056E+00
  6.4979E+00  8.2761E+00 -5.0599E+00
  6.8732E+00  8.3755E+00 -5.0960E+00
  7.1839E+00  8.8514E+00 -5.1397E+00
  7.0068E+00  9.1332E+00 -5.1200E+00
  7.0358E+00  8.8962E+00 -5.4395E+00
  7.0787E+00  8.9732E+00 -5.6300E+00
  6.9885E+00  9.3910E+00 -5.5949E+00
  6.8319E+00  9.1723E+00 -5.8157E+00
  6.8093E+00  9.3421E+00 -5.8684E+00
  7.1109E+00  9.6921E+00 -5.7538E+00
  7.0458E+00  9.1706E+00 -5.6379E+00
  7.0778E+00  9.0246E+00 -5.3844E+00
  7.1680E+00  9.8253E+00 -5.0430E+00
  6.9754E+00  9.2300E+00 -5.0274E+00
  6.9970E+00  9.3052E+00 -4.9350E+00
  6.8069E+00  9.6650E+00 -4.9603E+00
  6.8010E+00  9.2767E+00 -5.1422E+00
  6.8939E+00  9.5478E+00 -5.1323E+00
  6.7906E+00  1.0064E+01 -4.9382E+00
  6.9953E+00  9.2704E+00 -5.1650E+00
  6.9681E+00  9.7506E+00 -5.0847E+00
  6.8807E+00  9.8494E+00 -4.8512E+00
  6.6338E+00  8.9344E+00 -4.7953E+00
  7.1384E+00  9.2872E+00 -4.7940E+00
  6.6878E+00  9.3220E+00 -4.7381E+00
  6.8290E+00  8.6913E+00 -4.8163E+00
  6.7414E+00  9.1793E+00 -4.9122E+00
  6.6282E+00  9.4162E+00 -4.9914E+00
  6.5528E+00  9.3248E+00 -5.1088E+00
  6.9285E+00  1.0053E+01 -4.9092E+00
  6.7482E+00  1.0029E+01 -4.8917E+00
  6.7613E+00  9.5783E+00 -4.8781E+00
  6.8913E+00  1.0267E+01 -4.3247E+00
  6.8215E+00  9.9106E+00 -4.4672E+00
  6.6702E+00  9.3665E+00 -4.5654E+00
  7.2534E+00  9.5251E+00 -4.6630E+00
  7.1770E+00  8.9422E+00 -4.9958E+00
  7.0545E+00  9.0405E+00 -4.8960E+00
  7.5152E+00  9.6219E+00 -4.7835E+00
  7.1356E+00  9.4365E+00 -4.9867E+00
  7.0759E+00  9.9402E+00 -5.0694E+00
  7.1769E+00  1.0516E+01 -4.8053E+00
  6.6016E+00  9.9872E+00 -4.9931E+00
  6.8412E+00  1.0702E+01 -4.8618E+00
