  5.0769E+00 -9.8563E+00  3.0155E-01
  5.4273E+00 -9.8502E+00  7.3060E-01
  6.1202E+00 -1.0279E+01  5.1924E-01
  6.3091E+00 -1.0302E+01  2.9509E-02
  6.4915E+00 -1.0128E+01  7.6772E-02
  6.5799E+00 -1.0253E+01  4.8943E-02
  6.5546E+00 -1.0312E+01  7.2205E-02
  6.7790E+00 -1.0325E+01  1.2451E-01
  6.7526E+00 -1.0527E+01  2.6295E-01
  6.7752E+00 -1.0433E+01  1.3811E-01
  6.9054E+00 -1.0464E+01  1.0352E-01
  6.9198E+00 -1.0441E+01  1.3759E-01
  6.9665E+00 -1.0399E+01  1.4582E-01
  6.9361E+00 -1.0313E+01  1.7354E-01
  6.8754E+00 -1.0464E+01  2.2828E-01
  6.8830E+00 -1.0501E+01  2.8494E-01
  6.9186E+00 -1.0377E+01  3.4375E-01
  6.8561E+00 -1.0287E+01  4.0061E-01
  6.7805E+00 -1.0297E+01  4.5308E-01
  6.7709E+00 -1.0371E+01  5.2196E-01
  6.7305E+00 -1.0435E+01  6.2733E-01
  6.7525E+00 -1.0533E+01  8.0257E-01
  6.7051E+00 -1.0699E+01  9.6659E-01
  6.7223E+00 -1.0960E+01  1.0941E+00
  6.7288E+00 -1.1230E+01  1.3621E+00
  6.7130E+00 -1.1693E+01  1.6635E+00
  6.9176E+00 -1.2579E+01  1.5909E+00
  7.2391E+00  1.1600E+01  1.7079E+00
  7.6051E+00  1.0991E+01  1.8390E+00
  7.6559E+00  1.1128E+01  2.1314E+00
  7.7202E+00  1.0993E+01  2.3459E+00
  7.9100E+00  1.1182E+01  2.8873E+00
  8.0040E+00  1.1015E+01  2.7324E+00
  7.8703E+00  1.0932E+01  2.6498E+00
  7.6698E+00  1.1072E+01  2.6655E+00
  7.4866E+00  1.1113E+01  2.8941E+00
  7.4771E+00  1.1379E+01  2.6681E+00
  7.3892E+00  1.1334E+01  2.4461E+00
  7.1952E+00  1.1415E+01  2.6468E+00
  7.4728E+00  1.1439E+01  2.3133E+00
  7.1408E+00  1.1431E+01  2.6219E+00
  7.3491E+00  1.1434E+01  2.6974E+00
  7.2543E+00  1.1231E+01  2.8730E+00
  7.2028E+00  1.1320E+01  2.7991E+00
  7.2562E+00  1.1236E+01  2.6806E+00
  7.0666E+00  1.1302E+01  2.4307E+00
  7.0888E+00  1.1257E+01  2.5934E+00
  6.9933E+00  1.1306E+01  2.4509E+00
  6.9758E+00  1.1490E+01  2.2867E+00
  6.9181E+00  1.1456E+01  2.2421E+00
  6.8911E+00  1.1685E+01  2.2260E+00
  6.8840E+00  1.1768E+01  2.1742E+00
  6.7383E+00  1.1911E+01  1.9959E+00
  6.8574E+00  1.1746E+01  2.0771E+00
  6.6749E+00  1.1840E+01  1.9434E+00
  6.5682E+00  1.1998E+01  1.8607E+00
  6.4947E+00  1.1963E+01  2.1365E+00
  6.4817E+00  1.2251E+01  2.3063E+00
  6.3138E+00  1.2441E+01  2.1850E+00
  6.4088E+00  1.2556E+01  2.2344E+00
  6.3011E+00 -1.2437E+01  2.2988E+00
  6.1403E+00 -1.2339E+01  2.0746E+00
  6.1027E+00 -1.2181E+01  2.2097E+00
  6.2798E+00 -1.2220E+01  2.0006E+00
  6.3071E+00 -1.2279E+01  2.0931E+00
  6.3956E+00 -1.2341E+01  1.9618E+00
  6.3724E+00 -1.2342E+01  1.7808E+00
  6.2494E+00 -1.2366E+01  1.5923E+00
  6.2663E+00 -1.2418E+01  1.6340E+00
  6.2357E+00 -1.2388E+01  1.6890E+00
  6.2558E+00 -1.2404E+01  1.5547E+00
  6.1191E+00 -1.2308E+01  1.5680E+00
  6.2418E+00 -1.2411E+01  1.6384E+00
  6.2476E+00 -1.2438E+01  1.4011E+00
  6.2716E+00 -1.2382E+01  1.2780E+00
  6.3304E+00 -1.2253E+01  1.2627E+00
  6.2015E+00 -1.2145E+01  1.1369E+00
  6.2715E+00 -1.2239E+01  1.1272E+00
  6.5490E+00 -1.2310E+01  1.1605E+00
  6.5850E+00 -1.2406E+01  1.1181E+00
  6.5086E+00 -1.2244E+01  1.2945E+00
  6.4508E+00 -1.2165E+01  1.3319E+00
  6.4961E+00 -1.2321E+01  1.3822E+00
  6.4240E+00 -1.2191E+01  1.6350E+00
  6.4164E+00 -1.2334E+01  2.0608E+00
  6.2464E+00 -1.2338E+01  2.4150E+00
  6.3392E+00 -1.2244E+01  2.5166E+00
  6.3820E+00 -1.2352E+01  2.4194E+00
  6.3981E+00 -1.2551E+01  2.4517E+00
  6.5601E+00  1.2404E+01  2.6091E+00
  6.4436E+00  1.2590E+01  2.5396E+00
  6.5232E+00 -1.2579E+01  2.5772E+00
  6.7415E+00 -1.2580E+01  2.3924E+00
  6.5891E+00 -1.2407E+01  2.3646E+00
  6.8837E+00  1.2592E+01  2.2879E+00
  6.7073E+00 -1.2481E+01  2.2233E+00
  6.6162E+00 -1.2496E+01  2.1792E+00
  6.5995E+00 -1.2527E+01  2.1433E+00
  6.5246E+00  1.2525E+01  2.3092E+00
  6.5250E+00 -1.2593E+01  2.3767E+00
  6.3857E+00 -1.2552E+01  2.3622E+00
  6.3869E+00 -1.2567E+01  2.2635E+00
  6.2466E+00 -1.2435E+01  2.2057E+00
  6.0000E+00 -1.2476E+01  2.3873E+00
  6.0322E+00 -1.2505E+01  2.2959E+00
  6.0953E+00 -1.2388E+01  2.6233E+00
  5.9037E+00 -1.2334E+01  2.5124E+00
  5.8930E+00 -1.2352E+01  2.3222E+00
  5.7451E+00 -1.2549E+01  1.9098E+00
  6.0372E+00 -1.2554E+01  2.0835E+00
  6.0962E+00  1.2370E+01  1.8497E+00
  5.8060E+00  1.2449E+01  1.8392E+00
  6.1141E+00  1.2513E+01  1.7445E+00
  5.8957E+00 -1.2598E+01  1.6599E+00
  6.0408E+00 -1.2573E+01  2.0935E+00
  5.9051E+00 -1.2562E+01  2.0103E+00
  5.7935E+00 -1.2581E+01  1.8530E+00
  5.8806E+00 -1.2590E+01  2.0780E+00
  5.8628E+00 -1.2486E+01  2.0446E+00
  6.1143E+00  1.2521E+01  1.9103E+00
  6.3275E+00  1.2347E+01  1.8553E+00
  5.9953E+00 -1.2560E+01  1.8748E+00
  5.9820E+00 -1.2466E+01  1.9954E+00
  5.9450E+00  1.2513E+01  1.8024E+00
  6.2686E+00  1.2562E+01  1.8542E+00
  6.0582E+00  1.2562E+01  2.0727E+00
  5.9292E+00  1.2578E+01  2.3078E+00
  6.0525E+00  1.2577E+01  2.3672E+00
  5.6298E+00 -1.2559E+01  2.6911E+00
  6.0071E+00  1.2436E+01  2.5780E+00
  6.0196E+00 -1.2594E+01  2.5687E+00
  6.0882E+00 -1.2507E+01  2.3787E+00
  6.0787E+00  1.2593E+01  2.2047E+00
  6.2031E+00  1.2489E+01  1.8019E+00
  6.3264E+00  1.2565E+01  1.9609E+00
  6.3847E+00  1.2483E+01  1.9777E+00
  6.3969E+00 -1.2575E+01  2.2300E+00
  6.4319E+00  1.2283E+01  1.8978E+00
  6.3791E+00  1.2449E+01  2.1262E+00
  5.9810E+00 -1.2574E+01  2.3931E+00
  5.5784E+00  1.2469E+01  2.3318E+00
  5.7815E+00  1.2291E+01  2.0761E+00
  5.8768E+00  1.2368E+01  2.0565E+00
  5.7775E+00  1.2458E+01  2.3185E+00
  6.0158E+00  1.2335E+01  1.8346E+00
  6.3191E+00  1.2311E+01  1.7779E+00
  6.3302E+00  1.2444E+01  1.7758E+00
  6.0231E+00 -1.2575E+01  2.0667E+00
  6.3587E+00 -1.2584E+01  2.2029E+00
  6.2249E+00 -1.2346E+01  2.3453E+00
  6.3144E+00 -1.2134E+01  2.3472E+00
  6.3332E+00 -1.2275E+01  2.4394E+00
  6.0060E+00 -1.2323E+01  2.3778E+00
  5.8080E+00 -1.2170E+01  2.4262E+00
  5.2698E+00 -1.2350E+01  2.5679E+00
  5.3718E+00  1.2435E+01  2.3128E+00
  5.7315E+00  1.2565E+01  2.6218E+00
  5.9578E+00  1.2426E+01  2.1840E+00
  5.9388E+00  1.2426E+01  2.0380E+00
  6.1056E+00  1.2375E+01  1.8697E+00
  5.9899E+00  1.2407E+01  1.9657E+00
  6.0760E+00  1.2421E+01  2.2245E+00
  5.7126E+00  1.2413E+01  2.1644E+00
  6.2769E+00  1.2273E+01  2.2451E+00
  6.0548E+00  1.2423E+01  2.0926E+00
  6.1033E+00  1.2368E+01  2.1589E+00
  6.2925E+00  1.2269E+01  2.4868E+00
  6.4964E+00  1.2129E+01  2.3206E+00
  6.4116E+00  1.2229E+01  2.3252E+00
  6.2868E+00  1.2300E+01  2.3042E+00
  6.2331E+00  1.2503E+01  2.6198E+00
  5.9550E+00  1.2538E+01  2.8338E+00
  6.2864E+00  1.2518E+01  2.5769E+00
  5.8149E+00  1.2370E+01  2.3869E+00
  6.3218E+00  1.2272E+01  2.2006E+00
  6.3691E+00  1.2293E+01  2.1941E+00
  6.4857E+00  1.2219E+01  2.1253E+00
  6.1906E+00  1.2288E+01  2.3139E+00
  6.4646E+00  1.2207E+01  2.5186E+00
  6.5204E+00  1.2157E+01  2.2528E+00
  6.1722E+00  1.2084E+01  2.3820E+00
  6.1670E+00  1.2044E+01  2.7561E+00
  6.3873E+00  1.1930E+01  2.6686E+00
  6.0510E+00  1.1939E+01  2.4934E+00
  6.0257E+00  1.2046E+01  2.7197E+00
  6.2630E+00  1.2037E+01  2.6253E+00
  6.1865E+00  1.1825E+01  2.1887E+00
  6.6344E+00  1.1933E+01  2.6838E+00
  6.5615E+00  1.2152E+01  2.3219E+00
  6.3925E+00  1.2063E+01  2.1971E+00
  6.7632E+00  1.2177E+01  2.4832E+00
  6.4592E+00  1.2363E+01  2.7629E+00
  6.4686E+00  1.2185E+01  2.3842E+00
  6.4305E+00  1.2142E+01  2.4338E+00
  6.4599E+00  1.2124E+01  2.4620E+00
  6.2041E+00  1.2152E+01  2.3939E+00
  6.0553E+00  1.2035E+01  2.3034E+00
  6.1321E+00  1.1851E+01  2.0775E+00
  6.1571E+00  1.1783E+01  2.4229E+00
  5.9022E+00  1.1819E+01  2.3051E+00
  5.9167E+00  1.1807E+01  2.2533E+00
  6.1340E+00  1.1838E+01  2.3592E+00
  6.1540E+00  1.1834E+01  2.3147E+00
  6.2527E+00  1.1970E+01  2.2350E+00
  6.4254E+00  1.2195E+01  2.4014E+00
  6.1697E+00  1.2379E+01  2.6097E+00
  6.1764E+00  1.2495E+01  2.4943E+00
  6.5025E+00  1.2550E+01  2.2263E+00
  6.3720E+00  1.2380E+01  2.0397E+00
  6.1057E+00  1.2155E+01  2.2104E+00
  6.2912E+00  1.2156E+01  2.6045E+00
  6.0988E+00  1.2214E+01  2.5238E+00
  6.0451E+00  1.2005E+01  2.4521E+00
  6.1197E+00  1.1893E+01  2.5983E+00
  6.0172E+00  1.1874E+01  2.4100E+00
  5.8187E+00  1.2072E+01  2.5716E+00
  5.8952E+00  1.2196E+01  2.4358E+00
  6.1247E+00  1.2290E+01  2.4205E+00
  6.1792E+00  1.2284E+01  2.4307E+00
  6.1733E+00  1.2252E+01  2.4342E+00
  6.2390E+00  1.2308E+01  2.8080E+00
  6.2216E+00  1.2322E+01  3.0428E+00
  6.4458E+00  1.2225E+01  2.8041E+00
  6.6240E+00  1.2162E+01  2.5759E+00
  6.3999E+00  1.2200E+01  2.5566E+00
  6.1979E+00  1.2323E+01  2.6559E+00
  6.2295E+00  1.2386E+01  2.8813E+00
  6.0658E+00  1.2192E+01  2.3567E+00
  5.8041E+00  1.2233E+01  2.1353E+00
  5.4838E+00  1.2437E+01  2.3840E+00
  5.5119E+00  1.2314E+01  2.5772E+00
  5.2739E+00  1.2084E+01  2.6904E+00
  5.7946E+00  1.2317E+01  3.2738E+00
  5.4238E+00  1.2043E+01  3.2248E+00
  5.6035E+00  1.2030E+01  3.5246E+00
  6.3492E+00  1.2065E+01  3.7658E+00
  5.8021E+00  1.2188E+01  3.6895E+00
  6.1602E+00  1.2035E+01  3.2619E+00
  6.0489E+00  1.2131E+01  3.6331E+00
  6.4280E+00  1.1986E+01  2.9781E+00
  6.1159E+00  1.2280E+01  2.9926E+00
  5.9781E+00  1.2288E+01  2.6798E+00
  6.3387E+00  1.2277E+01  2.6178E+00
  6.3371E+00  1.2044E+01  2.5766E+00
  6.2358E+00  1.2086E+01  2.7547E+00
  6.4350E+00  1.2087E+01  2.9230E+00
  6.1593E+00  1.2053E+01  2.8997E+00
  6.2318E+00  1.2048E+01  2.8330E+00
  6.3844E+00  1.2136E+01  2.9620E+00
  6.4212E+00  1.2056E+01  3.2357E+00
  6.4003E+00  1.1869E+01  3.4856E+00
  6.7634E+00  1.1720E+01  3.4033E+00
  6.8911E+00  1.1589E+01  3.3310E+00
  6.5682E+00  1.1852E+01  3.8810E+00
  6.7059E+00  1.1734E+01  3.4389E+00
  6.5837E+00  1.1902E+01  3.4239E+00
  6.5557E+00  1.1993E+01  3.5421E+00
  6.7601E+00  1.1984E+01  3.5129E+00
  6.2451E+00  1.2001E+01  3.3123E+00
  6.2409E+00  1.2216E+01  3.0201E+00
  6.1752E+00  1.2180E+01  2.7654E+00
  6.0581E+00  1.2201E+01  2.6483E+00
  6.1595E+00  1.2256E+01  2.5925E+00
  5.9555E+00  1.2187E+01  2.6182E+00
  6.0156E+00  1.2085E+01  2.6572E+00
  5.8793E+00  1.1982E+01  2.7141E+00
  6.0640E+00  1.1713E+01  2.5054E+00
  6.1468E+00  1.1887E+01  2.8963E+00
  5.9514E+00  1.1966E+01  2.9794E+00
  5.8301E+00  1.2074E+01  2.8993E+00
  5.7966E+00  1.2093E+01  2.7405E+00
  5.8326E+00  1.2108E+01  2.7343E+00
  5.7691E+00  1.2143E+01  2.6892E+00
  5.8089E+00  1.2227E+01  2.7832E+00
  5.6644E+00  1.2264E+01  2.6948E+00
  5.6013E+00  1.2304E+01  2.6711E+00
  5.7936E+00  1.2369E+01  2.9171E+00
  5.9521E+00  1.2005E+01  2.7897E+00
  5.8266E+00  1.2183E+01  3.1786E+00
  5.8389E+00  1.2064E+01  2.9882E+00
  5.7481E+00  1.1864E+01  2.7334E+00
  5.5276E+00  1.1941E+01  2.9946E+00
  5.9913E+00  1.1791E+01  3.2434E+00
  5.5178E+00  1.2086E+01  3.3064E+00
  6.0184E+00  1.1710E+01  3.2208E+00
  5.9711E+00  1.1681E+01  3.2324E+00
  6.1440E+00  1.1499E+01  3.1439E+00
  6.0061E+00  1.1704E+01  3.5944E+00
  5.8044E+00  1.1619E+01  3.2729E+00
  5.8541E+00  1.1765E+01  3.5398E+00
  5.7140E+00  1.1941E+01  3.4998E+00
  5.6634E+00  1.1848E+01  3.4807E+00
  5.6456E+00  1.1955E+01  3.4056E+00
  5.9445E+00  1.1903E+01  3.3104E+00
  5.7814E+00  1.1744E+01  3.2033E+00
  5.5225E+00  1.1986E+01  3.2401E+00
  5.7298E+00  1.1963E+01  3.1905E+00
  5.8372E+00  1.1826E+01  3.1299E+00
  5.9143E+00  1.1692E+01  2.6919E+00
  5.9209E+00  1.1839E+01  2.7358E+00
  5.7330E+00  1.1984E+01  2.9227E+00
  5.9240E+00  1.1805E+01  2.8188E+00
  5.9796E+00  1.1829E+01  3.1247E+00
  5.9151E+00  1.1569E+01  2.7892E+00
  6.2193E+00  1.1779E+01  2.9154E+00
  6.0112E+00  1.1895E+01  2.8893E+00
  5.9242E+00  1.1958E+01  2.6002E+00
  6.0065E+00  1.2027E+01  2.3756E+00
  5.9704E+00  1.2025E+01  2.2138E+00
  5.9139E+00  1.2209E+01  2.1893E+00
  5.5975E+00  1.2294E+01  2.0706E+00
  5.3106E+00  1.2401E+01  2.1678E+00
  5.2275E+00  1.2399E+01  2.3161E+00
  5.2622E+00  1.2021E+01  1.9819E+00
  5.1587E+00  1.2171E+01  2.3005E+00
  5.1060E+00  1.2271E+01  2.5199E+00
  5.2126E+00  1.2063E+01  2.0701E+00
  5.2900E+00  1.2116E+01  2.2423E+00
  5.1794E+00  1.1956E+01  2.2304E+00
  5.3883E+00  1.1843E+01  2.0803E+00
  5.7461E+00  1.1583E+01  1.8791E+00
  5.7586E+00  1.1395E+01  2.1770E+00
  5.6741E+00  1.1457E+01  1.8374E+00
  5.8534E+00  1.1383E+01  1.7777E+00
  5.7437E+00  1.1454E+01  2.1244E+00
  5.5027E+00  1.1309E+01  2.0226E+00
  5.2403E+00  1.1332E+01  2.4673E+00
  5.2891E+00  1.1346E+01  2.5664E+00
  5.2144E+00  1.1260E+01  2.1469E+00
  5.2612E+00  1.1450E+01  2.2108E+00
  5.1915E+00  1.1505E+01  2.0819E+00
  5.3565E+00  1.1496E+01  1.8949E+00
  5.2368E+00  1.1537E+01  1.6689E+00
  5.2800E+00  1.1607E+01  1.5180E+00
  5.1360E+00  1.1566E+01  1.5371E+00
  5.2743E+00  1.1667E+01  1.6665E+00
  5.2244E+00  1.1532E+01  1.9453E+00
  5.4320E+00  1.1357E+01  2.1223E+00
  5.4141E+00  1.1293E+01  2.0481E+00
  5.1494E+00  1.1249E+01  2.2794E+00
  5.1997E+00  1.0987E+01  2.0990E+00
  5.2982E+00  1.0910E+01  2.0675E+00
  5.4677E+00  1.1208E+01  2.6087E+00
  5.5592E+00  1.1003E+01  2.1513E+00
  5.4322E+00  1.1150E+01  1.9779E+00
  5.3436E+00  1.1313E+01  2.0918E+00
  5.1307E+00  1.1196E+01  1.7450E+00
  5.4108E+00  1.1427E+01  2.5694E+00
  5.1307E+00  1.1227E+01  2.4641E+00
  5.2569E+00  1.1427E+01  2.8944E+00
  5.3756E+00  1.1452E+01  2.3617E+00
  5.3150E+00  1.1392E+01  2.5366E+00
  5.6207E+00  1.1284E+01  2.4428E+00
  5.6880E+00  1.1057E+01  1.9766E+00
  5.6333E+00  1.1070E+01  2.0672E+00
  5.7287E+00  1.0982E+01  1.9850E+00
  5.5948E+00  1.0751E+01  1.9472E+00
  5.4247E+00  1.0902E+01  2.0861E+00
  5.3201E+00  1.0859E+01  2.0800E+00
  5.2450E+00  1.0810E+01  2.0854E+00
  5.3024E+00  1.0940E+01  2.1250E+00
  5.2627E+00  1.0854E+01  2.0889E+00
  5.0348E+00  1.0911E+01  2.0021E+00
  5.0790E+00  1.1016E+01  2.0811E+00
  5.0756E+00  1.1049E+01  2.2862E+00
  5.0752E+00  1.0883E+01  2.1019E+00
  5.0979E+00  1.0649E+01  1.9191E+00
  5.0114E+00  1.0717E+01  2.1113E+00
  5.2717E+00  1.0701E+01  2.0774E+00
  5.2676E+00  1.0673E+01  2.2138E+00
  5.1139E+00  1.0777E+01  1.9605E+00
  5.3183E+00  1.0694E+01  2.0166E+00
  5.3555E+00  1.0798E+01  2.0979E+00
  5.3665E+00  1.0934E+01  2.1050E+00
  5.2094E+00  1.0867E+01  1.9302E+00
  5.5556E+00  1.1043E+01  2.0949E+00
  5.6622E+00  1.1203E+01  2.2512E+00
  5.8186E+00  1.1012E+01  2.7032E+00
  5.8703E+00  1.1046E+01  2.5445E+00
  5.8787E+00  1.0993E+01  2.5316E+00
  6.0715E+00  1.1145E+01  2.9506E+00
  6.0889E+00  1.1319E+01  3.1730E+00
  5.9643E+00  1.1192E+01  3.0455E+00
  5.8331E+00  1.1074E+01  2.8902E+00
  5.9212E+00  1.1025E+01  2.8976E+00
  5.6617E+00  1.0847E+01  2.8630E+00
  5.6576E+00  1.0881E+01  2.7530E+00
  5.4863E+00  1.0818E+01  3.1194E+00
  5.2525E+00  1.0791E+01  2.8726E+00
  5.3811E+00  1.0956E+01  2.5333E+00
  5.2338E+00  1.1075E+01  2.5465E+00
  4.9738E+00  1.1132E+01  2.5196E+00
  4.8468E+00  1.1124E+01  3.2391E+00
  4.9205E+00  1.1078E+01  3.0676E+00
  5.5685E+00  1.1265E+01  3.1446E+00
  5.2972E+00  1.1082E+01  3.1365E+00
  5.9366E+00  1.1397E+01  3.2680E+00
  5.5069E+00  1.1128E+01  2.8256E+00
  5.7457E+00  1.1161E+01  2.9127E+00
  5.8682E+00  1.0951E+01  2.7431E+00
