  9.0878E+00  6.7557E+00  9.3786E-02
  8.9577E+00  6.5202E+00 -1.0122E+00
  8.2984E+00  5.1740E+00 -5.3108E-01
  9.1197E+00  5.1679E+00 -3.8447E-02
  8.8643E+00  4.9575E+00 -2.0033E-01
  8.8783E+00  4.9731E+00 -4.5966E-01
  8.8065E+00  4.9599E+00  3.3074E-01
  8.8331E+00  5.0359E+00  3.9342E-01
  8.8433E+00  5.0769E+00  2.9251E-01
  8.8680E+00  5.1855E+00  3.6646E-01
  8.7641E+00  5.2536E+00  5.9929E-01
  8.7841E+00  5.2703E+00  5.0182E-01
  8.7046E+00  5.2940E+00  5.7611E-01
  8.6708E+00  5.2235E+00  7.1779E-01
  8.6661E+00  5.1530E+00  7.4521E-01
  8.6822E+00  5.0959E+00  9.3145E-01
  8.7359E+00  5.0585E+00  9.5198E-01
  8.7681E+00  5.0540E+00  9.5440E-01
  8.8209E+00  5.0805E+00  1.0977E+00
  8.8497E+00  5.1222E+00  1.0929E+00
  8.8439E+00  5.2209E+00  1.1184E+00
  8.8436E+00  5.2944E+00  1.1071E+00
  8.7720E+00  5.2335E+00  9.5527E-01
  8.6468E+00  5.2701E+00  1.0074E+00
  8.5426E+00  5.2783E+00  1.0708E+00
  8.6171E+00  5.3232E+00  1.1223E+00
  8.5397E+00  5.5009E+00  1.1346E+00
  8.7767E+00  5.9693E+00  1.3357E+00
  8.9061E+00  6.3176E+00  1.2956E+00
  8.6081E+00  6.0447E+00  1.1241E+00
  8.6445E+00  6.2884E+00  1.6467E+00
  8.4908E+00  6.2556E+00  1.3619E+00
  8.6659E+00  6.3447E+00  1.8777E+00
  8.5306E+00  6.3314E+00  1.9503E+00
  7.9401E+00  6.7990E+00  1.1970E+00
  7.7430E+00  6.6256E+00  1.3555E+00
  7.8061E+00  6.6121E+00  1.0731E+00
  7.5289E+00  6.9759E+00  7.8905E-01
  7.3733E+00  7.0705E+00  8.2049E-01
  7.3477E+00  7.0588E+00  7.4394E-01
  7.2439E+00  7.2258E+00  7.3221E-01
  7.2143E+00  7.3147E+00  9.2643E-01
  7.5012E+00  7.3991E+00  9.4177E-01
  7.5763E+00  7.3555E+00  9.0889E-01
  7.4803E+00  7.5137E+00  9.2576E-01
  7.7136E+00  7.5830E+00  7.2173E-01
  7.6782E+00  7.1675E+00  6.7607E-01
  7.7742E+00  7.4444E+00  6.0218E-01
  7.6210E+00  7.9238E+00  7.2028E-01
  7.6874E+00  7.8680E+00  7.7675E-01
  7.5346E+00  8.0559E+00  7.3742E-01
  7.6858E+00  7.9699E+00  5.5391E-01
  7.3123E+00  8.2524E+00  3.8348E-01
  7.1683E+00  8.4627E+00  1.8125E-01
  7.5491E+00  8.8613E+00  2.4390E-01
  7.4206E+00  8.5334E+00  4.1206E-01
  7.2865E+00  8.8026E+00  1.5191E-01
  7.0226E+00  8.9290E+00  1.7991E-01
  6.8289E+00  9.0674E+00  4.5011E-01
  6.5575E+00  9.5294E+00  5.7794E-01
  6.6139E+00  9.4286E+00  6.0078E-01
  6.7430E+00  9.6470E+00  7.8014E-01
  6.7730E+00  9.5113E+00  8.6395E-01
  6.7367E+00  9.9996E+00  6.4285E-01
  6.6965E+00  9.7658E+00  7.4483E-01
  6.8479E+00  9.7089E+00  5.6507E-01
  6.5719E+00  9.6000E+00  6.0798E-01
  6.5195E+00  9.5278E+00  5.8631E-01
  6.8485E+00  9.2877E+00  3.9064E-01
  6.7830E+00  9.4568E+00  4.6896E-01
  7.1216E+00  9.2555E+00  3.2475E-01
  7.0059E+00  9.5972E+00  3.5856E-01
  7.1173E+00  9.6316E+00  3.5682E-01
  7.0420E+00  9.5254E+00  6.0164E-01
  6.9586E+00  9.3987E+00  1.0302E+00
  7.1483E+00  9.5046E+00  9.0138E-01
  7.0099E+00  9.2972E+00  9.7204E-01
  7.1462E+00  9.1929E+00  1.3089E+00
  7.1716E+00  9.4270E+00  1.3271E+00
  7.1937E+00  9.4610E+00  1.1483E+00
  7.4292E+00  9.4113E+00  9.5485E-01
  7.3076E+00  9.4924E+00  9.8829E-01
  7.0441E+00  9.4935E+00  9.0804E-01
  7.0599E+00  9.6630E+00  6.5041E-01
  7.0271E+00  9.4988E+00  6.6691E-01
  6.8721E+00  9.6139E+00  4.4943E-01
  6.5376E+00  9.6223E+00  3.8955E-01
  6.7109E+00  9.6454E+00  2.1060E-01
  6.7522E+00  9.5919E+00  2.3261E-01
  6.5603E+00  9.4299E+00  4.0903E-01
  6.6826E+00  9.6047E+00  2.3798E-01
  6.8977E+00  9.4940E+00  4.2065E-01
  6.7889E+00  9.6704E+00  7.5975E-01
  6.8489E+00  9.2733E+00  7.1187E-01
  6.5748E+00  9.2748E+00  7.3275E-01
  6.5365E+00  9.3843E+00  8.9785E-01
  6.7926E+00  8.9612E+00  8.4420E-01
  6.4949E+00  9.1158E+00  8.1495E-01
  6.5503E+00  8.9923E+00  5.9899E-01
  6.5624E+00  8.8739E+00  5.5559E-01
  6.5205E+00  9.1486E+00  7.3111E-01
  6.8596E+00  9.0906E+00  6.4813E-01
  6.7944E+00  9.4817E+00  6.8698E-01
  6.8259E+00  9.5202E+00  7.5595E-01
  6.8506E+00  9.7526E+00  1.0755E+00
  6.9875E+00  1.0024E+01  1.0524E+00
  6.8918E+00  9.9531E+00  1.1480E+00
  7.0779E+00  9.6379E+00  1.3170E+00
  7.1504E+00  9.5252E+00  1.3510E+00
  7.0970E+00  9.5350E+00  1.2349E+00
  7.1828E+00  9.3903E+00  1.0786E+00
  7.0870E+00  9.0829E+00  1.0304E+00
  6.8300E+00  9.0811E+00  7.7101E-01
  6.5944E+00  9.2213E+00  6.4833E-01
  6.6179E+00  9.3411E+00  7.6725E-01
  6.6596E+00  9.4707E+00  7.6464E-01
  6.5806E+00  9.5291E+00  6.8567E-01
  6.5406E+00  9.1841E+00  6.7230E-01
  6.7543E+00  9.3225E+00  6.5988E-01
  6.7949E+00  9.5820E+00  6.6482E-01
  6.8576E+00  9.4234E+00  6.1659E-01
  6.9447E+00  9.0093E+00  6.9797E-01
  6.8658E+00  9.1650E+00  7.6381E-01
  6.9172E+00  9.2248E+00  8.0545E-01
  7.0066E+00  8.9696E+00  9.1446E-01
  7.0375E+00  9.4962E+00  9.0376E-01
  6.7971E+00  9.4283E+00  1.0272E+00
  6.8593E+00  9.5610E+00  9.9695E-01
  7.0183E+00  9.7555E+00  9.9248E-01
  6.8545E+00  9.6271E+00  9.5185E-01
  6.7142E+00  9.6240E+00  8.7505E-01
  6.8282E+00  9.6126E+00  9.3561E-01
  6.7319E+00  9.1510E+00  1.0318E+00
  6.7057E+00  9.3759E+00  1.0735E+00
  6.8930E+00  8.9750E+00  1.0701E+00
  6.6992E+00  9.0101E+00  1.0826E+00
  6.8833E+00  8.8723E+00  1.0609E+00
  6.9377E+00  9.1993E+00  1.1697E+00
  6.8310E+00  9.2025E+00  1.2377E+00
  6.9335E+00  9.4266E+00  1.2246E+00
  7.2946E+00  9.3898E+00  1.0968E+00
  7.3456E+00  9.4416E+00  1.0272E+00
  7.2514E+00  9.4371E+00  9.6796E-01
  7.1846E+00  9.2153E+00  9.8744E-01
  7.3959E+00  9.4608E+00  7.7859E-01
  7.4105E+00  9.1337E+00  8.4964E-01
  7.2208E+00  9.3925E+00  7.5487E-01
  7.1878E+00  9.3299E+00  5.6641E-01
  7.0015E+00  9.0853E+00  6.5917E-01
  7.0107E+00  9.3089E+00  6.0687E-01
  6.9567E+00  9.7223E+00  6.1608E-01
  6.9217E+00  9.9234E+00  7.8842E-01
  7.0167E+00  9.6789E+00  9.8631E-01
  6.9724E+00  9.6654E+00  1.0909E+00
  7.0656E+00  9.8590E+00  1.1393E+00
  7.1644E+00  9.7020E+00  1.2652E+00
  7.0813E+00  9.6701E+00  1.3440E+00
  6.9564E+00  9.3940E+00  1.2651E+00
  7.0916E+00  9.0742E+00  1.2850E+00
  6.7837E+00  9.0571E+00  1.2770E+00
  6.6001E+00  8.8229E+00  1.0158E+00
  6.7079E+00  9.2535E+00  4.9218E-01
  6.5413E+00  9.2104E+00  5.1216E-01
  6.6654E+00  9.4373E+00  4.6578E-01
  6.4435E+00  9.2315E+00  5.4720E-01
  6.6988E+00  9.1203E+00  4.2417E-01
  6.7097E+00  9.1104E+00  5.3319E-01
  6.5965E+00  9.2783E+00  7.3347E-01
  6.6537E+00  9.1574E+00  7.5331E-01
  6.6915E+00  9.1104E+00  6.2705E-01
  6.7230E+00  9.2122E+00  4.9136E-01
  6.8580E+00  9.5807E+00  3.4980E-01
  6.7317E+00  9.2361E+00  2.7934E-01
  6.8092E+00  9.3489E+00  5.8503E-01
  6.7607E+00  9.1982E+00  8.8259E-01
  6.5968E+00  9.1898E+00  9.6762E-01
  6.4998E+00  9.0791E+00  8.6429E-01
  6.6462E+00  9.0894E+00  9.1860E-01
  6.5551E+00  8.8511E+00  1.0147E+00
  6.5942E+00  9.1077E+00  8.1570E-01
  6.6629E+00  9.2378E+00  6.5258E-01
  6.7729E+00  9.1800E+00  6.5189E-01
  6.7524E+00  9.2413E+00  8.0353E-01
  6.8421E+00  9.3446E+00  7.1711E-01
  6.9691E+00  9.4796E+00  7.4285E-01
  7.0259E+00  9.4722E+00  7.2596E-01
  6.9206E+00  9.2003E+00  8.9427E-01
  7.1977E+00  9.1357E+00  5.2778E-01
  6.8136E+00  9.1770E+00  6.2481E-01
  6.8041E+00  9.1736E+00  5.2781E-01
  6.7992E+00  9.2910E+00  5.5911E-01
  6.7229E+00  9.2575E+00  5.2477E-01
  6.7119E+00  9.3477E+00  5.5582E-01
  6.4679E+00  9.0076E+00  7.9005E-01
  6.5909E+00  9.2470E+00  6.0868E-01
  6.7138E+00  9.0977E+00  5.4633E-01
  6.7075E+00  8.9832E+00  6.5918E-01
  6.7050E+00  8.8632E+00  7.6765E-01
  6.7611E+00  8.9652E+00  8.9703E-01
  7.1987E+00  8.8885E+00  8.0823E-01
  7.0492E+00  8.7642E+00  9.1925E-01
  6.8803E+00  9.0341E+00  9.2022E-01
  7.2225E+00  9.1322E+00  8.4359E-01
  6.8655E+00  9.2280E+00  1.0847E+00
  6.7570E+00  9.3194E+00  6.5636E-01
  6.6623E+00  9.3317E+00  3.5491E-01
  6.5753E+00  9.3619E+00  3.7514E-01
  6.4992E+00  9.4855E+00  5.5634E-01
  6.6376E+00  9.3436E+00  5.6435E-01
  6.5703E+00  9.3418E+00  4.3814E-01
  6.7743E+00  9.4052E+00  5.6080E-01
  6.9886E+00  9.3378E+00  8.1567E-01
  7.0346E+00  9.2564E+00  9.3740E-01
  7.0227E+00  9.1909E+00  8.8750E-01
  7.1203E+00  9.5313E+00  7.7478E-01
  7.5014E+00  9.4130E+00  8.5901E-01
  7.2207E+00  9.6782E+00  1.0759E+00
  7.1988E+00  9.4283E+00  7.4880E-01
  7.1624E+00  9.6267E+00  7.3390E-01
  7.2744E+00  9.5398E+00  6.6610E-01
  7.1123E+00  9.7404E+00  6.3066E-01
  6.7628E+00  9.9658E+00  9.0819E-01
  6.8358E+00  9.6379E+00  7.0300E-01
  6.9170E+00  9.5007E+00  6.5194E-01
  6.6810E+00  9.4218E+00  7.6755E-01
  6.6794E+00  9.2636E+00  8.2790E-01
  6.6670E+00  9.4110E+00  9.4105E-01
  6.9366E+00  9.7054E+00  9.9008E-01
  7.3376E+00  9.8751E+00  1.0891E+00
  7.5182E+00  1.0108E+01  1.2954E+00
  7.3275E+00  1.0502E+01  1.5175E+00
  7.6270E+00  1.0485E+01  1.3000E+00
  7.5052E+00  1.0680E+01  1.4353E+00
  7.4746E+00  1.0574E+01  1.2512E+00
  7.2342E+00  1.0599E+01  1.3035E+00
  7.3940E+00  1.0384E+01  1.2484E+00
  6.8785E+00  9.9778E+00  1.6317E+00
  7.5709E+00  1.0021E+01  1.2073E+00
  6.9217E+00  9.8407E+00  1.4123E+00
  7.0693E+00  9.8357E+00  1.1932E+00
  7.1585E+00  9.9243E+00  1.3675E+00
  7.1974E+00  1.0032E+01  1.3255E+00
  7.3063E+00  9.8150E+00  1.0749E+00
  7.0772E+00  9.7161E+00  1.2139E+00
  7.2973E+00  9.7382E+00  1.1132E+00
  7.5814E+00  9.9426E+00  1.1250E+00
  7.5952E+00  9.9852E+00  1.3211E+00
  7.6061E+00  9.8800E+00  1.5671E+00
  7.5500E+00  9.6984E+00  1.6005E+00
  7.5361E+00  9.7475E+00  1.4456E+00
  7.5518E+00  9.9651E+00  1.4808E+00
  7.6703E+00  9.8294E+00  1.1903E+00
  7.3522E+00  9.9584E+00  1.1034E+00
  7.4270E+00  1.0153E+01  1.0254E+00
  7.0735E+00  1.0082E+01  1.3532E+00
  6.9205E+00  9.7289E+00  1.1012E+00
  6.9988E+00  1.0026E+01  9.5134E-01
  7.0100E+00  1.0231E+01  1.0269E+00
  6.8026E+00  9.8638E+00  8.8280E-01
  6.9331E+00  9.8898E+00  9.1742E-01
  7.2414E+00  1.0133E+01  1.1387E+00
  7.2336E+00  9.6180E+00  1.1433E+00
  7.7829E+00  9.8733E+00  1.2321E+00
  7.6141E+00  9.6566E+00  1.3289E+00
  8.0188E+00  9.8395E+00  1.4449E+00
  7.7371E+00  9.6073E+00  1.4452E+00
  8.0823E+00  9.7866E+00  1.4095E+00
  7.5263E+00  9.5806E+00  1.2709E+00
  7.6384E+00  1.0186E+01  1.3769E+00
  7.6908E+00  9.9784E+00  1.2957E+00
  7.4503E+00  9.9516E+00  1.6005E+00
  7.7849E+00  9.8523E+00  1.7141E+00
  7.2694E+00  9.8696E+00  1.8775E+00
  7.6317E+00  1.0110E+01  1.8773E+00
  7.3788E+00  9.9585E+00  1.7483E+00
  7.2569E+00  9.9519E+00  1.8057E+00
  7.4594E+00  9.8503E+00  1.8026E+00
  7.1270E+00  9.8850E+00  1.8255E+00
  7.5558E+00  9.8922E+00  1.6356E+00
  7.6859E+00  9.8506E+00  1.7429E+00
  7.6506E+00  9.7534E+00  1.9666E+00
  7.6948E+00  9.4561E+00  1.9918E+00
  7.5264E+00  9.5969E+00  2.1320E+00
  7.5112E+00  9.4458E+00  2.1081E+00
  7.1818E+00  9.2374E+00  2.2113E+00
  7.2557E+00  8.9688E+00  2.1793E+00
  7.3610E+00  9.2857E+00  2.4351E+00
  7.3740E+00  9.1171E+00  2.2306E+00
  7.1556E+00  9.3031E+00  2.3247E+00
  7.4488E+00  9.5622E+00  2.1239E+00
  7.1940E+00  9.7386E+00  1.9637E+00
  7.3803E+00  9.7108E+00  1.8483E+00
  7.6715E+00  9.6278E+00  1.6746E+00
  7.5929E+00  1.0023E+01  1.7359E+00
  7.5365E+00  1.0094E+01  1.7490E+00
  7.8560E+00  9.8101E+00  1.6280E+00
  7.6547E+00  9.7622E+00  1.8074E+00
  7.6799E+00  9.7256E+00  1.8265E+00
  7.5905E+00  9.5584E+00  1.7497E+00
  7.4229E+00  9.4084E+00  1.7787E+00
  7.5161E+00  9.5104E+00  1.7906E+00
  6.9059E+00  9.5044E+00  1.8131E+00
  7.6104E+00  9.6504E+00  1.7786E+00
  7.0622E+00  9.0561E+00  1.4232E+00
  7.7992E+00  9.5060E+00  1.4996E+00
  7.5019E+00  9.4907E+00  1.2553E+00
  7.4540E+00  9.4656E+00  1.3745E+00
  7.8727E+00  9.5769E+00  1.4042E+00
  7.6711E+00  9.6525E+00  1.3490E+00
  7.6787E+00  9.9117E+00  1.4437E+00
  7.4602E+00  9.9814E+00  1.4696E+00
  7.3872E+00  1.0360E+01  1.4801E+00
  7.3427E+00  1.0389E+01  1.4429E+00
  7.3803E+00  1.0515E+01  1.4386E+00
  7.1967E+00  1.0150E+01  1.4057E+00
  7.2490E+00  1.0320E+01  1.1435E+00
  7.1342E+00  1.0145E+01  1.2142E+00
  7.2074E+00  9.5164E+00  1.1147E+00
  7.4789E+00  9.3525E+00  8.8320E-01
  8.0491E+00  8.8736E+00  8.3192E-01
  7.7188E+00  8.5692E+00  8.8014E-01
  8.0166E+00  8.8256E+00  7.4806E-01
  8.1832E+00  8.7919E+00  8.3022E-01
  7.7388E+00  8.6846E+00  1.1452E+00
  7.8543E+00  8.9145E+00  1.1079E+00
  7.7666E+00  9.2086E+00  1.2990E+00
  7.8545E+00  9.0274E+00  1.4695E+00
  7.5840E+00  9.2154E+00  1.2328E+00
  7.8184E+00  9.3451E+00  1.1868E+00
  7.7423E+00  9.1881E+00  1.2036E+00
  7.6948E+00  9.1735E+00  1.0314E+00
  7.6082E+00  9.2766E+00  7.7020E-01
  7.9505E+00  9.0550E+00  6.6600E-01
  7.9161E+00  8.9324E+00  8.1509E-01
  7.5685E+00  8.7367E+00  9.1789E-01
  7.5237E+00  8.8438E+00  8.4469E-01
  7.5012E+00  8.9053E+00  8.1553E-01
  7.5758E+00  8.7675E+00  9.3447E-01
  7.5099E+00  8.8508E+00  1.0223E+00
  7.9497E+00  8.8799E+00  1.1071E+00
  7.9305E+00  9.0237E+00  1.1209E+00
  8.1594E+00  8.9173E+00  1.0096E+00
  8.1062E+00  8.9363E+00  1.0127E+00
  7.9068E+00  8.8695E+00  1.1300E+00
  7.9839E+00  8.8553E+00  1.2221E+00
  8.1037E+00  8.8732E+00  1.1220E+00
  7.8834E+00  8.7186E+00  1.0588E+00
  7.8280E+00  8.8714E+00  1.0074E+00
  7.9055E+00  9.1005E+00  1.0008E+00
  7.8179E+00  8.9958E+00  1.1276E+00
  7.5257E+00  8.8200E+00  1.4207E+00
  8.0748E+00  8.8341E+00  1.3866E+00
  7.8952E+00  8.8050E+00  1.2605E+00
  8.0942E+00  8.8765E+00  1.4252E+00
  8.3817E+00  8.7027E+00  1.7539E+00
  8.3569E+00  8.8991E+00  1.5689E+00
  8.0829E+00  8.8191E+00  1.5967E+00
  8.3602E+00  8.5962E+00  1.6407E+00
  8.1017E+00  8.6518E+00  1.5171E+00
  8.0237E+00  8.7267E+00  1.1978E+00
  8.0554E+00  8.3318E+00  1.1828E+00
  7.9675E+00  8.3241E+00  1.0903E+00
  7.4849E+00  8.4574E+00  8.8966E-01
  7.8469E+00  8.4638E+00  1.1142E+00
  7.9430E+00  8.5913E+00  1.1296E+00
  7.6758E+00  8.8659E+00  9.4458E-01
  8.1268E+00  9.0307E+00  9.6939E-01
  7.9875E+00  8.9081E+00  1.1015E+00
  8.1309E+00  8.8881E+00  1.1058E+00
  7.9830E+00  8.8751E+00  1.1771E+00
  7.9390E+00  8.5749E+00  1.1874E+00
  8.0114E+00  8.4713E+00  1.2904E+00
  7.7349E+00  8.4911E+00  1.3533E+00
  8.1837E+00  8.5074E+00  1.1564E+00
  7.8994E+00  8.5590E+00  1.1249E+00
  7.8835E+00  8.4487E+00  1.2081E+00
  7.8222E+00  8.4181E+00  1.2475E+00
  8.0739E+00  8.2988E+00  1.2574E+00
  7.8610E+00  8.0639E+00  1.1922E+00
  7.7531E+00  8.1937E+00  1.0915E+00
  7.6765E+00  8.3661E+00  1.2058E+00
  7.8247E+00  8.3805E+00  1.2001E+00
  7.7722E+00  8.5996E+00  8.9203E-01
  7.8644E+00  8.3785E+00  8.8855E-01
  8.1359E+00  8.5548E+00  8.1614E-01
  8.3583E+00  8.7111E+00  6.9461E-01
  8.0669E+00  8.8928E+00  4.6861E-01
  7.9643E+00  8.9040E+00  4.3420E-01
  7.9807E+00  8.9436E+00  4.8292E-01
  7.8436E+00  8.9962E+00  5.3142E-01
  7.7288E+00  9.0315E+00  5.9594E-01
  7.5595E+00  9.0976E+00  5.3996E-01
  7.5005E+00  9.0472E+00  5.2174E-01
  7.3735E+00  8.9703E+00  6.7121E-01
  7.2556E+00  8.6274E+00  6.8553E-01
  7.2448E+00  8.5757E+00  5.9066E-01
  7.4564E+00  8.5034E+00  5.0732E-01
  7.6346E+00  8.4610E+00  5.3082E-01
  7.8675E+00  8.5233E+00  5.5729E-01
  8.2197E+00  8.6307E+00  5.5984E-01
