  8.1174E+00  5.9048E+00 -6.8493E-01
  7.8263E+00  5.8929E+00 -2.3859E-01
  8.0376E+00  6.5387E+00  5.3412E-02
  7.8867E+00  6.0215E+00 -1.9012E-01
  8.0862E+00  6.2321E+00 -4.0554E-01
  8.0685E+00  6.0627E+00  1.9546E-01
  8.0207E+00  6.2383E+00  1.8769E-01
  8.0876E+00  6.3440E+00  3.2054E-01
  7.9024E+00  6.2541E+00  3.2422E-01
  7.9146E+00  6.3517E+00  4.2255E-01
  7.7988E+00  6.3946E+00  4.0317E-01
  7.7642E+00  6.3792E+00  4.5125E-01
  7.6657E+00  6.3862E+00  5.7032E-01
  7.6140E+00  6.2952E+00  6.3533E-01
  7.6595E+00  6.2744E+00  7.0945E-01
  7.7539E+00  6.2711E+00  7.5994E-01
  7.7941E+00  6.2301E+00  8.4004E-01
  7.8236E+00  6.2286E+00  9.3538E-01
  7.8777E+00  6.2494E+00  9.7062E-01
  7.8319E+00  6.2340E+00  1.0768E+00
  7.8200E+00  6.3269E+00  1.1415E+00
  7.8350E+00  6.4143E+00  1.1359E+00
  7.7967E+00  6.3695E+00  1.1294E+00
  7.6904E+00  6.4257E+00  1.1555E+00
  7.6154E+00  6.4434E+00  1.3051E+00
  7.5921E+00  6.3987E+00  1.3769E+00
  7.6064E+00  6.6388E+00  1.4608E+00
  7.6495E+00  6.9560E+00  1.5026E+00
  7.7010E+00  7.1037E+00  1.7450E+00
  7.6741E+00  6.9126E+00  1.9281E+00
  7.2971E+00  6.9576E+00  1.7408E+00
  7.2748E+00  6.7088E+00  2.1288E+00
  7.1968E+00  6.6593E+00  1.9998E+00
  7.1939E+00  7.0212E+00  2.0480E+00
  7.3970E+00  7.4471E+00  2.4449E+00
  7.5948E+00  7.3440E+00  2.6724E+00
  6.9925E+00  7.2173E+00  2.1883E+00
  6.9069E+00  7.1963E+00  2.1443E+00
  6.7672E+00  7.3609E+00  2.1697E+00
  6.6334E+00  7.2589E+00  2.0561E+00
  6.6248E+00  7.4097E+00  2.0942E+00
  6.8253E+00  7.4040E+00  2.3800E+00
  6.8596E+00  7.3711E+00  2.3055E+00
  6.8772E+00  7.5567E+00  2.2291E+00
  7.2892E+00  7.5840E+00  2.4193E+00
  7.3639E+00  7.5436E+00  2.1874E+00
  7.3218E+00  7.5795E+00  2.0815E+00
  7.2350E+00  7.3719E+00  2.0079E+00
  7.2934E+00  7.4848E+00  2.1246E+00
  7.1158E+00  7.7429E+00  2.1659E+00
  7.0908E+00  7.6230E+00  2.1114E+00
  7.0531E+00  7.6765E+00  1.8903E+00
  7.1845E+00  7.7968E+00  1.8147E+00
  7.1682E+00  8.0612E+00  1.6342E+00
  7.0889E+00  8.2116E+00  1.5239E+00
  7.2451E+00  8.5316E+00  1.9092E+00
  7.0457E+00  8.6517E+00  1.6323E+00
  6.8662E+00  8.6098E+00  1.6448E+00
  6.7403E+00  8.7547E+00  1.9220E+00
  6.8136E+00  8.9790E+00  1.9577E+00
  6.9699E+00  9.0393E+00  2.0128E+00
  6.8833E+00  9.1294E+00  2.1889E+00
  7.1454E+00  9.4781E+00  2.3242E+00
  6.9340E+00  9.0982E+00  1.8348E+00
  6.9874E+00  9.0675E+00  2.0486E+00
  6.9198E+00  8.9877E+00  1.8867E+00
  6.9909E+00  8.8382E+00  1.8394E+00
  7.1049E+00  8.7325E+00  1.7252E+00
  7.0235E+00  8.9658E+00  1.8528E+00
  7.1094E+00  8.9687E+00  1.8573E+00
  7.3568E+00  9.0337E+00  1.7971E+00
  7.2725E+00  9.1324E+00  1.7675E+00
  7.1904E+00  9.0952E+00  1.7636E+00
  7.2392E+00  9.1643E+00  2.0518E+00
  7.4454E+00  9.4376E+00  2.4563E+00
  7.0248E+00  9.1566E+00  2.3628E+00
  7.0352E+00  9.0402E+00  2.4571E+00
  7.5378E+00  9.1580E+00  2.7641E+00
  7.3212E+00  9.4384E+00  2.8270E+00
  7.1721E+00  9.2160E+00  2.6355E+00
  7.3797E+00  9.0622E+00  2.4204E+00
  7.3130E+00  9.2611E+00  2.4778E+00
  7.3612E+00  9.4080E+00  2.3792E+00
  7.2705E+00  9.1700E+00  2.0592E+00
  7.0940E+00  9.3170E+00  2.1618E+00
  7.0990E+00  9.1581E+00  1.8682E+00
  7.0570E+00  9.1669E+00  1.7294E+00
  6.7238E+00  9.1560E+00  1.6363E+00
  6.7277E+00  9.1207E+00  1.6642E+00
  7.0425E+00  9.1051E+00  1.7998E+00
  6.7697E+00  9.0104E+00  1.6205E+00
  6.7154E+00  9.3004E+00  1.9044E+00
  7.0207E+00  9.0138E+00  2.0967E+00
  6.7521E+00  9.2586E+00  2.2161E+00
  6.6507E+00  9.0889E+00  2.2267E+00
  6.7477E+00  8.9738E+00  2.3328E+00
  6.8646E+00  8.8022E+00  2.3414E+00
  6.7400E+00  8.6995E+00  2.2428E+00
  6.4992E+00  8.7624E+00  2.0878E+00
  6.6932E+00  8.6881E+00  2.0457E+00
  6.9736E+00  8.5922E+00  2.0567E+00
  6.8733E+00  8.8224E+00  2.1314E+00
  6.9359E+00  8.9458E+00  2.0888E+00
  7.2079E+00  8.9405E+00  2.0939E+00
  7.3401E+00  9.0087E+00  2.2917E+00
  7.1037E+00  9.2374E+00  2.3330E+00
  7.0167E+00  9.3420E+00  2.5203E+00
  7.3428E+00  9.1360E+00  2.7135E+00
  7.3394E+00  9.2466E+00  2.8203E+00
  7.2497E+00  9.1497E+00  2.6841E+00
  7.4212E+00  8.8712E+00  2.4735E+00
  7.1621E+00  9.0493E+00  2.5355E+00
  6.9922E+00  8.7706E+00  2.2371E+00
  6.8863E+00  9.0804E+00  2.1204E+00
  7.0389E+00  9.0012E+00  2.1742E+00
  6.8501E+00  9.1832E+00  2.2320E+00
  6.9375E+00  9.2365E+00  2.1207E+00
  6.8760E+00  9.0674E+00  2.1372E+00
  7.0205E+00  8.8936E+00  2.0802E+00
  6.9118E+00  9.0827E+00  2.0823E+00
  6.9072E+00  8.8842E+00  2.0234E+00
  7.1718E+00  8.6592E+00  2.1464E+00
  7.0174E+00  8.4533E+00  2.0839E+00
  7.0299E+00  8.5738E+00  2.1603E+00
  7.2566E+00  8.8959E+00  2.3991E+00
  7.0649E+00  8.8848E+00  2.2813E+00
  7.2711E+00  9.1314E+00  2.4270E+00
  7.3560E+00  9.1576E+00  2.3618E+00
  7.1967E+00  9.1384E+00  2.3562E+00
  7.1750E+00  9.2190E+00  2.3671E+00
  6.9449E+00  9.1416E+00  2.2844E+00
  6.9685E+00  8.7263E+00  2.1468E+00
  6.9258E+00  8.8087E+00  2.4869E+00
  6.9792E+00  8.6117E+00  2.3436E+00
  6.9464E+00  8.7058E+00  2.5523E+00
  7.0490E+00  8.4775E+00  2.4487E+00
  7.2317E+00  8.5711E+00  2.4962E+00
  7.1884E+00  8.6080E+00  2.5334E+00
  7.2958E+00  8.8793E+00  2.6347E+00
  7.4884E+00  8.7555E+00  2.4550E+00
  7.5120E+00  8.8357E+00  2.4817E+00
  7.4863E+00  8.8871E+00  2.4218E+00
  7.6820E+00  8.7060E+00  2.2139E+00
  7.8224E+00  8.7456E+00  2.2700E+00
  7.6626E+00  8.7268E+00  2.0679E+00
  7.7625E+00  9.0637E+00  2.3137E+00
  7.7050E+00  8.7664E+00  2.0378E+00
  7.4842E+00  8.8403E+00  1.9609E+00
  7.2587E+00  8.5928E+00  2.0604E+00
  7.4059E+00  8.7715E+00  1.9586E+00
  7.3125E+00  9.1536E+00  1.9660E+00
  7.2432E+00  9.3649E+00  2.1511E+00
  7.1771E+00  9.5414E+00  2.4788E+00
  6.9884E+00  9.2462E+00  2.5387E+00
  7.3235E+00  9.2535E+00  2.4954E+00
  7.4596E+00  9.4017E+00  2.7126E+00
  7.3634E+00  9.1561E+00  2.7326E+00
  7.2609E+00  8.9827E+00  2.6830E+00
  7.1568E+00  9.0983E+00  2.7907E+00
  6.9791E+00  8.7361E+00  2.7368E+00
  6.7799E+00  8.6350E+00  2.5006E+00
  6.6907E+00  8.2642E+00  1.6294E+00
  6.9972E+00  8.5840E+00  1.8052E+00
  6.6500E+00  8.6102E+00  1.7259E+00
  6.6730E+00  8.6962E+00  1.9375E+00
  6.9290E+00  8.4930E+00  1.7754E+00
  6.7647E+00  8.4609E+00  1.8924E+00
  6.7780E+00  8.6203E+00  2.0775E+00
  7.2280E+00  8.5405E+00  2.0030E+00
  6.8113E+00  8.6909E+00  2.0699E+00
  7.1428E+00  8.3665E+00  1.6664E+00
  6.8751E+00  9.0150E+00  1.7469E+00
  6.6929E+00  8.9038E+00  1.7491E+00
  6.9464E+00  8.4684E+00  1.8008E+00
  7.4750E+00  8.2061E+00  1.7645E+00
  7.1956E+00  8.2116E+00  1.9458E+00
  7.0925E+00  8.2734E+00  1.9919E+00
  7.4234E+00  8.1718E+00  1.8275E+00
  7.2772E+00  8.2637E+00  2.2004E+00
  7.0340E+00  8.1999E+00  1.9358E+00
  6.8414E+00  8.3641E+00  1.8679E+00
  7.4175E+00  8.3088E+00  1.6996E+00
  7.3866E+00  8.4410E+00  1.9123E+00
  7.7192E+00  8.5998E+00  1.6908E+00
  7.6640E+00  8.6768E+00  1.8128E+00
  7.5982E+00  8.4628E+00  1.6881E+00
  7.9091E+00  8.3529E+00  1.6538E+00
  7.6847E+00  8.4009E+00  1.7505E+00
  7.5529E+00  8.1572E+00  1.4529E+00
  7.0377E+00  8.4481E+00  1.8283E+00
  7.4045E+00  8.2431E+00  1.4578E+00
  7.0338E+00  8.5872E+00  1.8386E+00
  7.2300E+00  8.3442E+00  1.5542E+00
  7.3672E+00  8.3202E+00  1.7855E+00
  7.1773E+00  8.2945E+00  1.6192E+00
  7.0649E+00  8.3052E+00  1.7796E+00
  7.3887E+00  8.0075E+00  1.5845E+00
  7.4349E+00  8.0051E+00  1.7691E+00
  7.4051E+00  8.1068E+00  1.9556E+00
  7.6294E+00  7.8940E+00  1.8560E+00
  7.6938E+00  7.9823E+00  2.0351E+00
  7.5161E+00  8.1983E+00  2.0016E+00
  7.7842E+00  8.1920E+00  1.8793E+00
  7.6287E+00  8.1736E+00  1.8448E+00
  7.3093E+00  8.4973E+00  1.7927E+00
  7.2335E+00  8.5315E+00  1.4975E+00
  6.9943E+00  8.5109E+00  1.5466E+00
  6.9118E+00  8.4889E+00  1.6093E+00
  7.1830E+00  8.5080E+00  1.6942E+00
  7.2533E+00  8.4715E+00  1.4620E+00
  7.3893E+00  8.4831E+00  1.5825E+00
  7.4775E+00  8.4158E+00  1.9034E+00
  7.6509E+00  8.3749E+00  1.9935E+00
  7.8349E+00  8.5505E+00  1.9840E+00
  7.4481E+00  8.6182E+00  1.9285E+00
  7.7451E+00  8.6589E+00  2.1412E+00
  7.9223E+00  8.6927E+00  1.9751E+00
  7.7632E+00  8.7782E+00  1.9861E+00
  7.5519E+00  8.7476E+00  1.8948E+00
  7.6734E+00  8.7949E+00  1.9143E+00
  7.5782E+00  8.7613E+00  1.6778E+00
  7.3064E+00  8.7215E+00  1.5626E+00
  7.2732E+00  8.7833E+00  1.8651E+00
  7.2306E+00  8.6129E+00  1.8291E+00
  7.0999E+00  8.4736E+00  1.8619E+00
  6.9655E+00  8.3696E+00  2.0074E+00
  6.9251E+00  8.2735E+00  1.8958E+00
  6.8464E+00  8.4639E+00  1.8402E+00
  7.1699E+00  8.7281E+00  2.0528E+00
  7.0915E+00  9.0241E+00  2.2522E+00
  7.3766E+00  9.1295E+00  2.1398E+00
  7.3277E+00  9.3760E+00  2.2757E+00
  7.5386E+00  9.3989E+00  2.2294E+00
  7.4809E+00  9.3185E+00  2.0861E+00
  7.3364E+00  9.2829E+00  2.0311E+00
  7.4205E+00  9.0310E+00  1.9117E+00
  7.6648E+00  8.7659E+00  2.0622E+00
  7.5603E+00  8.6778E+00  1.8912E+00
  7.6488E+00  8.6733E+00  2.0292E+00
  7.7031E+00  8.5798E+00  1.7345E+00
  7.6231E+00  8.5708E+00  1.8410E+00
  7.3236E+00  8.6761E+00  1.9711E+00
  7.4031E+00  8.5721E+00  1.9222E+00
  7.5071E+00  8.4701E+00  1.9453E+00
  7.7304E+00  8.4867E+00  1.8331E+00
  7.6089E+00  8.5356E+00  1.6653E+00
  7.7601E+00  8.5844E+00  1.8529E+00
  7.8365E+00  8.5451E+00  2.2283E+00
  8.0335E+00  8.4235E+00  2.2431E+00
  8.0059E+00  8.4260E+00  1.9977E+00
  7.8032E+00  8.5672E+00  1.9856E+00
  7.7418E+00  8.5707E+00  2.0166E+00
  7.8006E+00  8.6476E+00  1.6974E+00
  7.4274E+00  8.8057E+00  1.7013E+00
  7.4764E+00  8.6553E+00  1.6238E+00
  7.4437E+00  8.5641E+00  1.9022E+00
  7.1782E+00  8.7530E+00  1.7381E+00
  6.9890E+00  8.8085E+00  1.5239E+00
  7.1726E+00  8.5908E+00  1.6003E+00
  7.1064E+00  8.6058E+00  1.6877E+00
  7.0624E+00  8.7954E+00  1.8097E+00
  7.8347E+00  8.6907E+00  2.1684E+00
  7.5395E+00  8.6237E+00  2.0392E+00
  8.1949E+00  8.5800E+00  2.2097E+00
  7.7133E+00  8.5898E+00  2.2304E+00
  8.1522E+00  8.5188E+00  2.4018E+00
  7.6317E+00  8.4958E+00  2.0441E+00
  7.9929E+00  8.5951E+00  2.3117E+00
  7.6932E+00  8.7351E+00  1.7805E+00
  7.7255E+00  8.6635E+00  2.0319E+00
  8.1957E+00  8.8237E+00  2.2672E+00
  7.7404E+00  8.6973E+00  2.6816E+00
  7.9218E+00  8.7543E+00  2.6538E+00
  7.8704E+00  8.7828E+00  2.5515E+00
  7.9756E+00  8.8241E+00  2.5415E+00
  7.5266E+00  8.5986E+00  2.4124E+00
  7.7857E+00  8.6697E+00  2.6812E+00
  7.6173E+00  8.6264E+00  2.4947E+00
  8.1059E+00  8.7939E+00  2.5093E+00
  8.0560E+00  8.6554E+00  2.5835E+00
  7.9018E+00  8.4677E+00  2.7122E+00
  8.0890E+00  8.4441E+00  3.0372E+00
  8.0192E+00  8.2861E+00  2.6899E+00
  8.0269E+00  8.1533E+00  2.6873E+00
  7.9960E+00  8.0520E+00  2.6630E+00
  7.9820E+00  8.0488E+00  3.1271E+00
  7.8615E+00  8.0056E+00  3.0539E+00
  8.1564E+00  8.4239E+00  3.3166E+00
  8.2446E+00  8.4351E+00  2.9014E+00
  8.2913E+00  8.5330E+00  2.8332E+00
  8.2036E+00  8.8384E+00  2.6289E+00
  8.3151E+00  8.9738E+00  2.7730E+00
  8.4574E+00  8.8561E+00  2.7036E+00
  8.4306E+00  9.0170E+00  2.4833E+00
  8.4476E+00  9.0276E+00  2.3001E+00
  8.5438E+00  8.7636E+00  2.4670E+00
  8.4538E+00  8.5946E+00  2.3272E+00
  8.4130E+00  8.6563E+00  2.5955E+00
  8.3908E+00  8.6719E+00  2.6693E+00
  8.2496E+00  8.3911E+00  2.5229E+00
  8.1615E+00  8.4655E+00  2.6645E+00
  8.2214E+00  8.9040E+00  2.2388E+00
  8.0364E+00  8.4114E+00  2.5241E+00
  8.1728E+00  8.4155E+00  2.2158E+00
  7.8472E+00  8.2050E+00  2.2593E+00
  8.2930E+00  8.4774E+00  2.0424E+00
  8.2824E+00  8.4309E+00  2.0922E+00
  8.1073E+00  8.4050E+00  2.3228E+00
  8.4502E+00  8.8040E+00  2.3211E+00
  8.4561E+00  9.0044E+00  2.3628E+00
  8.3752E+00  9.2131E+00  2.3886E+00
  8.3490E+00  9.4736E+00  2.2295E+00
  8.5820E+00  1.0039E+01  2.2260E+00
  8.3875E+00  9.8730E+00  2.3583E+00
  8.4057E+00  9.7757E+00  2.2246E+00
  8.3142E+00  9.5929E+00  1.9241E+00
  8.3477E+00  9.9483E+00  2.0865E+00
  8.1729E+00  1.0408E+01  1.8525E+00
  8.5299E+00  1.0114E+01  1.6500E+00
  8.3187E+00  1.0145E+01  1.5952E+00
  8.4432E+00  9.7364E+00  1.5006E+00
  8.8857E+00  9.7191E+00  1.5958E+00
  8.7345E+00  9.7130E+00  1.8885E+00
  8.6823E+00  9.6914E+00  1.7520E+00
  8.7469E+00  9.7998E+00  1.9397E+00
  8.8630E+00  1.0089E+01  1.8427E+00
  8.5094E+00  1.0376E+01  1.6270E+00
  8.6871E+00  1.0122E+01  1.7169E+00
  8.4421E+00  1.0581E+01  1.7830E+00
  8.7577E+00  1.0245E+01  1.5547E+00
  8.6018E+00  1.0319E+01  1.4024E+00
  8.3911E+00  1.0315E+01  1.5318E+00
  8.5262E+00  1.0196E+01  1.4652E+00
  8.4256E+00  1.0133E+01  1.5707E+00
  8.1792E+00  1.0022E+01  1.4158E+00
  7.8221E+00  1.0115E+01  1.5980E+00
  8.0208E+00  1.0039E+01  1.6619E+00
  7.9962E+00  1.0038E+01  1.6289E+00
  8.2039E+00  1.0105E+01  1.4879E+00
  8.5346E+00  1.0150E+01  1.6708E+00
  8.4884E+00  1.0230E+01  1.8322E+00
  8.5620E+00  1.0279E+01  1.5158E+00
  8.8877E+00  1.0090E+01  1.5876E+00
  8.6089E+00  1.0198E+01  1.2521E+00
  8.7737E+00  1.0131E+01  1.3644E+00
  8.6913E+00  1.0085E+01  1.7984E+00
  8.5766E+00  9.9804E+00  1.5055E+00
  8.4084E+00  1.0036E+01  1.7686E+00
  8.1759E+00  1.0233E+01  1.9579E+00
  8.1463E+00  1.0320E+01  1.7688E+00
  8.2588E+00  1.0121E+01  1.6239E+00
  8.2717E+00  1.0258E+01  1.8403E+00
  8.7194E+00  9.9424E+00  1.8074E+00
  8.9726E+00  9.9113E+00  2.0806E+00
  8.9203E+00  1.0093E+01  1.9754E+00
  8.9730E+00  1.0145E+01  2.1534E+00
  9.0222E+00  9.8852E+00  2.0999E+00
  8.7840E+00  9.9789E+00  2.0659E+00
  8.6010E+00  1.0035E+01  1.8471E+00
  8.6464E+00  9.8656E+00  1.9642E+00
  8.3189E+00  9.7439E+00  1.6395E+00
  8.0883E+00  9.7749E+00  1.4812E+00
  8.3226E+00  9.5429E+00  1.5160E+00
  7.9559E+00  9.9463E+00  1.3641E+00
  8.0552E+00  1.0086E+01  1.2877E+00
  8.3683E+00  1.0132E+01  1.3789E+00
  8.0396E+00  1.0503E+01  1.2807E+00
  8.7767E+00  1.0179E+01  1.2866E+00
  8.7525E+00  1.0211E+01  1.4734E+00
  8.6585E+00  1.0149E+01  1.6166E+00
  8.7871E+00  9.7537E+00  1.5917E+00
  8.6829E+00  9.7223E+00  1.7966E+00
  8.8160E+00  9.4910E+00  1.6750E+00
  8.9280E+00  9.7076E+00  1.6835E+00
  8.8821E+00  9.6184E+00  1.5540E+00
  8.6505E+00  9.6794E+00  1.6197E+00
  8.8746E+00  9.4551E+00  1.5461E+00
  8.6927E+00  9.6423E+00  1.5476E+00
  8.6899E+00  9.2777E+00  1.5268E+00
  8.6672E+00  9.2583E+00  1.6422E+00
  8.7269E+00  9.3246E+00  1.7059E+00
  8.8570E+00  9.4274E+00  1.5327E+00
  8.7291E+00  9.5661E+00  1.5418E+00
  8.7112E+00  9.5990E+00  1.1442E+00
  8.9287E+00  9.6746E+00  1.4404E+00
  8.6112E+00  1.0180E+01  9.1827E-01
  8.3615E+00  1.0329E+01  8.1961E-01
  8.4839E+00  1.0238E+01  9.0465E-01
  8.4084E+00  1.0299E+01  9.8423E-01
  8.1882E+00  1.0423E+01  8.7470E-01
  8.2318E+00  1.0414E+01  9.2245E-01
  8.1505E+00  1.0450E+01  8.4783E-01
  8.1523E+00  1.0315E+01  1.0105E+00
  7.8676E+00  1.0294E+01  1.1955E+00
  7.8465E+00  9.9951E+00  9.1405E-01
  7.8553E+00  9.8985E+00  9.7772E-01
  7.9713E+00  9.8553E+00  9.3096E-01
  8.0351E+00  9.8924E+00  7.8146E-01
  8.1859E+00  9.9881E+00  7.1624E-01
  8.3956E+00  1.0127E+01  5.0243E-01
