  8.1446E+00  1.2042E+01  4.4954E-01
  8.9280E+00  1.0840E+01 -8.7148E-02
  9.0715E+00  1.0624E+01  4.0693E-01
  9.3048E+00  1.0760E+01  6.3521E-02
  8.9792E+00  1.0864E+01  4.0020E-01
  9.2004E+00  1.0662E+01  2.8688E-01
  9.1149E+00  1.0515E+01  2.5038E-01
  9.0310E+00  1.0611E+01  4.1069E-01
  9.0731E+00  1.0568E+01  2.9430E-01
  9.0045E+00  1.0481E+01  4.1580E-01
  8.8759E+00  1.0491E+01  5.0854E-01
  8.7573E+00  1.0468E+01  4.7557E-01
  8.7525E+00  1.0467E+01  5.2994E-01
  8.6665E+00  1.0438E+01  7.1889E-01
  8.5620E+00  1.0393E+01  6.7992E-01
  8.5326E+00  1.0400E+01  6.4033E-01
  8.4894E+00  1.0437E+01  6.5606E-01
  8.4719E+00  1.0412E+01  5.7670E-01
  8.4908E+00  1.0504E+01  5.8551E-01
  8.5420E+00  1.0565E+01  5.6731E-01
  8.5399E+00  1.0621E+01  5.8360E-01
  8.5446E+00  1.0617E+01  4.7658E-01
  8.5648E+00  1.0611E+01  2.9823E-01
  8.6538E+00  1.0724E+01  1.1239E-01
  8.8802E+00  1.0813E+01 -3.9777E-02
  8.9402E+00  1.0940E+01 -2.4014E-01
  9.0152E+00  1.1011E+01 -4.7794E-01
  8.6848E+00  1.0632E+01 -8.7619E-01
  8.8613E+00  1.0259E+01 -1.0383E+00
  8.8928E+00  9.7951E+00 -1.4435E+00
  9.6365E+00  9.1912E+00 -2.4325E+00
  9.8874E+00  9.0964E+00 -3.4041E+00
  9.3962E+00  9.2302E+00 -3.0643E+00
  9.6942E+00  9.3102E+00 -3.2405E+00
  9.4949E+00  9.2764E+00 -3.1219E+00
  9.5326E+00  9.5095E+00 -3.0602E+00
  9.2262E+00  9.3263E+00 -3.3136E+00
  9.2675E+00  9.1618E+00 -3.2084E+00
  9.4329E+00  9.0568E+00 -2.9411E+00
  9.3514E+00  8.9798E+00 -3.1620E+00
  9.3406E+00  9.0272E+00 -3.2109E+00
  9.3236E+00  9.0682E+00 -3.2493E+00
  9.1516E+00  9.0946E+00 -3.3309E+00
  9.1668E+00  9.0717E+00 -3.1884E+00
  9.2958E+00  9.0311E+00 -3.1197E+00
  9.2299E+00  8.9827E+00 -3.1101E+00
  9.1279E+00  8.8517E+00 -2.9145E+00
  9.1455E+00  8.9202E+00 -2.8534E+00
  9.1318E+00  9.0182E+00 -3.0037E+00
  9.3422E+00  9.0754E+00 -2.8170E+00
  9.3243E+00  9.1102E+00 -2.9236E+00
  9.4942E+00  9.2304E+00 -2.8398E+00
  9.5665E+00  9.2511E+00 -2.7063E+00
  9.8937E+00  9.4689E+00 -2.9074E+00
  1.0325E+01  9.6178E+00 -2.9169E+00
  1.0887E+01  9.5422E+00 -3.0443E+00
  1.0913E+01  9.6853E+00 -3.0320E+00
  1.1137E+01  9.8795E+00 -3.5670E+00
  1.1269E+01  1.0089E+01 -3.3839E+00
  1.1630E+01  9.8637E+00 -3.1505E+00
  1.1423E+01  9.7653E+00 -2.9205E+00
  1.1544E+01  9.5044E+00 -2.8447E+00
  1.1644E+01  9.6187E+00 -2.8700E+00
  1.1648E+01  9.7109E+00 -2.7928E+00
  1.1580E+01  9.7355E+00 -2.7750E+00
  1.1436E+01  9.7623E+00 -2.8084E+00
  1.1268E+01  9.6623E+00 -2.7840E+00
  1.1325E+01  9.6067E+00 -2.4326E+00
  1.1194E+01  9.5824E+00 -2.6022E+00
  1.0815E+01  9.6324E+00 -2.4048E+00
  1.0764E+01  9.6980E+00 -2.3582E+00
  1.0618E+01  9.8434E+00 -2.5186E+00
  1.0640E+01  9.9300E+00 -2.5153E+00
  1.0393E+01  9.9952E+00 -2.6208E+00
  1.0092E+01  9.9169E+00 -2.4440E+00
  1.0289E+01  9.9515E+00 -2.7189E+00
  1.0352E+01  1.0288E+01 -2.8091E+00
  9.9718E+00  1.0148E+01 -2.9529E+00
  1.0015E+01  1.0058E+01 -2.7168E+00
  9.7960E+00  1.0191E+01 -2.8210E+00
  9.5804E+00  1.0066E+01 -3.1757E+00
  9.8818E+00  9.9838E+00 -2.8943E+00
  9.8500E+00  9.9054E+00 -2.9641E+00
  9.7343E+00  1.0076E+01 -3.2210E+00
  9.2655E+00  9.9908E+00 -3.7004E+00
  9.6391E+00  9.8540E+00 -3.1909E+00
  9.8967E+00  9.6126E+00 -3.0504E+00
  9.8389E+00  9.4669E+00 -3.1713E+00
  9.8763E+00  9.4988E+00 -2.9643E+00
  9.9344E+00  9.5122E+00 -3.1590E+00
  1.0058E+01  9.6713E+00 -3.2069E+00
  1.0290E+01  9.7299E+00 -3.3224E+00
  1.0012E+01  9.8202E+00 -3.1202E+00
  1.0297E+01  9.7756E+00 -3.0364E+00
  1.0631E+01  9.7877E+00 -3.0383E+00
  1.0503E+01  9.8835E+00 -2.8104E+00
  1.0733E+01  9.8809E+00 -2.8925E+00
  1.0778E+01  1.0026E+01 -2.9111E+00
  1.0806E+01  9.9348E+00 -3.0065E+00
  1.0726E+01  9.7736E+00 -3.0899E+00
  1.0537E+01  9.8213E+00 -2.8517E+00
  1.0521E+01  9.8374E+00 -2.8935E+00
  1.0499E+01  9.8038E+00 -2.9856E+00
  1.0630E+01  9.7507E+00 -2.8919E+00
  1.0518E+01  9.7082E+00 -2.7879E+00
  1.0348E+01  9.7489E+00 -2.8597E+00
  1.0111E+01  9.7579E+00 -3.2715E+00
  9.8760E+00  9.9371E+00 -3.0079E+00
  9.5870E+00  1.0041E+01 -3.0057E+00
  9.7732E+00  1.0155E+01 -3.0094E+00
  9.8137E+00  9.9970E+00 -3.4021E+00
  9.7213E+00  1.0106E+01 -3.2191E+00
  8.9820E+00  1.0361E+01 -3.1898E+00
  9.5917E+00  1.0476E+01 -3.2420E+00
  9.7169E+00  1.0405E+01 -3.5779E+00
  9.7119E+00  1.0283E+01 -3.2985E+00
  9.6828E+00  1.0309E+01 -3.0141E+00
  9.6613E+00  1.0166E+01 -3.0459E+00
  9.7631E+00  9.9287E+00 -2.9236E+00
  9.8935E+00  1.0063E+01 -2.7391E+00
  9.6158E+00  1.0179E+01 -3.0865E+00
  9.2858E+00  1.0235E+01 -3.1105E+00
  9.7439E+00  9.9817E+00 -3.1312E+00
  1.0023E+01  1.0117E+01 -3.2469E+00
  1.0141E+01  1.0334E+01 -3.6492E+00
  9.5070E+00  1.0316E+01 -3.3702E+00
  9.9952E+00  1.0083E+01 -3.5122E+00
  9.8819E+00  1.0009E+01 -3.0100E+00
  1.0083E+01  9.8443E+00 -3.2907E+00
  1.0441E+01  9.7664E+00 -3.2108E+00
  1.0320E+01  9.6839E+00 -3.2295E+00
  1.0291E+01  9.6670E+00 -3.3012E+00
  1.0420E+01  9.6991E+00 -2.9911E+00
  1.0651E+01  9.7812E+00 -3.1062E+00
  1.0491E+01  9.7522E+00 -3.1352E+00
  1.0355E+01  9.8824E+00 -3.0202E+00
  1.0193E+01  9.9426E+00 -2.9511E+00
  1.0178E+01  9.9458E+00 -2.8222E+00
  1.0125E+01  9.7026E+00 -2.9851E+00
  9.8729E+00  9.8180E+00 -2.9830E+00
  9.9057E+00  9.7896E+00 -3.1504E+00
  1.0156E+01  9.7231E+00 -3.2183E+00
  9.9922E+00  9.7329E+00 -2.9047E+00
  9.8290E+00  9.9000E+00 -2.7624E+00
  9.6990E+00  9.9922E+00 -3.2359E+00
  9.7297E+00  1.0029E+01 -2.7265E+00
  1.0013E+01  9.8934E+00 -2.8602E+00
  9.9907E+00  9.9889E+00 -2.7562E+00
  9.6647E+00  9.8875E+00 -2.8739E+00
  9.7754E+00  9.7651E+00 -2.9032E+00
  9.8786E+00  9.7683E+00 -3.0012E+00
  9.6056E+00  9.6438E+00 -3.0105E+00
  9.4585E+00  9.5111E+00 -3.1524E+00
  9.4119E+00  9.4802E+00 -3.3151E+00
  9.6225E+00  9.5663E+00 -3.3703E+00
  9.6964E+00  9.6866E+00 -3.6171E+00
  9.7175E+00  9.8033E+00 -3.6022E+00
  9.5762E+00  9.8939E+00 -3.5882E+00
  9.7725E+00  9.9646E+00 -3.8209E+00
  9.8853E+00  9.8320E+00 -3.9036E+00
  9.9463E+00  9.7827E+00 -3.4106E+00
  9.8960E+00  9.7294E+00 -3.2942E+00
  1.0010E+01  9.9003E+00 -3.2156E+00
  1.0193E+01  9.8908E+00 -3.3999E+00
  1.0051E+01  9.9942E+00 -3.0634E+00
  1.0069E+01  9.9424E+00 -3.1769E+00
  1.0421E+01  9.9005E+00 -3.3539E+00
  1.0362E+01  1.0018E+01 -3.0856E+00
  1.0619E+01  1.0200E+01 -3.2811E+00
  1.0368E+01  1.0337E+01 -3.2344E+00
  1.0386E+01  1.0172E+01 -3.4553E+00
  1.0308E+01  1.0131E+01 -3.1277E+00
  1.0547E+01  1.0173E+01 -3.2328E+00
  1.0243E+01  1.0108E+01 -2.9966E+00
  9.8748E+00  1.0073E+01 -3.1137E+00
  9.8245E+00  1.0216E+01 -3.4159E+00
  9.9718E+00  1.0145E+01 -3.5335E+00
  9.9241E+00  9.8365E+00 -3.4711E+00
  9.5310E+00  9.7714E+00 -3.4496E+00
  9.4977E+00  9.8121E+00 -3.5106E+00
  9.5575E+00  9.7753E+00 -3.8158E+00
  9.3268E+00  9.6703E+00 -3.9591E+00
  9.4358E+00  9.7996E+00 -3.5741E+00
  9.3397E+00  9.8081E+00 -3.8033E+00
  9.1932E+00  9.9889E+00 -3.6608E+00
  9.3299E+00  1.0020E+01 -3.8153E+00
  9.2230E+00  1.0031E+01 -3.6650E+00
  9.2724E+00  9.9190E+00 -3.5037E+00
  9.3601E+00  9.7920E+00 -3.5289E+00
  9.4288E+00  9.8315E+00 -3.6348E+00
  9.5259E+00  9.9450E+00 -3.5109E+00
  9.3584E+00  9.9486E+00 -3.4925E+00
  9.3129E+00  9.9467E+00 -3.3594E+00
  9.7657E+00  9.9084E+00 -3.4346E+00
  9.9571E+00  9.8358E+00 -3.4467E+00
  9.9287E+00  1.0022E+01 -3.1167E+00
  9.8095E+00  1.0012E+01 -3.4397E+00
  1.0008E+01  1.0009E+01 -3.3943E+00
  1.0487E+01  1.0185E+01 -3.1891E+00
  1.0560E+01  1.0257E+01 -3.3872E+00
  1.0543E+01  1.0324E+01 -3.6337E+00
  1.0503E+01  1.0295E+01 -3.4760E+00
  1.0710E+01  1.0095E+01 -3.1990E+00
  1.0648E+01  9.9951E+00 -3.0675E+00
  1.0642E+01  1.0145E+01 -3.2208E+00
  1.0406E+01  1.0455E+01 -3.6237E+00
  1.0348E+01  1.0355E+01 -3.4558E+00
  1.0489E+01  1.0154E+01 -3.2304E+00
  1.0200E+01  1.0190E+01 -3.3488E+00
  9.9728E+00  1.0309E+01 -3.4156E+00
  9.7261E+00  1.0259E+01 -3.4407E+00
  9.8951E+00  1.0129E+01 -3.5201E+00
  9.5318E+00  1.0010E+01 -3.6225E+00
  9.4043E+00  1.0039E+01 -3.5880E+00
  9.3318E+00  1.0066E+01 -3.4190E+00
  9.2556E+00  1.0055E+01 -3.3747E+00
  9.2669E+00  9.9062E+00 -3.8293E+00
  9.2336E+00  9.9465E+00 -3.7782E+00
  9.2557E+00  1.0100E+01 -3.5153E+00
  9.0111E+00  9.9498E+00 -3.4904E+00
  9.2182E+00  9.8826E+00 -3.5421E+00
  9.4840E+00  9.8156E+00 -3.4277E+00
  9.2815E+00  9.7620E+00 -3.3257E+00
  9.4386E+00  9.7949E+00 -3.3658E+00
  9.6936E+00  9.8453E+00 -3.5196E+00
  9.6414E+00  9.8712E+00 -3.7161E+00
  9.5241E+00  9.9637E+00 -3.7002E+00
  9.8265E+00  1.0135E+01 -3.7217E+00
  1.0099E+01  1.0151E+01 -3.4027E+00
  1.0049E+01  1.0089E+01 -3.3724E+00
  1.0488E+01  1.0038E+01 -3.2173E+00
  1.0507E+01  9.9871E+00 -3.1754E+00
  1.0882E+01  1.0115E+01 -3.0080E+00
  1.0981E+01  1.0024E+01 -3.2967E+00
  1.1039E+01  9.8814E+00 -3.2179E+00
  1.0932E+01  1.0132E+01 -3.4013E+00
  1.1345E+01  1.0172E+01 -3.1510E+00
  1.1287E+01  1.0115E+01 -2.7424E+00
  1.1256E+01  9.8778E+00 -2.6429E+00
  1.1239E+01  9.9974E+00 -2.7127E+00
  1.0941E+01  9.9195E+00 -2.8377E+00
  1.1149E+01  9.8874E+00 -2.8441E+00
  1.1155E+01  9.8917E+00 -3.3362E+00
  1.0811E+01  9.9506E+00 -3.1711E+00
  1.0832E+01  9.9854E+00 -3.0831E+00
  1.0909E+01  1.0129E+01 -3.3404E+00
  1.0716E+01  1.0099E+01 -3.1904E+00
  1.0685E+01  9.9287E+00 -3.1906E+00
  1.0772E+01  9.9747E+00 -3.5482E+00
  1.0593E+01  9.9574E+00 -3.4053E+00
  1.0501E+01  1.0004E+01 -3.1993E+00
  1.0615E+01  1.0018E+01 -3.5812E+00
  1.0161E+01  9.8013E+00 -3.4812E+00
  1.0404E+01  9.7837E+00 -3.4965E+00
  1.0420E+01  1.0058E+01 -3.2971E+00
  1.0321E+01  1.0026E+01 -3.4951E+00
  1.0265E+01  1.0132E+01 -3.3144E+00
  1.0103E+01  1.0267E+01 -3.2537E+00
  1.0321E+01  1.0336E+01 -3.4411E+00
  1.0404E+01  1.0498E+01 -3.1033E+00
  1.0367E+01  1.0554E+01 -3.2169E+00
  1.0638E+01  1.0745E+01 -3.3718E+00
  1.0612E+01  1.0675E+01 -3.2198E+00
  1.0682E+01  1.0622E+01 -3.2329E+00
  1.0873E+01  1.0761E+01 -3.1747E+00
  1.1017E+01  1.0790E+01 -3.2671E+00
  1.1087E+01  1.0820E+01 -3.3156E+00
  1.1180E+01  1.0749E+01 -3.3868E+00
  1.1119E+01  1.0715E+01 -3.2541E+00
  1.1118E+01  1.0723E+01 -3.2721E+00
  1.1186E+01  1.0797E+01 -3.5540E+00
  1.1077E+01  1.0820E+01 -3.4698E+00
  1.0966E+01  1.0676E+01 -3.3915E+00
  1.0707E+01  1.0627E+01 -3.5439E+00
  1.0462E+01  1.0601E+01 -3.5573E+00
  1.0319E+01  1.0707E+01 -3.5132E+00
  1.0045E+01  1.0796E+01 -3.7830E+00
  9.8457E+00  1.0778E+01 -3.5789E+00
  9.4546E+00  1.0655E+01 -3.5080E+00
  9.3246E+00  1.0421E+01 -3.6726E+00
  9.3536E+00  1.0324E+01 -3.5568E+00
  9.3580E+00  1.0436E+01 -3.7256E+00
  9.3335E+00  1.0414E+01 -3.5738E+00
  9.0952E+00  1.0280E+01 -3.2731E+00
  8.8698E+00  1.0138E+01 -3.1534E+00
  9.0933E+00  1.0169E+01 -3.3498E+00
  9.0203E+00  1.0292E+01 -3.4961E+00
  9.0683E+00  1.0320E+01 -3.3763E+00
  9.2235E+00  1.0345E+01 -3.2491E+00
  9.2082E+00  1.0263E+01 -3.3838E+00
  9.3983E+00  1.0185E+01 -3.2154E+00
  9.5743E+00  1.0214E+01 -3.1931E+00
  9.4782E+00  9.8257E+00 -3.3431E+00
  9.7420E+00  1.0032E+01 -3.2215E+00
  9.4946E+00  9.8010E+00 -3.4094E+00
  9.8962E+00  9.7662E+00 -3.2589E+00
  9.7609E+00  9.8247E+00 -3.2521E+00
  1.0011E+01  1.0177E+01 -3.3060E+00
  9.6605E+00  9.9205E+00 -3.2293E+00
  1.0032E+01  1.0222E+01 -2.9228E+00
  9.6904E+00  1.0218E+01 -2.9141E+00
  9.5634E+00  1.0356E+01 -2.7947E+00
  9.6431E+00  1.0489E+01 -2.8265E+00
  9.5213E+00  1.0649E+01 -3.1243E+00
  9.5106E+00  1.0669E+01 -2.8608E+00
  9.2017E+00  1.0663E+01 -3.0020E+00
  9.2155E+00  1.0851E+01 -2.8320E+00
  9.0509E+00  1.0888E+01 -2.7488E+00
  8.9494E+00  1.0948E+01 -2.7231E+00
  8.9070E+00  1.0798E+01 -2.5467E+00
  8.9332E+00  1.0717E+01 -2.3562E+00
  8.9480E+00  1.0575E+01 -2.4357E+00
  9.0891E+00  1.0649E+01 -2.6582E+00
  9.3600E+00  1.0584E+01 -2.6564E+00
  9.4299E+00  1.0329E+01 -2.3659E+00
  9.4915E+00  1.0578E+01 -2.6919E+00
  9.3911E+00  1.0511E+01 -2.3666E+00
  9.2160E+00  1.0473E+01 -2.3157E+00
  9.1846E+00  1.0832E+01 -2.5045E+00
  9.0853E+00  1.0929E+01 -2.0997E+00
  9.0867E+00  1.0974E+01 -2.3035E+00
  9.1741E+00  1.0965E+01 -2.4235E+00
  9.2370E+00  1.0860E+01 -2.3431E+00
  9.2470E+00  1.0861E+01 -2.4955E+00
  9.4031E+00  1.0721E+01 -2.4734E+00
  9.5655E+00  1.0927E+01 -2.5814E+00
  9.5425E+00  1.0852E+01 -2.4899E+00
  9.4374E+00  1.0769E+01 -2.4989E+00
  9.6226E+00  1.0906E+01 -2.6139E+00
  9.4705E+00  1.0766E+01 -2.1006E+00
  9.4545E+00  1.0742E+01 -2.3716E+00
  9.3908E+00  1.0676E+01 -2.2429E+00
  9.3278E+00  1.0462E+01 -2.0094E+00
  9.4123E+00  1.0578E+01 -2.2357E+00
  9.6405E+00  1.0480E+01 -2.1017E+00
  9.6273E+00  1.0405E+01 -2.0269E+00
  9.5615E+00  1.0726E+01 -2.4141E+00
  9.4501E+00  1.0547E+01 -2.4524E+00
  9.5855E+00  1.0889E+01 -2.5941E+00
  9.4277E+00  1.1055E+01 -2.6300E+00
  9.2024E+00  1.0805E+01 -2.4687E+00
  9.4063E+00  1.0996E+01 -2.6565E+00
  9.2039E+00  1.0849E+01 -2.4952E+00
  8.9874E+00  1.0864E+01 -2.6560E+00
  9.0008E+00  1.0833E+01 -2.4159E+00
  8.9878E+00  1.0631E+01 -2.0258E+00
  8.9244E+00  1.0498E+01 -1.9235E+00
  8.9840E+00  1.0447E+01 -1.8737E+00
  9.2531E+00  1.0529E+01 -1.6789E+00
  8.9800E+00  1.0103E+01 -1.9959E+00
  9.3245E+00  1.0047E+01 -1.5923E+00
  9.4099E+00  1.0193E+01 -1.8438E+00
  9.1449E+00  1.0094E+01 -2.0395E+00
  9.3078E+00  1.0364E+01 -2.3180E+00
  9.3579E+00  1.0376E+01 -1.8696E+00
  9.2959E+00  1.0276E+01 -2.3571E+00
  9.2627E+00  1.0320E+01 -2.0477E+00
  9.5338E+00  1.0728E+01 -2.1204E+00
  9.0454E+00  1.0136E+01 -2.0886E+00
  9.3739E+00  1.0160E+01 -2.1628E+00
  9.2871E+00  1.0093E+01 -1.5269E+00
  9.2808E+00  1.0166E+01 -2.1851E+00
  9.3003E+00  1.0069E+01 -1.6964E+00
  9.1115E+00  9.8769E+00 -2.1370E+00
  9.1830E+00  9.8536E+00 -2.0586E+00
  9.2650E+00  9.9192E+00 -2.3311E+00
  9.1224E+00  9.7379E+00 -2.4465E+00
  9.3489E+00  1.0085E+01 -2.1802E+00
  9.4017E+00  1.0080E+01 -2.2458E+00
  9.5165E+00  1.0067E+01 -2.1713E+00
  9.6560E+00  1.0244E+01 -2.1046E+00
  9.4673E+00  1.0243E+01 -2.3034E+00
  9.3459E+00  1.0359E+01 -1.8593E+00
  9.1766E+00  9.9519E+00 -2.2550E+00
  9.2843E+00  9.7967E+00 -1.9828E+00
  9.2450E+00  1.0018E+01 -2.0621E+00
  9.1525E+00  9.9607E+00 -2.0425E+00
  9.5675E+00  1.0353E+01 -1.9891E+00
  9.2717E+00  1.0054E+01 -1.8809E+00
  9.2575E+00  1.0313E+01 -1.9096E+00
  9.0975E+00  1.0014E+01 -1.8435E+00
  9.0829E+00  1.0009E+01 -1.9263E+00
  9.0075E+00  9.8545E+00 -1.9205E+00
  9.2079E+00  1.0018E+01 -2.3167E+00
  9.2951E+00  9.8220E+00 -2.0862E+00
  9.3392E+00  9.8895E+00 -2.0029E+00
  9.5288E+00  1.0011E+01 -2.2872E+00
  9.6098E+00  9.8423E+00 -2.0599E+00
  9.8148E+00  9.8409E+00 -2.1845E+00
  9.8566E+00  9.7750E+00 -2.3208E+00
  9.9061E+00  9.7838E+00 -2.4183E+00
  9.9328E+00  9.8407E+00 -2.3882E+00
  1.0062E+01  1.0082E+01 -2.4347E+00
  1.0024E+01  1.0103E+01 -2.4045E+00
  1.0034E+01  1.0165E+01 -2.4917E+00
  1.0108E+01  1.0194E+01 -2.4504E+00
  1.0095E+01  1.0294E+01 -2.4969E+00
  9.9626E+00  1.0289E+01 -2.5210E+00
  9.9441E+00  1.0238E+01 -2.6565E+00
  1.0112E+01  1.0302E+01 -2.6264E+00
