  9.2677E+00  1.2512E+01 -4.3913E-01
  8.2311E+00  1.2175E+01 -1.4839E-01
  8.4810E+00  1.1929E+01 -6.4183E-02
  8.6579E+00  1.2121E+01  3.9332E-02
  8.6520E+00  1.2285E+01  1.8655E-02
  8.2923E+00  1.1850E+01  9.4252E-02
  8.1117E+00  1.1631E+01  1.0819E-01
  8.2015E+00  1.1753E+01 -1.1701E-01
  7.9903E+00  1.1605E+01  1.3804E-01
  7.9593E+00  1.1521E+01  1.0224E-01
  7.8687E+00  1.1591E+01  2.9194E-01
  7.7722E+00  1.1589E+01  2.6022E-01
  7.8017E+00  1.1591E+01  2.0352E-01
  7.7799E+00  1.1535E+01  1.8597E-01
  7.7306E+00  1.1523E+01  1.2859E-01
  7.8220E+00  1.1551E+01 -2.4165E-02
  7.8017E+00  1.1524E+01 -1.2939E-01
  7.7586E+00  1.1540E+01 -1.2386E-01
  7.7925E+00  1.1600E+01 -1.7856E-01
  7.7864E+00  1.1594E+01 -2.3399E-01
  7.8407E+00  1.1595E+01 -3.2969E-01
  7.8070E+00  1.1560E+01 -4.3858E-01
  7.8208E+00  1.1561E+01 -6.0573E-01
  7.8846E+00  1.1629E+01 -8.1600E-01
  7.9752E+00  1.1481E+01 -1.0429E+00
  8.1781E+00  1.1465E+01 -1.4296E+00
  8.1852E+00  1.1290E+01 -1.7050E+00
  8.2468E+00  1.1083E+01 -2.2463E+00
  8.2841E+00  1.0256E+01 -2.4308E+00
  8.5636E+00  9.8185E+00 -2.9143E+00
  8.4597E+00  9.8636E+00 -3.0920E+00
  8.5169E+00  9.6269E+00 -3.0690E+00
  8.8032E+00  9.7811E+00 -4.3360E+00
  8.7044E+00  9.7213E+00 -4.3004E+00
  8.4608E+00  1.0155E+01 -3.7784E+00
  8.5149E+00  1.0046E+01 -4.0341E+00
  8.0447E+00  1.0212E+01 -3.6176E+00
  7.9076E+00  9.5332E+00 -3.7423E+00
  8.1406E+00  9.3743E+00 -3.6491E+00
  8.1413E+00  9.7522E+00 -3.6215E+00
  8.0615E+00  9.5136E+00 -3.8429E+00
  7.8649E+00  9.2699E+00 -3.5715E+00
  7.6533E+00  9.2346E+00 -3.4185E+00
  7.6706E+00  9.2244E+00 -3.2889E+00
  7.7900E+00  8.9828E+00 -3.0715E+00
  7.7319E+00  8.8390E+00 -3.0240E+00
  7.6232E+00  8.8658E+00 -2.8261E+00
  7.6625E+00  8.9054E+00 -2.5842E+00
  7.6353E+00  8.8654E+00 -2.9060E+00
  7.8415E+00  9.0290E+00 -2.9509E+00
  7.9495E+00  9.6463E+00 -3.2311E+00
  8.7489E+00  9.9480E+00 -3.9360E+00
  1.0017E+01  1.0067E+01 -3.8912E+00
  1.0447E+01  1.0418E+01 -3.9391E+00
  1.0413E+01  1.0452E+01 -4.1696E+00
  1.0840E+01  1.0456E+01 -4.2421E+00
  1.1667E+01  1.0279E+01 -4.1945E+00
  1.2457E+01  1.0537E+01 -3.8793E+00
 -1.2551E+01  1.0474E+01 -3.8613E+00
 -1.2534E+01  1.0545E+01 -4.0115E+00
  1.2251E+01  1.0113E+01 -4.1312E+00
  1.2010E+01  1.0072E+01 -4.1612E+00
  1.2246E+01  1.0141E+01 -4.1491E+00
 -1.2570E+01  1.0166E+01 -3.8445E+00
 -1.2410E+01  1.0318E+01 -3.4643E+00
 -1.2553E+01  1.0306E+01 -3.5283E+00
  1.2196E+01  1.0367E+01 -3.7404E+00
  1.1772E+01  1.0332E+01 -3.6760E+00
  1.2015E+01  1.0518E+01 -3.4524E+00
  1.1961E+01  1.0141E+01 -3.2411E+00
  1.1509E+01  1.0454E+01 -3.4284E+00
  1.0785E+01  1.1019E+01 -3.4465E+00
  1.0336E+01  1.1034E+01 -3.4960E+00
  1.0494E+01  1.1191E+01 -3.5334E+00
  1.0806E+01  1.0965E+01 -3.2594E+00
  1.0142E+01  1.1327E+01 -3.3166E+00
  9.1621E+00  1.1080E+01 -3.2862E+00
  8.9350E+00  1.1186E+01 -3.2992E+00
  9.4278E+00  1.0957E+01 -3.7750E+00
  9.9132E+00  1.1328E+01 -3.8040E+00
  9.7493E+00  1.1286E+01 -4.0451E+00
  9.1999E+00  1.0602E+01 -4.0882E+00
  9.0316E+00  1.0725E+01 -3.9291E+00
  9.4683E+00  1.1245E+01 -4.1348E+00
  9.3857E+00  1.1427E+01 -4.1425E+00
  9.0319E+00  1.0736E+01 -4.2521E+00
  8.7845E+00  1.0209E+01 -3.8745E+00
  9.1250E+00  1.0373E+01 -4.1419E+00
  9.8355E+00  1.0243E+01 -4.2744E+00
  9.7578E+00  1.0409E+01 -4.3579E+00
  9.5020E+00  1.0606E+01 -4.2504E+00
  9.8532E+00  1.0748E+01 -4.3441E+00
  1.0481E+01  1.0455E+01 -4.4043E+00
  1.1141E+01  1.0650E+01 -3.9272E+00
  1.1033E+01  1.0885E+01 -3.9901E+00
  1.0854E+01  1.0340E+01 -4.2032E+00
  1.1009E+01  1.0511E+01 -4.2338E+00
  1.1188E+01  1.0873E+01 -4.0885E+00
  1.1432E+01  1.0915E+01 -3.9650E+00
  1.1505E+01  1.0764E+01 -3.9171E+00
  1.1309E+01  1.0665E+01 -3.8339E+00
  1.1309E+01  1.0879E+01 -3.6469E+00
  1.1587E+01  1.0663E+01 -3.5786E+00
  1.1515E+01  1.0670E+01 -3.6939E+00
  1.0923E+01  1.0576E+01 -3.9517E+00
  1.0289E+01  1.0630E+01 -4.0812E+00
  1.0158E+01  1.0850E+01 -4.3092E+00
  1.0016E+01  1.0548E+01 -4.3787E+00
  9.5254E+00  1.0902E+01 -4.2409E+00
  9.1604E+00  1.0708E+01 -4.2707E+00
  9.1526E+00  1.0910E+01 -4.4024E+00
  9.4064E+00  1.1081E+01 -4.3246E+00
  9.4007E+00  1.1410E+01 -4.1876E+00
  9.2466E+00  1.1617E+01 -4.1640E+00
  8.5367E+00  1.1330E+01 -3.7322E+00
  8.8511E+00  1.1294E+01 -4.0124E+00
  1.0038E+01  1.1499E+01 -3.8675E+00
  1.0288E+01  1.1286E+01 -3.8354E+00
  9.6450E+00  1.0920E+01 -4.0527E+00
  9.2393E+00  1.0974E+01 -3.7458E+00
  9.8331E+00  1.1429E+01 -3.8999E+00
  1.0153E+01  1.1041E+01 -4.0431E+00
  9.6817E+00  1.1004E+01 -4.2374E+00
  9.0948E+00  1.1066E+01 -3.9611E+00
  9.3215E+00  1.1427E+01 -4.2862E+00
  1.0193E+01  1.1081E+01 -4.4732E+00
  1.0563E+01  1.1353E+01 -4.0917E+00
  1.0156E+01  1.0392E+01 -4.4420E+00
  9.7532E+00  1.0756E+01 -4.4446E+00
  1.0053E+01  1.0466E+01 -4.4883E+00
  1.0927E+01  1.0405E+01 -4.4052E+00
  1.1246E+01  1.0482E+01 -4.1350E+00
  1.0948E+01  1.0352E+01 -4.2431E+00
  1.0571E+01  1.0612E+01 -4.3614E+00
  1.0741E+01  1.0693E+01 -4.2860E+00
  1.0829E+01  1.0848E+01 -4.0763E+00
  1.0619E+01  1.0607E+01 -4.2353E+00
  9.9896E+00  1.0188E+01 -4.2980E+00
  1.0079E+01  1.0313E+01 -4.3624E+00
  1.0448E+01  1.0115E+01 -4.3442E+00
  9.9545E+00  1.0295E+01 -4.5698E+00
  9.3748E+00  1.0541E+01 -4.2146E+00
  9.3213E+00  1.0570E+01 -3.9637E+00
  1.0040E+01  1.0581E+01 -4.0906E+00
  1.0299E+01  1.1251E+01 -3.8087E+00
  9.7920E+00  1.0926E+01 -3.9359E+00
  9.3702E+00  1.0911E+01 -3.7670E+00
  9.7019E+00  1.1047E+01 -3.7903E+00
  1.0061E+01  1.1054E+01 -3.7420E+00
  9.5670E+00  1.0694E+01 -4.0722E+00
  8.9654E+00  1.0349E+01 -4.0502E+00
  9.2348E+00  1.0352E+01 -4.2885E+00
  9.7854E+00  1.0340E+01 -4.3682E+00
  9.6687E+00  1.0089E+01 -4.6700E+00
  8.9591E+00  9.9606E+00 -4.6651E+00
  8.8054E+00  1.0290E+01 -4.6728E+00
  9.3406E+00  1.0664E+01 -4.7809E+00
  9.5073E+00  1.0804E+01 -4.7882E+00
  9.0597E+00  1.0677E+01 -4.9417E+00
  8.9707E+00  1.0638E+01 -4.7906E+00
  9.8223E+00  1.0507E+01 -4.7267E+00
  1.0466E+01  1.0513E+01 -4.4488E+00
  1.0159E+01  1.0284E+01 -4.6657E+00
  9.6467E+00  1.0812E+01 -4.4607E+00
  1.0157E+01  1.0791E+01 -4.3387E+00
  1.1159E+01  1.0680E+01 -3.9112E+00
  1.1278E+01  1.1009E+01 -3.9110E+00
  1.0699E+01  1.0922E+01 -4.2431E+00
  1.0455E+01  1.1380E+01 -4.2037E+00
  1.1072E+01  1.1306E+01 -4.1493E+00
  1.1367E+01  1.1304E+01 -3.6230E+00
  1.0821E+01  1.1014E+01 -4.2357E+00
  9.7770E+00  1.1121E+01 -4.1163E+00
  9.8372E+00  1.0942E+01 -4.1847E+00
  1.0712E+01  1.1021E+01 -3.9337E+00
  1.0310E+01  1.1388E+01 -4.2308E+00
  9.0206E+00  1.1191E+01 -4.0579E+00
  9.0581E+00  1.0825E+01 -4.2095E+00
  9.9796E+00  1.0888E+01 -4.3571E+00
  9.8060E+00  1.0830E+01 -4.5784E+00
  8.4497E+00  1.0541E+01 -4.4927E+00
  8.2904E+00  1.0639E+01 -4.4682E+00
  9.0245E+00  1.0398E+01 -4.8949E+00
  9.3477E+00  1.0922E+01 -4.8188E+00
  8.9517E+00  1.0493E+01 -5.0606E+00
  8.2754E+00  1.0624E+01 -4.7069E+00
  8.5083E+00  1.0665E+01 -4.8310E+00
  9.3800E+00  1.0778E+01 -4.7376E+00
  9.3703E+00  1.0704E+01 -4.7292E+00
  8.5498E+00  1.0551E+01 -4.6258E+00
  8.4923E+00  1.0591E+01 -4.3979E+00
  9.3647E+00  1.1025E+01 -4.5475E+00
  9.6129E+00  1.0962E+01 -4.4326E+00
  8.8619E+00  1.0880E+01 -4.1504E+00
  8.9857E+00  1.0809E+01 -4.0639E+00
  1.0192E+01  1.0885E+01 -4.3243E+00
  1.0754E+01  1.0991E+01 -4.0889E+00
  1.0429E+01  1.0801E+01 -4.6060E+00
  9.9571E+00  1.0770E+01 -4.4734E+00
  1.0824E+01  1.1065E+01 -4.6316E+00
  1.1591E+01  1.1336E+01 -4.0212E+00
  1.1643E+01  1.1061E+01 -4.0983E+00
  1.1074E+01  1.1001E+01 -4.3478E+00
  1.1100E+01  1.0912E+01 -4.1755E+00
  1.1803E+01  1.0991E+01 -3.6769E+00
  1.1769E+01  1.1014E+01 -3.3014E+00
  1.1091E+01  1.1511E+01 -4.0750E+00
  9.9603E+00  1.1243E+01 -4.1289E+00
  1.0377E+01  1.0923E+01 -4.6540E+00
  1.0965E+01  1.1104E+01 -4.2258E+00
  1.0521E+01  1.1151E+01 -4.3596E+00
  9.0820E+00  1.1078E+01 -4.3628E+00
  8.5817E+00  1.1136E+01 -3.9402E+00
  8.6402E+00  1.1041E+01 -4.4154E+00
  9.0121E+00  1.1050E+01 -4.5153E+00
  8.6501E+00  1.0681E+01 -4.6051E+00
  7.9517E+00  1.0464E+01 -4.3107E+00
  8.1592E+00  1.0667E+01 -4.5520E+00
  8.7506E+00  1.1018E+01 -4.5988E+00
  8.7278E+00  1.0902E+01 -4.6244E+00
  8.2620E+00  1.0571E+01 -4.4824E+00
  8.5225E+00  1.0282E+01 -4.4909E+00
  9.3270E+00  1.0693E+01 -4.5103E+00
  9.3468E+00  1.0717E+01 -4.5546E+00
  8.8100E+00  1.0536E+01 -4.5264E+00
  9.0378E+00  1.0935E+01 -4.5968E+00
  9.9147E+00  1.1077E+01 -4.6382E+00
  9.9002E+00  1.1328E+01 -4.6401E+00
  9.7370E+00  1.1108E+01 -4.5096E+00
  1.0379E+01  1.1088E+01 -4.4526E+00
  1.1244E+01  1.0965E+01 -4.1336E+00
  1.1491E+01  1.0834E+01 -3.9420E+00
  1.1453E+01  1.0955E+01 -4.1222E+00
  1.1871E+01  1.0918E+01 -4.1227E+00
  1.2165E+01  1.0687E+01 -3.8139E+00
  1.2159E+01  1.0943E+01 -3.7279E+00
  1.1926E+01  1.1493E+01 -3.5885E+00
  1.1868E+01  1.1119E+01 -3.7050E+00
  1.1724E+01  1.0821E+01 -3.7213E+00
  1.1518E+01  1.1240E+01 -3.5191E+00
  1.1365E+01  1.1135E+01 -3.6221E+00
  1.1151E+01  1.0554E+01 -4.1963E+00
  1.0632E+01  1.0720E+01 -4.4817E+00
  1.1020E+01  1.0762E+01 -4.4240E+00
  1.0865E+01  1.0555E+01 -4.4782E+00
  1.0221E+01  1.0650E+01 -4.5765E+00
  1.0620E+01  1.0679E+01 -4.5786E+00
  1.0819E+01  1.0702E+01 -4.4773E+00
  1.0390E+01  1.0691E+01 -4.8180E+00
  1.0267E+01  1.0483E+01 -4.7797E+00
  1.0331E+01  1.0561E+01 -4.5899E+00
  1.0237E+01  1.0763E+01 -4.8359E+00
  1.0401E+01  1.0423E+01 -4.8334E+00
  1.0034E+01  1.0516E+01 -4.7610E+00
  9.8368E+00  1.0537E+01 -4.6020E+00
  9.7053E+00  1.0860E+01 -4.5896E+00
  1.0083E+01  1.0702E+01 -4.6981E+00
  1.0361E+01  1.0882E+01 -4.6059E+00
  1.0118E+01  1.1410E+01 -4.4789E+00
  1.0184E+01  1.1253E+01 -4.3892E+00
  1.0233E+01  1.1519E+01 -4.3673E+00
  1.0435E+01  1.1929E+01 -4.2819E+00
  1.0835E+01  1.1854E+01 -4.1310E+00
  1.1046E+01  1.1739E+01 -4.1772E+00
  1.1199E+01  1.1764E+01 -4.2514E+00
  1.1443E+01  1.1973E+01 -4.0987E+00
  1.1775E+01  1.1885E+01 -4.1307E+00
  1.1841E+01  1.1872E+01 -4.1446E+00
  1.1779E+01  1.1742E+01 -4.1380E+00
  1.1971E+01  1.1612E+01 -4.1395E+00
  1.2105E+01  1.1896E+01 -4.0235E+00
  1.1825E+01  1.1980E+01 -4.0761E+00
  1.1589E+01  1.1889E+01 -4.0343E+00
  1.1656E+01  1.1737E+01 -3.9169E+00
  1.1442E+01  1.1700E+01 -3.8825E+00
  1.0580E+01  1.1960E+01 -4.3086E+00
  9.5020E+00  1.1974E+01 -4.5503E+00
  9.1482E+00  1.1593E+01 -4.6375E+00
  9.3154E+00  1.1661E+01 -4.6217E+00
  9.2785E+00  1.1687E+01 -4.4896E+00
  8.4686E+00  1.0909E+01 -4.6277E+00
  7.8861E+00  1.0563E+01 -4.0250E+00
  7.9033E+00  1.0750E+01 -3.9120E+00
  8.1645E+00  1.1065E+01 -4.1617E+00
  8.4192E+00  1.1041E+01 -4.2734E+00
  8.0352E+00  1.0989E+01 -4.0434E+00
  7.8038E+00  1.1179E+01 -3.4186E+00
  7.8494E+00  1.1189E+01 -3.5548E+00
  8.0203E+00  1.1186E+01 -3.5912E+00
  8.0933E+00  1.1277E+01 -3.4125E+00
  8.2482E+00  1.1120E+01 -3.4904E+00
  8.2030E+00  1.0839E+01 -3.2290E+00
  8.1479E+00  1.0309E+01 -2.8241E+00
  8.2965E+00  9.8504E+00 -2.8348E+00
  8.1787E+00  1.0249E+01 -2.8263E+00
  8.4173E+00  1.0054E+01 -3.2114E+00
  8.3991E+00  1.0186E+01 -2.7159E+00
  8.5810E+00  9.9466E+00 -2.8888E+00
  8.4142E+00  1.0575E+01 -2.6897E+00
  8.6454E+00  1.0547E+01 -3.4173E+00
  9.1935E+00  1.1409E+01 -3.6924E+00
  9.4096E+00  1.1586E+01 -3.6532E+00
  8.9174E+00  1.1384E+01 -3.7979E+00
  8.7076E+00  1.1809E+01 -3.6394E+00
  8.9777E+00  1.1740E+01 -3.7776E+00
  9.0315E+00  1.2027E+01 -3.6208E+00
  8.4429E+00  1.1959E+01 -3.5021E+00
  8.4083E+00  1.2112E+01 -3.3496E+00
  8.3615E+00  1.2333E+01 -2.8094E+00
  8.4199E+00  1.2161E+01 -2.9685E+00
  8.3215E+00  1.1986E+01 -2.8918E+00
  8.7189E+00  1.2017E+01 -2.8122E+00
  8.5367E+00  1.1995E+01 -3.0518E+00
  8.4120E+00  1.1691E+01 -3.0415E+00
  8.9990E+00  1.1654E+01 -2.9420E+00
  8.9606E+00  1.1986E+01 -2.7684E+00
  8.8584E+00  1.1713E+01 -3.1031E+00
  9.1039E+00  1.1872E+01 -2.8646E+00
  9.0581E+00  1.2334E+01 -2.4922E+00
  8.6372E+00  1.2146E+01 -2.8680E+00
  8.8866E+00  1.2452E+01 -2.5234E+00
  9.0362E+00  1.2466E+01 -2.4517E+00
  8.9593E+00  1.2268E+01 -2.8028E+00
  9.0334E+00  1.2309E+01 -2.8587E+00
  9.3179E+00  1.2140E+01 -2.9755E+00
  9.2169E+00  1.2373E+01 -2.8258E+00
  9.4312E+00  1.2327E+01 -2.7807E+00
  9.4639E+00  1.2153E+01 -3.0957E+00
  9.2506E+00  1.2268E+01 -3.1405E+00
  9.5425E+00  1.1869E+01 -3.1246E+00
  9.4451E+00  1.2224E+01 -2.6484E+00
  9.0493E+00  1.2090E+01 -2.6383E+00
  8.8336E+00  1.1648E+01 -2.7969E+00
  8.8915E+00  1.1987E+01 -2.3613E+00
  9.2173E+00  1.1906E+01 -2.3463E+00
  9.2522E+00  1.1765E+01 -2.5573E+00
  9.3448E+00  1.2180E+01 -2.0817E+00
  9.7757E+00  1.2018E+01 -2.4519E+00
  9.2995E+00  1.2368E+01 -2.6459E+00
  9.0312E+00  1.2502E+01 -2.7811E+00
  9.5030E+00  1.2204E+01 -2.9413E+00
  8.7396E+00  1.2348E+01 -2.6650E+00
  8.8078E+00  1.2280E+01 -2.7585E+00
  9.1445E+00  1.2363E+01 -2.7039E+00
  8.3138E+00  1.2095E+01 -2.8698E+00
  8.2738E+00  1.1808E+01 -2.6397E+00
  8.9166E+00  1.2005E+01 -1.9763E+00
  8.2688E+00  1.1666E+01 -2.3959E+00
  8.3541E+00  1.1383E+01 -2.5355E+00
  8.5699E+00  1.1542E+01 -2.1767E+00
  8.7567E+00  1.1230E+01 -2.3335E+00
  8.4963E+00  1.1211E+01 -2.4772E+00
  8.7000E+00  1.1336E+01 -2.7685E+00
  8.5416E+00  1.1593E+01 -2.7361E+00
  8.6177E+00  1.1352E+01 -2.7485E+00
  8.6316E+00  1.1613E+01 -2.5673E+00
  8.4895E+00  1.1396E+01 -2.7672E+00
  8.3753E+00  1.1615E+01 -2.4974E+00
  9.0550E+00  1.1619E+01 -2.3549E+00
  8.9468E+00  1.1606E+01 -2.1276E+00
  8.7377E+00  1.0972E+01 -2.6217E+00
  8.0556E+00  1.0993E+01 -2.4815E+00
  8.6628E+00  1.0752E+01 -2.8797E+00
  8.1599E+00  1.0831E+01 -2.8132E+00
  8.1708E+00  1.0378E+01 -3.0446E+00
  7.9885E+00  9.9941E+00 -3.1293E+00
  7.9433E+00  1.0317E+01 -3.1855E+00
  8.1550E+00  1.0089E+01 -3.1005E+00
  8.0615E+00  1.0186E+01 -2.9275E+00
  8.2642E+00  1.0350E+01 -2.9609E+00
  8.5188E+00  1.0511E+01 -3.0572E+00
  8.0813E+00  1.0657E+01 -2.7273E+00
  8.3509E+00  1.0488E+01 -2.9843E+00
  7.9201E+00  1.0540E+01 -2.8440E+00
  8.0911E+00  1.0181E+01 -2.8201E+00
  7.9703E+00  1.0262E+01 -2.8286E+00
  8.0408E+00  1.0501E+01 -2.9050E+00
  8.2940E+00  1.0059E+01 -2.7401E+00
  8.4067E+00  1.0673E+01 -2.9488E+00
  7.8923E+00  1.0081E+01 -2.5049E+00
  7.7740E+00  9.9792E+00 -2.5641E+00
  7.7317E+00  1.0182E+01 -2.5714E+00
  7.7424E+00  1.0150E+01 -2.6850E+00
  7.7279E+00  9.9519E+00 -2.5948E+00
  8.1135E+00  1.0331E+01 -2.8718E+00
  8.0771E+00  1.0096E+01 -2.8008E+00
  8.0917E+00  1.0232E+01 -2.6847E+00
  8.3467E+00  1.0248E+01 -2.7754E+00
  8.3743E+00  1.0061E+01 -2.5701E+00
  8.4370E+00  1.0100E+01 -2.7095E+00
  8.4824E+00  1.0084E+01 -2.8122E+00
  8.4837E+00  1.0007E+01 -2.7682E+00
  8.6400E+00  1.0125E+01 -2.9332E+00
  8.5980E+00  1.0252E+01 -2.8707E+00
  8.5669E+00  1.0031E+01 -2.8085E+00
  8.6971E+00  1.0341E+01 -2.9604E+00
  8.7182E+00  1.0451E+01 -3.0896E+00
  8.5608E+00  1.0515E+01 -3.0272E+00
  8.6857E+00  1.0854E+01 -3.2127E+00
  8.8553E+00  1.0660E+01 -3.3785E+00
