  8.8703E+00 -9.8997E+00 -7.1208E-01
  9.3978E+00 -1.0939E+01 -6.5226E-01
  8.7922E+00 -1.1296E+01  2.4038E-01
  9.1224E+00 -1.0742E+01  7.1385E-01
  9.1009E+00 -1.0671E+01  6.7735E-01
  8.4782E+00 -1.1340E+01  6.0909E-01
  8.6709E+00 -1.1636E+01  1.7795E-01
  8.5710E+00 -1.1659E+01  6.5338E-01
  8.6566E+00 -1.1832E+01  4.4732E-01
  8.6168E+00 -1.1873E+01  6.6405E-01
  8.6598E+00 -1.1926E+01  5.3131E-01
  8.7282E+00 -1.1901E+01  5.8142E-01
  8.6758E+00 -1.1863E+01  6.9947E-01
  8.6618E+00 -1.1908E+01  6.6258E-01
  8.6326E+00 -1.1903E+01  6.8143E-01
  8.5794E+00 -1.1938E+01  6.9983E-01
  8.5011E+00 -1.1996E+01  6.0342E-01
  8.4721E+00 -1.1947E+01  6.4028E-01
  8.4688E+00 -1.1863E+01  7.0294E-01
  8.4600E+00 -1.1809E+01  5.8322E-01
  8.4729E+00 -1.1834E+01  6.1714E-01
  8.4340E+00 -1.1883E+01  7.2373E-01
  8.5443E+00 -1.1950E+01  6.3446E-01
  8.5379E+00 -1.1937E+01  5.4971E-01
  8.5475E+00 -1.1990E+01  6.4175E-01
  8.6820E+00 -1.2296E+01  7.0735E-01
  8.7800E+00 -1.2553E+01  4.8324E-01
  8.9907E+00  1.1952E+01  4.1624E-01
  9.5537E+00  1.1737E+01  6.3355E-01
  9.2740E+00  1.1798E+01  4.7021E-01
  9.2964E+00  1.2365E+01  7.6099E-01
  8.6062E+00  1.2141E+01  1.0476E+00
  8.7294E+00  1.2454E+01  1.2396E+00
  8.8072E+00 -1.2169E+01  1.5422E+00
  9.0303E+00 -1.2091E+01  1.8404E+00
  9.1836E+00 -1.2327E+01  1.8837E+00
  8.9910E+00 -1.2457E+01  2.0029E+00
  8.8560E+00 -1.2382E+01  2.1321E+00
  8.9222E+00 -1.2362E+01  2.1547E+00
  8.8833E+00 -1.2201E+01  2.1989E+00
  8.6486E+00 -1.2259E+01  2.1221E+00
  8.5463E+00 -1.2128E+01  2.0567E+00
  8.5595E+00 -1.1951E+01  2.0110E+00
  8.5125E+00 -1.2057E+01  1.8910E+00
  8.4622E+00 -1.2120E+01  1.7172E+00
  8.3422E+00 -1.2123E+01  1.6552E+00
  8.2286E+00 -1.2083E+01  1.5838E+00
  8.2215E+00 -1.1935E+01  1.5895E+00
  8.1236E+00 -1.1910E+01  1.6431E+00
  7.9980E+00 -1.1865E+01  1.6329E+00
  8.0283E+00 -1.1701E+01  1.7613E+00
  7.9992E+00 -1.1555E+01  1.8099E+00
  7.8574E+00 -1.1522E+01  1.8148E+00
  7.6420E+00 -1.1574E+01  1.7476E+00
  7.9005E+00 -1.1640E+01  1.7812E+00
  8.1105E+00 -1.1611E+01  1.8864E+00
  8.0926E+00 -1.1478E+01  1.8387E+00
  8.1964E+00 -1.1602E+01  1.6958E+00
  8.6239E+00 -1.1769E+01  1.6274E+00
  8.5641E+00 -1.1728E+01  1.4777E+00
  8.4808E+00 -1.1574E+01  1.3176E+00
  8.5247E+00 -1.1317E+01  1.3667E+00
  8.3378E+00 -1.1136E+01  1.2979E+00
  8.5066E+00 -1.1201E+01  1.2431E+00
  8.3145E+00 -1.1221E+01  1.0961E+00
  8.1805E+00 -1.0900E+01  1.0817E+00
  8.0704E+00 -1.0912E+01  9.8908E-01
  7.9971E+00 -1.0901E+01  1.0174E+00
  7.8876E+00 -1.0891E+01  1.0706E+00
  7.8690E+00 -1.1007E+01  8.8168E-01
  7.8179E+00 -1.0906E+01  8.4836E-01
  7.8348E+00 -1.1009E+01  8.9881E-01
  7.8654E+00 -1.1110E+01  8.1731E-01
  7.7232E+00 -1.1105E+01  8.5631E-01
  7.8788E+00 -1.0899E+01  1.0141E+00
  8.0430E+00 -1.0892E+01  9.7024E-01
  8.0955E+00 -1.0787E+01  9.2764E-01
  8.2181E+00 -1.0910E+01  1.0494E+00
  8.2501E+00 -1.1182E+01  1.2703E+00
  8.3279E+00 -1.1033E+01  1.5045E+00
  8.5302E+00 -1.1058E+01  1.3903E+00
  8.5344E+00 -1.1266E+01  1.3682E+00
  8.5995E+00 -1.1047E+01  1.5620E+00
  8.3844E+00 -1.1354E+01  1.5261E+00
  8.4571E+00 -1.1211E+01  1.8211E+00
  8.3463E+00 -1.1101E+01  2.0080E+00
  8.1465E+00 -1.1324E+01  2.0054E+00
  8.4097E+00 -1.1230E+01  2.2393E+00
  8.3474E+00 -1.1360E+01  2.2758E+00
  8.2475E+00 -1.1606E+01  2.1003E+00
  8.4391E+00 -1.1609E+01  2.0519E+00
  8.5297E+00 -1.1529E+01  2.0613E+00
  8.4953E+00 -1.1426E+01  2.0399E+00
  8.6444E+00 -1.1552E+01  1.8598E+00
  8.6865E+00 -1.1498E+01  1.8074E+00
  8.4444E+00 -1.1431E+01  1.6947E+00
  8.2497E+00 -1.1151E+01  1.6271E+00
  8.3046E+00 -1.1114E+01  1.6019E+00
  8.1920E+00 -1.1195E+01  1.4609E+00
  7.9905E+00 -1.1006E+01  1.3550E+00
  7.7600E+00 -1.0916E+01  1.2744E+00
  7.7962E+00 -1.0879E+01  1.1956E+00
  7.8214E+00 -1.0731E+01  1.4459E+00
  7.7342E+00 -1.0777E+01  1.3736E+00
  7.7001E+00 -1.0758E+01  1.1006E+00
  7.6061E+00 -1.0950E+01  8.7197E-01
  7.5543E+00 -1.0845E+01  1.0796E+00
  7.5569E+00 -1.1041E+01  8.7412E-01
  7.5792E+00 -1.1154E+01  9.2624E-01
  7.5460E+00 -1.1011E+01  1.1473E+00
  7.6071E+00 -1.0998E+01  1.0592E+00
  7.6674E+00 -1.0849E+01  8.6172E-01
  7.6447E+00 -1.1243E+01  9.2337E-01
  7.6023E+00 -1.1370E+01  1.1536E+00
  7.6068E+00 -1.0975E+01  8.6778E-01
  7.5583E+00 -1.1154E+01  9.9955E-01
  7.4980E+00 -1.1176E+01  1.1425E+00
  7.3694E+00 -1.1237E+01  8.7329E-01
  7.3680E+00 -1.1156E+01  9.4893E-01
  7.2561E+00 -1.1022E+01  8.8309E-01
  7.2402E+00 -1.0970E+01  7.1820E-01
  7.1911E+00 -1.0989E+01  9.0789E-01
  7.1514E+00 -1.0757E+01  9.6378E-01
  7.3453E+00 -1.0762E+01  7.1950E-01
  7.3354E+00 -1.0705E+01  5.9711E-01
  7.4832E+00 -1.0934E+01  8.4377E-01
  7.6817E+00 -1.1144E+01  9.3205E-01
  7.6411E+00 -1.1266E+01  9.0234E-01
  7.7999E+00 -1.1358E+01  8.8512E-01
  7.7575E+00 -1.1185E+01  9.8385E-01
  7.6515E+00 -1.1229E+01  1.0132E+00
  7.7312E+00 -1.1061E+01  9.1906E-01
  7.7160E+00 -1.1002E+01  1.1215E+00
  7.6692E+00 -1.0789E+01  9.5088E-01
  7.6967E+00 -1.0977E+01  6.1380E-01
  7.6917E+00 -1.0937E+01  8.2325E-01
  7.6562E+00 -1.1154E+01  5.3492E-01
  7.6188E+00 -1.1091E+01  3.6352E-01
  7.3384E+00 -1.1116E+01  5.0277E-01
  7.2747E+00 -1.1251E+01  5.0876E-01
  7.1546E+00 -1.1126E+01  5.6471E-01
  6.9369E+00 -1.1061E+01  7.7204E-01
  6.9657E+00 -1.0956E+01  7.0258E-01
  7.1034E+00 -1.0916E+01  5.7833E-01
  6.9956E+00 -1.0803E+01  7.8462E-01
  7.2083E+00 -1.0831E+01  9.5444E-01
  7.3411E+00 -1.0678E+01  1.0543E+00
  7.1308E+00 -1.0716E+01  9.3172E-01
  7.1259E+00 -1.0485E+01  9.5404E-01
  7.2465E+00 -1.0705E+01  9.7683E-01
  7.0590E+00 -1.0578E+01  1.0334E+00
  7.1103E+00 -1.0735E+01  9.1986E-01
  7.3259E+00 -1.0898E+01  8.3284E-01
  7.3119E+00 -1.0835E+01  1.1584E+00
  7.4999E+00 -1.1108E+01  1.2894E+00
  7.7682E+00 -1.1062E+01  9.5420E-01
  7.6546E+00 -1.1305E+01  9.1690E-01
  7.7095E+00 -1.1406E+01  1.3754E+00
  7.9397E+00 -1.1421E+01  1.2226E+00
  7.7766E+00 -1.1167E+01  1.0986E+00
  7.9230E+00 -1.1127E+01  1.0152E+00
  7.9823E+00 -1.1246E+01  9.0456E-01
  7.8713E+00 -1.1080E+01  9.9371E-01
  7.8371E+00 -1.0994E+01  8.3897E-01
  7.8039E+00 -1.1289E+01  8.5461E-01
  7.5365E+00 -1.1104E+01  9.6596E-01
  7.4151E+00 -1.1081E+01  1.0367E+00
  6.9594E+00 -1.0759E+01  9.4487E-01
  6.6301E+00 -1.1039E+01  6.5105E-01
  6.8541E+00 -1.1110E+01  8.8731E-01
  6.8874E+00 -1.0944E+01  1.1190E+00
  6.8938E+00 -1.0946E+01  9.2857E-01
  7.1302E+00 -1.0973E+01  7.3379E-01
  7.3413E+00 -1.1023E+01  9.4861E-01
  7.3200E+00 -1.0938E+01  6.2278E-01
  7.3937E+00 -1.0921E+01  3.7985E-01
  7.6240E+00 -1.0753E+01  8.8065E-01
  7.9291E+00 -1.1408E+01  1.2569E+00
  7.8975E+00 -1.1053E+01  9.8830E-01
  7.8889E+00 -1.1325E+01  1.1175E+00
  7.9553E+00 -1.1434E+01  1.3508E+00
  7.9316E+00 -1.1638E+01  1.3552E+00
  7.8439E+00 -1.1641E+01  1.3106E+00
  7.9100E+00 -1.1851E+01  1.3994E+00
  7.9132E+00 -1.1913E+01  1.6062E+00
  7.8967E+00 -1.1596E+01  1.5573E+00
  7.7943E+00 -1.1641E+01  1.3487E+00
  7.7276E+00 -1.1330E+01  1.3206E+00
  7.7575E+00 -1.1503E+01  1.5270E+00
  7.7197E+00 -1.1375E+01  1.3914E+00
  7.6742E+00 -1.0842E+01  1.3742E+00
  7.8246E+00 -1.1238E+01  1.2225E+00
  7.8048E+00 -1.1106E+01  1.0956E+00
  7.7682E+00 -1.1542E+01  9.5387E-01
  7.5705E+00 -1.1124E+01  8.1812E-01
  7.6633E+00 -1.1443E+01  8.7446E-01
  7.2723E+00 -1.1194E+01  8.6014E-01
  7.2986E+00 -1.1195E+01  1.0681E+00
  7.2908E+00 -1.1375E+01  1.0420E+00
  7.0764E+00 -1.1308E+01  1.0405E+00
  6.9958E+00 -1.1305E+01  8.2629E-01
  7.0507E+00 -1.1252E+01  9.5312E-01
  7.2056E+00 -1.1508E+01  1.1838E+00
  7.3291E+00 -1.1599E+01  9.7069E-01
  7.3263E+00 -1.1372E+01  1.0173E+00
  7.3750E+00 -1.1319E+01  7.7025E-01
  7.3860E+00 -1.1251E+01  5.7880E-01
  7.3624E+00 -1.0826E+01  7.8639E-01
  7.4280E+00 -1.1022E+01  8.9615E-01
  7.5135E+00 -1.1214E+01  8.1585E-01
  7.4879E+00 -1.1171E+01  1.1115E+00
  7.5015E+00 -1.1421E+01  1.1751E+00
  7.5322E+00 -1.1419E+01  1.1943E+00
  7.5731E+00 -1.1644E+01  1.4648E+00
  7.6547E+00 -1.1567E+01  1.5207E+00
  7.5624E+00 -1.1422E+01  1.4207E+00
  7.5339E+00 -1.1340E+01  1.5975E+00
  7.6665E+00 -1.1387E+01  1.6778E+00
  7.6131E+00 -1.1231E+01  1.4547E+00
  7.7165E+00 -1.1292E+01  1.5210E+00
  7.8354E+00 -1.1316E+01  1.5140E+00
  7.7656E+00 -1.1395E+01  1.5211E+00
  7.8360E+00 -1.1501E+01  1.6422E+00
  7.7378E+00 -1.1240E+01  1.3129E+00
  7.6771E+00 -1.1191E+01  1.4383E+00
  7.7289E+00 -1.1265E+01  1.5014E+00
  7.6843E+00 -1.1201E+01  8.8276E-01
  7.5777E+00 -1.1230E+01  9.7269E-01
  7.6351E+00 -1.1352E+01  1.1391E+00
  7.5280E+00 -1.1241E+01  8.2093E-01
  7.1859E+00 -1.1182E+01  7.4850E-01
  7.1226E+00 -1.1303E+01  8.1506E-01
  6.9541E+00 -1.1130E+01  7.1365E-01
  6.7006E+00 -1.1260E+01  7.1848E-01
  6.4449E+00 -1.1031E+01  6.6064E-01
  6.4014E+00 -1.0795E+01  5.4208E-01
  6.6058E+00 -1.0939E+01  8.5065E-01
  6.6642E+00 -1.1092E+01  7.3554E-01
  6.7392E+00 -1.1140E+01  5.3429E-01
  6.9199E+00 -1.1172E+01  5.7458E-01
  7.1287E+00 -1.1458E+01  6.9989E-01
  7.2249E+00 -1.1509E+01  7.6606E-01
  7.3112E+00 -1.1403E+01  7.6686E-01
  7.3745E+00 -1.1422E+01  9.0227E-01
  7.4061E+00 -1.1491E+01  7.9589E-01
  7.6080E+00 -1.1616E+01  7.8557E-01
  7.6436E+00 -1.1471E+01  1.1779E+00
  7.5150E+00 -1.1270E+01  1.2001E+00
  7.4502E+00 -1.1452E+01  1.0887E+00
  7.4395E+00 -1.1522E+01  1.3004E+00
  7.5559E+00 -1.1735E+01  1.5204E+00
  7.3221E+00 -1.1718E+01  1.4777E+00
  7.3102E+00 -1.1710E+01  1.6818E+00
  7.3204E+00 -1.1981E+01  1.7890E+00
  7.1173E+00 -1.1536E+01  1.7869E+00
  7.2502E+00 -1.1740E+01  1.7353E+00
  7.2484E+00 -1.1639E+01  1.8343E+00
  7.1919E+00 -1.1383E+01  1.6281E+00
  7.3474E+00 -1.1405E+01  1.3944E+00
  7.4549E+00 -1.1269E+01  1.7032E+00
  7.5474E+00 -1.1361E+01  1.4458E+00
  7.6101E+00 -1.1074E+01  1.6107E+00
  7.5614E+00 -1.1026E+01  1.6155E+00
  7.6754E+00 -1.1398E+01  1.3636E+00
  7.4864E+00 -1.1120E+01  1.4384E+00
  7.5598E+00 -1.1506E+01  1.4062E+00
  7.6493E+00 -1.1728E+01  1.1658E+00
  7.4425E+00 -1.1649E+01  1.2111E+00
  7.4336E+00 -1.1753E+01  1.4267E+00
  7.3733E+00 -1.1719E+01  1.3629E+00
  7.3143E+00 -1.1593E+01  1.3975E+00
  7.3437E+00 -1.1396E+01  1.4149E+00
  7.4324E+00 -1.1542E+01  1.3871E+00
  7.3887E+00 -1.1448E+01  1.4026E+00
  7.4298E+00 -1.1523E+01  1.4246E+00
  7.4793E+00 -1.1745E+01  1.2657E+00
  7.4158E+00 -1.1637E+01  1.1600E+00
  7.4585E+00 -1.1615E+01  1.2656E+00
  7.4362E+00 -1.1614E+01  1.3460E+00
  7.4079E+00 -1.1601E+01  1.4934E+00
  7.4675E+00 -1.1723E+01  1.6290E+00
  7.4512E+00 -1.1705E+01  1.7265E+00
  7.4081E+00 -1.1564E+01  1.7434E+00
  7.5659E+00 -1.1756E+01  1.7350E+00
  7.2524E+00 -1.1587E+01  1.5433E+00
  7.5223E+00 -1.1952E+01  1.6927E+00
  7.5214E+00 -1.1690E+01  1.6662E+00
  7.2749E+00 -1.1800E+01  1.5478E+00
  7.3782E+00 -1.1849E+01  1.6628E+00
  7.2607E+00 -1.1579E+01  1.7497E+00
  7.1480E+00 -1.1750E+01  2.0507E+00
  7.0679E+00 -1.1522E+01  1.9445E+00
  6.9438E+00 -1.1477E+01  2.0715E+00
  6.8453E+00 -1.1544E+01  1.9784E+00
  7.0656E+00 -1.1492E+01  1.9940E+00
  7.0658E+00 -1.1527E+01  2.0606E+00
  7.1361E+00 -1.1327E+01  1.8990E+00
  7.5038E+00 -1.1531E+01  1.7881E+00
  7.5659E+00 -1.1606E+01  1.8491E+00
  7.7203E+00 -1.1619E+01  1.7208E+00
  7.8666E+00 -1.1645E+01  1.6749E+00
  7.8097E+00 -1.1958E+01  1.8106E+00
  7.6229E+00 -1.1712E+01  1.7511E+00
  7.5917E+00 -1.1862E+01  1.6518E+00
  7.2021E+00 -1.1716E+01  1.5711E+00
  7.2127E+00 -1.1805E+01  1.4616E+00
  7.0311E+00 -1.1915E+01  1.3058E+00
  7.0516E+00 -1.1856E+01  9.1239E-01
  7.1009E+00 -1.1834E+01  9.2868E-01
  7.0624E+00 -1.1989E+01  8.5400E-01
  7.2523E+00 -1.1907E+01  8.3678E-01
  7.1885E+00 -1.1778E+01  1.0476E+00
  7.1490E+00 -1.1936E+01  1.1548E+00
  7.2879E+00 -1.1703E+01  1.2258E+00
  7.2276E+00 -1.1843E+01  1.4862E+00
  7.2866E+00 -1.1706E+01  1.6102E+00
  7.3575E+00 -1.1583E+01  1.6342E+00
  7.3239E+00 -1.1965E+01  1.5957E+00
  7.4628E+00 -1.1778E+01  1.6692E+00
  7.4858E+00 -1.2119E+01  1.3783E+00
  7.5719E+00 -1.1967E+01  1.4220E+00
  7.5045E+00 -1.1995E+01  1.5264E+00
  7.3263E+00 -1.2078E+01  1.5718E+00
  7.2802E+00 -1.2084E+01  1.6605E+00
  7.1305E+00 -1.2257E+01  1.4405E+00
  7.0058E+00 -1.2208E+01  1.4400E+00
  7.1256E+00  1.2570E+01  1.0941E+00
  6.9413E+00 -1.2382E+01  1.2022E+00
  6.9232E+00 -1.2408E+01  1.3353E+00
  7.1226E+00 -1.2538E+01  1.3096E+00
  7.0392E+00 -1.2187E+01  1.2305E+00
  7.1520E+00 -1.2059E+01  1.0535E+00
  7.1711E+00 -1.1639E+01  9.5847E-01
  7.0139E+00 -1.1729E+01  1.1143E+00
  7.0172E+00 -1.1554E+01  1.0099E+00
  7.0197E+00 -1.1893E+01  9.9017E-01
  6.8429E+00 -1.2195E+01  1.1750E+00
  6.7751E+00 -1.2040E+01  1.1116E+00
  6.7671E+00 -1.2295E+01  1.0715E+00
  6.6262E+00 -1.2417E+01  1.2577E+00
  6.5436E+00 -1.2486E+01  1.3921E+00
  6.5400E+00  1.2528E+01  1.3718E+00
  6.5164E+00 -1.2480E+01  1.4266E+00
  6.5253E+00 -1.2311E+01  1.5909E+00
  6.5513E+00 -1.2252E+01  1.6386E+00
  6.7378E+00 -1.2153E+01  1.8137E+00
  7.0147E+00 -1.2139E+01  1.7003E+00
  7.0676E+00 -1.2039E+01  1.2892E+00
  6.7737E+00 -1.1877E+01  2.0984E+00
  7.1684E+00 -1.2029E+01  1.9650E+00
  7.2892E+00 -1.2379E+01  1.7404E+00
  6.8009E+00 -1.2049E+01  1.9295E+00
  6.9283E+00 -1.2207E+01  1.7104E+00
  6.8114E+00 -1.2196E+01  1.5932E+00
  6.6162E+00 -1.2239E+01  1.3893E+00
  6.7158E+00 -1.2473E+01  1.4346E+00
  6.4757E+00 -1.2351E+01  1.3827E+00
  6.3974E+00 -1.2385E+01  1.3090E+00
  6.6561E+00 -1.2522E+01  1.3784E+00
  6.4372E+00 -1.2486E+01  1.3497E+00
  6.4505E+00 -1.2352E+01  1.4916E+00
  6.6484E+00 -1.2344E+01  1.4567E+00
  6.3737E+00 -1.2248E+01  1.6521E+00
  6.4116E+00 -1.2253E+01  1.9120E+00
  6.5319E+00 -1.2348E+01  1.7299E+00
  6.2719E+00 -1.2398E+01  1.8994E+00
  6.4618E+00 -1.2413E+01  1.7858E+00
  6.5107E+00 -1.2555E+01  1.5109E+00
  6.3102E+00  1.2401E+01  1.5683E+00
  6.5446E+00  1.2379E+01  1.5025E+00
  6.3865E+00  1.2567E+01  1.3868E+00
  6.4795E+00 -1.2359E+01  1.0250E+00
  6.4820E+00 -1.2048E+01  1.0852E+00
  6.3011E+00 -1.1944E+01  1.2598E+00
  6.4771E+00 -1.1781E+01  1.3115E+00
  6.6393E+00 -1.1714E+01  1.3571E+00
  6.6059E+00 -1.1926E+01  1.5186E+00
  6.6716E+00 -1.1770E+01  1.4397E+00
  6.6324E+00 -1.1871E+01  1.3440E+00
  6.4004E+00 -1.1959E+01  1.3296E+00
  6.5693E+00 -1.2088E+01  1.4447E+00
  6.2411E+00 -1.1918E+01  1.5268E+00
  6.2387E+00 -1.2030E+01  1.3696E+00
  6.4877E+00 -1.2176E+01  1.4917E+00
  6.4041E+00 -1.2071E+01  1.7084E+00
  6.4681E+00 -1.2165E+01  1.5404E+00
  6.4522E+00 -1.2271E+01  1.8786E+00
  6.3099E+00 -1.2240E+01  1.9904E+00
  6.3536E+00 -1.2490E+01  1.7312E+00
  6.1955E+00 -1.2402E+01  1.8724E+00
  6.0777E+00 -1.2257E+01  1.8700E+00
  6.0540E+00 -1.2524E+01  1.8693E+00
  6.0034E+00 -1.2492E+01  1.8884E+00
  6.2136E+00 -1.2232E+01  1.5356E+00
  6.3797E+00 -1.2457E+01  1.2822E+00
  6.3634E+00 -1.2586E+01  1.5351E+00
  6.4589E+00 -1.2334E+01  1.3951E+00
  6.3807E+00 -1.2262E+01  1.3578E+00
  6.2262E+00 -1.2189E+01  1.6578E+00
  6.1615E+00 -1.2111E+01  1.4891E+00
