  1.0925E+01  3.1689E+00 -2.2116E-01
  1.0905E+01  2.8460E+00  1.8608E-01
  1.0859E+01  2.5636E+00  3.9671E-01
  1.0845E+01  2.5603E+00  4.9045E-01
  1.0761E+01  2.7992E+00  2.3179E-01
  1.0557E+01  2.8069E+00  2.3354E-01
  1.0517E+01  3.0370E+00  2.2802E-01
  1.0444E+01  3.4393E+00  1.6361E-01
  1.0341E+01  3.3347E+00  2.0651E-01
  1.0342E+01  3.4039E+00  2.5989E-01
  1.0262E+01  3.5210E+00  6.2647E-02
  1.0274E+01  3.5264E+00  6.1684E-02
  1.0315E+01  3.6512E+00  1.6850E-01
  1.0312E+01  3.6127E+00  1.4096E-01
  1.0335E+01  3.5621E+00  1.2429E-01
  1.0341E+01  3.6676E+00  1.3425E-01
  1.0344E+01  3.5763E+00  7.9954E-02
  1.0367E+01  3.5486E+00  9.4165E-02
  1.0425E+01  3.6087E+00  1.1256E-01
  1.0428E+01  3.5504E+00  3.3996E-02
  1.0361E+01  3.5802E+00  3.3130E-02
  1.0284E+01  3.6163E+00  5.5770E-02
  1.0209E+01  3.5297E+00  6.3656E-02
  1.0087E+01  3.5158E+00  1.6716E-01
  9.9513E+00  3.6021E+00  4.1185E-01
  9.8444E+00  3.6401E+00  4.2135E-01
  9.8002E+00  3.8669E+00  2.9562E-01
  9.8335E+00  4.0829E+00  3.7315E-01
  1.0060E+01  4.6262E+00  3.7533E-01
  1.0610E+01  5.0936E+00  7.4879E-01
  1.0667E+01  5.3778E+00  4.4466E-01
  1.0584E+01  5.6428E+00  3.0957E-01
  1.0692E+01  5.6757E+00  4.3899E-01
  1.0805E+01  5.8595E+00  3.5328E-01
  1.1090E+01  5.6918E+00  2.9943E-01
  1.1072E+01  5.7172E+00  1.6753E-01
  1.1001E+01  5.8555E+00  1.0016E-01
  1.1094E+01  5.7891E+00 -1.1459E-02
  1.1063E+01  5.8776E+00 -1.3386E-01
  1.1157E+01  5.7989E+00 -3.5370E-01
  1.1219E+01  5.7155E+00 -4.5887E-01
  1.1300E+01  5.6911E+00 -3.5404E-01
  1.1309E+01  5.6514E+00 -4.5763E-01
  1.1251E+01  5.6200E+00 -4.9522E-01
  1.1273E+01  5.6343E+00 -6.7329E-01
  1.1212E+01  5.5763E+00 -6.6694E-01
  1.0954E+01  5.6882E+00 -6.6578E-01
  1.0894E+01  5.6400E+00 -7.1203E-01
  1.0888E+01  5.6529E+00 -7.1277E-01
  1.0804E+01  5.4063E+00 -7.5696E-01
  1.0866E+01  5.3003E+00 -7.5263E-01
  1.1014E+01  5.1017E+00 -6.9034E-01
  1.0947E+01  4.7626E+00 -7.9592E-01
  1.0913E+01  4.6678E+00 -7.8916E-01
  1.0728E+01  4.7472E+00 -6.1313E-01
  1.0607E+01  4.4382E+00 -1.0791E+00
  1.0288E+01  4.6572E+00 -1.0130E+00
  1.0126E+01  4.5923E+00 -1.0728E+00
  9.8811E+00  4.7468E+00 -1.3313E+00
  9.7215E+00  5.0249E+00 -1.3010E+00
  9.7270E+00  5.1706E+00 -1.4933E+00
  9.6008E+00  5.1998E+00 -1.7368E+00
  9.8588E+00  4.9494E+00 -1.5542E+00
  9.8489E+00  4.7032E+00 -1.5259E+00
  9.6845E+00  4.6125E+00 -1.5400E+00
  9.7412E+00  4.5356E+00 -1.4327E+00
  9.6160E+00  4.5601E+00 -1.4968E+00
  9.6368E+00  4.6085E+00 -1.7716E+00
  9.7593E+00  4.6059E+00 -1.8465E+00
  9.4859E+00  4.6865E+00 -1.8216E+00
  9.4068E+00  4.8688E+00 -2.0119E+00
  9.6667E+00  4.7003E+00 -2.2154E+00
  9.6003E+00  4.6534E+00 -2.1382E+00
  9.5963E+00  4.7514E+00 -2.3909E+00
  9.7060E+00  4.9504E+00 -2.3779E+00
  9.4917E+00  4.9919E+00 -2.0647E+00
  9.7149E+00  4.7664E+00 -2.1502E+00
  9.8116E+00  4.8270E+00 -2.3179E+00
  9.6726E+00  4.8357E+00 -2.0875E+00
  9.6216E+00  4.7042E+00 -1.9583E+00
  9.8403E+00  4.7415E+00 -2.1219E+00
  9.7496E+00  5.0233E+00 -1.7375E+00
  9.6472E+00  4.8761E+00 -1.9468E+00
  9.5726E+00  4.7505E+00 -1.4857E+00
  9.9824E+00  4.5330E+00 -1.4375E+00
  9.8809E+00  4.5796E+00 -1.5471E+00
  9.9808E+00  4.4548E+00 -1.3525E+00
  1.0189E+01  4.4836E+00 -1.3436E+00
  1.0066E+01  4.3551E+00 -1.2608E+00
  9.9792E+00  4.3833E+00 -1.5588E+00
  9.9028E+00  4.4190E+00 -1.4700E+00
  9.6942E+00  4.4905E+00 -1.5449E+00
  9.6929E+00  4.7055E+00 -1.8705E+00
  9.6188E+00  4.9953E+00 -1.9548E+00
  9.5270E+00  5.0500E+00 -1.8898E+00
  9.6382E+00  5.0827E+00 -2.0099E+00
  9.6801E+00  5.1337E+00 -2.1320E+00
  9.8180E+00  4.9413E+00 -2.0122E+00
  9.8408E+00  5.0334E+00 -1.8598E+00
  9.8042E+00  5.2124E+00 -1.9749E+00
  1.0072E+01  4.7398E+00 -1.8970E+00
  1.0081E+01  4.8374E+00 -2.0394E+00
  1.0098E+01  4.6835E+00 -2.2095E+00
  9.8881E+00  4.7078E+00 -2.0236E+00
  9.7195E+00  4.6753E+00 -1.8498E+00
  9.3712E+00  4.6660E+00 -1.9323E+00
  9.1165E+00  4.6026E+00 -1.9068E+00
  9.2416E+00  4.5313E+00 -1.6554E+00
  9.3629E+00  4.3654E+00 -1.6783E+00
  9.5512E+00  4.2852E+00 -1.6880E+00
  9.2990E+00  4.4360E+00 -1.6394E+00
  9.4947E+00  4.2670E+00 -1.5716E+00
  9.4688E+00  4.2797E+00 -1.6226E+00
  9.8344E+00  4.2097E+00 -1.4050E+00
  9.5650E+00  4.1623E+00 -1.9465E+00
  9.4270E+00  4.5706E+00 -2.0884E+00
  9.7329E+00  4.0000E+00 -1.8764E+00
  1.0092E+01  3.8887E+00 -1.7579E+00
  9.8361E+00  4.1305E+00 -1.7454E+00
  9.6805E+00  4.0922E+00 -1.7720E+00
  9.7125E+00  4.1397E+00 -1.7010E+00
  9.5243E+00  4.4466E+00 -1.6258E+00
  9.2910E+00  4.5332E+00 -1.8850E+00
  9.3520E+00  4.5785E+00 -1.6306E+00
  9.5583E+00  4.5479E+00 -1.6216E+00
  9.5215E+00  4.6593E+00 -1.7911E+00
  9.3820E+00  5.1727E+00 -2.0185E+00
  9.7011E+00  5.1842E+00 -2.0020E+00
  9.9000E+00  5.0929E+00 -1.8514E+00
  1.0098E+01  5.1278E+00 -1.9724E+00
  1.0210E+01  5.0912E+00 -2.0400E+00
  9.9577E+00  5.0234E+00 -1.9517E+00
  1.0057E+01  4.8910E+00 -2.0439E+00
  9.9897E+00  4.8483E+00 -2.1487E+00
  9.7040E+00  4.7303E+00 -1.9570E+00
  9.6633E+00  4.9642E+00 -2.1505E+00
  9.7481E+00  4.7839E+00 -2.3086E+00
  9.5073E+00  4.9396E+00 -1.8215E+00
  9.4993E+00  5.1330E+00 -2.0813E+00
  9.4628E+00  5.2883E+00 -2.2812E+00
  9.6535E+00  5.1877E+00 -2.0438E+00
  9.7544E+00  5.1820E+00 -1.9262E+00
  9.7369E+00  5.3488E+00 -2.1116E+00
  1.0015E+01  4.8237E+00 -1.9870E+00
  9.8947E+00  4.8310E+00 -1.6303E+00
  9.6384E+00  4.8238E+00 -1.9067E+00
  9.5221E+00  4.8574E+00 -1.5304E+00
  9.5947E+00  4.6683E+00 -1.5886E+00
  9.5122E+00  4.6239E+00 -1.9321E+00
  9.6186E+00  4.5999E+00 -1.7584E+00
  9.8594E+00  4.5270E+00 -1.8804E+00
  9.5549E+00  4.8682E+00 -1.8591E+00
  9.8827E+00  4.7495E+00 -2.0539E+00
  1.0000E+01  4.8780E+00 -1.9081E+00
  1.0041E+01  4.8825E+00 -1.6697E+00
  1.0047E+01  4.9599E+00 -1.9155E+00
  1.0069E+01  4.9895E+00 -1.8049E+00
  1.0049E+01  4.8951E+00 -1.7374E+00
  1.0055E+01  4.9716E+00 -1.8642E+00
  1.0107E+01  4.8540E+00 -1.7491E+00
  1.0169E+01  4.8680E+00 -2.0096E+00
  9.7457E+00  5.3765E+00 -2.4045E+00
  9.7983E+00  5.0130E+00 -1.9610E+00
  9.7505E+00  4.9878E+00 -2.0664E+00
  9.6879E+00  4.9909E+00 -2.3718E+00
  9.6692E+00  4.9148E+00 -2.1568E+00
  9.6429E+00  4.9518E+00 -1.8565E+00
  9.4751E+00  4.9718E+00 -2.0323E+00
  9.5844E+00  4.8405E+00 -2.0510E+00
  9.7130E+00  4.4656E+00 -1.7491E+00
  9.5217E+00  4.6116E+00 -1.8529E+00
  9.6295E+00  4.5948E+00 -1.8874E+00
  9.6309E+00  4.5171E+00 -1.8201E+00
  9.5631E+00  4.4831E+00 -2.0785E+00
  9.6791E+00  4.5647E+00 -2.2284E+00
  9.7003E+00  4.6423E+00 -2.2479E+00
  9.7366E+00  4.6605E+00 -1.9850E+00
  9.8473E+00  4.8282E+00 -2.1477E+00
  9.8156E+00  4.8783E+00 -2.4127E+00
  9.7877E+00  4.8104E+00 -2.1893E+00
  1.0102E+01  4.8104E+00 -2.2408E+00
  9.9314E+00  4.9941E+00 -2.2364E+00
  9.8671E+00  4.9827E+00 -1.8682E+00
  9.9968E+00  4.9998E+00 -1.9792E+00
  9.7427E+00  5.1667E+00 -1.9473E+00
  9.8116E+00  4.9300E+00 -1.8408E+00
  9.9728E+00  5.0592E+00 -1.7968E+00
  1.0083E+01  5.0703E+00 -1.7987E+00
  1.0004E+01  5.0214E+00 -1.8370E+00
  1.0015E+01  5.1009E+00 -1.9083E+00
  1.0133E+01  4.9821E+00 -1.7928E+00
  1.0225E+01  4.8804E+00 -1.9165E+00
  1.0035E+01  5.1135E+00 -2.0754E+00
  1.0029E+01  5.0263E+00 -2.2888E+00
  9.9274E+00  5.0656E+00 -2.3797E+00
  9.9005E+00  5.1958E+00 -2.3249E+00
  9.7877E+00  5.1999E+00 -2.6061E+00
  9.6759E+00  5.0864E+00 -2.4778E+00
  9.4736E+00  5.0875E+00 -2.2986E+00
  9.1601E+00  5.5894E+00 -2.4721E+00
  9.5315E+00  4.9126E+00 -2.6117E+00
  9.3947E+00  5.1345E+00 -2.4549E+00
  9.4428E+00  5.1575E+00 -2.5648E+00
  9.4477E+00  5.1243E+00 -2.8109E+00
  9.3654E+00  5.1833E+00 -2.8947E+00
  9.5881E+00  4.9680E+00 -2.6485E+00
  9.4433E+00  5.1993E+00 -2.3112E+00
  9.4817E+00  5.1684E+00 -2.3847E+00
  9.5648E+00  5.0003E+00 -2.4807E+00
  9.5691E+00  5.0795E+00 -2.4016E+00
  9.8875E+00  5.0087E+00 -2.2501E+00
  9.6905E+00  5.0834E+00 -2.5184E+00
  9.7649E+00  5.0639E+00 -2.4723E+00
  9.9810E+00  5.0924E+00 -2.3812E+00
  9.9659E+00  5.2206E+00 -2.3315E+00
  9.8231E+00  5.0459E+00 -2.5565E+00
  9.6027E+00  5.1300E+00 -2.5439E+00
  9.4873E+00  5.1964E+00 -2.4956E+00
  9.7663E+00  5.0028E+00 -2.4170E+00
  9.7835E+00  5.0103E+00 -2.4994E+00
  9.8976E+00  4.9982E+00 -2.5871E+00
  1.0099E+01  4.9770E+00 -2.5290E+00
  1.0038E+01  5.2070E+00 -2.3779E+00
  1.0177E+01  5.0729E+00 -2.2990E+00
  1.0333E+01  4.9388E+00 -2.3477E+00
  1.0164E+01  5.0558E+00 -2.2013E+00
  1.0110E+01  5.1142E+00 -1.9192E+00
  1.0255E+01  4.8303E+00 -1.9881E+00
  9.8892E+00  4.9043E+00 -1.9510E+00
  9.6378E+00  5.0423E+00 -1.9093E+00
  9.6503E+00  4.8331E+00 -1.9094E+00
  9.6292E+00  4.7780E+00 -1.9991E+00
  9.6964E+00  4.9018E+00 -2.3050E+00
  9.6585E+00  4.8808E+00 -2.3423E+00
  9.6678E+00  4.7491E+00 -2.1990E+00
  9.7521E+00  4.7092E+00 -2.3247E+00
  9.7508E+00  4.9044E+00 -2.6552E+00
  9.8452E+00  4.9322E+00 -2.6912E+00
  9.8965E+00  5.0092E+00 -2.6615E+00
  9.7946E+00  5.3423E+00 -2.4786E+00
  9.7748E+00  5.3216E+00 -2.6621E+00
  9.8817E+00  5.3635E+00 -2.4829E+00
  9.7214E+00  5.4221E+00 -2.6402E+00
  9.5293E+00  5.4802E+00 -2.4178E+00
  9.6405E+00  5.3917E+00 -2.2568E+00
  1.0002E+01  5.4151E+00 -1.7674E+00
  9.8297E+00  5.3311E+00 -1.7967E+00
  9.8355E+00  5.3001E+00 -1.8318E+00
  1.0047E+01  5.4795E+00 -1.4144E+00
  1.0244E+01  5.2228E+00 -1.3965E+00
  1.0194E+01  5.3133E+00 -1.6339E+00
  1.0393E+01  5.0142E+00 -1.6942E+00
  1.0188E+01  5.2970E+00 -1.2321E+00
  1.0468E+01  5.2682E+00 -1.2900E+00
  9.9997E+00  5.3950E+00 -1.5274E+00
  9.7014E+00  5.2610E+00 -1.6894E+00
  1.0184E+01  5.1528E+00 -1.5664E+00
  1.0399E+01  5.1295E+00 -1.7633E+00
  9.8511E+00  5.2635E+00 -1.9182E+00
  9.7962E+00  5.1302E+00 -1.9981E+00
  9.7533E+00  5.2750E+00 -2.3632E+00
  9.9011E+00  5.4557E+00 -2.1674E+00
  9.5706E+00  5.4937E+00 -2.2973E+00
  9.2350E+00  5.8813E+00 -2.4037E+00
  9.1178E+00  6.1542E+00 -2.2668E+00
  8.7944E+00  6.0864E+00 -2.5776E+00
  8.8522E+00  6.2306E+00 -2.7688E+00
  8.7672E+00  6.2201E+00 -2.7433E+00
  8.9094E+00  6.2979E+00 -2.7815E+00
  8.8514E+00  6.2613E+00 -2.7931E+00
  8.9886E+00  6.1214E+00 -2.7055E+00
  8.9253E+00  5.9233E+00 -2.7715E+00
  9.1639E+00  5.7180E+00 -2.9899E+00
  9.1726E+00  5.7247E+00 -2.7575E+00
  9.0180E+00  5.7959E+00 -2.2854E+00
  9.1272E+00  5.6748E+00 -2.3719E+00
  9.1155E+00  5.7385E+00 -2.4224E+00
  9.4975E+00  5.7197E+00 -2.4722E+00
  9.3673E+00  5.6666E+00 -2.5051E+00
  9.3298E+00  5.7268E+00 -2.6708E+00
  9.3913E+00  5.6100E+00 -2.8191E+00
  9.4619E+00  5.5737E+00 -2.7441E+00
  9.4184E+00  5.4891E+00 -2.5035E+00
  9.2628E+00  5.3248E+00 -2.5695E+00
  9.3317E+00  5.2755E+00 -2.4740E+00
  9.1855E+00  5.1317E+00 -2.6586E+00
  9.1971E+00  4.9722E+00 -2.7580E+00
  9.2497E+00  4.9602E+00 -2.7309E+00
  9.1663E+00  5.2140E+00 -2.5380E+00
  8.9620E+00  5.3033E+00 -2.4671E+00
  8.9739E+00  5.3582E+00 -2.5352E+00
  9.1412E+00  5.3819E+00 -2.7851E+00
  9.0763E+00  5.4592E+00 -2.8672E+00
  9.1286E+00  5.6139E+00 -2.9415E+00
  9.0502E+00  5.7315E+00 -2.5499E+00
  9.0910E+00  5.8481E+00 -2.4939E+00
  8.9303E+00  5.7695E+00 -2.4703E+00
  8.8810E+00  5.6130E+00 -2.5150E+00
  8.8596E+00  5.6264E+00 -2.6604E+00
  8.7529E+00  5.4124E+00 -2.7052E+00
  8.9424E+00  5.4657E+00 -3.0061E+00
  8.9343E+00  5.5156E+00 -2.8885E+00
  8.8927E+00  5.5793E+00 -2.8072E+00
  9.0186E+00  5.5556E+00 -3.0751E+00
  9.0196E+00  5.6013E+00 -3.1389E+00
  8.8907E+00  5.7538E+00 -3.1738E+00
  8.8643E+00  5.7071E+00 -3.2681E+00
  8.9816E+00  5.8238E+00 -3.2995E+00
  8.9628E+00  5.9308E+00 -3.3791E+00
  8.8465E+00  5.9557E+00 -3.2898E+00
  8.7576E+00  6.0591E+00 -3.4022E+00
  8.9215E+00  6.0779E+00 -3.6368E+00
  8.8940E+00  6.0889E+00 -3.4412E+00
  8.7942E+00  6.2311E+00 -3.3607E+00
  8.8415E+00  6.3777E+00 -3.5555E+00
  8.9420E+00  6.3377E+00 -3.6686E+00
  8.9315E+00  6.3080E+00 -3.5332E+00
  8.9572E+00  6.3393E+00 -3.2436E+00
  8.9563E+00  6.0983E+00 -3.3368E+00
  8.6071E+00  6.1633E+00 -3.1432E+00
  8.5405E+00  6.0908E+00 -3.2558E+00
  8.3876E+00  6.2982E+00 -2.9985E+00
  8.0057E+00  6.2896E+00 -3.0279E+00
  8.0476E+00  6.3697E+00 -2.9599E+00
  8.1975E+00  6.4749E+00 -2.9866E+00
  7.9316E+00  6.5869E+00 -2.9260E+00
  7.8667E+00  6.6976E+00 -2.7226E+00
  7.7678E+00  6.7353E+00 -2.8613E+00
  7.7807E+00  6.7102E+00 -3.0066E+00
  7.9953E+00  6.6918E+00 -3.2028E+00
  8.1730E+00  6.7311E+00 -3.3651E+00
  8.0409E+00  6.7040E+00 -3.2822E+00
  8.0556E+00  6.7586E+00 -3.2885E+00
  8.0768E+00  6.6920E+00 -3.2826E+00
  8.2331E+00  6.5640E+00 -3.3510E+00
  8.2286E+00  6.5769E+00 -3.2134E+00
  8.2421E+00  6.4768E+00 -2.9662E+00
  8.6652E+00  6.3108E+00 -2.8764E+00
  8.5220E+00  6.2667E+00 -2.9548E+00
  8.3894E+00  6.1274E+00 -2.9738E+00
  8.4108E+00  6.1646E+00 -2.8678E+00
  8.3153E+00  6.2772E+00 -2.8653E+00
  8.1547E+00  6.2391E+00 -2.6838E+00
  8.1935E+00  6.3859E+00 -2.8837E+00
  8.1503E+00  6.3108E+00 -2.9709E+00
  8.2876E+00  6.1829E+00 -3.0586E+00
  8.4096E+00  6.2967E+00 -3.2689E+00
  8.2866E+00  6.2867E+00 -3.3998E+00
  8.2473E+00  6.2864E+00 -3.1692E+00
  8.1754E+00  6.2763E+00 -3.2319E+00
  8.2530E+00  6.3057E+00 -3.1510E+00
  8.3786E+00  6.2793E+00 -2.7993E+00
  8.2515E+00  6.3991E+00 -2.6897E+00
  8.1740E+00  6.4831E+00 -2.6342E+00
  8.0805E+00  6.2950E+00 -2.3313E+00
  8.2214E+00  6.4131E+00 -2.4793E+00
  8.2078E+00  6.4107E+00 -2.2606E+00
  8.2391E+00  6.3641E+00 -2.3412E+00
  8.4108E+00  6.3361E+00 -2.4576E+00
  8.2517E+00  6.2770E+00 -2.7492E+00
  8.3107E+00  6.2999E+00 -2.8742E+00
  8.1103E+00  6.2932E+00 -2.9116E+00
  7.8605E+00  6.3683E+00 -3.1226E+00
  7.8605E+00  6.4726E+00 -3.2562E+00
  7.9142E+00  6.4267E+00 -3.2532E+00
  7.9228E+00  6.5113E+00 -3.1688E+00
  7.7732E+00  6.6183E+00 -3.0217E+00
  8.0904E+00  6.4777E+00 -2.8192E+00
  8.1323E+00  6.3689E+00 -2.8072E+00
  7.9202E+00  6.4199E+00 -2.9115E+00
  7.9062E+00  6.5122E+00 -3.0892E+00
  7.9092E+00  6.4909E+00 -3.0863E+00
  7.9209E+00  6.4301E+00 -2.8057E+00
  7.8566E+00  6.5684E+00 -2.7692E+00
  7.8053E+00  6.5273E+00 -2.6159E+00
  7.9223E+00  6.5091E+00 -2.9117E+00
  7.9307E+00  6.4781E+00 -3.0371E+00
  7.8951E+00  6.3371E+00 -2.9564E+00
  8.0668E+00  6.3877E+00 -3.0198E+00
  8.1223E+00  6.2681E+00 -3.1474E+00
  8.3104E+00  6.2343E+00 -3.3197E+00
  8.7412E+00  6.2718E+00 -3.2131E+00
  8.4102E+00  6.3669E+00 -3.1809E+00
  8.3118E+00  6.5350E+00 -2.9378E+00
  8.1083E+00  6.5597E+00 -3.0458E+00
  8.0258E+00  6.4684E+00 -3.2104E+00
  8.0353E+00  6.5410E+00 -3.2488E+00
  7.9927E+00  6.3341E+00 -3.2388E+00
  8.2636E+00  6.3680E+00 -3.1388E+00
  8.2633E+00  6.3121E+00 -3.1797E+00
  8.2949E+00  6.1806E+00 -3.2143E+00
  8.4981E+00  6.2806E+00 -3.1152E+00
  8.5515E+00  6.1898E+00 -3.1218E+00
  8.6056E+00  6.1611E+00 -2.9907E+00
  8.6852E+00  6.3107E+00 -2.9155E+00
  8.3629E+00  6.3836E+00 -3.3011E+00
  8.3616E+00  6.4540E+00 -3.4003E+00
  8.2777E+00  6.8134E+00 -3.4460E+00
  7.9120E+00  6.8808E+00 -3.3663E+00
  7.7431E+00  6.8171E+00 -3.2063E+00
