  1.2304E+01  9.5655E+00  3.8819E-01
 -1.2519E+01  9.5059E+00  1.5004E-01
 -1.2559E+01  9.4622E+00 -3.3797E-01
 -1.1789E+01  8.7441E+00  4.2242E-01
 -1.2196E+01  9.1351E+00 -4.7087E-01
 -1.2265E+01  8.9736E+00 -5.7391E-01
 -1.1957E+01  8.7899E+00 -1.0795E-01
 -1.2112E+01  8.8047E+00  2.3814E-01
 -1.2050E+01  9.0009E+00  2.2565E-03
 -1.2143E+01  9.0444E+00 -5.2949E-01
 -1.2289E+01  8.9185E+00 -6.6119E-01
 -1.2229E+01  9.0160E+00 -4.2101E-01
 -1.2342E+01  9.0774E+00 -4.1617E-01
  1.2571E+01  9.0164E+00 -8.5948E-01
  1.2231E+01  8.8490E+00 -1.1862E+00
  1.2342E+01  8.9150E+00 -1.1659E+00
  1.2156E+01  8.9877E+00 -1.2811E+00
  1.1631E+01  8.7650E+00 -1.5122E+00
  1.1976E+01  8.6982E+00 -1.4537E+00
  1.2281E+01  8.8239E+00 -1.3193E+00
  1.1988E+01  8.7033E+00 -1.5908E+00
  1.2053E+01  8.6891E+00 -1.4870E+00
  1.2538E+01  8.9871E+00 -9.9672E-01
 -1.2458E+01  9.1732E+00 -7.1805E-01
 -1.2312E+01  9.2955E+00 -2.9902E-01
  1.2585E+01  9.1815E+00  5.8077E-01
  1.2456E+01  8.9700E+00  7.0941E-01
  1.2396E+01  9.1219E+00  1.4460E-01
  1.2151E+01  9.0541E+00  6.7583E-01
  1.1639E+01  8.5412E+00  1.2246E+00
  1.1582E+01  8.1453E+00  8.9947E-01
  1.1484E+01  7.9495E+00  4.3039E-01
  1.1575E+01  7.9890E+00  2.6280E-01
  1.2005E+01  8.1381E+00  3.8338E-01
  1.1980E+01  8.1484E+00  4.6096E-01
  1.2000E+01  8.0423E+00  5.6484E-01
  1.1999E+01  8.0137E+00  5.2528E-01
  1.1913E+01  8.1039E+00  4.0378E-01
  1.1906E+01  7.8949E+00  6.5454E-01
  1.2053E+01  7.7111E+00  6.3917E-01
  1.2085E+01  7.6049E+00  5.2457E-01
  1.2129E+01  7.4778E+00  4.6919E-01
  1.2085E+01  7.2515E+00  5.7623E-01
  1.2153E+01  7.1245E+00  5.5594E-01
  1.2238E+01  7.1056E+00  4.2088E-01
  1.2371E+01  7.1743E+00  2.3457E-01
  1.2388E+01  6.9493E+00  2.4503E-01
  1.2226E+01  6.8223E+00  2.6681E-01
  1.2406E+01  6.8785E+00 -2.7117E-02
  1.2319E+01  6.8681E+00 -2.3351E-02
  1.2349E+01  6.7644E+00 -4.6890E-02
  1.2412E+01  6.6024E+00 -6.6587E-02
  1.2232E+01  6.5326E+00  7.5604E-02
  1.2152E+01  6.5114E+00  1.8995E-02
  1.1778E+01  6.4714E+00  9.8384E-02
  1.1283E+01  6.4793E+00  3.4747E-01
  1.1385E+01  6.2994E+00  5.4044E-01
  1.0945E+01  6.4735E+00  4.1862E-01
  1.0413E+01  6.4920E+00  3.8752E-01
  1.0109E+01  6.4899E+00  4.0440E-01
  9.7046E+00  6.6781E+00  2.5697E-01
  9.6271E+00  6.4771E+00  1.9245E-01
  9.6139E+00  6.4665E+00 -2.2705E-02
  9.7080E+00  6.3249E+00 -1.7847E-02
  9.6908E+00  6.1998E+00 -6.1568E-03
  9.7094E+00  6.1435E+00  1.4859E-01
  9.5424E+00  6.0534E+00 -8.7230E-02
  9.4779E+00  5.9796E+00 -5.3126E-02
  9.4251E+00  5.9345E+00 -1.3312E-01
  9.3080E+00  5.7191E+00  5.4097E-02
  9.5704E+00  5.7497E+00 -1.4885E-01
  9.3418E+00  5.5000E+00 -8.2764E-02
  9.6248E+00  5.5635E+00  3.5675E-01
  9.4820E+00  5.3620E+00 -1.5142E-02
  9.6547E+00  5.3985E+00 -1.9391E-01
  9.7508E+00  5.2847E+00  4.4066E-02
  9.6616E+00  5.2689E+00  5.5142E-01
  9.9651E+00  5.5727E+00  1.0750E-01
  1.0006E+01  5.3169E+00  2.7261E-01
  9.9623E+00  5.9311E+00 -1.2186E-01
  9.6054E+00  5.7100E+00  3.2720E-01
  9.8509E+00  6.3688E+00 -3.0275E-01
  9.6035E+00  6.0799E+00  1.1139E-02
  9.6565E+00  6.4166E+00  3.4995E-01
  9.2870E+00  6.0393E+00  6.6390E-02
  9.5874E+00  5.7448E+00  1.1977E-01
  9.5209E+00  5.5301E+00 -8.1081E-03
  9.8004E+00  6.0679E+00  1.5192E-01
  9.6132E+00  6.0303E+00  4.4571E-02
  9.8780E+00  5.9012E+00 -1.4552E-02
  9.9762E+00  5.9208E+00  7.5563E-02
  9.9508E+00  5.8583E+00  2.8040E-01
  9.8520E+00  5.9335E+00  6.0794E-02
  9.8697E+00  6.1305E+00 -7.3005E-02
  9.8727E+00  6.0029E+00  2.7344E-01
  9.9917E+00  6.0772E+00  1.5742E-01
  9.8685E+00  5.9683E+00  3.1389E-02
  9.7854E+00  5.5950E+00  3.1012E-01
  1.0004E+01  5.9344E+00  1.9140E-01
  9.9226E+00  5.6763E+00  9.7175E-02
  9.7049E+00  5.7546E+00  1.4260E-02
  9.6996E+00  5.6381E+00  1.1910E-01
  9.6041E+00  5.5997E+00 -1.3680E-01
  9.7612E+00  5.6326E+00 -1.8462E-01
  9.3568E+00  5.3988E+00 -1.6940E-01
  9.8100E+00  6.0888E+00 -4.3105E-02
  9.4491E+00  5.7337E+00 -2.5192E-02
  9.6078E+00  5.7846E+00 -1.2611E-01
  9.7178E+00  6.0257E+00 -2.3325E-01
  9.9325E+00  5.9531E+00 -1.1696E-02
  9.8791E+00  5.8523E+00  5.2343E-02
  1.0148E+01  6.0142E+00  9.1242E-02
  1.0314E+01  6.0743E+00 -3.0998E-02
  1.0162E+01  5.9296E+00 -3.2092E-01
  1.0144E+01  5.4183E+00  4.6430E-01
  1.0422E+01  5.6539E+00  2.4624E-01
  1.0116E+01  5.3037E+00 -2.0211E-01
  9.9703E+00  5.5732E+00 -6.9676E-01
  1.0072E+01  5.8839E+00 -6.3428E-01
  9.8884E+00  5.8177E+00 -7.5921E-01
  9.8301E+00  5.8424E+00 -5.0644E-01
  1.0147E+01  5.9503E+00 -4.6418E-01
  1.0141E+01  6.0268E+00 -4.0087E-01
  1.0265E+01  6.0468E+00 -2.8182E-01
  1.0266E+01  6.0514E+00 -4.0696E-02
  1.0122E+01  6.0169E+00 -2.4377E-02
  1.0276E+01  6.0986E+00 -3.7697E-02
  1.0092E+01  6.0182E+00 -8.7761E-02
  9.9048E+00  5.7729E+00  1.2492E-01
  9.6626E+00  5.6969E+00  1.0405E-01
  9.8872E+00  6.1575E+00 -3.7251E-01
  1.0037E+01  6.0708E+00  7.2087E-03
  9.5174E+00  6.0020E+00  6.6195E-02
  1.0122E+01  6.0047E+00  3.2191E-01
  9.8425E+00  5.7643E+00 -2.5314E-01
  9.9529E+00  5.6521E+00  1.5871E-01
  9.7241E+00  5.6014E+00  1.8830E-01
  1.0053E+01  5.7029E+00  1.8981E-01
  9.7400E+00  5.5285E+00 -1.9048E-02
  1.0100E+01  5.6869E+00  4.0458E-01
  1.0288E+01  5.5989E+00  6.5591E-01
  9.9339E+00  5.6663E+00 -1.9056E-01
  9.8589E+00  5.4670E+00 -2.6892E-02
  9.7194E+00  5.7701E+00  1.2820E-01
  9.8365E+00  6.5360E+00  3.2129E-01
  9.5733E+00  5.8519E+00  3.1617E-01
  9.6913E+00  5.8754E+00  2.1107E-01
  9.6390E+00  5.6963E+00  1.6167E-01
  9.4883E+00  5.8098E+00  5.8043E-02
  9.9637E+00  6.1080E+00  4.7617E-02
  9.6299E+00  5.7813E+00 -2.9761E-01
  9.8045E+00  5.8921E+00 -2.5752E-01
  1.0032E+01  6.0595E+00 -2.4423E-01
  1.0065E+01  5.9327E+00 -2.4590E-01
  1.0007E+01  6.0102E+00 -1.8297E-01
  1.0098E+01  6.0595E+00  7.8709E-02
  1.0063E+01  6.0818E+00 -6.2973E-02
  1.0109E+01  6.1601E+00  9.1360E-02
  1.0016E+01  6.3358E+00 -1.9129E-02
  1.0035E+01  6.3074E+00 -1.8832E-01
  9.9565E+00  6.3032E+00 -2.1537E-01
  9.8949E+00  6.4001E+00 -2.8659E-01
  9.8996E+00  6.1609E+00 -3.2061E-01
  9.9966E+00  5.9503E+00 -2.9679E-01
  1.0025E+01  6.1432E+00 -2.5817E-01
  9.8018E+00  5.9834E+00 -2.3179E-01
  1.0022E+01  5.9230E+00 -5.0681E-03
  9.8905E+00  6.0715E+00 -1.2546E-01
  9.8900E+00  5.9249E+00 -1.3697E-01
  9.7196E+00  5.9914E+00 -2.3447E-01
  9.8410E+00  6.0495E+00 -2.8853E-01
  9.9653E+00  5.8587E+00 -3.7921E-01
  1.0125E+01  5.8763E+00 -2.8091E-01
  1.0076E+01  5.9827E+00 -3.5608E-01
  1.0075E+01  6.0045E+00 -6.3429E-01
  1.0009E+01  5.9800E+00 -6.1705E-01
  1.0267E+01  6.0827E+00 -3.2986E-01
  1.0171E+01  6.1469E+00 -8.9324E-02
  1.0091E+01  6.4216E+00 -3.8693E-01
  1.0026E+01  5.9269E+00  5.1245E-02
  1.0132E+01  6.1396E+00 -4.1612E-01
  1.0262E+01  5.9687E+00 -1.1733E-01
  1.0454E+01  6.4374E+00 -3.3330E-01
  1.0219E+01  6.1768E+00 -4.2184E-01
  1.0301E+01  6.1889E+00 -1.5375E-01
  1.0539E+01  6.4436E+00 -4.2208E-02
  1.0293E+01  6.0747E+00 -1.7346E-01
  1.0153E+01  6.2716E+00 -2.5037E-01
  1.0026E+01  6.4197E+00 -2.0336E-01
  9.8723E+00  6.0517E+00 -2.1087E-01
  1.0296E+01  6.3435E+00 -1.8279E-01
  1.0184E+01  6.2652E+00 -3.7083E-01
  1.0232E+01  5.9554E+00 -1.2431E-01
  1.0242E+01  6.2889E+00 -4.5740E-01
  1.0241E+01  6.1058E+00 -4.7048E-01
  1.0276E+01  5.9829E+00 -1.9729E-01
  1.0543E+01  6.1168E+00  6.1450E-02
  1.0210E+01  5.7416E+00  1.1335E-01
  1.0249E+01  6.0576E+00 -1.8513E-01
  9.5046E+00  5.5557E+00 -2.6423E-01
  1.0191E+01  5.6884E+00  1.8290E-01
  9.9806E+00  5.7038E+00 -2.1676E-01
  9.6257E+00  5.5183E+00 -3.5143E-01
  9.3353E+00  5.3319E+00 -5.4119E-01
  9.2471E+00  5.3243E+00 -3.2299E-01
  9.8125E+00  5.7936E+00 -1.0070E-01
  1.0123E+01  6.0924E+00 -3.7852E-02
  1.0044E+01  5.8226E+00  1.1248E-01
  9.7040E+00  5.5398E+00 -2.3032E-01
  9.6171E+00  5.8056E+00 -5.8465E-01
  9.5628E+00  5.6022E+00 -7.6471E-02
  9.8745E+00  6.0079E+00 -4.3423E-01
  9.6109E+00  5.8022E+00  7.2588E-04
  9.5168E+00  5.7400E+00 -1.5354E-01
  9.4709E+00  5.4618E+00 -9.9764E-02
  9.4993E+00  5.3472E+00  6.0523E-02
  9.1890E+00  5.4222E+00 -1.6278E-01
  9.7540E+00  5.5770E+00  5.2095E-02
  9.9102E+00  5.6958E+00  2.0293E-01
  9.7765E+00  5.6445E+00  2.8644E-01
  9.7564E+00  5.6642E+00 -2.0977E-01
  9.8359E+00  5.4453E+00 -3.1054E-01
  1.0004E+01  5.8182E+00 -4.2494E-01
  9.5875E+00  5.6662E+00 -2.9021E-01
  9.7785E+00  5.9641E+00 -3.4413E-01
  9.4903E+00  6.1182E+00 -7.7226E-01
  9.5739E+00  6.4535E+00 -8.8742E-01
  9.5626E+00  6.3760E+00 -5.0013E-01
  9.2829E+00  6.3530E+00 -4.8970E-01
  9.2473E+00  6.4589E+00 -5.9144E-01
  9.2393E+00  6.6068E+00 -4.8679E-01
  9.1814E+00  6.4608E+00 -5.0668E-01
  8.9767E+00  6.3438E+00 -5.8426E-01
  9.1713E+00  6.4372E+00 -8.7288E-01
  9.1559E+00  6.3984E+00 -8.8769E-01
  9.4027E+00  6.1892E+00 -1.0172E+00
  9.3618E+00  6.2970E+00 -1.0960E+00
  9.5239E+00  6.4810E+00 -1.2078E+00
  9.6492E+00  6.4512E+00 -1.4276E+00
  9.6303E+00  6.5615E+00 -1.2763E+00
  9.5108E+00  6.5526E+00 -1.3068E+00
  9.7166E+00  6.8290E+00 -1.4019E+00
  9.6448E+00  7.0866E+00 -1.3727E+00
  9.4823E+00  7.2064E+00 -1.3187E+00
  9.2829E+00  7.0392E+00 -1.1001E+00
  9.3054E+00  7.3664E+00 -1.3561E+00
  9.3145E+00  7.3703E+00 -1.3763E+00
  9.3837E+00  7.1184E+00 -1.0715E+00
  9.3568E+00  7.2357E+00 -1.4722E+00
  9.3021E+00  6.9215E+00 -1.3528E+00
  9.4293E+00  7.0762E+00 -1.6385E+00
  9.3317E+00  6.7490E+00 -1.3870E+00
  9.3513E+00  7.1118E+00 -1.5166E+00
  9.1928E+00  6.8962E+00 -1.3725E+00
  9.2444E+00  7.1430E+00 -1.4636E+00
  9.2789E+00  7.1402E+00 -1.2991E+00
  9.1605E+00  6.9926E+00 -1.6187E+00
  8.9501E+00  6.6669E+00 -1.1258E+00
  9.0364E+00  7.0993E+00 -1.6689E+00
  9.0810E+00  6.8249E+00 -1.5676E+00
  8.8847E+00  6.9397E+00 -1.6651E+00
  8.6551E+00  7.2403E+00 -1.5955E+00
  8.6149E+00  7.0984E+00 -1.2401E+00
  8.8382E+00  7.5907E+00 -1.3647E+00
  8.5227E+00  8.0002E+00 -1.3078E+00
  8.6140E+00  7.6196E+00 -1.2543E+00
  8.5894E+00  7.9088E+00 -1.4445E+00
  8.3634E+00  7.6482E+00 -1.4039E+00
  8.3559E+00  7.7907E+00 -1.6119E+00
  8.2739E+00  7.7622E+00 -1.5010E+00
  8.2292E+00  7.5803E+00 -1.6884E+00
  8.3304E+00  7.6034E+00 -1.4783E+00
  8.1134E+00  7.2976E+00 -1.0642E+00
  8.4997E+00  7.9912E+00 -1.3858E+00
  8.2921E+00  7.6746E+00 -1.3407E+00
  8.3408E+00  7.6324E+00 -1.2008E+00
  8.7922E+00  7.4585E+00 -1.0616E+00
  8.8953E+00  7.2507E+00 -9.4656E-01
  8.9471E+00  7.1583E+00 -1.0038E+00
  8.8059E+00  7.0890E+00 -8.8899E-01
  8.9863E+00  7.0864E+00 -7.9963E-01
  9.0214E+00  6.6604E+00 -8.3903E-01
  9.0279E+00  7.0211E+00 -1.1992E+00
  9.2343E+00  6.8633E+00 -1.0222E+00
  8.5580E+00  6.9572E+00 -1.2358E+00
  8.7345E+00  7.0491E+00 -9.7101E-01
  8.5820E+00  7.1438E+00 -1.1269E+00
  9.0031E+00  6.9740E+00 -1.1091E+00
  9.0176E+00  6.7295E+00 -8.1143E-01
  9.3605E+00  7.0778E+00 -1.4486E+00
  9.7300E+00  7.2134E+00 -1.3534E+00
  9.4757E+00  6.8683E+00 -1.0845E+00
  9.5720E+00  7.2723E+00 -1.3472E+00
  9.2987E+00  7.3420E+00 -1.3652E+00
  8.8171E+00  7.3091E+00 -1.3110E+00
  8.6692E+00  7.3484E+00 -1.3498E+00
  8.6055E+00  7.3191E+00 -1.2140E+00
  8.4600E+00  7.4846E+00 -1.2629E+00
  8.5113E+00  7.5984E+00 -1.4446E+00
  8.4005E+00  7.2327E+00 -1.3073E+00
  8.5728E+00  7.2871E+00 -1.4767E+00
  8.6272E+00  7.2407E+00 -1.5433E+00
  8.7785E+00  7.2367E+00 -1.7288E+00
  8.7142E+00  7.1969E+00 -1.5010E+00
  8.6206E+00  6.9279E+00 -1.3386E+00
  8.7602E+00  7.0869E+00 -1.5496E+00
  8.7621E+00  6.8564E+00 -1.3411E+00
  8.5944E+00  6.9785E+00 -1.5395E+00
  8.7845E+00  6.8672E+00 -1.4695E+00
  8.8988E+00  7.0541E+00 -1.5144E+00
  8.7735E+00  7.0026E+00 -1.6013E+00
  8.8173E+00  6.7470E+00 -1.3743E+00
  8.4773E+00  6.5995E+00 -1.3198E+00
  8.3672E+00  6.6820E+00 -1.3866E+00
  8.2885E+00  6.6034E+00 -1.2808E+00
  8.1166E+00  6.6252E+00 -1.0695E+00
  8.1447E+00  6.8874E+00 -1.2970E+00
  7.9909E+00  6.8787E+00 -1.2483E+00
  8.1827E+00  7.1111E+00 -1.4007E+00
  7.7391E+00  7.2930E+00 -6.5470E-01
  7.7572E+00  7.1846E+00 -6.3305E-01
  7.5015E+00  7.1676E+00 -7.1243E-01
  7.3207E+00  7.3810E+00 -3.6899E-01
  7.2330E+00  7.1200E+00 -4.7334E-01
  7.2481E+00  7.2560E+00 -1.6259E-01
  7.2332E+00  7.3187E+00 -1.2720E-01
  7.1946E+00  7.2948E+00 -1.0378E-01
  7.3951E+00  7.2530E+00 -9.6246E-02
  7.2338E+00  7.2931E+00 -1.8131E-01
  7.3513E+00  7.3372E+00 -2.2675E-01
  7.4049E+00  7.1466E+00 -2.9868E-01
  7.6555E+00  7.0038E+00 -3.7628E-01
  7.6540E+00  7.0603E+00 -5.1220E-01
  7.6734E+00  6.8922E+00 -4.5494E-01
  7.7138E+00  6.9725E+00 -4.3436E-01
  7.6137E+00  7.1086E+00 -4.0867E-01
  7.4724E+00  7.2392E+00 -3.7337E-01
  7.3085E+00  7.4828E+00 -4.7069E-01
  7.5214E+00  7.1347E+00 -4.2218E-01
  7.4029E+00  7.0935E+00 -3.4324E-01
  7.3557E+00  7.1698E+00 -3.7525E-01
  7.4812E+00  7.0938E+00 -7.5219E-02
  7.4951E+00  7.1636E+00 -1.2339E-01
  7.4448E+00  7.2358E+00 -7.8201E-02
  7.5744E+00  7.0484E+00 -3.5076E-01
  7.6153E+00  7.1604E+00 -3.2938E-01
  7.7794E+00  6.8990E+00 -5.5818E-01
  7.6424E+00  6.9322E+00 -4.4161E-01
  7.6596E+00  7.0536E+00 -3.4298E-01
  7.4097E+00  7.1742E+00 -1.4770E-01
  7.4203E+00  6.8601E+00 -9.4409E-02
  7.1928E+00  7.0758E+00 -1.4878E-01
  7.3658E+00  6.8443E+00  1.1016E-02
  6.9911E+00  7.1890E+00  2.9456E-01
  7.4668E+00  6.7513E+00  3.5708E-01
  7.1717E+00  7.2729E+00  6.1904E-01
  7.5052E+00  6.8189E+00  3.1559E-01
  7.1755E+00  7.2815E+00  2.1479E-01
  7.5704E+00  6.7457E+00  1.8052E-01
  7.4998E+00  6.7594E+00  1.6850E-01
  7.3327E+00  6.8711E+00 -8.0925E-02
  7.6066E+00  6.8096E+00 -3.3765E-01
  7.6861E+00  6.5861E+00 -2.2104E-01
  7.5226E+00  6.8716E+00 -1.8715E-01
  7.5672E+00  6.7686E+00 -1.0239E-01
  7.6227E+00  6.6820E+00  2.9272E-03
  7.4400E+00  6.9943E+00  2.1428E-02
  7.5710E+00  6.8369E+00 -5.2936E-03
  7.2861E+00  6.8271E+00  2.5920E-01
  7.2170E+00  6.7998E+00 -4.6539E-02
  7.3542E+00  6.7485E+00 -2.0675E-01
  7.3187E+00  6.6611E+00  4.1210E-02
  7.4819E+00  6.2888E+00  8.0127E-02
  7.3457E+00  6.6998E+00  4.8289E-01
  7.6404E+00  6.2796E+00  1.5717E-01
  7.5113E+00  6.5329E+00  3.5344E-01
  7.8841E+00  6.0419E+00  2.1847E-01
  7.3151E+00  6.5268E+00  2.4420E-02
  7.4172E+00  6.3748E+00 -1.5757E-01
  7.4151E+00  6.3433E+00 -2.9548E-01
  7.3859E+00  6.5971E+00 -3.0102E-01
  7.6244E+00  6.2919E+00 -2.5549E-01
  7.5168E+00  6.4398E+00 -2.4274E-01
  7.7693E+00  6.3033E+00 -3.1283E-01
  7.6033E+00  6.3849E+00 -3.3899E-01
  7.4725E+00  6.6947E+00 -1.0883E-01
  7.6700E+00  6.4985E+00 -4.1291E-01
  7.5598E+00  6.6555E+00 -1.6614E-01
  7.4859E+00  6.7759E+00 -3.1209E-01
  7.2711E+00  7.1501E+00 -4.6186E-01
  7.2352E+00  7.1762E+00 -4.5023E-01
  7.2296E+00  7.1207E+00 -6.0953E-01
  7.0334E+00  7.2732E+00 -5.6677E-01
  7.1072E+00  6.9757E+00 -4.7358E-01
  7.2201E+00  6.8993E+00 -5.9524E-01
  7.1725E+00  6.7889E+00 -6.0808E-01
  7.2065E+00  6.4731E+00 -3.6648E-01
  7.3825E+00  6.3692E+00 -3.3636E-01
  7.6042E+00  6.3059E+00 -5.0063E-01
  7.7029E+00  6.5095E+00 -3.6816E-01
