  1.1696E+01  8.7016E+00 -6.8702E-01
  1.2159E+01  8.1952E+00 -3.8296E-01
 -1.2374E+01  8.2267E+00  5.0544E-01
  1.1995E+01  8.4889E+00  8.8046E-01
  1.2429E+01  8.0568E+00  4.1343E-01
  1.2323E+01  7.9568E+00  3.5746E-01
  1.2038E+01  7.8966E+00  6.0356E-02
  1.1980E+01  7.8515E+00 -1.3827E-01
  1.2108E+01  7.9087E+00 -2.7809E-04
  1.2175E+01  8.0801E+00  2.2560E-01
  1.2035E+01  8.1158E+00  2.6892E-01
  1.1913E+01  8.0576E+00  6.8795E-02
  1.1823E+01  8.0728E+00  3.0412E-02
  1.1735E+01  8.1915E+00  8.5040E-02
  1.1677E+01  8.1667E+00  3.8056E-02
  1.1627E+01  8.1246E+00 -9.9706E-02
  1.1595E+01  8.1461E+00 -1.6364E-01
  1.1571E+01  8.1261E+00 -1.4823E-01
  1.1507E+01  8.0250E+00 -1.8898E-01
  1.1582E+01  7.9573E+00 -3.0332E-01
  1.1778E+01  8.0281E+00 -2.5953E-01
  1.1772E+01  8.0014E+00 -1.7547E-01
  1.1651E+01  8.0362E+00 -2.3468E-01
  1.1693E+01  8.1691E+00 -3.0582E-01
  1.1740E+01  8.3176E+00 -3.5799E-01
  1.1741E+01  8.4804E+00 -4.5306E-01
  1.1478E+01  8.5142E+00 -3.4285E-01
  1.1078E+01  8.4509E+00 -1.4554E-01
  1.1034E+01  8.6247E+00 -2.4071E-01
  1.1205E+01  8.6270E+00 -2.1643E-01
  1.1703E+01  8.9678E+00 -3.5796E-01
  1.2160E+01  9.0712E+00 -3.1618E-01
 -1.2529E+01  8.9786E+00  5.7452E-01
 -1.2511E+01  9.4022E+00  8.4318E-01
 -1.2439E+01  9.3971E+00  1.3202E-01
  1.2416E+01  9.3533E+00 -5.2069E-02
 -1.2334E+01  9.1518E+00  1.0057E+00
 -1.2579E+01  9.0284E+00  1.3635E+00
 -1.2542E+01  9.1927E+00  8.1733E-01
 -1.2500E+01  9.0461E+00  9.1281E-01
 -1.2480E+01  8.4981E+00  1.5614E+00
 -1.2527E+01  8.1185E+00  1.7218E+00
 -1.2398E+01  8.1936E+00  1.5112E+00
 -1.2302E+01  8.1227E+00  1.4077E+00
 -1.2232E+01  7.6825E+00  1.6084E+00
 -1.2336E+01  7.2954E+00  1.6549E+00
 -1.1942E+01  7.4267E+00  1.3819E+00
 -1.1757E+01  7.4841E+00  8.6822E-01
 -1.1734E+01  7.4222E+00  8.9922E-01
 -1.1602E+01  7.3370E+00  6.2787E-01
 -1.1650E+01  7.5991E+00  3.2634E-01
 -1.1795E+01  7.7051E+00  2.0814E-01
 -1.1773E+01  7.3530E+00  4.9793E-01
 -1.2185E+01  7.2404E+00  1.0197E+00
 -1.2470E+01  7.1117E+00  1.0789E+00
  1.2476E+01  6.7394E+00  1.2320E+00
  1.1713E+01  6.6323E+00  1.9734E+00
  1.0986E+01  6.2593E+00  1.9101E+00
  1.0744E+01  6.2669E+00  1.8407E+00
  1.0225E+01  6.5301E+00  1.9067E+00
  9.9547E+00  6.3573E+00  1.7084E+00
  9.8296E+00  6.3901E+00  1.6836E+00
  9.4034E+00  6.2870E+00  1.4591E+00
  8.5654E+00  6.1793E+00  9.5446E-01
  8.2497E+00  6.4838E+00  3.3255E-01
  8.4653E+00  6.9228E+00 -1.9341E-01
  8.2806E+00  6.8748E+00 -1.6011E-01
  8.3469E+00  6.9644E+00 -2.0503E-01
  8.1682E+00  6.7585E+00 -1.8203E-02
  8.2916E+00  6.8321E+00  3.7930E-02
  8.3741E+00  6.6617E+00 -2.4378E-01
  8.3486E+00  6.6314E+00 -6.7470E-03
  8.5229E+00  6.4564E+00 -1.5386E-01
  8.4115E+00  6.4015E+00 -2.2878E-01
  8.5331E+00  6.4016E+00 -2.8315E-01
  8.5518E+00  6.1304E+00 -3.0151E-01
  8.9818E+00  6.1687E+00 -4.4883E-01
  8.6869E+00  6.3566E+00 -4.7399E-02
  8.9757E+00  6.1759E+00 -4.1466E-01
  8.6420E+00  6.6426E+00 -2.7286E-01
  8.6338E+00  6.6307E+00 -3.6609E-01
  8.4297E+00  6.8167E+00 -7.5248E-02
  8.5011E+00  7.0870E+00 -1.9555E-01
  8.5008E+00  7.0548E+00 -3.7763E-01
  8.4286E+00  7.2214E+00 -3.0499E-01
  8.3963E+00  6.5839E+00 -2.6662E-01
  8.5439E+00  6.6572E+00 -2.2547E-01
  8.5757E+00  6.8894E+00 -1.6004E-01
  8.4519E+00  6.9648E+00 -1.7979E-01
  8.8412E+00  6.9607E+00 -2.8745E-01
  8.6283E+00  6.5954E+00  8.9144E-02
  8.8270E+00  6.8412E+00  7.2308E-02
  8.7341E+00  6.9438E+00  1.7921E-02
  8.5946E+00  6.9331E+00 -1.1958E-01
  8.6164E+00  6.7904E+00  1.9935E-03
  8.7482E+00  6.9171E+00  1.3824E-02
  8.5109E+00  6.6164E+00 -6.3715E-02
  8.7541E+00  6.6192E+00 -8.9493E-02
  8.5493E+00  6.3276E+00  1.4486E-01
  8.8646E+00  6.7249E+00 -1.3393E-01
  8.5619E+00  6.7209E+00 -1.6492E-01
  8.6084E+00  6.6248E+00 -2.0909E-01
  8.6867E+00  6.7941E+00 -7.3741E-02
  8.4140E+00  6.3076E+00 -2.2166E-01
  8.4284E+00  6.5854E+00 -2.1687E-01
  8.4317E+00  6.6944E+00 -1.1780E-01
  8.6545E+00  7.0105E+00 -1.2723E-01
  8.5135E+00  6.8211E+00 -1.1271E-01
  8.5873E+00  6.9773E+00  6.4523E-02
  8.6799E+00  6.7772E+00 -1.6677E-01
  8.9341E+00  7.0212E+00 -6.0650E-02
  8.9827E+00  6.9650E+00 -7.2056E-03
  9.0169E+00  6.8287E+00 -1.7742E-01
  8.9526E+00  6.7398E+00  7.2037E-02
  9.0954E+00  6.2939E+00 -1.7259E-01
  9.1243E+00  6.2485E+00 -2.3836E-01
  8.8829E+00  6.1656E+00 -2.9498E-01
  8.7467E+00  6.4298E+00 -4.9396E-01
  8.6340E+00  6.3340E+00 -6.7523E-01
  8.7053E+00  6.7272E+00 -5.4661E-01
  8.6479E+00  6.7511E+00 -2.8536E-01
  8.8919E+00  6.7816E+00 -3.8944E-01
  9.1624E+00  7.1113E+00 -2.9793E-02
  9.1240E+00  6.9003E+00  2.1085E-01
  9.0291E+00  6.8601E+00  2.5755E-01
  8.9215E+00  6.8624E+00  3.1736E-01
  8.8818E+00  6.6095E+00  2.2231E-01
  8.7300E+00  6.5594E+00  2.6306E-01
  8.5592E+00  6.4456E+00  3.0058E-02
  8.5881E+00  6.7516E+00  3.1773E-02
  8.5039E+00  6.6467E+00 -2.6775E-02
  8.6822E+00  6.6074E+00 -3.7697E-01
  8.5010E+00  7.1045E+00  2.2014E-01
  8.8317E+00  6.6711E+00 -8.2056E-02
  8.7537E+00  6.7094E+00  1.8680E-01
  8.8915E+00  6.7222E+00  1.3430E-01
  8.8399E+00  6.7979E+00  4.3072E-01
  8.8337E+00  6.5888E+00  2.1250E-01
  8.7596E+00  6.6523E+00  2.0035E-01
  8.7627E+00  6.3006E+00  7.8072E-02
  9.1884E+00  6.2620E+00 -1.3400E-01
  8.6938E+00  6.3361E+00  3.4375E-01
  8.7968E+00  6.5268E+00  1.1775E-01
  8.5653E+00  6.7369E+00  5.3343E-02
  8.4320E+00  6.7557E+00 -1.8022E-01
  8.4692E+00  6.8703E+00  1.8994E-01
  8.5766E+00  6.8767E+00  3.7613E-01
  8.5305E+00  6.6715E+00  4.6564E-01
  8.7732E+00  6.9945E+00  6.5573E-01
  8.6149E+00  6.7804E+00  7.4401E-02
  8.5162E+00  6.7750E+00 -8.7036E-02
  8.6775E+00  6.8900E+00 -1.7923E-01
  8.6903E+00  6.7376E+00 -1.3369E-01
  8.7526E+00  6.6717E+00 -1.9786E-01
  8.7408E+00  6.8252E+00 -2.4556E-01
  8.7754E+00  6.7326E+00 -1.8728E-01
  8.7299E+00  6.7824E+00 -2.1013E-03
  8.7531E+00  6.7328E+00 -2.3264E-01
  8.6923E+00  7.0347E+00 -1.9920E-01
  8.7282E+00  7.0511E+00 -2.9653E-01
  8.5629E+00  6.8692E+00 -3.1322E-01
  8.5405E+00  7.0540E+00 -1.8685E-01
  8.7265E+00  7.0977E+00 -1.8518E-01
  8.6799E+00  6.6766E+00 -1.9224E-01
  8.7085E+00  6.8610E+00 -1.0777E-01
  8.6121E+00  6.8950E+00 -7.1922E-02
  8.8121E+00  6.8040E+00 -1.8625E-01
  8.5663E+00  6.6943E+00  2.3645E-01
  8.6430E+00  6.7712E+00 -1.0939E-01
  8.5642E+00  6.9592E+00 -2.5706E-01
  8.5794E+00  6.8638E+00 -1.5577E-01
  8.9612E+00  6.9713E+00 -2.1750E-01
  8.8730E+00  6.7091E+00 -3.8954E-01
  8.9008E+00  6.9264E+00 -3.5383E-01
  8.7613E+00  6.6977E+00 -3.7922E-01
  8.6876E+00  6.6591E+00 -3.6109E-01
  9.0895E+00  7.0163E+00 -4.4585E-01
  8.9799E+00  7.0518E+00 -2.7501E-01
  8.8443E+00  7.2225E+00 -1.1034E-01
  8.9549E+00  6.8773E+00 -4.1955E-01
  8.8609E+00  6.8511E+00 -2.8428E-02
  9.1067E+00  6.9236E+00 -2.7500E-01
  9.0224E+00  6.9079E+00 -3.0126E-01
  8.9497E+00  6.9842E+00 -3.2652E-01
  9.0338E+00  6.9995E+00 -2.4757E-01
  9.0860E+00  6.8068E+00 -2.1066E-01
  9.0219E+00  6.8841E+00 -2.1073E-01
  8.7813E+00  6.8946E+00 -2.1034E-01
  8.5910E+00  6.8763E+00 -1.2893E-01
  8.6948E+00  6.9891E+00 -1.2753E-01
  8.8141E+00  6.5934E+00 -3.0239E-01
  8.7277E+00  6.5349E+00 -8.7961E-02
  8.9186E+00  6.6560E+00 -3.6006E-01
  8.7654E+00  6.4298E+00 -1.9172E-01
  8.9016E+00  6.7960E+00 -4.2070E-01
  9.0121E+00  6.8014E+00 -1.3107E-01
  9.1948E+00  6.7511E+00 -1.6700E-01
  9.0179E+00  6.6434E+00 -8.3120E-02
  8.8640E+00  6.6522E+00 -2.1081E-01
  8.9895E+00  6.9515E+00 -2.2156E-02
  9.0537E+00  6.5355E+00 -3.2803E-01
  8.8366E+00  6.6751E+00 -7.5363E-02
  9.1273E+00  6.9381E+00 -2.6107E-01
  8.7369E+00  6.7128E+00 -4.5573E-01
  8.6615E+00  6.7046E+00 -4.7750E-01
  8.6300E+00  6.6885E+00 -3.7118E-01
  8.7763E+00  6.7406E+00 -2.3103E-01
  9.0677E+00  6.7210E+00 -6.0332E-01
  8.8048E+00  6.6523E+00 -7.0599E-01
  8.4812E+00  6.7964E+00 -6.0438E-01
  8.8239E+00  6.6881E+00 -8.1614E-01
  8.6662E+00  6.9090E+00 -4.3595E-01
  8.7273E+00  6.8739E+00 -5.8469E-01
  8.6777E+00  6.9579E+00 -4.4480E-01
  8.6141E+00  6.6860E+00 -2.9795E-01
  8.7250E+00  6.4991E+00 -5.2740E-01
  8.6033E+00  6.7898E+00 -4.0540E-01
  8.6575E+00  6.5636E+00 -2.5881E-01
  8.8964E+00  6.7384E+00 -1.9367E-01
  8.7991E+00  6.6874E+00 -1.9229E-01
  8.7275E+00  6.7656E+00 -1.9143E-01
  8.8535E+00  6.5827E+00 -4.2586E-01
  8.6557E+00  6.4928E+00 -4.4658E-01
  8.6874E+00  6.8417E+00 -5.7356E-01
  8.4294E+00  6.5066E+00 -7.4125E-01
  8.4000E+00  7.1574E+00 -8.3253E-01
  8.2176E+00  7.1059E+00 -9.7075E-01
  8.1778E+00  6.7492E+00 -9.6405E-01
  8.1230E+00  7.2175E+00 -9.1339E-01
  8.0850E+00  7.2975E+00 -1.0583E+00
  7.8915E+00  7.1099E+00 -9.3684E-01
  7.8708E+00  7.0838E+00 -9.1463E-01
  7.8532E+00  7.2497E+00 -1.0192E+00
  7.8220E+00  7.0663E+00 -1.1093E+00
  7.8329E+00  7.1172E+00 -9.5926E-01
  8.2024E+00  6.9662E+00 -1.4946E+00
  8.1451E+00  7.1137E+00 -1.4492E+00
  8.1420E+00  7.0829E+00 -1.2101E+00
  8.2778E+00  7.0720E+00 -1.3497E+00
  8.2271E+00  7.1091E+00 -1.2192E+00
  8.2600E+00  7.3797E+00 -1.1528E+00
  8.4393E+00  7.6086E+00 -1.2211E+00
  8.3087E+00  7.7547E+00 -1.1712E+00
  8.1403E+00  7.8722E+00 -1.1513E+00
  8.0733E+00  7.9369E+00 -1.1557E+00
  7.9237E+00  7.8622E+00 -1.0139E+00
  7.9614E+00  8.0048E+00 -1.1794E+00
  8.2013E+00  7.9255E+00 -1.5435E+00
  7.9743E+00  7.7992E+00 -1.2639E+00
  8.0045E+00  7.6360E+00 -1.6323E+00
  7.9846E+00  7.5061E+00 -1.6346E+00
  8.1303E+00  7.5450E+00 -1.8290E+00
  7.8447E+00  7.1429E+00 -1.5557E+00
  7.8026E+00  7.4287E+00 -1.6090E+00
  7.8240E+00  7.5252E+00 -1.7929E+00
  7.9159E+00  7.5236E+00 -1.8163E+00
  7.7882E+00  7.5302E+00 -1.3023E+00
  8.2692E+00  7.8268E+00 -1.8064E+00
  7.6738E+00  7.4469E+00 -1.1262E+00
  7.8413E+00  7.6798E+00 -1.5016E+00
  7.6903E+00  7.8149E+00 -1.3827E+00
  7.4638E+00  7.8445E+00 -8.9701E-01
  7.4376E+00  7.9403E+00 -8.1911E-01
  7.5182E+00  8.1489E+00 -8.9757E-01
  7.3406E+00  8.5775E+00 -5.7179E-01
  7.6164E+00  8.6634E+00 -8.2145E-01
  7.4802E+00  8.2064E+00 -4.6814E-01
  7.4672E+00  8.5935E+00 -6.4533E-01
  7.4492E+00  8.5576E+00 -6.8353E-01
  7.2931E+00  8.4437E+00 -5.8142E-01
  7.2896E+00  8.3967E+00 -8.3825E-01
  7.2639E+00  8.2228E+00 -6.1157E-01
  7.3141E+00  8.5114E+00 -6.6418E-01
  7.2138E+00  8.1952E+00 -6.2615E-01
  7.4127E+00  8.6223E+00 -5.6554E-01
  7.4146E+00  8.4979E+00 -3.8517E-01
  7.5811E+00  8.2795E+00 -6.9916E-01
  7.7363E+00  8.1150E+00 -5.2012E-01
  7.7544E+00  7.9157E+00 -4.7855E-01
  7.7383E+00  8.0041E+00 -3.4587E-01
  7.7541E+00  7.8056E+00 -3.1302E-01
  7.8659E+00  7.6075E+00 -6.3887E-01
  7.9087E+00  7.5553E+00 -3.4236E-01
  7.9218E+00  7.4991E+00 -6.4116E-01
  7.7020E+00  7.7445E+00 -2.7689E-01
  7.9729E+00  8.3241E+00 -7.1307E-01
  7.8966E+00  8.3212E+00 -4.8196E-01
  7.8851E+00  7.8463E+00 -5.9800E-01
  8.6041E+00  8.1483E+00 -1.1085E+00
  8.5904E+00  8.0602E+00 -6.0352E-01
  8.5410E+00  7.3711E+00 -4.4040E-01
  8.7276E+00  8.0962E+00 -6.3184E-01
  8.4118E+00  7.8599E+00 -5.8513E-01
  8.1471E+00  7.9164E+00 -5.8030E-01
  7.9553E+00  8.2654E+00 -5.2680E-01
  7.5914E+00  8.1036E+00 -6.1482E-01
  7.4674E+00  8.0978E+00 -6.0528E-01
  7.4172E+00  8.2956E+00 -5.3699E-01
  7.3471E+00  8.0657E+00 -6.0880E-01
  7.4378E+00  8.2568E+00 -7.6269E-01
  7.2976E+00  7.8008E+00 -8.5850E-01
  7.6124E+00  8.0967E+00 -8.2960E-01
  7.6097E+00  7.8639E+00 -1.0129E+00
  7.4826E+00  7.8738E+00 -9.5594E-01
  7.5071E+00  7.7475E+00 -7.3808E-01
  7.5325E+00  7.2474E+00 -6.8978E-01
  7.6910E+00  7.5427E+00 -5.3241E-01
  7.5514E+00  7.5099E+00 -5.8978E-01
  7.6097E+00  7.3410E+00 -6.5257E-01
  7.7106E+00  7.3763E+00 -6.4468E-01
  7.5847E+00  7.1582E+00 -6.8765E-01
  7.5929E+00  7.3697E+00 -7.5344E-01
  7.5486E+00  7.6596E+00 -7.8503E-01
  7.3823E+00  7.6835E+00 -8.3979E-01
  7.2235E+00  7.5325E+00 -7.5670E-01
  7.2064E+00  7.8264E+00 -1.1005E+00
  7.0670E+00  7.8883E+00 -9.6694E-01
  7.1653E+00  8.1293E+00 -1.0858E+00
  7.2670E+00  8.3000E+00 -1.2584E+00
  7.5144E+00  8.5017E+00 -1.5270E+00
  7.3610E+00  8.4115E+00 -1.4140E+00
  7.5306E+00  8.3011E+00 -1.7056E+00
  7.6856E+00  8.1005E+00 -1.6423E+00
  7.7342E+00  8.1104E+00 -1.4933E+00
  7.2796E+00  8.3141E+00 -1.2356E+00
  7.6582E+00  8.1519E+00 -1.3093E+00
  7.7839E+00  8.1881E+00 -1.1654E+00
  7.3744E+00  8.4530E+00 -1.0083E+00
  7.5245E+00  8.2349E+00 -1.3218E+00
  7.6503E+00  8.3550E+00 -1.2977E+00
  7.8207E+00  8.1931E+00 -1.3008E+00
  8.1706E+00  7.9836E+00 -1.3995E+00
  8.3810E+00  7.9377E+00 -1.4990E+00
  8.2238E+00  7.8315E+00 -1.4975E+00
  8.6163E+00  7.7112E+00 -1.3894E+00
  8.5429E+00  7.7016E+00 -1.4369E+00
  8.2184E+00  7.8263E+00 -1.5443E+00
  8.4219E+00  7.8740E+00 -1.4084E+00
  8.3555E+00  7.7469E+00 -1.5183E+00
  8.4353E+00  7.4089E+00 -1.3953E+00
  8.5755E+00  7.5116E+00 -1.1923E+00
  8.3288E+00  7.7740E+00 -1.1198E+00
  8.5323E+00  7.4376E+00 -1.1823E+00
  8.5744E+00  7.5879E+00 -1.0121E+00
  8.4511E+00  7.9800E+00 -1.1482E+00
  8.6396E+00  7.4686E+00 -1.3915E+00
  8.4091E+00  8.0102E+00 -1.3587E+00
  8.6208E+00  7.7233E+00 -1.2718E+00
  8.4421E+00  8.0484E+00 -1.1617E+00
  8.4769E+00  7.6777E+00 -1.0857E+00
  8.0285E+00  7.8094E+00 -1.0949E+00
  8.2646E+00  7.4665E+00 -1.1341E+00
  7.9086E+00  7.9269E+00 -8.8641E-01
  8.0037E+00  7.5458E+00 -7.6346E-01
  8.0011E+00  7.7523E+00 -6.3530E-01
  8.1573E+00  7.3781E+00 -5.1664E-01
  8.1935E+00  7.7358E+00 -6.6296E-01
  8.3673E+00  7.5266E+00 -6.7502E-01
  8.4155E+00  7.4598E+00 -8.4318E-01
  8.4687E+00  7.1006E+00 -9.3463E-01
  8.4730E+00  7.0314E+00 -1.0537E+00
  8.6362E+00  7.4362E+00 -1.2429E+00
  8.3766E+00  7.2810E+00 -1.3667E+00
  8.5042E+00  7.1054E+00 -1.3069E+00
  8.4645E+00  7.5169E+00 -1.0548E+00
  8.3334E+00  7.5375E+00 -1.0146E+00
  8.2572E+00  7.5129E+00 -1.1342E+00
  8.3267E+00  7.6340E+00 -1.0376E+00
  8.1970E+00  7.2328E+00 -8.7126E-01
  8.2182E+00  7.3190E+00 -1.0467E+00
  8.3577E+00  7.5502E+00 -9.9571E-01
  8.3018E+00  7.1149E+00 -1.0075E+00
  8.1775E+00  7.2749E+00 -8.2312E-01
  8.0954E+00  7.0168E+00 -7.8578E-01
  8.1416E+00  7.3684E+00 -7.5686E-01
  8.3211E+00  7.1550E+00 -7.5537E-01
  8.0890E+00  7.1405E+00 -7.9315E-01
  8.3777E+00  6.9710E+00 -9.4803E-01
  8.3923E+00  7.0998E+00 -1.0497E+00
  8.2612E+00  7.1476E+00 -1.2492E+00
  8.5875E+00  6.9717E+00 -1.1304E+00
  8.5619E+00  7.0753E+00 -1.1384E+00
  8.6803E+00  6.8734E+00 -1.0974E+00
  8.6605E+00  7.2967E+00 -1.0135E+00
  8.6382E+00  7.1863E+00 -1.0866E+00
  8.4123E+00  7.2245E+00 -1.1616E+00
  8.6396E+00  7.3598E+00 -1.1811E+00
  8.5171E+00  6.9673E+00 -1.2880E+00
  8.2182E+00  7.4653E+00 -1.4349E+00
  8.3588E+00  7.5990E+00 -1.4040E+00
  8.2757E+00  7.5058E+00 -1.4899E+00
  8.2703E+00  7.7636E+00 -1.4903E+00
  8.3390E+00  7.4821E+00 -1.2908E+00
  8.3089E+00  7.2527E+00 -1.3403E+00
  8.3558E+00  7.6037E+00 -1.2925E+00
  8.5011E+00  7.0671E+00 -1.2635E+00
  8.3619E+00  7.0030E+00 -1.1767E+00
  8.5399E+00  6.8387E+00 -1.1802E+00
  8.5997E+00  7.0390E+00 -1.3630E+00
  8.4672E+00  7.3532E+00 -1.3562E+00
