  1.1692E+01  1.2502E+01  5.1889E-01
 -1.2589E+01  1.1579E+01  1.0117E+00
  1.2080E+01  1.1086E+01  9.7867E-01
  1.2431E+01  1.1008E+01  3.4782E-01
  1.2271E+01  1.0946E+01  7.4587E-01
  1.2386E+01  1.1019E+01  7.7384E-01
  1.2290E+01  1.1050E+01  5.3465E-01
  1.1887E+01  1.0918E+01  3.5655E-01
  1.1940E+01  1.0873E+01  2.6835E-01
  1.1942E+01  1.0845E+01  2.2349E-01
  1.1867E+01  1.0842E+01  1.8922E-01
  1.1687E+01  1.0792E+01  1.9175E-01
  1.1515E+01  1.0784E+01  1.1314E-01
  1.1529E+01  1.0806E+01  5.5683E-02
  1.1548E+01  1.0815E+01  8.7775E-02
  1.1424E+01  1.0786E+01  5.9954E-02
  1.1412E+01  1.0736E+01  5.3526E-04
  1.1481E+01  1.0684E+01 -7.8254E-03
  1.1404E+01  1.0629E+01 -3.9943E-02
  1.1385E+01  1.0580E+01 -1.5204E-01
  1.1504E+01  1.0626E+01 -2.1745E-01
  1.1501E+01  1.0695E+01 -3.0469E-01
  1.1421E+01  1.0788E+01 -5.7327E-01
  1.1502E+01  1.1036E+01 -7.6581E-01
  1.1664E+01  1.1260E+01 -8.9817E-01
  1.2076E+01  1.1528E+01 -1.3969E+00
  1.1815E+01  1.1696E+01 -1.0758E+00
  1.2079E+01  1.1930E+01 -1.2866E+00
  1.1673E+01  1.2138E+01 -2.1092E+00
  1.1350E+01  1.2417E+01 -2.0305E+00
  1.1094E+01  1.2121E+01 -1.4174E+00
  1.0608E+01  1.1834E+01 -1.0203E+00
  9.5639E+00  1.1538E+01 -5.0347E-01
  1.0116E+01  1.1235E+01 -4.4783E-01
  9.5964E+00  1.1047E+01 -6.8315E-01
  1.0116E+01  1.0862E+01 -8.1775E-01
  9.9752E+00  1.0683E+01 -8.2618E-01
  1.0013E+01  1.0544E+01 -7.7651E-01
  9.8051E+00  1.0634E+01 -6.6888E-01
  9.7011E+00  1.0538E+01 -7.1724E-01
  9.6428E+00  1.0510E+01 -6.6235E-01
  9.4708E+00  1.0457E+01 -6.9834E-01
  9.5194E+00  1.0555E+01 -8.1759E-01
  9.3392E+00  1.0636E+01 -6.9627E-01
  9.3338E+00  1.0658E+01 -5.9307E-01
  9.3881E+00  1.0681E+01 -5.4194E-01
  9.4923E+00  1.0653E+01 -4.7559E-01
  9.5776E+00  1.0532E+01 -4.3721E-01
  9.7383E+00  1.0545E+01 -3.3063E-01
  9.7834E+00  1.0535E+01 -2.4578E-01
  9.9486E+00  1.0632E+01 -2.9969E-01
  1.0053E+01  1.0764E+01 -2.9895E-01
  1.0254E+01  1.0910E+01 -2.3883E-01
  1.0295E+01  1.0918E+01 -3.0375E-01
  1.0107E+01  1.1011E+01 -2.9651E-01
  1.0010E+01  1.1134E+01 -3.7814E-01
  1.0217E+01  1.1134E+01 -7.6878E-01
  1.0100E+01  1.1160E+01 -8.6681E-01
  1.0353E+01  1.1014E+01 -8.3001E-01
  1.0401E+01  1.0832E+01 -7.4073E-01
  1.0320E+01  1.0912E+01 -7.9087E-01
  1.0508E+01  1.1117E+01 -6.7346E-01
  1.0729E+01  1.1103E+01 -7.0856E-01
  1.0579E+01  1.1199E+01 -6.1702E-01
  1.0698E+01  1.1108E+01 -3.7863E-01
  1.0605E+01  1.0904E+01 -3.0437E-01
  1.0405E+01  1.0943E+01 -1.3170E-01
  1.0626E+01  1.0985E+01 -6.3089E-02
  1.0583E+01  1.0966E+01  2.6698E-02
  1.0619E+01  1.0895E+01  3.1707E-01
  1.0510E+01  1.0712E+01  3.9381E-01
  1.0548E+01  1.0685E+01  4.5333E-01
  1.0672E+01  1.0693E+01  4.7906E-01
  1.0566E+01  1.0624E+01  4.2925E-01
  1.0898E+01  1.0626E+01  3.6529E-01
  1.0591E+01  1.0677E+01  5.0342E-01
  1.0430E+01  1.0438E+01  1.7167E-01
  1.0452E+01  1.0483E+01  6.4137E-02
  1.0129E+01  1.0801E+01  7.3528E-02
  1.0221E+01  1.0910E+01 -1.2004E-01
  1.0054E+01  1.0941E+01 -1.1232E-01
  1.0280E+01  1.0924E+01 -2.5316E-01
  1.0003E+01  1.0895E+01 -1.1278E-01
  1.0114E+01  1.0726E+01 -3.7574E-01
  1.0148E+01  1.0729E+01 -2.8477E-01
  1.0180E+01  1.0955E+01 -3.5044E-01
  1.0613E+01  1.1056E+01 -6.0524E-01
  1.0293E+01  1.1005E+01 -7.1847E-01
  1.0438E+01  1.1014E+01 -4.0961E-01
  1.0158E+01  1.1034E+01 -4.2757E-01
  9.9692E+00  1.1180E+01 -5.0060E-01
  1.0125E+01  1.1224E+01 -4.6165E-01
  9.8495E+00  1.0960E+01 -4.7007E-01
  9.8611E+00  1.0965E+01 -4.0122E-01
  9.8439E+00  1.1021E+01 -4.2153E-01
  9.6947E+00  1.0916E+01 -4.2867E-01
  9.6091E+00  1.0870E+01 -4.5508E-01
  9.4553E+00  1.0900E+01 -5.8750E-01
  9.5585E+00  1.0976E+01 -4.4581E-01
  9.5537E+00  1.0726E+01 -2.9563E-01
  9.4030E+00  1.0685E+01 -3.7339E-01
  9.6125E+00  1.1135E+01 -2.5858E-01
  9.4835E+00  1.0918E+01 -3.6839E-01
  9.4628E+00  1.0834E+01 -3.3562E-01
  9.7514E+00  1.1094E+01 -2.7398E-01
  9.7942E+00  1.1082E+01 -3.7887E-01
  1.0084E+01  1.1029E+01 -1.9700E-01
  1.0043E+01  1.1196E+01 -2.9877E-01
  9.8469E+00  1.1469E+01 -4.9524E-01
  1.0394E+01  1.1668E+01 -6.1467E-01
  9.7629E+00  1.1512E+01 -4.7818E-01
  1.0205E+01  1.1209E+01 -5.4063E-01
  1.0099E+01  1.1148E+01 -3.4804E-01
  9.9164E+00  1.0898E+01 -3.6205E-01
  9.9416E+00  1.0855E+01 -1.0836E-01
  9.9603E+00  1.0920E+01 -2.0069E-01
  9.8237E+00  1.0858E+01 -3.8337E-01
  9.8138E+00  1.0987E+01  8.6876E-02
  9.9674E+00  1.0845E+01  1.6229E-01
  9.9849E+00  1.0993E+01 -9.4591E-02
  1.0171E+01  1.1306E+01 -1.1198E-01
  9.9172E+00  1.1188E+01 -1.1796E-01
  9.5684E+00  1.1348E+01 -1.4696E-01
  9.7829E+00  1.1356E+01 -4.0678E-01
  9.9111E+00  1.1327E+01 -4.7982E-01
  9.8490E+00  1.1220E+01 -6.3619E-01
  9.8922E+00  1.1303E+01 -7.0853E-01
  9.6872E+00  1.1158E+01 -6.9206E-01
  9.7986E+00  1.1065E+01 -5.4431E-01
  9.7257E+00  1.0896E+01 -5.8343E-01
  9.5223E+00  1.0709E+01 -6.7689E-01
  9.3946E+00  1.0639E+01 -7.8848E-01
  9.3839E+00  1.0936E+01 -7.7494E-01
  9.2570E+00  1.1020E+01 -7.3740E-01
  9.1309E+00  1.1272E+01 -7.4922E-01
  9.2115E+00  1.1575E+01 -8.0086E-01
  9.2181E+00  1.1556E+01 -6.8938E-01
  9.3991E+00  1.1488E+01 -5.4217E-01
  9.7430E+00  1.1624E+01 -6.3280E-01
  9.9208E+00  1.1475E+01 -6.2273E-01
  1.0022E+01  1.1206E+01 -5.5743E-01
  1.0082E+01  1.1286E+01 -3.8173E-01
  9.9686E+00  1.1261E+01 -2.6541E-01
  9.5189E+00  1.1240E+01 -3.2123E-01
  9.8355E+00  1.1705E+01 -2.3721E-01
  9.3143E+00  1.1715E+01 -6.6886E-02
  9.0747E+00  1.1714E+01 -5.4467E-02
  9.3966E+00  1.1760E+01 -1.8000E-01
  9.0505E+00  1.1565E+01 -8.8149E-02
  9.1969E+00  1.1169E+01 -2.1745E-01
  9.5719E+00  1.0921E+01 -3.4252E-01
  9.6273E+00  1.0934E+01 -4.1981E-01
  9.6087E+00  1.0957E+01 -5.5600E-01
  9.5616E+00  1.0980E+01 -6.3023E-01
  9.5970E+00  1.0967E+01 -9.4086E-01
  9.3642E+00  1.0977E+01 -1.0384E+00
  9.5322E+00  1.1095E+01 -9.0987E-01
  9.4759E+00  1.1011E+01 -8.6023E-01
  9.3704E+00  1.1031E+01 -8.6301E-01
  9.5482E+00  1.0932E+01 -1.0187E+00
  9.7681E+00  1.1028E+01 -1.0861E+00
  9.7016E+00  1.1141E+01 -8.8240E-01
  9.6814E+00  1.1103E+01 -6.7633E-01
  9.6372E+00  1.1201E+01 -5.6574E-01
  9.6271E+00  1.1265E+01 -7.4289E-01
  9.2818E+00  1.1125E+01 -7.3616E-01
  9.4027E+00  1.1139E+01 -6.1950E-01
  9.3681E+00  1.1116E+01 -6.7828E-01
  9.3871E+00  1.1212E+01 -6.0404E-01
  9.9329E+00  1.1340E+01 -4.8166E-01
  9.7530E+00  1.1124E+01 -3.9538E-01
  9.8719E+00  1.1241E+01 -3.6178E-01
  9.7445E+00  1.1218E+01 -3.7231E-01
  9.7052E+00  1.1346E+01 -2.6895E-01
  9.7134E+00  1.1435E+01 -2.6967E-01
  9.5064E+00  1.1332E+01 -3.0383E-01
  9.5264E+00  1.1345E+01 -4.2892E-01
  9.4205E+00  1.1209E+01 -4.7514E-01
  9.5434E+00  1.1238E+01 -6.5565E-01
  9.7056E+00  1.1349E+01 -9.1329E-01
  9.6143E+00  1.1211E+01 -1.0676E+00
  9.5488E+00  1.1115E+01 -1.0057E+00
  9.5227E+00  1.1162E+01 -1.1363E+00
  9.5744E+00  1.1240E+01 -1.2072E+00
  9.6228E+00  1.1243E+01 -1.2183E+00
  9.3926E+00  1.1246E+01 -1.2138E+00
  9.3357E+00  1.1309E+01 -1.1368E+00
  9.2101E+00  1.1223E+01 -1.0165E+00
  9.5118E+00  1.1220E+01 -1.0123E+00
  9.3013E+00  1.1108E+01 -9.6306E-01
  9.7082E+00  1.1257E+01 -8.6315E-01
  9.8308E+00  1.1281E+01 -7.1720E-01
  9.4267E+00  1.1031E+01 -5.9403E-01
  9.7659E+00  1.1120E+01 -5.1640E-01
  9.7088E+00  1.1215E+01 -4.2301E-01
  9.6152E+00  1.1151E+01 -5.6606E-01
  9.5851E+00  1.1282E+01 -6.4289E-01
  1.0129E+01  1.1806E+01 -5.8998E-01
  9.6736E+00  1.1260E+01 -9.0004E-01
  9.9449E+00  1.1667E+01 -7.7817E-01
  9.9930E+00  1.1597E+01 -8.9962E-01
  8.9980E+00  1.1439E+01 -1.1491E+00
  9.6512E+00  1.1466E+01 -8.3500E-01
  9.7627E+00  1.1457E+01 -7.3738E-01
  9.4491E+00  1.1304E+01 -4.9841E-01
  9.6977E+00  1.1002E+01 -4.2161E-01
  9.8225E+00  1.1113E+01 -4.9121E-01
  9.8222E+00  1.1120E+01 -4.1879E-01
  1.0125E+01  1.1483E+01 -3.1332E-01
  1.0032E+01  1.1367E+01 -9.8813E-01
  9.9144E+00  1.1520E+01 -6.5563E-01
  1.0225E+01  1.1719E+01 -5.8103E-01
  9.7556E+00  1.0993E+01 -8.6460E-01
  1.0009E+01  1.1209E+01 -7.3782E-01
  9.9822E+00  1.1388E+01 -6.8469E-01
  9.8232E+00  1.1068E+01 -1.0285E+00
  9.5933E+00  1.0948E+01 -8.4662E-01
  9.4470E+00  1.0837E+01 -7.4293E-01
  9.4142E+00  1.0633E+01 -8.4503E-01
  9.2146E+00  1.0618E+01 -8.3932E-01
  9.2359E+00  1.1002E+01 -8.7665E-01
  8.7608E+00  1.1021E+01 -8.1215E-01
  9.2883E+00  1.1251E+01 -8.3104E-01
  9.1741E+00  1.1087E+01 -8.0655E-01
  9.5327E+00  1.0965E+01 -7.1043E-01
  9.6311E+00  1.0915E+01 -7.1222E-01
  9.6140E+00  1.0914E+01 -6.7688E-01
  9.8426E+00  1.0887E+01 -6.2489E-01
  9.8838E+00  1.1145E+01 -6.7076E-01
  9.8025E+00  1.1229E+01 -5.9068E-01
  1.0105E+01  1.1379E+01 -5.6092E-01
  9.6686E+00  1.1481E+01 -5.4883E-01
  1.0162E+01  1.1541E+01 -8.2673E-01
  9.4955E+00  1.1080E+01 -7.8116E-01
  9.6322E+00  1.1005E+01 -5.0831E-01
  9.6172E+00  1.1097E+01 -6.2618E-01
  9.5009E+00  1.1051E+01 -9.5474E-01
  9.4325E+00  1.0911E+01 -8.2902E-01
  9.2989E+00  1.1011E+01 -7.5252E-01
  9.1227E+00  1.1139E+01 -6.2902E-01
  9.4575E+00  1.0940E+01 -6.6980E-01
  9.7418E+00  1.1058E+01 -5.8695E-01
  9.8088E+00  1.0970E+01 -6.4246E-01
  9.7801E+00  1.0787E+01 -7.0100E-01
  9.7841E+00  1.0794E+01 -5.1893E-01
  9.8025E+00  1.0858E+01 -6.7938E-01
  9.7106E+00  1.1058E+01 -8.7947E-01
  9.4205E+00  1.0715E+01 -9.8685E-01
  9.5889E+00  1.0973E+01 -8.4785E-01
  9.5469E+00  1.1142E+01 -8.1955E-01
  9.4321E+00  1.1083E+01 -9.8980E-01
  9.3133E+00  1.1192E+01 -9.3709E-01
  9.4844E+00  1.1163E+01 -1.0862E+00
  9.4255E+00  1.1213E+01 -9.7830E-01
  9.4471E+00  1.1355E+01 -1.0408E+00
  9.2287E+00  1.1258E+01 -8.9776E-01
  9.3199E+00  1.1339E+01 -6.9543E-01
  9.4860E+00  1.1390E+01 -6.5387E-01
  9.5169E+00  1.1312E+01 -7.0629E-01
  9.4946E+00  1.1262E+01 -7.0371E-01
  9.5631E+00  1.1232E+01 -5.3644E-01
  9.9286E+00  1.1471E+01 -4.5496E-01
  9.9549E+00  1.1365E+01 -4.8467E-01
  1.0010E+01  1.1358E+01 -3.4468E-01
  1.0248E+01  1.1392E+01 -4.4873E-01
  1.0165E+01  1.1168E+01 -5.4151E-01
  1.0121E+01  1.1029E+01 -5.5962E-01
  1.0310E+01  1.1018E+01 -5.2663E-01
  1.0240E+01  1.0978E+01 -7.3742E-01
  1.0193E+01  1.1063E+01 -6.7163E-01
  1.0413E+01  1.1021E+01 -6.7662E-01
  1.0208E+01  1.1059E+01 -7.1324E-01
  1.0040E+01  1.1080E+01 -6.1676E-01
  1.0020E+01  1.0956E+01 -5.9691E-01
  1.0065E+01  1.1008E+01 -5.6286E-01
  1.0218E+01  1.0947E+01 -6.8937E-01
  1.0317E+01  1.0826E+01 -6.3832E-01
  1.0217E+01  1.0827E+01 -7.9570E-01
  9.8652E+00  1.0987E+01 -8.0539E-01
  1.0140E+01  1.1394E+01 -1.0020E+00
  9.9020E+00  1.1155E+01 -1.0588E+00
  1.0011E+01  1.1259E+01 -7.1563E-01
  9.9721E+00  1.1441E+01 -7.6333E-01
  1.0069E+01  1.1516E+01 -8.0111E-01
  1.0048E+01  1.1320E+01 -7.2922E-01
  1.0033E+01  1.1409E+01 -7.7242E-01
  1.0023E+01  1.1427E+01 -5.5083E-01
  1.0037E+01  1.1154E+01 -1.8704E-01
  1.0069E+01  1.1186E+01 -1.9619E-01
  1.0067E+01  1.1083E+01  6.2305E-02
  1.0282E+01  1.1157E+01  1.6258E-01
  1.0478E+01  1.1384E+01 -7.8453E-02
  1.0182E+01  1.1114E+01  2.0310E-02
  1.0122E+01  1.1023E+01  1.0291E-01
  1.0265E+01  1.1446E+01  1.7236E-01
  1.0565E+01  1.1680E+01 -2.4895E-01
  9.9230E+00  1.1399E+01 -3.9245E-01
  1.0381E+01  1.2003E+01 -6.5169E-02
  1.0008E+01  1.1539E+01 -4.6440E-01
  1.0222E+01  1.1683E+01 -1.2003E-01
  1.0167E+01  1.1852E+01  1.2791E-01
  9.9953E+00  1.1526E+01  5.3017E-02
  9.9661E+00  1.1450E+01 -8.1587E-02
  1.0310E+01  1.1425E+01 -2.5173E-01
  1.0258E+01  1.1422E+01 -9.8285E-02
  1.0375E+01  1.1349E+01  7.6921E-02
  1.0321E+01  1.0965E+01 -1.4732E-01
  1.0361E+01  1.0859E+01 -2.1373E-01
  1.0652E+01  1.0735E+01 -8.2515E-02
  1.0504E+01  1.0519E+01  1.5737E-02
  1.0425E+01  1.0401E+01  1.2511E-01
  1.0566E+01  1.0326E+01  8.1972E-02
  1.0450E+01  1.0150E+01  2.1128E-01
  1.0613E+01  1.0312E+01  2.0465E-01
  1.0265E+01  1.0181E+01  2.0042E-01
  1.0172E+01  9.9898E+00  4.3979E-01
  1.0450E+01  1.0146E+01  4.6701E-01
  1.0300E+01  1.0153E+01  2.6088E-01
  1.0409E+01  1.0098E+01  1.8712E-01
  1.0178E+01  1.0083E+01  3.1219E-01
  1.0352E+01  1.0278E+01  3.2045E-01
  1.0241E+01  1.0293E+01  2.7088E-01
  1.0042E+01  1.0293E+01  4.1593E-01
  1.0600E+01  1.0536E+01  3.0705E-01
  1.0275E+01  1.0260E+01  1.5690E-01
  1.0236E+01  1.0058E+01  3.6043E-01
  1.0302E+01  1.0025E+01  1.9980E-01
  1.0341E+01  1.0060E+01  1.4394E-01
  1.0505E+01  1.0056E+01  3.8766E-01
  1.0622E+01  1.0190E+01  4.0982E-01
  1.0444E+01  1.0234E+01  6.3483E-01
  1.0396E+01  1.0306E+01  6.6279E-01
  1.0366E+01  1.0492E+01  9.2667E-01
  1.0332E+01  1.0501E+01  9.1870E-01
  1.0314E+01  1.0433E+01  9.2870E-01
  1.0119E+01  1.0384E+01  1.0775E+00
  9.8678E+00  1.0213E+01  1.0407E+00
  9.9581E+00  1.0415E+01  9.4721E-01
  1.0189E+01  1.0550E+01  7.3326E-01
  1.0269E+01  1.0591E+01  5.5771E-01
  1.0284E+01  1.0608E+01  5.7571E-01
  1.0405E+01  1.0560E+01  5.2383E-01
  1.0483E+01  1.0712E+01  3.2776E-01
  1.0632E+01  1.0607E+01  7.6168E-01
  1.0684E+01  1.0524E+01  5.9932E-01
  1.0527E+01  1.0572E+01  5.9627E-01
  1.0448E+01  1.0657E+01  6.6429E-01
  1.0206E+01  1.0456E+01  9.8112E-01
  1.0244E+01  1.0675E+01  1.0371E+00
  1.0305E+01  1.0755E+01  1.0892E+00
  1.0367E+01  1.1154E+01  7.9937E-01
  1.0541E+01  1.1428E+01  5.8096E-01
  1.0563E+01  1.1071E+01  6.7909E-01
  1.0485E+01  1.0975E+01  7.7008E-01
  1.0532E+01  1.0906E+01  5.8839E-01
  1.0596E+01  1.1123E+01  7.5945E-01
  1.0712E+01  1.1005E+01  4.9928E-01
  1.0640E+01  1.0881E+01  5.5039E-01
  1.0571E+01  1.0884E+01  8.1388E-01
  1.0521E+01  1.0942E+01  6.0502E-01
  1.0235E+01  1.0722E+01  8.4544E-01
  1.0134E+01  1.0670E+01  1.0929E+00
  1.0160E+01  1.0929E+01  5.7543E-01
  9.9881E+00  1.0849E+01  8.2943E-01
  9.8739E+00  1.0733E+01  5.3747E-01
  9.9738E+00  1.1017E+01  3.2147E-01
  9.8902E+00  1.1096E+01  3.2139E-01
  9.9565E+00  1.1141E+01  1.0443E-01
  1.0120E+01  1.1221E+01  1.6876E-01
  1.0477E+01  1.1520E+01  1.6106E-01
  1.0483E+01  1.1585E+01  2.8517E-01
  1.0369E+01  1.1487E+01  3.6576E-01
  1.0417E+01  1.1732E+01  4.9267E-01
  1.0139E+01  1.1485E+01  3.4806E-01
  9.8484E+00  1.1416E+01  2.1412E-01
  9.8879E+00  1.1832E+01  2.9505E-01
  9.5153E+00  1.1432E+01  6.1373E-01
  9.7508E+00  1.1529E+01  6.3871E-01
  9.8688E+00  1.1694E+01  7.1646E-01
  9.8332E+00  1.1569E+01  5.5539E-01
  9.9279E+00  1.1623E+01  4.6100E-01
  1.0070E+01  1.1678E+01  4.0259E-01
  9.8542E+00  1.1326E+01  2.6411E-01
  1.0080E+01  1.1385E+01  2.9037E-01
  1.0142E+01  1.1304E+01  3.2299E-01
  1.0203E+01  1.1425E+01  3.5129E-01
  1.0287E+01  1.1354E+01  3.8903E-01
  1.0273E+01  1.1320E+01  4.6768E-01
  1.0265E+01  1.1171E+01  4.1471E-01
  1.0272E+01  1.1195E+01  4.2257E-01
  1.0330E+01  1.1095E+01  4.2588E-01
  1.0435E+01  1.0903E+01  3.9437E-01
  1.0436E+01  1.0986E+01  4.7859E-01
  1.0275E+01  1.0790E+01  5.3592E-01
  1.0004E+01  1.0752E+01  6.9225E-01
  9.8912E+00  1.0749E+01  5.7833E-01
  9.9855E+00  1.0858E+01  4.6080E-01
  9.9735E+00  1.0807E+01  3.3017E-01
  1.0055E+01  1.0944E+01  3.1911E-01
  1.0127E+01  1.1084E+01  4.7234E-01
