 -1.2526E+01 -9.9724E+00  1.4881E-01
 -1.2283E+01 -1.0085E+01  1.3631E-01
 -1.2379E+01 -1.0052E+01  1.4108E-01
 -1.2212E+01 -1.0569E+01  1.9631E-01
 -1.2469E+01 -1.0187E+01  2.4665E-01
  1.2490E+01 -1.0101E+01  8.5292E-02
  1.2254E+01 -1.0266E+01 -1.7384E-01
  1.1959E+01 -1.0168E+01 -2.9419E-01
  1.2134E+01 -1.0358E+01 -1.8654E-01
  1.2152E+01 -1.0292E+01 -7.3532E-02
  1.2203E+01 -1.0393E+01  7.7579E-02
  1.2166E+01 -1.0384E+01  8.5706E-02
  1.2224E+01 -1.0463E+01  2.7518E-03
  1.2247E+01 -1.0548E+01 -4.2380E-02
  1.2201E+01 -1.0502E+01  1.5459E-03
  1.2083E+01 -1.0447E+01  7.2706E-02
  1.2073E+01 -1.0550E+01  9.7550E-02
  1.2134E+01 -1.0650E+01  4.5504E-02
  1.2116E+01 -1.0607E+01  7.2467E-03
  1.2079E+01 -1.0610E+01  9.3543E-02
  1.2065E+01 -1.0684E+01  2.6719E-01
  1.2084E+01 -1.0583E+01  4.1303E-01
  1.2124E+01 -1.0503E+01  3.6121E-01
  1.2044E+01 -1.0318E+01  1.3024E-01
  1.1720E+01 -1.0005E+01  6.2113E-02
  1.1561E+01 -9.9046E+00  8.5535E-02
  1.1661E+01 -9.9738E+00  4.3739E-01
  1.1618E+01 -1.0204E+01  6.6848E-01
  1.1080E+01 -1.0048E+01  9.1918E-01
  1.0923E+01 -9.7947E+00  7.5838E-01
  1.0866E+01 -9.8107E+00  5.2556E-01
  1.0947E+01 -9.9578E+00  2.6760E-01
  1.0916E+01 -1.0184E+01  1.2266E-01
  1.0753E+01 -1.0267E+01  7.1350E-02
  1.0057E+01 -1.0253E+01 -4.7231E-02
  9.5141E+00 -1.0758E+01 -1.5773E-01
  9.3305E+00 -1.0992E+01 -1.5162E-01
  8.9593E+00 -1.1154E+01 -1.5946E-01
  8.5365E+00 -1.1445E+01 -1.3017E-01
  8.6339E+00 -1.1356E+01 -1.2555E-01
  9.0473E+00 -1.1188E+01 -2.0576E-01
  9.2142E+00 -1.0979E+01 -1.5811E-01
  9.3091E+00 -1.0877E+01 -2.5598E-01
  9.4353E+00 -1.0855E+01 -3.2689E-01
  9.6239E+00 -1.0914E+01 -2.9932E-01
  9.7144E+00 -1.1022E+01 -4.5922E-01
  9.4853E+00 -1.0972E+01 -6.0666E-01
  9.1495E+00 -1.0906E+01 -6.2615E-01
  9.0399E+00 -1.0862E+01 -6.3097E-01
  9.0177E+00 -1.0934E+01 -6.7229E-01
  8.7258E+00 -1.0970E+01 -7.3695E-01
  8.5630E+00 -1.0749E+01 -5.0478E-01
  8.8933E+00 -1.0649E+01 -3.3869E-01
  9.3133E+00 -1.0701E+01 -1.6025E-01
  9.1388E+00 -1.0564E+01 -2.6364E-01
  8.9640E+00 -1.0299E+01 -1.5528E-01
  9.4244E+00 -1.0426E+01 -2.0011E-01
  9.4020E+00 -1.0471E+01 -2.8637E-01
  9.0282E+00 -1.0712E+01 -4.9962E-01
  9.4066E+00 -1.0945E+01 -8.5485E-01
  1.0070E+01 -1.0592E+01 -4.1839E-01
  1.0081E+01 -1.0301E+01 -3.7139E-01
  9.7878E+00 -1.0503E+01 -9.3468E-01
  9.7318E+00 -1.0360E+01 -7.1784E-01
  1.0243E+01 -1.0376E+01 -4.0988E-01
  1.0534E+01 -1.0625E+01 -3.0323E-01
  1.0344E+01 -1.0422E+01 -7.1603E-02
  1.0223E+01 -1.0361E+01  3.8170E-02
  1.0380E+01 -1.0496E+01  2.7300E-01
  1.0317E+01 -1.0547E+01  6.7014E-01
  1.0468E+01 -1.0686E+01  4.7695E-01
  1.0431E+01 -1.0794E+01  2.9605E-01
  1.0337E+01 -1.0800E+01  9.8479E-01
  1.0401E+01 -1.0805E+01  1.2097E+00
  1.0469E+01 -1.0808E+01  8.9719E-01
  1.0428E+01 -1.0843E+01  1.1326E+00
  1.0464E+01 -1.1277E+01  1.8638E+00
  1.0562E+01 -1.1483E+01  1.9999E+00
  1.0814E+01 -1.1281E+01  1.7820E+00
  1.1036E+01 -1.1566E+01  1.8131E+00
  1.0698E+01 -1.2147E+01  2.2794E+00
  1.0681E+01 -1.2243E+01  2.2753E+00
  1.1210E+01 -1.2076E+01  1.4489E+00
  1.1090E+01 -1.1578E+01  1.4022E+00
  1.0915E+01 -1.1886E+01  1.6807E+00
  1.0743E+01 -1.2041E+01  1.5631E+00
  1.0706E+01 -1.1331E+01  1.2210E+00
  1.0062E+01 -1.0768E+01  5.2477E-01
  9.6585E+00 -1.0592E+01  2.1603E-01
  9.7629E+00 -1.0540E+01  1.0944E-01
  9.6111E+00 -1.0462E+01  3.7389E-02
  9.4089E+00 -1.0308E+01 -2.2225E-02
  9.2005E+00 -1.0430E+01 -3.7213E-01
  9.1267E+00 -1.0519E+01 -4.9170E-01
  9.0305E+00 -1.0430E+01 -5.3599E-01
  8.7234E+00 -1.0564E+01 -8.1256E-01
  8.6764E+00 -1.0569E+01 -9.0196E-01
  8.7302E+00 -1.0443E+01 -9.0385E-01
  8.8448E+00 -1.0526E+01 -9.4645E-01
  9.1307E+00 -1.0597E+01 -1.0016E+00
  9.3819E+00 -1.0522E+01 -8.9132E-01
  9.3496E+00 -1.0411E+01 -6.6729E-01
  9.3503E+00 -1.0294E+01 -7.7030E-01
  9.6560E+00 -1.0041E+01 -5.3762E-01
  9.9494E+00 -1.0362E+01 -2.2587E-01
  9.9827E+00 -1.0331E+01 -1.3737E-01
  1.0116E+01 -1.0290E+01  1.0036E-01
  1.0102E+01 -1.0360E+01  6.4761E-01
  1.0076E+01 -1.0544E+01  1.0477E+00
  1.0237E+01 -1.0763E+01  1.2125E+00
  1.0165E+01 -1.0918E+01  1.6539E+00
  1.0099E+01 -1.1239E+01  1.8443E+00
  1.0309E+01 -1.1263E+01  1.4692E+00
  1.0256E+01 -1.0890E+01  1.2748E+00
  1.0233E+01 -1.1007E+01  1.6289E+00
  1.0042E+01 -1.1209E+01  1.7301E+00
  1.0068E+01 -1.0944E+01  1.3818E+00
  1.0085E+01 -1.0809E+01  1.1271E+00
  9.8402E+00 -1.0744E+01  1.5214E+00
  9.7734E+00 -1.0804E+01  1.5627E+00
  9.7915E+00 -1.0734E+01  1.3168E+00
  9.7316E+00 -1.0426E+01  1.2886E+00
  9.8805E+00 -1.0631E+01  1.3243E+00
  9.8314E+00 -1.0660E+01  1.2501E+00
  1.0093E+01 -1.0577E+01  7.9384E-01
  1.0205E+01 -1.0481E+01  6.7683E-01
  1.0209E+01 -1.0606E+01  5.3555E-01
  1.0185E+01 -1.0499E+01  1.0710E-01
  9.6796E+00 -1.0322E+01 -4.6093E-01
  9.7549E+00 -1.0626E+01 -8.0232E-01
  9.9800E+00 -1.0753E+01 -6.0291E-01
  9.6972E+00 -1.0598E+01 -5.4340E-01
  9.5466E+00 -1.0510E+01 -7.4865E-01
  9.9510E+00 -1.0441E+01 -4.2638E-01
  1.0204E+01 -1.0526E+01 -4.7254E-02
  1.0364E+01 -1.0547E+01 -3.7991E-01
  1.0170E+01 -1.0153E+01 -3.9898E-01
  9.8962E+00 -1.0046E+01 -3.5049E-01
  9.8589E+00 -1.0134E+01 -4.1554E-01
  9.5204E+00 -1.0123E+01 -4.1274E-01
  9.1855E+00 -1.0190E+01 -7.9966E-01
  8.7436E+00 -1.0575E+01 -1.3548E+00
  8.8900E+00 -1.0198E+01 -1.0161E+00
  9.1695E+00 -9.9758E+00 -2.1443E-01
  9.5441E+00 -9.9137E+00 -5.0355E-01
  9.1913E+00 -9.5836E+00 -5.2471E-01
  9.5391E+00 -9.6449E+00  2.3835E-02
  9.9089E+00 -1.0036E+01  5.8953E-01
  9.8707E+00 -1.0181E+01  2.6962E-01
  9.3793E+00 -1.0016E+01  3.7165E-02
  9.8366E+00 -1.0636E+01  1.1548E-01
  9.7401E+00 -1.1036E+01  6.7280E-01
  9.6514E+00 -1.0926E+01  5.6622E-01
  1.0042E+01 -1.0871E+01  2.1756E-01
  1.0296E+01 -1.0961E+01  6.2464E-01
  1.0168E+01 -1.1188E+01  9.9401E-01
  1.0499E+01 -1.1314E+01  5.5604E-01
  1.0341E+01 -1.0825E+01  9.4769E-02
  1.0178E+01 -1.0742E+01  2.9596E-01
  1.0415E+01 -1.1106E+01  6.9308E-01
  1.0501E+01 -1.1116E+01  4.7387E-01
  1.0445E+01 -1.0753E+01  2.4065E-02
  1.0612E+01 -1.0728E+01 -6.1793E-02
  1.0499E+01 -1.0731E+01  2.6000E-01
  1.0142E+01 -1.0539E+01 -3.3179E-02
  9.6964E+00 -1.0245E+01 -4.5973E-01
  9.3307E+00 -9.8064E+00 -1.6272E-01
  9.4735E+00 -1.0139E+01 -5.4643E-02
  9.1322E+00 -1.0127E+01  6.4667E-02
  8.7424E+00 -1.0192E+01 -5.2359E-01
  8.3996E+00 -1.0354E+01 -9.9880E-01
  8.5410E+00 -1.0328E+01 -1.0840E+00
  9.1285E+00 -1.0221E+01 -5.9153E-01
  9.4076E+00 -1.0027E+01 -5.8781E-01
  9.4697E+00 -1.0023E+01 -9.1501E-01
  9.4426E+00 -1.0048E+01 -9.1955E-01
  1.0081E+01 -1.0130E+01 -6.1364E-01
  1.0396E+01 -1.0442E+01  2.1952E-02
  1.0320E+01 -1.0541E+01  1.9233E-02
  9.8977E+00 -1.0238E+01  8.0274E-02
  1.0243E+01 -1.0586E+01  2.1281E-01
  1.0409E+01 -1.1309E+01  7.3601E-01
  1.0404E+01 -1.1375E+01  6.6079E-01
  1.0192E+01 -1.1092E+01  5.7889E-01
  1.0416E+01 -1.1437E+01  6.1125E-01
  1.0434E+01 -1.1835E+01  8.8315E-01
  1.0366E+01 -1.1558E+01  8.0964E-01
  1.0310E+01 -1.1371E+01  6.2521E-01
  1.0305E+01 -1.1352E+01  6.8962E-01
  1.0280E+01 -1.0909E+01  6.2333E-01
  1.0180E+01 -1.0529E+01  3.2729E-01
  9.9738E+00 -1.0261E+01  6.4088E-03
  9.8665E+00 -1.0349E+01 -5.7985E-01
  9.6798E+00 -1.0029E+01 -7.6153E-01
  9.5416E+00 -1.0176E+01 -9.1856E-01
  9.1760E+00 -1.0004E+01 -8.1310E-01
  8.9435E+00 -1.0167E+01 -1.0942E+00
  8.4989E+00 -1.0009E+01 -9.9489E-01
  8.3832E+00 -9.9202E+00 -8.3235E-01
  8.7303E+00 -1.0123E+01 -8.7538E-01
  8.5486E+00 -1.0074E+01 -6.8893E-01
  8.8448E+00 -1.0059E+01 -4.7964E-01
  9.3653E+00 -1.0293E+01  2.7759E-01
  9.3752E+00 -1.0161E+01  9.7813E-02
  9.3681E+00 -1.0326E+01 -4.1975E-01
  9.9528E+00 -1.0616E+01  3.5831E-01
  9.8390E+00 -1.0879E+01  8.7195E-01
  1.0035E+01 -1.0460E+01  4.1839E-01
  9.9390E+00 -1.0234E+01  4.4486E-01
  1.0045E+01 -1.0613E+01  1.0323E+00
  1.0084E+01 -1.0998E+01  1.1044E+00
  1.0016E+01 -1.0549E+01  8.7120E-01
  9.6624E+00 -1.0322E+01  4.2611E-01
  9.8631E+00 -1.0456E+01  5.0376E-01
  9.9819E+00 -1.1063E+01  9.5546E-01
  1.0038E+01 -1.0977E+01  8.8758E-01
  9.8505E+00 -1.0726E+01  2.8425E-01
  9.7334E+00 -1.0893E+01  2.3086E-01
  1.0017E+01 -1.1435E+01  7.0782E-01
  1.0119E+01 -1.1595E+01  8.1623E-01
  1.0168E+01 -1.1138E+01  3.5776E-01
  1.0311E+01 -1.0962E+01  4.9144E-01
  1.0287E+01 -1.1719E+01  7.9339E-01
  1.0067E+01 -1.1443E+01  1.1366E+00
  1.0112E+01 -1.0729E+01  1.7503E-01
  9.9544E+00 -1.0699E+01 -1.7242E-01
  1.0068E+01 -1.1044E+01  5.9762E-01
  1.0103E+01 -1.0827E+01  4.2534E-01
  9.3664E+00 -1.0261E+01 -6.4201E-01
  9.1092E+00 -1.0024E+01 -5.5584E-01
  9.6632E+00 -1.0264E+01  3.9528E-01
  9.4750E+00 -1.0274E+01  3.5514E-01
  8.8645E+00 -1.0110E+01 -4.2446E-01
  8.9637E+00 -1.0266E+01 -4.2564E-01
  8.9934E+00 -1.0536E+01  2.5275E-01
  8.7243E+00 -1.0543E+01  3.2428E-01
  8.8006E+00 -1.0541E+01 -2.2770E-02
  9.0439E+00 -1.0535E+01 -1.7796E-01
  9.2356E+00 -1.0469E+01 -2.1852E-01
  9.3314E+00 -1.0472E+01 -3.2905E-01
  9.3894E+00 -1.0476E+01 -3.3540E-01
  9.3875E+00 -1.0555E+01 -6.6514E-01
  8.8790E+00 -1.0293E+01 -8.2055E-01
  9.0686E+00 -1.0486E+01 -1.0222E+00
  9.4280E+00 -1.0811E+01 -9.9612E-01
  9.3324E+00 -1.0699E+01 -8.8112E-01
  9.3668E+00 -1.0684E+01 -1.0440E+00
  9.3323E+00 -1.0381E+01 -7.1543E-01
  9.2332E+00 -1.0386E+01 -2.7727E-01
  9.3049E+00 -1.0721E+01 -4.3990E-01
  9.1160E+00 -1.0434E+01 -1.5887E-01
  9.0961E+00 -1.0432E+01 -2.9759E-02
  9.0914E+00 -1.0462E+01  1.7517E-01
  9.0310E+00 -1.0497E+01  4.5289E-01
  9.1138E+00 -1.0765E+01  3.8937E-01
  9.1430E+00 -1.0729E+01  6.9121E-01
  9.4539E+00 -1.0707E+01  5.4127E-01
  9.5047E+00 -1.0491E+01  5.2884E-01
  9.4928E+00 -1.0408E+01  6.5136E-01
  9.8139E+00 -1.0579E+01  3.5786E-01
  9.6266E+00 -1.0052E+01  3.2493E-01
  9.7315E+00 -1.0064E+01  1.3382E-01
  9.9903E+00 -1.0239E+01  4.2165E-01
  9.7495E+00 -1.0117E+01  7.5895E-01
  9.8327E+00 -1.0258E+01  9.5895E-02
  9.6821E+00 -1.0159E+01  1.6567E-01
  9.8200E+00 -1.0529E+01  5.4311E-01
  9.8968E+00 -1.0698E+01  5.2640E-01
  9.5663E+00 -1.0588E+01  3.7304E-01
  9.5951E+00 -1.0799E+01  6.1709E-01
  9.6677E+00 -1.0994E+01  1.1391E+00
  9.8229E+00 -1.0912E+01  1.0127E+00
  9.7750E+00 -1.0641E+01  8.7414E-01
  9.9634E+00 -1.0764E+01  1.0467E+00
  1.0009E+01 -1.1098E+01  1.1904E+00
  9.9268E+00 -1.0977E+01  9.9686E-01
  9.9568E+00 -1.1005E+01  6.8537E-01
  9.9607E+00 -1.1006E+01  8.7545E-01
  1.0045E+01 -1.1263E+01  1.0408E+00
  9.9818E+00 -1.1089E+01  1.0807E+00
  9.6907E+00 -1.0585E+01  9.7478E-01
  9.5197E+00 -1.0403E+01  6.7720E-01
  9.6478E+00 -1.0542E+01  6.5246E-01
  9.5492E+00 -1.0514E+01  8.0002E-01
  9.3458E+00 -1.0156E+01  5.0005E-01
  9.1437E+00 -1.0055E+01  3.2257E-01
  9.3465E+00 -1.0379E+01  3.1441E-01
  9.4397E+00 -1.0378E+01  3.5816E-01
  8.9863E+00 -1.0361E+01 -5.1293E-02
  8.7271E+00 -1.0525E+01 -2.2237E-02
  8.9278E+00 -1.0440E+01  4.1478E-01
  8.8960E+00 -1.0551E+01  6.8450E-01
  8.8945E+00 -1.0659E+01  5.1550E-01
  8.8190E+00 -1.0454E+01  9.8895E-01
  9.2716E+00 -1.0793E+01  1.4391E+00
  9.5542E+00 -1.0860E+01  1.6718E+00
  9.6426E+00 -1.0346E+01  1.4859E+00
  9.6706E+00 -1.0262E+01  1.2842E+00
  1.0014E+01 -1.0247E+01  1.4370E+00
  9.9834E+00 -1.0050E+01  1.5232E+00
  9.8379E+00 -9.9767E+00  1.1049E+00
  9.8213E+00 -9.9604E+00  8.6139E-01
  1.0033E+01 -1.0363E+01  1.2503E+00
  9.5796E+00 -1.0302E+01  1.7756E+00
  9.6610E+00 -1.0435E+01  1.5919E+00
  9.5082E+00 -1.0690E+01  1.6644E+00
  9.4706E+00 -1.0973E+01  1.9547E+00
  9.4692E+00 -1.1225E+01  1.9265E+00
  9.4089E+00 -1.1269E+01  1.9179E+00
  9.3729E+00 -1.1467E+01  2.1924E+00
  9.3658E+00 -1.1933E+01  2.2349E+00
  9.3307E+00 -1.1834E+01  2.3512E+00
  9.5505E+00 -1.1650E+01  2.3168E+00
  9.6767E+00 -1.1727E+01  2.1818E+00
  9.7691E+00 -1.1677E+01  2.2170E+00
  9.8089E+00 -1.1580E+01  2.2079E+00
  9.8471E+00 -1.1691E+01  2.2303E+00
  9.8962E+00 -1.1486E+01  2.0166E+00
  1.0009E+01 -1.1670E+01  2.1339E+00
  9.9603E+00 -1.1911E+01  2.5955E+00
  1.0043E+01 -1.1854E+01  2.5576E+00
  9.8526E+00 -1.1503E+01  2.6524E+00
  9.8803E+00 -1.1867E+01  2.7770E+00
  9.5893E+00 -1.1880E+01  2.8501E+00
  9.2995E+00 -1.1845E+01  2.9791E+00
  9.5859E+00 -1.2412E+01  2.5773E+00
  9.1217E+00 -1.1993E+01  2.5310E+00
  9.4637E+00 -1.2119E+01  2.4129E+00
  9.3777E+00 -1.1714E+01  2.3224E+00
  9.4431E+00 -1.1492E+01  1.8452E+00
  9.6406E+00 -1.1311E+01  1.6366E+00
  9.3339E+00 -1.0967E+01  1.9690E+00
  9.5612E+00 -1.1170E+01  1.9655E+00
  9.6218E+00 -1.0706E+01  1.5184E+00
  9.5363E+00 -1.0808E+01  1.5297E+00
  9.2902E+00 -1.1120E+01  1.9297E+00
  9.3171E+00 -1.1139E+01  1.8264E+00
  9.2254E+00 -1.1192E+01  1.8603E+00
  8.7593E+00 -1.1179E+01  2.4682E+00
  8.6928E+00 -1.1518E+01  2.6604E+00
  8.8047E+00 -1.1551E+01  2.2905E+00
  8.6991E+00 -1.1878E+01  2.5848E+00
  8.4107E+00 -1.2586E+01  2.9739E+00
  8.5996E+00 -1.2281E+01  3.1051E+00
  8.7988E+00 -1.1690E+01  2.9274E+00
  9.0474E+00 -1.1829E+01  2.9333E+00
  9.1157E+00 -1.2160E+01  3.1113E+00
  9.5969E+00 -1.1365E+01  2.8839E+00
  9.5945E+00 -1.0905E+01  2.4771E+00
  9.4421E+00 -1.0964E+01  2.9943E+00
  9.1374E+00 -1.1316E+01  3.2298E+00
  9.5666E+00 -1.1159E+01  2.7275E+00
  9.1528E+00 -1.0849E+01  2.3524E+00
  9.1005E+00 -1.1354E+01  2.6871E+00
  8.9060E+00 -1.1703E+01  2.7725E+00
  8.7874E+00 -1.1364E+01  2.2195E+00
  8.8713E+00 -1.1216E+01  1.8750E+00
  8.6912E+00 -1.1345E+01  2.4745E+00
  8.4734E+00 -1.1605E+01  2.5279E+00
  8.9365E+00 -1.1227E+01  2.0587E+00
  8.9506E+00 -1.1191E+01  1.9220E+00
  8.6866E+00 -1.1282E+01  2.5355E+00
  8.9957E+00 -1.1364E+01  2.5963E+00
  8.9794E+00 -1.1337E+01  2.2114E+00
  8.7361E+00 -1.1545E+01  2.8272E+00
  9.0020E+00 -1.2241E+01  2.9139E+00
  8.7829E+00 -1.2041E+01  2.9551E+00
  8.7953E+00 -1.2183E+01  2.8793E+00
  8.8649E+00 -1.2338E+01  2.8416E+00
  8.5778E+00 -1.1814E+01  2.6889E+00
  8.5750E+00 -1.1468E+01  2.5422E+00
  8.3939E+00 -1.1273E+01  2.4875E+00
  8.5131E+00 -1.0799E+01  2.0111E+00
  8.7642E+00 -1.0387E+01  1.6979E+00
  8.7870E+00 -1.0334E+01  1.6073E+00
  8.7749E+00 -1.0154E+01  1.0537E+00
  8.4389E+00 -9.8070E+00  3.2647E-01
  8.3263E+00 -1.0053E+01  4.3811E-02
  8.3626E+00 -1.0071E+01  3.8309E-01
  8.2424E+00 -1.0076E+01  4.2694E-01
  7.7562E+00 -1.0194E+01  1.1656E-01
  8.0125E+00 -1.0247E+01  1.5807E-01
  8.1519E+00 -1.0293E+01  8.1531E-01
  8.2796E+00 -1.0444E+01  7.4243E-01
  8.5733E+00 -1.0690E+01  4.8925E-01
  8.3199E+00 -1.0461E+01  9.2785E-01
  8.3812E+00 -1.0445E+01  1.6916E+00
  8.7513E+00 -1.0890E+01  1.8361E+00
  8.4371E+00 -1.0991E+01  1.8983E+00
  8.6007E+00 -1.1508E+01  2.3619E+00
  8.5707E+00 -1.2311E+01  2.8260E+00
  8.3029E+00 -1.2318E+01  3.0044E+00
  8.4905E+00 -1.2254E+01  2.8441E+00
  8.5645E+00 -1.2057E+01  2.7387E+00
  8.6421E+00 -1.1857E+01  2.6005E+00
  8.8548E+00 -1.1652E+01  2.3063E+00
  9.0022E+00 -1.1596E+01  1.9285E+00
  8.7347E+00 -1.1006E+01  1.4625E+00
  8.6054E+00 -1.0852E+01  1.6616E+00
  8.5104E+00 -1.1137E+01  1.4348E+00
