  2.5879E+00  5.6706E+00 -8.7286E-01
  2.3735E+00  5.6140E+00 -9.5252E-01
  1.8808E+00  6.0721E+00 -1.1464E+00
  1.3720E+00  6.1999E+00 -1.1447E+00
  1.2118E+00  5.9046E+00 -1.2145E+00
  1.3059E+00  6.0232E+00 -1.2971E+00
  1.2851E+00  5.9742E+00 -1.3021E+00
  1.2139E+00  5.8785E+00 -1.2143E+00
  1.3209E+00  6.0584E+00 -1.2140E+00
  1.4745E+00  6.0723E+00 -1.2495E+00
  1.4900E+00  6.0824E+00 -1.2380E+00
  1.5586E+00  6.1589E+00 -1.2642E+00
  1.6551E+00  6.2505E+00 -1.3597E+00
  1.6172E+00  6.1932E+00 -1.3948E+00
  1.4569E+00  6.2338E+00 -1.3994E+00
  1.4194E+00  6.2531E+00 -1.4907E+00
  1.4064E+00  6.2685E+00 -1.5847E+00
  1.2834E+00  6.2793E+00 -1.6285E+00
  1.1829E+00  6.3621E+00 -1.6346E+00
  1.2739E+00  6.5006E+00 -1.7748E+00
  1.3728E+00  6.6054E+00 -1.7735E+00
  1.3533E+00  6.7047E+00 -1.7408E+00
  1.7028E+00  6.8506E+00 -1.8611E+00
  2.2054E+00  7.0727E+00 -1.8166E+00
  2.3281E+00  7.0509E+00 -1.7960E+00
  2.5596E+00  7.1119E+00 -1.7294E+00
  3.2147E+00  7.5933E+00 -1.5243E+00
  4.0044E+00  7.9850E+00 -3.9456E-01
  4.2677E+00  8.1965E+00 -1.7179E-01
  3.6716E+00  8.2207E+00 -5.1203E-01
  3.3682E+00  8.0998E+00 -2.5984E-01
  3.2461E+00  8.1239E+00 -2.8224E-01
  3.0845E+00  8.0997E+00  2.1408E-01
  3.3113E+00  8.1363E+00  6.4763E-02
  3.0595E+00  8.2998E+00  3.1779E-01
  3.2240E+00  8.4357E+00  3.8818E-01
  3.5077E+00  8.5841E+00  5.8309E-01
  3.7932E+00  8.3840E+00  6.2941E-01
  3.5558E+00  8.3489E+00  6.8874E-01
  3.7245E+00  8.4300E+00  6.7339E-01
  3.9240E+00  8.5198E+00  6.3412E-01
  3.8167E+00  8.4810E+00  6.1007E-01
  3.7424E+00  8.4698E+00  4.8215E-01
  3.7357E+00  8.4513E+00  3.9372E-01
  3.7422E+00  8.4999E+00  2.8423E-01
  3.6358E+00  8.5208E+00  3.1694E-01
  3.4698E+00  8.4763E+00  2.8963E-01
  3.2566E+00  8.4218E+00  2.3834E-01
  3.0877E+00  8.3708E+00  2.8595E-01
  3.3284E+00  8.3671E+00  3.8995E-01
  3.1999E+00  8.1517E+00  7.1995E-01
  3.4644E+00  8.3370E+00  4.8745E-01
  3.0157E+00  7.9799E+00  8.5940E-01
  2.4461E+00  7.9696E+00  3.1443E-01
  2.4631E+00  7.8517E+00  3.2415E-01
  2.6460E+00  7.9799E+00  1.9445E-01
  2.7433E+00  7.9392E+00 -8.6943E-03
  2.7268E+00  7.6609E+00 -2.5183E-01
  2.8399E+00  7.4489E+00 -3.2024E-01
  2.8375E+00  7.3487E+00 -4.7407E-01
  3.1728E+00  7.0577E+00 -4.4709E-01
  2.8883E+00  6.6854E+00 -5.2924E-01
  2.8415E+00  6.4304E+00 -2.1681E-01
  3.1412E+00  6.5671E+00 -1.9406E-01
  3.1848E+00  6.7772E+00  3.0536E-01
  3.3772E+00  6.7784E+00 -9.4604E-02
  3.8672E+00  7.0484E+00  3.0796E-01
  3.8050E+00  7.3108E+00  2.9672E-01
  3.7202E+00  7.2545E+00  1.1245E-01
  3.5656E+00  7.1305E+00 -2.0844E-01
  3.0839E+00  6.9097E+00 -1.9763E-01
  3.1945E+00  6.9678E+00 -6.7673E-01
  3.3938E+00  7.3126E+00  6.9313E-02
  3.5467E+00  7.1966E+00  3.2851E-01
  3.3641E+00  7.2340E+00 -1.1221E-01
  3.5494E+00  7.3428E+00 -2.8930E-01
  3.1810E+00  7.2408E+00 -3.5833E-01
  3.4473E+00  7.1922E+00 -5.1766E-01
  3.3737E+00  7.1634E+00 -4.4806E-01
  3.2689E+00  7.2387E+00 -6.3571E-01
  3.3337E+00  7.2927E+00 -8.4992E-01
  3.0152E+00  7.0759E+00 -7.7508E-01
  3.2253E+00  6.9350E+00 -5.5988E-01
  3.3611E+00  7.1231E+00 -5.1688E-01
  3.4380E+00  7.2862E+00 -5.1716E-01
  3.2665E+00  7.2855E+00 -5.7999E-01
  3.3961E+00  7.3172E+00 -6.4368E-01
  3.4424E+00  7.3112E+00 -5.9787E-01
  3.7572E+00  7.2422E+00 -5.8964E-01
  3.9404E+00  7.0860E+00 -4.6299E-01
  3.6371E+00  6.9807E+00 -3.3562E-01
  3.5321E+00  6.8666E+00 -3.7795E-01
  3.4120E+00  6.7346E+00 -2.7193E-01
  3.3909E+00  6.7285E+00 -1.0415E-01
  3.4162E+00  6.8390E+00 -1.0681E-01
  3.3692E+00  6.7933E+00 -1.1655E-01
  3.2970E+00  6.8724E+00 -1.3863E-01
  3.2078E+00  7.1576E+00  4.4053E-02
  3.4784E+00  7.2215E+00  1.8199E-01
  3.5051E+00  7.2393E+00 -1.1462E-01
  3.5366E+00  7.3028E+00 -1.3530E-01
  3.6914E+00  7.4504E+00 -6.7910E-02
  3.3103E+00  7.2210E+00  8.1414E-02
  3.4065E+00  6.9084E+00  1.3542E-01
  3.3440E+00  6.8897E+00 -3.9743E-01
  3.4584E+00  6.9561E+00 -6.3398E-01
  3.5658E+00  6.8949E+00 -5.9744E-01
  3.6603E+00  6.7544E+00 -6.0474E-01
  3.5416E+00  6.8902E+00 -6.1644E-01
  3.6259E+00  7.0736E+00 -5.3180E-01
  3.5593E+00  7.1784E+00 -8.9219E-01
  3.9118E+00  7.1801E+00 -8.9585E-01
  3.4463E+00  7.1186E+00 -5.7788E-01
  3.5010E+00  7.3814E+00 -5.3670E-01
  3.7152E+00  7.3413E+00 -2.9939E-01
  3.3367E+00  7.0004E+00 -2.2982E-01
  3.3877E+00  7.3099E+00 -2.9511E-01
  3.6424E+00  7.4761E+00 -9.3406E-02
  3.4252E+00  7.4064E+00 -2.6370E-01
  3.5545E+00  7.4082E+00 -1.8325E-01
  3.8441E+00  7.3300E+00 -1.1556E-01
  3.6681E+00  7.3989E+00 -3.3619E-01
  3.5643E+00  7.2930E+00 -4.6871E-01
  3.6108E+00  7.0443E+00 -3.3967E-01
  3.3986E+00  7.0553E+00 -2.6708E-01
  3.4560E+00  7.1767E+00 -1.9741E-01
  3.4167E+00  7.1981E+00 -3.5530E-01
  3.3794E+00  7.2069E+00 -2.5989E-01
  3.4767E+00  7.1115E+00 -2.0997E-01
  3.3277E+00  6.9580E+00 -3.2575E-01
  3.5250E+00  6.9097E+00 -2.3602E-01
  3.6586E+00  6.8506E+00 -2.2929E-02
  3.5255E+00  6.8952E+00  3.2522E-02
  3.6473E+00  6.9342E+00  1.3015E-01
  3.6010E+00  7.1133E+00  2.3520E-01
  3.6462E+00  7.0306E+00  1.8014E-01
  3.7306E+00  7.1805E+00 -8.7044E-02
  3.4610E+00  7.1848E+00 -2.1563E-01
  3.3003E+00  7.0999E+00 -1.2190E-01
  3.6453E+00  7.2167E+00 -8.9020E-02
  3.3795E+00  7.2126E+00 -4.2441E-02
  3.3209E+00  7.1476E+00 -1.2739E-01
  3.2443E+00  7.0249E+00 -3.4873E-02
  3.3817E+00  7.2578E+00 -6.9000E-01
  3.5921E+00  7.3979E+00 -5.1746E-01
  3.5011E+00  7.2257E+00 -2.3083E-01
  3.4424E+00  7.1700E+00 -2.3736E-01
  3.3814E+00  7.0139E+00 -2.2323E-01
  3.6816E+00  7.0972E+00 -4.2009E-01
  3.6689E+00  7.0916E+00 -7.7630E-01
  3.7736E+00  6.9386E+00 -8.2855E-01
  3.4774E+00  6.7058E+00 -3.7807E-01
  3.4925E+00  6.8317E+00 -2.3121E-01
  3.5508E+00  6.9992E+00 -2.9415E-01
  3.5089E+00  7.0091E+00 -5.2605E-01
  3.4501E+00  7.0815E+00 -2.8828E-01
  3.6971E+00  7.2259E+00 -1.6368E-01
  3.6939E+00  7.2494E+00  2.3050E-02
  3.6848E+00  7.1337E+00  1.0591E-02
  3.6795E+00  6.9418E+00 -8.3783E-02
  3.7182E+00  6.9749E+00  3.9306E-01
  4.0715E+00  6.9038E+00  4.0035E-01
  3.6493E+00  6.8908E+00  5.6096E-01
  3.5068E+00  6.8068E+00  3.6257E-01
  3.5612E+00  6.9619E+00  5.5328E-01
  3.9022E+00  7.2454E+00  5.3515E-01
  3.9406E+00  7.4964E+00  5.7857E-01
  3.9890E+00  7.6562E+00  5.0625E-01
  4.0453E+00  7.6933E+00  3.3252E-01
  3.9738E+00  7.5248E+00  4.9290E-01
  3.8269E+00  7.3054E+00  6.1266E-01
  3.4970E+00  7.0230E+00  6.7736E-01
  3.6387E+00  7.1434E+00  4.3735E-01
  4.0028E+00  7.4538E+00  5.6246E-01
  3.8018E+00  6.9254E+00  1.2888E-01
  3.7807E+00  7.3211E+00  8.5929E-01
  3.8364E+00  7.2021E+00  5.2873E-01
  4.1133E+00  7.2062E+00  4.0556E-01
  3.8132E+00  7.1841E+00  5.7897E-01
  3.9989E+00  7.1980E+00  3.3050E-01
  3.8012E+00  6.9396E+00  3.0558E-01
  3.4608E+00  6.7632E+00  3.9600E-01
  3.9246E+00  7.2403E+00  4.7141E-01
  3.4326E+00  7.1600E+00  4.8342E-01
  3.7664E+00  7.3060E+00  2.8416E-01
  3.8316E+00  7.4749E+00  2.8780E-01
  3.6473E+00  7.3218E+00  3.8192E-01
  3.9571E+00  7.2946E+00  3.2582E-01
  4.0438E+00  7.2046E+00  3.5720E-01
  3.8992E+00  7.0930E+00  4.0733E-01
  3.6786E+00  7.0137E+00  4.0218E-01
  3.5649E+00  6.9423E+00  4.1960E-01
  3.6696E+00  7.0668E+00  6.4471E-01
  3.8316E+00  7.1550E+00  5.5040E-01
  3.8416E+00  7.4351E+00  6.9066E-01
  3.8749E+00  7.4466E+00  5.6064E-01
  3.8839E+00  7.4054E+00  7.2317E-01
  3.9718E+00  7.4320E+00  7.5688E-01
  3.8152E+00  7.3069E+00  6.1251E-01
  3.9152E+00  7.1963E+00  4.0769E-01
  4.2748E+00  7.4340E+00  3.8348E-01
  3.8757E+00  7.3147E+00  9.6423E-01
  3.9741E+00  7.0587E+00  1.0218E+00
  3.9002E+00  6.9697E+00  1.0943E+00
  3.9438E+00  6.9229E+00  8.5361E-01
  3.7879E+00  6.8008E+00  8.2041E-01
  3.8828E+00  6.7689E+00  8.5443E-01
  3.7587E+00  6.7073E+00  7.0370E-01
  4.0439E+00  7.0831E+00  6.5190E-01
  3.9188E+00  6.9486E+00  5.1355E-01
  4.0515E+00  6.9092E+00  4.3825E-01
  4.1562E+00  6.9701E+00  4.7588E-01
  4.1491E+00  7.0444E+00  4.9402E-01
  4.2428E+00  7.3208E+00  5.8594E-01
  4.3718E+00  7.2263E+00  4.2062E-01
  4.2022E+00  7.0375E+00  5.5939E-01
  4.4064E+00  7.1635E+00  5.0344E-01
  4.4712E+00  7.2035E+00  3.1776E-01
  4.3241E+00  7.1451E+00  3.7322E-01
  4.4494E+00  7.0854E+00  3.6699E-01
  4.1245E+00  6.8303E+00  2.8523E-01
  4.2349E+00  7.0928E+00  6.5806E-01
  4.3013E+00  6.9365E+00  4.5583E-01
  3.9828E+00  6.8674E+00  4.3359E-01
  4.0759E+00  6.9730E+00  6.5580E-01
  4.2191E+00  6.7801E+00  6.0599E-01
  4.1129E+00  6.7259E+00  2.3075E-01
  4.1895E+00  6.7875E+00  5.5518E-01
  4.2819E+00  6.8571E+00  5.0092E-01
  4.3632E+00  6.9799E+00  1.5402E-01
  4.3155E+00  6.9201E+00  1.2477E-02
  3.9858E+00  6.7444E+00  4.5924E-01
  4.2826E+00  6.8821E+00  5.1706E-01
  4.1624E+00  6.9623E+00  8.1042E-01
  4.3260E+00  7.0593E+00  6.4869E-01
  4.3586E+00  7.1866E+00  7.4999E-01
  4.2350E+00  7.2677E+00  5.8442E-01
  4.1702E+00  7.2967E+00  9.6910E-01
  4.3848E+00  7.3862E+00  1.1687E+00
  3.8659E+00  6.8865E+00  8.1838E-01
  3.9388E+00  7.1568E+00  8.9279E-01
  3.6995E+00  6.9927E+00  5.4797E-01
  3.5379E+00  6.8402E+00  1.1038E+00
  3.4798E+00  6.5761E+00  7.0022E-01
  3.8760E+00  6.7687E+00  6.3829E-01
  3.4566E+00  6.6316E+00  8.0718E-01
  3.3854E+00  6.8332E+00  7.9210E-01
  3.7131E+00  6.9608E+00  5.6288E-01
  3.4654E+00  6.9229E+00  8.8942E-01
  3.6863E+00  7.1639E+00  4.4106E-01
  3.6326E+00  7.0334E+00  6.4913E-01
  3.5746E+00  6.9795E+00  7.2522E-01
  3.7835E+00  7.0508E+00  4.1914E-01
  3.9873E+00  7.3227E+00  5.9012E-01
  4.2820E+00  7.3261E+00  4.1645E-01
  4.0274E+00  7.3287E+00  4.1448E-01
  4.0654E+00  7.3075E+00  5.7603E-01
  4.0953E+00  7.1588E+00  5.9838E-01
  3.9414E+00  7.1992E+00  9.8283E-01
  3.7710E+00  6.9757E+00  9.7555E-01
  4.2077E+00  6.7353E+00  6.6042E-01
  3.8058E+00  6.7236E+00  1.0657E+00
  3.4999E+00  6.4052E+00  1.3721E+00
  4.1123E+00  6.3827E+00  7.6969E-01
  4.0249E+00  6.4226E+00  7.9866E-01
  3.8261E+00  6.3861E+00  1.1316E+00
  4.2690E+00  6.2218E+00  8.2826E-01
  3.8851E+00  5.9064E+00  9.8283E-01
  3.6732E+00  5.8327E+00  1.0714E+00
  4.1239E+00  6.2358E+00  7.6152E-01
  3.7815E+00  6.3200E+00  8.6689E-01
  3.8454E+00  6.2469E+00  7.9662E-01
  3.9935E+00  6.4460E+00  7.2542E-01
  3.8687E+00  6.4569E+00  8.4418E-01
  3.9149E+00  6.2893E+00  8.4288E-01
  4.1802E+00  6.5291E+00  6.9917E-01
  4.2700E+00  6.7075E+00  7.4433E-01
  4.0793E+00  6.4470E+00  6.8431E-01
  4.2838E+00  6.7612E+00  8.2338E-01
  4.2420E+00  6.9239E+00  6.4170E-01
  4.2601E+00  7.0788E+00  6.0545E-01
  4.4084E+00  7.0494E+00  3.9481E-01
  4.5675E+00  7.2643E+00  3.8143E-01
  5.0980E+00  7.5707E+00  3.0034E-01
  4.8565E+00  7.3408E+00  1.2814E-01
  4.7918E+00  7.3341E+00  1.2227E-01
  4.7960E+00  7.4528E+00  3.7047E-01
  4.6845E+00  7.2556E+00  2.9371E-01
  4.1719E+00  6.9041E+00  2.1113E-01
  4.0504E+00  7.0692E+00  3.0093E-01
  4.0300E+00  7.1413E+00  3.3438E-01
  3.8116E+00  7.0873E+00  5.5477E-01
  3.6941E+00  6.8991E+00  4.6554E-01
  4.0456E+00  6.9216E+00  5.0649E-02
  3.9354E+00  6.9434E+00  2.6217E-01
  4.1599E+00  6.9326E+00  2.5738E-01
  4.2533E+00  6.9304E+00  2.7530E-02
  4.3174E+00  6.9812E+00  2.6660E-01
  4.6151E+00  7.0735E+00  3.1002E-01
  4.4139E+00  6.9810E+00  6.5306E-01
  4.5222E+00  6.9851E+00  8.6696E-01
  4.6509E+00  6.9754E+00  9.5498E-01
  4.4879E+00  6.8304E+00  1.0989E+00
  4.5443E+00  6.9010E+00  1.1737E+00
  4.8224E+00  6.7807E+00  1.0724E+00
  4.6995E+00  6.6003E+00  1.4175E+00
  4.5794E+00  6.2927E+00  1.3641E+00
  4.8420E+00  6.5498E+00  9.9982E-01
  4.6739E+00  6.7535E+00  1.2852E+00
  4.7259E+00  6.6964E+00  1.1847E+00
  4.7296E+00  6.5166E+00  1.2298E+00
  4.6915E+00  6.2680E+00  1.3811E+00
  4.8281E+00  6.7245E+00  1.2435E+00
  4.9124E+00  6.7631E+00  1.4242E+00
  5.1493E+00  6.4737E+00  1.8061E+00
  5.3881E+00  5.9435E+00  1.9114E+00
  5.6994E+00  5.7511E+00  2.6002E+00
  6.6407E+00  5.2827E+00  2.9428E+00
  6.7524E+00  5.1316E+00  3.2208E+00
  6.9006E+00  4.9352E+00  3.4881E+00
  6.9841E+00  5.1174E+00  4.0322E+00
  7.4123E+00  5.0020E+00  4.1695E+00
  7.3045E+00  5.1176E+00  4.3346E+00
  7.1502E+00  4.9510E+00  4.0466E+00
  7.2831E+00  5.0581E+00  4.1081E+00
  7.3997E+00  5.1138E+00  3.9089E+00
  6.6090E+00  5.3176E+00  3.7018E+00
  6.3552E+00  5.3773E+00  3.4790E+00
  6.3562E+00  5.4139E+00  3.4562E+00
  5.7693E+00  6.0349E+00  2.9696E+00
  5.7630E+00  6.4333E+00  2.3223E+00
  5.5327E+00  6.2365E+00  2.7091E+00
  5.4383E+00  6.3485E+00  2.8263E+00
  5.2945E+00  6.2970E+00  2.7357E+00
  5.6195E+00  6.7682E+00  2.7242E+00
  5.1424E+00  6.2099E+00  2.8379E+00
  5.3428E+00  6.2696E+00  3.3362E+00
  5.4133E+00  6.8388E+00  2.5735E+00
  5.0975E+00  6.3832E+00  3.2659E+00
  5.1150E+00  6.9372E+00  2.7961E+00
  4.9993E+00  6.7447E+00  2.7858E+00
  5.1929E+00  6.6685E+00  2.6069E+00
  5.2860E+00  6.5664E+00  2.7106E+00
  5.2423E+00  6.6790E+00  2.6396E+00
  5.2473E+00  6.7717E+00  2.6163E+00
  5.1996E+00  6.5656E+00  2.6419E+00
  5.2600E+00  6.7980E+00  2.3953E+00
  5.1782E+00  6.9347E+00  2.5781E+00
  5.1825E+00  6.9488E+00  2.4855E+00
  5.1124E+00  6.8169E+00  2.4965E+00
  4.9066E+00  6.6756E+00  2.5560E+00
  4.6961E+00  6.7439E+00  2.4498E+00
  4.5627E+00  6.6718E+00  2.5144E+00
  4.6193E+00  6.5509E+00  2.4300E+00
  4.5816E+00  6.6164E+00  2.3595E+00
  4.4304E+00  6.6677E+00  2.5951E+00
  4.4165E+00  6.6014E+00  2.7073E+00
  4.4903E+00  6.5654E+00  2.9939E+00
  4.4216E+00  6.5947E+00  2.8764E+00
  4.4580E+00  6.6579E+00  2.7939E+00
  4.6217E+00  6.5193E+00  3.1780E+00
  4.7497E+00  6.4231E+00  3.2639E+00
  4.7971E+00  6.4889E+00  3.3266E+00
  4.9322E+00  6.6827E+00  3.2002E+00
  5.0494E+00  6.5383E+00  3.2043E+00
  5.1050E+00  6.4529E+00  3.1043E+00
  5.1459E+00  6.5764E+00  3.1018E+00
  5.3775E+00  6.5881E+00  3.1748E+00
  5.6199E+00  6.4176E+00  2.9322E+00
  5.6029E+00  6.3340E+00  3.0148E+00
  5.6038E+00  6.3566E+00  3.0548E+00
  5.8247E+00  6.1827E+00  2.8084E+00
  5.6929E+00  5.8804E+00  2.6082E+00
  5.5299E+00  6.2979E+00  2.5121E+00
  5.6464E+00  6.2047E+00  2.6176E+00
  5.3261E+00  5.8174E+00  2.6908E+00
  5.3182E+00  6.3455E+00  2.3651E+00
  5.2710E+00  6.6949E+00  2.3713E+00
  5.3258E+00  6.5348E+00  2.6472E+00
  5.3160E+00  6.4672E+00  2.4701E+00
  5.2933E+00  6.5783E+00  2.3723E+00
  5.1833E+00  6.3562E+00  2.5408E+00
  5.2113E+00  6.2409E+00  2.5280E+00
  5.2000E+00  6.2922E+00  2.3595E+00
  5.1011E+00  6.3378E+00  2.6540E+00
  5.1352E+00  6.5212E+00  2.6805E+00
  5.0945E+00  6.4466E+00  2.5599E+00
  5.2519E+00  6.4956E+00  2.6825E+00
  5.4707E+00  6.6786E+00  2.7648E+00
  5.5276E+00  6.5120E+00  2.6935E+00
  5.5827E+00  6.4154E+00  2.6651E+00
  5.6538E+00  6.5648E+00  2.8053E+00
  5.7517E+00  6.5611E+00  2.8626E+00
  5.7175E+00  6.5493E+00  2.6690E+00
  5.4575E+00  6.5961E+00  2.4681E+00
  5.5696E+00  6.6009E+00  2.7819E+00
  5.5778E+00  6.5338E+00  2.4995E+00
  5.5489E+00  6.3331E+00  2.6373E+00
  5.4442E+00  6.4352E+00  2.7424E+00
  5.1778E+00  6.3716E+00  2.7521E+00
