  2.4876E+00  9.5993E+00  4.7181E-01
  2.1960E+00  9.4788E+00 -1.8141E-01
  2.7929E+00  9.1795E+00 -8.5814E-02
  2.5585E+00  9.2577E+00  5.5359E-01
  2.4105E+00  9.0215E+00  5.1790E-01
  1.9143E+00  9.1242E+00  3.8494E-01
  1.7565E+00  9.1777E+00  3.0019E-01
  1.7560E+00  9.2207E+00  3.5679E-01
  1.9273E+00  9.1736E+00  2.9978E-01
  1.9697E+00  9.2091E+00  3.2574E-01
  2.0910E+00  9.1689E+00  3.4193E-01
  2.2324E+00  9.1094E+00  3.2631E-01
  2.3737E+00  9.0896E+00  3.7565E-01
  2.4848E+00  9.0358E+00  3.8661E-01
  2.5572E+00  9.0835E+00  4.0013E-01
  2.5981E+00  9.1311E+00  4.4403E-01
  2.5940E+00  9.0168E+00  4.4623E-01
  2.6318E+00  8.9547E+00  4.9111E-01
  2.6031E+00  8.9341E+00  5.5445E-01
  2.6218E+00  9.0060E+00  5.1632E-01
  2.6370E+00  9.0393E+00  4.8634E-01
  2.6468E+00  9.0783E+00  5.1356E-01
  2.5815E+00  9.1022E+00  5.3013E-01
  2.4948E+00  9.1395E+00  5.2343E-01
  2.3570E+00  9.2587E+00  5.6232E-01
  2.1886E+00  9.4364E+00  4.5979E-01
  2.1022E+00  9.6270E+00  2.9293E-01
  1.7391E+00  9.7060E+00  3.2439E-01
  1.6276E+00  9.8337E+00  3.6970E-02
  1.7647E+00  9.8346E+00  1.2771E-02
  1.5497E+00  1.0479E+01 -5.3964E-01
  1.6179E+00  1.0752E+01 -8.1585E-01
  1.8955E+00  1.0455E+01 -6.9298E-01
  1.9138E+00  1.0653E+01 -7.9742E-01
  2.0515E+00  1.0599E+01 -1.0229E+00
  2.2224E+00  1.0506E+01 -9.2434E-01
  2.2768E+00  1.0492E+01 -8.5928E-01
  2.3456E+00  1.0529E+01 -8.8352E-01
  2.6136E+00  1.0351E+01 -7.9223E-01
  2.8004E+00  1.0482E+01 -1.0030E+00
  2.8036E+00  1.0533E+01 -9.5713E-01
  2.8193E+00  1.0529E+01 -9.7181E-01
  3.0768E+00  1.0563E+01 -1.1006E+00
  3.2853E+00  1.0709E+01 -1.1934E+00
  3.2239E+00  1.0709E+01 -1.2311E+00
  3.2619E+00  1.0796E+01 -1.3593E+00
  3.3856E+00  1.0766E+01 -1.2620E+00
  3.1921E+00  1.0606E+01 -1.4034E+00
  3.4370E+00  1.0664E+01 -1.3181E+00
  3.5431E+00  1.0610E+01 -9.0333E-01
  3.3992E+00  1.0616E+01 -8.4358E-01
  3.3526E+00  1.0405E+01 -7.7925E-01
  3.2772E+00  1.0482E+01 -1.0636E+00
  3.5114E+00  1.0257E+01 -5.5672E-01
  3.3341E+00  1.0025E+01 -6.4760E-01
  3.7372E+00  9.9225E+00 -5.3601E-01
  4.1649E+00  9.4714E+00 -6.5109E-01
  4.5119E+00  9.2902E+00 -7.5753E-01
  4.5495E+00  9.2100E+00 -1.3614E+00
  4.9868E+00  8.8148E+00 -1.1713E+00
  4.9284E+00  9.0467E+00 -5.2842E-01
  5.0779E+00  8.7614E+00 -3.0332E-01
  4.8837E+00  8.8466E+00 -6.9189E-01
  4.9705E+00  8.8696E+00 -3.4488E-01
  4.8459E+00  8.9258E+00 -8.0200E-01
  4.8200E+00  9.1233E+00 -5.4312E-01
  4.7706E+00  9.0597E+00 -7.3417E-01
  4.6332E+00  9.4075E+00 -8.4622E-01
  4.7715E+00  9.2738E+00 -9.1725E-01
  4.6572E+00  9.3587E+00 -7.7560E-01
  4.7471E+00  9.2205E+00 -9.3112E-01
  4.9799E+00  8.9873E+00 -9.0752E-01
  5.0295E+00  8.8848E+00 -5.1323E-01
  5.0262E+00  8.6544E+00 -3.6331E-01
  4.9791E+00  8.7754E+00 -2.5987E-01
  5.3239E+00  8.5325E+00 -1.4384E-01
  5.1715E+00  8.8228E+00 -3.1959E-01
  5.4477E+00  8.3100E+00  1.2491E-02
  5.1811E+00  8.7911E+00 -6.8770E-02
  5.5563E+00  8.5297E+00 -5.7284E-02
  5.2857E+00  8.8159E+00 -6.4193E-02
  5.0326E+00  8.6923E+00 -1.5473E-01
  5.0427E+00  8.7907E+00 -1.7987E-01
  5.3914E+00  8.5574E+00 -6.0526E-01
  5.1356E+00  8.9375E+00 -7.0900E-01
  4.9262E+00  8.9851E+00 -1.1160E+00
  4.7313E+00  9.2083E+00 -9.5280E-01
  4.8425E+00  9.2896E+00 -1.1717E+00
  4.8545E+00  9.5311E+00 -1.4338E+00
  4.7749E+00  9.4382E+00 -1.0614E+00
  4.8566E+00  9.2502E+00 -8.5547E-01
  4.8458E+00  9.1833E+00 -1.0144E+00
  4.6768E+00  9.1965E+00 -9.5410E-01
  4.6577E+00  9.0328E+00 -6.5630E-01
  4.5924E+00  9.0697E+00 -5.2214E-01
  4.5301E+00  9.0828E+00 -7.6041E-01
  4.5995E+00  8.9795E+00 -1.0073E+00
  4.7164E+00  8.9849E+00 -9.1817E-01
  4.6829E+00  8.7416E+00 -6.1933E-01
  4.5899E+00  8.7956E+00 -4.4268E-01
  4.6621E+00  8.9748E+00 -7.3504E-01
  4.6283E+00  9.0860E+00 -5.7687E-01
  4.7262E+00  9.4001E+00 -6.3110E-01
  4.9867E+00  9.5308E+00 -5.7229E-01
  4.9260E+00  9.6490E+00 -4.2071E-01
  4.9434E+00  9.7627E+00 -5.6183E-01
  5.1548E+00  9.3824E+00 -3.6058E-01
  5.1304E+00  9.4851E+00 -4.2429E-01
  5.2845E+00  9.6564E+00 -5.2528E-01
  5.2775E+00  9.3554E+00 -1.3535E-01
  5.1088E+00  9.0724E+00 -3.7251E-01
  4.9697E+00  9.2498E+00 -3.6787E-01
  4.8753E+00  9.1646E+00 -5.7685E-01
  4.7572E+00  9.3279E+00 -6.8429E-01
  4.6935E+00  9.4154E+00 -8.0071E-01
  4.5994E+00  9.5018E+00 -8.9605E-01
  4.5727E+00  9.5526E+00 -8.4208E-01
  4.6553E+00  9.5853E+00 -5.9906E-01
  4.5463E+00  9.2594E+00 -6.9257E-01
  4.6399E+00  9.5331E+00 -8.7128E-01
  4.7740E+00  9.5847E+00 -7.3126E-01
  4.9067E+00  9.4810E+00 -6.7569E-01
  5.1122E+00  9.4055E+00 -6.6849E-01
  5.0788E+00  9.2976E+00 -5.9849E-01
  5.0726E+00  9.1020E+00 -6.1575E-01
  4.9526E+00  9.0793E+00 -5.2309E-01
  4.8510E+00  9.1368E+00 -3.0545E-01
  4.8580E+00  9.2043E+00 -4.4831E-01
  4.7971E+00  9.1547E+00 -4.3372E-01
  4.7203E+00  9.4183E+00 -3.6853E-01
  4.7476E+00  9.5393E+00 -4.6630E-01
  4.7395E+00  9.4389E+00 -5.1999E-01
  4.8428E+00  9.6348E+00 -2.5339E-01
  4.9127E+00  9.3442E+00 -6.5978E-01
  4.8800E+00  9.1808E+00 -1.7930E-01
  4.7829E+00  8.9711E+00 -4.6435E-01
  4.6515E+00  9.0744E+00 -2.1647E-01
  4.7164E+00  9.0381E+00 -1.2033E-02
  4.9235E+00  8.9972E+00 -2.1601E-01
  4.9469E+00  9.2313E+00 -3.0197E-01
  4.9870E+00  9.2784E+00 -3.3966E-01
  5.0988E+00  9.4343E+00 -3.5027E-01
  5.2551E+00  9.3804E+00 -1.7528E-01
  5.0892E+00  9.3126E+00 -1.2634E-01
  5.1505E+00  9.1491E+00 -1.4082E-01
  4.9691E+00  9.1889E+00 -4.9846E-01
  4.9906E+00  9.1699E+00 -1.5713E-01
  5.0090E+00  9.1065E+00 -3.4875E-01
  4.7365E+00  9.4423E+00 -5.5215E-01
  4.5458E+00  9.3759E+00 -5.9345E-01
  4.8845E+00  9.3099E+00 -3.6954E-01
  5.0543E+00  9.2480E+00 -5.4064E-01
  5.0967E+00  9.1284E+00 -5.4110E-01
  5.3031E+00  9.3423E+00 -3.9176E-01
  5.3204E+00  9.1614E+00 -3.5222E-01
  5.0406E+00  9.0586E+00 -3.0601E-01
  5.1404E+00  9.0055E+00 -1.1182E-01
  5.1397E+00  8.7959E+00 -1.5389E-01
  4.8048E+00  9.2033E+00 -2.2098E-01
  4.6004E+00  9.2751E+00 -3.2750E-01
  4.6057E+00  9.2839E+00 -4.2706E-01
  4.6229E+00  9.4715E+00 -4.8142E-01
  4.5688E+00  9.5752E+00 -7.6732E-01
  4.6719E+00  9.2943E+00 -6.9336E-01
  4.5659E+00  9.1391E+00 -9.1194E-01
  4.5878E+00  9.1552E+00 -1.2270E+00
  4.7159E+00  9.2542E+00 -6.7986E-01
  4.7537E+00  9.1885E+00 -5.3566E-01
  4.7794E+00  9.3849E+00 -6.7822E-01
  4.7469E+00  9.3238E+00 -8.6493E-01
  4.6575E+00  9.3495E+00 -9.7741E-01
  4.7654E+00  9.1024E+00 -8.5620E-01
  4.7141E+00  9.2849E+00 -9.2944E-01
  4.5819E+00  9.2998E+00 -9.6071E-01
  4.7104E+00  9.3617E+00 -7.0420E-01
  4.7367E+00  9.1245E+00 -4.4892E-01
  4.5834E+00  9.1095E+00 -3.8725E-01
  4.6152E+00  9.3091E+00 -3.8333E-01
  4.6966E+00  9.1478E+00 -6.8505E-01
  4.6209E+00  9.4936E+00 -8.1695E-01
  4.6567E+00  9.4842E+00 -5.1787E-01
  4.6601E+00  9.4240E+00 -6.3100E-01
  4.7704E+00  9.4985E+00 -8.0987E-01
  4.9481E+00  9.0336E+00 -7.6127E-01
  4.8842E+00  9.0482E+00 -4.2199E-01
  4.9863E+00  9.0682E+00 -5.0636E-01
  4.9484E+00  9.0931E+00 -7.7227E-01
  4.8328E+00  9.2583E+00 -4.8438E-01
  4.7995E+00  9.3361E+00 -5.4312E-01
  4.6873E+00  9.3563E+00 -5.8585E-01
  4.6652E+00  9.3421E+00 -6.4777E-01
  4.6604E+00  9.4587E+00 -8.0459E-01
  4.6035E+00  9.3394E+00 -5.0465E-01
  4.6236E+00  9.2204E+00 -5.9005E-01
  4.7240E+00  9.0145E+00 -7.7529E-01
  4.7777E+00  9.0217E+00 -6.3055E-01
  4.8076E+00  9.3080E+00 -5.8226E-01
  4.7614E+00  9.2495E+00 -5.9684E-01
  4.8475E+00  9.2647E+00 -5.7385E-01
  4.8235E+00  9.1568E+00 -3.8026E-01
  4.7429E+00  9.3769E+00 -2.1365E-01
  4.8378E+00  9.2399E+00 -2.0437E-01
  4.7193E+00  9.2363E+00 -1.6982E-01
  4.5763E+00  9.1562E+00 -4.1216E-01
  4.6371E+00  9.0080E+00 -3.3212E-01
  4.6364E+00  8.8603E+00 -4.8314E-01
  4.3862E+00  9.0297E+00 -9.6723E-01
  4.4664E+00  9.0146E+00 -6.4323E-01
  4.4427E+00  9.0418E+00 -4.9697E-01
  4.5189E+00  9.1937E+00 -6.4312E-01
  4.5478E+00  9.3584E+00 -5.7187E-01
  4.5570E+00  9.3291E+00 -5.8873E-01
  4.8077E+00  9.2104E+00 -7.9222E-01
  4.9931E+00  9.3616E+00 -4.1416E-01
  5.0759E+00  9.3296E+00 -3.0206E-01
  5.0833E+00  9.3317E+00 -6.1241E-01
  5.0433E+00  9.3093E+00 -5.4768E-01
  5.1654E+00  9.3111E+00 -4.4425E-01
  5.1543E+00  9.2148E+00 -5.3330E-01
  5.0624E+00  9.2451E+00 -7.9866E-01
  4.9894E+00  9.3334E+00 -6.8584E-01
  4.7359E+00  9.3107E+00 -6.0344E-01
  4.7401E+00  9.2606E+00 -5.9250E-01
  4.8367E+00  9.1848E+00 -3.3668E-01
  4.7286E+00  9.2292E+00 -7.4484E-01
  4.6351E+00  9.2832E+00 -3.9973E-01
  4.6788E+00  9.0638E+00 -2.3993E-01
  4.8570E+00  8.9541E+00 -2.0052E-01
  4.8387E+00  8.8645E+00 -1.4543E-01
  4.7198E+00  9.1496E+00 -4.8416E-01
  4.6991E+00  9.1337E+00 -7.5632E-01
  4.8417E+00  8.7224E+00 -5.1953E-01
  4.7659E+00  8.9169E+00 -4.9235E-01
  4.7792E+00  9.0260E+00 -4.6673E-01
  4.6518E+00  9.0174E+00 -6.0657E-01
  4.5822E+00  9.0029E+00 -6.3944E-01
  4.5407E+00  8.9297E+00 -6.7585E-01
  4.3126E+00  9.0413E+00 -7.9852E-01
  4.2885E+00  9.2529E+00 -4.7677E-01
  4.1549E+00  9.1119E+00 -4.6413E-01
  3.9458E+00  9.1219E+00 -4.6333E-01
  3.8201E+00  9.1241E+00 -5.4289E-01
  3.9841E+00  8.6548E+00 -2.4576E-01
  3.8624E+00  8.7724E+00 -1.5822E-01
  3.8180E+00  9.0629E+00 -3.4123E-01
  4.0442E+00  9.1168E+00 -9.6358E-02
  4.2157E+00  8.7223E+00 -2.6992E-02
  3.7370E+00  9.2217E+00 -4.4213E-01
  3.9895E+00  8.7137E+00 -2.7005E-01
  3.8524E+00  9.1899E+00 -3.9275E-01
  3.9111E+00  9.1384E+00 -5.4027E-01
  4.2397E+00  9.2625E+00 -5.8867E-01
  4.3660E+00  9.3590E+00 -9.3254E-01
  4.6516E+00  8.8899E+00 -8.9288E-01
  4.6523E+00  9.0148E+00 -9.3380E-01
  4.9408E+00  8.7627E+00 -1.0801E+00
  5.1033E+00  8.6733E+00 -1.1195E+00
  5.1748E+00  9.0244E+00 -8.9677E-01
  5.2442E+00  8.4953E+00 -8.4108E-01
  5.2224E+00  8.6349E+00 -8.4681E-01
  5.0592E+00  8.6557E+00 -8.1541E-01
  4.9819E+00  8.5987E+00 -6.9583E-01
  4.9840E+00  8.6841E+00 -5.6548E-01
  4.7425E+00  8.7491E+00 -6.4055E-01
  4.7513E+00  8.4167E+00 -3.6992E-01
  4.6791E+00  8.2778E+00 -5.2636E-01
  4.7525E+00  9.0010E+00 -4.5477E-01
  4.8194E+00  8.7944E+00 -2.6904E-01
  4.5420E+00  8.6495E+00 -3.1772E-01
  4.6027E+00  8.7937E+00 -2.8395E-01
  4.8777E+00  8.5795E+00 -1.3418E-01
  4.6611E+00  8.8258E+00 -3.1127E-01
  4.5081E+00  8.9301E+00 -4.1774E-01
  4.5778E+00  8.8029E+00 -2.8781E-01
  4.8943E+00  8.3263E+00 -1.5979E-01
  4.7144E+00  8.5080E+00 -3.1391E-01
  4.7008E+00  8.6096E+00 -5.2060E-01
  4.9021E+00  8.6198E+00 -6.0587E-01
  5.3172E+00  8.7171E+00 -5.3377E-01
  5.3807E+00  8.6811E+00 -7.8272E-01
  5.4403E+00  8.5906E+00 -7.4995E-01
  5.4788E+00  8.7418E+00 -7.3375E-01
  5.3620E+00  8.9904E+00 -8.3511E-01
  5.4392E+00  9.2013E+00 -8.7200E-01
  5.4305E+00  9.1474E+00 -8.4998E-01
  5.4954E+00  9.2014E+00 -7.6487E-01
  5.4386E+00  9.2220E+00 -1.0261E+00
  5.4008E+00  9.2516E+00 -1.0433E+00
  5.5031E+00  8.9291E+00 -9.1538E-01
  5.3558E+00  8.7415E+00 -1.0367E+00
  5.4006E+00  8.7315E+00 -8.5306E-01
  5.4335E+00  8.4670E+00 -8.0755E-01
  5.2913E+00  8.6841E+00 -7.9766E-01
  5.2264E+00  8.9003E+00 -5.4358E-01
  5.3746E+00  8.8218E+00 -3.4756E-01
  5.1850E+00  9.1413E+00 -7.0026E-01
  5.0097E+00  9.2050E+00 -5.8766E-01
  4.9831E+00  8.9775E+00 -6.1018E-01
  4.8261E+00  9.1939E+00 -8.5832E-01
  4.8683E+00  8.7599E+00 -7.4161E-01
  4.8797E+00  8.5308E+00 -8.0821E-01
  4.7740E+00  8.5216E+00 -8.3189E-01
  4.9930E+00  8.4047E+00 -7.3587E-01
  5.0669E+00  8.2983E+00 -7.3910E-01
  4.9269E+00  8.4753E+00 -5.2730E-01
  5.1052E+00  8.4337E+00 -5.0867E-01
  5.1141E+00  8.1935E+00 -3.4971E-01
  5.1533E+00  8.2674E+00 -2.6436E-01
  5.1340E+00  8.0832E+00 -4.5635E-01
  4.9585E+00  8.1338E+00 -5.4462E-01
  5.0598E+00  7.9047E+00 -3.0033E-01
  5.1058E+00  7.7618E+00 -3.8174E-01
  4.8873E+00  8.0664E+00 -6.2040E-01
  4.9556E+00  7.9894E+00 -4.1862E-01
  4.9541E+00  8.1132E+00 -4.6501E-01
  4.9943E+00  8.2278E+00 -6.6083E-01
  4.7965E+00  8.2232E+00 -8.4163E-01
  4.7995E+00  8.3022E+00 -1.0180E+00
  4.8191E+00  8.5097E+00 -1.3212E+00
  4.9631E+00  8.3942E+00 -1.2571E+00
  5.0829E+00  8.2624E+00 -1.2388E+00
  5.0033E+00  8.4423E+00 -1.4053E+00
  4.8629E+00  8.4567E+00 -1.6170E+00
  4.8697E+00  8.4667E+00 -1.6747E+00
  4.8450E+00  8.5599E+00 -1.7001E+00
  5.0501E+00  8.5177E+00 -1.6918E+00
  5.0406E+00  8.5795E+00 -1.6555E+00
  4.7207E+00  8.6728E+00 -1.6081E+00
  4.7302E+00  8.4459E+00 -1.5848E+00
  4.8139E+00  8.3361E+00 -1.3530E+00
  4.7668E+00  8.4311E+00 -1.1487E+00
  4.7358E+00  8.3372E+00 -9.7469E-01
  4.5978E+00  8.1935E+00 -9.8557E-01
  4.4577E+00  8.2027E+00 -1.0615E+00
  4.4398E+00  8.4179E+00 -8.8203E-01
  4.5441E+00  8.3962E+00 -9.6349E-01
  4.5367E+00  8.4453E+00 -1.0389E+00
  4.5648E+00  8.4973E+00 -1.3387E+00
  4.4260E+00  8.6821E+00 -1.5057E+00
  4.6716E+00  8.4388E+00 -1.6360E+00
  4.4657E+00  8.5159E+00 -2.0426E+00
  4.9511E+00  8.5168E+00 -1.7102E+00
  4.5452E+00  8.8345E+00 -1.9721E+00
  4.9344E+00  8.1719E+00 -2.0570E+00
  4.8626E+00  8.5980E+00 -1.8666E+00
  4.9980E+00  8.4263E+00 -2.2956E+00
  4.6266E+00  8.9508E+00 -2.2197E+00
  4.9953E+00  8.6321E+00 -2.3497E+00
  4.8583E+00  8.6924E+00 -2.0640E+00
  4.5505E+00  8.7011E+00 -2.1524E+00
  4.6153E+00  8.7489E+00 -2.3396E+00
  4.0134E+00  9.0118E+00 -2.4105E+00
  4.1285E+00  8.8772E+00 -2.2846E+00
  4.1789E+00  8.8301E+00 -2.0920E+00
  4.1576E+00  8.8998E+00 -1.8712E+00
  4.0650E+00  8.7412E+00 -2.0580E+00
  4.0349E+00  8.5327E+00 -2.5345E+00
  3.8527E+00  8.8673E+00 -2.6038E+00
  4.2558E+00  8.4469E+00 -2.6880E+00
  4.1779E+00  8.8550E+00 -2.5097E+00
  4.4715E+00  8.6000E+00 -2.4613E+00
  4.6858E+00  8.3459E+00 -2.6722E+00
  4.7310E+00  8.5716E+00 -2.5041E+00
  5.0358E+00  8.3247E+00 -2.6496E+00
  4.8296E+00  8.5174E+00 -2.6125E+00
  5.3106E+00  8.1737E+00 -2.8025E+00
  4.7708E+00  8.5679E+00 -2.4510E+00
  4.4922E+00  8.4785E+00 -2.6991E+00
  4.2283E+00  8.4214E+00 -2.7166E+00
  3.7453E+00  8.7419E+00 -2.7088E+00
  3.7858E+00  8.5788E+00 -2.7053E+00
  4.0979E+00  8.5173E+00 -2.4941E+00
  3.8610E+00  8.8109E+00 -2.5428E+00
  4.4653E+00  8.7675E+00 -2.1231E+00
  4.3206E+00  8.8657E+00 -2.2567E+00
  4.4602E+00  8.7593E+00 -2.1941E+00
  4.3444E+00  8.6443E+00 -2.1434E+00
  4.2548E+00  8.4987E+00 -2.0788E+00
  4.6567E+00  8.5697E+00 -1.7791E+00
  4.4709E+00  8.5433E+00 -2.0707E+00
  4.2945E+00  8.8138E+00 -2.0665E+00
  4.4706E+00  8.7329E+00 -2.1507E+00
  4.0675E+00  9.0843E+00 -2.0585E+00
  4.3522E+00  8.8754E+00 -2.2742E+00
  4.1092E+00  9.0511E+00 -2.2036E+00
  4.4593E+00  8.6926E+00 -2.3356E+00
  4.0435E+00  8.6974E+00 -2.3624E+00
  4.2303E+00  8.5865E+00 -2.0811E+00
  4.0955E+00  8.3624E+00 -2.2903E+00
  4.4634E+00  8.1513E+00 -1.8111E+00
  4.1500E+00  8.3677E+00 -2.1422E+00
  4.2517E+00  8.3068E+00 -2.1573E+00
  4.4353E+00  8.3673E+00 -2.2062E+00
  4.3980E+00  8.7815E+00 -2.5865E+00
  4.6039E+00  8.6714E+00 -2.7015E+00
  5.2245E+00  8.4363E+00 -2.0884E+00
  5.1392E+00  8.2695E+00 -2.5424E+00
  4.5919E+00  8.5930E+00 -2.4479E+00
  5.1692E+00  8.1984E+00 -2.4852E+00
  4.7637E+00  8.2851E+00 -2.0214E+00
