  2.4060E+00  1.1846E+01  6.6576E-01
  2.9511E+00  1.2202E+01  4.7463E-01
  2.8613E+00  1.2213E+01  4.5324E-02
  3.1995E+00  1.1663E+01 -1.4857E-01
  2.5795E+00  1.1218E+01 -9.6405E-01
  1.8693E+00  1.1567E+01 -9.3012E-01
  1.5817E+00  1.1521E+01 -7.4707E-01
  1.7313E+00  1.1406E+01 -9.6571E-01
  1.4662E+00  1.1380E+01 -9.1166E-01
  1.2272E+00  1.1328E+01 -8.8725E-01
  1.6987E+00  1.1459E+01 -1.0934E+00
  1.8526E+00  1.1071E+01 -1.2165E+00
  1.5373E+00  1.1233E+01 -1.1975E+00
  1.4513E+00  1.1516E+01 -9.4965E-01
  1.8112E+00  1.1155E+01 -1.1673E+00
  2.1945E+00  1.1175E+01 -1.1218E+00
  1.9108E+00  1.1409E+01 -1.0318E+00
  1.7744E+00  1.1276E+01 -8.9544E-01
  1.9030E+00  1.1497E+01 -7.6270E-01
  1.5580E+00  1.1569E+01 -6.3428E-01
  1.2843E+00  1.1698E+01 -1.7597E-01
  1.0588E+00  1.1863E+01  3.6604E-01
  6.5294E-01  1.1844E+01  1.2506E+00
  7.7939E-01  1.1944E+01  1.6501E+00
  1.5389E-01  1.1583E+01  1.1349E+00
  8.9504E-01  1.1454E+01  2.2992E+00
  1.5740E+00  1.0202E+01  1.8698E+00
  1.4205E+00  1.0184E+01  2.1337E+00
  2.8913E-01  1.0745E+01  1.3809E+00
  1.1953E+00  1.0494E+01  6.5786E-01
  1.4262E+00  1.0671E+01  1.5423E+00
  1.6669E+00  1.0251E+01  7.5297E-01
  2.0200E+00  1.0484E+01  1.4151E+00
  2.2263E+00  1.0231E+01  6.9647E-01
  2.0854E+00  1.0436E+01  1.1088E+00
  2.4682E+00  1.0186E+01  5.8282E-01
  2.9996E+00  1.0071E+01  6.9976E-01
  2.9859E+00  9.8797E+00  3.8089E-01
  2.9693E+00  1.0132E+01  1.2733E-01
  3.6775E+00  9.9911E+00  2.8166E-01
  3.7052E+00  9.7770E+00  1.1007E-01
  3.6178E+00  9.7493E+00 -1.2531E-01
  3.8467E+00  9.4091E+00 -3.4677E-01
  4.0378E+00  9.5201E+00 -4.6318E-01
  3.8506E+00  9.6018E+00 -3.9143E-01
  4.1266E+00  9.3807E+00 -5.9360E-01
  4.0766E+00  9.4712E+00 -1.0083E+00
  4.0988E+00  9.5626E+00 -1.3403E+00
  3.7240E+00  9.5690E+00 -1.0075E+00
  3.7152E+00  9.6067E+00 -1.3176E+00
  3.6174E+00  9.6444E+00 -1.3467E+00
  3.4267E+00  9.7703E+00 -1.2899E+00
  3.7601E+00  9.8827E+00 -1.5877E+00
  4.2753E+00  9.8152E+00 -1.6200E+00
  4.0179E+00  9.7495E+00 -1.2677E+00
  3.4422E+00  9.4178E+00 -1.0461E+00
  2.5816E+00  9.9344E+00 -1.6437E+00
  2.3803E+00  1.0131E+01 -2.3722E+00
  2.0009E+00  1.0272E+01 -2.2488E+00
  3.0436E+00  1.1157E+01 -2.1935E+00
  2.8945E+00  1.1197E+01 -1.8059E+00
  2.7805E+00  1.1451E+01 -2.4762E+00
  3.1794E+00  1.1374E+01 -1.9239E+00
  3.3898E+00  1.1402E+01 -2.1421E+00
  2.9802E+00  1.1465E+01 -2.7897E+00
  3.5789E+00  1.1608E+01 -2.9669E+00
  3.3753E+00  1.1511E+01 -2.7868E+00
  3.5211E+00  1.1406E+01 -2.6719E+00
  3.9587E+00  1.1485E+01 -2.9039E+00
  3.7489E+00  1.1217E+01 -2.9285E+00
  3.6306E+00  1.0896E+01 -2.8773E+00
  4.2329E+00  1.1242E+01 -3.0010E+00
  4.4861E+00  1.1115E+01 -2.7394E+00
  4.4954E+00  1.0845E+01 -2.2852E+00
  4.6509E+00  1.0904E+01 -2.4746E+00
  4.6477E+00  1.0773E+01 -2.3169E+00
  4.7536E+00  1.0453E+01 -1.7166E+00
  4.5039E+00  1.0363E+01 -1.9773E+00
  4.9140E+00  1.0215E+01 -1.8301E+00
  4.6645E+00  9.9944E+00 -1.4005E+00
  4.3112E+00  9.7060E+00 -8.0118E-01
  4.3536E+00  9.6562E+00 -6.1970E-01
  5.0343E+00  9.3230E+00 -7.4107E-01
  4.8475E+00  9.5499E+00 -1.7912E-01
  4.8589E+00  9.4737E+00  3.2856E-01
  4.7234E+00  9.5398E+00  2.9692E-01
  4.9115E+00  8.8973E+00 -2.0276E-01
  4.5856E+00  8.6031E+00 -5.4367E-01
  3.7052E+00  8.1445E+00 -4.8962E-01
  3.9152E+00  8.4482E+00 -5.1379E-01
  3.1949E+00  7.7424E+00 -4.2945E-01
  3.3418E+00  7.5104E+00 -4.3237E-01
  3.9784E+00  8.2829E+00 -4.6565E-01
  4.3436E+00  8.2642E+00 -2.4130E-01
  3.1601E+00  8.2031E+00  1.6110E-01
  2.7150E+00  8.1943E+00  5.5693E-01
  3.6517E+00  8.3466E+00  4.5690E-02
  3.7880E+00  8.7124E+00  6.3267E-01
  3.5029E+00  9.3266E+00  1.1127E+00
  3.3653E+00  9.8457E+00  1.0932E+00
  3.0599E+00  9.9817E+00  8.2634E-01
  2.5955E+00  9.7703E+00  7.3419E-01
  2.5195E+00  9.8466E+00  7.7013E-01
  2.9239E+00  9.4923E+00  4.7965E-01
  2.5374E+00  1.0087E+01  9.7647E-01
  2.0594E+00  9.9561E+00  1.3224E+00
  2.7139E+00  9.5262E+00  1.4560E+00
  2.1604E+00  9.0302E+00  7.4791E-01
  2.7624E+00  9.4173E+00  9.4900E-01
  2.7548E+00  9.8829E+00  1.2893E+00
  2.4938E+00  9.7885E+00  1.0304E+00
  2.2777E+00  9.7526E+00  9.6775E-01
  2.4095E+00  9.8102E+00  9.1920E-01
  2.7374E+00  9.1150E+00  6.5386E-01
  1.8711E+00  8.7739E+00  1.0794E+00
  1.7113E+00  8.7467E+00  1.2820E+00
  2.4240E+00  9.0952E+00  5.3820E-01
  1.8507E+00  8.7394E+00  1.0150E+00
  1.8329E+00  8.5311E+00  1.2131E+00
  1.9665E+00  8.6263E+00  8.3436E-01
  2.0995E+00  8.4276E+00  1.2502E+00
  1.5368E+00  9.1393E+00  1.2783E+00
  1.4062E+00  9.5077E+00  1.2642E+00
  1.5705E+00  9.0026E+00  1.4569E+00
  1.6075E+00  9.4264E+00  1.0801E+00
  1.3961E+00  9.8914E+00  1.3885E+00
  1.4282E+00  9.8495E+00  1.3348E+00
  1.5230E+00  9.7700E+00  1.3094E+00
  1.6405E+00  1.0007E+01  1.2241E+00
  1.9869E+00  1.0047E+01  1.1576E+00
  1.5989E+00  9.7187E+00  1.4788E+00
  1.5011E+00  9.7522E+00  1.2828E+00
  1.5387E+00  9.9469E+00  1.4968E+00
  1.5992E+00  9.7146E+00  2.0696E+00
  1.9255E+00  9.1364E+00  1.8480E+00
  1.8021E+00  8.6155E+00  1.9608E+00
  1.6198E+00  8.6251E+00  1.8041E+00
  1.7806E+00  8.4261E+00  1.3111E+00
  2.0659E+00  7.9906E+00  1.2311E+00
  1.9315E+00  8.4800E+00  1.5595E+00
  1.9235E+00  8.7588E+00  1.7189E+00
  1.9364E+00  8.0462E+00  1.8408E+00
  2.1108E+00  8.1429E+00  1.6610E+00
  2.0414E+00  8.3773E+00  1.6967E+00
  2.2718E+00  8.4033E+00  1.3939E+00
  2.6444E+00  7.9265E+00  9.7358E-01
  2.1883E+00  8.0841E+00  1.3259E+00
  2.1963E+00  8.6989E+00  1.6996E+00
  2.2617E+00  8.9400E+00  1.6246E+00
  2.3742E+00  8.1632E+00  1.1605E+00
  1.7941E+00  8.6691E+00  1.6428E+00
  1.7841E+00  9.5401E+00  1.8655E+00
  1.7848E+00  8.8474E+00  1.3230E+00
  2.0142E+00  8.3245E+00  1.1997E+00
  1.6307E+00  8.5256E+00  1.6230E+00
  1.7737E+00  9.0954E+00  7.2477E-01
  1.7264E+00  8.7766E+00  9.3535E-01
  2.2096E+00  8.8043E+00  1.0121E+00
  2.2568E+00  9.0604E+00  1.5006E+00
  2.4022E+00  9.4868E+00  9.6472E-01
  2.4252E+00  1.0008E+01  1.0700E+00
  2.8887E+00  9.8958E+00  8.1291E-01
  2.7592E+00  9.8980E+00  1.3796E+00
  2.8001E+00  1.0306E+01  1.9748E+00
  3.2817E+00  1.0337E+01  9.9479E-01
  3.4728E+00  1.0471E+01  7.6056E-01
  3.9174E+00  1.1729E+01  2.8868E-01
  3.5209E+00  1.2413E+01  5.2496E-01
  3.7250E+00  1.1766E+01 -2.3089E-01
  3.4802E+00  1.1877E+01 -1.9827E-01
  3.5748E+00  1.2040E+01 -1.8718E-01
  3.9626E+00  1.2418E+01 -6.8304E-02
  3.9667E+00 -1.2437E+01  1.5137E-01
  3.8748E+00 -1.2577E+01  8.7812E-02
  4.0320E+00  1.2045E+01  9.9171E-02
  4.2754E+00  1.1872E+01  1.5496E-01
  4.4614E+00  1.1881E+01  1.6179E-01
  4.4404E+00  1.1793E+01  2.4932E-01
  4.6579E+00  1.1023E+01  4.5639E-01
  4.7860E+00  1.0873E+01  4.7268E-01
  4.8331E+00  1.0108E+01  8.0860E-01
  4.7524E+00  1.0547E+01  1.3850E-01
  4.9803E+00  1.0035E+01  4.0812E-01
  4.4536E+00  9.8508E+00  4.4855E-01
  4.5504E+00  9.8346E+00  3.2119E-01
  4.4764E+00  9.6562E+00  6.2086E-01
  4.5538E+00  9.7453E+00  4.9556E-01
  4.5579E+00  9.8380E+00  3.0819E-01
  4.5303E+00  9.8251E+00  2.3116E-01
  4.6284E+00  9.8035E+00  1.9657E-01
  4.8862E+00  9.7820E+00  7.0590E-01
  4.6063E+00  1.0011E+01 -1.6190E-01
  4.6890E+00  1.0141E+01 -3.8797E-01
  4.7676E+00  1.0738E+01 -8.6321E-01
  4.2335E+00  1.1537E+01 -6.9132E-01
  4.2756E+00  1.1252E+01 -6.6168E-01
  4.6205E+00  1.2064E+01 -7.1115E-01
  4.8290E+00  1.1986E+01 -6.6745E-01
  5.2463E+00  1.2555E+01 -2.5395E-01
  5.3409E+00 -1.2536E+01 -2.8316E-01
  5.3448E+00 -1.2229E+01 -2.1708E-01
  4.8361E+00 -1.2504E+01 -9.1516E-03
  5.2133E+00 -1.2495E+01 -4.4632E-01
  5.2563E+00 -1.2583E+01 -2.9737E-01
  5.2108E+00  1.2021E+01 -5.4015E-01
  5.3953E+00  1.1899E+01 -7.3336E-01
  5.4833E+00  1.1894E+01 -6.3002E-01
  5.4227E+00  1.1597E+01 -4.2693E-01
  5.4771E+00  1.1651E+01 -5.8768E-01
  4.8857E+00  1.1639E+01 -2.5662E-01
  4.6490E+00  1.1727E+01 -2.6787E-01
  4.6975E+00  1.2087E+01 -5.2399E-03
  4.5920E+00  1.2403E+01  1.8168E-01
  4.4165E+00  1.2304E+01  1.5607E-01
  4.5088E+00  1.2327E+01  1.0889E-01
  4.5841E+00  1.2315E+01  2.9765E-01
  4.3195E+00  1.2424E+01  1.5376E-01
  4.7521E+00  1.1985E+01  3.2354E-01
  4.7989E+00  1.2071E+01  1.8401E-01
  4.7880E+00  1.2057E+01  1.9100E-01
  4.8183E+00  1.2340E+01 -3.2898E-01
  4.9330E+00  1.2333E+01 -4.7574E-01
  4.7568E+00  1.2091E+01 -4.8043E-01
  4.7877E+00  1.1996E+01 -7.9929E-01
  4.6488E+00  1.2289E+01 -1.1762E+00
  4.4737E+00  1.2384E+01 -8.7177E-01
  4.4028E+00  1.2478E+01 -1.0128E+00
  4.7469E+00  1.2396E+01 -8.6838E-01
  4.3424E+00 -1.2570E+01 -1.1275E+00
  4.5353E+00 -1.2516E+01 -1.0806E+00
  4.7099E+00 -1.2427E+01 -1.2866E+00
  4.6150E+00 -1.2378E+01 -1.2027E+00
  4.1411E+00 -1.1576E+01 -1.6136E+00
  4.0941E+00 -1.2050E+01 -1.4045E+00
  4.3197E+00 -1.2052E+01 -1.2840E+00
  4.3180E+00 -1.1799E+01 -1.4509E+00
  4.3037E+00 -1.1979E+01 -1.2265E+00
  4.4138E+00 -1.1683E+01 -1.5154E+00
  4.7862E+00 -1.1710E+01 -1.7116E+00
  5.2482E+00 -1.1720E+01 -1.9501E+00
  5.8300E+00 -1.2033E+01 -2.1315E+00
  5.6173E+00 -1.1625E+01 -2.0993E+00
  5.7180E+00 -1.1742E+01 -1.7436E+00
  5.6743E+00 -1.2027E+01 -1.6867E+00
  6.0491E+00 -1.1627E+01 -1.3937E+00
  5.9235E+00 -1.2021E+01 -9.4003E-01
  6.2150E+00 -1.1976E+01 -9.0424E-01
  6.8198E+00 -1.2068E+01 -1.0075E+00
  6.6158E+00 -1.1955E+01 -9.4629E-01
  6.4174E+00 -1.2310E+01 -8.1085E-01
  6.7287E+00 -1.2028E+01 -7.4646E-01
  6.9059E+00 -1.1434E+01 -1.1224E+00
  6.5805E+00 -1.1730E+01 -1.0992E+00
  6.6642E+00 -1.1744E+01 -8.5491E-01
  6.9190E+00 -1.1668E+01 -8.2210E-01
  7.0543E+00 -1.1679E+01 -9.4392E-01
  7.1170E+00 -1.1808E+01 -8.9343E-01
  7.0829E+00 -1.1873E+01 -9.3286E-01
  7.3453E+00 -1.1831E+01 -1.0564E+00
  7.5867E+00 -1.1821E+01 -9.2157E-01
  7.7427E+00 -1.2088E+01 -4.4782E-01
  8.0084E+00 -1.2187E+01 -9.0280E-01
  7.3557E+00 -1.2063E+01 -3.5243E-01
  7.8620E+00 -1.2280E+01 -4.5311E-01
  8.1124E+00 -1.2549E+01 -3.0958E-01
  7.9819E+00  1.2468E+01 -1.0070E-01
  7.8903E+00 -1.2543E+01 -2.8473E-01
  7.7144E+00  1.2542E+01 -8.2828E-02
  7.8121E+00 -1.2167E+01 -5.9448E-01
  7.7186E+00 -1.2343E+01 -3.1312E-01
  8.1147E+00  1.2526E+01 -1.1696E-01
  7.9736E+00 -1.2396E+01  6.6839E-02
  8.1519E+00 -1.2313E+01  6.1619E-02
  8.5980E+00 -1.2453E+01  9.9383E-02
  8.4306E+00 -1.2152E+01 -3.6681E-02
  7.9099E+00 -1.2212E+01  3.6269E-01
  8.1907E+00 -1.2237E+01  4.6102E-01
  8.3472E+00 -1.2041E+01  4.5486E-01
  8.1366E+00 -1.1842E+01  5.2352E-01
  8.0776E+00 -1.2394E+01  6.9603E-01
  8.2626E+00 -1.2487E+01  8.1665E-01
  8.5023E+00  1.2561E+01  7.3148E-01
  8.3490E+00 -1.2424E+01  8.4406E-01
  8.3692E+00 -1.2542E+01  1.1855E+00
  8.5153E+00 -1.2222E+01  1.0480E+00
  8.1525E+00 -1.2239E+01  8.4167E-01
  8.4751E+00 -1.2527E+01  8.1548E-01
  8.2396E+00 -1.2593E+01  4.8451E-01
  7.9178E+00  1.2521E+01  4.3861E-01
  7.0958E+00  1.2546E+01  2.0576E-01
  6.4918E+00 -1.2411E+01  3.9670E-02
  7.0300E+00  1.2299E+01 -1.8141E-01
  6.9945E+00  1.1928E+01 -1.4976E-01
  6.4620E+00  1.1702E+01 -1.6047E-01
  6.4948E+00  1.1564E+01 -3.5051E-01
  6.1756E+00  1.1560E+01 -2.2022E-01
  6.1958E+00  1.1712E+01 -5.4417E-01
  6.1823E+00  1.1532E+01 -8.6043E-01
  6.0495E+00  1.1751E+01 -7.7760E-01
  6.6340E+00  1.1403E+01 -9.1578E-01
  6.4122E+00  1.1707E+01 -1.0323E+00
  6.7405E+00  1.1727E+01 -1.2247E+00
  6.4199E+00  1.1391E+01 -9.8865E-01
  6.6852E+00  1.1186E+01 -9.5065E-01
  6.4670E+00  1.1101E+01 -8.5189E-01
  6.5804E+00  1.1357E+01 -9.5343E-01
  6.9045E+00  1.1463E+01 -1.0625E+00
  6.5736E+00  1.1252E+01 -8.9482E-01
  6.5220E+00  1.1116E+01 -8.6041E-01
  6.3648E+00  1.1660E+01 -1.0810E+00
  6.5904E+00  1.1689E+01 -1.4428E+00
  6.4392E+00  1.2250E+01 -1.2292E+00
  6.4328E+00  1.2443E+01 -1.4884E+00
  6.3302E+00  1.2464E+01 -1.5349E+00
  6.1207E+00 -1.2581E+01 -1.5761E+00
  5.9856E+00  1.2561E+01 -1.3198E+00
  6.1349E+00 -1.2540E+01 -1.6410E+00
  5.9025E+00 -1.2458E+01 -1.7521E+00
  6.1508E+00 -1.2494E+01 -1.8138E+00
  6.4963E+00 -1.2585E+01 -1.6417E+00
  6.3190E+00 -1.2210E+01 -1.7065E+00
  6.6428E+00  1.2500E+01 -1.5562E+00
  6.2306E+00 -1.2513E+01 -1.1167E+00
  6.7542E+00  1.2397E+01 -1.6868E+00
  6.5914E+00  1.2216E+01 -1.3382E+00
  6.7767E+00  1.2041E+01 -1.6806E+00
  7.0431E+00  1.1923E+01 -1.2473E+00
  6.7342E+00  1.1570E+01 -1.1794E+00
  7.3096E+00  1.1635E+01 -1.1980E+00
  6.8627E+00  1.1523E+01 -1.0121E+00
  6.6212E+00  1.1533E+01 -6.6647E-01
  6.9253E+00  1.1743E+01 -7.0727E-01
  6.4665E+00  1.1494E+01 -5.6088E-01
  6.4638E+00  1.1560E+01 -3.2297E-01
  6.4072E+00  1.1558E+01 -2.9946E-01
  6.4558E+00  1.1645E+01 -4.3762E-01
  5.8632E+00  1.1530E+01 -2.4247E-01
  5.8482E+00  1.1391E+01 -3.4825E-01
  6.2742E+00  1.1495E+01 -4.8243E-01
  6.1100E+00  1.1457E+01 -4.6985E-01
  5.8502E+00  1.1169E+01 -4.7001E-01
  5.7414E+00  1.1239E+01 -5.1965E-01
  5.5796E+00  1.1181E+01 -2.6584E-01
  5.7636E+00  1.0809E+01 -3.5553E-01
  5.6137E+00  1.1038E+01 -6.4413E-01
  5.7666E+00  1.0800E+01 -4.8143E-01
  5.5879E+00  1.0766E+01 -3.4941E-01
  5.8993E+00  1.1039E+01 -8.9949E-01
  5.3278E+00  1.0801E+01 -4.8139E-01
  5.5209E+00  1.0526E+01 -4.7915E-01
  5.5960E+00  1.0171E+01 -5.1347E-01
  5.8653E+00  9.9451E+00 -2.3199E-01
  5.6029E+00  1.0009E+01 -2.8531E-02
  5.7992E+00  9.9412E+00 -4.7339E-01
  5.5831E+00  1.0089E+01 -4.3153E-01
  5.5172E+00  9.9357E+00 -3.1878E-01
  5.5785E+00  9.8860E+00 -1.9252E-01
  5.6784E+00  9.8628E+00 -4.7696E-01
  5.6120E+00  9.8724E+00 -1.5563E-01
  5.6460E+00  9.6844E+00 -4.2723E-01
  5.3071E+00  9.8721E+00 -1.6254E-01
  5.2971E+00  1.0107E+01 -3.1715E-01
  5.5134E+00  9.9365E+00 -6.6224E-01
  5.5816E+00  1.0030E+01 -5.0261E-01
  5.3948E+00  9.8654E+00 -7.5145E-01
  5.4829E+00  1.0267E+01 -6.8479E-01
  5.3951E+00  1.0233E+01 -1.0749E+00
  5.2148E+00  1.0505E+01 -1.1851E+00
  5.4470E+00  1.0157E+01 -1.6747E+00
  5.6126E+00  1.0223E+01 -1.6490E+00
  5.2964E+00  1.0203E+01 -1.8023E+00
  5.4257E+00  1.0383E+01 -1.9185E+00
  5.5365E+00  1.0287E+01 -2.0144E+00
  5.2628E+00  1.0589E+01 -2.1724E+00
  5.9262E+00  1.0814E+01 -2.0370E+00
  5.7374E+00  1.1654E+01 -2.1371E+00
  5.3400E+00 -1.2373E+01 -2.8647E+00
  5.5504E+00 -1.2198E+01 -3.5313E+00
  5.8350E+00  1.1884E+01 -3.7304E+00
  5.9086E+00  1.2492E+01 -4.1919E+00
  6.8917E+00 -1.2445E+01 -3.4010E+00
  6.3359E+00 -1.2529E+01 -4.2897E+00
  6.0410E+00  1.1503E+01 -4.5708E+00
  5.8307E+00  1.1990E+01 -4.6916E+00
  6.4432E+00 -1.2490E+01 -4.6185E+00
  7.2081E+00  1.2034E+01 -4.4978E+00
  7.0336E+00  1.2150E+01 -4.5083E+00
  6.8543E+00  1.2232E+01 -4.7247E+00
  5.4594E+00  1.2106E+01 -4.3971E+00
  5.4533E+00  1.1376E+01 -4.5001E+00
  6.0557E+00  1.1736E+01 -5.0516E+00
  6.5332E+00  1.2247E+01 -4.8130E+00
  6.6316E+00  1.2066E+01 -4.9656E+00
  6.3749E+00  1.2021E+01 -4.8557E+00
  6.9754E+00  1.2330E+01 -4.5281E+00
  7.8564E+00  1.2516E+01 -3.3196E+00
  8.0221E+00  1.2295E+01 -2.9852E+00
  7.9612E+00 -1.2438E+01 -2.7869E+00
  8.4571E+00 -1.2338E+01 -2.1906E+00
  8.4349E+00 -1.2590E+01 -2.1237E+00
