  3.6426E+00 -1.0904E+01  4.7050E-03
  2.8240E+00 -1.0786E+01  1.3802E+00
  2.0403E+00 -1.0414E+01  3.9802E-02
  2.8838E+00 -1.0698E+01 -2.6833E-01
  3.5225E+00 -1.0866E+01  2.3280E-01
  3.7092E+00 -1.1094E+01  3.5274E-01
  3.6618E+00 -1.1000E+01  5.3880E-01
  3.7243E+00 -1.1530E+01  4.2682E-01
  3.8250E+00 -1.1491E+01  3.7776E-01
  4.0594E+00 -1.1861E+01  4.8700E-01
  4.2231E+00 -1.1976E+01  5.9327E-01
  4.1262E+00 -1.2086E+01  5.5427E-01
  4.0490E+00 -1.2292E+01  3.9725E-01
  4.1594E+00 -1.2367E+01  5.4411E-01
  4.1579E+00 -1.2239E+01  6.7555E-01
  4.1025E+00 -1.2487E+01  5.0497E-01
  4.2041E+00 -1.2476E+01  6.0540E-01
  4.3857E+00 -1.2398E+01  8.0192E-01
  4.4109E+00  1.2395E+01  6.0602E-01
  4.5282E+00 -1.2548E+01  6.3801E-01
  4.3252E+00 -1.2187E+01  6.5709E-01
  4.2026E+00 -1.2349E+01  3.0421E-01
  4.5233E+00 -1.2401E+01  5.6773E-01
  4.0354E+00  1.2495E+01  1.1903E-01
  4.0709E+00 -1.2370E+01  1.7557E-01
  3.9311E+00 -1.2310E+01 -1.5829E-01
  3.7969E+00 -1.2515E+01 -1.3745E-01
  3.2756E+00 -1.2223E+01 -2.4935E-01
  3.3005E+00 -1.2367E+01 -6.3537E-02
  3.2875E+00  1.2593E+01 -1.6576E-01
  3.1823E+00 -1.2481E+01  3.9163E-01
  3.2728E+00  1.2585E+01  5.0364E-01
  4.2236E+00  1.1704E+01  2.3782E-01
  4.3684E+00  1.1258E+01  1.4878E-01
  4.0898E+00  1.0640E+01 -1.7149E-01
  4.4805E+00  1.0583E+01 -3.2754E-01
  4.8991E+00  1.0655E+01 -5.1350E-01
  5.3333E+00  1.0545E+01 -4.0200E-01
  5.5365E+00  1.0780E+01 -7.4548E-01
  5.2125E+00  1.0916E+01 -9.0822E-01
  6.0017E+00  1.0726E+01 -6.0360E-01
  6.4424E+00  1.0082E+01 -9.6704E-02
  6.5566E+00  9.9698E+00  1.7401E-01
  6.3296E+00  9.6593E+00  2.0837E-01
  6.4459E+00  9.8527E+00  9.3491E-02
  6.5533E+00  9.7667E+00 -1.8790E-02
  6.1870E+00  9.6130E+00  1.5184E-01
  5.6129E+00  1.0244E+01  8.4108E-01
  4.2029E+00  1.1071E+01  8.0338E-01
  3.5229E+00  1.1431E+01  4.9709E-01
  3.6363E+00  1.1725E+01  4.3252E-01
  3.3871E+00  1.2189E+01 -6.6011E-01
  3.3503E+00  1.2504E+01 -1.6215E+00
  3.6739E+00 -1.2318E+01 -1.7303E+00
  3.7728E+00 -1.2230E+01 -2.0841E+00
  4.1761E+00 -1.2242E+01 -2.4298E+00
  4.1856E+00  1.2536E+01 -2.2043E+00
  4.6136E+00 -1.2460E+01 -2.6121E+00
  4.5633E+00 -1.2569E+01 -3.4191E+00
  4.7868E+00  1.2446E+01 -3.1831E+00
  5.7570E+00  1.2028E+01 -3.0072E+00
  6.2085E+00  1.1846E+01 -3.6317E+00
  5.9615E+00  1.1838E+01 -3.4308E+00
  5.9346E+00  1.1595E+01 -3.7422E+00
  6.0371E+00  1.1739E+01 -4.6614E+00
  5.8722E+00  1.1559E+01 -4.4896E+00
  5.7514E+00  1.1562E+01 -4.5468E+00
  6.4256E+00  1.1623E+01 -5.0322E+00
  6.1303E+00  1.1779E+01 -4.5487E+00
  6.2906E+00  1.1889E+01 -4.3420E+00
  5.8780E+00  1.2003E+01 -4.3403E+00
  6.3715E+00  1.2046E+01 -4.8334E+00
  6.3346E+00  1.2111E+01 -4.8201E+00
  6.0867E+00  1.1921E+01 -4.3748E+00
  6.0403E+00  1.2328E+01 -4.3510E+00
  6.8459E+00  1.1831E+01 -3.9986E+00
  6.8624E+00  1.1549E+01 -3.8308E+00
  5.7635E+00  1.1474E+01 -3.7351E+00
  6.1830E+00  1.1209E+01 -3.1011E+00
  6.0997E+00  1.1275E+01 -3.2513E+00
  6.1181E+00  1.1081E+01 -3.6270E+00
  6.1252E+00  1.1245E+01 -3.9403E+00
  6.1556E+00  1.1133E+01 -3.7848E+00
  6.2031E+00  1.0758E+01 -3.7474E+00
  6.0906E+00  1.1229E+01 -3.9115E+00
  6.0688E+00  1.1427E+01 -4.2307E+00
  6.2440E+00  1.1229E+01 -4.5624E+00
  6.0512E+00  1.0810E+01 -5.0482E+00
  6.6648E+00  1.0857E+01 -4.4815E+00
  6.0695E+00  1.0806E+01 -4.8627E+00
  6.5254E+00  1.0902E+01 -4.1701E+00
  6.2753E+00  1.0627E+01 -4.2563E+00
  6.5428E+00  1.0059E+01 -4.4545E+00
  6.4866E+00  1.0094E+01 -4.5206E+00
  6.5568E+00  1.0359E+01 -4.5503E+00
  6.4822E+00  9.7083E+00 -4.3010E+00
  6.9578E+00  9.3182E+00 -3.9431E+00
  6.7829E+00  8.8647E+00 -3.6789E+00
  7.0559E+00  9.3434E+00 -3.0278E+00
  6.8296E+00  9.2696E+00 -2.6242E+00
  6.7274E+00  9.0794E+00 -2.4863E+00
  6.8630E+00  8.6273E+00 -2.4827E+00
  6.7476E+00  8.7359E+00 -2.5627E+00
  7.0958E+00  8.5400E+00 -2.4304E+00
  7.6179E+00  8.5706E+00 -1.9334E+00
  7.6935E+00  9.5407E+00 -8.1269E-01
  7.0136E+00  9.9001E+00 -5.7852E-01
  6.9815E+00  1.0280E+01 -3.5427E-01
  6.7103E+00  1.0046E+01 -2.7330E-01
  7.1714E+00  1.0310E+01  1.2622E-01
  6.8584E+00  1.0552E+01 -2.5315E-01
  7.5445E+00  1.1172E+01 -1.0186E-02
  7.5537E+00  1.0683E+01  2.6203E-01
  7.9616E+00  1.1150E+01  2.0837E-01
  7.6354E+00  1.1572E+01 -8.1834E-02
  7.7103E+00  1.1900E+01 -1.9975E-01
  7.4867E+00  1.1860E+01 -6.3632E-01
  7.2873E+00  1.1548E+01 -1.9227E-01
  7.3207E+00  1.1644E+01 -2.3647E-01
  7.4160E+00  1.1589E+01 -3.2889E-03
  7.6455E+00  1.1288E+01  6.5352E-01
  7.6894E+00  1.0851E+01  7.7623E-01
  7.8812E+00  1.1800E+01  4.1808E-01
  7.5369E+00  1.1644E+01  4.1095E-01
  7.4966E+00  1.1247E+01  7.3891E-01
  7.7251E+00  1.1575E+01  9.1494E-01
  7.5556E+00  1.1610E+01  7.5094E-01
  7.5557E+00  1.1806E+01  9.3411E-01
  7.2180E+00  1.1508E+01  1.0748E+00
  7.2897E+00  1.1501E+01  8.3699E-01
  7.1528E+00  1.1065E+01  1.0400E+00
  7.6324E+00  1.1101E+01  1.4748E+00
  8.0046E+00  1.1285E+01  1.3723E+00
  8.0186E+00  1.1123E+01  1.3504E+00
  9.0081E+00  1.1089E+01  1.7460E+00
  9.2303E+00  1.1205E+01  2.4679E+00
  8.8245E+00  1.0949E+01  2.2062E+00
  9.4862E+00  1.1500E+01  3.5471E+00
  9.8636E+00  1.1305E+01  3.8029E+00
  9.5433E+00  1.1524E+01  3.8545E+00
  8.6556E+00  1.1515E+01  4.0174E+00
  8.5282E+00  1.1526E+01  4.0154E+00
  9.0309E+00  1.1502E+01  4.1945E+00
  8.9740E+00  1.1229E+01  4.5961E+00
  9.0020E+00  1.0882E+01  4.8398E+00
  9.3163E+00  1.0147E+01  4.5681E+00
  9.0091E+00  1.0276E+01  4.6850E+00
  8.6531E+00  1.0847E+01  4.1941E+00
  8.6824E+00  1.0611E+01  4.8112E+00
  8.8145E+00  9.3339E+00  4.9491E+00
  8.5208E+00  8.8443E+00  4.5035E+00
  8.2792E+00  8.6866E+00  4.4571E+00
  8.0976E+00  8.6359E+00  4.5938E+00
  8.7534E+00  9.1508E+00  5.0867E+00
  9.2258E+00  9.8446E+00  4.8291E+00
  8.1913E+00  1.0223E+01  5.2697E+00
  7.9682E+00  1.0762E+01  4.9893E+00
  7.2052E+00  1.0495E+01  4.5381E+00
  7.5364E+00  1.0752E+01  5.0837E+00
  7.8286E+00  1.0730E+01  5.0785E+00
  7.5032E+00  1.1263E+01  4.4350E+00
  7.5875E+00  1.1453E+01  4.1552E+00
  7.6361E+00  1.1643E+01  3.3695E+00
  7.8005E+00  1.1730E+01  2.9431E+00
  7.7004E+00  1.2023E+01  3.3577E+00
  8.6605E+00  1.1293E+01  3.7459E+00
  8.2414E+00  1.1220E+01  4.2067E+00
  7.5006E+00  1.1897E+01  4.0370E+00
  7.2215E+00  1.1435E+01  4.3908E+00
  7.8312E+00  1.1698E+01  4.4776E+00
  8.4319E+00  1.0513E+01  4.8972E+00
  8.7309E+00  9.7033E+00  4.1568E+00
  8.5712E+00  1.1173E+01  4.4289E+00
  8.9242E+00  1.1665E+01  3.9309E+00
  8.7204E+00  1.1758E+01  3.4983E+00
  8.6494E+00  1.1066E+01  2.5077E+00
  8.3889E+00  1.1510E+01  2.6846E+00
  8.5820E+00  1.0845E+01  2.2930E+00
  8.0703E+00  1.0984E+01  2.6626E+00
  8.2840E+00  1.1595E+01  2.7146E+00
  8.4606E+00  1.1351E+01  2.5724E+00
  8.7324E+00  1.1671E+01  2.5028E+00
  7.9657E+00  1.1171E+01  3.0614E+00
  8.2974E+00  1.1915E+01  2.3772E+00
  7.6554E+00  1.1681E+01  2.7587E+00
  7.8434E+00  1.2139E+01  2.3182E+00
  7.2405E+00  1.1709E+01  2.8111E+00
  7.9711E+00  1.1997E+01  2.0931E+00
  8.1192E+00  1.2162E+01  2.0400E+00
  7.8078E+00  1.1649E+01  2.1985E+00
  7.7325E+00  1.1754E+01  1.8648E+00
  8.1031E+00  1.1487E+01  1.8981E+00
  8.1158E+00  1.1941E+01  1.7443E+00
  7.9312E+00  1.1500E+01  1.8318E+00
  7.7468E+00  1.1159E+01  1.9499E+00
  8.0687E+00  1.0862E+01  1.5924E+00
  7.4449E+00  1.0836E+01  1.7227E+00
  7.0708E+00  1.1209E+01  1.7237E+00
  6.8174E+00  1.1827E+01  1.8707E+00
  7.2052E+00  1.2063E+01  1.7294E+00
  7.6909E+00  1.1909E+01  1.5371E+00
  7.9912E+00  1.2410E+01  1.7498E+00
  8.1333E+00 -1.2117E+01  2.3011E+00
  7.9903E+00 -1.2111E+01  2.3224E+00
  7.9202E+00 -1.2244E+01  1.8180E+00
  7.9588E+00 -1.1678E+01  2.2758E+00
  7.7859E+00 -1.1896E+01  2.2927E+00
  7.9108E+00 -1.2334E+01  2.4185E+00
  8.1461E+00 -1.2022E+01  1.8519E+00
  7.8460E+00 -1.2290E+01  1.8786E+00
  8.5290E+00 -1.2086E+01  2.1834E+00
  8.3421E+00 -1.2205E+01  2.2307E+00
  7.9841E+00 -1.2431E+01  1.6677E+00
  8.0742E+00 -1.2368E+01  1.9159E+00
  8.0543E+00 -1.2405E+01  2.1450E+00
  8.1892E+00 -1.2206E+01  2.1194E+00
  8.4195E+00 -1.2299E+01  2.1894E+00
  8.7994E+00 -1.1891E+01  2.1628E+00
  8.7894E+00 -1.1692E+01  1.8157E+00
  8.5738E+00 -1.1887E+01  1.9329E+00
  8.8400E+00 -1.1581E+01  2.0082E+00
  8.8320E+00 -1.1735E+01  1.9348E+00
  8.8626E+00 -1.1460E+01  1.5984E+00
  9.2508E+00 -1.1414E+01  1.6359E+00
  9.4315E+00 -1.1434E+01  1.2594E+00
  9.0580E+00 -1.1451E+01  1.2536E+00
  8.5377E+00 -1.1782E+01  9.8511E-01
  8.1176E+00 -1.1966E+01  1.1171E+00
  8.0263E+00 -1.2120E+01  8.1397E-01
  7.8888E+00 -1.2375E+01  9.9227E-01
  7.7889E+00  1.2505E+01  8.4076E-01
  7.8670E+00 -1.2588E+01  5.8966E-01
  7.7208E+00 -1.2518E+01  6.6664E-01
  7.7952E+00  1.2497E+01  7.7860E-01
  7.8480E+00  1.2427E+01  8.9702E-01
  8.1671E+00  1.2425E+01  6.8399E-01
  8.2651E+00  1.2295E+01  5.5904E-01
  8.3528E+00  1.2196E+01  6.7365E-01
  8.4912E+00  1.1927E+01  6.7470E-01
  8.3044E+00  1.1928E+01  1.1039E+00
  8.6980E+00  1.1662E+01  8.9834E-01
  8.6978E+00  1.1681E+01  1.3379E+00
  8.9576E+00  1.1659E+01  1.3620E+00
  9.2279E+00  1.1298E+01  1.4185E+00
  8.7645E+00  1.1823E+01  1.6619E+00
  8.5025E+00  1.1991E+01  1.4915E+00
  8.2476E+00  1.1955E+01  1.3119E+00
  8.9788E+00  1.2062E+01  1.1723E+00
  9.3948E+00  1.2309E+01  1.4556E+00
  8.9524E+00 -1.2096E+01  9.3544E-01
  9.2955E+00 -1.1769E+01  1.3232E+00
  8.3530E+00 -1.0962E+01  2.0676E+00
  7.6154E+00 -1.1645E+01  2.4331E+00
  8.2346E+00 -1.1150E+01  2.3888E+00
  8.8318E+00 -1.1393E+01  1.6472E+00
  8.6090E+00 -1.1086E+01  1.8214E+00
  7.5642E+00 -1.0883E+01  2.6102E+00
  6.8879E+00 -1.0932E+01  2.2116E+00
  7.1165E+00 -1.0860E+01  2.7461E+00
  7.0429E+00 -1.0776E+01  2.3516E+00
  6.8771E+00 -1.0555E+01  2.5389E+00
  6.8400E+00 -1.0393E+01  2.6768E+00
  6.5499E+00 -1.0688E+01  2.1216E+00
  7.0312E+00 -1.0549E+01  2.5707E+00
  6.4794E+00 -1.0527E+01  2.6745E+00
  6.3600E+00 -1.0801E+01  2.0835E+00
  6.2540E+00 -1.0836E+01  2.4578E+00
  7.2421E+00 -1.0637E+01  2.5809E+00
  7.4236E+00 -1.1383E+01  3.3786E+00
  7.7284E+00 -1.1578E+01  3.2345E+00
  7.8864E+00 -1.1954E+01  3.3731E+00
  7.8812E+00  1.2331E+01  3.1684E+00
  7.1006E+00  1.1873E+01  2.8753E+00
  7.8145E+00  1.2362E+01  4.0212E+00
  7.7511E+00 -1.2295E+01  3.9796E+00
  6.7226E+00 -1.2427E+01  3.9082E+00
  6.7647E+00 -1.2574E+01  3.4413E+00
  7.4569E+00  1.2106E+01  4.0592E+00
  7.3564E+00  1.2135E+01  4.3459E+00
  7.0393E+00 -1.2166E+01  4.0653E+00
  6.6773E+00 -1.2119E+01  3.9052E+00
  6.8593E+00  1.2353E+01  4.3473E+00
  6.9169E+00  1.2518E+01  4.2487E+00
  6.4941E+00  1.2537E+01  3.9687E+00
  7.0295E+00  1.2402E+01  4.5201E+00
  7.5570E+00  1.2196E+01  4.6557E+00
  7.5491E+00  1.2545E+01  4.3930E+00
  7.6688E+00 -1.2557E+01  4.1794E+00
  7.9916E+00 -1.2517E+01  4.1144E+00
  7.9844E+00 -1.2412E+01  4.1742E+00
  7.9146E+00 -1.2430E+01  4.1104E+00
  7.7719E+00 -1.2545E+01  3.8843E+00
  7.8292E+00  1.2300E+01  3.7256E+00
  7.9593E+00  1.1843E+01  3.5130E+00
  8.0538E+00  1.1341E+01  3.2104E+00
  7.8481E+00  1.0873E+01  2.9205E+00
  7.6191E+00  1.0673E+01  2.4175E+00
  7.6973E+00  1.0354E+01  2.3223E+00
  7.4743E+00  1.0363E+01  2.4968E+00
  7.3981E+00  1.0454E+01  2.3656E+00
  7.3292E+00  1.0042E+01  2.3753E+00
  7.0581E+00  1.0056E+01  2.1302E+00
  7.3022E+00  1.0600E+01  1.8937E+00
  7.2290E+00  1.1288E+01  1.5820E+00
  6.8299E+00  1.1482E+01  1.7268E+00
  6.8159E+00  1.1465E+01  1.6416E+00
  6.9361E+00  1.1947E+01  1.7180E+00
  7.0032E+00  1.1767E+01  1.6050E+00
  6.9232E+00  1.1429E+01  1.4236E+00
  7.0800E+00  1.1481E+01  1.3107E+00
  6.6426E+00  1.1839E+01  1.0055E+00
  7.2720E+00  1.1761E+01  6.8668E-01
  6.8002E+00  1.2324E+01  1.2201E+00
  7.1218E+00  1.2199E+01  1.0083E+00
  7.4231E+00  1.2362E+01  1.1198E+00
  6.8545E+00 -1.2491E+01  1.0459E+00
  7.1214E+00 -1.2496E+01  1.0667E+00
  6.9560E+00 -1.2296E+01  1.4389E+00
  6.9465E+00 -1.2138E+01  1.1846E+00
  6.4827E+00 -1.1969E+01  1.0028E+00
  6.4195E+00 -1.1691E+01  1.0025E+00
  6.0857E+00 -1.1631E+01  8.6155E-01
  5.7528E+00 -1.1468E+01  9.4058E-01
  5.7652E+00 -1.1909E+01  5.8464E-01
  5.5224E+00 -1.1506E+01  8.6446E-01
  5.6809E+00 -1.1971E+01  5.5717E-01
  5.2176E+00 -1.2043E+01  5.2629E-01
  5.7056E+00 -1.1669E+01  9.5539E-01
  5.5028E+00 -1.1862E+01  1.0778E+00
  5.4663E+00  1.2527E+01  8.0317E-01
  5.6607E+00 -1.2535E+01  7.1092E-01
  5.3083E+00 -1.2584E+01  7.1137E-01
  5.5604E+00 -1.2164E+01  9.2382E-01
  5.8399E+00 -1.2493E+01  1.1686E+00
  5.7901E+00 -1.2316E+01  1.2631E+00
  5.4271E+00 -1.2520E+01  1.4114E+00
  5.9896E+00 -1.1822E+01  1.4496E+00
  5.9904E+00 -1.2266E+01  1.5748E+00
  5.9296E+00 -1.2576E+01  1.6084E+00
  6.0742E+00 -1.2114E+01  1.9056E+00
  6.2073E+00 -1.2524E+01  2.1913E+00
  6.0353E+00 -1.1579E+01  2.1961E+00
  6.6559E+00 -1.1284E+01  2.7095E+00
  6.6623E+00 -1.1836E+01  3.5384E+00
  6.5498E+00 -1.2331E+01  2.7459E+00
  7.0919E+00 -1.1649E+01  2.5920E+00
  7.0448E+00 -1.0744E+01  2.4893E+00
  7.3290E+00 -1.0732E+01  2.9878E+00
  6.3805E+00 -1.0540E+01  3.7337E+00
  6.2854E+00 -1.0454E+01  4.0377E+00
  7.4109E+00 -1.0460E+01  3.7675E+00
  6.9663E+00 -1.0122E+01  3.3564E+00
  6.7487E+00 -1.0399E+01  4.2376E+00
  5.9383E+00 -1.0785E+01  4.1514E+00
  7.0034E+00 -1.0013E+01  4.2450E+00
  6.7547E+00 -9.3789E+00  3.5383E+00
  6.7503E+00 -9.4552E+00  3.5037E+00
  6.6843E+00 -9.5184E+00  3.5712E+00
  6.5158E+00 -9.3043E+00  3.6499E+00
  6.3217E+00 -9.0845E+00  3.4193E+00
  6.4472E+00 -9.0642E+00  3.3533E+00
  6.5178E+00 -8.8808E+00  3.2825E+00
  5.9905E+00 -8.6684E+00  2.6176E+00
  6.4868E+00 -8.6988E+00  2.3357E+00
  6.0068E+00 -8.5728E+00  2.4717E+00
  5.9015E+00 -8.9341E+00  3.0200E+00
  5.6189E+00 -9.1188E+00  2.7432E+00
  5.5744E+00 -9.3889E+00  2.1556E+00
  5.3691E+00 -9.6733E+00  2.3942E+00
  5.7027E+00 -1.0427E+01  2.7317E+00
  5.4897E+00 -1.0767E+01  2.4588E+00
  5.2798E+00 -1.0397E+01  8.4252E-01
  5.3940E+00 -1.0545E+01  1.5085E-01
  5.2762E+00 -1.0531E+01 -7.8746E-02
  5.4835E+00 -1.1054E+01 -4.2294E-01
  5.1300E+00 -1.1297E+01 -6.0251E-01
  4.7451E+00 -1.1307E+01 -3.6964E-01
  5.0812E+00 -1.1447E+01 -1.0484E+00
  4.5617E+00 -1.1261E+01 -7.9723E-01
  4.6157E+00 -1.1251E+01 -1.3889E+00
  3.9898E+00 -1.2128E+01 -9.3838E-01
  4.0272E+00  1.2548E+01 -1.4922E+00
  3.9491E+00 -1.1559E+01 -1.4950E+00
  4.2476E+00 -1.1398E+01 -1.8973E+00
  4.8467E+00 -1.1301E+01 -1.9473E+00
  4.6587E+00 -1.1354E+01 -1.7410E+00
  5.5746E+00 -1.0932E+01 -1.3512E+00
  5.7442E+00 -1.0822E+01 -2.2744E+00
  5.3820E+00 -1.1102E+01 -1.7430E+00
  5.4948E+00 -1.0989E+01 -1.7322E+00
  5.7185E+00 -1.0956E+01 -1.5958E+00
  5.8079E+00 -1.1051E+01 -1.9896E+00
  6.1329E+00 -1.0612E+01 -1.8170E+00
  6.3928E+00 -1.0120E+01 -1.7412E+00
  6.5022E+00 -1.0044E+01 -1.0723E+00
  6.3469E+00 -1.0082E+01 -1.2904E+00
  6.6520E+00 -9.5035E+00 -1.4802E+00
  7.1393E+00 -9.0994E+00 -1.1549E+00
  7.1314E+00 -8.9562E+00 -5.3550E-01
  7.3187E+00 -9.0369E+00 -1.4888E-01
