  5.2651E+00  2.7912E+00 -5.9858E-01
  5.5060E+00  3.0558E+00 -9.1467E-01
  5.9673E+00  3.5038E+00 -1.0446E+00
  5.4108E+00  4.1985E+00 -6.3706E-01
  5.6317E+00  4.1189E+00  1.6445E-01
  6.1183E+00  3.4136E+00  5.6500E-01
  6.1299E+00  4.1969E+00  5.7723E-01
  6.0658E+00  4.6617E+00  6.9322E-01
  6.0659E+00  4.7799E+00  9.8530E-01
  5.9947E+00  4.5183E+00  1.0662E+00
  6.1660E+00  4.8288E+00  9.7983E-01
  6.2526E+00  4.9413E+00  1.1465E+00
  6.3383E+00  4.9099E+00  1.1375E+00
  6.2960E+00  5.1987E+00  1.0201E+00
  6.5899E+00  5.2464E+00  9.7960E-01
  6.5304E+00  5.3838E+00  9.0681E-01
  6.6205E+00  5.3870E+00  8.3501E-01
  6.5811E+00  5.3365E+00  7.2850E-01
  6.5857E+00  5.3548E+00  6.8915E-01
  6.6608E+00  5.0817E+00  7.2473E-01
  6.6081E+00  4.7720E+00  7.7946E-01
  6.4778E+00  4.8099E+00  7.6147E-01
  6.3596E+00  4.5199E+00  7.6852E-01
  6.4916E+00  4.0458E+00  1.0627E+00
  6.6897E+00  4.2292E+00  1.2521E+00
  6.5147E+00  4.5603E+00  1.3605E+00
  6.3636E+00  4.4000E+00  1.5732E+00
  6.4032E+00  4.3461E+00  1.5779E+00
  6.5843E+00  4.1594E+00  2.0830E+00
  6.4602E+00  4.6449E+00  1.8844E+00
  6.1947E+00  4.7046E+00  2.1354E+00
  6.3870E+00  3.3442E+00  2.2431E+00
  7.4857E+00  3.0100E+00  1.1363E+00
  7.6676E+00  3.9070E+00  1.0994E+00
  7.6037E+00  4.3580E+00  1.6877E+00
  8.4133E+00  4.3568E+00  1.0501E+00
  9.2465E+00  3.8587E+00  1.8504E+00
  9.2859E+00  4.1903E+00  1.1162E+00
  8.9463E+00  4.4594E+00  9.2699E-01
  9.7753E+00  3.5422E+00  7.7159E-01
  9.4777E+00  3.9596E+00  4.1060E-01
  9.8329E+00  4.2682E+00  5.2576E-01
  9.2129E+00  4.3140E+00  6.7758E-01
  9.8512E+00  4.4043E+00  5.2839E-01
  1.0010E+01  4.7888E+00  5.3630E-01
  1.0001E+01  4.7103E+00  2.3412E-01
  1.0356E+01  4.9836E+00  3.1446E-01
  1.0454E+01  5.1242E+00  3.6944E-01
  1.0471E+01  5.4198E+00  4.6294E-01
  1.0607E+01  5.7288E+00  5.0406E-01
  1.0608E+01  5.8170E+00  5.4050E-01
  1.0699E+01  5.2887E+00  8.2114E-01
  1.0898E+01  5.5483E+00  4.7352E-01
  1.1018E+01  5.5023E+00  6.2741E-01
  1.0768E+01  5.6352E+00  5.3836E-01
  1.0430E+01  5.8246E+00  2.6391E-01
  1.0379E+01  5.2535E+00  3.6610E-01
  1.0550E+01  5.3200E+00  2.4485E-01
  1.0403E+01  5.0939E+00  3.4541E-01
  1.0667E+01  6.0236E+00  2.7930E-01
  1.0778E+01  5.5800E+00  2.2398E-01
  1.1341E+01  5.4595E+00  4.9001E-01
  1.1309E+01  5.7924E+00  6.2600E-01
  1.1194E+01  5.9396E+00  5.2002E-01
  1.1210E+01  5.8161E+00  4.3713E-01
  1.1076E+01  5.8867E+00  6.2677E-01
  1.1337E+01  5.8281E+00  6.8231E-01
  1.1461E+01  5.5186E+00  7.1657E-01
  1.1605E+01  5.1499E+00  1.0555E+00
  1.1562E+01  5.0944E+00  8.7265E-01
  1.1547E+01  5.1733E+00  8.7826E-01
  1.1650E+01  5.0139E+00  8.2348E-01
  1.1485E+01  4.9494E+00  8.3898E-01
  1.1493E+01  4.9816E+00  9.1446E-01
  1.1781E+01  4.6989E+00  1.0394E+00
  1.1593E+01  4.7757E+00  1.1712E+00
  1.1643E+01  4.9584E+00  1.2721E+00
  1.1553E+01  4.8510E+00  1.1813E+00
  1.1440E+01  4.9167E+00  1.4133E+00
  1.1329E+01  4.8816E+00  1.5505E+00
  1.1245E+01  5.0150E+00  1.2579E+00
  1.0821E+01  4.9288E+00  1.3244E+00
  1.0880E+01  4.8993E+00  1.2774E+00
  1.0985E+01  5.0491E+00  9.8698E-01
  1.1184E+01  5.3579E+00  4.5778E-01
  1.0628E+01  4.9029E+00  5.0209E-01
  1.0477E+01  4.9209E+00  8.2664E-01
  1.0364E+01  5.0125E+00  1.1476E+00
  1.0603E+01  5.1605E+00  1.2488E+00
  1.0387E+01  5.3000E+00  1.2755E+00
  1.0376E+01  4.7250E+00  6.4974E-01
  1.0196E+01  4.7800E+00  9.8106E-01
  1.0367E+01  4.8156E+00  1.2968E+00
  9.9810E+00  4.7005E+00  1.0260E+00
  9.7640E+00  4.6655E+00  1.1006E+00
  9.7231E+00  4.9534E+00  1.0887E+00
  9.2713E+00  5.6249E+00  1.7828E+00
  8.8740E+00  5.9061E+00  1.6480E+00
  8.8468E+00  6.0084E+00  2.1151E+00
  9.0861E+00  6.1044E+00  2.0637E+00
  9.2336E+00  5.8761E+00  1.9052E+00
  9.2464E+00  5.8980E+00  2.0424E+00
  9.3796E+00  5.7546E+00  2.1635E+00
  9.4864E+00  5.5827E+00  2.1106E+00
  9.6766E+00  5.6957E+00  2.0557E+00
  9.8706E+00  5.6306E+00  2.2543E+00
  9.8479E+00  5.3158E+00  2.0729E+00
  9.4873E+00  5.6504E+00  1.7826E+00
  9.6704E+00  5.3550E+00  1.8827E+00
  9.3555E+00  5.5206E+00  1.2964E+00
  9.2313E+00  5.2914E+00  1.3411E+00
  9.2065E+00  5.1050E+00  1.0963E+00
  9.1116E+00  4.6467E+00  9.1629E-01
  9.1416E+00  4.6426E+00  1.1459E+00
  9.1502E+00  4.7726E+00  9.3420E-01
  9.0983E+00  4.3910E+00  1.3638E+00
  8.7359E+00  4.2992E+00  8.4313E-01
  8.7835E+00  4.4307E+00  1.3867E+00
  8.5658E+00  4.1619E+00  1.5196E+00
  8.3373E+00  4.1109E+00  1.0016E+00
  8.1757E+00  3.8479E+00  1.1746E+00
  8.2423E+00  3.8458E+00  1.3094E+00
  8.1364E+00  3.8988E+00  1.1635E+00
  7.8846E+00  3.8124E+00  1.0560E+00
  7.9134E+00  3.6852E+00  9.0535E-01
  7.7944E+00  3.6878E+00  1.1311E+00
  7.7547E+00  3.8539E+00  1.0292E+00
  7.3286E+00  3.5090E+00  7.0695E-01
  7.3759E+00  3.4979E+00  5.0379E-01
  7.4922E+00  3.5873E+00  6.6344E-01
  7.7315E+00  4.0602E+00  1.0092E+00
  7.4817E+00  4.1288E+00  3.1170E-01
  7.7179E+00  3.6513E+00  1.0827E-01
  7.7271E+00  4.1148E+00  6.4974E-01
  7.7894E+00  5.3485E+00  1.4099E-01
  7.6264E+00  5.2051E+00  5.2758E-01
  7.8533E+00  5.0782E+00  1.2269E-01
  7.7628E+00  4.8148E+00  3.9516E-01
  7.3310E+00  5.1054E+00  6.0639E-01
  7.6502E+00  5.6950E+00  5.4845E-01
  7.4904E+00  5.8045E+00  1.2169E+00
  7.7096E+00  5.7608E+00  8.6293E-01
  7.8364E+00  5.6417E+00  1.0268E+00
  7.7506E+00  5.7779E+00  1.4223E+00
  7.7023E+00  5.6986E+00  1.5183E+00
  8.0349E+00  5.6132E+00  1.6955E+00
  8.3386E+00  6.1621E+00  1.1502E+00
  8.6633E+00  5.8657E+00  1.9716E+00
  8.6193E+00  5.9867E+00  1.2026E+00
  8.6986E+00  6.1853E+00  1.8032E+00
  8.7400E+00  5.3680E+00  1.4455E+00
  8.5379E+00  5.4677E+00  9.2702E-01
  8.3262E+00  5.1251E+00  7.0335E-01
  8.4556E+00  5.0269E+00  4.7278E-01
  8.4095E+00  5.1861E+00  6.1014E-01
  8.3591E+00  5.2519E+00  1.3786E-01
  8.1153E+00  5.2687E+00  1.1577E-01
  8.3452E+00  4.5920E+00  2.6471E-02
  8.5807E+00  5.0645E+00 -3.2158E-01
  8.5440E+00  4.7960E+00 -5.1177E-01
  8.7802E+00  5.6221E+00 -1.0326E+00
  8.6038E+00  5.4757E+00 -1.2433E+00
  8.4656E+00  5.4545E+00 -1.3290E+00
  8.4174E+00  5.4126E+00 -1.5808E+00
  8.2311E+00  5.2538E+00 -1.6118E+00
  8.2665E+00  5.0266E+00 -1.8224E+00
  8.2976E+00  4.9805E+00 -1.9686E+00
  8.3434E+00  4.9853E+00 -2.1242E+00
  8.1751E+00  4.7864E+00 -2.0993E+00
  8.0697E+00  5.0373E+00 -2.0122E+00
  7.9464E+00  5.0765E+00 -1.9298E+00
  8.0036E+00  4.9095E+00 -1.9516E+00
  8.0481E+00  5.0198E+00 -2.0185E+00
  8.0894E+00  5.0227E+00 -2.3081E+00
  7.8684E+00  5.1454E+00 -2.2562E+00
  7.8640E+00  5.1335E+00 -2.4354E+00
  7.7244E+00  5.6007E+00 -2.5389E+00
  7.6901E+00  5.8451E+00 -2.6472E+00
  7.4468E+00  5.7032E+00 -2.7156E+00
  7.4938E+00  5.9843E+00 -3.1547E+00
  7.4104E+00  5.8526E+00 -3.0066E+00
  7.2337E+00  6.3698E+00 -3.4232E+00
  7.3913E+00  6.2384E+00 -3.8387E+00
  7.1357E+00  6.0582E+00 -3.6509E+00
  7.3461E+00  6.1049E+00 -3.6322E+00
  7.7260E+00  5.9019E+00 -3.8319E+00
  7.6842E+00  6.1543E+00 -3.8771E+00
  7.8758E+00  5.8525E+00 -3.6749E+00
  8.0483E+00  5.4435E+00 -3.5985E+00
  7.7211E+00  5.3413E+00 -3.8827E+00
  7.7934E+00  5.4640E+00 -3.7688E+00
  8.0865E+00  5.2508E+00 -3.4399E+00
  8.1547E+00  5.1798E+00 -3.4869E+00
  7.9695E+00  5.2738E+00 -3.7518E+00
  7.8584E+00  4.8208E+00 -3.4976E+00
  8.1467E+00  4.9810E+00 -3.3388E+00
  8.7153E+00  5.3439E+00 -3.5228E+00
  9.0034E+00  5.6667E+00 -3.5261E+00
  9.8090E+00  6.2828E+00 -2.7527E+00
  9.6230E+00  5.6007E+00 -3.0626E+00
  9.5599E+00  6.1847E+00 -3.8463E+00
  9.4090E+00  6.2856E+00 -3.9224E+00
  9.1020E+00  6.4308E+00 -3.7764E+00
  8.9584E+00  6.5521E+00 -3.7548E+00
  8.4421E+00  6.6846E+00 -3.5227E+00
  8.2665E+00  6.7284E+00 -3.5099E+00
  8.2215E+00  6.5671E+00 -3.4251E+00
  8.0766E+00  6.9486E+00 -3.2719E+00
  7.6396E+00  6.9159E+00 -3.2315E+00
  7.5935E+00  6.6544E+00 -3.2129E+00
  7.6366E+00  6.6754E+00 -3.1447E+00
  7.5975E+00  6.6827E+00 -3.5400E+00
  7.3852E+00  7.0264E+00 -3.5500E+00
  7.6070E+00  6.7933E+00 -3.3618E+00
  7.5179E+00  7.3135E+00 -3.4406E+00
  8.2842E+00  7.2672E+00 -3.6117E+00
  8.0988E+00  6.8620E+00 -3.5904E+00
  7.2702E+00  7.2031E+00 -3.5014E+00
  7.2000E+00  7.1594E+00 -3.4091E+00
  6.6018E+00  7.1364E+00 -3.5363E+00
  6.8532E+00  7.2555E+00 -3.4543E+00
  5.5207E+00  7.2633E+00 -2.4029E+00
  5.5546E+00  7.9814E+00 -1.3346E+00
  5.4550E+00  7.7544E+00 -1.2021E+00
  5.2654E+00  8.3668E+00 -8.9352E-01
  5.8424E+00  8.9945E+00  1.1219E-01
  5.7656E+00  9.0759E+00  1.8657E-01
  5.7226E+00  9.1593E+00  2.6566E-01
  5.8564E+00  9.2708E+00  5.8479E-01
  5.3002E+00  9.2661E+00  3.3497E-01
  5.3785E+00  9.8367E+00  6.3876E-01
  5.5322E+00  1.0045E+01  6.6522E-01
  5.1142E+00  1.0073E+01  1.5360E-01
  5.2765E+00  9.9975E+00  8.2342E-02
  5.2294E+00  9.7056E+00  3.8081E-01
  5.0560E+00  9.6453E+00  5.3250E-01
  5.2144E+00  9.5837E+00  2.6129E-01
  5.0464E+00  8.9847E+00  6.6583E-01
  4.7983E+00  8.7149E+00  8.6233E-01
  5.9779E+00  8.0543E+00  4.5900E-01
  5.2718E+00  7.9092E+00  8.8980E-01
  4.7982E+00  7.7892E+00  6.0609E-01
  5.5444E+00  8.0937E+00  6.0885E-02
  4.6908E+00  7.8599E+00  6.9505E-01
  4.0129E+00  8.5559E+00  7.0931E-01
  4.4244E+00  8.8411E+00  5.7947E-01
  4.0990E+00  8.5177E+00  8.3538E-01
  3.9431E+00  8.7695E+00  7.8548E-01
  4.1789E+00  8.7130E+00  7.1913E-01
  4.0754E+00  9.0306E+00  7.8999E-01
  4.1479E+00  8.8176E+00  8.7568E-01
  4.2877E+00  8.7046E+00  6.9617E-01
  4.3108E+00  8.8224E+00  5.9091E-01
  4.8919E+00  8.7061E+00  7.2836E-01
  4.9028E+00  8.8257E+00  8.0325E-01
  4.9237E+00  8.6201E+00  7.5522E-01
  4.9508E+00  8.7441E+00  8.4219E-01
  4.5576E+00  8.9358E+00  8.0180E-01
  4.4049E+00  8.8902E+00  7.4854E-01
  4.2458E+00  8.6731E+00  7.3520E-01
  4.2168E+00  8.6751E+00  6.8079E-01
  4.3252E+00  8.9236E+00  5.4258E-01
  3.8963E+00  9.1402E+00  4.5081E-01
  4.0282E+00  9.2312E+00  4.4332E-01
  4.2502E+00  9.1523E+00  3.8770E-01
  4.4844E+00  9.0940E+00  2.2206E-01
  4.4182E+00  9.3381E+00  1.6904E-01
  4.1616E+00  9.4158E+00  1.9760E-02
  4.1133E+00  9.5744E+00 -1.7367E-01
  4.3964E+00  9.8646E+00 -1.3616E-01
  4.0614E+00  1.0180E+01 -4.6440E-01
  3.3304E+00  9.7258E+00 -7.7410E-01
  3.4089E+00  1.0143E+01 -9.7002E-01
  3.6726E+00  9.9494E+00 -1.1568E+00
  3.9531E+00  1.0461E+01 -1.1945E+00
  3.8207E+00  1.0172E+01 -9.9303E-01
  3.9543E+00  9.8915E+00 -1.1112E+00
  3.8609E+00  9.9025E+00 -1.2898E+00
  3.9705E+00  9.9916E+00 -1.0323E+00
  4.2670E+00  9.8836E+00 -8.5782E-01
  4.3471E+00  9.5847E+00 -9.6373E-01
  4.2878E+00  9.5817E+00 -7.2326E-01
  4.2416E+00  9.3371E+00 -7.8359E-01
  4.2389E+00  9.2431E+00 -8.8051E-01
  4.0649E+00  9.0501E+00 -1.0233E+00
  4.0813E+00  9.1945E+00 -1.2042E+00
  3.9851E+00  9.0481E+00 -1.3312E+00
  3.8141E+00  9.3110E+00 -1.5737E+00
  3.6941E+00  9.4163E+00 -1.9352E+00
  3.8400E+00  9.1298E+00 -1.5006E+00
  3.7430E+00  9.1619E+00 -1.4147E+00
  3.8374E+00  9.1846E+00 -1.3198E+00
  3.5747E+00  9.1271E+00 -1.2788E+00
  3.4958E+00  9.2287E+00 -1.4418E+00
  3.5868E+00  9.3372E+00 -1.4997E+00
  3.5059E+00  9.2502E+00 -1.4915E+00
  3.5667E+00  8.9655E+00 -1.2581E+00
  3.4198E+00  8.8545E+00 -1.2601E+00
  3.3881E+00  8.7330E+00 -1.3949E+00
  3.3669E+00  8.5935E+00 -1.3224E+00
  3.2821E+00  8.7835E+00 -1.4927E+00
  3.3159E+00  8.8233E+00 -1.3130E+00
  3.6532E+00  9.0871E+00 -1.1288E+00
  3.1332E+00  8.4977E+00 -2.2471E+00
  3.4688E+00  7.7501E+00 -2.5679E+00
  3.4245E+00  7.5890E+00 -2.0493E+00
  3.6034E+00  7.5798E+00 -2.5303E+00
  2.8501E+00  7.9660E+00 -3.3463E+00
  2.8978E+00  8.1804E+00 -3.5930E+00
  3.3310E+00  7.9485E+00 -3.4490E+00
  3.3101E+00  8.4174E+00 -3.5438E+00
  3.5599E+00  8.5590E+00 -3.8473E+00
  3.7377E+00  8.2652E+00 -3.8325E+00
  3.0967E+00  8.4864E+00 -3.2826E+00
  2.6862E+00  8.9773E+00 -2.7326E+00
  2.7316E+00  8.5823E+00 -2.7312E+00
  2.8203E+00  8.9550E+00 -2.7425E+00
  2.9793E+00  9.2182E+00 -2.2372E+00
  3.1458E+00  8.5519E+00 -2.5354E+00
  3.0158E+00  8.6818E+00 -2.5446E+00
  3.0156E+00  9.2250E+00 -1.8960E+00
  3.0864E+00  8.6498E+00 -1.8916E+00
  3.4284E+00  8.1706E+00 -2.0192E+00
  3.0454E+00  8.8091E+00 -1.1377E+00
  3.3921E+00  8.8254E+00 -3.2447E-01
  3.1645E+00  8.3767E+00 -6.8723E-01
  3.4966E+00  8.4809E+00 -1.3952E+00
  3.4447E+00  9.3124E+00 -4.5908E-01
  4.0752E+00  9.2152E+00  4.1984E-02
  3.9547E+00  9.5008E+00 -1.2132E+00
  4.4345E+00  9.1586E+00 -1.2230E+00
  3.9256E+00  8.8617E+00 -5.6520E-01
  4.4659E+00  7.8375E+00 -5.0851E-03
  4.3321E+00  7.7054E+00 -2.4263E-01
  4.7062E+00  7.3055E+00 -1.5915E-01
  5.0138E+00  7.0540E+00 -5.7913E-02
  4.9627E+00  7.2491E+00 -2.1050E-01
  4.9942E+00  6.7795E+00 -3.5829E-01
  5.0985E+00  6.9251E+00 -1.2727E-01
  5.0988E+00  6.8533E+00 -1.7793E-01
  4.9367E+00  7.1430E+00 -5.7514E-01
  4.1316E+00  7.3065E+00 -3.1510E-01
  3.7361E+00  7.6195E+00 -3.2183E-01
  3.7500E+00  7.1867E+00  1.9352E-01
  3.0586E+00  7.0342E+00  1.2198E-01
  3.0388E+00  7.0409E+00 -1.7219E-01
  2.3289E+00  7.1583E+00 -6.3252E-01
  2.7500E+00  7.2247E+00 -9.7400E-01
  2.5265E+00  7.0850E+00 -1.0767E+00
  2.8126E+00  7.4485E+00 -1.5282E+00
  3.1964E+00  7.2987E+00 -1.2702E+00
  3.3078E+00  7.2139E+00 -1.5729E+00
  3.9383E+00  7.9901E+00 -1.9372E+00
  3.6740E+00  7.3302E+00 -2.1637E+00
  3.0812E+00  7.7643E+00 -1.4697E+00
  3.8267E+00  8.4747E+00 -1.6456E+00
  4.0861E+00  8.5104E+00 -1.8184E+00
  3.8087E+00  8.4613E+00 -1.8298E+00
  4.7127E+00  8.1987E+00 -2.2658E+00
  4.4785E+00  8.5896E+00 -2.5592E+00
  3.9754E+00  9.1878E+00 -2.8195E+00
  3.8583E+00  1.0667E+01 -3.1136E+00
  4.0480E+00  1.1352E+01 -4.0166E+00
  4.0812E+00  1.0881E+01 -4.9220E+00
  4.7025E+00  1.1901E+01 -4.8926E+00
  4.8680E+00  1.2169E+01 -3.7057E+00
  4.3883E+00  1.2278E+01 -3.3443E+00
  5.1990E+00  1.1982E+01 -3.6321E+00
  5.1392E+00  1.2595E+01 -3.4920E+00
  4.7929E+00 -1.2312E+01 -3.4440E+00
  5.4395E+00 -1.1865E+01 -4.1463E+00
  4.9935E+00 -1.1307E+01 -4.7967E+00
  4.5444E+00 -1.0254E+01 -4.5484E+00
  4.7907E+00 -9.5317E+00 -3.4063E+00
  4.9366E+00 -9.3987E+00 -3.0022E+00
  5.0020E+00 -9.2550E+00 -2.9215E+00
  6.0232E+00 -9.1737E+00 -2.2116E+00
  6.6870E+00 -9.7952E+00 -1.6329E+00
  6.6902E+00 -9.3045E+00 -8.2873E-01
  6.5954E+00 -9.3025E+00  1.6613E-02
  5.6574E+00 -9.2245E+00 -5.1969E-02
  6.1695E+00 -9.1996E+00 -4.4425E-01
  7.1348E+00 -8.8840E+00  2.1605E-01
  7.7302E+00 -9.4772E+00  9.7433E-01
  7.7225E+00 -9.8890E+00  1.8043E+00
  7.3962E+00 -1.0404E+01  2.3793E+00
  6.2146E+00 -1.0609E+01  2.3300E+00
  5.9561E+00 -1.0301E+01  1.9691E+00
  6.0451E+00 -1.0550E+01  2.6399E+00
  6.8138E+00 -1.0490E+01  3.3347E+00
  7.3711E+00 -9.9557E+00  3.3679E+00
  7.5651E+00 -9.4757E+00  2.8491E+00
  7.2541E+00 -8.9708E+00  2.6269E+00
  7.1977E+00 -9.0659E+00  2.2048E+00
  7.2068E+00 -9.0239E+00  2.1107E+00
  7.7134E+00 -9.2600E+00  2.2284E+00
  7.8418E+00 -9.7104E+00  2.9549E+00
  6.4952E+00 -9.7023E+00  2.7388E+00
  6.5895E+00 -9.0563E+00  1.8816E+00
  6.9391E+00 -9.2397E+00  2.7216E+00
