  6.0678E+00  4.0036E+00 -2.0092E-01
  5.0786E+00  3.6598E+00  3.9859E-01
  5.0494E+00  2.9689E+00  2.4765E-02
  5.3500E+00  2.8288E+00 -1.0765E-02
  5.3771E+00  3.0143E+00 -8.2911E-01
  5.2130E+00  3.3212E+00 -6.3672E-01
  5.3235E+00  3.3872E+00 -4.0586E-01
  5.5216E+00  3.6596E+00 -2.9254E-01
  5.4584E+00  3.9163E+00 -9.0420E-02
  5.5818E+00  3.6426E+00 -8.9106E-02
  5.2784E+00  3.8504E+00  2.5390E-01
  5.3606E+00  3.9803E+00  4.0286E-01
  5.4583E+00  4.0680E+00  2.4930E-01
  5.3822E+00  4.4767E+00  6.3065E-02
  5.6225E+00  4.7440E+00 -6.1506E-02
  5.5246E+00  4.7319E+00 -7.2536E-03
  5.5879E+00  4.6579E+00  1.3798E-02
  5.5824E+00  4.6721E+00 -1.8440E-01
  5.5102E+00  4.6528E+00 -9.9984E-02
  5.5159E+00  4.3825E+00  3.7279E-02
  5.4548E+00  4.1804E+00  9.9721E-03
  5.4699E+00  4.0207E+00 -3.4452E-02
  5.5129E+00  3.7119E+00 -1.8148E-01
  5.7885E+00  3.2486E+00 -6.0075E-03
  5.5775E+00  3.4770E+00  5.6699E-01
  5.4500E+00  3.7365E+00  6.8237E-01
  6.0561E+00  3.6932E+00  2.7777E-01
  5.4817E+00  3.2087E+00  1.2183E+00
  5.6302E+00  3.7091E+00  1.0064E+00
  6.0686E+00  3.8221E+00  6.8359E-01
  6.6759E+00  4.3461E+00  7.5257E-01
  7.0086E+00  4.6800E+00  1.9243E+00
  6.8768E+00  4.2752E+00  1.6848E+00
  7.9176E+00  4.0306E+00  2.5808E+00
  8.1257E+00  3.3314E+00  2.6602E+00
  7.4324E+00  3.3580E+00  1.6091E+00
  8.0444E+00  4.7172E+00  1.5503E+00
  7.8563E+00  4.3809E+00  1.5543E+00
  8.1359E+00  3.6127E+00  1.8748E+00
  9.0287E+00  4.7024E+00  1.3788E+00
  9.8437E+00  4.7889E+00  1.6149E+00
  1.0252E+01  4.4091E+00  1.9668E+00
  1.0322E+01  4.7830E+00  1.5846E+00
  1.0624E+01  4.3487E+00  1.8212E+00
  1.0547E+01  4.5882E+00  1.9304E+00
  1.0478E+01  5.2004E+00  1.5776E+00
  1.0080E+01  5.3972E+00  1.7376E+00
  9.9317E+00  6.0206E+00  1.4632E+00
  9.5361E+00  6.2710E+00  1.2832E+00
  9.4251E+00  6.1634E+00  1.3331E+00
  1.0534E+01  6.5654E+00  1.8469E+00
  1.1361E+01  6.4061E+00  1.5865E+00
  1.1205E+01  6.8229E+00  1.2172E+00
  1.1137E+01  6.9001E+00  1.1788E+00
  1.1141E+01  6.4375E+00  1.7587E+00
  1.0958E+01  5.5604E+00  1.6509E+00
  1.0813E+01  6.6570E+00  7.0400E-01
  1.0572E+01  6.6698E+00  9.1528E-01
  1.1111E+01  6.2534E+00  9.9850E-01
  1.1194E+01  5.3642E+00  1.5278E+00
  1.1354E+01  5.4659E+00  1.6124E+00
  1.0655E+01  6.5444E+00  1.2798E+00
  1.1322E+01  6.6633E+00  1.8563E+00
  1.1706E+01  5.7609E+00  1.9264E+00
  1.1468E+01  6.3361E+00  1.8282E+00
  1.1204E+01  6.8578E+00  1.7726E+00
  1.1547E+01  6.3983E+00  2.0617E+00
  1.1714E+01  6.0728E+00  2.0953E+00
  1.1630E+01  6.2765E+00  2.0567E+00
  1.1933E+01  5.9776E+00  2.0365E+00
  1.1791E+01  5.4280E+00  2.3438E+00
  1.1687E+01  5.3190E+00  2.2992E+00
  1.1679E+01  5.3475E+00  2.2797E+00
  1.1723E+01  5.2291E+00  2.3836E+00
  1.1779E+01  5.4322E+00  2.3564E+00
  1.1698E+01  5.3922E+00  2.5426E+00
  1.1543E+01  5.3460E+00  2.7253E+00
  1.1661E+01  5.3087E+00  2.6134E+00
  1.1312E+01  5.4685E+00  2.8102E+00
  1.0938E+01  5.4432E+00  2.8936E+00
  1.0905E+01  5.5704E+00  2.6174E+00
  1.1230E+01  5.9975E+00  2.3055E+00
  1.1039E+01  5.9432E+00  2.3532E+00
  1.0081E+01  5.8763E+00  1.8656E+00
  1.0430E+01  5.6699E+00  1.7255E+00
  1.0585E+01  5.9968E+00  1.5383E+00
  1.1249E+01  6.2127E+00  9.1769E-01
  1.1341E+01  5.6576E+00  1.9736E-01
  1.0254E+01  5.7383E+00 -9.8931E-02
  1.1153E+01  5.4063E+00 -1.8561E-02
  1.0959E+01  5.8701E+00  1.4379E+00
  1.1557E+01  5.3894E+00  1.1986E+00
  1.1472E+01  4.9153E+00  2.7664E-01
  1.1430E+01  5.0008E+00  1.3135E+00
  1.0850E+01  5.2893E+00  1.9395E+00
  1.0900E+01  5.3169E+00  1.9569E+00
  1.0765E+01  5.4356E+00  1.7069E+00
  1.0213E+01  5.6882E+00  2.3044E+00
  1.0224E+01  5.4116E+00  2.2583E+00
  1.0396E+01  5.4841E+00  2.4783E+00
  1.0523E+01  5.8767E+00  2.6854E+00
  1.0658E+01  5.9617E+00  2.5671E+00
  1.0686E+01  5.8644E+00  2.9082E+00
  1.0723E+01  5.5455E+00  2.9724E+00
  1.1096E+01  5.2290E+00  2.2544E+00
  1.1329E+01  5.2521E+00  2.2932E+00
  1.1297E+01  5.3321E+00  2.4891E+00
  1.0806E+01  5.1479E+00  2.3112E+00
  1.1106E+01  5.1621E+00  1.4660E+00
  1.0568E+01  5.0518E+00  2.0594E+00
  1.0539E+01  4.5414E+00  1.3626E+00
  1.0566E+01  4.4879E+00  1.3025E+00
  1.0472E+01  4.5495E+00  1.5587E+00
  1.0375E+01  3.9214E+00  6.6453E-01
  1.0213E+01  3.7394E+00  1.2095E+00
  1.0578E+01  4.1108E+00  1.2945E+00
  1.0004E+01  4.1712E+00  1.6481E+00
  9.4637E+00  3.0857E+00  1.4102E+00
  9.2088E+00  2.8281E+00  1.2377E+00
  9.2986E+00  3.3331E+00  1.8637E+00
  9.2878E+00  3.1263E+00  1.8919E+00
  8.7760E+00  2.4418E+00  1.4370E+00
  8.4771E+00  2.4674E+00  1.4910E+00
  8.6212E+00  2.7536E+00  1.8361E+00
  8.3851E+00  2.4737E+00  1.6682E+00
  7.6936E+00  2.2151E+00  8.2581E-01
  7.3678E+00  2.4531E+00  6.2894E-01
  8.2274E+00  2.5578E+00  1.4550E+00
  8.4087E+00  2.8518E+00  1.3915E+00
  8.2600E+00  2.4598E+00  2.2108E-02
  7.9679E+00  2.9391E+00  2.9603E-02
  8.6737E+00  4.1378E+00  1.2344E+00
  7.6134E+00  5.0217E+00  7.2740E-01
  8.1965E+00  5.4966E+00  1.0272E+00
  8.5409E+00  5.4865E+00  1.4403E+00
  8.4336E+00  6.2463E+00  1.2600E+00
  8.3046E+00  6.2897E+00  8.9781E-01
  8.2631E+00  5.7377E+00  1.4769E+00
  8.0497E+00  6.3187E+00  1.1389E+00
  8.4935E+00  6.4774E+00  1.5225E+00
  8.5487E+00  6.8504E+00  1.4580E+00
  8.5382E+00  6.7461E+00  1.6469E+00
  8.6797E+00  6.4887E+00  1.9452E+00
  8.7104E+00  6.5327E+00  2.3061E+00
  8.5006E+00  6.8112E+00  2.1485E+00
  8.6136E+00  6.8486E+00  2.3366E+00
  9.4371E+00  6.9570E+00  1.8087E+00
  9.7198E+00  6.9327E+00  1.8393E+00
  9.4447E+00  7.0810E+00  1.8297E+00
  1.0175E+01  6.4744E+00  1.8917E+00
  1.0025E+01  5.8425E+00  2.0747E+00
  9.6312E+00  5.5816E+00  1.9585E+00
  9.2875E+00  5.4420E+00  1.8203E+00
  9.0357E+00  5.5056E+00  1.7791E+00
  9.4153E+00  5.4461E+00  1.7023E+00
  9.0831E+00  4.6230E+00  1.3008E+00
  8.9811E+00  4.0861E+00  4.6805E-01
  9.5342E+00  3.8023E+00  5.1113E-01
  9.3246E+00  3.8057E+00  4.4759E-02
  9.9912E+00  4.3747E+00 -4.9779E-01
  9.0558E+00  4.4320E+00 -1.4943E-01
  9.4331E+00  4.4274E+00 -5.4651E-01
  9.4607E+00  4.3571E+00 -1.6078E+00
  9.0882E+00  4.0627E+00 -1.5807E+00
  9.1687E+00  4.1285E+00 -1.2556E+00
  9.3920E+00  4.1198E+00 -1.3944E+00
  9.2354E+00  3.8013E+00 -1.9229E+00
  9.0348E+00  3.7161E+00 -1.6960E+00
  9.1633E+00  3.8932E+00 -1.3938E+00
  9.1249E+00  4.1541E+00 -1.3968E+00
  9.0308E+00  4.0633E+00 -1.6659E+00
  9.1153E+00  3.9758E+00 -1.5461E+00
  9.1115E+00  4.3328E+00 -1.2004E+00
  8.8347E+00  4.4257E+00 -1.1418E+00
  8.8171E+00  4.3645E+00 -1.3831E+00
  8.7194E+00  4.2775E+00 -1.5367E+00
  8.2624E+00  4.6333E+00 -1.5158E+00
  8.1074E+00  5.0023E+00 -1.4691E+00
  7.8449E+00  5.4081E+00 -1.2920E+00
  7.8361E+00  5.2499E+00 -1.8836E+00
  8.0194E+00  5.4063E+00 -1.7019E+00
  7.5370E+00  5.6895E+00 -2.1127E+00
  6.8885E+00  5.6698E+00 -2.5364E+00
  7.4705E+00  5.8509E+00 -2.1959E+00
  7.2542E+00  6.0097E+00 -2.1306E+00
  7.3303E+00  6.1238E+00 -2.3944E+00
  7.8517E+00  5.9648E+00 -2.3911E+00
  7.6353E+00  5.8214E+00 -2.1872E+00
  8.1324E+00  5.7903E+00 -2.1340E+00
  7.7083E+00  5.5487E+00 -2.3897E+00
  7.7472E+00  5.5347E+00 -2.2638E+00
  7.7415E+00  5.4603E+00 -1.9876E+00
  7.5336E+00  5.6565E+00 -2.1988E+00
  8.2353E+00  5.3570E+00 -2.2704E+00
  8.1964E+00  5.6365E+00 -2.2758E+00
  8.3001E+00  5.8950E+00 -2.1500E+00
  9.0217E+00  5.9106E+00 -2.1600E+00
  8.2887E+00  5.9387E+00 -2.2270E+00
  8.4886E+00  5.6336E+00 -2.4249E+00
  8.4395E+00  5.9291E+00 -2.1887E+00
  9.0719E+00  5.4696E+00 -2.6124E+00
  8.8590E+00  5.6157E+00 -2.6893E+00
  9.0386E+00  5.2696E+00 -2.8174E+00
  8.6574E+00  5.4421E+00 -2.7804E+00
  9.0282E+00  5.5197E+00 -2.7666E+00
  8.7391E+00  5.8107E+00 -2.4114E+00
  8.4851E+00  5.7778E+00 -2.1683E+00
  8.4912E+00  6.0242E+00 -2.1557E+00
  8.3842E+00  6.1075E+00 -2.1999E+00
  8.3831E+00  6.1454E+00 -2.0340E+00
  8.6553E+00  6.4911E+00 -2.0490E+00
  8.4046E+00  6.3584E+00 -2.3090E+00
  8.2101E+00  6.1828E+00 -2.6118E+00
  8.7227E+00  6.5963E+00 -2.3675E+00
  8.5145E+00  6.5349E+00 -2.6203E+00
  8.3077E+00  6.5931E+00 -2.2637E+00
  8.0239E+00  6.6079E+00 -2.1065E+00
  7.9924E+00  6.6478E+00 -2.3004E+00
  7.8254E+00  6.7699E+00 -2.0940E+00
  7.4884E+00  6.7354E+00 -2.3850E+00
  6.9368E+00  6.7352E+00 -2.0420E+00
  6.8845E+00  6.8130E+00 -1.9452E+00
  6.4550E+00  6.9197E+00 -1.9129E+00
  6.9509E+00  7.6860E+00 -1.3745E+00
  6.3846E+00  7.3626E+00 -9.9904E-01
  6.0010E+00  7.6730E+00 -5.9545E-01
  5.9965E+00  8.0626E+00 -9.0525E-01
  6.1272E+00  8.2107E+00 -8.3364E-01
  6.0178E+00  8.4292E+00 -6.5531E-01
  6.1552E+00  8.3803E+00 -5.3475E-01
  5.6950E+00  8.5592E+00 -9.6135E-02
  5.3749E+00  8.6280E+00  1.7682E-01
  5.5882E+00  8.6448E+00  6.0596E-02
  5.4639E+00  8.5283E+00 -1.9801E-01
  5.5802E+00  8.3547E+00 -1.8851E-01
  5.3465E+00  8.1986E+00  2.2457E-01
  4.7880E+00  8.1410E+00  3.5580E-01
  4.8572E+00  7.5526E+00  2.3514E-01
  4.6031E+00  7.3419E+00  2.7177E-01
  4.6464E+00  7.4478E+00  8.2131E-01
  4.5361E+00  7.0107E+00 -7.1360E-02
  4.7891E+00  6.7603E+00 -4.9548E-01
  4.4900E+00  7.0215E+00  1.6577E-01
  4.4187E+00  6.8416E+00 -3.8251E-01
  4.2715E+00  7.2218E+00  5.6969E-02
  3.9922E+00  7.4308E+00  2.6882E-01
  3.1405E+00  7.6471E+00  6.3646E-02
  3.7868E+00  7.4582E+00  5.8747E-02
  4.2038E+00  7.4110E+00 -4.0019E-02
  4.2662E+00  7.5905E+00  3.8771E-01
  4.0421E+00  7.7025E+00 -1.3299E-01
  4.1034E+00  7.7899E+00 -4.8771E-01
  4.4558E+00  7.4911E+00 -1.0115E-01
  4.1824E+00  7.7549E+00 -2.0113E-01
  4.7901E+00  7.5617E+00 -1.0195E-02
  4.5360E+00  7.3429E+00  5.4882E-02
  4.4799E+00  7.4244E+00  2.8647E-01
  4.4864E+00  7.6945E+00 -5.0316E-02
  4.3621E+00  7.6718E+00 -1.3802E-01
  4.0414E+00  7.5970E+00 -3.0041E-01
  4.1909E+00  7.6404E+00 -4.1513E-01
  4.1389E+00  7.7606E+00 -3.9809E-01
  3.9257E+00  7.8066E+00 -2.5119E-01
  3.9341E+00  7.9970E+00 -4.1690E-01
  3.8396E+00  8.2013E+00 -7.0738E-01
  4.0878E+00  8.1757E+00 -9.0560E-01
  4.5160E+00  8.2598E+00 -8.7968E-01
  4.6270E+00  8.4179E+00 -1.0097E+00
  4.6504E+00  8.5277E+00 -1.1161E+00
  4.2223E+00  8.6004E+00 -9.3845E-01
  3.8810E+00  8.9163E+00 -1.2658E+00
  3.9712E+00  9.1163E+00 -1.9948E+00
  3.5760E+00  9.0151E+00 -1.9557E+00
  3.8881E+00  9.3263E+00 -2.5124E+00
  4.0196E+00  9.3195E+00 -2.1767E+00
  4.1494E+00  9.2546E+00 -2.1428E+00
  4.3777E+00  9.3045E+00 -2.4334E+00
  5.2551E+00  9.5065E+00 -1.7040E+00
  5.0494E+00  9.1110E+00 -1.6090E+00
  5.0044E+00  9.4219E+00 -2.0888E+00
  5.5068E+00  9.1237E+00 -1.8092E+00
  5.0708E+00  8.8072E+00 -1.7524E+00
  5.1351E+00  8.7262E+00 -1.8326E+00
  5.1534E+00  8.5612E+00 -1.8658E+00
  4.9242E+00  8.2668E+00 -1.9826E+00
  4.6717E+00  8.0348E+00 -1.9650E+00
  4.9431E+00  8.0032E+00 -1.8438E+00
  4.6662E+00  8.0824E+00 -1.7650E+00
  4.5763E+00  8.2312E+00 -1.6363E+00
  5.0475E+00  8.2873E+00 -1.8235E+00
  4.5091E+00  7.9577E+00 -1.8997E+00
  4.3539E+00  7.8858E+00 -1.8842E+00
  4.3558E+00  7.8697E+00 -1.5634E+00
  4.0133E+00  7.8173E+00 -1.5530E+00
  3.9054E+00  7.8684E+00 -1.6157E+00
  4.2887E+00  7.9704E+00 -1.3446E+00
  4.3475E+00  7.6791E+00 -1.1714E+00
  4.3357E+00  7.6770E+00 -1.0442E+00
  4.4432E+00  7.7051E+00 -1.0749E+00
  4.4530E+00  7.5550E+00 -1.2040E+00
  4.3155E+00  7.8692E+00 -8.8571E-01
  4.3402E+00  7.7515E+00 -1.0405E+00
  4.1253E+00  7.6591E+00 -1.2307E+00
  3.9410E+00  8.1700E+00 -1.0174E+00
  3.3227E+00  8.3983E+00 -1.2148E+00
  3.2380E+00  9.0256E+00 -1.6327E+00
  3.1250E+00  8.6323E+00 -1.5631E+00
  3.1015E+00  8.2191E+00 -1.8817E+00
  3.3053E+00  8.1987E+00 -2.1418E+00
  3.4409E+00  8.6652E+00 -2.1274E+00
  3.6329E+00  8.5432E+00 -2.0767E+00
  3.6251E+00  8.6990E+00 -2.3479E+00
  3.7806E+00  8.3175E+00 -2.3267E+00
  3.8391E+00  8.5044E+00 -1.9708E+00
  3.7423E+00  8.3631E+00 -1.8497E+00
  3.8274E+00  8.5944E+00 -1.6962E+00
  3.6351E+00  8.5347E+00 -1.5461E+00
  4.0563E+00  8.4179E+00 -1.5504E+00
  3.9706E+00  8.5729E+00 -1.2739E+00
  3.8080E+00  8.5542E+00 -1.2685E+00
  4.0628E+00  8.2875E+00 -1.3513E+00
  4.2967E+00  8.3159E+00 -1.0574E+00
  4.2579E+00  8.3996E+00 -7.8156E-01
  4.4394E+00  8.3072E+00 -8.6005E-01
  4.2814E+00  7.9132E+00 -1.1303E+00
  4.6410E+00  8.0784E+00 -7.4363E-01
  4.6092E+00  8.2918E+00 -3.9589E-01
  4.4740E+00  8.2244E+00 -6.2954E-01
  4.3559E+00  8.1799E+00 -1.0171E+00
  4.4661E+00  8.1777E+00 -7.0328E-01
  4.2863E+00  8.3191E+00  2.0165E-02
  4.7761E+00  8.3915E+00  5.8709E-01
  4.0317E+00  9.0872E+00  7.1733E-01
  4.3322E+00  8.2693E+00  1.1553E+00
  4.4897E+00  8.3905E+00  8.6457E-01
  4.8383E+00  7.8548E+00  1.2071E+00
  4.7597E+00  6.3586E+00  9.8862E-01
  4.6309E+00  6.2594E+00  1.0091E+00
  4.5972E+00  6.9050E+00  1.2942E+00
  4.5506E+00  7.4985E+00  1.0692E+00
  3.9732E+00  7.3851E+00  5.5854E-01
  3.6870E+00  7.7581E+00  1.0526E+00
  3.3608E+00  7.6132E+00  1.1381E+00
  2.5765E+00  7.9981E+00  6.8007E-01
  2.5446E+00  8.4028E+00 -2.4502E-01
  3.4459E+00  8.4800E+00  1.5655E-02
  3.1219E+00  8.4359E+00 -5.2770E-01
  3.3489E+00  8.2539E+00 -4.9685E-02
  3.4273E+00  8.1103E+00 -4.3668E-01
  3.1580E+00  8.4121E+00 -4.2175E-01
  3.0031E+00  8.5711E+00 -4.8542E-01
  3.2933E+00  8.3808E+00 -6.1885E-01
  3.2485E+00  8.2204E+00 -6.1680E-01
  3.5783E+00  8.1057E+00 -8.7466E-01
  4.0972E+00  8.7935E+00 -1.8948E+00
  4.3188E+00  7.9394E+00 -2.9661E+00
  2.9529E+00  8.1134E+00 -2.7297E+00
  3.3977E+00  9.0529E+00 -3.1539E+00
  3.5509E+00  8.8880E+00 -2.9345E+00
  3.7953E+00  9.1503E+00 -3.7803E+00
  4.5663E+00  9.3941E+00 -4.1908E+00
  4.5451E+00  1.0031E+01 -4.2951E+00
  4.9673E+00  1.0246E+01 -4.4665E+00
  4.5966E+00  1.0218E+01 -3.6699E+00
  4.5540E+00  1.0493E+01 -4.3760E+00
  4.7911E+00  1.1565E+01 -5.0848E+00
  4.1346E+00 -1.2498E+01 -4.7694E+00
  3.7924E+00  1.2518E+01 -3.7159E+00
  3.7446E+00 -1.2186E+01 -3.8853E+00
  3.7771E+00 -1.1428E+01 -4.1213E+00
  4.4268E+00 -1.1231E+01 -3.2270E+00
  5.1920E+00 -1.1427E+01 -3.3073E+00
  5.7359E+00 -1.1071E+01 -4.1181E+00
  5.9446E+00 -1.0162E+01 -4.1431E+00
  5.7269E+00 -9.8023E+00 -4.2208E+00
  5.6658E+00 -1.0096E+01 -3.9817E+00
  6.2422E+00 -9.9255E+00 -3.4997E+00
  6.1482E+00 -1.0266E+01 -2.9597E+00
  6.6313E+00 -1.0277E+01 -1.9793E+00
  7.0356E+00 -1.0017E+01 -1.2357E+00
  6.7323E+00 -1.0278E+01 -1.3044E-01
  6.8197E+00 -1.0336E+01  3.0280E-01
  6.9153E+00 -1.0373E+01  2.9146E-01
  6.9352E+00 -1.0756E+01  8.9832E-01
  6.9561E+00 -1.0886E+01  9.7290E-01
  7.3202E+00 -1.0333E+01  8.7553E-01
  7.3274E+00 -1.0778E+01  1.3273E+00
  7.2645E+00 -1.0977E+01  1.6460E+00
  7.2713E+00 -1.0534E+01  1.7633E+00
  6.8510E+00 -1.0330E+01  1.8364E+00
  6.9408E+00 -1.0262E+01  1.9560E+00
  6.7883E+00 -1.0585E+01  2.1875E+00
  7.1003E+00 -1.0443E+01  2.3398E+00
  6.9693E+00 -1.0515E+01  2.5531E+00
  6.7694E+00 -1.0463E+01  2.2068E+00
  7.0766E+00 -1.0610E+01  2.0157E+00
  7.1977E+00 -1.0508E+01  1.8500E+00
  7.4807E+00 -1.0360E+01  1.8068E+00
  7.3880E+00 -1.0335E+01  1.8846E+00
  7.9020E+00 -1.0143E+01  1.9938E+00
