  5.9593E+00  9.9198E+00 -6.1426E-02
  6.3507E+00  9.9262E+00 -3.9449E-01
  6.4346E+00  8.3231E+00 -3.9865E-01
  6.4765E+00  8.7972E+00 -1.1311E+00
  6.5633E+00  9.0413E+00 -9.2861E-01
  7.6808E+00  9.7993E+00 -6.0232E-01
  7.8789E+00  9.7428E+00 -6.1336E-01
  7.6465E+00  9.6966E+00 -2.9478E-01
  7.7179E+00  9.9415E+00 -6.3165E-01
  7.7350E+00  9.8942E+00 -1.8804E-01
  7.6939E+00  1.0023E+01  2.7110E-02
  7.8750E+00  1.0018E+01 -1.9457E-01
  7.8887E+00  9.7872E+00 -7.4438E-02
  7.8771E+00  9.7799E+00 -7.6964E-02
  8.0318E+00  9.6858E+00 -1.7608E-01
  8.0720E+00  9.6860E+00 -1.8816E-01
  7.9507E+00  9.7238E+00  1.5110E-03
  7.7996E+00  9.6174E+00 -2.8531E-01
  7.6609E+00  9.8801E+00 -1.0313E-01
  7.9318E+00  9.8166E+00 -1.8474E-02
  7.6863E+00  9.8947E+00 -3.3863E-01
  7.8194E+00  9.9322E+00 -4.8668E-01
  7.7956E+00  1.0072E+01 -4.5368E-01
  7.5609E+00  1.0321E+01 -5.3308E-01
  7.1853E+00  1.0438E+01 -9.6850E-01
  7.2628E+00  1.0715E+01 -3.0347E-01
  7.5338E+00  1.0851E+01 -1.1011E+00
  7.4220E+00  1.1065E+01 -1.1619E+00
  7.7439E+00  1.1769E+01 -1.7214E+00
  7.5232E+00  1.2010E+01 -1.9129E+00
  6.8696E+00  1.1859E+01 -1.8865E+00
  7.2378E+00  1.1904E+01 -1.7136E+00
  7.0830E+00 -1.2362E+01 -1.9090E+00
  7.2690E+00  1.2321E+01 -1.1832E+00
  6.9559E+00  1.2444E+01 -5.2223E-01
  7.0892E+00 -1.2210E+01 -4.3419E-01
  6.9825E+00 -1.2246E+01 -7.4160E-01
  7.0563E+00 -1.1538E+01 -7.4276E-01
  6.8913E+00 -1.1354E+01 -4.5107E-01
  6.7322E+00 -1.1873E+01 -3.8147E-01
  6.7870E+00 -1.2121E+01 -4.6542E-01
  6.9395E+00 -1.2056E+01 -4.2297E-01
  7.0922E+00 -1.1916E+01 -3.7886E-01
  6.9270E+00 -1.1978E+01 -7.6479E-01
  6.9099E+00 -1.2222E+01 -6.5998E-01
  6.8666E+00 -1.2337E+01 -1.0402E+00
  7.0491E+00 -1.2163E+01 -1.2275E+00
  6.9257E+00 -1.2261E+01 -1.3184E+00
  7.0817E+00 -1.2074E+01 -1.1102E+00
  7.1316E+00 -1.2107E+01 -1.4098E+00
  7.1739E+00 -1.2587E+01 -1.3545E+00
  7.1098E+00 -1.2301E+01 -1.1679E+00
  7.1763E+00 -1.2479E+01 -1.1805E+00
  6.9578E+00 -1.2567E+01 -1.1645E+00
  6.9155E+00  1.2432E+01 -1.0328E+00
  6.9394E+00  1.2042E+01 -1.0142E+00
  6.8250E+00  1.2155E+01 -9.8806E-01
  6.5949E+00  1.2153E+01 -9.0255E-01
  6.7637E+00  1.2174E+01 -4.5861E-01
  6.2804E+00  1.2284E+01 -9.6057E-01
  6.4492E+00  1.2308E+01 -6.3905E-01
  6.3058E+00  1.2163E+01 -3.7013E-01
  5.6652E+00  1.1826E+01 -3.6881E-01
  5.7959E+00  1.1834E+01  2.2126E-01
  5.8320E+00  1.1859E+01  4.6774E-01
  5.9743E+00  1.1556E+01  8.2707E-01
  5.7346E+00  1.1639E+01  7.6303E-01
  5.5261E+00  1.1641E+01  9.9456E-01
  5.6428E+00  1.1070E+01  1.4751E+00
  5.5283E+00  1.1330E+01  1.2657E+00
  5.1444E+00  1.1395E+01  1.0277E+00
  5.2002E+00  1.1771E+01  1.2679E+00
  5.7421E+00  1.1236E+01  9.7315E-01
  6.2378E+00  1.1438E+01  1.3145E+00
  6.4092E+00  1.1227E+01  9.2427E-01
  6.4683E+00  1.1339E+01  8.1316E-01
  6.3296E+00  1.1034E+01  5.1500E-01
  6.2851E+00  1.0901E+01  8.2041E-01
  6.3777E+00  1.0583E+01  3.3647E-01
  6.4643E+00  1.0441E+01  9.2769E-01
  6.2225E+00  1.0664E+01  9.0906E-01
  6.4181E+00  1.0586E+01  9.6689E-01
  6.8901E+00  1.0499E+01  1.0837E+00
  6.9450E+00  1.0582E+01  9.0767E-01
  6.9215E+00  1.0261E+01  9.1439E-01
  7.4221E+00  1.0125E+01  1.1397E+00
  7.7365E+00  1.0278E+01  1.0639E+00
  7.8526E+00  1.0715E+01  1.0519E+00
  7.4842E+00  1.1096E+01  1.0158E+00
  7.9884E+00  1.0521E+01  1.5209E+00
  8.1883E+00  1.0749E+01  1.5490E+00
  8.2450E+00  1.0866E+01  1.6140E+00
  8.1609E+00  1.0837E+01  1.6787E+00
  8.2489E+00  1.1376E+01  1.6339E+00
  8.1165E+00  1.1233E+01  2.3803E+00
  7.4195E+00  1.1006E+01  2.4872E+00
  7.8158E+00  1.1292E+01  9.0709E-01
  7.6487E+00  1.1599E+01  1.2904E+00
  7.6724E+00  1.1689E+01  1.1314E+00
  7.5567E+00  1.1745E+01  8.1691E-01
  7.1197E+00  1.1985E+01  7.4549E-01
  6.9146E+00  1.1696E+01  7.4486E-01
  6.6895E+00  1.1564E+01  4.8103E-01
  6.1973E+00  1.1102E+01  1.3062E+00
  5.9128E+00  1.1257E+01  1.1393E+00
  5.4385E+00  1.0798E+01  1.4516E+00
  5.6065E+00  1.0927E+01  1.2774E+00
  5.5908E+00  1.0831E+01  1.3611E+00
  5.9353E+00  1.0804E+01  1.3142E+00
  5.2460E+00  1.0720E+01  1.2815E+00
  4.9879E+00  1.0488E+01  1.5305E+00
  5.3523E+00  1.0405E+01  1.1155E+00
  5.2560E+00  1.0512E+01  1.3069E+00
  5.3641E+00  1.0188E+01  1.5525E+00
  5.4561E+00  1.0021E+01  1.7858E+00
  5.4989E+00  1.0033E+01  1.4565E+00
  5.5830E+00  9.8716E+00  1.5930E+00
  5.8211E+00  9.7492E+00  1.6300E+00
  6.0135E+00  9.7704E+00  1.9597E+00
  6.1291E+00  9.7374E+00  1.9698E+00
  6.2685E+00  9.6594E+00  2.0919E+00
  6.3610E+00  9.5385E+00  1.7935E+00
  6.6288E+00  9.7840E+00  2.0480E+00
  6.9006E+00  9.9185E+00  2.0800E+00
  6.9871E+00  1.0226E+01  2.3012E+00
  6.7420E+00  1.0061E+01  2.4389E+00
  7.4041E+00  1.0099E+01  2.7494E+00
  7.5634E+00  9.5753E+00  3.4439E+00
  7.7775E+00  9.8542E+00  3.4922E+00
  8.0286E+00  9.6595E+00  4.0142E+00
  8.1081E+00  9.9263E+00  4.2443E+00
  8.1631E+00  9.9463E+00  4.5217E+00
  7.7733E+00  1.0054E+01  4.7504E+00
  7.9836E+00  9.6526E+00  5.1994E+00
  7.4079E+00  9.5802E+00  5.2884E+00
  7.3771E+00  9.6620E+00  5.5606E+00
  7.4741E+00  8.7672E+00  5.7658E+00
  7.5691E+00  8.8876E+00  5.8642E+00
  7.0180E+00  9.1067E+00  5.7705E+00
  6.6163E+00  8.7830E+00  5.8548E+00
  6.5931E+00  9.0728E+00  6.0941E+00
  6.1468E+00  8.9267E+00  5.7693E+00
  6.3619E+00  8.7309E+00  5.0544E+00
  6.1628E+00  8.7462E+00  5.4274E+00
  6.1096E+00  9.8819E+00  6.2843E+00
  6.0938E+00  9.7312E+00  6.2598E+00
  6.0994E+00  9.0372E+00  5.9194E+00
  5.6649E+00  9.2015E+00  5.9536E+00
  5.6040E+00  9.6705E+00  6.2836E+00
  5.7233E+00  9.8622E+00  6.4257E+00
  5.6742E+00  1.0283E+01  6.5021E+00
  5.7445E+00  1.0726E+01  6.3304E+00
  5.5675E+00  1.0564E+01  6.3828E+00
  5.3231E+00  1.0843E+01  6.5138E+00
  5.4238E+00  1.1132E+01  6.6358E+00
  5.6838E+00  1.1047E+01  6.7196E+00
  5.3991E+00  1.0900E+01  6.3566E+00
  5.7265E+00  1.0836E+01  6.1371E+00
  4.7561E+00  1.0990E+01  5.8520E+00
  4.8950E+00  1.0433E+01  6.0507E+00
  3.9213E+00  1.0824E+01  5.6725E+00
  4.2448E+00  1.0272E+01  5.7391E+00
  4.2487E+00  1.0634E+01  5.6573E+00
  4.2869E+00  1.0284E+01  5.5645E+00
  3.8803E+00  1.0430E+01  5.6274E+00
  3.9367E+00  1.0626E+01  5.8543E+00
  3.9472E+00  1.0141E+01  6.2050E+00
  3.5706E+00  1.0520E+01  6.3500E+00
  3.2873E+00  1.0591E+01  6.4719E+00
  3.9057E+00  1.0026E+01  7.1267E+00
  3.8738E+00  1.0640E+01  6.9645E+00
  3.8499E+00  1.0650E+01  6.8597E+00
  3.4690E+00  1.0338E+01  7.0261E+00
  2.9844E+00  9.8196E+00  6.3778E+00
  3.1089E+00  9.5574E+00  6.0599E+00
  3.0589E+00  9.8679E+00  6.0841E+00
  3.8992E+00  1.0455E+01  6.1827E+00
  3.4492E+00  1.0722E+01  5.3637E+00
  3.8778E+00  1.1073E+01  4.6310E+00
  3.6967E+00  1.0868E+01  3.9551E+00
  4.4305E+00  1.0531E+01  3.3628E+00
  5.0144E+00  1.0031E+01  3.4554E+00
  4.5469E+00  1.0725E+01  2.9854E+00
  5.1230E+00  1.0521E+01  3.2148E+00
  4.5718E+00  1.1205E+01  3.1777E+00
  4.7701E+00  1.0639E+01  3.7413E+00
  4.1520E+00  1.1026E+01  4.4988E+00
  4.1722E+00  1.1629E+01  4.1741E+00
  4.4410E+00  1.1904E+01  3.7288E+00
  4.8351E+00  1.2273E+01  3.5591E+00
  5.0210E+00  1.2147E+01  3.8167E+00
  5.3610E+00  1.2464E+01  3.8556E+00
  5.5027E+00  1.2003E+01  3.9053E+00
  5.8006E+00  1.2366E+01  4.1695E+00
  5.7792E+00  1.2097E+01  4.1592E+00
  5.9051E+00  1.2200E+01  4.2049E+00
  6.3103E+00  1.2321E+01  4.4002E+00
  6.1742E+00  1.2427E+01  5.0055E+00
  6.2673E+00  1.2028E+01  4.4830E+00
  6.6415E+00 -1.2562E+01  4.9617E+00
  6.5827E+00  1.2347E+01  4.5725E+00
  6.6578E+00  1.2493E+01  4.3238E+00
  6.4194E+00  1.2239E+01  4.2709E+00
  6.1489E+00  1.2132E+01  4.4220E+00
  6.5832E+00  1.2257E+01  4.4567E+00
  7.3003E+00  1.1461E+01  4.3406E+00
  7.9319E+00  1.1574E+01  4.5716E+00
  7.7530E+00  1.2452E+01  5.0308E+00
  8.6438E+00  1.2014E+01  4.7721E+00
  8.9078E+00  1.1966E+01  5.1945E+00
  7.3373E+00  1.2271E+01  5.1723E+00
  7.7315E+00  1.1652E+01  4.6614E+00
  8.7259E+00  1.2322E+01  4.5310E+00
  8.1595E+00  1.2577E+01  4.6098E+00
  8.5048E+00  1.2095E+01  4.4902E+00
  8.7857E+00 -1.2448E+01  4.1379E+00
  9.0165E+00  1.2469E+01  3.9071E+00
  8.9760E+00  1.2465E+01  3.8561E+00
  9.1635E+00 -1.2156E+01  3.9906E+00
  9.0098E+00 -1.2068E+01  3.9565E+00
  9.1892E+00 -1.2423E+01  3.6393E+00
  9.3343E+00 -1.2556E+01  3.5430E+00
  9.2486E+00  1.2590E+01  3.5231E+00
  9.1992E+00  1.2385E+01  3.2568E+00
  9.5360E+00  1.2206E+01  3.2369E+00
  9.3978E+00  1.1663E+01  3.1449E+00
  9.4355E+00  1.2260E+01  3.3490E+00
  9.1596E+00  1.2215E+01  3.0469E+00
  9.3242E+00  1.1746E+01  2.8083E+00
  9.3191E+00  1.1599E+01  2.8316E+00
  8.9649E+00  1.1741E+01  3.0577E+00
  9.1750E+00  1.1592E+01  2.9116E+00
  8.7690E+00  1.1462E+01  2.8373E+00
  8.3790E+00  1.1581E+01  3.0865E+00
  8.7470E+00  1.1298E+01  3.3636E+00
  8.8971E+00  1.1335E+01  3.6568E+00
  8.2802E+00  1.1671E+01  3.6773E+00
  8.3203E+00  1.1878E+01  3.5828E+00
  8.2735E+00  1.1213E+01  3.2812E+00
  8.0114E+00  1.1280E+01  2.9751E+00
  7.6610E+00  1.1681E+01  3.0468E+00
  7.6915E+00  1.1705E+01  3.1574E+00
  7.6761E+00  1.1851E+01  2.8533E+00
  7.4804E+00  1.1775E+01  2.9012E+00
  7.5188E+00  1.2194E+01  3.6810E+00
  7.3641E+00  1.2416E+01  3.2544E+00
  7.6255E+00  1.2145E+01  3.2162E+00
  7.4459E+00  1.2265E+01  3.0341E+00
  7.4376E+00  1.2260E+01  3.0587E+00
  7.7464E+00  1.1785E+01  3.0344E+00
  7.4282E+00  1.1564E+01  2.7906E+00
  7.3456E+00  1.1894E+01  2.9844E+00
  7.3007E+00  1.1621E+01  2.5205E+00
  7.0906E+00  1.1750E+01  2.8505E+00
  6.6385E+00  1.1718E+01  3.0935E+00
  6.8397E+00  1.1474E+01  2.6161E+00
  6.5913E+00  1.1534E+01  2.6083E+00
  6.8483E+00  1.1234E+01  2.0026E+00
  6.4344E+00  1.1423E+01  1.8605E+00
  6.7751E+00  1.1945E+01  2.8761E+00
  6.3658E+00  1.1993E+01  2.7908E+00
  6.2553E+00  1.2004E+01  2.5390E+00
  6.4162E+00  1.2153E+01  2.9227E+00
  6.3231E+00  1.2248E+01  2.8089E+00
  6.1244E+00  1.2175E+01  2.9059E+00
  5.9586E+00  1.2126E+01  3.8624E+00
  6.1764E+00  1.2015E+01  3.5081E+00
  5.8704E+00  1.2238E+01  4.0177E+00
  5.8807E+00  1.2193E+01  3.5461E+00
  5.7176E+00  1.2138E+01  3.6869E+00
  5.4550E+00  1.2134E+01  3.4933E+00
  5.3684E+00  1.2114E+01  3.4216E+00
  5.2613E+00  1.1884E+01  3.9615E+00
  5.2743E+00  1.1012E+01  3.0306E+00
  4.9811E+00  1.0663E+01  3.8458E+00
  4.0959E+00  1.0331E+01  3.5666E+00
  4.8969E+00  1.0942E+01  3.7218E+00
  4.0095E+00  1.0948E+01  3.5918E+00
  3.8743E+00  1.1638E+01  3.1198E+00
  4.3827E+00  1.1706E+01  3.2476E+00
  4.5555E+00  1.1686E+01  2.9692E+00
  4.7016E+00  1.1496E+01  2.8658E+00
  4.9737E+00  1.1420E+01  2.5476E+00
  4.8126E+00  1.1232E+01  2.5896E+00
  4.3917E+00  1.1138E+01  2.6761E+00
  4.7405E+00  1.1859E+01  2.3691E+00
  4.7247E+00  1.1494E+01  2.4560E+00
  5.0798E+00  1.1105E+01  2.3186E+00
  5.4008E+00  1.2064E+01  1.7471E+00
  5.1963E+00  1.2362E+01  1.4103E+00
  5.3388E+00  1.2228E+01  1.4724E+00
  5.3917E+00  1.1953E+01  1.3432E+00
  5.3364E+00  1.1690E+01  1.4100E+00
  5.1254E+00  1.1694E+01  1.4730E+00
  5.0171E+00  1.1494E+01  1.4766E+00
  5.1969E+00  1.1493E+01  1.5890E+00
  5.0803E+00  1.1221E+01  1.1633E+00
  5.2194E+00  1.1241E+01  1.1126E+00
  5.2397E+00  1.1260E+01  8.6005E-01
  5.2385E+00  1.1025E+01  4.3258E-01
  5.4571E+00  1.1228E+01  4.8132E-01
  5.0845E+00  1.1168E+01  1.8375E-01
  4.7126E+00  1.1055E+01  3.5342E-02
  4.8323E+00  1.1021E+01  1.8457E-01
  4.4622E+00  1.1247E+01  2.9653E-01
  3.7867E+00  1.0841E+01  4.2936E-01
  3.6300E+00  1.0133E+01  6.8516E-01
  3.6928E+00  1.0071E+01  5.2529E-01
  3.6682E+00  1.0138E+01  4.5473E-01
  3.5001E+00  1.0184E+01  8.5520E-01
  3.2323E+00  1.0311E+01  7.9417E-01
  4.0651E+00  9.9842E+00  4.4943E-01
  3.4009E+00  1.0308E+01  5.4374E-01
  4.5795E+00  9.7500E+00  4.6253E-01
  4.6286E+00  9.6662E+00 -9.8554E-03
  4.9791E+00  9.5167E+00  1.2767E-01
  5.7286E+00  9.5315E+00 -4.8767E-01
  6.7255E+00  9.6579E+00 -2.0276E-01
  7.1706E+00  9.8250E+00 -5.1686E-01
  6.8934E+00  9.5251E+00 -2.2417E-01
  6.9141E+00  9.5929E+00 -1.4849E-01
  6.7199E+00  9.5236E+00  4.1110E-01
  7.2993E+00  9.5147E+00  8.2676E-01
  7.2503E+00  9.8172E+00  1.1061E+00
  6.8956E+00  1.0077E+01  1.6378E+00
  7.3805E+00  9.9442E+00  1.6408E+00
  7.5701E+00  1.0469E+01  2.2618E+00
  7.7684E+00  1.0502E+01  2.2600E+00
  7.9496E+00  1.1097E+01  2.9175E+00
  7.9758E+00  1.0867E+01  2.9044E+00
  7.8917E+00  1.0647E+01  2.6776E+00
  8.1277E+00  1.0791E+01  2.8797E+00
  8.1217E+00  1.0578E+01  2.4892E+00
  8.1878E+00  1.1220E+01  3.1520E+00
  8.4667E+00  1.1142E+01  3.2513E+00
  8.2983E+00  1.1971E+01  3.5882E+00
  8.5331E+00  1.1324E+01  3.9931E+00
  8.8732E+00  1.1832E+01  4.2093E+00
  9.0649E+00  1.2191E+01  4.1384E+00
  9.2019E+00  1.2365E+01  3.7695E+00
  9.4927E+00 -1.2376E+01  3.3551E+00
  9.7637E+00 -1.2323E+01  3.0562E+00
  9.5305E+00  1.2393E+01  3.7848E+00
  9.4415E+00 -1.2582E+01  3.4364E+00
  9.7595E+00  1.1929E+01  3.3644E+00
  9.5843E+00  1.1928E+01  3.7294E+00
  9.0872E+00  1.2185E+01  4.0584E+00
  9.4546E+00  1.1940E+01  3.8261E+00
  9.3655E+00  1.1406E+01  2.8612E+00
  9.5311E+00  1.1982E+01  4.0700E+00
  8.6664E+00  1.2518E+01  4.1960E+00
  9.4399E+00  1.1933E+01  3.1381E+00
  9.0734E+00 -1.2402E+01  2.2909E+00
  8.9185E+00  1.2359E+01  2.5005E+00
  8.7314E+00 -1.2305E+01  2.5429E+00
  8.5985E+00  1.2592E+01  2.6630E+00
  8.4639E+00 -1.2286E+01  2.4655E+00
  8.6190E+00 -1.2273E+01  2.5789E+00
  8.5347E+00 -1.2079E+01  2.7028E+00
  8.9243E+00 -1.2124E+01  3.2612E+00
  8.5749E+00 -1.1805E+01  3.0633E+00
  8.9300E+00 -1.1554E+01  2.2787E+00
  8.6662E+00 -1.1764E+01  2.1425E+00
  8.3243E+00 -1.1898E+01  2.5445E+00
  8.4138E+00 -1.1726E+01  2.8267E+00
  8.5261E+00 -1.1514E+01  2.7333E+00
  8.7859E+00 -1.1329E+01  1.9072E+00
  9.0211E+00 -1.0863E+01  1.3658E+00
  8.8019E+00 -1.0332E+01  9.8303E-01
  9.2938E+00 -1.0237E+01  2.0047E+00
  9.0774E+00 -1.0812E+01  2.1808E+00
  8.0455E+00 -1.1901E+01  2.0220E+00
  8.8519E+00 -1.1391E+01  2.1851E+00
  8.0479E+00 -1.1592E+01  2.1389E+00
  8.4330E+00 -1.1241E+01  2.0707E+00
  8.4862E+00 -1.1068E+01  1.9253E+00
  8.1270E+00 -1.1404E+01  1.8077E+00
  7.3524E+00 -1.2354E+01  1.2049E+00
  7.3446E+00  1.2498E+01  9.0405E-01
  7.4020E+00  1.2077E+01  1.8079E-01
  7.1051E+00  1.2196E+01  6.7289E-02
  7.2129E+00  1.2289E+01 -1.5431E-02
  7.3489E+00  1.2475E+01  2.0612E-01
  7.0552E+00  1.2327E+01  1.9106E-01
  7.1900E+00  1.2260E+01  4.4191E-01
  7.1027E+00  1.2392E+01  4.2831E-01
  7.2086E+00  1.2232E+01  5.0444E-01
  6.9899E+00  1.2384E+01  8.9792E-01
  7.0236E+00 -1.2581E+01  1.0224E+00
  7.1642E+00  1.2591E+01  9.8443E-01
  6.8482E+00 -1.2250E+01  1.0016E+00
  6.9238E+00 -1.2487E+01  1.1901E+00
  6.8816E+00  1.2567E+01  1.0512E+00
  6.9254E+00  1.2541E+01  1.3130E+00
  6.8221E+00  1.2510E+01  9.7975E-01
  6.6324E+00 -1.2544E+01  8.2501E-01
  6.8136E+00  1.2426E+01  7.6503E-01
  6.7494E+00  1.2579E+01  8.7481E-01
  6.8052E+00 -1.2584E+01  9.2672E-01
  6.5744E+00  1.2490E+01  7.2634E-01
