  5.3641E+00  8.7497E+00 -8.0218E-01
  6.6707E+00  8.4655E+00 -5.8520E-01
  6.9119E+00  9.6510E+00  1.3123E-01
  7.3610E+00  9.3521E+00 -4.3900E-02
  7.1286E+00  9.8113E+00  2.3747E-01
  6.7777E+00  1.0775E+01  1.0855E-01
  6.8186E+00  1.0032E+01  4.1825E-01
  6.3161E+00  1.0284E+01  1.0132E-01
  6.6841E+00  1.0456E+01  3.3734E-01
  7.3121E+00  1.1265E+01  2.7423E-01
  7.5781E+00  1.1526E+01  7.1351E-02
  6.8068E+00  1.0901E+01  3.9803E-01
  6.9852E+00  1.0927E+01  3.2259E-01
  7.2956E+00  1.1111E+01  3.2527E-01
  7.2248E+00  1.0815E+01  4.1229E-01
  7.3705E+00  1.0838E+01  4.8541E-01
  7.2604E+00  1.1063E+01  4.6130E-02
  7.1726E+00  1.0911E+01  1.6919E-01
  7.0043E+00  1.1235E+01 -1.6877E-01
  7.0387E+00  1.1016E+01 -2.0692E-01
  6.8739E+00  1.1155E+01 -4.9120E-01
  6.8383E+00  1.1077E+01 -4.8405E-01
  6.8761E+00  1.1266E+01 -5.0188E-01
  6.5218E+00  1.1340E+01 -9.2517E-01
  6.4960E+00  1.1772E+01 -8.3393E-01
  6.6205E+00  1.2008E+01 -7.3774E-01
  7.6642E+00  1.2309E+01 -1.4597E+00
  7.4464E+00  1.2464E+01 -1.7237E+00
  6.8571E+00 -1.2264E+01 -1.3584E+00
  7.2287E+00 -1.2081E+01 -9.3288E-01
  7.0716E+00 -1.1937E+01 -1.3675E+00
  7.5022E+00 -1.2103E+01 -8.2631E-01
  6.6032E+00 -1.1864E+01 -5.6967E-01
  6.5853E+00 -1.1621E+01 -7.0247E-01
  6.3756E+00 -1.1488E+01 -1.1003E+00
  5.9682E+00 -1.1214E+01 -2.8271E-01
  6.7243E+00 -1.0818E+01 -3.3490E-01
  6.1185E+00 -1.0538E+01 -1.1545E-01
  5.7036E+00 -1.0562E+01  3.2686E-02
  5.7836E+00 -1.0793E+01  7.2832E-02
  6.0247E+00 -1.0874E+01 -9.6940E-02
  5.8883E+00 -1.1092E+01  6.4556E-02
  5.8744E+00 -1.1167E+01  9.8612E-02
  5.7960E+00 -1.1207E+01 -1.3363E-01
  5.6500E+00 -1.1710E+01 -9.3785E-03
  5.9092E+00 -1.1437E+01 -3.0216E-01
  5.8901E+00 -1.1488E+01 -5.3887E-01
  5.8272E+00 -1.1828E+01 -3.8191E-01
  5.7399E+00 -1.1698E+01 -5.3497E-01
  5.8677E+00 -1.1817E+01 -6.4095E-01
  5.9520E+00 -1.1717E+01 -1.2018E+00
  5.8418E+00 -1.1727E+01 -5.8885E-01
  5.9975E+00 -1.1820E+01 -5.1119E-01
  5.7304E+00 -1.1921E+01 -5.7450E-01
  5.8258E+00 -1.2181E+01 -1.7023E-01
  5.8125E+00 -1.2432E+01 -3.2162E-01
  5.4232E+00  1.2354E+01 -4.7089E-01
  5.1741E+00  1.2046E+01 -4.1040E-01
  5.3110E+00  1.2141E+01 -8.5957E-01
  4.9481E+00  1.2370E+01 -2.6087E-01
  4.9723E+00  1.2040E+01 -5.0083E-01
  4.8719E+00 -1.2569E+01 -3.9388E-01
  4.3366E+00  1.1978E+01  3.2694E-01
  4.2989E+00  1.2010E+01  2.2464E-01
  4.3324E+00  1.1982E+01  5.5969E-01
  4.5810E+00  1.1792E+01  3.0226E-01
  4.6235E+00  1.0693E+01  1.1411E+00
  4.2628E+00  1.0902E+01  1.3569E+00
  4.2659E+00  1.1657E+01  1.2960E+00
  4.0559E+00  1.1026E+01  1.3770E+00
  4.8096E+00  1.0283E+01  1.9890E+00
  4.6683E+00  1.0379E+01  1.4948E+00
  4.5483E+00  1.0355E+01  1.2392E+00
  5.0728E+00  1.0674E+01  7.3822E-01
  5.2405E+00  1.0372E+01  1.3423E+00
  5.3109E+00  1.0384E+01  6.6564E-01
  5.0748E+00  1.0359E+01  1.0064E+00
  5.1774E+00  1.0178E+01  9.8079E-02
  4.9672E+00  1.0051E+01  3.3926E-01
  5.2817E+00  9.5084E+00  8.6706E-01
  6.0021E+00  9.6304E+00  1.9836E+00
  6.0647E+00  9.5034E+00  1.9543E+00
  5.9531E+00  9.3633E+00  1.4058E+00
  6.4474E+00  9.6007E+00  1.9384E+00
  6.2617E+00  9.2288E+00  1.7927E+00
  6.5038E+00  9.0323E+00  1.6239E+00
  7.2898E+00  9.1064E+00  1.9006E+00
  7.4097E+00  9.2955E+00  1.3000E+00
  7.7420E+00  9.6802E+00  1.4640E+00
  6.7578E+00  9.7115E+00  1.8400E+00
  7.2141E+00  9.6346E+00  1.8330E+00
  7.2140E+00  9.7821E+00  1.8010E+00
  6.8872E+00  1.0032E+01  1.7091E+00
  7.5423E+00  1.0053E+01  1.7820E+00
  7.3939E+00  1.0073E+01  1.7454E+00
  7.4032E+00  9.9874E+00  1.3758E+00
  7.3090E+00  1.0152E+01  1.7534E+00
  7.2912E+00  1.0145E+01  1.1198E+00
  7.4183E+00  1.0209E+01  1.2671E+00
  7.4121E+00  1.0245E+01  8.5831E-01
  7.4237E+00  1.0525E+01  9.6473E-01
  6.9900E+00  1.0192E+01  8.1668E-01
  7.0114E+00  1.0139E+01  8.5162E-01
  6.8225E+00  9.8087E+00  8.5015E-01
  6.6554E+00  9.9594E+00  1.3292E+00
  6.4750E+00  9.7058E+00  1.3775E+00
  6.2265E+00  9.7599E+00  2.0031E+00
  5.6472E+00  9.5409E+00  2.1391E+00
  5.6220E+00  9.6276E+00  2.2035E+00
  4.9827E+00  9.4522E+00  2.0527E+00
  4.5243E+00  9.0652E+00  1.7124E+00
  4.3088E+00  9.4430E+00  1.6239E+00
  4.3118E+00  9.3624E+00  1.5504E+00
  4.5098E+00  8.9884E+00  1.8724E+00
  4.6764E+00  8.7820E+00  1.4246E+00
  5.2548E+00  8.7839E+00  2.2647E+00
  5.6267E+00  8.5257E+00  2.2702E+00
  5.7586E+00  8.3497E+00  2.1866E+00
  5.9527E+00  8.3260E+00  2.3867E+00
  5.8306E+00  8.2909E+00  2.2709E+00
  6.0992E+00  8.2233E+00  2.5175E+00
  6.3398E+00  8.5523E+00  2.9333E+00
  6.3941E+00  8.3713E+00  2.5185E+00
  6.5867E+00  8.5293E+00  2.5735E+00
  6.5986E+00  8.8398E+00  2.7480E+00
  6.7957E+00  8.5550E+00  2.3888E+00
  6.6454E+00  8.8890E+00  2.2674E+00
  6.8758E+00  8.7941E+00  2.3535E+00
  6.7630E+00  8.9680E+00  2.8159E+00
  6.8977E+00  9.1574E+00  3.1533E+00
  7.0687E+00  9.2685E+00  3.3730E+00
  7.0030E+00  9.5035E+00  3.6672E+00
  7.2611E+00  9.0509E+00  3.7485E+00
  6.9351E+00  9.3235E+00  4.1677E+00
  6.6753E+00  9.2392E+00  4.0160E+00
  6.6943E+00  9.2502E+00  4.2814E+00
  6.8785E+00  9.4390E+00  4.5549E+00
  6.7012E+00  9.3213E+00  4.7105E+00
  6.5717E+00  9.4929E+00  4.3834E+00
  6.3621E+00  9.6482E+00  4.6470E+00
  6.1246E+00  9.5371E+00  4.7387E+00
  5.9000E+00  9.9415E+00  4.6823E+00
  5.4648E+00  9.9154E+00  5.3081E+00
  5.6808E+00  1.0148E+01  5.1555E+00
  5.3952E+00  9.7855E+00  4.9605E+00
  5.4312E+00  1.0366E+01  5.0637E+00
  5.4404E+00  1.0268E+01  5.3509E+00
  5.4486E+00  1.0021E+01  4.7068E+00
  4.9940E+00  1.0054E+01  4.9597E+00
  5.0842E+00  1.0288E+01  5.1285E+00
  5.1153E+00  1.0151E+01  5.1084E+00
  4.9050E+00  1.0305E+01  5.1513E+00
  5.1467E+00  1.0299E+01  4.9598E+00
  5.5027E+00  1.0748E+01  5.0202E+00
  5.2515E+00  1.0573E+01  5.2466E+00
  5.1520E+00  1.1009E+01  5.3097E+00
  5.2023E+00  1.0830E+01  4.8638E+00
  4.9068E+00  1.1192E+01  4.9232E+00
  5.0904E+00  1.1053E+01  4.3835E+00
  4.1998E+00  1.1241E+01  4.9852E+00
  4.5733E+00  1.1337E+01  4.4139E+00
  3.7880E+00  1.1244E+01  4.6814E+00
  4.0117E+00  1.1312E+01  4.3316E+00
  3.8152E+00  1.1056E+01  4.3587E+00
  3.8204E+00  1.0760E+01  4.1577E+00
  3.9405E+00  1.0740E+01  4.3513E+00
  3.6918E+00  1.0886E+01  4.9199E+00
  3.8851E+00  1.1035E+01  4.9686E+00
  4.1352E+00  1.0890E+01  5.2620E+00
  3.5254E+00  1.0981E+01  6.0242E+00
  3.6137E+00  1.0325E+01  5.5134E+00
  3.4346E+00  1.0074E+01  5.5301E+00
  3.3265E+00  1.0405E+01  5.5270E+00
  3.6462E+00  1.0599E+01  5.2703E+00
  3.6800E+00  1.0560E+01  5.0899E+00
  3.6430E+00  1.0646E+01  4.9327E+00
  3.5946E+00  1.0782E+01  4.7431E+00
  3.8696E+00  9.9995E+00  4.1093E+00
  3.9603E+00  9.6833E+00  4.0537E+00
  3.6843E+00  9.7909E+00  5.0095E+00
  3.7590E+00  1.1077E+01  4.5970E+00
  3.9252E+00  1.1039E+01  3.7191E+00
  4.2376E+00  1.1410E+01  4.2920E+00
  4.3102E+00  1.1707E+01  3.6675E+00
  4.1855E+00  1.1886E+01  4.4658E+00
  4.1682E+00  1.2003E+01  3.9654E+00
  4.7242E+00  1.2167E+01  3.6962E+00
  5.4466E+00  1.1697E+01  3.3720E+00
  5.9421E+00  1.2012E+01  3.6442E+00
  6.3421E+00  1.2277E+01  3.5275E+00
  6.4949E+00  1.2327E+01  3.5571E+00
  6.7550E+00  1.1891E+01  3.8176E+00
  7.0043E+00  1.2127E+01  3.9493E+00
  7.2331E+00  1.2035E+01  3.8372E+00
  7.2815E+00  1.2186E+01  4.0733E+00
  7.3932E+00  1.2146E+01  4.4388E+00
  7.7617E+00  1.2368E+01  4.8043E+00
  7.3675E+00  1.1975E+01  4.2032E+00
  7.7308E+00  1.2124E+01  4.1348E+00
  7.5449E+00  1.1905E+01  4.0013E+00
  7.9906E+00  1.2174E+01  4.0622E+00
  8.0801E+00  1.2097E+01  4.0191E+00
  7.9051E+00  1.1984E+01  4.2686E+00
  7.6552E+00  1.2100E+01  4.3749E+00
  7.6726E+00  1.2330E+01  5.4959E+00
  7.2031E+00  1.2590E+01  5.3351E+00
  6.6469E+00  1.1967E+01  5.2545E+00
  6.7377E+00  1.1402E+01  5.4018E+00
  7.1753E+00  1.1805E+01  4.5030E+00
  7.8196E+00  1.2042E+01  4.1542E+00
  8.4586E+00  1.2132E+01  4.1745E+00
  8.7243E+00 -1.2411E+01  4.6779E+00
  8.9561E+00  1.2303E+01  6.0206E+00
  9.1356E+00 -1.2575E+01  5.7576E+00
  8.6013E+00 -1.1852E+01  5.3271E+00
  8.1236E+00 -1.1977E+01  5.4074E+00
  8.6522E+00 -1.1693E+01  4.9411E+00
  9.3406E+00 -1.1745E+01  4.9352E+00
  9.4286E+00 -1.2121E+01  5.4741E+00
  9.3128E+00 -1.2031E+01  5.4327E+00
  9.2068E+00 -1.1842E+01  5.0302E+00
  9.2568E+00 -1.2029E+01  4.9532E+00
  9.6373E+00  1.2438E+01  4.9716E+00
  9.8366E+00  1.1927E+01  4.5437E+00
  9.3045E+00  1.2455E+01  4.7054E+00
  9.9491E+00  1.1991E+01  4.5091E+00
  1.0156E+01  1.1227E+01  4.1777E+00
  1.0322E+01  1.1466E+01  3.6469E+00
  1.0206E+01  1.1985E+01  4.0075E+00
  1.0327E+01  1.1771E+01  3.9395E+00
  1.0380E+01  1.1348E+01  3.3950E+00
  1.0265E+01  1.1348E+01  3.9237E+00
  1.0047E+01  1.1271E+01  3.6129E+00
  9.8010E+00  1.1377E+01  3.5425E+00
  9.1339E+00  1.2116E+01  4.5692E+00
  9.0184E+00  1.2159E+01  4.9132E+00
  9.2957E+00  1.1781E+01  4.7859E+00
  8.8825E+00  1.1770E+01  4.9772E+00
  8.1942E+00  1.2277E+01  4.3460E+00
  7.3017E+00  1.2300E+01  3.8284E+00
  6.9326E+00  1.2430E+01  4.1332E+00
  6.4201E+00  1.2514E+01  3.1212E+00
  6.3854E+00 -1.2586E+01  3.0221E+00
  6.3619E+00 -1.2493E+01  3.2996E+00
  6.1400E+00  1.2437E+01  3.1224E+00
  5.8718E+00  1.2309E+01  3.4383E+00
  6.2268E+00  1.2596E+01  3.5513E+00
  6.5975E+00  1.2579E+01  4.2398E+00
  7.0582E+00  1.2408E+01  4.5100E+00
  7.2309E+00  1.2248E+01  4.3730E+00
  7.4362E+00  1.1827E+01  4.2749E+00
  7.5996E+00  1.0901E+01  4.0901E+00
  7.6082E+00  1.0977E+01  3.8485E+00
  7.2887E+00  1.0524E+01  3.7062E+00
  7.3872E+00  1.0411E+01  3.0350E+00
  7.0622E+00  9.9857E+00  2.7119E+00
  7.4141E+00  1.0301E+01  2.8846E+00
  7.1704E+00  1.0551E+01  3.3069E+00
  7.2392E+00  1.1268E+01  3.1256E+00
  7.1520E+00  1.0491E+01  2.7531E+00
  7.2458E+00  1.0772E+01  2.8803E+00
  7.2290E+00  1.1085E+01  3.2323E+00
  7.0214E+00  1.0845E+01  3.3638E+00
  6.8701E+00  1.0865E+01  3.0569E+00
  6.6981E+00  1.0975E+01  3.6151E+00
  6.4497E+00  1.0775E+01  3.4073E+00
  6.1226E+00  1.0641E+01  4.1244E+00
  6.3133E+00  1.0799E+01  4.0814E+00
  6.0026E+00  1.0910E+01  4.3284E+00
  5.4861E+00  1.0713E+01  4.1186E+00
  5.3144E+00  1.1109E+01  4.5889E+00
  5.2431E+00  1.0900E+01  4.3060E+00
  4.6281E+00  1.0540E+01  4.2189E+00
  4.6176E+00  1.1442E+01  4.3177E+00
  4.6689E+00  1.1596E+01  2.7032E+00
  5.4028E+00  1.0907E+01  3.0844E+00
  5.1946E+00  1.1069E+01  2.2497E+00
  5.2730E+00  1.1144E+01  2.7934E+00
  5.1909E+00  1.1019E+01  2.7260E+00
  5.0795E+00  1.0548E+01  2.5793E+00
  4.9782E+00  1.0369E+01  2.3719E+00
  5.2799E+00  1.0537E+01  1.8565E+00
  5.4622E+00  1.0508E+01  1.4515E+00
  5.2970E+00  1.0792E+01  1.2317E+00
  5.3309E+00  1.0634E+01  1.6104E+00
  5.1668E+00  1.0611E+01  1.6381E+00
  5.1766E+00  1.0493E+01  1.4235E+00
  5.3689E+00  1.0308E+01  1.0724E+00
  5.2740E+00  1.0562E+01  1.7670E+00
  5.4684E+00  1.0882E+01  1.5057E+00
  5.0715E+00  1.0800E+01  1.8739E+00
  4.9812E+00  1.1019E+01  2.4534E+00
  4.8664E+00  1.1323E+01  2.7945E+00
  4.8517E+00  1.1053E+01  2.8095E+00
  5.0146E+00  1.0675E+01  2.7426E+00
  4.8057E+00  1.0773E+01  2.8544E+00
  4.9297E+00  1.0792E+01  2.6004E+00
  5.2238E+00  1.0444E+01  2.3918E+00
  5.2934E+00  1.0635E+01  2.2305E+00
  5.0890E+00  1.0755E+01  1.9081E+00
  4.9424E+00  1.0593E+01  1.7482E+00
  4.6808E+00  1.1159E+01  1.6360E+00
  4.8794E+00  1.0702E+01  1.4911E+00
  4.5925E+00  9.8027E+00  1.0388E+00
  4.6854E+00  9.7951E+00  6.3292E-01
  5.1466E+00  1.0202E+01  5.4771E-01
  4.7737E+00  1.0999E+01  2.2290E-01
  4.7607E+00  1.0978E+01 -3.0702E-02
  4.6705E+00  1.1122E+01 -9.2320E-02
  4.3713E+00  1.1013E+01 -5.3998E-02
  4.4196E+00  1.0878E+01  5.8574E-02
  3.9424E+00  1.1384E+01 -9.6318E-02
  4.4122E+00  1.1012E+01 -3.2402E-01
  4.5867E+00  1.0968E+01 -4.2534E-01
  5.1089E+00  1.1008E+01 -5.0103E-01
  5.6252E+00  1.0521E+01 -7.9187E-01
  5.9000E+00  1.1029E+01 -5.0304E-01
  6.0358E+00  1.0870E+01 -7.7498E-01
  6.0044E+00  1.0735E+01 -8.0813E-01
  6.0837E+00  1.0583E+01 -9.2944E-01
  6.2295E+00  1.0757E+01 -8.1875E-01
  6.5379E+00  1.0569E+01 -6.5980E-01
  6.6064E+00  1.0214E+01 -3.1466E-01
  6.7342E+00  1.0602E+01 -7.2952E-02
  6.8069E+00  1.0446E+01  1.7905E-01
  7.0730E+00  1.0837E+01  4.6601E-01
  7.1394E+00  1.0639E+01  8.2733E-01
  7.1518E+00  1.1048E+01  9.9722E-01
  7.6484E+00  1.0621E+01  1.5193E+00
  7.8210E+00  1.0919E+01  1.4059E+00
  8.0425E+00  1.1224E+01  1.2930E+00
  7.7765E+00  1.0786E+01  1.4138E+00
  7.9863E+00  1.1228E+01  1.1361E+00
  8.1666E+00  1.0976E+01  1.6646E+00
  7.7999E+00  1.0957E+01  1.9122E+00
  7.8798E+00  1.0691E+01  2.9119E+00
  7.9356E+00  1.0833E+01  2.6993E+00
  8.0844E+00  1.1106E+01  3.1495E+00
  8.3992E+00  1.1237E+01  3.1797E+00
  8.1944E+00  1.1516E+01  3.0368E+00
  8.4176E+00  1.1766E+01  3.4253E+00
  8.8850E+00  1.1796E+01  3.6367E+00
  8.7045E+00  1.1408E+01  2.9974E+00
  8.7203E+00  1.1303E+01  3.6089E+00
  8.3600E+00  1.1407E+01  3.5675E+00
  8.2914E+00  1.1161E+01  3.6230E+00
  8.2268E+00  1.1048E+01  3.5702E+00
  8.1472E+00  1.1226E+01  3.5955E+00
  8.3587E+00  1.1390E+01  3.9830E+00
  8.1332E+00  1.1620E+01  3.6380E+00
  8.5139E+00  1.1402E+01  3.1940E+00
  7.9358E+00  1.1840E+01  3.1048E+00
  8.8962E+00  1.1609E+01  3.2039E+00
  8.3965E+00  1.2306E+01  3.9136E+00
  9.3521E+00  1.2439E+01  3.8395E+00
  9.7615E+00 -1.2119E+01  3.4900E+00
  9.6535E+00 -1.2390E+01  3.3854E+00
  9.2966E+00 -1.2035E+01  3.9041E+00
  9.8871E+00 -1.1719E+01  3.2627E+00
  9.5563E+00 -1.0936E+01  2.5822E+00
  9.8508E+00 -1.1010E+01  3.1759E+00
  9.1482E+00 -1.1401E+01  3.7623E+00
  8.4992E+00 -1.1437E+01  3.6044E+00
  9.2410E+00 -1.0869E+01  3.1542E+00
  8.6902E+00 -1.0778E+01  1.6873E+00
  9.1914E+00 -1.0588E+01  1.7473E+00
  9.0937E+00 -1.0233E+01  2.8951E+00
  8.8798E+00 -1.0589E+01  2.8413E+00
  8.7008E+00 -1.1321E+01  2.1162E+00
  8.5831E+00 -1.1557E+01  1.8474E+00
  8.6891E+00 -1.1495E+01  8.9396E-01
  8.8553E+00 -1.1671E+01  7.7159E-01
  8.7959E+00 -1.1784E+01  7.3081E-01
  8.7587E+00 -1.1707E+01  8.1461E-01
  8.2913E+00 -1.1752E+01  6.5969E-01
  8.2803E+00 -1.1997E+01  7.5603E-01
  8.4374E+00 -1.2034E+01  4.7404E-01
  8.3173E+00 -1.2216E+01  5.5026E-02
  8.1527E+00 -1.2384E+01 -3.2890E-01
  8.2116E+00 -1.1896E+01 -1.6510E-01
  8.0689E+00 -1.2236E+01 -8.0315E-01
  8.0900E+00 -1.2004E+01 -8.4349E-01
  8.1687E+00 -1.2128E+01 -9.1062E-01
  8.2309E+00 -1.2478E+01 -6.6660E-01
  8.4305E+00 -1.2514E+01 -3.0235E-01
  8.3416E+00  1.2348E+01 -4.2921E-01
  8.4629E+00 -1.2471E+01 -1.7014E-01
  8.2324E+00  1.2437E+01  4.6143E-02
  8.4363E+00  1.2539E+01  5.0212E-01
  8.4732E+00 -1.2281E+01  3.1138E-01
  8.3113E+00 -1.2284E+01  6.4058E-01
  8.2877E+00 -1.2081E+01  6.9248E-01
  8.3445E+00 -1.2282E+01  1.1582E+00
  8.2698E+00 -1.2393E+01  6.8383E-01
  8.2929E+00 -1.2383E+01  8.5182E-01
  8.1263E+00 -1.2460E+01  6.4273E-01
  8.2885E+00 -1.2482E+01  8.7988E-01
  8.2023E+00 -1.2348E+01  5.7714E-01
  8.2210E+00 -1.2238E+01  5.4142E-01
  8.0102E+00 -1.2525E+01  3.0492E-01
