  5.1068E+00 -9.7014E+00  2.6810E-01
  6.0184E+00 -9.3868E+00 -4.0581E-01
  6.0052E+00 -9.3428E+00 -1.5761E-01
  6.1214E+00 -9.7874E+00 -3.5066E-01
  6.2247E+00 -1.0007E+01 -1.4603E-01
  6.1537E+00 -1.0044E+01  1.1221E-01
  6.2782E+00 -1.0297E+01  6.7604E-02
  6.4030E+00 -1.0581E+01  1.3484E-01
  6.3680E+00 -1.0545E+01 -1.9614E-01
  6.5290E+00 -1.0756E+01 -1.2722E-01
  6.4881E+00 -1.0874E+01  1.1031E-01
  6.4332E+00 -1.0901E+01 -3.9349E-02
  6.2811E+00 -1.0950E+01 -1.1777E-01
  6.2553E+00 -1.1157E+01  9.1264E-02
  6.3040E+00 -1.1319E+01  2.3408E-02
  6.2209E+00 -1.1416E+01  2.4381E-02
  6.2513E+00 -1.1490E+01 -2.7568E-02
  6.4309E+00 -1.1660E+01 -1.4788E-01
  6.4005E+00 -1.1763E+01  1.4977E-01
  6.5785E+00 -1.1699E+01 -5.2442E-02
  6.5244E+00 -1.1328E+01 -4.4602E-01
  6.2295E+00 -1.1263E+01 -5.7043E-02
  6.2850E+00 -1.0903E+01 -1.4462E-01
  6.2429E+00 -1.0640E+01 -4.4306E-01
  5.7847E+00 -1.0253E+01 -5.4809E-01
  4.3695E+00 -1.0290E+01 -8.4204E-01
  4.4076E+00 -1.0332E+01 -1.5147E+00
  3.7972E+00 -1.0025E+01 -9.7859E-01
  3.2002E+00 -9.8376E+00 -7.7648E-01
  2.9625E+00 -9.4040E+00 -1.6260E+00
  2.6554E+00 -9.7497E+00 -1.9954E+00
  2.4622E+00 -9.6298E+00 -1.3698E+00
  2.7227E+00 -8.7183E+00 -1.5392E+00
  2.4543E+00 -8.7837E+00 -1.8528E+00
  2.4188E+00 -9.1372E+00 -2.2438E+00
  2.4424E+00 -8.7567E+00 -2.1043E+00
  2.6498E+00 -7.9623E+00 -2.2098E+00
  2.6488E+00 -7.8812E+00 -2.5357E+00
  2.8746E+00 -7.9285E+00 -2.8027E+00
  3.4860E+00 -7.3929E+00 -2.5170E+00
  3.8638E+00 -7.3320E+00 -2.5863E+00
  3.6570E+00 -7.7397E+00 -3.0585E+00
  3.6901E+00 -7.6976E+00 -3.0089E+00
  4.2210E+00 -7.8508E+00 -2.8911E+00
  3.9452E+00 -8.3830E+00 -2.7861E+00
  3.8333E+00 -7.9211E+00 -2.9282E+00
  3.8740E+00 -8.0612E+00 -2.7920E+00
  3.6071E+00 -8.4060E+00 -2.3395E+00
  3.3607E+00 -7.7282E+00 -1.9175E+00
  3.8177E+00 -7.3182E+00 -1.9119E+00
  4.0902E+00 -7.1219E+00 -1.6490E+00
  4.4406E+00 -7.0834E+00 -1.2090E+00
  5.3852E+00 -7.6569E+00 -1.1057E+00
  5.4994E+00 -7.6804E+00 -1.5048E+00
  5.3197E+00 -7.7977E+00 -1.9330E+00
  5.0356E+00 -7.9685E+00 -2.0244E+00
  4.6959E+00 -7.4997E+00 -1.5775E+00
  4.5248E+00 -7.8813E+00 -4.5868E-01
  5.0975E+00 -7.8686E+00 -5.8043E-01
  5.3134E+00 -8.4589E+00 -1.1816E-01
  5.5798E+00 -8.8202E+00 -2.0040E-01
  5.7787E+00 -9.3469E+00 -3.3555E-01
  6.9202E+00 -1.0512E+01 -1.0411E-01
  7.3270E+00 -1.0410E+01 -2.4469E-01
  7.0710E+00 -1.1049E+01  5.1376E-02
  6.2885E+00 -1.1103E+01 -5.2755E-02
  6.5373E+00 -1.0947E+01  2.1043E-01
  7.1617E+00 -1.1335E+01 -2.3938E-01
  7.2592E+00 -1.1420E+01 -1.9156E-01
  7.4665E+00 -1.1799E+01 -4.6674E-01
  7.1751E+00 -1.1800E+01 -3.5513E-01
  7.9380E+00 -1.1775E+01 -2.4022E-01
  8.1396E+00 -1.1748E+01  3.5332E-01
  7.8799E+00 -1.2260E+01 -2.3528E-01
  7.7055E+00 -1.2548E+01  4.5643E-02
  8.4152E+00 -1.2309E+01  5.9398E-01
  8.0666E+00  1.2441E+01  5.1695E-01
  8.2990E+00  1.2582E+01  6.8797E-01
  7.9944E+00  1.2484E+01  6.4570E-01
  8.0820E+00  1.2523E+01  7.2970E-01
  7.8557E+00 -1.2517E+01  2.1280E-01
  8.4040E+00  1.2553E+01  6.1875E-01
  8.4589E+00 -1.2522E+01  5.9611E-01
  8.7438E+00 -1.2550E+01  8.1180E-01
  9.0041E+00 -1.2550E+01  8.0500E-01
  9.0291E+00 -1.2329E+01  6.9150E-01
  9.1105E+00 -1.2262E+01  1.0791E+00
  8.7828E+00 -1.2132E+01  1.1544E+00
  9.2075E+00 -1.1999E+01  1.1225E+00
  9.0016E+00 -1.1802E+01  9.7837E-01
  9.1704E+00 -1.1691E+01  1.0931E+00
  8.7648E+00 -1.1729E+01  1.2017E+00
  9.0058E+00 -1.1532E+01  1.2988E+00
  8.7530E+00 -1.1433E+01  1.1473E+00
  8.7363E+00 -1.1940E+01  1.2929E+00
  8.7509E+00 -1.1703E+01  1.1937E+00
  8.3513E+00 -1.1390E+01  1.0073E+00
  8.6880E+00 -1.1401E+01  9.1106E-01
  8.5176E+00 -1.1684E+01  6.8780E-01
  8.3961E+00 -1.1817E+01  5.5290E-01
  8.4850E+00 -1.1369E+01  6.8426E-01
  8.5837E+00 -1.1611E+01  5.7663E-01
  8.3835E+00 -1.1718E+01  3.8543E-01
  8.5566E+00 -1.1620E+01  4.4024E-01
  8.5387E+00 -1.1364E+01  5.4978E-01
  8.8316E+00 -1.1486E+01  4.5785E-01
  8.9366E+00 -1.1436E+01  3.8544E-01
  8.5525E+00 -1.1448E+01  3.7520E-01
  8.6088E+00 -1.1466E+01  7.8312E-02
  8.7815E+00 -1.1396E+01  9.9594E-02
  8.4432E+00 -1.0934E+01  2.2242E-01
  8.1898E+00 -1.0917E+01  4.1773E-02
  7.4643E+00 -1.1092E+01 -1.1429E-01
  7.8328E+00 -1.1236E+01 -1.5575E-01
  7.6431E+00 -1.1679E+01 -4.0738E-01
  7.7690E+00 -1.1358E+01 -7.3526E-01
  7.4609E+00 -1.1259E+01 -1.0716E+00
  6.9159E+00 -1.1581E+01 -1.0308E+00
  6.6226E+00 -1.1565E+01 -1.0027E+00
  6.6915E+00 -1.1679E+01 -1.2511E+00
  6.5480E+00 -1.1851E+01 -8.8058E-01
  6.0413E+00 -1.2149E+01 -1.2551E+00
  5.9135E+00 -1.2171E+01 -1.2440E+00
  5.9736E+00 -1.2022E+01 -6.8018E-01
  5.4331E+00 -1.2021E+01 -1.0485E+00
  5.2030E+00 -1.2105E+01 -1.2356E+00
  5.0085E+00 -1.2284E+01 -1.0368E+00
  4.7936E+00 -1.1950E+01 -1.0725E+00
  5.0450E+00 -1.2309E+01 -1.0373E+00
  5.0080E+00 -1.2445E+01 -1.3810E+00
  4.9021E+00 -1.2205E+01 -1.5568E+00
  4.8847E+00 -1.2574E+01 -1.5828E+00
  4.5001E+00 -1.2254E+01 -1.7169E+00
  4.6013E+00  1.2537E+01 -1.6749E+00
  4.7269E+00  1.2567E+01 -2.2338E+00
  4.7180E+00  1.2200E+01 -2.1748E+00
  4.5464E+00  1.2286E+01 -2.2855E+00
  5.4114E+00  1.2169E+01 -1.9951E+00
  5.2687E+00  1.1728E+01 -2.3211E+00
  5.4316E+00  1.1671E+01 -1.7591E+00
  5.3211E+00  1.2177E+01 -2.0543E+00
  5.4620E+00  1.1925E+01 -1.7110E+00
  5.6112E+00  1.1777E+01 -1.8438E+00
  5.4735E+00  1.1625E+01 -2.0688E+00
  5.3311E+00  1.1486E+01 -2.3190E+00
  5.6387E+00  1.1462E+01 -2.2269E+00
  5.5874E+00  1.1328E+01 -2.4256E+00
  5.5842E+00  1.1353E+01 -2.5650E+00
  5.8233E+00  1.1187E+01 -2.4880E+00
  5.7611E+00  1.1093E+01 -2.6399E+00
  5.6852E+00  1.1025E+01 -2.8441E+00
  5.6196E+00  1.0807E+01 -2.9853E+00
  4.6261E+00  1.0258E+01 -3.9035E+00
  3.9344E+00  1.0746E+01 -3.3819E+00
  4.0713E+00  1.0344E+01 -3.7316E+00
  5.0139E+00  9.8109E+00 -3.6457E+00
  4.2101E+00  9.7049E+00 -3.8697E+00
  3.3802E+00  1.0260E+01 -3.2129E+00
  3.3266E+00  1.0327E+01 -3.4759E+00
  3.6149E+00  1.0496E+01 -4.1821E+00
  3.5378E+00  1.0614E+01 -4.3770E+00
  2.8237E+00  1.0616E+01 -4.0135E+00
  2.5257E+00  9.9737E+00 -4.0126E+00
  2.7900E+00  1.0246E+01 -4.4064E+00
  3.3489E+00  9.7810E+00 -4.9845E+00
  3.0441E+00  9.8662E+00 -4.9355E+00
  2.6849E+00  1.0329E+01 -4.4508E+00
  2.9304E+00  1.0315E+01 -3.8008E+00
  2.9757E+00  9.8596E+00 -3.4579E+00
  3.5988E+00  1.0276E+01 -3.9143E+00
  4.3343E+00  9.7348E+00 -4.6968E+00
  4.7222E+00  9.3870E+00 -4.7489E+00
  4.1402E+00  9.4773E+00 -4.4874E+00
  4.0840E+00  9.2042E+00 -4.4863E+00
  5.0848E+00  8.4992E+00 -5.0574E+00
  5.7340E+00  7.5835E+00 -4.0237E+00
  5.9286E+00  7.4673E+00 -3.8719E+00
  6.0568E+00  7.2947E+00 -3.1569E+00
  5.9590E+00  6.9780E+00 -2.8213E+00
  5.7552E+00  6.8420E+00 -2.5495E+00
  5.2574E+00  6.6714E+00 -1.8911E+00
  5.2339E+00  6.8028E+00 -2.3417E+00
  5.0930E+00  7.0612E+00 -2.3306E+00
  5.2432E+00  6.6045E+00 -2.4567E+00
  5.5158E+00  6.8790E+00 -2.5878E+00
  5.5670E+00  6.6995E+00 -2.8921E+00
  5.6897E+00  6.7920E+00 -3.0794E+00
  5.8876E+00  6.9524E+00 -3.2702E+00
  6.0870E+00  6.6664E+00 -3.3621E+00
  6.3167E+00  6.8719E+00 -3.6986E+00
  6.4148E+00  6.6953E+00 -3.7514E+00
  6.4905E+00  6.7625E+00 -3.6745E+00
  6.6192E+00  7.1732E+00 -3.8010E+00
  6.4851E+00  6.5591E+00 -3.6312E+00
  6.4674E+00  6.4347E+00 -3.7227E+00
  6.8328E+00  6.8934E+00 -3.6711E+00
  7.0030E+00  6.9356E+00 -3.7752E+00
  6.9934E+00  6.6373E+00 -3.6153E+00
  7.2106E+00  6.7582E+00 -3.7336E+00
  7.3965E+00  6.8817E+00 -3.8717E+00
  7.1952E+00  6.7051E+00 -3.4460E+00
  6.6332E+00  6.5244E+00 -3.3245E+00
  6.6155E+00  6.4232E+00 -3.2263E+00
  6.2131E+00  6.4031E+00 -3.3155E+00
  6.2615E+00  6.6034E+00 -3.3620E+00
  6.1237E+00  6.2674E+00 -3.7343E+00
  5.9052E+00  6.6350E+00 -3.7910E+00
  5.9055E+00  6.3105E+00 -3.8425E+00
  5.5935E+00  6.2060E+00 -4.0321E+00
  5.5084E+00  6.5997E+00 -4.0300E+00
  5.5041E+00  6.3073E+00 -4.2695E+00
  5.3707E+00  6.5384E+00 -4.2594E+00
  5.4084E+00  7.0205E+00 -4.2574E+00
  5.0603E+00  6.4901E+00 -5.3328E+00
  5.2029E+00  7.0140E+00 -5.9031E+00
  5.0298E+00  7.1798E+00 -5.5367E+00
  5.0540E+00  7.2948E+00 -5.3906E+00
  5.1133E+00  7.4207E+00 -6.1550E+00
  5.9490E+00  7.0611E+00 -6.4901E+00
  6.0691E+00  7.1959E+00 -6.3201E+00
  5.6745E+00  7.6963E+00 -5.6459E+00
  6.4595E+00  8.2906E+00 -5.6033E+00
  6.9081E+00  8.0108E+00 -5.0805E+00
  6.9433E+00  7.4904E+00 -5.0133E+00
  7.4604E+00  7.8711E+00 -5.2887E+00
  7.7355E+00  7.5804E+00 -5.0604E+00
  7.3695E+00  7.7385E+00 -5.1611E+00
  7.1129E+00  7.8755E+00 -5.5122E+00
  7.6373E+00  7.8493E+00 -5.0144E+00
  7.7875E+00  7.7754E+00 -4.8183E+00
  7.5035E+00  7.7876E+00 -4.8257E+00
  7.2297E+00  8.0700E+00 -5.0179E+00
  7.5203E+00  7.7013E+00 -4.4804E+00
  7.9936E+00  8.1218E+00 -4.0730E+00
  7.6446E+00  8.0424E+00 -4.1606E+00
  7.6325E+00  8.4984E+00 -4.4922E+00
  7.7874E+00  8.7070E+00 -5.1790E+00
  7.7630E+00  8.6409E+00 -4.8911E+00
  8.0095E+00  9.2197E+00 -4.1329E+00
  7.9892E+00  8.9722E+00 -4.3268E+00
  7.7027E+00  8.8555E+00 -3.4348E+00
  7.6219E+00  7.9695E+00 -3.3842E+00
  7.7517E+00  8.4234E+00 -3.1734E+00
  8.2646E+00  8.2891E+00 -3.5763E+00
  8.4781E+00  8.8390E+00 -3.5468E+00
  9.6905E+00  7.8161E+00 -3.5508E+00
  1.0645E+01  8.3531E+00 -3.8885E+00
  1.1078E+01  9.0741E+00 -3.8504E+00
  1.1265E+01  9.1024E+00 -4.0646E+00
  1.1338E+01  9.4263E+00 -4.1406E+00
  1.1363E+01  9.2463E+00 -3.7778E+00
  1.1108E+01  9.6033E+00 -4.0734E+00
  1.1070E+01  9.8028E+00 -3.6742E+00
  1.1159E+01  9.5028E+00 -3.7970E+00
  1.1066E+01  8.3518E+00 -3.5810E+00
  1.1271E+01  8.5001E+00 -3.8134E+00
  1.1437E+01  8.5147E+00 -3.4599E+00
  1.1531E+01  8.0000E+00 -3.8767E+00
  1.1351E+01  7.4442E+00 -3.7094E+00
  1.1232E+01  7.4886E+00 -3.8357E+00
  1.1712E+01  7.7214E+00 -3.5217E+00
  1.1947E+01  8.3409E+00 -2.9183E+00
  1.1807E+01  8.4459E+00 -2.8753E+00
  1.1430E+01  7.6889E+00 -4.0236E+00
  1.0836E+01  8.1856E+00 -4.3015E+00
  1.1544E+01  7.9532E+00 -3.7229E+00
  1.1484E+01  7.7681E+00 -3.4472E+00
  1.1019E+01  7.5351E+00 -4.1865E+00
  9.4323E+00  7.3004E+00 -4.0752E+00
  9.0864E+00  6.4472E+00 -3.5223E+00
  8.5445E+00  6.3628E+00 -3.3705E+00
  8.5031E+00  5.9803E+00 -2.6952E+00
  8.5120E+00  5.5906E+00 -2.2702E+00
  8.4721E+00  5.1062E+00 -1.4693E+00
  8.5785E+00  5.3995E+00 -2.0442E+00
  8.2045E+00  5.0603E+00 -1.8187E+00
  7.2518E+00  5.6685E+00 -1.8237E+00
  7.0899E+00  5.6992E+00 -2.4340E+00
  6.7259E+00  5.8037E+00 -2.7306E+00
  6.6086E+00  6.4716E+00 -2.2172E+00
  6.7599E+00  6.2058E+00 -2.2736E+00
  7.2495E+00  5.7079E+00 -2.8638E+00
  7.5551E+00  5.7893E+00 -3.0083E+00
  8.3195E+00  6.4143E+00 -2.7883E+00
  8.0763E+00  7.2422E+00 -1.9178E+00
  8.1549E+00  6.8898E+00 -2.1737E+00
  8.4764E+00  7.1626E+00 -2.0713E+00
  8.0589E+00  7.2671E+00 -1.8379E+00
  7.5799E+00  7.4362E+00 -1.9713E+00
  7.0509E+00  7.7137E+00 -2.1080E+00
  6.5782E+00  8.7831E+00 -1.9634E+00
  6.1410E+00  8.6540E+00 -2.0915E+00
  6.2735E+00  8.8829E+00 -2.8231E+00
  6.0052E+00  8.1990E+00 -2.2450E+00
  6.1990E+00  8.2724E+00 -1.9090E+00
  6.6160E+00  7.5182E+00 -2.2610E+00
  6.9752E+00  8.1104E+00 -1.7863E+00
  6.7602E+00  7.6200E+00 -2.0946E+00
  7.1670E+00  7.6893E+00 -1.6751E+00
  7.9541E+00  7.1135E+00 -1.7722E+00
  7.6610E+00  7.1729E+00 -1.5643E+00
  7.2739E+00  6.9593E+00 -1.9163E+00
  6.5837E+00  6.8552E+00 -2.4356E+00
  7.4521E+00  7.1778E+00 -2.5776E+00
  6.6826E+00  6.8791E+00 -2.6559E+00
  6.6574E+00  6.8252E+00 -2.6364E+00
  7.1384E+00  6.8705E+00 -2.5754E+00
  7.2242E+00  6.9799E+00 -2.8288E+00
  6.7735E+00  6.9800E+00 -1.8757E+00
  6.4241E+00  6.8010E+00 -2.0991E+00
  6.6546E+00  6.6497E+00 -2.6749E+00
  6.1778E+00  6.9060E+00 -1.7785E+00
  6.2745E+00  6.4632E+00 -2.3864E+00
  6.0592E+00  6.7007E+00 -2.3825E+00
  6.4811E+00  6.9026E+00 -2.9425E+00
  6.4617E+00  7.1594E+00 -3.0757E+00
  6.5376E+00  7.4470E+00 -3.5905E+00
  6.5761E+00  7.5728E+00 -3.1043E+00
  6.4013E+00  7.6206E+00 -3.4981E+00
  6.4277E+00  7.0469E+00 -3.1862E+00
  6.6999E+00  7.2319E+00 -2.6767E+00
  6.1830E+00  7.5526E+00 -3.4463E+00
  6.8689E+00  7.0613E+00 -3.1721E+00
  6.7506E+00  7.0690E+00 -3.8063E+00
  5.9043E+00  7.2425E+00 -3.8623E+00
  5.8860E+00  7.6428E+00 -4.0261E+00
  5.9369E+00  8.2004E+00 -4.1763E+00
  5.5767E+00  7.6890E+00 -4.9067E+00
  5.3745E+00  7.8581E+00 -5.0519E+00
  5.6984E+00  7.5479E+00 -5.2862E+00
  5.4655E+00  7.4788E+00 -5.0176E+00
  5.3400E+00  7.3069E+00 -4.8757E+00
  5.2238E+00  6.8741E+00 -4.9271E+00
  5.5671E+00  6.6866E+00 -5.3858E+00
  5.4962E+00  6.8243E+00 -5.5121E+00
  5.6342E+00  6.4168E+00 -5.0311E+00
  6.6978E+00  6.7715E+00 -5.1439E+00
  6.2943E+00  6.8980E+00 -5.6128E+00
  5.6533E+00  6.8888E+00 -5.1539E+00
  5.8281E+00  6.7833E+00 -5.2567E+00
  6.9440E+00  6.8067E+00 -5.3771E+00
  7.1889E+00  7.7466E+00 -6.0377E+00
  6.4174E+00  7.9764E+00 -5.9190E+00
  6.0820E+00  7.6975E+00 -5.4828E+00
  6.8881E+00  7.1669E+00 -5.5472E+00
  7.1085E+00  7.3625E+00 -5.3569E+00
  6.1265E+00  7.7434E+00 -5.1125E+00
  6.8168E+00  7.7160E+00 -5.4236E+00
  7.4226E+00  7.7117E+00 -5.1806E+00
  7.3468E+00  7.4783E+00 -5.0348E+00
  7.0613E+00  8.0123E+00 -4.8352E+00
  6.9092E+00  7.3485E+00 -4.5584E+00
  7.2712E+00  8.1230E+00 -4.1778E+00
  6.2286E+00  7.4256E+00 -3.7428E+00
  6.7458E+00  8.3099E+00 -3.6883E+00
  6.6810E+00  8.2687E+00 -3.7073E+00
  6.7150E+00  7.8037E+00 -3.7405E+00
  6.0157E+00  7.6170E+00 -2.4682E+00
  6.1354E+00  7.9871E+00 -2.9346E+00
  6.7075E+00  7.7850E+00 -3.1788E+00
  6.7782E+00  7.1948E+00 -3.1325E+00
  6.7700E+00  7.4539E+00 -2.6165E+00
  7.1548E+00  7.0958E+00 -1.9383E+00
  7.5665E+00  6.8501E+00 -2.8632E+00
  7.9764E+00  6.2976E+00 -2.7153E+00
  7.3822E+00  6.5133E+00 -2.9192E+00
  6.9452E+00  6.0801E+00 -3.5467E+00
  6.9667E+00  5.0108E+00 -3.9649E+00
  6.6010E+00  4.6624E+00 -3.3653E+00
  6.2975E+00  5.5665E+00 -4.3326E+00
  5.8499E+00  6.3467E+00 -4.1219E+00
  5.7544E+00  5.4439E+00 -4.6541E+00
  5.6770E+00  4.8210E+00 -4.5002E+00
  5.4875E+00  4.9081E+00 -4.7384E+00
  5.5462E+00  4.8297E+00 -4.7516E+00
  5.3100E+00  4.7666E+00 -4.6343E+00
  5.4009E+00  5.1724E+00 -5.1212E+00
  4.9043E+00  5.7133E+00 -4.8733E+00
  5.1608E+00  5.5077E+00 -4.9477E+00
  5.8252E+00  5.3953E+00 -4.9513E+00
  5.5465E+00  5.6846E+00 -4.9062E+00
  5.4143E+00  6.2734E+00 -4.6619E+00
  5.6324E+00  5.8258E+00 -4.5469E+00
  6.5414E+00  5.6124E+00 -4.4445E+00
  7.0174E+00  5.7981E+00 -3.9033E+00
  7.0257E+00  5.8721E+00 -4.3755E+00
  6.0779E+00  5.6440E+00 -4.4343E+00
  5.9830E+00  5.6370E+00 -2.9818E+00
  5.8015E+00  5.7462E+00 -2.8122E+00
  5.8406E+00  5.4354E+00 -2.5673E+00
  5.8523E+00  5.2888E+00 -2.2621E+00
  5.6630E+00  5.5730E+00 -2.1923E+00
  5.8078E+00  4.9277E+00 -1.6054E+00
  5.7464E+00  4.5334E+00 -1.7913E+00
  5.9780E+00  5.1036E+00 -1.3646E+00
  6.2210E+00  5.0034E+00 -9.1079E-01
  6.3677E+00  4.9495E+00 -5.3252E-01
  6.6498E+00  4.5388E+00 -5.7988E-01
  6.5862E+00  5.0768E+00 -5.5390E-01
  7.3373E+00  5.4210E+00 -3.1329E-01
