  3.0922E+00  3.9174E+00  5.3367E-03
  2.5191E+00  3.6929E+00 -5.2705E-01
  2.6870E+00  3.7189E+00 -2.7994E-01
  2.7658E+00  3.6500E+00 -8.4356E-01
  2.1482E+00  3.5540E+00 -3.2650E-01
  3.1354E+00  4.0490E+00  3.1274E-01
  2.7393E+00  4.2115E+00 -2.5706E-01
  3.1746E+00  4.6842E+00 -4.9067E-01
  2.8943E+00  4.4588E+00 -6.5952E-01
  3.2033E+00  4.7330E+00 -8.1804E-01
  2.9391E+00  4.6485E+00 -4.5286E-01
  3.0316E+00  4.7546E+00 -3.1955E-01
  3.3239E+00  4.9489E+00 -4.9272E-01
  3.2584E+00  5.0291E+00 -6.1547E-01
  3.2208E+00  5.0817E+00 -2.8211E-01
  3.3205E+00  5.0863E+00 -1.5671E-01
  3.3463E+00  5.2231E+00 -2.3245E-01
  3.5179E+00  5.1168E+00 -5.5134E-01
  3.4688E+00  5.0271E+00 -6.2385E-01
  3.2414E+00  5.0000E+00 -2.4149E-01
  3.3104E+00  4.9939E+00  9.5615E-02
  3.2711E+00  4.9999E+00 -4.1410E-01
  3.3948E+00  4.6469E+00 -7.7613E-01
  3.5151E+00  4.8048E+00 -4.6615E-01
  3.3057E+00  4.6619E+00 -1.1641E-01
  3.9066E+00  5.0117E+00 -5.8748E-01
  3.4006E+00  4.8486E+00 -9.5058E-01
  4.0736E+00  4.8885E+00 -1.4912E+00
  3.4914E+00  4.0694E+00 -7.2821E-01
  3.7636E+00  4.1374E+00 -3.0923E-03
  4.0458E+00  4.3961E+00 -5.5793E-01
  3.9382E+00  4.7820E+00 -5.1543E-01
  3.0675E+00  4.3816E+00  3.3509E-01
  3.4082E+00  4.3998E+00  9.4465E-01
  2.7871E+00  4.4864E+00  8.3951E-01
  2.3834E+00  5.1400E+00  1.5727E+00
  2.6188E+00  4.7050E+00  1.7871E+00
  3.0785E+00  4.4752E+00  1.6411E+00
  3.2603E+00  5.1710E+00  3.0484E+00
  2.3612E+00  5.4993E+00  2.8669E+00
  2.3867E+00  5.4296E+00  3.0766E+00
  2.8851E+00  5.2506E+00  3.2531E+00
  2.4080E+00  5.7252E+00  2.8830E+00
  2.5374E+00  6.6949E+00  2.7682E+00
  2.9257E+00  7.3498E+00  2.5136E+00
  2.9651E+00  7.4249E+00  2.8265E+00
  3.4461E+00  7.6314E+00  2.7888E+00
  3.9851E+00  7.8043E+00  2.3080E+00
  3.5788E+00  7.6136E+00  2.6808E+00
  3.8393E+00  7.2261E+00  3.0494E+00
  4.2660E+00  8.0606E+00  2.4511E+00
  4.9972E+00  8.2272E+00  2.0840E+00
  4.4984E+00  8.0179E+00  2.0080E+00
  4.3254E+00  7.8510E+00  1.9516E+00
  4.8125E+00  7.9113E+00  2.4409E+00
  4.8382E+00  8.1013E+00  2.0560E+00
  4.2257E+00  7.5863E+00  1.7144E+00
  4.5247E+00  7.3515E+00  1.9925E+00
  4.7196E+00  7.2648E+00  1.6247E+00
  5.0196E+00  7.3852E+00  1.4833E+00
  5.2179E+00  6.8232E+00  1.4775E+00
  5.4049E+00  7.5172E+00  1.2801E+00
  5.2915E+00  7.6079E+00  1.5832E+00
  5.2360E+00  7.4148E+00  1.1684E+00
  6.2062E+00  7.3525E+00  1.1939E+00
  6.1007E+00  7.2054E+00  1.2652E+00
  6.8942E+00  7.5794E+00  1.0469E+00
  6.4405E+00  7.5637E+00  1.6003E+00
  6.6959E+00  7.5300E+00  1.8697E+00
  6.9571E+00  7.9253E+00  1.7710E+00
  7.2148E+00  7.9636E+00  1.9086E+00
  7.4877E+00  8.2438E+00  1.7641E+00
  7.6827E+00  7.9813E+00  1.6105E+00
  7.2781E+00  8.1307E+00  1.9495E+00
  6.9136E+00  8.4079E+00  1.9502E+00
  6.7843E+00  7.8264E+00  1.8729E+00
  6.9491E+00  7.6215E+00  2.0279E+00
  7.3936E+00  8.1800E+00  2.0142E+00
  7.1641E+00  7.4560E+00  2.0916E+00
  7.0228E+00  7.3572E+00  2.3566E+00
  7.1609E+00  7.1098E+00  2.2406E+00
  7.1856E+00  6.7641E+00  2.4643E+00
  7.1160E+00  6.4632E+00  2.5075E+00
  6.9368E+00  6.3403E+00  2.3591E+00
  6.8138E+00  6.7294E+00  2.8105E+00
  6.9934E+00  6.4737E+00  2.8525E+00
  6.9188E+00  6.7476E+00  2.7967E+00
  6.6920E+00  6.4873E+00  2.3784E+00
  6.5870E+00  6.8112E+00  2.6624E+00
  6.9337E+00  7.1042E+00  2.4735E+00
  6.9647E+00  7.1300E+00  2.3740E+00
  6.7705E+00  7.4459E+00  2.4621E+00
  6.7027E+00  7.4411E+00  2.0770E+00
  6.6461E+00  7.3445E+00  1.8580E+00
  6.8242E+00  7.5374E+00  1.8032E+00
  7.0045E+00  7.7547E+00  2.1200E+00
  7.0626E+00  7.2579E+00  1.8630E+00
  7.3421E+00  7.3434E+00  1.8801E+00
  7.4620E+00  7.5229E+00  1.7947E+00
  7.0920E+00  7.4760E+00  1.7767E+00
  7.1594E+00  7.1323E+00  1.4845E+00
  7.6682E+00  7.0842E+00  1.4251E+00
  7.5362E+00  7.3580E+00  1.4160E+00
  7.5765E+00  7.2382E+00  1.2407E+00
  7.6975E+00  6.8419E+00  9.8149E-01
  7.4326E+00  6.8673E+00  1.2610E+00
  7.7935E+00  6.6980E+00  8.2929E-01
  7.5257E+00  6.7016E+00  1.1880E+00
  7.6796E+00  6.4602E+00  4.5510E-01
  7.3538E+00  6.8795E+00 -1.2219E-01
  7.4764E+00  6.7509E+00  3.9268E-02
  7.2875E+00  7.0602E+00  2.9457E-01
  7.3705E+00  7.3782E+00  2.3279E-01
  7.7056E+00  7.4297E+00  5.8669E-02
  7.6423E+00  7.0141E+00  8.2528E-01
  8.0412E+00  6.7273E+00  6.9313E-01
  8.3421E+00  7.1233E+00  1.6833E+00
  9.0360E+00  7.5646E+00  2.0859E+00
  9.2634E+00  8.3221E+00  2.5907E+00
  9.6962E+00  8.4755E+00  2.6751E+00
  1.0003E+01  8.3352E+00  2.4331E+00
  9.8190E+00  8.6291E+00  2.5729E+00
  1.0288E+01  8.7842E+00  2.4959E+00
  1.0226E+01  8.4550E+00  3.0093E+00
  1.0278E+01  7.6828E+00  3.2759E+00
  1.0204E+01  7.1074E+00  3.0622E+00
  1.0056E+01  7.2117E+00  3.5694E+00
  9.9335E+00  7.4611E+00  3.7994E+00
  9.7213E+00  7.1783E+00  3.6362E+00
  9.4296E+00  6.4055E+00  2.9856E+00
  8.7439E+00  6.6104E+00  2.5947E+00
  8.8246E+00  6.3333E+00  3.3406E+00
  9.7289E+00  6.7555E+00  3.2834E+00
  9.3600E+00  6.9956E+00  3.4863E+00
  8.4459E+00  7.3019E+00  3.2097E+00
  8.1858E+00  7.5255E+00  3.0528E+00
  7.9908E+00  7.6402E+00  2.9860E+00
  8.0074E+00  8.3466E+00  3.2441E+00
  7.5114E+00  8.1013E+00  3.1688E+00
  8.0110E+00  8.0425E+00  2.9361E+00
  8.1531E+00  8.4797E+00  2.6116E+00
  8.3242E+00  8.5653E+00  2.4449E+00
  8.9268E+00  9.2552E+00  2.6168E+00
  9.2091E+00  9.4591E+00  2.6319E+00
  9.1235E+00  9.6484E+00  2.4986E+00
  8.9940E+00  9.6124E+00  2.3906E+00
  9.1326E+00  9.3992E+00  2.4763E+00
  9.1351E+00  9.3727E+00  2.4199E+00
  9.4485E+00  9.5273E+00  2.3986E+00
  9.0585E+00  9.8041E+00  2.4309E+00
  8.9098E+00  1.0109E+01  2.4386E+00
  8.9051E+00  1.0602E+01  2.4959E+00
  9.0520E+00  1.0875E+01  2.2623E+00
  8.8804E+00  1.0934E+01  2.0972E+00
  8.8214E+00  1.0856E+01  2.0549E+00
  9.1919E+00  1.0155E+01  2.2678E+00
  8.8028E+00  1.0517E+01  2.5055E+00
  8.7495E+00  1.0598E+01  2.6461E+00
  9.3742E+00  1.0063E+01  2.7580E+00
  9.6454E+00  1.0320E+01  2.6602E+00
  9.5240E+00  1.0405E+01  2.6187E+00
  9.5462E+00  1.0591E+01  2.6187E+00
  9.5106E+00  1.0329E+01  2.6232E+00
  9.7393E+00  1.0258E+01  2.3914E+00
  9.7355E+00  1.0473E+01  2.3510E+00
  9.2549E+00  1.0267E+01  2.0437E+00
  9.1722E+00  1.0013E+01  1.7727E+00
  9.9460E+00  1.0047E+01  2.2511E+00
  9.5553E+00  9.6403E+00  2.3145E+00
  9.4365E+00  9.5795E+00  1.9607E+00
  9.7035E+00  9.2044E+00  2.5607E+00
  9.1179E+00  9.5259E+00  2.4490E+00
  9.2409E+00  9.1559E+00  2.4289E+00
  9.3896E+00  8.6614E+00  2.7846E+00
  9.6850E+00  8.8090E+00  2.6366E+00
  9.4912E+00  9.1314E+00  2.6331E+00
  9.5851E+00  8.9993E+00  2.6890E+00
  1.0287E+01  8.2769E+00  3.4274E+00
  1.0698E+01  8.3532E+00  2.9531E+00
  1.0325E+01  7.2515E+00  2.6137E+00
  9.6757E+00  7.2128E+00  2.0594E+00
  1.0296E+01  7.9614E+00  2.7984E+00
  1.0247E+01  8.3636E+00  2.3778E+00
  1.0088E+01  8.1753E+00  2.6626E+00
  1.0174E+01  8.4302E+00  2.7589E+00
  9.6527E+00  9.0099E+00  2.4377E+00
  9.9223E+00  8.7889E+00  3.2555E+00
  9.9102E+00  8.6391E+00  2.8475E+00
  9.3478E+00  8.5769E+00  2.7494E+00
  9.5382E+00  8.1023E+00  3.1383E+00
  9.6689E+00  7.3591E+00  2.6883E+00
  8.7929E+00  8.1528E+00  2.9443E+00
  8.8214E+00  8.2118E+00  2.3450E+00
  9.0528E+00  8.2161E+00  2.6967E+00
  8.7828E+00  8.4517E+00  2.0647E+00
  8.8239E+00  8.6019E+00  2.3230E+00
  8.9501E+00  8.4017E+00  2.1685E+00
  9.0036E+00  8.7366E+00  2.1207E+00
  9.1507E+00  8.6575E+00  1.9186E+00
  9.2343E+00  8.3574E+00  2.1501E+00
  9.0323E+00  8.4225E+00  2.4347E+00
  9.2319E+00  8.2092E+00  2.3654E+00
  9.0338E+00  8.4408E+00  2.4265E+00
  8.9384E+00  8.1407E+00  2.5939E+00
  9.0406E+00  7.9353E+00  2.7322E+00
  8.7141E+00  8.1726E+00  2.3071E+00
  8.8157E+00  8.0767E+00  2.2770E+00
  8.7469E+00  8.1885E+00  2.0368E+00
  8.8337E+00  8.0623E+00  2.0687E+00
  8.7563E+00  7.9673E+00  2.4042E+00
  8.7926E+00  7.6768E+00  2.5230E+00
  8.3665E+00  7.8101E+00  2.0875E+00
  8.3994E+00  7.9127E+00  2.6130E+00
  8.5583E+00  7.4494E+00  2.5362E+00
  8.0161E+00  7.7267E+00  2.4837E+00
  8.3393E+00  7.4980E+00  2.7399E+00
  7.9046E+00  7.7651E+00  2.8558E+00
  7.5375E+00  7.6875E+00  2.7452E+00
  7.2082E+00  7.9218E+00  3.1325E+00
  7.6998E+00  7.1667E+00  3.4160E+00
  7.4300E+00  7.3381E+00  3.5960E+00
  7.2968E+00  6.9156E+00  3.4367E+00
  7.3673E+00  6.4954E+00  3.5116E+00
  7.6635E+00  6.1782E+00  3.5373E+00
  7.7188E+00  6.1195E+00  3.1445E+00
  7.4826E+00  6.0425E+00  3.2270E+00
  7.7829E+00  5.9424E+00  3.5655E+00
  7.7429E+00  6.0646E+00  3.5903E+00
  7.8865E+00  6.2804E+00  3.5141E+00
  8.2018E+00  6.4782E+00  3.4464E+00
  8.6171E+00  6.7438E+00  3.3196E+00
  8.2671E+00  6.4426E+00  3.1525E+00
  8.5661E+00  7.1630E+00  2.9275E+00
  8.1676E+00  7.1186E+00  2.7667E+00
  8.2777E+00  7.1378E+00  2.7051E+00
  8.6050E+00  7.1288E+00  2.1908E+00
  8.6148E+00  6.9554E+00  2.2850E+00
  8.4099E+00  6.9565E+00  2.2096E+00
  8.4481E+00  6.6817E+00  2.5064E+00
  8.4651E+00  6.3012E+00  2.3718E+00
  8.4334E+00  6.2618E+00  2.0701E+00
  8.4330E+00  6.1270E+00  2.2881E+00
  8.3204E+00  5.5684E+00  2.5295E+00
  8.1400E+00  5.8053E+00  2.2194E+00
  7.7224E+00  5.7735E+00  2.4079E+00
  7.7379E+00  5.6633E+00  2.5503E+00
  7.4444E+00  5.3882E+00  2.3947E+00
  7.5414E+00  5.1633E+00  2.7298E+00
  7.6918E+00  5.0889E+00  2.9213E+00
  7.4879E+00  5.1118E+00  2.9856E+00
  7.4972E+00  4.9977E+00  3.0924E+00
  7.3475E+00  5.0893E+00  3.0883E+00
  7.8064E+00  4.9413E+00  3.3960E+00
  7.4387E+00  4.8463E+00  3.3070E+00
  7.6269E+00  4.8825E+00  3.2848E+00
  7.7260E+00  4.9310E+00  3.2927E+00
  7.7338E+00  4.8528E+00  3.4097E+00
  7.7499E+00  4.7763E+00  3.4123E+00
  7.7788E+00  5.0339E+00  3.1073E+00
  7.5711E+00  4.6575E+00  3.4133E+00
  7.8676E+00  5.1654E+00  2.6081E+00
  7.8049E+00  5.0564E+00  3.1784E+00
  8.0463E+00  5.2313E+00  3.1398E+00
  8.3450E+00  5.4825E+00  3.0566E+00
  8.3529E+00  5.5987E+00  3.1162E+00
  8.6252E+00  5.9326E+00  2.9265E+00
  8.9954E+00  6.4261E+00  2.9462E+00
  9.1892E+00  6.4624E+00  2.7593E+00
  8.7359E+00  6.2360E+00  1.6811E+00
  8.6176E+00  6.1830E+00  2.1047E+00
  9.6193E+00  6.3399E+00  2.7968E+00
  9.4547E+00  6.9225E+00  2.5450E+00
  9.9574E+00  6.7800E+00  2.6523E+00
  9.7176E+00  6.2135E+00  2.7836E+00
  1.0003E+01  6.4390E+00  2.6874E+00
  9.7907E+00  6.7371E+00  2.6463E+00
  1.0008E+01  5.9821E+00  2.8827E+00
  9.8634E+00  6.0878E+00  2.2694E+00
  9.8481E+00  5.8099E+00  2.8766E+00
  1.0254E+01  6.1871E+00  2.1489E+00
  1.0239E+01  5.7441E+00  2.4500E+00
  1.0864E+01  5.4345E+00  2.1438E+00
  1.1288E+01  5.1689E+00  1.8349E+00
  1.1142E+01  5.0309E+00  1.9873E+00
  1.1055E+01  4.2919E+00  2.2759E+00
  1.1312E+01  4.4042E+00  2.1397E+00
  1.1096E+01  4.2555E+00  1.9517E+00
  1.1168E+01  4.1904E+00  1.8304E+00
  1.1291E+01  4.1137E+00  1.6966E+00
  1.0515E+01  4.3605E+00  9.5979E-01
  1.1094E+01  4.1910E+00  1.1683E+00
  1.0945E+01  3.7850E+00  8.7529E-01
  1.0350E+01  4.1664E+00  7.9034E-01
  9.8940E+00  4.5184E+00  6.5970E-01
  9.6652E+00  4.7516E+00  6.0807E-01
  8.7591E+00  5.1119E+00  7.9414E-01
  8.3950E+00  5.2540E+00  6.2317E-01
  8.1631E+00  5.5717E+00  7.1464E-01
  8.4246E+00  5.7439E+00  8.6845E-01
  8.5071E+00  5.7437E+00  5.7994E-01
  8.5426E+00  5.6301E+00  6.3477E-01
  9.0225E+00  5.4974E+00  3.8656E-01
  8.8227E+00  5.5168E+00  2.2974E-01
  9.1286E+00  4.5970E+00 -4.5918E-01
  9.5379E+00  4.7075E+00 -1.5037E+00
  9.3259E+00  5.3207E+00 -1.9181E+00
  9.6138E+00  5.3576E+00 -1.5397E+00
  9.4844E+00  4.9359E+00 -5.9822E-01
  8.9121E+00  4.2524E+00 -3.9017E-01
  8.9018E+00  4.3776E+00 -1.3378E+00
  8.4626E+00  4.3855E+00 -1.1542E+00
  8.6193E+00  5.2461E+00 -1.1428E+00
  8.2172E+00  4.8615E+00 -9.9790E-01
  8.1290E+00  4.5139E+00 -1.4761E+00
  7.7259E+00  4.7292E+00 -1.3468E+00
  8.0094E+00  4.4223E+00 -1.7811E+00
  7.7267E+00  4.2681E+00 -2.2137E+00
  6.9292E+00  4.8270E+00 -1.9861E+00
  6.6817E+00  4.8282E+00 -2.2358E+00
  6.1364E+00  5.4065E+00 -2.0914E+00
  6.0753E+00  4.4600E+00 -2.3221E+00
  6.3696E+00  5.1902E+00 -2.6995E+00
  5.8307E+00  4.3524E+00 -2.3382E+00
  5.8194E+00  5.0155E+00 -2.2343E+00
  6.0641E+00  4.9620E+00 -2.3448E+00
  6.0764E+00  4.9046E+00 -2.3437E+00
  6.1875E+00  4.7221E+00 -2.3672E+00
  6.2485E+00  4.4504E+00 -2.2665E+00
  6.4422E+00  4.8702E+00 -2.3157E+00
  6.6534E+00  4.9996E+00 -2.0816E+00
  7.1007E+00  5.0226E+00 -2.3353E+00
  6.9727E+00  5.6415E+00 -2.0333E+00
  7.0775E+00  5.2175E+00 -2.4687E+00
  6.6032E+00  5.5556E+00 -1.9267E+00
  6.7468E+00  5.0278E+00 -1.7435E+00
  6.5367E+00  5.4078E+00 -1.7692E+00
  6.8798E+00  4.9747E+00 -1.5501E+00
  6.8965E+00  4.8703E+00 -1.7335E+00
  6.9266E+00  4.9090E+00 -1.8854E+00
  7.3103E+00  4.8389E+00 -1.8883E+00
  7.1514E+00  4.8557E+00 -1.9238E+00
  7.1372E+00  4.8844E+00 -2.0057E+00
  7.2263E+00  4.7794E+00 -1.9440E+00
  7.2504E+00  4.6077E+00 -2.1017E+00
  7.4206E+00  4.6764E+00 -2.0046E+00
  7.4140E+00  4.8118E+00 -2.3180E+00
  7.5699E+00  4.3157E+00 -2.3391E+00
  7.7082E+00  4.3520E+00 -1.7289E+00
  7.6524E+00  3.8852E+00 -2.1903E+00
  7.6586E+00  4.0790E+00 -1.9084E+00
  8.0425E+00  3.8086E+00 -1.6639E+00
  7.5789E+00  3.5969E+00 -1.9687E+00
  7.3797E+00  3.8888E+00 -1.9420E+00
  7.4822E+00  3.9462E+00 -2.0724E+00
  7.5835E+00  3.7099E+00 -1.8941E+00
  7.5041E+00  3.1783E+00 -1.6224E+00
  7.5258E+00  3.3617E+00 -1.6005E+00
  7.7787E+00  3.4197E+00 -1.5610E+00
  7.6735E+00  3.0163E+00 -1.5548E+00
  7.5736E+00  3.3464E+00 -1.2975E+00
  7.4655E+00  3.3703E+00 -1.5991E+00
  7.5995E+00  3.0813E+00 -1.3477E+00
  7.6933E+00  2.7724E+00 -1.3755E+00
  7.6284E+00  3.2158E+00 -1.4008E+00
  7.3020E+00  3.1431E+00 -1.4443E+00
  7.1920E+00  3.3373E+00 -1.3167E+00
  7.4470E+00  3.3210E+00 -1.0148E+00
  7.1537E+00  3.6100E+00 -1.2714E+00
  7.4500E+00  4.0584E+00 -1.1563E+00
  7.5368E+00  4.2742E+00 -1.0631E+00
  7.6145E+00  4.2760E+00 -8.7183E-01
  7.6446E+00  4.0489E+00 -7.9248E-01
  7.5805E+00  4.1793E+00 -7.4222E-01
  7.5575E+00  4.3958E+00 -5.2289E-01
  7.6756E+00  4.2098E+00 -7.0470E-01
  7.7591E+00  4.5030E+00 -1.6490E-01
  7.8123E+00  4.7011E+00  1.1742E-01
  7.8876E+00  4.8782E+00  1.9790E-01
  7.7422E+00  4.2117E+00  6.9344E-01
  7.7150E+00  4.5981E+00  5.7846E-01
  7.4568E+00  5.0380E+00  1.1920E+00
  7.4284E+00  4.7843E+00  1.0124E+00
  7.2010E+00  4.9401E+00  1.2900E+00
  7.0641E+00  5.0727E+00  1.5682E+00
  7.3036E+00  4.6551E+00  1.3990E+00
  7.4221E+00  5.2077E+00  1.8757E+00
  7.6749E+00  5.3897E+00  1.4915E+00
  7.7168E+00  5.3768E+00  1.4458E+00
  7.6586E+00  5.8439E+00  1.4508E+00
  7.8782E+00  5.6472E+00  1.6459E+00
  7.5895E+00  5.0551E+00  1.6575E+00
  7.3412E+00  5.1370E+00  1.3372E+00
  7.5175E+00  5.8279E+00  1.6017E+00
  7.4424E+00  5.8270E+00  1.2090E+00
  7.2778E+00  5.7860E+00  1.3702E+00
  7.2532E+00  5.2377E+00  1.7091E+00
  7.1301E+00  4.8347E+00  9.5782E-01
  6.2888E+00  5.4659E+00  1.5077E+00
  5.8621E+00  4.6557E+00  2.4187E+00
  5.1367E+00  4.3087E+00  1.9000E+00
