  8.2313E+00  2.4213E+00 -5.5326E-01
  9.0747E+00  3.3197E+00 -7.0695E-01
  8.1840E+00  3.4194E+00 -2.2531E-02
  7.9320E+00  2.6608E+00  3.1062E-01
  7.7982E+00  2.6542E+00  3.8046E-01
  7.8691E+00  2.9425E+00 -9.6576E-02
  7.8543E+00  2.8590E+00 -1.7101E-01
  7.9505E+00  2.9544E+00  8.4172E-02
  7.7282E+00  2.6020E+00  1.6593E-01
  7.7146E+00  3.1181E+00  1.4453E-01
  7.6593E+00  2.9900E+00 -2.7115E-01
  7.6462E+00  2.9393E+00 -1.1486E-02
  7.6578E+00  3.1429E+00  1.8558E-01
  7.7536E+00  3.1754E+00  4.9432E-02
  7.6885E+00  3.2795E+00  5.1671E-02
  7.6699E+00  3.4467E+00  7.2989E-02
  7.7836E+00  3.6637E+00  7.1860E-02
  7.7218E+00  3.5436E+00  1.0386E-01
  7.8029E+00  3.5937E+00  2.4691E-01
  8.0092E+00  3.5429E+00  7.1308E-02
  7.9352E+00  3.2414E+00  3.3237E-01
  8.0331E+00  3.1864E+00  8.5079E-01
  7.8675E+00  2.6600E+00  7.1578E-01
  8.4075E+00  2.9485E+00  7.6098E-01
  8.3972E+00  2.0313E+00  6.5819E-01
  8.7294E+00  1.6362E+00  6.2148E-01
  8.8307E+00  1.8678E+00  1.6769E+00
  8.9450E+00  1.7302E+00  1.6674E+00
  9.1213E+00  1.4408E+00  2.3723E+00
  1.0655E+01  1.6661E+00  2.5225E+00
  1.0327E+01  1.4500E+00  2.7957E+00
  9.8498E+00  1.9230E+00  2.7439E+00
  9.6433E+00  2.3205E+00  2.4448E+00
  9.4189E+00  2.2410E+00  2.2586E+00
  9.9191E+00  2.5194E+00  1.8538E+00
  9.7079E+00  1.8972E+00  2.3904E+00
  9.8822E+00  1.5622E+00  2.0819E+00
  9.9570E+00  2.3103E+00  2.5380E+00
  1.0100E+01  2.2475E+00  2.1532E+00
  1.0117E+01  2.4531E+00  2.5493E+00
  9.7362E+00  2.1645E+00  2.1820E+00
  9.0810E+00  1.6412E+00  2.0596E+00
  9.5422E+00  2.3412E+00  2.3824E+00
  9.6216E+00  2.5186E+00  2.3302E+00
  9.5478E+00  2.6069E+00  2.1076E+00
  9.4905E+00  2.7132E+00  1.6909E+00
  9.6006E+00  3.0248E+00  1.4208E+00
  9.6262E+00  3.2469E+00  1.8111E+00
  9.7406E+00  3.4500E+00  1.7024E+00
  9.7911E+00  3.8653E+00  1.2763E+00
  9.8157E+00  4.0051E+00  1.4472E+00
  9.3594E+00  3.8582E+00  2.0510E+00
  9.7335E+00  3.9743E+00  1.9079E+00
  1.0014E+01  4.0479E+00  1.5317E+00
  9.9828E+00  4.2332E+00  1.3884E+00
  9.7397E+00  4.2123E+00  1.5870E+00
  9.9290E+00  4.0110E+00  2.0588E+00
  9.9574E+00  3.7297E+00  2.0102E+00
  9.1495E+00  4.0908E+00  1.9382E+00
  9.1351E+00  3.9499E+00  1.5584E+00
  9.4628E+00  4.2356E+00  1.5774E+00
  9.9172E+00  4.0643E+00  1.7660E+00
  9.9019E+00  4.1756E+00  1.9261E+00
  1.0150E+01  4.0440E+00  1.5798E+00
  9.8821E+00  4.4790E+00  1.7055E+00
  9.7516E+00  4.4737E+00  1.8789E+00
  9.6844E+00  4.5496E+00  2.2075E+00
  9.8680E+00  4.3892E+00  2.1558E+00
  9.7294E+00  4.5851E+00  2.0557E+00
  9.5475E+00  4.7704E+00  2.4210E+00
  9.5242E+00  4.7892E+00  2.3727E+00
  9.3253E+00  4.8159E+00  2.0959E+00
  9.1951E+00  5.3477E+00  2.2389E+00
  9.2268E+00  5.1556E+00  1.7171E+00
  9.2467E+00  5.4430E+00  1.5806E+00
  9.3712E+00  5.6918E+00  1.4743E+00
  9.4350E+00  5.5038E+00  1.0577E+00
  9.4111E+00  5.6567E+00  1.1199E+00
  9.4638E+00  5.8914E+00  1.0512E+00
  9.6885E+00  6.0194E+00  3.2268E-01
  9.5103E+00  6.1849E+00  5.4357E-01
  9.5500E+00  6.1846E+00  1.5627E-01
  9.3038E+00  6.6834E+00  1.6601E-01
  9.4450E+00  6.9169E+00  6.6578E-02
  9.5148E+00  7.1742E+00  2.1572E-02
  9.4195E+00  7.3802E+00  3.3739E-02
  8.9811E+00  6.9678E+00  3.4772E-01
  9.1493E+00  7.0999E+00  2.7251E-01
  9.3487E+00  7.3383E+00  4.2293E-01
  9.3415E+00  7.1392E+00  5.0617E-01
  9.3094E+00  6.7999E+00  3.0622E-01
  9.5211E+00  7.0108E+00  3.3794E-01
  9.4183E+00  7.0364E+00  6.5762E-01
  9.3917E+00  7.2610E+00  7.5666E-01
  9.3144E+00  7.2829E+00  3.3851E-01
  9.9639E+00  7.6090E+00  6.1697E-01
  9.9751E+00  7.4022E+00  4.8767E-01
  1.0411E+01  8.1100E+00  4.9438E-01
  1.0089E+01  7.8786E+00  4.5064E-01
  1.0402E+01  8.3407E+00  7.1833E-01
  1.0797E+01  8.0905E+00  4.9875E-01
  1.0324E+01  7.6542E+00  8.7398E-01
  1.0651E+01  8.0448E+00  8.0036E-01
  1.0758E+01  8.0104E+00  7.6869E-01
  1.0427E+01  7.6039E+00  1.2184E+00
  1.0661E+01  7.7579E+00  1.2391E+00
  1.0550E+01  7.9502E+00  1.1476E+00
  1.0595E+01  7.6864E+00  1.1434E+00
  1.0232E+01  7.5617E+00  1.1885E+00
  1.1002E+01  7.9630E+00  1.5194E+00
  1.0157E+01  7.5548E+00  1.8565E+00
  1.0756E+01  7.4623E+00  1.5927E+00
  1.0703E+01  7.1663E+00  1.5940E+00
  1.0633E+01  6.6498E+00  1.3065E+00
  1.0781E+01  6.4345E+00  7.7912E-01
  1.0948E+01  6.6651E+00  9.9260E-02
  1.0868E+01  7.0221E+00 -7.2252E-01
  1.0613E+01  6.5714E+00 -8.1001E-01
  1.0688E+01  6.8668E+00 -1.0274E+00
  1.1288E+01  7.1336E+00 -1.0942E+00
  1.1091E+01  7.0257E+00 -9.9697E-01
  1.0850E+01  6.9976E+00 -6.2068E-01
  1.1187E+01  7.0489E+00 -4.9403E-01
  1.0793E+01  6.8532E+00 -6.9306E-01
  1.0789E+01  6.6817E+00 -3.6550E-01
  1.1153E+01  6.3784E+00  5.5325E-02
  1.1216E+01  6.5621E+00 -3.9713E-02
  1.1257E+01  6.8104E+00  3.6403E-02
  1.1167E+01  7.1983E+00  2.7987E-02
  1.0805E+01  7.4096E+00  3.4405E-03
  1.0655E+01  7.1522E+00  1.1050E-01
  1.0784E+01  7.3607E+00  2.3177E-01
  1.0418E+01  7.3976E+00 -3.1746E-02
  1.0242E+01  7.0940E+00  2.4073E-02
  1.0409E+01  6.9245E+00 -1.4243E-01
  1.0153E+01  6.8295E+00 -4.5724E-01
  1.0093E+01  6.8717E+00  1.0812E-01
  1.0067E+01  7.0045E+00 -4.2662E-01
  1.0759E+01  7.0520E+00 -2.3949E-01
  1.0923E+01  6.8131E+00 -2.7011E-02
  1.0979E+01  6.6789E+00 -3.6146E-01
  1.1010E+01  6.6732E+00 -2.9548E-02
  1.0754E+01  6.7364E+00 -6.8542E-02
  1.0443E+01  6.5680E+00 -4.1517E-01
  9.9695E+00  6.6065E+00 -5.6099E-01
  9.9907E+00  6.8803E+00 -1.4397E-01
  1.0076E+01  6.9682E+00 -4.7751E-01
  9.4865E+00  7.1389E+00 -5.2381E-01
  9.7502E+00  6.8111E+00 -5.6345E-01
  9.2971E+00  6.9194E+00 -4.2213E-01
  9.4940E+00  6.7177E+00 -7.0627E-01
  9.8184E+00  6.7916E+00 -3.3681E-01
  9.4102E+00  6.9716E+00 -5.7118E-02
  9.5350E+00  7.1422E+00 -1.3152E-01
  9.3838E+00  7.2397E+00  1.0689E-01
  9.7469E+00  6.9119E+00  3.9755E-01
  1.0351E+01  6.4531E+00  1.3178E-01
  1.0448E+01  6.2923E+00  1.3320E-01
  1.1174E+01  5.8480E+00 -3.4160E-01
  1.1000E+01  6.0777E+00  5.4692E-02
  1.1229E+01  6.4490E+00 -6.7172E-01
  1.1293E+01  5.9609E+00 -7.4526E-01
  1.0990E+01  6.1120E+00 -6.7904E-01
  1.0868E+01  5.6373E+00 -1.0391E+00
  1.0548E+01  5.7880E+00 -1.1012E+00
  1.0766E+01  5.8653E+00 -1.1739E+00
  1.1055E+01  5.7632E+00 -1.3544E+00
  1.0791E+01  6.1945E+00 -1.5011E+00
  1.0593E+01  6.3976E+00 -1.8843E+00
  1.0130E+01  6.3932E+00 -1.9349E+00
  9.9946E+00  6.4517E+00 -1.8628E+00
  1.0078E+01  6.5246E+00 -1.7033E+00
  9.9789E+00  6.3619E+00 -1.9668E+00
  9.7856E+00  6.7194E+00 -2.0858E+00
  9.6452E+00  6.6201E+00 -2.1460E+00
  9.4743E+00  6.6850E+00 -2.1776E+00
  9.6152E+00  6.7953E+00 -2.1436E+00
  9.5258E+00  7.2394E+00 -1.8517E+00
  9.7809E+00  6.9218E+00 -1.8871E+00
  9.5771E+00  7.1852E+00 -2.0792E+00
  9.4172E+00  7.1221E+00 -1.9807E+00
  9.6594E+00  6.5328E+00 -2.0811E+00
  9.5496E+00  7.0185E+00 -2.2959E+00
  9.3019E+00  7.0711E+00 -2.1828E+00
  9.2932E+00  6.8232E+00 -1.7043E+00
  9.4878E+00  7.0153E+00 -1.5875E+00
  9.8165E+00  8.1874E+00 -1.5689E+00
  9.3985E+00  7.9880E+00 -1.6752E+00
  9.5127E+00  8.7721E+00 -1.4809E+00
  9.2302E+00  9.0990E+00 -1.5827E+00
  9.3535E+00  9.2748E+00 -1.5482E+00
  9.6918E+00  9.2619E+00 -1.0937E+00
  9.4833E+00  8.9477E+00 -1.1295E+00
  9.4467E+00  8.5517E+00 -1.4944E+00
  9.5479E+00  8.5847E+00 -1.1807E+00
  9.5105E+00  7.8992E+00 -1.2167E+00
  9.5076E+00  7.7101E+00 -8.4719E-01
  9.5396E+00  7.7240E+00 -5.3556E-01
  9.0512E+00  7.5624E+00 -9.8021E-02
  8.9859E+00  7.6020E+00 -1.1510E-02
  8.7625E+00  7.7083E+00 -1.8234E-01
  9.3341E+00  7.4467E+00 -1.8086E-01
  8.8134E+00  7.3924E+00 -3.1285E-01
  9.3206E+00  7.5426E+00 -4.3153E-02
  8.9714E+00  7.4542E+00 -4.4995E-02
  9.5417E+00  7.5246E+00 -4.7211E-02
  9.3079E+00  7.7330E+00  2.0296E-01
  9.1871E+00  7.8525E+00  2.3177E-01
  9.4970E+00  7.9592E+00  5.2346E-02
  9.0239E+00  8.3368E+00 -3.5416E-02
  9.5361E+00  8.3092E+00 -1.3001E-01
  9.2170E+00  8.1128E+00 -2.5345E-01
  8.0459E+00  8.3808E+00  1.9807E-01
  7.6357E+00  9.1553E+00  5.5044E-02
  7.5061E+00  8.4909E+00 -4.8494E-01
  7.2857E+00  9.3429E+00 -1.1159E-01
  7.0564E+00  9.1281E+00 -2.6109E-01
  6.9834E+00  9.3587E+00 -1.6611E-01
  7.0018E+00  9.0447E+00  9.3451E-02
  7.0852E+00  9.3443E+00  3.0724E-01
  7.5236E+00  9.4543E+00  8.8447E-01
  7.5540E+00  9.2958E+00  1.1404E+00
  7.4347E+00  9.5243E+00  1.1664E+00
  7.5096E+00  9.3038E+00  1.2319E+00
  7.6450E+00  8.9857E+00  3.8729E-01
  8.0126E+00  8.4049E+00  2.5316E-01
  7.9064E+00  8.7794E+00  6.0926E-01
  8.1263E+00  8.3733E+00  4.9574E-01
  8.1503E+00  8.0901E+00  4.5450E-01
  8.4546E+00  7.3326E+00  1.4550E-01
  8.1691E+00  7.3345E+00  2.5634E-02
  7.9205E+00  7.0012E+00 -4.4534E-02
  7.6207E+00  7.0551E+00 -4.7438E-01
  7.5355E+00  7.0589E+00 -4.6370E-01
  7.5497E+00  6.9026E+00 -9.6672E-01
  7.5955E+00  6.5135E+00 -3.3750E-01
  7.6915E+00  6.4194E+00 -9.4966E-01
  7.7791E+00  6.3874E+00 -1.2371E+00
  7.6325E+00  6.8254E+00 -1.3409E+00
  7.8559E+00  6.6961E+00 -1.5447E+00
  7.4141E+00  6.9486E+00 -7.2895E-01
  7.1322E+00  7.3814E+00 -3.2560E-01
  6.8232E+00  7.1137E+00 -5.6878E-01
  6.7734E+00  7.7262E+00  1.6030E-01
  7.0053E+00  7.5860E+00  3.4411E-01
  7.1668E+00  7.5392E+00  2.8140E-01
  7.2830E+00  7.3966E+00  6.7148E-01
  7.2946E+00  7.4696E+00  5.6755E-01
  7.8555E+00  7.6527E+00  9.2374E-01
  7.5986E+00  7.1890E+00  8.8303E-01
  7.8995E+00  7.2292E+00  6.2099E-01
  8.3087E+00  7.0738E+00  1.3505E+00
  8.8819E+00  7.1552E+00  1.6379E+00
  8.8779E+00  6.8910E+00  1.5722E+00
  9.1790E+00  6.7145E+00  1.3732E+00
  9.4602E+00  6.3358E+00  1.6025E+00
  9.9523E+00  5.7102E+00  1.7237E+00
  1.0169E+01  5.6705E+00  1.5807E+00
  1.0313E+01  5.5205E+00  1.4460E+00
  1.0438E+01  5.5737E+00  1.3829E+00
  1.0549E+01  5.6122E+00  1.3992E+00
  1.0710E+01  5.4425E+00  1.2776E+00
  1.0999E+01  5.5303E+00  1.3045E+00
  1.1357E+01  5.8803E+00  7.5546E-01
  1.1512E+01  5.6622E+00  6.3464E-01
  1.1561E+01  5.4818E+00  7.6854E-01
  1.1833E+01  5.4453E+00  2.2888E-01
  1.1832E+01  5.1909E+00  3.7173E-01
  1.2011E+01  5.7159E+00  2.3655E-01
  1.1651E+01  6.2128E+00 -4.7836E-01
  1.1410E+01  6.3517E+00  4.8755E-02
  1.2122E+01  5.9056E+00  3.1743E-01
  1.1755E+01  4.7612E+00 -1.2056E-01
  1.1667E+01  4.8316E+00 -4.9809E-02
  1.1765E+01  6.3384E+00 -5.4339E-02
  1.0924E+01  6.5607E+00 -3.5343E-01
  1.1599E+01  6.5134E+00 -3.2737E-01
  1.1487E+01  6.4011E+00  1.5211E-01
  1.0432E+01  6.8465E+00 -4.5757E-01
  9.7419E+00  6.5069E+00 -3.4443E-01
  9.8489E+00  6.9219E+00 -2.5529E-01
  9.7117E+00  6.6129E+00  3.3406E-01
  9.7137E+00  6.7840E+00  3.3998E-01
  9.0697E+00  6.1991E+00 -7.9175E-02
  9.7561E+00  5.9511E+00  2.9134E-01
  9.1930E+00  5.7703E+00  2.0063E-01
  8.7607E+00  6.4888E+00 -5.0535E-02
  9.0266E+00  5.4929E+00  3.4839E-04
  9.0155E+00  5.7048E+00 -5.1413E-01
  8.9871E+00  5.4662E+00 -5.7173E-01
  8.2300E+00  4.7483E+00 -1.9078E-01
  7.6479E+00  4.2736E+00 -1.5366E-01
  7.3927E+00  4.2050E+00  1.7593E-01
  7.1633E+00  3.3490E+00 -9.8455E-02
  7.4521E+00  2.9240E+00 -3.6259E-01
  7.2583E+00  2.8167E+00 -2.8031E-01
  7.0365E+00  3.2589E+00 -1.2720E+00
  6.0828E+00  3.8011E+00 -1.6784E+00
  5.8381E+00  3.9942E+00 -1.8032E+00
  5.7853E+00  4.2584E+00 -1.8565E+00
  5.4780E+00  5.0371E+00 -1.6604E+00
  5.9489E+00  4.5005E+00 -1.2110E+00
  6.2300E+00  4.9855E+00  3.2224E-01
  6.5140E+00  5.5458E+00  9.0896E-01
  6.7546E+00  5.7383E+00  1.2542E+00
  6.6741E+00  5.9060E+00  1.3932E+00
  6.9344E+00  5.3803E+00  1.4271E+00
  6.9746E+00  5.1461E+00  1.6422E+00
  7.0308E+00  5.0801E+00  1.5978E+00
  7.0311E+00  4.7708E+00  1.6306E+00
  6.9331E+00  4.6498E+00  1.8135E+00
  6.9670E+00  4.5704E+00  1.7694E+00
  7.0871E+00  4.3090E+00  1.7422E+00
  6.9223E+00  4.1710E+00  1.9959E+00
  6.8625E+00  4.3611E+00  2.0224E+00
  6.8682E+00  4.3731E+00  2.2450E+00
  6.9743E+00  4.6461E+00  2.4328E+00
  6.8339E+00  4.7914E+00  2.6640E+00
  7.3368E+00  4.6993E+00  2.6089E+00
  7.5143E+00  4.6635E+00  2.7363E+00
  7.6346E+00  4.7783E+00  2.5715E+00
  7.4350E+00  4.7863E+00  2.6919E+00
  7.9109E+00  4.7724E+00  2.6042E+00
  7.7755E+00  4.8604E+00  2.5910E+00
  6.8680E+00  4.7963E+00  2.7233E+00
  6.3953E+00  4.6078E+00  1.7691E+00
  7.6824E+00  4.7889E+00  1.3547E+00
  7.9928E+00  5.8224E+00  1.7511E+00
  7.8835E+00  6.1632E+00  1.6690E+00
  7.7425E+00  5.9681E+00  1.0273E+00
  8.1545E+00  6.3101E+00  1.3989E+00
  8.4476E+00  5.9664E+00  1.7379E+00
  8.1475E+00  5.5364E+00  1.5177E+00
  8.2139E+00  5.3546E+00  2.0136E+00
  8.0182E+00  5.2755E+00  2.1254E+00
  7.7341E+00  5.5754E+00  2.2044E+00
  7.9361E+00  5.7289E+00  1.9261E+00
  8.0972E+00  5.7629E+00  2.2627E+00
  7.5461E+00  6.0827E+00  2.2764E+00
  7.7053E+00  6.2845E+00  2.2994E+00
  7.5243E+00  6.2304E+00  2.2210E+00
  7.6354E+00  6.2155E+00  1.9291E+00
  7.6108E+00  6.5169E+00  1.6139E+00
  7.4776E+00  6.6024E+00  1.9523E+00
  7.2575E+00  6.6463E+00  1.7929E+00
  7.8907E+00  6.9445E+00  1.6361E+00
  8.0743E+00  6.8526E+00  1.9538E+00
  8.3201E+00  6.9050E+00  1.9745E+00
  8.4460E+00  6.8484E+00  2.0168E+00
  8.1145E+00  6.7171E+00  2.2677E+00
  8.1001E+00  6.8989E+00  2.2159E+00
  7.3880E+00  6.4997E+00  1.8117E+00
  7.4572E+00  6.6079E+00  2.1712E+00
  7.6789E+00  6.4063E+00  2.8133E+00
  7.3681E+00  6.4838E+00  2.3249E+00
  7.5692E+00  5.9303E+00  2.3730E+00
  7.7665E+00  6.1745E+00  2.4644E+00
  8.0128E+00  6.3802E+00  2.7808E+00
  8.3634E+00  6.0968E+00  3.3005E+00
  7.8518E+00  5.9171E+00  2.6154E+00
  8.1474E+00  6.2716E+00  2.2771E+00
  7.7499E+00  6.0418E+00  2.4001E+00
  8.2311E+00  6.1155E+00  2.5627E+00
  8.9489E+00  6.5482E+00  2.9355E+00
  8.9936E+00  6.5245E+00  2.8581E+00
  9.3545E+00  6.1860E+00  3.2600E+00
  9.0352E+00  6.6905E+00  3.3297E+00
  9.4067E+00  6.0145E+00  4.0346E+00
  8.0588E+00  5.3639E+00  4.0069E+00
  8.4493E+00  5.3209E+00  4.4328E+00
  8.9526E+00  5.4829E+00  4.5221E+00
  8.6007E+00  5.2582E+00  4.8027E+00
  7.8275E+00  5.0855E+00  4.6651E+00
  7.5558E+00  5.4119E+00  4.4529E+00
  8.2394E+00  4.8825E+00  4.5604E+00
  8.3774E+00  5.7695E+00  5.4148E+00
  8.9825E+00  5.0460E+00  5.0510E+00
  8.5845E+00  5.5317E+00  5.6942E+00
  8.3953E+00  4.9599E+00  5.2894E+00
  8.4014E+00  5.1684E+00  5.3324E+00
  9.1162E+00  5.7238E+00  5.6593E+00
  9.7774E+00  5.1583E+00  5.2483E+00
  9.3836E+00  5.4576E+00  5.8352E+00
  8.7500E+00  5.4001E+00  5.7526E+00
  9.0065E+00  5.1688E+00  5.7663E+00
  8.9427E+00  5.1661E+00  5.9323E+00
  9.1621E+00  4.9549E+00  6.0098E+00
  8.8653E+00  5.1959E+00  6.2281E+00
  8.7302E+00  4.7966E+00  5.9181E+00
  8.7515E+00  4.6894E+00  5.8892E+00
  8.8804E+00  4.7926E+00  5.9660E+00
  8.8845E+00  5.0394E+00  5.8281E+00
  8.8125E+00  4.7095E+00  5.2978E+00
  9.0587E+00  4.7216E+00  5.2696E+00
  8.7532E+00  4.9209E+00  4.8576E+00
  8.7576E+00  5.0156E+00  4.4857E+00
  1.0047E+01  4.5589E+00  4.7258E+00
  1.0776E+01  5.2289E+00  4.2353E+00
  1.0498E+01  5.2102E+00  3.1826E+00
  1.0034E+01  5.1138E+00  3.0264E+00
