  9.6502E+00  9.2761E+00  3.1007E-01
  1.0004E+01  8.3972E+00  7.3435E-02
  9.1669E+00  8.3795E+00 -8.7397E-01
  9.4720E+00  7.8162E+00  1.1417E-01
  9.0086E+00  7.8204E+00 -2.4576E-01
  8.8418E+00  7.7871E+00 -3.6035E-01
  8.7528E+00  7.7808E+00 -2.1902E-01
  9.1421E+00  7.7847E+00 -3.0589E-01
  8.7873E+00  7.8948E+00 -2.5107E-01
  8.4604E+00  7.9391E+00 -8.3574E-02
  8.7826E+00  7.8417E+00 -7.7870E-02
  8.8555E+00  7.7443E+00 -1.4848E-01
  8.7329E+00  7.6204E+00 -3.0144E-01
  8.4870E+00  7.4052E+00 -2.3528E-01
  8.4706E+00  7.3276E+00 -2.8955E-01
  8.5505E+00  7.3181E+00 -4.2889E-01
  8.3693E+00  7.3969E+00 -5.4826E-01
  8.3677E+00  7.5312E+00 -6.5995E-01
  8.2540E+00  7.3941E+00 -5.6010E-01
  8.1231E+00  7.4464E+00 -4.2578E-01
  8.2525E+00  7.3870E+00 -4.3206E-01
  8.2417E+00  7.4756E+00 -2.6955E-01
  8.3155E+00  7.7933E+00 -5.2879E-01
  7.9210E+00  7.6325E+00 -5.8236E-01
  7.9729E+00  7.5865E+00 -7.5826E-01
  8.6005E+00  7.6116E+00 -9.2226E-01
  8.6514E+00  8.1871E+00 -1.3006E+00
  8.2193E+00  8.2861E+00 -1.1731E+00
  8.1166E+00  8.3185E+00 -1.3795E+00
  8.2069E+00  8.4637E+00 -1.6352E+00
  8.7858E+00  7.9990E+00 -9.8151E-01
  9.2033E+00  7.8192E+00 -2.1310E+00
  9.0630E+00  8.2269E+00 -1.9673E+00
  9.4552E+00  8.2445E+00 -2.4374E+00
  9.1713E+00  7.8122E+00 -1.8318E+00
  9.4130E+00  7.9548E+00 -2.3858E+00
  9.4582E+00  7.7126E+00 -2.0694E+00
  9.4473E+00  7.9162E+00 -2.1245E+00
  9.3467E+00  7.9121E+00 -1.9800E+00
  9.2630E+00  8.1064E+00 -1.9486E+00
  9.1899E+00  8.3661E+00 -1.9743E+00
  8.9639E+00  8.6078E+00 -1.8682E+00
  8.4837E+00  9.0007E+00 -1.5652E+00
  8.2986E+00  9.6267E+00 -1.7124E+00
  8.5934E+00  1.0252E+01 -1.5620E+00
  8.7596E+00  9.9785E+00 -1.2137E+00
  8.1082E+00  9.8138E+00 -1.2194E+00
  8.2457E+00  9.7748E+00 -9.9088E-01
  8.6209E+00  1.0016E+01 -7.7316E-01
  9.3117E+00  9.6741E+00 -5.9681E-01
  9.3587E+00  9.7354E+00 -5.0969E-01
  9.0175E+00  9.7945E+00 -3.2640E-01
  8.9250E+00  9.6773E+00 -3.6258E-01
  9.3377E+00  9.2822E+00 -5.8340E-01
  9.8432E+00  9.5251E+00 -6.5630E-01
  9.5099E+00  9.2204E+00 -5.5805E-01
  8.7786E+00  9.7206E+00 -4.6935E-01
  8.9755E+00  9.3229E+00 -5.3769E-01
  9.8166E+00  8.8853E+00 -4.9375E-01
  1.0180E+01  9.0828E+00 -3.6125E-01
  1.0454E+01  9.3010E+00 -2.7344E-01
  1.0731E+01  9.6783E+00 -7.5912E-02
  1.0590E+01  9.6072E+00  2.1628E-01
  1.0624E+01  9.6775E+00  5.0292E-01
  1.0475E+01  9.7343E+00  8.6339E-01
  1.0197E+01  9.9728E+00  3.4367E-01
  9.9697E+00  9.6656E+00 -3.4810E-02
  9.4662E+00  9.7606E+00  3.4411E-01
  9.6352E+00  9.1059E+00 -3.7408E-01
  9.1921E+00  8.8813E+00 -3.7496E-01
  8.6501E+00  8.5357E+00 -8.6789E-01
  8.2078E+00  8.9613E+00 -7.2095E-01
  8.5369E+00  8.9073E+00 -7.8880E-01
  8.7666E+00  8.7981E+00 -1.1968E+00
  8.7158E+00  8.5535E+00 -1.6918E+00
  9.1275E+00  9.0480E+00 -2.0822E+00
  8.8965E+00  9.2095E+00 -3.2450E+00
  8.7834E+00  9.4887E+00 -2.9396E+00
  9.5873E+00  9.6366E+00 -2.9219E+00
  9.3821E+00  9.7924E+00 -2.8825E+00
  8.8320E+00  1.0121E+01 -2.9739E+00
  9.6410E+00  1.0574E+01 -2.9044E+00
  9.3162E+00  1.0840E+01 -2.9147E+00
  9.3233E+00  1.0943E+01 -3.0058E+00
  9.1617E+00  1.0930E+01 -2.9441E+00
  9.4176E+00  1.0931E+01 -3.2078E+00
  9.5205E+00  1.0875E+01 -3.4126E+00
  9.4775E+00  1.0760E+01 -3.3783E+00
  9.5787E+00  1.0631E+01 -3.3850E+00
  9.4832E+00  1.0625E+01 -3.1866E+00
  9.5158E+00  1.0406E+01 -3.3663E+00
  9.5068E+00  1.0612E+01 -3.3783E+00
  9.4159E+00  1.0673E+01 -3.3353E+00
  9.5162E+00  1.0656E+01 -3.4331E+00
  9.3770E+00  1.0651E+01 -3.4358E+00
  9.6724E+00  1.0655E+01 -3.4994E+00
  9.4377E+00  1.0946E+01 -3.3266E+00
  9.5948E+00  1.1067E+01 -3.4739E+00
  9.6120E+00  1.1171E+01 -3.2951E+00
  9.4866E+00  1.1183E+01 -3.2892E+00
  9.6977E+00  1.1262E+01 -3.5710E+00
  9.6915E+00  1.1171E+01 -3.3806E+00
  9.7827E+00  1.1170E+01 -3.1047E+00
  9.8857E+00  1.1092E+01 -2.7415E+00
  9.8934E+00  1.1105E+01 -2.8171E+00
  9.9260E+00  1.0958E+01 -2.6776E+00
  1.0174E+01  1.0646E+01 -2.3116E+00
  1.0338E+01  1.0705E+01 -2.1759E+00
  1.0295E+01  1.0762E+01 -2.0629E+00
  1.0398E+01  1.0681E+01 -1.7190E+00
  1.0756E+01  1.0899E+01 -1.7320E+00
  1.0712E+01  1.1186E+01 -1.3988E+00
  1.0777E+01  1.1202E+01 -1.3275E+00
  1.0855E+01  1.1471E+01 -1.2515E+00
  1.0989E+01  1.1285E+01 -1.3790E+00
  1.1020E+01  1.1001E+01 -1.2853E+00
  1.0984E+01  1.1030E+01 -1.0327E+00
  1.1039E+01  1.1417E+01 -8.4845E-01
  1.1173E+01  1.1210E+01 -1.0734E+00
  1.1025E+01  1.1102E+01 -8.9589E-01
  1.1178E+01  1.1330E+01 -1.0536E+00
  1.1220E+01  1.1362E+01 -1.3343E+00
  1.1009E+01  1.1424E+01 -1.5956E+00
  1.0775E+01  1.1994E+01 -1.3686E+00
  1.0673E+01  1.2372E+01 -1.5017E+00
  1.0537E+01  1.2046E+01 -1.4546E+00
  1.0469E+01  1.2022E+01 -1.2731E+00
  1.0472E+01  1.2031E+01 -1.1896E+00
  1.0407E+01  1.1218E+01 -1.1841E+00
  1.0523E+01  1.0873E+01 -1.1515E+00
  1.0356E+01  1.0944E+01 -8.4647E-01
  1.0276E+01  1.0578E+01 -1.4550E+00
  1.0264E+01  1.0154E+01 -1.7633E+00
  1.0403E+01  1.0055E+01 -1.8096E+00
  9.3270E+00  9.7689E+00 -2.4412E+00
  9.6816E+00  9.6777E+00 -2.5500E+00
  9.2421E+00  1.0057E+01 -2.8404E+00
  9.4731E+00  9.3755E+00 -2.7390E+00
  8.7203E+00  8.9971E+00 -2.5064E+00
  9.2256E+00  8.8386E+00 -2.6113E+00
  9.4164E+00  8.3348E+00 -2.6557E+00
  9.3300E+00  8.4223E+00 -2.8122E+00
  9.2952E+00  8.4686E+00 -2.8076E+00
  9.3382E+00  8.8737E+00 -2.8004E+00
  9.1111E+00  8.7312E+00 -3.1775E+00
  8.8146E+00  8.3316E+00 -3.4490E+00
  9.0312E+00  8.6782E+00 -3.5015E+00
  9.0766E+00  8.9575E+00 -3.5382E+00
  9.0700E+00  9.0053E+00 -3.6976E+00
  9.2178E+00  9.2199E+00 -3.5128E+00
  9.1946E+00  9.4978E+00 -3.4861E+00
  9.1437E+00  9.5762E+00 -3.5141E+00
  9.1248E+00  9.1500E+00 -3.6802E+00
  9.1552E+00  9.3317E+00 -3.3951E+00
  8.9380E+00  9.3478E+00 -3.1392E+00
  9.1436E+00  9.1698E+00 -2.9408E+00
  8.7394E+00  9.0503E+00 -3.0113E+00
  8.2146E+00  9.3795E+00 -2.5348E+00
  8.0766E+00  9.0256E+00 -2.1038E+00
  7.9568E+00  8.8378E+00 -2.1117E+00
  8.1800E+00  9.0071E+00 -2.3658E+00
  7.9695E+00  9.0468E+00 -2.3187E+00
  7.8292E+00  8.7830E+00 -2.2367E+00
  8.2655E+00  9.0817E+00 -1.5379E+00
  7.9688E+00  9.3541E+00 -1.6281E+00
  8.1449E+00  9.4718E+00 -1.2533E+00
  8.4641E+00  9.0212E+00 -1.5250E+00
  8.3582E+00  9.6321E+00 -1.1862E+00
  8.6979E+00  9.4838E+00 -1.3658E+00
  8.8336E+00  9.7559E+00 -1.4221E+00
  9.1033E+00  9.7934E+00 -1.2646E+00
  9.2205E+00  9.3985E+00 -1.0421E+00
  8.8102E+00  8.2893E+00 -9.0629E-01
  7.8547E+00  7.8275E+00 -8.6611E-01
  7.7256E+00  7.7089E+00 -8.3881E-01
  7.2598E+00  7.4713E+00 -5.3157E-01
  7.4754E+00  7.6551E+00 -5.9993E-01
  7.1119E+00  7.5552E+00 -5.2998E-01
  7.5282E+00  7.8241E+00 -1.1205E+00
  7.7290E+00  7.5784E+00 -8.0639E-01
  7.5316E+00  7.7632E+00 -1.1880E+00
  7.5165E+00  7.9116E+00 -1.2538E+00
  7.6532E+00  7.3411E+00 -6.6514E-01
  7.8426E+00  6.8155E+00 -2.6671E-01
  7.7048E+00  6.9465E+00  1.2191E-01
  7.9835E+00  7.2296E+00 -1.6006E-01
  8.3840E+00  7.0792E+00 -1.5038E-01
  8.0173E+00  7.1420E+00  1.9255E-01
  8.0251E+00  7.2250E+00 -4.1167E-01
  8.3687E+00  7.1698E+00 -6.6106E-01
  8.1524E+00  7.0549E+00 -4.3063E-01
  8.6617E+00  7.1170E+00 -2.6799E-01
  8.2238E+00  7.4333E+00 -1.0374E+00
  8.3120E+00  6.4528E+00 -6.0994E-01
  9.0524E+00  6.0743E+00  7.0932E-02
  8.2293E+00  5.9610E+00 -2.4828E-01
  8.3001E+00  5.4897E+00 -2.4810E-01
  8.5602E+00  4.9970E+00 -6.7839E-02
  8.2177E+00  5.4050E+00  2.7506E-01
  8.9934E+00  4.6443E+00  9.2137E-01
  8.6002E+00  4.8554E+00  1.6541E+00
  8.8421E+00  4.4510E+00  1.6925E+00
  9.3944E+00  4.7267E+00  2.0087E+00
  9.1194E+00  3.9906E+00  1.6420E+00
  8.4418E+00  4.2237E+00  1.8563E+00
  9.0570E+00  3.8817E+00  1.0845E+00
  8.9009E+00  4.9311E+00  1.4610E+00
  8.0008E+00  5.4943E+00  1.2773E+00
  8.4832E+00  4.7136E+00  1.0054E+00
  7.7747E+00  4.1839E+00  2.0357E+00
  6.8102E+00  4.9289E+00  7.0435E-01
  6.8138E+00  4.7625E+00  5.6454E-01
  6.3534E+00  4.4502E+00  8.3682E-01
  6.1996E+00  4.5538E+00  1.0207E+00
  6.2324E+00  4.7449E+00  1.0376E+00
  6.3240E+00  4.8243E+00  7.2495E-01
  6.5183E+00  4.1244E+00  1.3922E+00
  6.0800E+00  4.9391E+00  1.3796E+00
  5.8264E+00  4.8610E+00  8.3923E-01
  5.2630E+00  5.0715E+00  1.2903E+00
  4.9768E+00  4.8463E+00  1.6071E+00
  4.8550E+00  4.7962E+00  1.6329E+00
  4.6635E+00  5.3380E+00  1.5371E+00
  4.5562E+00  5.5845E+00  1.5226E+00
  4.6196E+00  5.6950E+00  1.7366E+00
  4.7296E+00  5.6515E+00  1.7697E+00
  4.8999E+00  5.1767E+00  2.1306E+00
  5.5376E+00  4.0707E+00  1.9688E+00
  6.0623E+00  3.9344E+00  1.2861E+00
  6.2767E+00  4.0544E+00  1.6513E+00
  6.2697E+00  4.2634E+00  1.7318E+00
  6.7801E+00  4.1286E+00  2.0460E+00
  7.2767E+00  3.9314E+00  2.0794E+00
  7.7889E+00  3.8090E+00  1.5282E+00
  7.6998E+00  3.8647E+00  1.2132E+00
  7.3765E+00  3.7202E+00  1.3358E+00
  7.3984E+00  3.6834E+00  1.3340E+00
  7.4531E+00  3.6901E+00  8.9565E-01
  7.0721E+00  3.7141E+00  3.3904E-01
  7.0909E+00  3.6016E+00  5.2047E-01
  6.7407E+00  3.5214E+00  1.2092E-01
  6.8744E+00  3.9874E+00 -4.0156E-01
  6.3936E+00  4.4018E+00 -5.7027E-01
  6.8632E+00  3.4295E+00 -6.9394E-02
  6.3585E+00  3.0973E+00  1.0079E-01
  6.9147E+00  3.0663E+00 -1.8826E-01
  6.8767E+00  2.9394E+00 -1.5943E-01
  6.2939E+00  2.7280E+00 -7.8138E-02
  6.4858E+00  3.1915E+00 -3.2029E-01
  6.4075E+00  3.6086E+00 -4.1645E-01
  6.6927E+00  3.1357E+00 -5.6541E-02
  5.7441E+00  2.8333E+00  3.6977E-01
  6.3373E+00  2.8989E+00 -1.4313E-01
  6.8789E+00  4.2899E+00 -1.5234E-01
  6.9826E+00  4.6250E+00 -4.8666E-02
  7.2644E+00  4.9479E+00 -3.6873E-02
  7.3732E+00  5.7270E+00  4.7148E-01
  7.5440E+00  5.6876E+00  2.7403E-02
  7.7201E+00  5.4294E+00  9.2723E-02
  7.5693E+00  5.1341E+00  1.3905E-01
  7.7993E+00  5.8080E+00  2.3334E-01
  7.4465E+00  6.1167E+00  1.0042E+00
  7.5534E+00  5.7041E+00  9.4562E-01
  7.5019E+00  5.6427E+00  8.8133E-01
  7.3923E+00  5.9730E+00  1.0215E+00
  7.3708E+00  5.7840E+00  9.0506E-01
  7.3425E+00  5.7918E+00  2.5586E-01
  7.3991E+00  5.8666E+00  4.7161E-01
  7.3169E+00  5.7083E+00  5.4681E-01
  7.0618E+00  5.3925E+00  7.6271E-01
  7.3968E+00  5.8037E+00  8.7026E-01
  7.3939E+00  5.5478E+00  6.4506E-01
  7.5252E+00  6.0946E+00  4.1689E-01
  7.4497E+00  6.2905E+00 -1.1310E-01
  7.4294E+00  6.3010E+00  5.3124E-01
  6.9521E+00  5.9130E+00  1.0658E+00
  6.6924E+00  6.2753E+00  2.0056E+00
  5.7852E+00  6.2641E+00  2.3671E+00
  5.9772E+00  7.1244E+00  2.5962E+00
  5.6654E+00  6.9690E+00  2.7497E+00
  5.4052E+00  7.4124E+00  2.5623E+00
  5.2756E+00  7.1643E+00  2.4579E+00
  5.6690E+00  7.7494E+00  2.4292E+00
  5.7438E+00  7.8947E+00  2.3581E+00
  5.7642E+00  7.4365E+00  2.5251E+00
  5.9065E+00  7.9270E+00  2.9642E+00
  5.8590E+00  8.0818E+00  3.1169E+00
  5.9588E+00  8.0312E+00  3.5100E+00
  6.0602E+00  7.9309E+00  3.8552E+00
  6.1872E+00  7.7355E+00  4.1455E+00
  6.3922E+00  7.6735E+00  4.1822E+00
  6.5503E+00  7.7966E+00  4.4111E+00
  6.7588E+00  7.7842E+00  4.4856E+00
  7.2222E+00  7.8219E+00  4.3687E+00
  7.4549E+00  7.9170E+00  4.4253E+00
  7.5809E+00  7.9660E+00  4.4603E+00
  7.8325E+00  8.0987E+00  4.3388E+00
  8.2674E+00  8.0376E+00  4.4053E+00
  8.4922E+00  8.3455E+00  4.2063E+00
  8.2970E+00  7.9714E+00  4.1349E+00
  8.5431E+00  8.0370E+00  4.2042E+00
  8.8924E+00  8.0396E+00  4.1047E+00
  8.9065E+00  7.7424E+00  3.8375E+00
  9.1990E+00  8.1879E+00  3.3505E+00
  9.6589E+00  8.2453E+00  3.0974E+00
  9.4815E+00  8.1470E+00  3.0955E+00
  9.8687E+00  8.2349E+00  2.8339E+00
  9.9192E+00  8.2836E+00  2.2384E+00
  1.0026E+01  8.0585E+00  2.3345E+00
  9.9574E+00  8.0039E+00  2.3906E+00
  1.0481E+01  8.0732E+00  2.1444E+00
  1.0858E+01  7.4360E+00  2.2427E+00
  1.0768E+01  7.2943E+00  2.3803E+00
  1.0666E+01  7.5983E+00  2.6143E+00
  1.0468E+01  7.7022E+00  2.8111E+00
  1.0544E+01  7.5805E+00  3.0028E+00
  1.1213E+01  7.3882E+00  2.8953E+00
  1.1469E+01  6.7728E+00  2.3428E+00
  1.1386E+01  7.1001E+00  2.6593E+00
  1.0987E+01  7.3701E+00  2.6741E+00
  1.1171E+01  7.2568E+00  2.6753E+00
  1.1329E+01  7.0689E+00  2.1062E+00
  1.1481E+01  6.3978E+00  2.0238E+00
  1.1328E+01  6.6830E+00  1.7231E+00
  1.0817E+01  6.8561E+00  2.1781E+00
  1.0947E+01  6.9089E+00  1.7520E+00
  1.1296E+01  5.8878E+00  7.0303E-01
  1.1342E+01  6.2146E+00  5.9969E-01
  1.1494E+01  5.8931E+00  1.2516E+00
  1.1631E+01  5.9778E+00  2.0144E-01
  1.1484E+01  5.3034E+00 -4.7258E-01
  1.1739E+01  5.6697E+00 -5.7544E-01
  1.2172E+01  5.5043E+00  1.1654E-01
  1.2582E+01  6.0583E+00 -2.8169E-01
  1.2185E+01  6.0775E+00 -1.0699E+00
  1.1741E+01  6.8829E+00 -9.8129E-01
  1.1240E+01  6.8631E+00 -1.0502E+00
  1.1274E+01  6.8588E+00 -9.3144E-01
  1.0965E+01  6.7728E+00 -6.2645E-01
  1.1323E+01  6.7518E+00 -4.8128E-01
  1.0974E+01  6.6512E+00 -6.4156E-01
  1.0714E+01  6.6666E+00 -3.2623E-02
  1.1051E+01  6.6074E+00 -1.5823E-01
  1.1270E+01  6.3538E+00  2.1678E-02
  1.1520E+01  5.9133E+00 -1.4841E-01
  1.1287E+01  5.9441E+00  5.1502E-01
  1.1446E+01  5.5345E+00 -3.1137E-01
  1.1170E+01  5.9446E+00  4.4418E-02
  1.1094E+01  5.9978E+00 -3.9914E-01
  1.0899E+01  5.8611E+00 -9.9684E-01
  1.1478E+01  6.0640E+00 -7.7453E-01
  1.0887E+01  6.2863E+00 -8.7931E-01
  1.1041E+01  6.6593E+00 -1.1818E+00
  1.0630E+01  6.5556E+00 -1.5184E+00
  1.0586E+01  6.7128E+00 -1.6934E+00
  1.0562E+01  6.8182E+00 -2.0221E+00
  1.0689E+01  6.6205E+00 -2.2292E+00
  1.0360E+01  6.5116E+00 -2.2092E+00
  1.0411E+01  6.4959E+00 -2.5291E+00
  1.0737E+01  6.4750E+00 -2.7059E+00
  1.0490E+01  6.2985E+00 -2.8645E+00
  1.0615E+01  6.3136E+00 -2.7730E+00
  1.0566E+01  6.3802E+00 -2.9129E+00
  1.0327E+01  6.6917E+00 -2.7679E+00
  1.0328E+01  6.7134E+00 -2.6112E+00
  9.9914E+00  6.8480E+00 -2.6313E+00
  1.0004E+01  6.8753E+00 -3.0839E+00
  1.0046E+01  6.7045E+00 -3.1275E+00
  9.4947E+00  6.5923E+00 -2.8878E+00
  9.3717E+00  6.5482E+00 -3.1351E+00
  8.7646E+00  6.3976E+00 -2.9347E+00
  8.8270E+00  6.4902E+00 -2.9663E+00
  8.6949E+00  6.2642E+00 -2.7019E+00
  8.6254E+00  6.4693E+00 -2.5900E+00
  8.0801E+00  6.2488E+00 -2.7565E+00
  8.1419E+00  6.6252E+00 -3.0380E+00
  8.2168E+00  6.8345E+00 -3.2883E+00
  7.7582E+00  7.6267E+00 -3.7221E+00
  7.9380E+00  8.0381E+00 -3.8571E+00
  7.5096E+00  8.5681E+00 -3.9293E+00
  7.5646E+00  8.8794E+00 -3.4924E+00
  7.3797E+00  8.7933E+00 -3.5075E+00
  7.6725E+00  8.8996E+00 -3.9796E+00
  7.1774E+00  9.0763E+00 -3.9150E+00
  7.2981E+00  9.2403E+00 -4.0535E+00
  6.9939E+00  8.8030E+00 -3.9603E+00
  7.0226E+00  9.0709E+00 -4.2089E+00
  7.0063E+00  8.6966E+00 -4.1244E+00
  6.5946E+00  9.0224E+00 -3.7750E+00
  6.7627E+00  8.7798E+00 -3.7264E+00
  6.9908E+00  8.4039E+00 -3.5318E+00
  7.0883E+00  8.5873E+00 -3.6255E+00
  6.8725E+00  8.5428E+00 -3.1194E+00
  6.8034E+00  8.5761E+00 -3.0049E+00
  6.7396E+00  8.4365E+00 -2.7769E+00
  6.8177E+00  8.0465E+00 -2.6500E+00
  6.7285E+00  8.1595E+00 -2.8275E+00
  6.7478E+00  8.1164E+00 -3.1447E+00
  6.4565E+00  7.7940E+00 -2.8329E+00
  6.6892E+00  7.7233E+00 -3.1684E+00
