  8.3493E+00  9.2370E+00 -4.5053E-01
  8.6988E+00  8.4992E+00  8.2004E-01
  1.0153E+01  8.4759E+00  2.6216E-01
  1.0060E+01  9.1509E+00  4.9527E-01
  1.0004E+01  8.5848E+00  5.8962E-01
  1.0200E+01  8.3985E+00 -1.3172E-01
  1.0038E+01  8.4384E+00  2.1352E-01
  1.0251E+01  8.6188E+00  2.8305E-01
  9.9609E+00  8.5305E+00  4.4942E-01
  9.8586E+00  8.4640E+00  1.2053E-01
  1.0126E+01  8.4406E+00  2.5107E-01
  1.0040E+01  8.4124E+00  5.0240E-01
  9.7183E+00  8.5359E+00  3.7899E-01
  9.5303E+00  8.3545E+00  2.9631E-01
  9.4026E+00  8.2334E+00  4.7411E-01
  9.3378E+00  8.2070E+00  4.9961E-01
  9.0528E+00  8.1045E+00  5.9376E-01
  8.9313E+00  8.2739E+00  5.2450E-01
  9.0360E+00  8.3563E+00  2.9708E-01
  9.0321E+00  8.4285E+00  2.6799E-01
  9.1277E+00  8.4923E+00  1.0135E-01
  9.1260E+00  8.6396E+00  9.8551E-02
  9.2260E+00  8.4265E+00  4.9215E-01
  9.2602E+00  7.8661E+00  6.8973E-02
  9.3694E+00  8.0530E+00 -4.3502E-01
  9.4480E+00  8.2436E+00  1.5224E-01
  9.5702E+00  8.1324E+00 -1.0687E-01
  9.5965E+00  8.2852E+00 -5.6028E-01
  9.5238E+00  8.2042E+00 -8.5133E-01
  9.4754E+00  7.7324E+00 -1.2770E+00
  1.0198E+01  7.7546E+00 -1.4481E+00
  1.0351E+01  7.7799E+00 -1.1545E+00
  1.0369E+01  7.5018E+00 -1.7680E+00
  9.7837E+00  7.5155E+00 -1.1595E+00
  1.0554E+01  7.5060E+00 -1.3150E+00
  1.0506E+01  7.3029E+00 -1.5780E+00
  1.0714E+01  7.5815E+00 -1.2460E+00
  1.0060E+01  7.8928E+00 -7.4761E-01
  9.6840E+00  8.6278E+00 -6.9706E-01
  9.2650E+00  9.1358E+00 -8.4752E-01
  9.0563E+00  9.0750E+00 -6.5073E-01
  9.5625E+00  8.8195E+00 -5.0107E-01
  9.8561E+00  8.9527E+00 -9.4355E-01
  8.9847E+00  8.8086E+00 -6.4839E-01
  8.3028E+00  8.8104E+00 -1.2312E+00
  8.1166E+00  8.7479E+00 -6.2681E-01
  8.1578E+00  8.4992E+00 -4.8356E-01
  8.2081E+00  8.6845E+00  4.9333E-02
  8.6210E+00  8.8303E+00  1.5738E-01
  8.6679E+00  8.8362E+00  4.7814E-01
  8.7729E+00  9.1061E+00  7.2842E-01
  9.1057E+00  9.0116E+00  9.5873E-01
  8.9315E+00  8.9019E+00  9.3006E-01
  8.8854E+00  9.2795E+00  8.5448E-01
  9.0794E+00  9.1482E+00  5.8733E-01
  9.1865E+00  9.1810E+00  9.1368E-01
  9.5521E+00  9.0908E+00  6.6077E-01
  9.5378E+00  9.4303E+00  8.5676E-01
  9.6363E+00  9.2902E+00  9.4698E-01
  9.5708E+00  9.4614E+00  9.6468E-01
  9.3879E+00  9.4218E+00  7.8501E-01
  9.4491E+00  9.2030E+00  5.5834E-01
  9.1822E+00  9.4032E+00  7.1361E-01
  9.2601E+00  9.0414E+00  4.2051E-01
  9.3041E+00  9.0825E+00  1.7270E-01
  9.0715E+00  8.9906E+00  1.4424E-01
  8.7224E+00  8.8300E+00 -1.7011E-01
  8.9512E+00  8.6847E+00 -5.7755E-01
  8.7158E+00  8.8706E+00 -1.5452E+00
  8.7082E+00  8.7421E+00 -1.7957E+00
  9.1360E+00  9.1804E+00 -2.1409E+00
  9.4026E+00  8.8603E+00 -1.6343E+00
  8.8473E+00  8.7424E+00 -2.2546E+00
  9.1913E+00  9.2827E+00 -2.5595E+00
  9.3046E+00  9.3958E+00 -2.7945E+00
  8.3757E+00  9.2995E+00 -3.3643E+00
  7.9661E+00  1.0395E+01 -3.2839E+00
  8.0826E+00  1.0700E+01 -3.4992E+00
  8.2883E+00  1.0128E+01 -3.5076E+00
  8.3776E+00  1.0669E+01 -3.5856E+00
  8.5145E+00  1.1404E+01 -3.6977E+00
  8.4332E+00  1.0997E+01 -3.7010E+00
  8.2441E+00  1.1381E+01 -3.8257E+00
  8.1746E+00  1.1392E+01 -3.8724E+00
  8.0125E+00  1.1539E+01 -3.7062E+00
  8.3051E+00  1.1480E+01 -4.0638E+00
  8.5336E+00  1.1555E+01 -4.3270E+00
  8.3117E+00  1.1302E+01 -4.1656E+00
  8.6893E+00  1.1054E+01 -4.5262E+00
  8.7121E+00  1.1092E+01 -4.3947E+00
  8.6813E+00  1.1027E+01 -4.4576E+00
  8.5833E+00  1.0872E+01 -4.5409E+00
  8.8031E+00  1.0684E+01 -4.7125E+00
  8.6971E+00  1.0708E+01 -4.6975E+00
  8.3530E+00  1.0841E+01 -4.5254E+00
  8.3325E+00  1.0777E+01 -4.1790E+00
  8.7624E+00  1.0994E+01 -4.6734E+00
  8.1997E+00  1.0820E+01 -3.9887E+00
  8.2321E+00  1.0866E+01 -3.8201E+00
  8.2518E+00  1.1023E+01 -4.1389E+00
  8.3124E+00  1.0737E+01 -3.8502E+00
  8.3041E+00  1.0906E+01 -3.9068E+00
  8.3790E+00  1.1046E+01 -3.6399E+00
  8.4236E+00  1.0943E+01 -3.0767E+00
  8.4192E+00  1.0846E+01 -2.9953E+00
  8.5111E+00  1.0531E+01 -2.9739E+00
  8.7002E+00  1.0469E+01 -2.5739E+00
  8.8644E+00  1.0513E+01 -2.4290E+00
  8.8148E+00  1.0770E+01 -1.7789E+00
  8.8937E+00  1.0604E+01 -1.6508E+00
  9.2506E+00  1.0953E+01 -1.7906E+00
  9.2956E+00  1.1270E+01 -1.9066E+00
  9.3010E+00  1.1486E+01 -1.4376E+00
  9.3514E+00  1.1378E+01 -1.2851E+00
  9.5069E+00  1.1542E+01 -1.2754E+00
  9.6498E+00  1.1621E+01 -1.1772E+00
  9.5450E+00  1.1333E+01 -1.3643E+00
  9.6060E+00  1.1044E+01 -1.1314E+00
  9.6672E+00  1.1144E+01 -1.1131E+00
  9.5818E+00  1.1275E+01 -1.2963E+00
  9.6706E+00  1.1360E+01 -1.0570E+00
  9.7619E+00  1.1533E+01 -9.9210E-01
  9.6196E+00  1.1603E+01 -1.0398E+00
  9.2783E+00  1.1915E+01 -1.2104E+00
  9.3526E+00  1.1814E+01 -1.0345E+00
  9.0955E+00  1.2089E+01 -1.0157E+00
  8.9971E+00  1.1898E+01 -9.7097E-01
  9.0809E+00  1.1664E+01 -7.3930E-01
  9.2821E+00  1.1900E+01 -4.4872E-01
  9.2847E+00  1.1210E+01 -3.6144E-01
  8.8981E+00  1.1079E+01 -4.8796E-01
  9.2416E+00  1.0760E+01 -3.7360E-01
  9.6058E+00  1.0659E+01 -5.0493E-01
  9.4215E+00  1.0524E+01 -7.6568E-01
  1.0119E+01  1.0228E+01 -1.2435E+00
  9.7828E+00  9.9874E+00 -1.0782E+00
  9.6035E+00  9.0739E+00 -1.7566E+00
  9.5385E+00  9.2950E+00 -1.2352E+00
  9.5784E+00  8.9252E+00 -1.2693E+00
  9.7647E+00  9.0388E+00 -1.2179E+00
  9.7271E+00  8.6013E+00 -1.2050E+00
  9.7482E+00  8.1353E+00 -1.3927E+00
  9.6127E+00  8.0931E+00 -1.3827E+00
  9.5091E+00  8.3582E+00 -1.3943E+00
  9.3593E+00  8.5700E+00 -1.6994E+00
  8.9375E+00  8.2145E+00 -1.9512E+00
  8.7264E+00  8.0726E+00 -2.1552E+00
  8.7167E+00  8.1918E+00 -2.2906E+00
  8.7523E+00  8.4708E+00 -2.3245E+00
  8.5423E+00  8.3769E+00 -2.4616E+00
  8.8261E+00  8.3742E+00 -2.5513E+00
  8.8718E+00  8.4542E+00 -2.5449E+00
  8.9446E+00  8.8871E+00 -2.2069E+00
  9.0257E+00  8.7119E+00 -2.0272E+00
  9.0089E+00  8.8571E+00 -1.7157E+00
  8.7014E+00  9.3347E+00 -1.5093E+00
  8.7336E+00  9.2965E+00 -1.5242E+00
  7.8792E+00  8.7915E+00 -1.1880E+00
  7.8119E+00  7.8376E+00 -1.2146E+00
  7.6435E+00  8.2442E+00 -7.6207E-01
  7.8717E+00  8.3277E+00 -1.0560E+00
  7.6522E+00  8.0326E+00 -1.2497E+00
  7.2110E+00  7.6484E+00 -1.4602E+00
  7.5826E+00  7.7406E+00 -1.6243E+00
  8.0134E+00  7.9152E+00 -1.1813E+00
  7.5927E+00  8.0710E+00 -1.3225E+00
  7.8294E+00  7.9245E+00 -7.0862E-01
  8.6818E+00  8.5012E+00 -2.4370E-01
  8.6337E+00  8.9296E+00  3.4488E-02
  8.9554E+00  8.9982E+00 -1.2466E-01
  8.8447E+00  9.1245E+00  6.1158E-02
  8.6752E+00  8.7488E+00  2.0391E-01
  8.7237E+00  8.8459E+00  4.9190E-01
  8.2724E+00  8.4281E+00  4.5182E-01
  8.1115E+00  8.3255E+00  4.8144E-01
  7.5168E+00  8.2557E+00  7.2969E-01
  7.3001E+00  8.3632E+00  7.1918E-01
  7.1349E+00  8.6729E+00  4.8111E-01
  7.5987E+00  8.1766E+00  3.4339E-01
  7.6971E+00  8.3603E+00  4.8196E-01
  7.5781E+00  7.7970E+00  3.1828E-01
  7.6915E+00  7.8148E+00  2.4024E-01
  8.3463E+00  8.1143E+00  4.2755E-01
  8.4323E+00  7.8297E+00  6.7982E-01
  8.5131E+00  8.1387E+00  5.6630E-01
  8.7461E+00  8.0734E+00  8.2917E-01
  8.9573E+00  8.0882E+00  8.1161E-01
  8.9427E+00  7.9905E+00  1.0267E+00
  8.7563E+00  7.8192E+00  7.6491E-01
  8.5408E+00  7.8880E+00  6.5299E-01
  8.8598E+00  7.6358E+00  7.6697E-01
  8.6931E+00  7.9682E+00  9.7565E-01
  8.4707E+00  7.1487E+00  4.2216E-01
  8.4999E+00  7.4646E+00  4.9149E-01
  8.1535E+00  7.2024E+00  5.0877E-01
  8.8182E+00  7.0890E+00  5.5984E-01
  9.0465E+00  6.0627E+00  9.2952E-01
  8.3343E+00  6.2904E+00  6.7274E-01
  8.9805E+00  6.0968E+00  1.3758E+00
  8.2154E+00  5.9236E+00  1.0953E+00
  9.1974E+00  6.1987E+00  1.3208E+00
  8.7575E+00  5.9559E+00  1.7086E+00
  8.9814E+00  5.8626E+00  1.1080E+00
  8.6970E+00  5.4244E+00  1.8371E+00
  8.2972E+00  5.4343E+00  9.6988E-01
  8.5018E+00  5.2348E+00  1.4493E+00
  7.4025E+00  5.0950E+00  1.4666E+00
  6.9775E+00  4.3876E+00  1.2893E+00
  7.1899E+00  5.3220E+00  1.4844E+00
  7.5218E+00  5.3719E+00  1.1430E+00
  7.8745E+00  5.1653E+00  1.7453E+00
  7.5280E+00  5.4296E+00  1.7122E+00
  7.3540E+00  5.3730E+00  1.4844E+00
  7.2438E+00  5.3916E+00  1.7134E+00
  7.3375E+00  5.5474E+00  1.6757E+00
  7.4932E+00  5.4110E+00  1.4739E+00
  6.7876E+00  5.5946E+00  1.5881E+00
  7.2430E+00  5.6471E+00  2.0264E+00
  6.6492E+00  5.7301E+00  1.7557E+00
  6.4992E+00  5.5554E+00  2.0044E+00
  6.1532E+00  5.6941E+00  2.0188E+00
  5.9993E+00  5.6825E+00  2.0538E+00
  6.1258E+00  5.4626E+00  1.8809E+00
  6.0006E+00  5.4236E+00  1.9224E+00
  6.0920E+00  5.3856E+00  1.8285E+00
  6.1636E+00  5.2545E+00  2.0106E+00
  6.3961E+00  5.0890E+00  1.9704E+00
  6.4999E+00  5.2304E+00  1.9358E+00
  6.7477E+00  5.0097E+00  2.0900E+00
  7.1107E+00  5.2939E+00  1.8516E+00
  7.3452E+00  5.3195E+00  1.7322E+00
  7.7717E+00  5.2090E+00  1.6971E+00
  7.8623E+00  5.2960E+00  1.8204E+00
  7.9069E+00  5.2640E+00  1.9040E+00
  7.8370E+00  5.2215E+00  1.8556E+00
  7.9463E+00  5.0862E+00  1.6211E+00
  7.8703E+00  5.1018E+00  1.5284E+00
  7.5040E+00  5.0711E+00  1.4977E+00
  7.5497E+00  4.7330E+00  1.3420E+00
  7.4055E+00  4.9506E+00  1.1148E+00
  7.2923E+00  4.7778E+00  7.4496E-01
  6.9713E+00  4.1057E+00  1.0980E+00
  7.2796E+00  4.2631E+00  6.4128E-01
  7.0798E+00  4.6156E+00  8.3528E-01
  7.0553E+00  4.3106E+00  6.6168E-01
  6.8476E+00  4.1692E+00  8.3712E-01
  6.9753E+00  4.0902E+00  8.0915E-01
  6.8972E+00  3.8490E+00  7.2904E-01
  6.4465E+00  3.8628E+00  1.0288E+00
  6.7012E+00  3.9770E+00  1.0154E+00
  6.3023E+00  3.9926E+00  1.1205E+00
  6.7569E+00  3.8966E+00  7.1015E-01
  6.6351E+00  3.9239E+00  9.2129E-01
  6.3474E+00  3.9258E+00  1.2104E+00
  6.4467E+00  4.1926E+00  1.2922E+00
  6.5484E+00  4.4013E+00  1.1717E+00
  6.7799E+00  4.3533E+00  6.5276E-01
  6.6154E+00  4.8950E+00  9.1140E-01
  6.6775E+00  5.9070E+00  1.0710E+00
  7.0848E+00  6.3930E+00  8.1165E-01
  7.1087E+00  7.1241E+00 -1.8238E-02
  7.1836E+00  7.3198E+00  1.3501E-01
  7.2902E+00  7.1558E+00  6.3655E-01
  7.4029E+00  7.0887E+00  4.6714E-01
  6.9361E+00  7.2327E+00  3.3076E-01
  6.8547E+00  7.1904E+00  7.3762E-01
  6.8860E+00  7.0599E+00  9.3092E-01
  6.6233E+00  6.8950E+00  1.2544E+00
  6.6177E+00  6.9930E+00  9.1145E-01
  6.8167E+00  6.8700E+00  9.3269E-01
  6.2191E+00  6.6398E+00  1.3017E+00
  6.7168E+00  6.8706E+00  8.9836E-01
  6.4560E+00  6.9228E+00  1.0825E+00
  6.8125E+00  7.1761E+00  9.2705E-01
  6.4904E+00  7.2163E+00  1.2747E+00
  6.4257E+00  7.1750E+00  1.7001E+00
  6.0523E+00  7.2741E+00  1.0755E+00
  6.2299E+00  7.4915E+00  1.6136E+00
  6.0400E+00  7.4256E+00  1.1205E+00
  5.8482E+00  8.0002E+00  1.6655E+00
  5.5494E+00  7.9177E+00  1.1495E+00
  5.7690E+00  8.0867E+00  1.3726E+00
  5.4098E+00  8.3942E+00  1.0916E+00
  5.0623E+00  8.4610E+00  1.1386E+00
  5.7718E+00  8.4703E+00  1.4281E+00
  6.0275E+00  8.0880E+00  1.4704E+00
  5.8372E+00  7.7248E+00  1.6525E+00
  5.7383E+00  8.0844E+00  2.0198E+00
  6.0731E+00  7.7972E+00  2.3538E+00
  6.2511E+00  7.6541E+00  2.6417E+00
  6.6090E+00  7.6374E+00  2.6910E+00
  6.7984E+00  7.5942E+00  2.9381E+00
  7.5240E+00  7.7615E+00  3.1871E+00
  7.7149E+00  7.8937E+00  2.9459E+00
  8.3333E+00  7.9835E+00  3.2022E+00
  8.4071E+00  8.0443E+00  3.2019E+00
  8.4404E+00  8.0136E+00  2.9620E+00
  9.0064E+00  8.3775E+00  3.1362E+00
  8.7234E+00  8.3354E+00  2.7167E+00
  8.6075E+00  8.2259E+00  2.6820E+00
  8.8122E+00  8.2704E+00  2.7395E+00
  8.8005E+00  7.8852E+00  2.6080E+00
  9.0403E+00  7.9554E+00  2.3513E+00
  8.9051E+00  7.9484E+00  1.8915E+00
  9.0411E+00  7.9779E+00  1.7487E+00
  9.4563E+00  8.0447E+00  1.5918E+00
  9.3992E+00  8.0567E+00  1.4127E+00
  9.2744E+00  7.7558E+00  9.8231E-01
  9.2541E+00  7.7460E+00  1.0782E+00
  9.3635E+00  7.9343E+00  1.0069E+00
  9.6653E+00  7.6011E+00  9.6822E-01
  9.5394E+00  7.5799E+00  1.5264E+00
  9.4198E+00  7.4345E+00  1.7213E+00
  9.5313E+00  7.4827E+00  1.6285E+00
  9.8878E+00  7.1510E+00  1.5335E+00
  1.0184E+01  6.8647E+00  1.7261E+00
  1.0272E+01  7.0282E+00  1.7735E+00
  1.0151E+01  6.8515E+00  1.6157E+00
  1.0450E+01  6.6127E+00  1.5832E+00
  1.0563E+01  6.3601E+00  1.6382E+00
  1.0885E+01  6.3771E+00  1.4849E+00
  1.0258E+01  6.1558E+00  1.5676E+00
  1.0235E+01  6.8193E+00  1.2867E+00
  9.9283E+00  6.6079E+00  1.1685E+00
  1.0346E+01  6.2907E+00  8.6235E-01
  1.0111E+01  6.1445E+00  7.5753E-01
  1.0049E+01  6.7147E+00  8.8518E-01
  9.9475E+00  6.5073E+00  1.0920E+00
  1.0334E+01  6.5988E+00  5.9822E-01
  1.0287E+01  6.1904E+00  8.5140E-01
  1.0844E+01  6.2343E+00  5.2563E-01
  1.0840E+01  6.1791E+00  5.2186E-01
  1.1028E+01  6.4484E+00  3.8241E-01
  1.1305E+01  6.5511E+00  3.5020E-01
  1.1709E+01  6.8678E+00  1.2251E-01
  1.1603E+01  6.6330E+00  4.9872E-01
  1.1542E+01  6.8214E+00  4.2597E-01
  1.1371E+01  6.4835E+00  5.2526E-01
  1.1572E+01  6.1392E+00  5.9892E-01
  1.1586E+01  5.8469E+00  6.9537E-01
  1.1339E+01  6.0685E+00  6.9971E-01
  1.1739E+01  5.8529E+00  7.1626E-01
  1.2101E+01  5.8230E+00  5.8591E-01
  1.2349E+01  5.5547E+00  7.0834E-01
  1.2498E+01  5.0437E+00  5.9986E-01
  1.2476E+01  5.1367E+00  6.2017E-02
  1.1853E+01  4.2378E+00  3.4078E-01
  1.2260E+01  4.9052E+00  1.0888E-01
  1.2266E+01  5.3369E+00  2.8164E-01
  1.1978E+01  5.5688E+00  1.5001E-02
  1.1741E+01  4.7175E+00 -1.4979E-01
  1.2023E+01  5.4369E+00 -3.6850E-01
  1.1662E+01  5.6263E+00 -2.7658E-01
  1.1340E+01  5.6822E+00 -5.1583E-01
  1.1296E+01  5.6294E+00 -9.2193E-01
  1.1475E+01  5.9598E+00 -1.1837E+00
  1.1592E+01  5.5966E+00 -1.5902E+00
  1.1697E+01  5.8181E+00 -2.1416E+00
  1.1665E+01  5.7939E+00 -2.0733E+00
  1.1873E+01  5.6600E+00 -2.1431E+00
  1.1978E+01  6.0923E+00 -2.9861E+00
  1.1775E+01  5.7112E+00 -3.5235E+00
  1.1746E+01  5.5639E+00 -3.3751E+00
  1.1509E+01  6.1365E+00 -3.5203E+00
  1.0655E+01  6.2498E+00 -4.0077E+00
  1.0360E+01  6.5971E+00 -4.0712E+00
  1.0132E+01  6.5531E+00 -4.5509E+00
  1.0001E+01  6.5858E+00 -4.6295E+00
  1.0178E+01  6.3420E+00 -4.2079E+00
  9.6107E+00  6.0251E+00 -4.5284E+00
  9.6488E+00  6.4833E+00 -4.1524E+00
  9.4704E+00  6.1992E+00 -4.2981E+00
  8.8092E+00  6.8247E+00 -4.0965E+00
  8.6534E+00  6.9432E+00 -4.0206E+00
  8.7198E+00  7.1071E+00 -3.8177E+00
  8.3907E+00  7.1998E+00 -4.4092E+00
  8.6114E+00  7.1945E+00 -4.6978E+00
  8.7054E+00  7.1449E+00 -4.7912E+00
  8.5571E+00  6.8823E+00 -4.6005E+00
  8.5618E+00  7.6470E+00 -4.4920E+00
  8.1999E+00  8.5109E+00 -4.8087E+00
  6.9550E+00  9.1608E+00 -4.9063E+00
  6.7312E+00  9.6349E+00 -4.8990E+00
  7.0145E+00  9.8750E+00 -5.1829E+00
  6.5728E+00  9.8271E+00 -5.2374E+00
  6.2294E+00  9.6689E+00 -4.9287E+00
  5.7405E+00  9.6898E+00 -4.7042E+00
  5.8382E+00  9.6224E+00 -4.3491E+00
  5.8050E+00  9.2154E+00 -5.0445E+00
  6.0536E+00  8.8106E+00 -5.0562E+00
  6.3316E+00  8.4115E+00 -4.8874E+00
  6.1174E+00  8.0488E+00 -4.6450E+00
  6.7885E+00  7.8853E+00 -4.4732E+00
  6.5660E+00  7.8914E+00 -4.3266E+00
  6.4502E+00  7.8429E+00 -4.1319E+00
  6.5869E+00  7.6942E+00 -4.0974E+00
  6.8387E+00  7.3093E+00 -4.0673E+00
  6.3801E+00  7.2146E+00 -4.2952E+00
  6.8252E+00  7.1484E+00 -4.1442E+00
  6.6069E+00  6.8742E+00 -4.4112E+00
