  8.0854E+00  1.1845E+01  1.9607E-01
  9.2805E+00  1.1187E+01 -4.7937E-01
  8.8298E+00  1.0903E+01  6.1781E-01
  9.3075E+00  1.0890E+01 -3.8005E-04
  9.3614E+00  1.0990E+01  4.5824E-01
  9.8387E+00  1.2394E+01  3.3894E-01
  9.8781E+00  1.1149E+01 -2.5012E-01
  9.8103E+00  1.1400E+01 -4.4237E-01
  9.4554E+00  1.1505E+01  1.0633E-01
  9.8818E+00  1.0640E+01  7.5916E-01
  9.7840E+00  1.0684E+01  3.6902E-01
  9.5384E+00  1.1076E+01 -3.1381E-01
  9.4596E+00  1.1041E+01 -3.7812E-01
  9.4943E+00  1.1263E+01 -6.3117E-01
  9.5838E+00  1.1391E+01 -7.5341E-01
  9.7206E+00  1.1165E+01 -6.5254E-01
  9.5404E+00  1.1593E+01 -8.0444E-01
  9.6130E+00  1.1349E+01 -5.5791E-01
  9.5090E+00  1.1378E+01 -3.8324E-01
  9.4449E+00  1.1530E+01 -4.5729E-01
  9.5790E+00  1.1638E+01 -8.2892E-02
  9.5958E+00  1.1464E+01 -5.3534E-01
  9.3261E+00  1.1211E+01 -3.4653E-01
  9.3619E+00  1.1315E+01 -2.7991E-02
  9.3540E+00  1.1692E+01 -8.5105E-04
  9.1378E+00  1.1423E+01 -2.5658E-01
  9.4904E+00  1.1679E+01  4.1685E-01
  9.7436E+00  1.1013E+01  9.4608E-01
  9.6686E+00  1.0982E+01  3.7778E-01
  9.5568E+00  1.1043E+01  3.0926E-01
  9.2647E+00  1.0779E+01  7.2613E-02
  8.9684E+00  1.0803E+01 -4.2751E-01
  8.8896E+00  1.1090E+01  5.6895E-02
  8.6673E+00  1.1217E+01 -3.0555E-01
  1.0088E+01  1.1306E+01 -5.7050E-01
  9.2027E+00  1.1090E+01 -9.3784E-01
  8.4477E+00  1.1195E+01 -1.3534E+00
  8.1971E+00  1.1388E+01 -1.7111E+00
  9.0052E+00  1.1740E+01 -2.0251E+00
  8.0808E+00  1.2046E+01 -2.4115E+00
  8.0622E+00 -1.1765E+01 -2.3761E+00
  8.9527E+00 -1.1791E+01 -2.0902E+00
  9.4651E+00 -1.2353E+01 -1.7891E+00
  9.2178E+00 -1.2368E+01 -1.3102E+00
  9.2546E+00 -1.2344E+01 -1.8319E+00
  9.5158E+00 -1.2202E+01 -1.7125E+00
  9.3238E+00 -1.2421E+01 -1.5007E+00
  9.5277E+00 -1.2101E+01 -1.2905E+00
  9.2573E+00 -1.2234E+01 -9.9646E-01
  9.6009E+00 -1.2206E+01 -1.2158E+00
  9.4780E+00 -1.2334E+01 -1.1656E+00
  9.7819E+00 -1.2447E+01 -1.8204E+00
  9.3500E+00  1.2396E+01 -2.3083E+00
  9.0740E+00  1.2229E+01 -2.2798E+00
  8.6352E+00  1.2218E+01 -2.5244E+00
  8.5704E+00 -1.1706E+01 -2.6083E+00
  8.0247E+00 -1.1531E+01 -1.4081E+00
  7.9586E+00 -1.1250E+01 -2.0350E+00
  8.0391E+00 -1.2302E+01 -2.8425E+00
  7.8682E+00 -1.2193E+01 -2.9762E+00
  7.2444E+00 -1.1311E+01 -2.1615E+00
  7.0307E+00 -1.1347E+01 -2.1903E+00
  6.6401E+00 -1.1495E+01 -1.9359E+00
  6.7784E+00 -1.1265E+01 -2.7213E+00
  6.8412E+00 -1.1615E+01 -2.3294E+00
  6.9412E+00 -1.1506E+01 -2.7188E+00
  7.4212E+00 -1.1860E+01 -2.6360E+00
  7.0816E+00 -1.1892E+01 -2.1223E+00
  7.3078E+00 -1.1866E+01 -2.7407E+00
  7.0710E+00 -1.1777E+01 -2.3714E+00
  7.1156E+00 -1.1810E+01 -2.2165E+00
  7.3255E+00 -1.1860E+01 -2.3127E+00
  7.3216E+00 -1.1583E+01 -2.6507E+00
  7.3243E+00 -1.1728E+01 -2.0783E+00
  7.5171E+00 -1.1890E+01 -1.7844E+00
  7.1038E+00 -1.1151E+01 -2.2930E+00
  7.8030E+00 -1.1100E+01 -2.8120E+00
  7.7146E+00 -1.2410E+01 -2.4129E+00
  8.2857E+00 -1.1715E+01 -2.6429E+00
  8.0866E+00 -1.0783E+01 -2.4925E+00
  8.2948E+00 -1.0946E+01 -2.5432E+00
  8.1709E+00 -1.2088E+01 -2.2343E+00
  8.0899E+00 -1.1553E+01 -2.9395E+00
  7.9665E+00 -1.1726E+01 -2.8328E+00
  8.1677E+00 -1.1790E+01 -2.5770E+00
  7.8875E+00 -1.2065E+01 -2.4489E+00
  8.0991E+00 -1.1980E+01 -2.6210E+00
  8.2224E+00 -1.2216E+01 -2.9121E+00
  8.0149E+00 -1.2536E+01 -2.9620E+00
  8.1732E+00 -1.2253E+01 -3.2816E+00
  8.3510E+00  1.2409E+01 -2.9337E+00
  8.2531E+00  1.2470E+01 -3.5004E+00
  8.2224E+00  1.2597E+01 -3.4661E+00
  8.6703E+00 -1.2302E+01 -3.5598E+00
  9.1363E+00 -1.2140E+01 -3.5327E+00
  8.9753E+00 -1.2041E+01 -3.6829E+00
  8.7649E+00 -1.1892E+01 -3.6126E+00
  9.1880E+00 -1.1771E+01 -3.7617E+00
  9.2973E+00 -1.1864E+01 -3.7200E+00
  9.3244E+00 -1.1859E+01 -3.5631E+00
  9.3290E+00 -1.1511E+01 -4.0719E+00
  9.3601E+00 -1.1602E+01 -3.9689E+00
  9.5185E+00 -1.1800E+01 -3.7436E+00
  9.9332E+00 -1.1969E+01 -4.0796E+00
  9.6932E+00 -1.2230E+01 -4.0647E+00
  9.2995E+00 -1.2259E+01 -3.8319E+00
  9.6935E+00  1.2588E+01 -4.0077E+00
  9.3386E+00  1.2446E+01 -3.7182E+00
  9.2406E+00  1.2398E+01 -3.7852E+00
  9.6212E+00  1.2212E+01 -4.0083E+00
  9.2994E+00  1.2243E+01 -3.6182E+00
  9.6911E+00  1.2112E+01 -3.7862E+00
  9.3049E+00  1.2024E+01 -3.8040E+00
  1.0059E+01  1.2069E+01 -4.1376E+00
  9.7758E+00  1.1488E+01 -3.7161E+00
  9.6567E+00  1.2343E+01 -3.3679E+00
  9.9646E+00  1.1830E+01 -3.4441E+00
  9.3660E+00  1.1661E+01 -3.1457E+00
  9.4820E+00  1.1400E+01 -3.2713E+00
  9.7601E+00  1.1810E+01 -3.2644E+00
  9.4862E+00  1.1903E+01 -3.0379E+00
  9.7095E+00  1.1576E+01 -3.4180E+00
  9.4384E+00  1.1595E+01 -3.5322E+00
  9.5807E+00  1.1665E+01 -3.5985E+00
  9.2957E+00  1.1878E+01 -3.5926E+00
  9.6563E+00  1.2120E+01 -3.5899E+00
  9.2981E+00  1.1968E+01 -3.4796E+00
  9.4090E+00  1.1938E+01 -3.2676E+00
  9.4782E+00  1.1963E+01 -3.0244E+00
  9.2898E+00  1.1975E+01 -2.8256E+00
  9.1978E+00  1.2101E+01 -2.6295E+00
  9.2758E+00  1.2196E+01 -2.7348E+00
  9.4626E+00  1.2183E+01 -2.8183E+00
  9.0657E+00  1.1947E+01 -2.8018E+00
  9.2874E+00  1.2086E+01 -2.5229E+00
  8.9878E+00  1.2172E+01 -2.4519E+00
  8.9563E+00  1.2139E+01 -2.2230E+00
  8.8155E+00  1.1882E+01 -2.1266E+00
  8.6149E+00  1.1487E+01 -1.6117E+00
  8.1786E+00  1.0812E+01 -1.7850E+00
  8.1763E+00  1.0517E+01 -1.8930E+00
  7.9177E+00  1.0255E+01 -1.9389E+00
  7.8077E+00  1.0242E+01 -2.0061E+00
  7.6910E+00  1.0017E+01 -2.2452E+00
  7.7692E+00  1.0044E+01 -2.4374E+00
  7.6811E+00  1.0320E+01 -2.5449E+00
  7.7795E+00  1.0405E+01 -2.7099E+00
  7.7185E+00  1.0313E+01 -2.4079E+00
  7.8434E+00  1.0487E+01 -2.6092E+00
  8.0005E+00  1.0753E+01 -2.9110E+00
  7.9538E+00  1.0854E+01 -2.7363E+00
  8.1261E+00  1.0900E+01 -2.5361E+00
  8.2094E+00  1.0995E+01 -2.9278E+00
  8.0253E+00  1.1096E+01 -3.0412E+00
  8.1280E+00  1.0996E+01 -2.4202E+00
  8.3022E+00  1.1046E+01 -2.9686E+00
  8.4923E+00  1.1115E+01 -3.0004E+00
  8.6232E+00  1.1894E+01 -3.2132E+00
  8.5866E+00  1.1828E+01 -3.0790E+00
  8.6963E+00  1.1685E+01 -3.1569E+00
  8.8209E+00  1.1428E+01 -3.1646E+00
  8.7686E+00  1.0886E+01 -2.6023E+00
  8.9778E+00  1.0949E+01 -2.9886E+00
  8.7207E+00  1.0647E+01 -2.7803E+00
  8.8835E+00  1.1219E+01 -2.8068E+00
  9.0270E+00  1.1132E+01 -2.7773E+00
  8.8921E+00  1.1083E+01 -2.8662E+00
  8.9363E+00  1.1311E+01 -2.9096E+00
  8.9738E+00  1.1368E+01 -2.6737E+00
  8.5019E+00  1.1357E+01 -3.1682E+00
  8.8143E+00  1.1524E+01 -2.6608E+00
  8.6823E+00  1.1711E+01 -2.9476E+00
  8.3444E+00  1.1482E+01 -3.1269E+00
  8.6026E+00  1.1901E+01 -3.4258E+00
  8.9659E+00  1.1483E+01 -2.6323E+00
  8.7182E+00  1.1318E+01 -2.8079E+00
  8.7738E+00  1.1680E+01 -2.8069E+00
  8.1510E+00  1.0982E+01 -2.9724E+00
  8.5608E+00  1.1297E+01 -2.7310E+00
  8.1056E+00  1.1055E+01 -2.6352E+00
  8.0552E+00  1.1049E+01 -2.5660E+00
  8.3136E+00  1.1241E+01 -2.5574E+00
  8.0778E+00  1.1527E+01 -2.1599E+00
  7.7597E+00  1.1367E+01 -2.5564E+00
  7.6421E+00  1.1275E+01 -2.5031E+00
  7.4437E+00  1.1001E+01 -2.4442E+00
  7.2536E+00  1.1309E+01 -2.5180E+00
  7.1993E+00  1.1195E+01 -2.5082E+00
  7.3697E+00  1.0694E+01 -2.5065E+00
  7.0831E+00  1.0882E+01 -2.6711E+00
  6.8511E+00  1.0977E+01 -2.7147E+00
  6.7416E+00  1.0967E+01 -2.6424E+00
  6.7082E+00  1.0978E+01 -2.3653E+00
  6.2182E+00  1.1627E+01 -2.8576E+00
  6.0395E+00  1.1759E+01 -2.7611E+00
  6.1115E+00  1.1889E+01 -2.7039E+00
  6.1861E+00  1.1948E+01 -2.5369E+00
  5.9463E+00  1.2084E+01 -2.5152E+00
  5.7343E+00 -1.2525E+01 -2.8489E+00
  5.7262E+00 -1.2221E+01 -2.6277E+00
  5.5806E+00 -1.2381E+01 -2.5417E+00
  5.4681E+00 -1.2063E+01 -2.3271E+00
  5.4474E+00 -1.1752E+01 -2.2406E+00
  5.3871E+00 -1.1827E+01 -2.1732E+00
  5.3589E+00 -1.1904E+01 -2.3036E+00
  5.3948E+00 -1.1694E+01 -2.3641E+00
  5.2703E+00 -1.1651E+01 -2.0370E+00
  5.2810E+00 -1.1906E+01 -2.3939E+00
  5.5279E+00 -1.1798E+01 -2.2142E+00
  5.6040E+00 -1.2220E+01 -2.1633E+00
  5.4734E+00 -1.2385E+01 -2.1127E+00
  5.3896E+00 -1.2199E+01 -2.1495E+00
  5.5121E+00 -1.2462E+01 -2.0625E+00
  5.6267E+00  1.2388E+01 -2.0187E+00
  5.6606E+00  1.2036E+01 -1.7678E+00
  5.7295E+00  1.2015E+01 -1.7095E+00
  5.8597E+00  1.1710E+01 -1.6092E+00
  5.7925E+00  1.1662E+01 -1.5991E+00
  6.0401E+00  1.1265E+01 -1.5110E+00
  6.0773E+00  1.1073E+01 -1.5295E+00
  5.7544E+00  1.1119E+01 -2.1075E+00
  6.1382E+00  1.1002E+01 -1.8246E+00
  6.1438E+00  1.1282E+01 -2.0758E+00
  6.4000E+00  1.1251E+01 -1.9379E+00
  6.4209E+00  1.1429E+01 -2.0756E+00
  6.5433E+00  1.1365E+01 -2.2421E+00
  6.4669E+00  1.1335E+01 -2.3834E+00
  6.3477E+00  1.1700E+01 -2.1742E+00
  6.4815E+00  1.1797E+01 -1.7596E+00
  6.4790E+00  1.1478E+01 -2.3813E+00
  6.4976E+00  1.1410E+01 -2.1347E+00
  6.6847E+00  1.1345E+01 -2.6967E+00
  7.1003E+00  1.1334E+01 -2.6204E+00
  7.2703E+00  1.1169E+01 -2.8799E+00
  7.2924E+00  1.1419E+01 -2.8857E+00
  7.4658E+00  1.1261E+01 -3.2011E+00
  7.5358E+00  1.1466E+01 -3.2858E+00
  7.5091E+00  1.1462E+01 -3.6144E+00
  7.5548E+00  1.1641E+01 -3.4852E+00
  7.5777E+00  1.2094E+01 -3.7785E+00
  7.3544E+00  1.2272E+01 -3.7424E+00
  7.6017E+00  1.1852E+01 -3.4039E+00
  7.3511E+00  1.1839E+01 -3.5532E+00
  6.9978E+00  1.2559E+01 -3.4958E+00
  7.1990E+00  1.1869E+01 -3.2699E+00
  7.3216E+00  1.2140E+01 -3.5302E+00
  7.3751E+00  1.2045E+01 -3.1669E+00
  7.1334E+00  1.2343E+01 -3.1147E+00
  7.2427E+00  1.1845E+01 -3.2320E+00
  7.1092E+00  1.2035E+01 -3.1462E+00
  7.1752E+00  1.1894E+01 -3.0316E+00
  7.0636E+00  1.2044E+01 -3.1156E+00
  7.5544E+00  1.2133E+01 -2.8057E+00
  7.6050E+00  1.1656E+01 -2.6268E+00
  7.6901E+00  1.1695E+01 -2.4578E+00
  7.7248E+00  1.1803E+01 -2.4837E+00
  7.8292E+00  1.1614E+01 -2.5390E+00
  7.8778E+00  1.1555E+01 -2.5045E+00
  7.7928E+00  1.1639E+01 -2.5938E+00
  7.7696E+00  1.1706E+01 -2.7053E+00
  7.8818E+00  1.1474E+01 -2.5049E+00
  7.8398E+00  1.1057E+01 -2.3036E+00
  7.7820E+00  1.1060E+01 -2.0381E+00
  7.7586E+00  1.1045E+01 -1.9100E+00
  7.5217E+00  1.0900E+01 -1.7687E+00
  7.4965E+00  1.1088E+01 -1.9743E+00
  7.6956E+00  1.1014E+01 -1.7766E+00
  7.6080E+00  1.0890E+01 -1.6809E+00
  7.2266E+00  1.0617E+01 -1.8957E+00
  7.5190E+00  1.0485E+01 -1.7176E+00
  7.5029E+00  1.0483E+01 -1.1188E+00
  8.2629E+00  1.0328E+01 -1.3556E+00
  7.9306E+00  1.0391E+01 -1.1597E+00
  7.9159E+00  1.0655E+01 -8.0337E-01
  7.8844E+00  1.0801E+01 -1.2550E+00
  7.7349E+00  1.1191E+01 -1.2627E+00
  8.3997E+00  1.1815E+01 -1.7199E+00
  8.0155E+00  1.1786E+01 -1.5905E+00
  8.1417E+00  1.2253E+01 -1.8263E+00
  8.0046E+00  1.2184E+01 -1.5924E+00
  8.1079E+00  1.2178E+01 -1.4850E+00
  8.2686E+00 -1.2490E+01 -1.6830E+00
  8.1545E+00  1.1713E+01 -1.1072E+00
  8.2263E+00  1.2172E+01 -1.8452E+00
  8.4597E+00  1.1827E+01 -1.8253E+00
  8.8815E+00  1.1620E+01 -1.6106E+00
  8.4248E+00  1.1359E+01 -1.6982E+00
  8.3535E+00  1.1606E+01 -1.9554E+00
  8.5300E+00  1.1570E+01 -2.1389E+00
  8.5170E+00  1.1781E+01 -2.4991E+00
  8.7228E+00  1.2037E+01 -2.8334E+00
  9.1105E+00  1.2107E+01 -2.7744E+00
  9.0220E+00  1.2131E+01 -2.9524E+00
  9.2015E+00  1.2136E+01 -3.2638E+00
  9.4650E+00  1.2575E+01 -3.1477E+00
  9.7594E+00 -1.2273E+01 -2.7510E+00
  9.7746E+00  1.2437E+01 -2.5438E+00
  9.1898E+00  1.2542E+01 -3.4271E+00
  9.6023E+00  1.2345E+01 -3.1061E+00
  9.3848E+00  1.2115E+01 -3.4912E+00
  9.1672E+00  1.2478E+01 -3.6623E+00
  9.3214E+00  1.2337E+01 -3.2082E+00
  9.6554E+00  1.2012E+01 -3.2436E+00
  9.4771E+00  1.2548E+01 -3.6671E+00
  9.3766E+00  1.2286E+01 -3.1091E+00
  9.8813E+00  1.2597E+01 -3.3047E+00
  9.8875E+00  1.2373E+01 -3.0861E+00
  9.8925E+00  1.2447E+01 -3.1439E+00
  1.0069E+01  1.2432E+01 -2.9621E+00
  9.9149E+00  1.2507E+01 -2.7955E+00
  9.7480E+00  1.2416E+01 -2.7833E+00
  1.0180E+01  1.1931E+01 -2.5094E+00
  1.0088E+01  1.2304E+01 -2.5217E+00
  9.9495E+00  1.2462E+01 -2.6619E+00
  9.7059E+00  1.2222E+01 -2.5977E+00
  9.9343E+00  1.2219E+01 -2.7583E+00
  9.9464E+00  1.1957E+01 -2.7333E+00
  9.6613E+00  1.1971E+01 -2.7605E+00
  9.3746E+00  1.2042E+01 -2.5618E+00
  9.5619E+00  1.2133E+01 -2.8301E+00
  9.5076E+00  1.1989E+01 -2.8085E+00
  9.5694E+00  1.2170E+01 -2.5725E+00
  9.6986E+00  1.2377E+01 -2.6794E+00
  9.5903E+00  1.2204E+01 -2.5696E+00
  1.0047E+01  1.1963E+01 -2.5901E+00
  1.0502E+01  1.1691E+01 -2.6476E+00
  1.0903E+01  1.1490E+01 -3.2572E+00
  1.0692E+01  1.1408E+01 -2.9258E+00
  1.0716E+01  1.0897E+01 -2.6042E+00
  1.0221E+01  1.0984E+01 -2.2033E+00
  1.0229E+01  1.0728E+01 -2.1003E+00
  1.0398E+01  1.0102E+01 -1.9980E+00
  1.0491E+01  9.8381E+00 -1.9178E+00
  1.0631E+01  9.7757E+00 -1.5772E+00
  1.0678E+01  9.7640E+00 -1.4968E+00
  1.0514E+01  9.4902E+00 -1.6176E+00
  1.0350E+01  9.2886E+00 -1.8686E+00
  9.9772E+00  9.3178E+00 -1.7404E+00
  1.0199E+01  9.4580E+00 -1.5188E+00
  1.0221E+01  9.3700E+00 -1.4195E+00
  1.0316E+01  9.0432E+00 -1.6647E+00
  1.0389E+01  9.0436E+00 -1.6650E+00
  1.0317E+01  8.8637E+00 -1.2812E+00
  1.0328E+01  8.7784E+00 -1.3863E+00
  1.0042E+01  8.6381E+00 -1.4133E+00
  1.0440E+01  8.1977E+00 -1.7394E+00
  1.0321E+01  8.2060E+00 -1.4187E+00
  1.0475E+01  8.1838E+00 -1.5370E+00
  1.0543E+01  8.0352E+00 -1.9017E+00
  1.0373E+01  8.3480E+00 -2.0268E+00
  1.1030E+01  8.7849E+00 -2.1668E+00
  1.0452E+01  8.7772E+00 -2.4655E+00
  1.0418E+01  8.9040E+00 -2.2541E+00
  1.1503E+01  9.1716E+00 -1.8980E+00
  1.0995E+01  9.3683E+00 -2.4646E+00
  1.0325E+01  9.3181E+00 -2.5667E+00
  1.0240E+01  9.5283E+00 -2.6516E+00
  1.0199E+01  9.3237E+00 -2.6656E+00
  9.9385E+00  8.9323E+00 -2.9296E+00
  9.3703E+00  8.9638E+00 -3.0525E+00
  9.4422E+00  8.7853E+00 -3.0514E+00
  9.6607E+00  8.7446E+00 -2.8308E+00
  9.8450E+00  9.0061E+00 -2.5035E+00
  9.5625E+00  8.9189E+00 -2.1042E+00
  9.7341E+00  9.0532E+00 -2.1192E+00
  9.6820E+00  8.8721E+00 -2.1310E+00
  9.8553E+00  8.9651E+00 -1.7287E+00
  9.7197E+00  8.8288E+00 -1.6441E+00
  9.1897E+00  8.4326E+00 -2.2756E+00
  8.9076E+00  8.6242E+00 -1.9612E+00
  9.1604E+00  8.3898E+00 -1.5928E+00
  8.4649E+00  8.1123E+00 -1.5155E+00
  8.3332E+00  7.4817E+00 -8.5674E-01
  8.5520E+00  7.0137E+00 -5.1684E-01
  8.2069E+00  7.6894E+00 -9.0722E-01
  7.9589E+00  7.3552E+00 -2.4816E-01
  7.4840E+00  7.0607E+00 -5.3073E-01
  7.2509E+00  7.2501E+00 -8.0718E-01
  7.0937E+00  7.2715E+00 -5.4004E-01
  7.1948E+00  7.0896E+00 -6.8626E-01
  7.1933E+00  7.1996E+00 -8.9513E-01
  7.4226E+00  7.0645E+00 -1.0369E+00
  7.4543E+00  6.7853E+00 -1.2578E+00
  7.1972E+00  6.8313E+00 -1.2077E+00
  7.2407E+00  6.5534E+00 -8.9625E-01
  7.1579E+00  6.8624E+00 -1.4997E+00
  7.3533E+00  6.5335E+00 -1.4556E+00
  7.3270E+00  6.5130E+00 -1.2949E+00
  7.5075E+00  6.5489E+00 -1.6700E+00
  7.8390E+00  6.6172E+00 -1.9790E+00
  8.4071E+00  6.6341E+00 -2.0777E+00
  8.1644E+00  6.9944E+00 -2.4887E+00
  8.1968E+00  6.7029E+00 -2.4885E+00
  8.6815E+00  5.9483E+00 -2.1168E+00
  8.1995E+00  6.0192E+00 -1.8727E+00
  8.6644E+00  5.6334E+00 -1.2049E+00
  8.9685E+00  5.5398E+00 -1.9270E+00
  8.8091E+00  5.7160E+00 -1.0952E+00
  8.9842E+00  5.2966E+00 -1.1112E+00
  9.5844E+00  4.8200E+00 -1.7592E+00
