  9.2848E+00 -1.2519E+01 -1.7747E-01
  8.1872E+00  1.1383E+01  5.3971E-01
  9.2557E+00  1.1605E+01 -6.4649E-01
  9.5767E+00  1.2356E+01 -2.3045E-01
  1.0501E+01  1.1606E+01 -3.1272E-01
  9.6275E+00  1.0902E+01  3.6668E-01
  1.0572E+01  1.0816E+01  1.0461E+00
  1.0145E+01  1.0626E+01  8.0705E-01
  1.0600E+01  1.0564E+01 -1.6666E-01
  1.0567E+01  1.0574E+01 -5.8190E-01
  1.1129E+01  1.0543E+01 -2.9747E-01
  1.0761E+01  1.0266E+01  3.5633E-02
  1.0838E+01  1.0436E+01 -4.5347E-01
  1.0796E+01  1.0511E+01 -5.2016E-01
  1.0884E+01  1.0727E+01 -3.7952E-01
  1.1220E+01  1.1066E+01 -7.6903E-01
  1.0845E+01  1.0881E+01 -5.5528E-01
  1.1090E+01  1.1051E+01 -5.8140E-01
  1.0963E+01  1.0988E+01 -4.5141E-01
  1.0705E+01  1.0719E+01 -2.9483E-01
  1.0734E+01  1.0792E+01 -5.5583E-01
  1.0803E+01  1.0629E+01 -1.9199E-01
  1.0621E+01  1.0542E+01  3.8421E-02
  1.0753E+01  1.1153E+01 -5.8523E-01
  1.0264E+01  1.0561E+01  4.0707E-01
  1.0104E+01  1.0319E+01  8.9605E-02
  9.6804E+00  1.0209E+01  1.3977E-01
  1.0579E+01  1.0253E+01 -5.2792E-02
  1.0891E+01  1.0710E+01 -4.6090E-01
  1.0494E+01  1.0040E+01 -3.1445E-01
  1.0202E+01  9.9627E+00 -7.8086E-01
  1.0194E+01  9.9613E+00 -6.7929E-01
  9.6815E+00  1.0385E+01 -1.0141E+00
  9.9820E+00  1.0824E+01 -9.2937E-01
  9.3971E+00  1.2134E+01 -1.6242E+00
  8.6421E+00  1.2085E+01 -1.9223E+00
  9.4816E+00  1.2252E+01 -1.6470E+00
  9.3213E+00  1.2339E+01 -2.0334E+00
  8.9746E+00 -1.1951E+01 -2.0601E+00
  9.2498E+00 -1.2398E+01 -1.8294E+00
  8.9944E+00  1.2441E+01 -1.7270E+00
  8.3314E+00  1.2039E+01 -1.9620E+00
  8.1850E+00  1.2497E+01 -2.5056E+00
  8.6379E+00 -1.1487E+01 -2.3866E+00
  8.7980E+00 -1.0937E+01 -1.5461E+00
  8.8732E+00 -1.0950E+01 -1.1711E+00
  9.2277E+00 -1.0919E+01 -1.5844E+00
  9.0394E+00 -1.0859E+01 -1.9919E+00
  9.5301E+00 -1.1158E+01 -2.0165E+00
  9.2657E+00 -1.1337E+01 -2.4015E+00
  9.7274E+00 -1.1251E+01 -2.1843E+00
  9.1076E+00 -1.1108E+01 -1.6666E+00
  9.1972E+00 -1.1479E+01 -1.5999E+00
  9.1279E+00 -1.1622E+01 -1.6029E+00
  9.3109E+00 -1.2056E+01 -1.5423E+00
  9.1096E+00 -1.2373E+01 -1.3686E+00
  8.9543E+00  1.2572E+01 -1.8672E+00
  8.7011E+00 -1.2463E+01 -1.5349E+00
  8.4650E+00 -1.2172E+01 -1.4024E+00
  8.1394E+00 -1.2169E+01 -1.4936E+00
  7.9867E+00 -1.2488E+01 -1.5814E+00
  7.5964E+00  1.2575E+01 -1.6186E+00
  7.7695E+00 -1.2412E+01 -2.3309E+00
  7.4697E+00 -1.2508E+01 -2.2214E+00
  7.1091E+00  1.2111E+01 -2.5150E+00
  7.0444E+00  1.2358E+01 -2.0216E+00
  6.8602E+00  1.2266E+01 -1.7355E+00
  6.9359E+00  1.1814E+01 -1.9570E+00
  7.0274E+00  1.2024E+01 -2.0438E+00
  6.9037E+00  1.1923E+01 -2.3012E+00
  7.4267E+00  1.1964E+01 -2.6021E+00
  6.9181E+00  1.1913E+01 -2.5929E+00
  7.3188E+00  1.2108E+01 -2.5831E+00
  7.6347E+00  1.2314E+01 -2.9965E+00
  7.4796E+00  1.2292E+01 -2.8982E+00
  7.7823E+00 -1.2491E+01 -2.4121E+00
  7.4162E+00 -1.1842E+01 -1.5582E+00
  7.5656E+00 -1.1406E+01 -1.2986E+00
  7.6395E+00 -1.1085E+01 -1.4351E+00
  8.0503E+00 -1.1821E+01 -1.3999E+00
  8.1047E+00 -1.1493E+01 -1.1514E+00
  7.6851E+00 -1.1034E+01 -1.2726E+00
  8.0502E+00 -1.0908E+01 -1.5776E+00
  8.0751E+00 -1.0693E+01 -1.7407E+00
  7.8169E+00 -1.0723E+01 -1.5712E+00
  7.7365E+00 -1.0742E+01 -1.7424E+00
  7.5893E+00 -1.0803E+01 -1.8295E+00
  7.5183E+00 -1.1029E+01 -2.3049E+00
  8.1271E+00 -1.1109E+01 -2.4902E+00
  7.9863E+00 -1.1125E+01 -2.2988E+00
  7.5807E+00 -1.1579E+01 -3.3977E+00
  8.0113E+00 -1.1278E+01 -3.1610E+00
  8.2375E+00 -1.1092E+01 -3.4589E+00
  7.6871E+00 -1.1163E+01 -3.4699E+00
  7.9145E+00 -1.1274E+01 -3.7049E+00
  8.8166E+00 -1.0586E+01 -4.0455E+00
  9.6911E+00 -1.0833E+01 -4.1543E+00
  9.6664E+00 -1.0390E+01 -4.1315E+00
  9.2906E+00 -1.0409E+01 -4.1110E+00
  9.3805E+00 -1.0644E+01 -4.4535E+00
  1.0231E+01 -1.0383E+01 -4.5034E+00
  1.0370E+01 -1.0613E+01 -4.4913E+00
  9.9286E+00 -1.0804E+01 -4.7979E+00
  9.7772E+00 -1.0755E+01 -4.9586E+00
  9.9783E+00 -1.1109E+01 -5.0309E+00
  1.0228E+01 -1.1839E+01 -4.9427E+00
  1.0494E+01 -1.1571E+01 -4.7520E+00
  1.0331E+01 -1.2220E+01 -4.7206E+00
  9.6780E+00 -1.2395E+01 -5.1701E+00
  9.6634E+00 -1.2145E+01 -5.2589E+00
  9.9539E+00  1.2384E+01 -4.9688E+00
  9.6149E+00  1.1996E+01 -5.2871E+00
  8.9850E+00  1.1503E+01 -5.1817E+00
  8.9247E+00  1.1236E+01 -4.6767E+00
  8.5186E+00  1.1522E+01 -4.5470E+00
  9.6917E+00  1.1173E+01 -4.3174E+00
  9.4370E+00  1.1468E+01 -4.8089E+00
  9.5084E+00  1.1292E+01 -4.6003E+00
  9.2345E+00  1.1221E+01 -4.7473E+00
  9.0874E+00  1.1031E+01 -4.3654E+00
  9.5275E+00  1.1355E+01 -4.4415E+00
  9.8684E+00  1.1933E+01 -4.8737E+00
  1.0157E+01  1.1658E+01 -4.8557E+00
  1.0130E+01  1.1139E+01 -4.9002E+00
  1.0269E+01  1.1102E+01 -4.4434E+00
  1.0392E+01  1.1348E+01 -4.6555E+00
  1.0404E+01  1.1974E+01 -4.5039E+00
  1.0234E+01  1.2242E+01 -4.4922E+00
  1.0132E+01  1.2312E+01 -4.3368E+00
  9.8459E+00  1.1935E+01 -4.2260E+00
  9.4459E+00  1.1841E+01 -4.0934E+00
  1.0076E+01  1.2483E+01 -3.9796E+00
  9.9613E+00 -1.1961E+01 -3.7750E+00
  1.0064E+01 -1.2258E+01 -3.3430E+00
  9.7815E+00 -1.2218E+01 -3.6322E+00
  9.4516E+00 -1.1641E+01 -2.8279E+00
  8.3591E+00 -1.1729E+01 -1.8374E+00
  8.3714E+00 -1.2223E+01 -1.1875E+00
  7.8450E+00 -1.2598E+01 -9.4580E-01
  7.5967E+00  1.2090E+01 -1.2378E+00
  7.5949E+00  1.1670E+01 -1.1152E+00
  7.3001E+00  1.1273E+01 -1.0143E+00
  7.3138E+00  1.1378E+01 -1.1469E+00
  7.4952E+00  1.1309E+01 -1.4947E+00
  7.7969E+00  1.1275E+01 -1.5676E+00
  7.5807E+00  1.1386E+01 -1.4838E+00
  7.9110E+00  1.1428E+01 -1.6112E+00
  8.2190E+00  1.1490E+01 -1.6103E+00
  8.0292E+00  1.1709E+01 -1.7462E+00
  8.3644E+00  1.1673E+01 -1.7738E+00
  8.7824E+00  1.1678E+01 -1.7843E+00
  8.7684E+00  1.2121E+01 -1.9283E+00
  8.9129E+00  1.2049E+01 -2.1110E+00
  8.9492E+00  1.1886E+01 -2.1496E+00
  9.1361E+00  1.2109E+01 -2.2865E+00
  8.9457E+00  1.1913E+01 -1.9171E+00
  8.7328E+00  1.1860E+01 -1.7124E+00
  8.8788E+00  1.1727E+01 -1.7371E+00
  8.7491E+00  1.1845E+01 -1.5805E+00
  8.8421E+00  1.2013E+01 -1.6928E+00
  9.0309E+00  1.1866E+01 -1.7376E+00
  9.1485E+00  1.2167E+01 -1.9040E+00
  8.7884E+00  1.1800E+01 -1.7588E+00
  8.4954E+00  1.1676E+01 -1.7024E+00
  8.4771E+00  1.1648E+01 -1.4203E+00
  8.4861E+00  1.1985E+01 -1.6580E+00
  8.2964E+00  1.1910E+01 -1.7553E+00
  8.3079E+00  1.2259E+01 -1.9198E+00
  8.0840E+00  1.2353E+01 -1.9594E+00
  8.4742E+00  1.2011E+01 -1.8103E+00
  7.9301E+00  1.2139E+01 -1.6060E+00
  8.1061E+00  1.2184E+01 -1.6375E+00
  8.2583E+00 -1.2523E+01 -2.2087E+00
  8.4280E+00  1.2205E+01 -1.9596E+00
  8.3622E+00 -1.2450E+01 -2.0741E+00
  8.7192E+00 -1.2408E+01 -2.4780E+00
  7.9235E+00 -1.2328E+01 -2.4385E+00
  8.3007E+00  1.2423E+01 -2.5537E+00
  7.5958E+00  1.2436E+01 -2.9422E+00
  7.5626E+00  1.2459E+01 -2.7059E+00
  7.7397E+00  1.2465E+01 -2.1544E+00
  7.1823E+00  1.2211E+01 -2.7868E+00
  7.0615E+00  1.2135E+01 -3.0920E+00
  6.7606E+00  1.2466E+01 -2.2987E+00
  6.3687E+00  1.2081E+01 -2.4915E+00
  6.2731E+00  1.1898E+01 -2.7552E+00
  5.7849E+00  1.1550E+01 -2.7569E+00
  5.7247E+00  1.1151E+01 -2.8178E+00
  5.9347E+00  1.1059E+01 -2.7890E+00
  5.6374E+00  1.0842E+01 -2.2464E+00
  5.5033E+00  1.0818E+01 -2.0587E+00
  5.2383E+00  1.1011E+01 -2.5406E+00
  5.4815E+00  1.1332E+01 -3.1668E+00
  5.2089E+00  1.0839E+01 -3.6523E+00
  5.3154E+00  1.1042E+01 -3.8717E+00
  5.2319E+00  1.1241E+01 -3.7427E+00
  5.0816E+00  1.1479E+01 -3.4493E+00
  4.8614E+00  1.2192E+01 -3.5561E+00
  4.6163E+00  1.2183E+01 -3.7335E+00
  4.7303E+00  1.2591E+01 -3.6916E+00
  4.3331E+00 -1.1876E+01 -3.2200E+00
  4.0311E+00 -1.1748E+01 -2.6559E+00
  4.2438E+00 -1.2432E+01 -2.8408E+00
  3.9881E+00 -1.1547E+01 -2.6592E+00
  4.2175E+00 -1.1302E+01 -1.5249E+00
  4.0573E+00 -1.1008E+01 -2.4789E+00
  4.1993E+00 -1.1589E+01 -3.0958E+00
  3.9926E+00 -1.1285E+01 -2.8707E+00
  4.2767E+00 -1.0958E+01 -2.1768E+00
  4.6192E+00 -1.1080E+01 -2.1259E+00
  4.3269E+00 -1.1622E+01 -2.7254E+00
  4.1121E+00 -1.2008E+01 -2.9264E+00
  4.2531E+00 -1.2279E+01 -2.8710E+00
  4.2312E+00  1.2534E+01 -2.5695E+00
  4.2878E+00  1.1785E+01 -2.3378E+00
  4.7324E+00  1.1095E+01 -2.3662E+00
  4.8932E+00  1.0757E+01 -2.2653E+00
  4.7401E+00  1.0728E+01 -2.1402E+00
  4.7565E+00  1.0759E+01 -2.1180E+00
  4.8460E+00  1.0227E+01 -1.7308E+00
  5.3862E+00  1.0089E+01 -1.0698E+00
  5.1120E+00  9.9255E+00 -1.5806E+00
  5.6502E+00  9.8805E+00 -1.8237E+00
  5.9302E+00  9.9428E+00 -1.3556E+00
  5.8949E+00  1.0092E+01 -1.6198E+00
  5.7608E+00  1.0199E+01 -1.6957E+00
  5.6140E+00  1.0386E+01 -1.5820E+00
  5.4796E+00  1.0569E+01 -1.6845E+00
  5.7379E+00  1.0486E+01 -1.7163E+00
  5.8430E+00  1.0617E+01 -1.3206E+00
  5.4307E+00  1.0841E+01 -1.2345E+00
  5.8531E+00  1.0828E+01 -1.5508E+00
  6.0015E+00  1.0821E+01 -1.7251E+00
  6.1141E+00  1.0541E+01 -2.1445E+00
  6.2683E+00  1.0315E+01 -2.9430E+00
  6.2832E+00  1.0441E+01 -2.7524E+00
  6.3658E+00  1.0554E+01 -3.0169E+00
  6.3152E+00  1.0608E+01 -3.2711E+00
  6.2484E+00  1.0897E+01 -3.5926E+00
  6.5219E+00  1.1194E+01 -3.1892E+00
  6.2250E+00  1.1491E+01 -3.1213E+00
  6.1775E+00  1.1384E+01 -3.2467E+00
  6.0887E+00  1.1233E+01 -2.9954E+00
  6.4342E+00  1.1313E+01 -2.8599E+00
  5.9052E+00  1.1502E+01 -2.5890E+00
  6.5809E+00  1.1254E+01 -2.5606E+00
  6.1273E+00  1.1362E+01 -2.6684E+00
  6.2662E+00  1.1257E+01 -2.5314E+00
  6.3736E+00  1.0910E+01 -2.4304E+00
  6.3026E+00  1.1152E+01 -2.2293E+00
  6.2580E+00  1.1156E+01 -2.0902E+00
  6.2399E+00  1.1298E+01 -2.0974E+00
  6.4364E+00  1.1332E+01 -2.1890E+00
  6.2638E+00  1.1656E+01 -1.9388E+00
  6.2822E+00  1.1699E+01 -1.9192E+00
  6.4180E+00  1.1423E+01 -1.8353E+00
  6.4825E+00  1.1313E+01 -1.9322E+00
  6.4267E+00  1.1345E+01 -2.1547E+00
  6.3801E+00  1.1350E+01 -2.1551E+00
  6.3976E+00  1.1416E+01 -2.1523E+00
  6.4109E+00  1.1611E+01 -2.2053E+00
  6.3848E+00  1.1312E+01 -2.0038E+00
  6.3033E+00  1.1307E+01 -1.8809E+00
  6.2623E+00  1.1224E+01 -1.9449E+00
  6.1488E+00  1.1484E+01 -1.9816E+00
  6.1130E+00  1.1684E+01 -1.9247E+00
  6.3663E+00  1.1547E+01 -2.2467E+00
  6.3270E+00  1.1552E+01 -2.1208E+00
  6.2165E+00  1.1731E+01 -1.9987E+00
  6.3445E+00  1.1430E+01 -1.7481E+00
  7.3438E+00  1.1535E+01 -2.1863E+00
  7.0893E+00  1.1183E+01 -1.7603E+00
  7.8388E+00  1.1635E+01 -2.0057E+00
  7.7356E+00  1.1570E+01 -1.9877E+00
  7.1289E+00  1.2017E+01 -1.7257E+00
  7.0996E+00  1.2347E+01 -1.9922E+00
  7.0672E+00  1.2518E+01 -1.6684E+00
  6.9637E+00 -1.2349E+01 -1.3921E+00
  6.7425E+00 -1.2530E+01 -1.4480E+00
  6.8137E+00 -1.2141E+01 -1.2846E+00
  6.9016E+00 -1.2134E+01 -1.3044E+00
  6.8470E+00 -1.2475E+01 -1.1819E+00
  6.9413E+00 -1.2592E+01 -1.0399E+00
  7.1878E+00  1.2481E+01 -7.9717E-01
  7.3638E+00  1.2495E+01 -1.0341E+00
  7.4530E+00  1.1887E+01 -1.2100E+00
  7.3761E+00  1.2121E+01 -9.2889E-01
  7.3508E+00  1.1733E+01 -8.3713E-01
  7.3671E+00  1.1880E+01 -1.2312E+00
  7.2418E+00  1.1667E+01 -1.7034E+00
  7.3876E+00  1.1911E+01 -2.1450E+00
  7.6733E+00  1.2020E+01 -2.3280E+00
  8.0309E+00 -1.2246E+01 -2.1668E+00
  8.5586E+00 -1.1820E+01 -2.6990E+00
  8.1143E+00 -1.2150E+01 -2.6723E+00
  8.2770E+00 -1.2455E+01 -2.9549E+00
  8.4377E+00 -1.2566E+01 -3.2123E+00
  7.9023E+00  1.2419E+01 -2.6528E+00
  8.2049E+00  1.2241E+01 -3.6615E+00
  7.9308E+00  1.2493E+01 -3.6136E+00
  7.7521E+00  1.2060E+01 -3.9705E+00
  8.1279E+00  1.2432E+01 -4.1240E+00
  8.3464E+00  1.2495E+01 -3.8145E+00
  8.6600E+00  1.1825E+01 -4.7076E+00
  9.6668E+00  1.2226E+01 -4.5870E+00
  9.6147E+00  1.2132E+01 -4.7135E+00
  9.3150E+00  1.2597E+01 -4.4625E+00
  9.0439E+00  1.2550E+01 -4.3854E+00
  9.7488E+00 -1.2492E+01 -4.4096E+00
  1.0585E+01  1.1932E+01 -4.0168E+00
  1.0547E+01  1.2162E+01 -4.0361E+00
  9.7085E+00  1.2511E+01 -3.8189E+00
  1.0230E+01  1.2113E+01 -4.0101E+00
  1.0596E+01  1.1447E+01 -3.5701E+00
  1.0312E+01  1.1880E+01 -3.9348E+00
  9.4515E+00  1.1946E+01 -4.1600E+00
  9.1472E+00  1.2141E+01 -3.9980E+00
  9.3948E+00  1.1213E+01 -4.0355E+00
  9.3264E+00  1.1620E+01 -4.0081E+00
  8.1830E+00  1.2461E+01 -3.3434E+00
  8.1685E+00  1.2554E+01 -3.2077E+00
  8.4236E+00 -1.2511E+01 -3.4051E+00
  8.9765E+00  1.2427E+01 -4.0016E+00
  9.7051E+00  1.1900E+01 -4.0415E+00
  9.5955E+00  1.2015E+01 -4.0275E+00
  9.3737E+00  1.2281E+01 -3.4546E+00
  9.5461E+00  1.2130E+01 -3.3995E+00
  9.3665E+00  1.1568E+01 -3.6251E+00
  1.0231E+01  1.1298E+01 -3.9742E+00
  1.0879E+01  1.0297E+01 -3.3726E+00
  1.0977E+01  9.4212E+00 -2.1699E+00
  1.0936E+01  8.7088E+00 -1.7918E+00
  1.1231E+01  8.6938E+00 -1.2728E+00
  1.1063E+01  8.5429E+00 -8.2459E-01
  1.0797E+01  8.5765E+00 -5.7599E-01
  1.0924E+01  8.4900E+00 -5.6673E-01
  1.0392E+01  8.6309E+00 -5.1287E-01
  1.0211E+01  8.6771E+00 -3.9616E-01
  1.0017E+01  8.6723E+00 -2.4541E-01
  1.0002E+01  8.5644E+00 -1.6430E-01
  1.0100E+01  8.6173E+00 -2.3499E-01
  1.0299E+01  8.5570E+00 -2.4118E-01
  1.0532E+01  8.2339E+00  7.1302E-02
  1.0294E+01  8.0441E+00 -7.0333E-02
  1.0561E+01  7.9296E+00 -1.8844E-01
  1.0005E+01  8.0550E+00 -3.0320E-01
  1.0077E+01  7.6244E+00 -4.9633E-02
  9.9421E+00  7.7281E+00 -2.0286E-01
  1.0117E+01  8.1356E+00 -4.5913E-01
  1.0403E+01  8.0198E+00 -5.5591E-01
  1.0284E+01  8.2707E+00 -9.6200E-01
  1.0465E+01  8.5880E+00 -9.7010E-01
  1.0429E+01  8.3461E+00 -8.5383E-01
  1.0246E+01  8.5782E+00 -1.3153E+00
  1.0287E+01  8.6981E+00 -1.3147E+00
  1.0215E+01  8.8497E+00 -1.1381E+00
  1.0072E+01  8.9457E+00 -1.2717E+00
  9.8128E+00  8.5985E+00 -1.4020E+00
  9.7695E+00  8.3156E+00 -1.5646E+00
  9.6400E+00  8.2735E+00 -1.7399E+00
  9.8455E+00  8.0807E+00 -1.7814E+00
  9.4322E+00  8.0232E+00 -1.5271E+00
  9.5728E+00  8.2945E+00 -1.2028E+00
  9.9948E+00  8.0996E+00 -9.1509E-01
  9.5987E+00  8.2404E+00 -8.5698E-01
  9.9680E+00  8.2374E+00 -7.9400E-01
  9.9927E+00  8.0551E+00 -5.3491E-01
  9.8958E+00  7.7500E+00 -6.0624E-01
  9.7345E+00  8.1703E+00 -8.9488E-01
  9.6185E+00  7.9657E+00 -8.0659E-01
  9.1357E+00  7.2158E+00 -6.4779E-01
  9.3882E+00  7.6158E+00 -4.3233E-01
  9.6131E+00  8.2134E+00 -1.1708E+00
  9.2567E+00  8.0547E+00 -1.3487E+00
  9.6030E+00  8.1541E+00 -1.2342E+00
  9.0775E+00  8.1471E+00 -8.7570E-01
  8.3892E+00  8.2325E+00 -8.1318E-01
  8.2930E+00  8.3373E+00 -8.7109E-01
  8.0372E+00  8.3601E+00 -9.8372E-01
  8.0483E+00  8.3159E+00 -8.8622E-01
  8.2779E+00  8.2449E+00 -8.3834E-01
  8.3207E+00  8.2748E+00 -1.0655E+00
  8.4071E+00  7.9511E+00 -1.1849E+00
  8.4006E+00  7.7355E+00 -1.2874E+00
  7.9712E+00  7.5924E+00 -1.7081E+00
  8.3525E+00  7.7795E+00 -1.4349E+00
  8.2667E+00  7.7186E+00 -1.6381E+00
  8.2150E+00  7.6985E+00 -1.5749E+00
  8.1046E+00  7.9202E+00 -1.4825E+00
  8.2862E+00  8.0566E+00 -1.9608E+00
  8.6104E+00  8.1277E+00 -2.0726E+00
  9.0265E+00  8.1869E+00 -2.1615E+00
  9.0168E+00  7.9468E+00 -2.2599E+00
  8.5516E+00  7.4488E+00 -2.1791E+00
  9.1388E+00  7.0468E+00 -2.4505E+00
  9.3914E+00  6.0533E+00 -2.4568E+00
  1.0192E+01  6.4048E+00 -1.7602E+00
  9.8631E+00  5.2301E+00 -2.0570E+00
  1.0150E+01  4.8882E+00 -1.9751E+00
  1.0816E+01  5.6833E+00 -1.6639E+00
