  8.3052E+00 -1.0363E+01  7.3633E-01
  8.4599E+00 -1.1165E+01  1.6589E-01
  9.1600E+00 -1.0475E+01  3.0275E-01
  7.8214E+00 -1.0740E+01  3.0126E-02
  8.3534E+00 -1.0935E+01 -1.1432E-01
  9.0282E+00 -1.0044E+01  7.7132E-03
  9.1049E+00 -1.0223E+01  1.4129E-01
  8.7308E+00 -9.9973E+00  6.6447E-01
  8.4911E+00 -9.9358E+00  7.9826E-01
  8.4410E+00 -9.3241E+00 -1.1393E-02
  8.0984E+00 -9.4713E+00 -3.1762E-01
  8.4505E+00 -9.4148E+00  7.6260E-01
  7.9070E+00 -1.0140E+01  1.2195E+00
  8.1968E+00 -9.8057E+00  1.0671E+00
  7.7070E+00 -9.3666E+00  4.9281E-01
  7.6768E+00 -9.4197E+00  1.5643E-01
  7.7217E+00 -9.5930E+00  8.9402E-01
  7.9907E+00 -1.0221E+01  1.1945E+00
  8.0114E+00 -9.7599E+00  9.2448E-01
  7.1622E+00 -9.6173E+00  4.2852E-01
  8.0147E+00 -9.4614E+00  1.5480E-01
  7.7972E+00 -9.3933E+00  9.1204E-01
  8.3946E+00 -1.0161E+01  8.7776E-01
  8.5847E+00 -9.7912E+00  6.6520E-01
  8.3108E+00 -8.8862E+00  1.1479E-01
  8.8668E+00 -8.6652E+00 -7.3051E-01
  9.3046E+00 -8.5051E+00 -5.5075E-01
  8.5474E+00 -9.1469E+00 -7.2756E-01
  9.5955E+00 -8.7419E+00 -7.2992E-01
  1.0955E+01 -9.2370E+00 -1.7562E+00
  1.0265E+01 -9.0729E+00 -1.2402E+00
  1.0488E+01 -8.8379E+00 -1.6054E+00
  1.0112E+01 -9.4087E+00 -2.6443E+00
  1.0241E+01 -9.8305E+00 -2.7477E+00
  1.0685E+01 -9.6568E+00 -2.0499E+00
  1.1001E+01 -1.0224E+01 -1.5836E+00
  1.0677E+01 -1.0474E+01 -1.8451E+00
  1.1381E+01 -1.0478E+01 -1.8533E+00
  1.1568E+01 -1.1035E+01 -1.8128E+00
  1.1891E+01 -1.1597E+01 -2.0550E+00
  1.2183E+01 -1.1991E+01 -1.8859E+00
  1.1844E+01 -1.2582E+01 -8.0549E-01
  1.1540E+01  1.1791E+01 -7.3006E-01
  1.1539E+01  1.1029E+01 -9.6298E-01
  1.1719E+01  1.1948E+01 -9.0839E-01
  1.1464E+01  1.2235E+01 -6.9570E-01
  1.1068E+01  1.2421E+01 -1.9751E-01
  1.1079E+01  1.2108E+01  3.7045E-01
  1.0826E+01 -1.2479E+01  4.4373E-01
  1.0972E+01  1.2541E+01  2.5017E-01
  1.1629E+01  1.2173E+01 -8.7074E-02
  1.0900E+01  1.2587E+01 -4.9252E-02
  1.1213E+01 -1.2538E+01  1.7405E-01
  1.0794E+01 -1.2247E+01  3.0441E-01
  1.0582E+01 -1.2168E+01  3.6138E-01
  1.0538E+01 -1.2271E+01  1.7706E-01
  1.0280E+01 -1.2456E+01  1.9926E-01
  1.0573E+01 -1.2459E+01  1.6137E-01
  1.0229E+01 -1.2222E+01  3.0320E-02
  9.9002E+00 -1.2270E+01  1.9605E-01
  9.4219E+00 -1.2089E+01  4.2177E-01
  9.0084E+00 -1.2046E+01  4.3369E-01
  8.8851E+00 -1.2456E+01  4.9880E-01
  8.1968E+00  1.2581E+01  8.1569E-01
  8.3884E+00  1.2545E+01  6.5650E-01
  8.0523E+00  1.2386E+01  1.0033E+00
  7.8565E+00  1.2325E+01  7.4589E-01
  7.7164E+00  1.2032E+01  8.6475E-01
  7.7806E+00  1.2038E+01  9.9176E-01
  7.6163E+00  1.1654E+01  8.6157E-01
  7.7225E+00  1.1638E+01  8.8364E-01
  7.6846E+00  1.0907E+01  1.0058E+00
  7.9283E+00  1.0636E+01  8.7558E-01
  7.7675E+00  1.0568E+01  9.9713E-01
  7.5809E+00  1.0028E+01  4.7207E-01
  7.9267E+00  9.6982E+00  2.9886E-01
  8.1661E+00  9.5273E+00  4.4525E-01
  7.8790E+00  9.4080E+00  1.7842E-01
  8.2626E+00  9.7838E+00  3.2941E-01
  8.3287E+00  9.8689E+00 -2.1450E-01
  8.5326E+00  1.0007E+01 -5.3224E-01
  8.5849E+00  1.0119E+01 -6.1389E-01
  8.8560E+00  1.0331E+01 -3.6037E-01
  9.1368E+00  1.0384E+01 -2.2790E-01
  9.2392E+00  1.0337E+01 -5.4299E-01
  9.4495E+00  1.0797E+01 -7.0570E-01
  9.2791E+00  1.1175E+01 -1.1223E+00
  9.3562E+00  1.0997E+01 -7.0596E-01
  9.3634E+00  1.1198E+01 -7.9803E-01
  9.3763E+00  1.1156E+01 -4.1136E-01
  9.5744E+00  1.1360E+01 -6.9466E-01
  9.6890E+00  1.1765E+01 -7.1260E-01
  9.6306E+00  1.1994E+01 -7.3515E-01
  9.4940E+00  1.2140E+01 -7.4560E-01
  8.8415E+00  1.2131E+01 -7.7246E-01
  9.1872E+00  1.2150E+01 -9.2927E-01
  9.3185E+00  1.2356E+01 -1.1117E+00
  9.7443E+00 -1.2454E+01 -1.2487E+00
  9.8641E+00 -1.2533E+01 -7.6581E-01
  9.1943E+00  1.2546E+01 -1.5009E+00
  9.1503E+00  1.2444E+01 -1.3087E+00
  9.2944E+00 -1.2568E+01 -1.9762E+00
  9.1904E+00  1.2499E+01 -1.7938E+00
  9.1985E+00 -1.2568E+01 -1.7019E+00
  9.4852E+00 -1.2496E+01 -1.4298E+00
  9.1349E+00 -1.2168E+01 -1.6808E+00
  9.2109E+00 -1.2030E+01 -1.5072E+00
  9.5969E+00 -1.1800E+01 -1.9728E+00
  9.4721E+00 -1.1651E+01 -2.2250E+00
  9.0445E+00 -1.2037E+01 -2.0345E+00
  9.2969E+00 -1.1925E+01 -1.6040E+00
  9.1747E+00 -1.1851E+01 -2.3441E+00
  9.5048E+00 -1.1621E+01 -1.5549E+00
  9.2270E+00 -1.1912E+01 -2.3354E+00
  9.5850E+00 -1.1121E+01 -2.0226E+00
  9.5312E+00 -1.1137E+01 -2.3358E+00
  9.2890E+00 -1.0992E+01 -2.0236E+00
  9.3962E+00 -1.0929E+01 -2.4378E+00
  9.1273E+00 -1.1075E+01 -2.0294E+00
  8.8273E+00 -1.1241E+01 -1.8320E+00
  8.8847E+00 -1.1102E+01 -1.9374E+00
  8.8497E+00 -1.1195E+01 -1.7226E+00
  8.3371E+00 -1.1596E+01 -1.0728E+00
  8.3972E+00 -1.1685E+01 -1.7425E+00
  7.7154E+00 -1.2418E+01 -1.2479E+00
  7.4459E+00 -1.2453E+01 -1.6085E+00
  7.6039E+00 -1.1826E+01 -1.8240E+00
  7.1115E+00 -1.1905E+01 -1.3923E+00
  7.3438E+00 -1.1741E+01 -2.0909E+00
  7.2342E+00 -1.2067E+01 -2.0049E+00
  6.5867E+00  1.2587E+01 -1.8171E+00
  7.1502E+00 -1.2381E+01 -2.4559E+00
  7.3511E+00 -1.2510E+01 -2.9059E+00
  7.1562E+00 -1.2245E+01 -3.3388E+00
  7.0666E+00  1.2547E+01 -3.0418E+00
  7.2034E+00  1.2367E+01 -3.1636E+00
  7.0458E+00  1.2186E+01 -3.4029E+00
  6.9059E+00  1.1871E+01 -3.5269E+00
  6.8224E+00  1.2103E+01 -3.3792E+00
  7.0959E+00  1.1985E+01 -3.4606E+00
  6.9208E+00  1.1877E+01 -3.7830E+00
  7.2244E+00  1.2091E+01 -3.9637E+00
  6.7967E+00  1.1772E+01 -4.2684E+00
  7.2249E+00  1.2141E+01 -3.6491E+00
  7.0754E+00  1.2263E+01 -3.5785E+00
  7.2863E+00  1.2306E+01 -3.8847E+00
  7.2610E+00 -1.1896E+01 -3.6928E+00
  7.1369E+00 -1.1758E+01 -3.6792E+00
  6.9823E+00 -1.2476E+01 -3.8125E+00
  6.7551E+00 -1.2459E+01 -3.3677E+00
  6.9187E+00 -1.2303E+01 -3.3250E+00
  6.7925E+00 -1.2461E+01 -3.5113E+00
  6.5816E+00 -1.2316E+01 -3.0691E+00
  6.6493E+00 -1.2313E+01 -2.8489E+00
  6.5985E+00 -1.2569E+01 -3.1617E+00
  6.6166E+00 -1.2596E+01 -2.7276E+00
  6.4274E+00  1.2479E+01 -2.2748E+00
  6.2657E+00  1.2068E+01 -2.0398E+00
  6.4439E+00  1.2108E+01 -2.3882E+00
  6.2783E+00  1.2057E+01 -2.2590E+00
  6.1928E+00  1.1454E+01 -1.9875E+00
  5.8952E+00  1.1527E+01 -2.2352E+00
  5.9274E+00  1.1257E+01 -2.5229E+00
  6.0752E+00  1.1354E+01 -2.5698E+00
  6.1929E+00  1.1210E+01 -2.8241E+00
  6.4536E+00  1.0863E+01 -3.0924E+00
  6.8363E+00  1.0389E+01 -3.3238E+00
  6.5726E+00  1.0345E+01 -3.5737E+00
  6.6702E+00  1.0408E+01 -3.2518E+00
  6.8053E+00  1.0342E+01 -3.1122E+00
  6.8543E+00  1.0250E+01 -2.6289E+00
  6.9644E+00  1.0346E+01 -2.6343E+00
  6.6261E+00  1.0681E+01 -2.4395E+00
  6.1962E+00  1.0785E+01 -2.4131E+00
  6.6052E+00  1.0647E+01 -2.2586E+00
  6.0618E+00  1.0953E+01 -2.2195E+00
  6.3920E+00  1.0632E+01 -2.7149E+00
  6.2977E+00  1.0671E+01 -2.5005E+00
  5.9924E+00  1.0379E+01 -2.6159E+00
  5.2884E+00  1.0875E+01 -2.3657E+00
  5.2626E+00  1.0699E+01 -2.3007E+00
  5.7323E+00  1.0235E+01 -1.7268E+00
  5.3562E+00  1.0013E+01 -1.9072E+00
  5.5947E+00  9.9940E+00 -1.7037E+00
  6.0169E+00  9.7697E+00 -1.7947E+00
  5.9356E+00  9.4816E+00 -1.6574E+00
  5.9179E+00  9.4104E+00 -1.2365E+00
  5.6889E+00  9.3860E+00 -1.2327E+00
  5.7133E+00  9.1891E+00 -1.4187E+00
  5.7033E+00  8.8525E+00 -1.5537E+00
  5.8991E+00  8.7877E+00 -1.4309E+00
  5.7366E+00  8.9902E+00 -1.6035E+00
  5.9465E+00  9.0768E+00 -1.8149E+00
  6.0514E+00  9.2662E+00 -2.0120E+00
  5.5796E+00  9.4249E+00 -2.0379E+00
  5.6804E+00  9.6910E+00 -1.6699E+00
  5.0636E+00  9.5521E+00 -2.0781E+00
  4.4002E+00  8.7918E+00 -1.8036E+00
  4.4577E+00  8.8321E+00 -1.8744E+00
  4.3665E+00  9.2413E+00 -2.5192E+00
  5.0403E+00  9.8903E+00 -3.1267E+00
  4.5685E+00  9.2472E+00 -2.8899E+00
  4.5653E+00  9.2307E+00 -3.5218E+00
  4.9159E+00  1.0023E+01 -4.5568E+00
  5.7841E+00  9.9905E+00 -4.9788E+00
  6.2341E+00  9.9819E+00 -4.8888E+00
  6.1456E+00  9.4871E+00 -3.9812E+00
  6.5160E+00  9.7742E+00 -4.5093E+00
  5.7988E+00  1.0135E+01 -4.6499E+00
  5.4404E+00  9.4049E+00 -4.7073E+00
  6.0629E+00  1.0002E+01 -5.6191E+00
  6.1980E+00  9.6695E+00 -6.2371E+00
  6.8703E+00  9.8474E+00 -6.3099E+00
  7.5037E+00  9.5367E+00 -6.1017E+00
  6.8159E+00  9.7256E+00 -6.4027E+00
  7.4645E+00  1.0158E+01 -5.9520E+00
  7.2625E+00  1.0525E+01 -5.3565E+00
  7.7511E+00  1.0343E+01 -5.5502E+00
  8.0585E+00  1.0141E+01 -4.6412E+00
  7.7093E+00  1.0282E+01 -4.0840E+00
  7.6778E+00  1.0691E+01 -4.1069E+00
  8.0160E+00  1.0361E+01 -3.7841E+00
  7.8731E+00  1.0244E+01 -4.0428E+00
  7.8012E+00  9.9254E+00 -3.2849E+00
  7.6416E+00  9.8117E+00 -3.4374E+00
  6.7912E+00  9.5469E+00 -3.5723E+00
  6.3110E+00  9.1123E+00 -3.1459E+00
  6.1944E+00  9.0954E+00 -3.3208E+00
  6.5586E+00  8.9648E+00 -2.9939E+00
  6.3021E+00  8.8199E+00 -2.9779E+00
  5.8851E+00  8.6085E+00 -2.8376E+00
  6.2856E+00  8.2956E+00 -2.3098E+00
  6.2322E+00  8.6602E+00 -2.1377E+00
  5.8754E+00  8.6516E+00 -2.1962E+00
  5.8804E+00  8.6353E+00 -2.1695E+00
  6.0094E+00  8.6191E+00 -1.8502E+00
  5.7603E+00  8.6580E+00 -1.8350E+00
  5.6052E+00  9.1403E+00 -2.0117E+00
  5.7842E+00  9.0356E+00 -1.7836E+00
  5.4103E+00  9.3717E+00 -1.6719E+00
  5.7765E+00  9.4378E+00 -1.3741E+00
  5.6365E+00  9.2941E+00 -1.3074E+00
  5.4365E+00  9.0770E+00 -1.4763E+00
  5.3019E+00  9.1309E+00 -1.3983E+00
  5.7147E+00  8.8801E+00 -1.4003E+00
  5.2089E+00  9.3094E+00 -1.8264E+00
  5.2288E+00  8.8900E+00 -1.7915E+00
  5.0368E+00  8.7935E+00 -1.6788E+00
  5.0076E+00  9.1561E+00 -1.1896E+00
  5.0117E+00  9.1118E+00 -1.4329E+00
  4.9756E+00  9.2359E+00 -1.6876E+00
  4.8783E+00  9.2302E+00 -1.8366E+00
  5.1538E+00  9.1786E+00 -1.9272E+00
  4.9600E+00  9.4041E+00 -1.7439E+00
  5.0408E+00  9.7226E+00 -1.3747E+00
  5.0290E+00  9.4001E+00 -1.7572E+00
  4.5976E+00  9.8822E+00 -1.3131E+00
  4.9139E+00  9.8913E+00 -1.2119E+00
  4.8095E+00  9.7289E+00 -1.5621E+00
  4.5237E+00  9.5402E+00 -1.9769E+00
  4.7353E+00  9.6438E+00 -1.6364E+00
  4.5533E+00  9.6755E+00 -1.7696E+00
  4.4931E+00  9.7075E+00 -2.3847E+00
  4.3588E+00  9.9293E+00 -2.0478E+00
  4.3104E+00  9.9897E+00 -1.9122E+00
  4.4994E+00  9.8663E+00 -2.2248E+00
  4.6140E+00  1.0331E+01 -2.2876E+00
  3.9517E+00  1.0544E+01 -2.3441E+00
  4.4487E+00  1.0328E+01 -2.5461E+00
  4.5803E+00  1.0778E+01 -2.3584E+00
  4.6007E+00  1.0941E+01 -2.4237E+00
  4.2711E+00  1.1612E+01 -2.9056E+00
  4.6325E+00  1.1909E+01 -2.6329E+00
  5.1358E+00  1.2230E+01 -2.1810E+00
  4.5958E+00  1.1813E+01 -2.9111E+00
  5.2114E+00  1.1633E+01 -2.4957E+00
  5.1135E+00  1.1766E+01 -2.4638E+00
  4.9928E+00  1.1755E+01 -2.3662E+00
  5.1541E+00  1.1804E+01 -2.1413E+00
  5.3159E+00  1.1719E+01 -1.8624E+00
  4.8909E+00  1.1547E+01 -1.9502E+00
  5.3011E+00  1.1628E+01 -1.8673E+00
  4.9359E+00  1.1481E+01 -1.1301E+00
  5.1768E+00  1.1151E+01 -1.1083E+00
  5.0770E+00  1.1114E+01 -1.3540E+00
  5.0314E+00  1.1386E+01 -1.6004E+00
  5.4580E+00  1.1078E+01 -1.5329E+00
  5.2560E+00  1.1139E+01 -1.8166E+00
  5.2070E+00  1.0767E+01 -1.7271E+00
  5.1452E+00  1.0652E+01 -1.7436E+00
  5.4274E+00  1.0550E+01 -1.8197E+00
  5.4962E+00  1.0493E+01 -1.8960E+00
  6.4029E+00  1.0729E+01 -1.8591E+00
  6.4126E+00  1.0838E+01 -2.5810E+00
  6.4677E+00  1.0302E+01 -2.3469E+00
  6.2267E+00  1.0073E+01 -2.4855E+00
  6.3387E+00  1.0353E+01 -2.8866E+00
  6.3323E+00  1.0000E+01 -2.3831E+00
  6.4210E+00  9.7816E+00 -2.5743E+00
  6.2516E+00  1.0091E+01 -3.0567E+00
  6.4602E+00  1.0456E+01 -3.0642E+00
  6.2289E+00  1.0026E+01 -3.0477E+00
  6.4254E+00  1.0314E+01 -2.9955E+00
  5.7328E+00  1.0415E+01 -3.3951E+00
  5.6068E+00  1.1405E+01 -3.1000E+00
  5.2160E+00  1.1003E+01 -3.2646E+00
  4.6989E+00  1.1362E+01 -2.9560E+00
  4.4645E+00  1.1428E+01 -2.7447E+00
  4.7002E+00  1.1669E+01 -2.5016E+00
  4.3960E+00  1.1269E+01 -2.7232E+00
  4.6196E+00  1.1810E+01 -2.4121E+00
  4.4243E+00  1.1584E+01 -2.6638E+00
  4.3015E+00  1.1757E+01 -2.6571E+00
  4.7117E+00  1.1943E+01 -2.9583E+00
  4.8454E+00  1.1926E+01 -3.2718E+00
  4.7857E+00  1.2023E+01 -3.4314E+00
  5.2000E+00  1.1379E+01 -3.7359E+00
  5.9634E+00  1.0922E+01 -3.0059E+00
  5.3258E+00  1.1282E+01 -3.7701E+00
  5.9319E+00  1.0705E+01 -3.4306E+00
  6.1549E+00  1.0903E+01 -3.2224E+00
  6.3849E+00  1.0714E+01 -2.9958E+00
  6.3118E+00  1.0409E+01 -2.9690E+00
  5.9402E+00  1.0216E+01 -2.8276E+00
  6.9515E+00  1.0042E+01 -1.9485E+00
  7.0167E+00  9.3881E+00 -1.6413E+00
  7.1616E+00  9.2951E+00 -1.4667E+00
  7.4048E+00  9.5042E+00 -1.1039E+00
  7.4437E+00  9.4238E+00 -1.0735E+00
  7.6249E+00  9.4518E+00 -8.6786E-01
  7.6391E+00  9.3247E+00 -7.4884E-01
  7.5513E+00  9.1213E+00 -8.4429E-01
  7.5054E+00  9.5557E+00 -8.4265E-01
  7.4142E+00  9.4848E+00 -1.1096E+00
  7.2476E+00  9.4076E+00 -9.9566E-01
  7.2435E+00  9.2430E+00 -9.8985E-01
  6.9667E+00  9.4378E+00 -1.6074E+00
  7.1526E+00  9.6768E+00 -1.7972E+00
  6.6818E+00  9.4716E+00 -1.7613E+00
  6.4542E+00  9.3922E+00 -1.7891E+00
  6.5269E+00  9.0381E+00 -1.5614E+00
  6.5021E+00  8.7368E+00 -1.5201E+00
  6.4207E+00  8.6411E+00 -7.9103E-01
  5.9987E+00  8.5260E+00 -6.9667E-01
  6.0256E+00  9.1541E+00 -6.1108E-01
  6.1009E+00  8.9193E+00 -7.3836E-01
  6.1084E+00  8.6473E+00 -6.6825E-01
  6.1095E+00  8.6790E+00 -4.3761E-01
  6.0764E+00  8.6720E+00  6.7878E-03
  6.1298E+00  8.4332E+00  6.1169E-01
  6.1072E+00  7.8345E+00  6.7782E-01
  6.0175E+00  7.9544E+00  1.2481E+00
  5.5196E+00  8.1594E+00  1.4951E+00
  5.4444E+00  8.0135E+00  1.2320E+00
  4.6363E+00  8.1376E+00  1.7087E+00
  4.2769E+00  8.8743E+00  1.4441E+00
  4.4022E+00  9.0210E+00  1.1023E+00
  3.6497E+00  8.7007E+00  6.6070E-01
  4.2040E+00  8.2244E+00  8.2176E-01
  4.4811E+00  8.2004E+00  8.3945E-01
  5.2557E+00  8.3135E+00  7.6453E-01
  5.4046E+00  8.4704E+00  9.9954E-01
  5.6780E+00  8.3857E+00  8.9164E-01
  5.3759E+00  8.1289E+00  1.1072E+00
  5.5630E+00  8.7011E+00  7.8685E-01
  5.5995E+00  8.4616E+00  8.6152E-01
  4.8818E+00  8.8076E+00  1.0415E+00
  4.7916E+00  9.1518E+00  8.0803E-01
  5.0298E+00  9.3689E+00  7.9836E-01
  4.7309E+00  9.1978E+00  6.3983E-01
  5.2217E+00  9.2209E+00  4.7462E-01
  4.5835E+00  8.9906E+00  4.9375E-01
  3.9431E+00  9.0631E+00 -2.9252E-01
  4.1939E+00  8.8153E+00 -1.3129E+00
  4.0107E+00  9.6498E+00 -1.2695E+00
  4.5042E+00  8.3852E+00 -1.1031E+00
  5.3142E+00  8.5679E+00 -1.3260E+00
  5.0463E+00  8.2843E+00 -4.5539E-01
  5.1534E+00  8.5743E+00 -1.3024E+00
  4.8625E+00  8.2820E+00 -9.2883E-01
  4.8752E+00  8.3060E+00 -1.1533E+00
  4.7600E+00  8.0923E+00 -8.5145E-01
  5.2746E+00  8.0574E+00 -1.4594E+00
  5.0812E+00  8.1025E+00 -1.3327E+00
  4.6797E+00  7.9845E+00 -1.3118E+00
  4.6297E+00  8.0384E+00 -1.2582E+00
  4.8243E+00  7.8538E+00 -1.7352E+00
  4.9334E+00  7.7343E+00 -1.8527E+00
  4.9480E+00  7.7555E+00 -1.5015E+00
  4.6803E+00  7.6125E+00 -1.3518E+00
  4.4997E+00  7.6237E+00 -1.4389E+00
  4.1049E+00  7.8923E+00 -1.2411E+00
  4.0909E+00  7.7046E+00 -1.5136E+00
  3.8350E+00  7.6391E+00 -1.6499E+00
  3.5005E+00  7.7237E+00 -1.6574E+00
  3.2772E+00  7.4655E+00 -1.9145E+00
  3.4313E+00  7.5970E+00 -1.8238E+00
  3.1744E+00  7.3324E+00 -1.9458E+00
  3.4192E+00  7.5509E+00 -1.9978E+00
  2.6570E+00  7.1258E+00 -2.8298E+00
