  1.1898E+01  3.9618E+00  6.8384E-01
  1.1761E+01  2.4380E+00  1.1157E+00
  1.1848E+01  3.0791E+00 -1.6143E-01
  1.1746E+01  2.7532E+00 -6.0428E-02
  1.1690E+01  2.2653E+00  1.3436E+00
  1.1360E+01  4.0149E+00  1.0641E+00
  1.0425E+01  3.8497E+00  1.0349E+00
  1.0737E+01  3.8168E+00  1.3165E+00
  1.0985E+01  3.7920E+00  1.2699E+00
  1.0460E+01  4.0917E+00  1.3577E+00
  1.0108E+01  4.6108E+00  1.3186E+00
  9.7554E+00  4.9092E+00  1.1998E+00
  9.9086E+00  4.7322E+00  1.5625E+00
  1.0277E+01  4.1868E+00  1.8584E+00
  9.7123E+00  4.8404E+00  1.6008E+00
  9.8883E+00  4.7996E+00  1.6953E+00
  1.0638E+01  3.6123E+00  2.0280E+00
  1.1148E+01  3.3948E+00  1.5650E+00
  1.0662E+01  3.8945E+00  2.3097E+00
  1.0663E+01  4.0170E+00  2.1908E+00
  1.1485E+01  3.0803E+00  1.6022E+00
  1.1870E+01  3.0281E+00  9.1577E-01
  1.1640E+01  2.8758E+00  1.9121E+00
  1.1471E+01  3.5299E+00  1.9423E+00
  1.1511E+01  2.9961E+00  1.8714E+00
  1.2080E+01  2.4782E+00  1.7675E+00
 -1.2521E+01  1.9866E+00  8.0996E-01
  1.2035E+01  1.4785E+00  5.2060E-01
 -1.2534E+01  1.4217E+00  1.9848E-01
 -1.1920E+01  1.2791E+00  5.9241E-01
 -1.2285E+01  5.6491E-01  6.5643E-01
 -1.2344E+01  9.3043E-01 -3.9726E-01
  1.2356E+01  6.8236E-01 -1.0233E-01
 -1.1634E+01  5.9990E-01  4.3118E-01
 -1.2202E+01  3.6689E-01  1.2695E+00
 -1.2460E+01 -4.2028E-02  7.9585E-01
 -1.2507E+01  1.4142E-01  6.1517E-01
 -1.2442E+01  1.4165E-01  9.4864E-01
 -1.2202E+01  4.1640E-01  9.7509E-01
 -1.2585E+01  5.3301E-01  1.5056E+00
 -1.2582E+01  4.4355E-01  1.1777E+00
  1.2306E+01  4.9617E-01  1.1103E+00
 -1.2405E+01  1.0281E+00  1.8662E+00
 -1.2395E+01  1.4582E+00  2.0093E+00
 -1.2469E+01  8.1101E-01  1.8446E+00
 -1.2464E+01  8.6013E-01  2.1331E+00
 -1.2525E+01  1.4674E+00  2.3690E+00
 -1.2526E+01  1.8393E+00  2.0469E+00
 -1.2526E+01  1.4304E+00  2.0508E+00
  1.1628E+01  8.9997E-01  2.0307E+00
  1.1694E+01  5.3855E-01  1.6353E+00
  1.1843E+01  1.0878E+00  1.9005E+00
  1.1926E+01  1.1390E+00  1.6905E+00
  1.1177E+01  5.3425E-01  1.5567E+00
  1.0501E+01  4.2734E-01  1.1923E+00
  1.0081E+01  4.8351E-01  1.1406E+00
  1.0064E+01  3.1498E-01  8.5194E-01
  9.6885E+00  4.5708E-01  8.3627E-01
  8.9952E+00  6.7203E-01  1.6126E-01
  8.9353E+00  8.6126E-01 -2.7533E-01
  8.5707E+00  9.6110E-01 -4.1896E-02
  8.8121E+00  5.9699E-01  3.7175E-01
  8.6349E+00  8.4310E-01  6.3281E-01
  7.9570E+00  1.2486E+00  3.6373E-02
  8.0600E+00  2.4648E+00 -7.7283E-02
  7.9049E+00  1.6108E+00  3.3540E-01
  8.1201E+00  1.5200E+00  2.9182E-01
  7.9580E+00  2.6454E+00 -2.7568E-01
  8.2672E+00  3.2981E+00  2.2154E-02
  7.9978E+00  2.7890E+00 -2.0894E-01
  7.9424E+00  2.5298E+00  1.6265E-01
  8.0993E+00  2.6615E+00  6.0291E-01
  8.9076E+00  3.7991E+00  4.8681E-01
  8.0851E+00  4.1207E+00  3.7230E-01
  8.0772E+00  4.1165E+00 -1.9829E-01
  7.9196E+00  3.9306E+00 -5.0386E-02
  7.9389E+00  4.1996E+00 -1.7252E-01
  8.1143E+00  4.3555E+00 -2.4181E-01
  8.1571E+00  4.4895E+00 -5.4083E-01
  8.2351E+00  4.8453E+00 -9.4346E-01
  8.1509E+00  4.9552E+00 -1.0055E+00
  7.9922E+00  5.0003E+00 -9.8048E-01
  8.4571E+00  5.2347E+00 -1.4143E+00
  8.5516E+00  5.6862E+00 -2.2205E+00
  8.8869E+00  5.7153E+00 -1.6546E+00
  8.4764E+00  5.8242E+00 -1.5897E+00
  8.3114E+00  5.8021E+00 -2.0468E+00
  9.3993E+00  6.1893E+00 -2.7680E+00
  9.8543E+00  5.6883E+00 -3.0908E+00
  9.7705E+00  6.3896E+00 -2.7777E+00
  9.2444E+00  6.4785E+00 -2.5188E+00
  9.3325E+00  6.4812E+00 -1.5811E+00
  9.2431E+00  6.6865E+00 -2.0228E+00
  9.4238E+00  6.6396E+00 -1.4808E+00
  9.6517E+00  6.6329E+00 -1.8471E+00
  1.0178E+01  6.6408E+00 -2.0141E+00
  9.8326E+00  6.4978E+00 -1.7250E+00
  1.0397E+01  6.2319E+00 -1.6596E+00
  1.0499E+01  6.2471E+00 -1.1236E+00
  9.7213E+00  6.2880E+00 -1.3400E+00
  9.9772E+00  6.3243E+00 -1.2155E+00
  9.8200E+00  6.6368E+00 -1.0618E+00
  9.5560E+00  6.6912E+00 -1.1995E+00
  9.9040E+00  6.6869E+00 -1.2216E+00
  9.7466E+00  6.8048E+00 -8.9140E-01
  9.6937E+00  6.6926E+00 -1.2127E+00
  9.9864E+00  6.1352E+00 -1.7853E+00
  1.0401E+01  6.1143E+00 -1.0796E+00
  1.0287E+01  5.6433E+00 -7.7097E-01
  9.5906E+00  5.8162E+00 -7.8800E-01
  9.9547E+00  5.7619E+00 -7.8080E-01
  1.0138E+01  5.3449E+00 -9.1822E-01
  1.0494E+01  5.1643E+00 -1.1117E+00
  1.0245E+01  4.9901E+00 -1.1314E+00
  1.0334E+01  5.3498E+00 -9.5266E-01
  1.0116E+01  4.8576E+00 -9.9927E-01
  9.9006E+00  4.6744E+00 -8.0503E-01
  9.8197E+00  4.4756E+00 -7.5816E-01
  9.7343E+00  4.3206E+00 -6.9921E-01
  9.5833E+00  3.8599E+00 -6.8112E-01
  9.5460E+00  3.8679E+00 -7.1672E-01
  9.5809E+00  3.7573E+00 -6.1188E-01
  9.4285E+00  3.6885E+00 -5.8381E-01
  9.4007E+00  3.6079E+00 -6.3670E-01
  9.4516E+00  3.5994E+00 -4.3504E-01
  9.3718E+00  4.0877E+00 -3.0426E-01
  9.6081E+00  3.8449E+00 -2.5228E-01
  9.1533E+00  4.3243E+00 -4.5053E-01
  9.5766E+00  4.2239E+00 -7.4880E-02
  9.6196E+00  5.0727E+00  1.8576E-01
  9.8421E+00  4.9873E+00  6.5472E-02
  9.6485E+00  5.2924E+00 -1.4589E-01
  1.0258E+01  4.9472E+00 -5.6514E-02
  1.0251E+01  5.0185E+00 -1.7428E-01
  1.0360E+01  5.2458E+00  2.1382E-01
  1.0435E+01  4.9262E+00 -9.6166E-02
  1.0386E+01  4.4461E+00 -8.3871E-02
  9.9799E+00  4.7971E+00 -1.5720E-01
  9.9698E+00  4.9366E+00  7.0717E-02
  9.9136E+00  5.0425E+00  2.5355E-01
  9.6742E+00  5.1443E+00 -7.2523E-02
  9.4880E+00  4.9754E+00 -5.1909E-02
  9.3047E+00  5.3712E+00 -1.0203E-01
  9.3384E+00  4.9430E+00 -1.7889E-01
  9.5429E+00  4.2316E+00 -2.8361E-01
  9.4708E+00  5.0754E+00 -1.1314E-01
  9.3386E+00  4.6886E+00  3.2567E-01
  9.9150E+00  4.7177E+00  2.1650E-02
  9.6337E+00  4.1457E+00  2.7925E-01
  9.7195E+00  4.2197E+00 -8.2690E-02
  9.4832E+00  4.1619E+00  1.0758E-01
  9.8168E+00  3.8217E+00  1.6053E-01
  9.3903E+00  3.6519E+00  1.2550E-02
  9.7367E+00  3.1334E+00 -2.4372E-02
  1.0101E+01  2.8040E+00 -3.8092E-01
  9.7563E+00  2.8645E+00 -9.4029E-01
  9.8327E+00  2.6325E+00 -1.2100E+00
  1.0048E+01  2.2754E+00 -1.3082E+00
  8.7601E+00  1.8658E+00 -1.1255E+00
  8.8206E+00  1.2660E+00 -1.0132E+00
  9.1166E+00  8.6465E-01 -9.3082E-01
  9.5352E+00  8.2635E-01 -4.5625E-01
  9.7486E+00  2.0149E+00  9.5329E-02
  1.0154E+01  2.8902E+00 -6.9136E-01
  1.0318E+01  2.0563E+00 -1.1967E+00
  9.9568E+00  1.3093E+00 -5.2992E-01
  1.0032E+01  2.3897E+00 -5.4707E-01
  9.9550E+00  2.3816E+00 -5.8799E-01
  9.2450E+00  1.3938E+00 -2.7380E-01
  8.6364E+00  1.4427E+00 -4.5171E-01
  8.9491E+00  1.9580E+00 -2.5295E-01
  8.6438E+00  2.0545E+00 -4.3251E-01
  8.1921E+00  1.9929E+00 -1.0332E+00
  8.4334E+00  1.4311E+00 -1.2003E+00
  8.3655E+00  1.7483E+00 -1.0080E+00
  8.1153E+00  2.5373E+00 -1.0516E+00
  8.4185E+00  2.0538E+00 -6.5995E-01
  8.6690E+00  1.7895E+00 -1.0657E+00
  8.2348E+00  2.4026E+00 -5.3076E-01
  8.5494E+00  3.4888E+00 -7.1899E-02
  8.8716E+00  3.6069E+00 -2.8235E-01
  9.0703E+00  3.8526E+00 -4.0013E-01
  8.8463E+00  4.7397E+00 -2.8880E-01
  8.5291E+00  4.7534E+00 -4.4554E-02
  8.3798E+00  4.5196E+00 -2.7118E-01
  7.6447E+00  4.1726E+00 -6.2807E-01
  6.8844E+00  4.3787E+00 -4.1582E-01
  6.5766E+00  4.8362E+00 -3.8042E-01
  6.1651E+00  5.6012E+00 -3.7990E-01
  6.1175E+00  6.2208E+00 -1.3584E-01
  5.8055E+00  5.7150E+00 -5.7440E-01
  6.1801E+00  5.9223E+00 -7.2897E-01
  6.5058E+00  4.6203E+00  2.8972E-01
  6.5293E+00  4.9640E+00  2.8395E-01
  6.0917E+00  4.8390E+00  1.0467E-01
  6.0067E+00  4.3569E+00 -1.2896E-01
  6.1475E+00  4.9786E+00 -8.4639E-01
  6.1481E+00  4.8078E+00 -1.0606E+00
  6.2889E+00  4.9920E+00 -1.8170E+00
  6.3201E+00  4.8107E+00 -1.4959E+00
  6.6951E+00  5.1681E+00 -1.2362E+00
  7.4015E+00  4.0813E+00 -1.3612E+00
  7.2128E+00  4.3472E+00 -1.4147E+00
  7.4150E+00  4.2172E+00 -1.3546E+00
  7.8095E+00  3.6858E+00 -1.1012E+00
  7.9898E+00  4.2727E+00 -7.1748E-01
  8.4103E+00  4.0766E+00 -8.6974E-01
  8.2093E+00  3.9198E+00 -8.8366E-01
  8.3578E+00  3.5870E+00 -9.1028E-01
  8.2386E+00  4.5167E+00 -5.6010E-01
  8.5005E+00  4.4199E+00 -3.9546E-01
  8.7621E+00  3.9048E+00 -7.8498E-01
  8.9704E+00  4.5898E+00 -6.5075E-01
  8.7401E+00  4.6063E+00 -6.7523E-01
  8.6608E+00  4.8201E+00 -5.8833E-01
  8.2950E+00  4.9312E+00 -4.3800E-01
  7.6896E+00  5.0671E+00 -3.8602E-01
  7.5562E+00  5.0314E+00 -3.3314E-01
  7.6266E+00  5.2481E+00 -4.3551E-01
  7.5018E+00  5.0630E+00 -4.6696E-01
  6.9957E+00  4.7636E+00 -6.5216E-01
  6.8512E+00  5.0896E+00 -3.3179E-01
  6.5424E+00  5.4430E+00 -2.1225E-01
  6.4208E+00  5.4697E+00 -3.6702E-01
  6.2591E+00  5.3722E+00 -6.5515E-01
  6.2228E+00  5.4864E+00 -3.1739E-01
  6.2875E+00  5.6876E+00 -7.1940E-02
  6.0962E+00  5.8916E+00 -1.2197E-01
  6.2567E+00  6.0412E+00  1.1001E-02
  6.0589E+00  6.2898E+00  1.7446E-01
  5.9932E+00  5.9772E+00  1.2515E-01
  6.1068E+00  5.9114E+00  2.4458E-01
  6.2644E+00  6.2933E+00  8.9926E-01
  6.2857E+00  6.0552E+00  8.8471E-01
  6.0467E+00  5.9324E+00  1.0708E+00
  5.9156E+00  5.8861E+00  1.2038E+00
  5.6164E+00  5.6682E+00  1.3404E+00
  5.3256E+00  5.3332E+00  1.2237E+00
  5.2500E+00  5.3448E+00  1.1738E+00
  5.0857E+00  5.2505E+00  1.1995E+00
  5.1001E+00  5.0358E+00  1.5650E+00
  5.0643E+00  5.1980E+00  1.2736E+00
  4.8921E+00  4.8901E+00  1.2291E+00
  4.9395E+00  5.0677E+00  8.0488E-01
  4.9736E+00  4.9381E+00  8.5376E-01
  4.6448E+00  4.8021E+00  5.3856E-01
  4.7967E+00  5.0270E+00  4.1064E-01
  4.8069E+00  4.9406E+00  1.4757E-01
  5.0595E+00  5.2403E+00 -1.8699E-01
  4.7361E+00  4.9177E+00 -9.5274E-02
  4.9535E+00  5.0614E+00 -2.2670E-01
  4.7604E+00  4.8582E+00 -5.9760E-01
  4.5886E+00  4.9112E+00 -5.7965E-01
  4.6484E+00  5.2017E+00 -7.7756E-02
  4.6047E+00  4.9744E+00 -1.6670E-01
  4.6427E+00  5.3397E+00 -1.2670E-01
  4.6121E+00  5.3324E+00  3.0565E-03
  4.7996E+00  5.3928E+00  1.6664E-01
  5.0327E+00  5.3176E+00 -6.2559E-03
  5.0837E+00  5.5278E+00 -3.6731E-01
  5.3384E+00  5.8158E+00  1.1762E-01
  5.3176E+00  6.1357E+00  1.9213E-01
  5.1839E+00  6.0048E+00  4.1131E-01
  5.1552E+00  5.9135E+00  4.5940E-02
  5.0145E+00  6.0516E+00 -1.4495E-02
  4.9989E+00  6.4203E+00 -3.4992E-01
  4.5611E+00  5.8896E+00 -1.1141E-01
  5.2078E+00  6.3399E+00 -7.6257E-01
  5.0847E+00  6.3429E+00 -3.7377E-01
  4.9352E+00  6.4393E+00 -2.9107E-01
  5.0471E+00  6.4823E+00 -6.5992E-01
  5.4112E+00  6.9620E+00 -9.3647E-01
  5.5005E+00  6.8790E+00 -9.3244E-01
  5.0605E+00  6.8293E+00 -3.7224E-01
  5.3562E+00  6.6999E+00 -8.1445E-01
  5.3711E+00  6.8564E+00 -9.7628E-01
  5.2027E+00  6.3672E+00 -4.3951E-01
  5.0539E+00  6.2070E+00 -8.1407E-02
  4.6181E+00  6.3598E+00  2.2139E-01
  4.5819E+00  6.3370E+00  1.2635E-01
  4.0531E+00  6.2656E+00  7.2597E-01
  3.7858E+00  6.3578E+00  7.8493E-01
  3.9862E+00  5.8844E+00  9.6655E-01
  3.8332E+00  6.4931E+00  1.0458E+00
  4.0049E+00  6.6426E+00  1.0518E+00
  4.0806E+00  6.4774E+00  1.7357E+00
  4.4210E+00  6.0800E+00  2.0172E+00
  4.3682E+00  6.0224E+00  1.9764E+00
  4.0141E+00  6.4236E+00  1.9210E+00
  4.7157E+00  6.0686E+00  2.1456E+00
  5.3174E+00  6.3334E+00  2.0962E+00
  5.6526E+00  6.0907E+00  2.4146E+00
  6.0237E+00  6.5845E+00  2.2450E+00
  6.3295E+00  6.6741E+00  2.4833E+00
  6.4416E+00  6.6781E+00  2.6848E+00
  6.7333E+00  6.5788E+00  2.8053E+00
  6.7854E+00  6.7422E+00  2.6929E+00
  6.5034E+00  6.9566E+00  3.1308E+00
  6.5705E+00  7.3082E+00  2.9982E+00
  6.6509E+00  7.3662E+00  2.7896E+00
  6.2608E+00  7.8261E+00  2.2490E+00
  6.5205E+00  8.0795E+00  2.8058E+00
  6.1916E+00  8.0784E+00  2.5921E+00
  6.3602E+00  7.4033E+00  2.2477E+00
  6.1225E+00  7.4419E+00  2.3949E+00
  6.2363E+00  9.1598E+00  2.5593E+00
  6.2333E+00  9.3394E+00  3.4291E+00
  6.6634E+00  8.8177E+00  2.3379E+00
  6.4019E+00  9.0359E+00  2.1385E+00
  6.7172E+00  9.6202E+00  2.8263E+00
  7.3089E+00  8.8934E+00  2.1672E+00
  7.1531E+00  9.3218E+00  2.5139E+00
  7.8571E+00  9.5420E+00  2.9815E+00
  7.4041E+00  9.2719E+00  2.9134E+00
  7.4940E+00  9.7995E+00  3.4145E+00
  7.0842E+00  9.7845E+00  3.7495E+00
  6.5972E+00  9.4974E+00  3.9519E+00
  6.3191E+00  9.3925E+00  4.2696E+00
  6.2293E+00  9.4883E+00  4.1076E+00
  6.0581E+00  9.4634E+00  4.1886E+00
  5.9855E+00  9.5316E+00  4.0631E+00
  5.6174E+00  9.4322E+00  4.0937E+00
  5.2088E+00  9.4717E+00  4.0606E+00
  5.3548E+00  9.7935E+00  3.7561E+00
  4.7474E+00  9.6825E+00  4.2940E+00
  5.1973E+00  9.7060E+00  3.7205E+00
  4.4948E+00  9.8514E+00  4.1804E+00
  4.3096E+00  1.0270E+01  3.3418E+00
  4.3281E+00  1.0603E+01  3.0128E+00
  4.2662E+00  1.0774E+01  2.9298E+00
  4.1717E+00  1.0495E+01  3.7651E+00
  3.3330E+00  9.9823E+00  2.7271E+00
  4.5063E+00  1.0707E+01  2.3182E+00
  4.3898E+00  1.0166E+01  3.7088E+00
  3.6943E+00  1.0396E+01  2.4173E+00
  3.6777E+00  1.0640E+01  2.6234E+00
  3.6238E+00  1.0622E+01  2.6390E+00
  3.5768E+00  1.0511E+01  2.5522E+00
  3.7481E+00  1.0556E+01  2.5498E+00
  4.0616E+00  1.0407E+01  2.3177E+00
  4.0707E+00  1.0231E+01  2.5366E+00
  4.8127E+00  9.8463E+00  2.1331E+00
  5.7243E+00  9.5263E+00  2.2012E+00
  5.8229E+00  1.0408E+01  1.9577E+00
  5.8212E+00  1.0344E+01  1.6131E+00
  5.7614E+00  1.0452E+01  1.9262E+00
  5.6137E+00  1.0293E+01  2.0087E+00
  4.9343E+00  1.0900E+01  2.4998E+00
  4.4921E+00  1.0768E+01  2.3630E+00
  4.5488E+00  1.0812E+01  2.8802E+00
  4.0932E+00  1.0561E+01  2.2482E+00
  4.1686E+00  1.0923E+01  2.3859E+00
  4.5381E+00  1.1121E+01  2.5639E+00
  4.5376E+00  1.1238E+01  2.5837E+00
  4.5066E+00  1.1131E+01  2.3014E+00
  4.6591E+00  1.1138E+01  2.3647E+00
  5.1709E+00  1.1512E+01  2.7332E+00
  5.1582E+00  1.1432E+01  2.2276E+00
  4.7782E+00  1.1361E+01  2.5188E+00
  4.7775E+00  1.0930E+01  2.3427E+00
  4.5845E+00  1.1440E+01  2.8953E+00
  4.8281E+00  1.1504E+01  2.8400E+00
  4.7867E+00  1.1270E+01  2.6910E+00
  4.6368E+00  1.1109E+01  2.9442E+00
  4.3809E+00  1.1047E+01  2.7312E+00
  5.0453E+00  1.0735E+01  2.4505E+00
  4.5497E+00  1.0942E+01  2.4356E+00
  4.8014E+00  1.0664E+01  2.2238E+00
  4.9070E+00  1.0400E+01  2.2099E+00
  4.8717E+00  1.0309E+01  2.2681E+00
  4.8250E+00  1.0262E+01  2.5028E+00
  5.3563E+00  9.6814E+00  2.3592E+00
  5.0520E+00  9.4108E+00  2.1891E+00
  5.3226E+00  9.0286E+00  3.0635E+00
  4.4974E+00  8.5456E+00  2.3663E+00
  5.0777E+00  8.5291E+00  3.0577E+00
  4.9561E+00  8.5125E+00  2.7702E+00
  4.5635E+00  8.2351E+00  1.7677E+00
  4.9226E+00  8.5619E+00  1.6281E+00
  5.2671E+00  8.4611E+00  1.8981E+00
  5.3656E+00  7.4720E+00  1.5409E+00
  5.7191E+00  7.1564E+00  1.7825E+00
  6.2592E+00  7.0064E+00  2.0459E+00
  6.1973E+00  7.5281E+00  1.9961E+00
  6.4009E+00  7.9505E+00  1.2501E+00
  6.9914E+00  7.5074E+00  1.1190E+00
  7.5244E+00  7.9708E+00  1.0419E+00
  7.3560E+00  8.0027E+00  7.8714E-01
  7.2375E+00  8.0018E+00  2.9307E-01
  7.1067E+00  7.8991E+00  3.5126E-02
  6.8951E+00  8.0664E+00 -1.3245E-02
  6.6210E+00  8.2061E+00 -2.2062E-01
  6.5673E+00  7.7442E+00 -2.4630E-01
  6.6535E+00  7.8627E+00 -2.7786E-01
  6.6002E+00  7.8581E+00 -4.7603E-01
  6.8403E+00  8.1381E+00 -2.3607E-01
  6.1568E+00  8.4291E+00 -5.8128E-01
  6.5297E+00  8.2039E+00 -1.0070E+00
  6.4725E+00  8.4020E+00 -1.0192E+00
  6.4674E+00  8.4797E+00 -1.0473E+00
