  2.8160E+00  6.7127E+00  7.0759E-02
  2.4756E+00  6.6816E+00  8.0730E-02
  1.1398E+00  5.6565E+00  3.7222E-01
  7.7378E-01  6.0215E+00 -4.1015E-01
  1.3244E+00  5.8543E+00 -1.0279E+00
  1.3212E+00  5.3806E+00 -1.1413E+00
  6.6450E-01  5.9336E+00 -8.5825E-01
  4.6501E-01  5.3446E+00 -2.9628E-01
  4.7654E-01  5.6925E+00 -4.1441E-01
  9.9540E-01  5.9953E+00 -1.2330E+00
  1.3223E+00  6.0473E+00 -1.4504E+00
  1.0423E+00  6.2889E+00 -1.2545E+00
  1.0489E+00  6.4488E+00 -1.1484E+00
  1.6713E+00  6.7466E+00 -1.5903E+00
  2.4714E+00  7.0929E+00 -1.5443E+00
  2.3420E+00  7.2595E+00 -1.6431E+00
  1.9982E+00  6.7374E+00 -1.7458E+00
  2.3458E+00  7.1278E+00 -1.6723E+00
  3.2411E+00  7.2416E+00 -1.2878E+00
  3.3959E+00  7.2706E+00 -1.1814E+00
  2.7061E+00  7.3193E+00 -1.6198E+00
  2.7816E+00  6.8136E+00 -1.6002E+00
  3.2075E+00  7.1939E+00 -1.1806E+00
  2.8847E+00  6.9318E+00  3.4460E-01
  1.9434E+00  7.0514E+00 -3.8151E-01
  2.4643E+00  7.3936E+00 -5.4501E-01
  1.7228E+00  6.2267E+00  5.6369E-01
  1.5629E+00  6.4901E+00 -7.0274E-01
  1.6593E+00  7.1335E+00  2.6437E-01
  1.4196E+00  6.3495E+00 -3.9380E-01
  9.8270E-01  6.9007E+00 -1.4669E-01
  7.3159E-01  7.0470E+00 -2.5945E-01
  1.3426E+00  7.0903E+00 -3.7688E-01
  1.3512E+00  6.9061E+00 -6.1065E-01
  1.2784E+00  6.9550E+00 -4.0492E-01
  1.0590E+00  7.0031E+00 -9.1122E-01
  8.9276E-01  6.8435E+00 -8.8543E-01
  9.5340E-01  7.3085E+00 -9.3863E-01
  5.4591E-01  6.6936E+00 -9.7549E-01
  1.1192E+00  7.3868E+00 -8.2238E-01
  7.2127E-01  6.9812E+00 -8.9874E-01
  4.8888E-01  7.4097E+00 -1.3236E+00
  4.7481E-01  7.2427E+00 -3.9039E-01
  3.5091E-01  7.4961E+00  8.3196E-03
  6.9160E-01  7.5603E+00 -7.4046E-01
  9.6699E-01  7.5913E+00 -3.8993E-01
  9.4311E-01  7.6644E+00  2.8394E-01
  1.3558E+00  7.6945E+00  2.6391E-01
  1.7327E+00  7.7621E+00  1.4197E-02
  1.5316E+00  7.7233E+00  2.2168E-01
  1.3091E+00  7.7684E+00 -9.4910E-02
  1.8638E+00  7.9197E+00  4.7230E-01
  1.5230E+00  7.9400E+00  9.1422E-01
  1.6810E+00  7.9594E+00  1.8130E-01
  2.1531E+00  8.1486E+00  2.6335E-01
  2.1149E+00  7.6185E+00  7.8734E-01
  2.7289E+00  8.2214E+00  2.6799E-01
  3.1150E+00  8.3909E+00  7.0421E-01
  2.0111E+00  8.2915E+00  1.4732E+00
  2.2600E+00  8.7277E+00  2.7630E+00
  3.2156E+00  8.8231E+00  3.3293E+00
  4.0279E+00  9.0559E+00  3.2505E+00
  4.4470E+00  9.1726E+00  2.9381E+00
  4.5541E+00  9.2233E+00  3.6960E+00
  4.5566E+00  9.1093E+00  4.1332E+00
  4.6282E+00  8.7038E+00  3.5473E+00
  4.8201E+00  8.1777E+00  3.6120E+00
  5.1745E+00  7.3681E+00  3.8362E+00
  5.8891E+00  6.8216E+00  3.3876E+00
  5.9943E+00  6.9349E+00  3.6532E+00
  6.1221E+00  7.2640E+00  3.9420E+00
  6.3289E+00  6.9147E+00  3.4057E+00
  6.1399E+00  6.7326E+00  3.4179E+00
  6.2459E+00  6.9750E+00  3.4395E+00
  6.4365E+00  6.9375E+00  3.6487E+00
  6.2094E+00  7.0038E+00  3.9346E+00
  6.1820E+00  6.7221E+00  3.6701E+00
  6.4786E+00  6.6250E+00  4.3572E+00
  6.7983E+00  7.3038E+00  4.2559E+00
  6.6352E+00  6.8358E+00  4.5156E+00
  5.9717E+00  6.3280E+00  4.3443E+00
  5.8063E+00  5.9402E+00  4.0547E+00
  5.8605E+00  5.4327E+00  4.4410E+00
  5.7261E+00  5.5986E+00  4.5236E+00
  5.8333E+00  5.7140E+00  4.9843E+00
  5.9389E+00  5.8619E+00  4.7551E+00
  5.9033E+00  5.2899E+00  4.8006E+00
  5.8089E+00  5.6887E+00  4.3203E+00
  6.0402E+00  5.6366E+00  4.3241E+00
  6.2164E+00  5.4346E+00  4.2597E+00
  6.1863E+00  5.8345E+00  3.9463E+00
  6.1104E+00  5.9318E+00  3.8253E+00
  6.0898E+00  5.7625E+00  3.6680E+00
  6.2646E+00  5.5664E+00  3.3514E+00
  6.0176E+00  6.0646E+00  3.2925E+00
  6.0450E+00  5.6332E+00  3.1373E+00
  6.2072E+00  5.3085E+00  3.0375E+00
  6.5536E+00  5.3633E+00  3.3232E+00
  6.8084E+00  5.5532E+00  3.3012E+00
  6.3625E+00  5.2641E+00  3.0509E+00
  6.9600E+00  5.1351E+00  3.0070E+00
  7.1158E+00  5.0077E+00  2.7630E+00
  7.1633E+00  4.9942E+00  2.8646E+00
  7.2965E+00  4.9876E+00  2.7756E+00
  7.5940E+00  4.9937E+00  2.5606E+00
  7.4810E+00  5.0136E+00  2.5701E+00
  7.3624E+00  5.2676E+00  2.7724E+00
  7.6290E+00  5.1313E+00  2.7837E+00
  7.4217E+00  5.1809E+00  2.6666E+00
  7.2409E+00  5.1691E+00  2.5797E+00
  7.1284E+00  5.2275E+00  2.3761E+00
  7.0768E+00  5.1488E+00  2.4704E+00
  7.1194E+00  5.0882E+00  2.4008E+00
  7.3871E+00  5.1903E+00  2.5125E+00
  7.1077E+00  5.1702E+00  2.8285E+00
  6.9539E+00  5.6824E+00  2.6199E+00
  6.7748E+00  5.4471E+00  2.6405E+00
  6.7782E+00  5.6508E+00  2.4764E+00
  6.3732E+00  5.3873E+00  2.4438E+00
  6.2113E+00  4.6750E+00  2.0989E+00
  6.3996E+00  5.3394E+00  2.1658E+00
  6.2725E+00  5.2760E+00  2.2088E+00
  6.0724E+00  5.1363E+00  2.2216E+00
  6.1662E+00  5.4965E+00  1.9264E+00
  5.9483E+00  5.4903E+00  1.5565E+00
  6.1020E+00  5.3278E+00  1.7786E+00
  5.8494E+00  5.2506E+00  1.6878E+00
  5.7420E+00  5.3798E+00  1.3833E+00
  5.4994E+00  5.0037E+00  1.3720E+00
  5.2773E+00  5.1734E+00  1.2671E+00
  5.2508E+00  4.9759E+00  9.9468E-01
  5.2795E+00  4.7703E+00  1.0190E+00
  5.2896E+00  4.8149E+00  9.1393E-01
  5.0082E+00  5.1599E+00  4.7074E-01
  5.0312E+00  5.0581E+00  4.6772E-01
  5.1692E+00  5.0904E+00  5.4678E-01
  5.2032E+00  5.5773E+00  5.2327E-01
  5.1379E+00  5.8622E+00  5.4916E-01
  5.3701E+00  6.0546E+00  7.5781E-01
  5.3682E+00  6.0912E+00  7.3289E-01
  5.7126E+00  6.6273E+00  4.2293E-01
  6.0938E+00  6.9501E+00 -3.3772E-01
  5.9713E+00  6.8530E+00  6.9846E-02
  5.5039E+00  6.1163E+00  5.5017E-01
  5.6417E+00  5.2312E+00  4.7667E-01
  5.5800E+00  5.6905E+00  5.0508E-01
  5.8358E+00  5.0067E+00  8.0542E-01
  6.0162E+00  4.3569E+00  2.2088E-01
  5.8388E+00  4.3660E+00  6.5026E-01
  5.9829E+00  4.0914E+00  4.6133E-01
  5.8200E+00  4.2261E+00  1.5453E-01
  5.9156E+00  4.1219E+00 -1.9732E-01
  6.2544E+00  4.0369E+00 -3.6601E-01
  5.9951E+00  4.4166E+00  3.5512E-01
  5.4872E+00  4.8080E+00 -4.0762E-01
  5.8921E+00  4.2642E+00 -8.5036E-01
  6.0044E+00  4.3346E+00 -8.1239E-01
  5.6477E+00  4.5424E+00 -9.7798E-01
  5.5551E+00  4.7298E+00 -1.1301E+00
  5.3080E+00  5.2432E+00 -1.0012E+00
  5.4804E+00  5.6683E+00 -4.9019E-01
  5.4091E+00  5.4327E+00 -7.8833E-01
  6.0350E+00  5.1671E+00 -8.0337E-01
  6.1615E+00  5.3779E+00 -9.6860E-01
  5.9907E+00  5.2907E+00 -1.4292E+00
  5.6790E+00  4.7905E+00 -1.8469E+00
  5.4625E+00  4.4169E+00 -1.5327E+00
  5.0633E+00  4.4752E+00 -1.8134E+00
  5.3077E+00  4.1501E+00 -1.9279E+00
  5.6464E+00  4.1191E+00 -1.9397E+00
  5.9983E+00  3.9351E+00 -2.0886E+00
  5.9739E+00  3.7241E+00 -3.4047E+00
  6.8263E+00  4.6883E+00 -3.9651E+00
  6.6039E+00  5.0671E+00 -4.0548E+00
  6.8341E+00  4.6281E+00 -4.4661E+00
  6.6906E+00  4.2431E+00 -4.3011E+00
  7.1594E+00  5.0138E+00 -5.0127E+00
  6.6197E+00  5.4903E+00 -5.3541E+00
  6.9906E+00  5.6202E+00 -5.4315E+00
  7.0954E+00  5.2138E+00 -5.5031E+00
  7.3851E+00  4.8649E+00 -5.8076E+00
  7.5682E+00  4.8670E+00 -6.0084E+00
  7.5801E+00  4.4595E+00 -5.9021E+00
  7.7581E+00  4.0900E+00 -5.5719E+00
  7.5847E+00  4.5945E+00 -6.1872E+00
  7.6492E+00  5.2691E+00 -6.0244E+00
  7.7852E+00  4.3256E+00 -6.1557E+00
  7.3046E+00  3.7526E+00 -5.9455E+00
  7.3573E+00  4.1892E+00 -6.2441E+00
  7.3428E+00  4.4864E+00 -5.9814E+00
  7.2262E+00  3.7907E+00 -5.8942E+00
  6.6653E+00  2.9420E+00 -5.1330E+00
  6.6062E+00  2.7863E+00 -4.9279E+00
  7.0535E+00  3.2205E+00 -5.2174E+00
  7.3089E+00  3.0385E+00 -4.7475E+00
  6.1653E+00  2.5048E+00 -4.5820E+00
  6.2755E+00  2.0937E+00 -4.3525E+00
  6.2890E+00  2.0748E+00 -4.2507E+00
  6.3030E+00  2.0143E+00 -4.0788E+00
  6.1110E+00  1.6277E+00 -4.0242E+00
  5.4711E+00  1.5879E+00 -4.1881E+00
  5.0127E+00  1.5027E+00 -3.8195E+00
  4.7327E+00  1.7337E+00 -3.5452E+00
  4.7884E+00  1.9016E+00 -3.5561E+00
  4.8949E+00  1.9279E+00 -3.1157E+00
  4.8897E+00  2.0777E+00 -3.0141E+00
  4.7498E+00  2.6239E+00 -3.1333E+00
  5.0719E+00  2.9943E+00 -3.0881E+00
  5.3686E+00  3.1140E+00 -2.4161E+00
  5.1916E+00  3.8875E+00 -2.2339E+00
  5.3747E+00  3.6301E+00 -2.8406E+00
  5.9084E+00  3.1364E+00 -2.4526E+00
  5.4198E+00  3.4199E+00 -2.6019E+00
  5.5848E+00  3.7067E+00 -2.5315E+00
  5.9402E+00  2.6363E+00 -2.3549E+00
  7.0106E+00  1.9202E+00 -2.8513E+00
  7.8576E+00  2.0529E+00 -2.7026E+00
  7.8542E+00  2.0178E+00 -3.1660E+00
  7.4472E+00  1.9386E+00 -2.8861E+00
  7.4813E+00  2.1939E+00 -2.9126E+00
  8.3747E+00  2.4014E+00 -3.5419E+00
  8.8401E+00  3.4549E+00 -3.5534E+00
  8.4402E+00  4.1829E+00 -3.4210E+00
  8.6778E+00  4.1489E+00 -3.1256E+00
  8.2946E+00  3.3547E+00 -3.1915E+00
  7.4482E+00  3.0910E+00 -2.8487E+00
  7.7174E+00  3.0479E+00 -3.1755E+00
  8.0503E+00  3.4889E+00 -2.9586E+00
  7.7192E+00  3.8534E+00 -2.3172E+00
  7.1265E+00  3.9450E+00 -2.2353E+00
  6.5356E+00  4.2391E+00 -2.5195E+00
  6.5203E+00  4.4471E+00 -2.3586E+00
  6.5180E+00  4.5737E+00 -2.5460E+00
  6.2064E+00  4.7194E+00 -2.6333E+00
  5.6741E+00  4.7645E+00 -3.0020E+00
  5.2259E+00  5.3032E+00 -3.8536E+00
  5.3208E+00  5.6789E+00 -4.0785E+00
  5.0478E+00  5.6199E+00 -3.5137E+00
  5.7176E+00  5.6211E+00 -2.8266E+00
  4.9685E+00  6.2095E+00 -3.3539E+00
  5.3434E+00  6.1863E+00 -3.3987E+00
  5.2164E+00  6.7937E+00 -3.2474E+00
  5.6642E+00  6.5310E+00 -4.0839E+00
  5.5064E+00  6.9611E+00 -4.1609E+00
  5.9337E+00  7.2751E+00 -4.6575E+00
  7.0956E+00  7.9977E+00 -4.9521E+00
  7.9317E+00  8.4164E+00 -3.9341E+00
  8.4274E+00  8.4982E+00 -4.2372E+00
  8.5944E+00  8.5492E+00 -3.9387E+00
  8.6479E+00  8.6740E+00 -4.0322E+00
  8.8575E+00  8.2711E+00 -3.9513E+00
  8.6911E+00  8.2653E+00 -3.7450E+00
  8.4461E+00  8.1837E+00 -3.6661E+00
  8.2740E+00  7.9057E+00 -4.2111E+00
  8.0893E+00  8.0429E+00 -4.7817E+00
  7.3779E+00  7.5258E+00 -5.0487E+00
  7.3335E+00  8.3160E+00 -5.3981E+00
  6.9371E+00  8.6770E+00 -5.4979E+00
  5.7753E+00  8.8174E+00 -5.0626E+00
  6.3336E+00  9.4543E+00 -3.7259E+00
  5.5734E+00  9.3955E+00 -3.9990E+00
  5.9273E+00  9.4199E+00 -3.6052E+00
  6.2196E+00  9.6281E+00 -3.8004E+00
  5.7252E+00  9.4947E+00 -4.3697E+00
  5.7287E+00  9.5275E+00 -4.0669E+00
  5.8657E+00  9.9822E+00 -3.7462E+00
  5.8473E+00  1.0030E+01 -4.2184E+00
  6.0343E+00  1.0052E+01 -3.9720E+00
  5.6117E+00  9.4296E+00 -4.3239E+00
  5.4537E+00  9.1001E+00 -3.7711E+00
  5.8476E+00  1.0055E+01 -3.5915E+00
  5.9293E+00  1.0215E+01 -3.4491E+00
  5.6564E+00  1.0190E+01 -3.6341E+00
  5.8659E+00  1.0489E+01 -3.8758E+00
  6.3363E+00  1.0782E+01 -3.5187E+00
  6.5906E+00  1.0479E+01 -4.5244E+00
  7.2233E+00  1.0312E+01 -4.4200E+00
  6.3839E+00  9.4173E+00 -4.1708E+00
  7.0502E+00  8.4453E+00 -4.8189E+00
  7.7692E+00  7.9639E+00 -4.9556E+00
  8.6470E+00  8.2403E+00 -4.5824E+00
  9.1875E+00  7.9270E+00 -5.7067E+00
  9.4234E+00  8.0164E+00 -6.1724E+00
  1.0245E+01  8.2538E+00 -5.5597E+00
  1.0724E+01  9.1281E+00 -5.6704E+00
  1.0901E+01  9.1551E+00 -6.1149E+00
  1.1240E+01  9.1939E+00 -6.1767E+00
  1.1212E+01  9.0760E+00 -6.1881E+00
  1.1175E+01  8.8032E+00 -5.8115E+00
  1.1472E+01  8.6625E+00 -5.1952E+00
  1.1554E+01  8.6336E+00 -4.7837E+00
  1.1637E+01  8.9409E+00 -4.0032E+00
  1.1957E+01  9.7255E+00 -3.4895E+00
  1.2303E+01  9.7687E+00 -3.3235E+00
 -1.2424E+01  1.0239E+01 -3.4179E+00
 -1.2296E+01  1.0494E+01 -3.5669E+00
 -1.2494E+01  9.4059E+00 -3.4263E+00
  1.2280E+01  9.3281E+00 -3.5654E+00
  1.2028E+01  9.4176E+00 -3.2214E+00
  1.2473E+01  9.7242E+00 -2.7055E+00
  1.2544E+01  1.0086E+01 -1.7524E+00
 -1.2538E+01  1.0337E+01 -1.4576E+00
 -1.2468E+01  1.0081E+01 -1.8561E+00
  1.1947E+01  1.0438E+01 -2.2145E+00
  1.0937E+01  9.9976E+00 -1.3518E+00
  1.0492E+01  1.0294E+01 -1.2398E+00
  1.0035E+01  1.0224E+01 -5.6109E-01
  9.7022E+00  1.0309E+01 -4.0959E-01
  1.0534E+01  1.0079E+01  6.4609E-01
  9.7853E+00  1.0014E+01  1.1596E+00
  9.7577E+00  1.0288E+01  4.1261E-01
  9.5854E+00  1.0032E+01  4.4055E-01
  9.5146E+00  1.0119E+01 -2.2455E-01
  9.4129E+00  1.0105E+01 -4.1860E-01
  9.2860E+00  1.0357E+01 -4.2007E-01
  9.1315E+00  1.0602E+01 -3.2599E-01
  9.1953E+00  1.0473E+01 -8.4249E-02
  8.8011E+00  1.0700E+01  1.3915E-01
  9.2947E+00  1.0572E+01  1.6232E-01
  8.7770E+00  1.0850E+01  3.4118E-01
  9.2585E+00  1.0943E+01  8.3142E-03
  8.9719E+00  1.0896E+01  5.0126E-01
  8.4716E+00  1.1557E+01  4.3538E-01
  8.5281E+00  1.2270E+01  3.0217E-01
  8.9512E+00 -1.2435E+01  7.5389E-02
  9.0271E+00 -1.1749E+01  7.4192E-01
  8.8701E+00 -1.1587E+01  4.3167E-01
  8.8620E+00 -1.2100E+01 -3.7611E-01
  8.4523E+00 -1.2081E+01 -5.2575E-01
  8.3335E+00 -1.2052E+01 -5.5460E-01
  8.3521E+00 -1.1793E+01  2.3583E-01
  9.0710E+00 -1.1906E+01  7.6285E-01
  9.1438E+00 -1.1428E+01  1.1732E+00
  9.0715E+00 -1.2177E+01  1.0829E+00
  8.8122E+00 -1.2323E+01  1.1540E+00
  8.7706E+00  1.2167E+01  1.1571E+00
  9.1648E+00  1.2113E+01  1.2857E+00
  9.0660E+00  1.1673E+01  1.1314E+00
  9.0180E+00  1.2228E+01  8.2120E-01
  8.7257E+00  1.1388E+01  1.2003E+00
  9.1602E+00  1.0784E+01  1.0910E+00
  8.5672E+00  1.1269E+01  1.2321E+00
  8.5980E+00  1.1933E+01  1.0471E+00
  8.7205E+00  1.1836E+01  1.2327E+00
  8.8659E+00  1.2249E+01  1.2188E+00
  8.5321E+00  1.2061E+01  1.1203E+00
  8.8577E+00 -1.2403E+01  7.2053E-01
  8.6409E+00  1.2288E+01  1.1813E+00
  8.5659E+00 -1.2335E+01  1.1804E+00
  8.8959E+00  1.2385E+01  1.3270E+00
  8.8075E+00  1.2176E+01  1.2094E+00
  8.0692E+00  1.1765E+01  1.3163E+00
  7.7993E+00  1.0815E+01  1.3852E+00
  8.1697E+00  1.0835E+01  1.5988E+00
  8.3266E+00  1.0846E+01  1.5591E+00
  7.9033E+00  1.0780E+01  1.3769E+00
  7.6916E+00  1.0878E+01  1.9423E+00
  7.4527E+00  1.0791E+01  1.2544E+00
  7.7537E+00  1.1086E+01  1.9315E+00
  6.9628E+00  1.1096E+01  2.1564E+00
  7.3324E+00  1.0869E+01  1.8278E+00
  7.3886E+00  1.0778E+01  2.1880E+00
  7.5427E+00  1.0691E+01  2.0949E+00
  7.6783E+00  1.0659E+01  2.2403E+00
  7.8994E+00  1.0780E+01  2.4756E+00
  7.9741E+00  1.0801E+01  2.7148E+00
  7.9424E+00  1.0551E+01  2.5648E+00
  7.6678E+00  1.0578E+01  2.9447E+00
  7.4888E+00  1.0517E+01  3.1216E+00
  7.6918E+00  1.0332E+01  3.2226E+00
  7.8047E+00  1.0541E+01  3.4395E+00
  7.9226E+00  1.0794E+01  3.7390E+00
  8.1414E+00  1.0799E+01  3.5386E+00
  8.1858E+00  1.0590E+01  3.4978E+00
  8.0411E+00  1.0135E+01  2.9174E+00
  8.0314E+00  1.0011E+01  2.7909E+00
  7.8270E+00  9.8429E+00  2.5767E+00
  7.9486E+00  9.7802E+00  2.1806E+00
  7.6639E+00  9.7091E+00  1.7426E+00
  7.4998E+00  9.8153E+00  1.6726E+00
  7.5676E+00  1.0040E+01  1.9866E+00
  7.3215E+00  9.7941E+00  1.7457E+00
  6.9554E+00  9.8302E+00  1.6079E+00
  6.9991E+00  9.8702E+00  1.6895E+00
  6.7936E+00  1.0136E+01  1.9494E+00
  6.3537E+00  9.9870E+00  1.7907E+00
  6.1303E+00  1.0037E+01  1.8800E+00
  6.2518E+00  1.0097E+01  1.8110E+00
  6.2195E+00  1.0098E+01  1.7449E+00
  5.9274E+00  1.0299E+01  1.5396E+00
  5.4910E+00  1.0602E+01  1.8385E+00
  5.8905E+00  1.0297E+01  1.3307E+00
  5.5880E+00  1.0326E+01  1.4506E+00
  6.0486E+00  9.7310E+00  8.8311E-01
  6.1400E+00  9.8467E+00  6.5287E-01
  5.3894E+00  1.0633E+01  9.7399E-01
  5.1412E+00  1.0487E+01  3.4925E-01
  5.5474E+00  1.0221E+01  5.8364E-01
  5.4440E+00  9.9934E+00  5.6902E-01
  5.9447E+00  9.8539E+00  2.9144E-01
