  1.1903E+01  6.7465E+00 -1.0676E-01
  1.2120E+01  6.1129E+00  5.9895E-01
  1.2504E+01  5.2657E+00 -3.6351E-01
  1.2567E+01  5.7099E+00  1.7484E-01
 -1.2453E+01  5.2432E+00 -2.2453E-01
 -1.2387E+01  5.2572E+00  2.3769E-01
 -1.2264E+01  5.0937E+00  3.0961E-01
  1.2300E+01  5.1980E+00  3.4390E-01
  1.2362E+01  5.3485E+00 -1.0441E-02
  1.2280E+01  5.3193E+00  3.0827E-01
  1.1994E+01  5.4566E+00  4.5560E-01
  1.1754E+01  5.7242E+00  3.4034E-01
  1.1763E+01  5.4493E+00  4.0965E-01
  1.1697E+01  5.6883E+00  4.2384E-01
  1.1608E+01  5.7135E+00  5.4348E-01
  1.1411E+01  5.5270E+00  4.6529E-01
  1.1211E+01  5.6923E+00  4.3211E-01
  1.1327E+01  5.6008E+00  6.1141E-01
  1.1424E+01  5.5557E+00  4.6905E-01
  1.1255E+01  5.5566E+00  5.4714E-01
  1.1329E+01  5.6134E+00  8.0440E-01
  1.1779E+01  5.4044E+00  6.5955E-01
  1.2126E+01  5.3205E+00  8.3947E-01
  1.2156E+01  4.8480E+00  2.5465E-01
  1.2107E+01  4.8225E+00  4.0737E-01
 -1.2436E+01  4.7262E+00  3.9059E-01
 -1.1975E+01  4.6076E+00  3.6841E-01
 -1.1576E+01  4.4224E+00  5.7667E-01
 -1.2143E+01  4.0003E+00  1.4456E-01
 -1.2290E+01  3.6526E+00  3.0380E-01
 -1.2593E+01  3.6484E+00  2.0078E-01
  1.2472E+01  3.4616E+00  5.8401E-01
  1.2548E+01  3.1604E+00  2.1493E-01
  1.2305E+01  2.9141E+00  5.0372E-01
 -1.2530E+01  3.2534E+00  1.3997E-01
 -1.2476E+01  3.0391E+00  5.6603E-01
  1.1850E+01  2.9200E+00  3.4625E-01
  1.2543E+01  2.9533E+00  2.8347E-01
  1.2261E+01  2.7832E+00 -1.2025E-01
 -1.2461E+01  2.6183E+00 -5.9437E-01
  1.2498E+01  2.6802E+00 -1.1822E-01
 -1.2500E+01  2.7966E+00  3.0887E-04
  1.2319E+01  2.8686E+00 -1.0760E-01
  1.1963E+01  2.4937E+00 -2.1292E-01
  1.1306E+01  2.4834E+00 -9.5920E-01
  1.1738E+01  2.3501E+00 -1.8934E+00
 -1.2556E+01  2.3679E+00 -1.3949E+00
  1.2538E+01  2.1316E+00 -1.5503E+00
  1.1609E+01  1.8162E+00 -1.8158E+00
  1.1471E+01  1.4406E+00 -1.5685E+00
  1.1926E+01  1.2034E+00 -2.0491E+00
 -1.2292E+01  1.7961E+00 -1.7062E+00
 -1.2328E+01  1.7375E+00 -1.6776E+00
  1.1952E+01  1.2704E+00 -2.2643E+00
  1.1538E+01  1.4260E+00 -2.1425E+00
 -1.2521E+01  1.2470E+00 -1.7302E+00
 -1.2549E+01  2.0926E+00 -8.0217E-01
 -1.2562E+01  1.7339E+00 -1.0712E+00
  1.1897E+01  1.6575E+00 -1.7212E+00
  1.2144E+01  1.8319E+00 -1.6737E+00
  1.2166E+01  2.0079E+00 -3.1017E-01
  1.1546E+01  2.6792E+00  6.8548E-02
  1.2100E+01  2.0099E+00 -3.1244E-01
  1.1543E+01  1.8023E+00 -1.2050E+00
  1.1500E+01  1.9322E+00 -1.4341E+00
  1.1741E+01  2.1422E+00 -6.9838E-01
  1.1156E+01  1.7553E+00 -9.7691E-01
  1.1035E+01  2.2149E+00 -2.4224E+00
  1.0277E+01  2.4221E+00 -2.4640E+00
  1.0515E+01  1.8038E+00 -2.3000E+00
  1.0897E+01  1.8318E+00 -2.0367E+00
  1.0477E+01  1.9649E+00 -2.2699E+00
  1.0156E+01  2.8618E+00 -2.6308E+00
  1.0365E+01  3.0449E+00 -2.5606E+00
  1.0431E+01  1.9963E+00 -2.0812E+00
  1.0646E+01  1.9492E+00 -1.5768E+00
  1.0570E+01  2.2145E+00 -2.3730E+00
  9.8831E+00  2.9575E+00 -2.3911E+00
  1.0441E+01  2.8472E+00 -2.3115E+00
  9.9018E+00  2.0871E+00 -1.9547E+00
  9.9133E+00  1.8189E+00 -1.3769E+00
  9.6521E+00  1.9173E+00 -1.6954E+00
  1.0165E+01  2.3946E+00 -2.1174E+00
  1.0221E+01  1.9619E+00 -1.9069E+00
  9.4778E+00  1.6807E+00 -1.6944E+00
  8.9290E+00  2.0179E+00 -1.3480E+00
  8.9322E+00  2.3412E+00 -1.9186E+00
  9.8592E+00  2.4034E+00 -1.8044E+00
  9.1218E+00  2.4463E+00 -2.2022E+00
  8.1741E+00  2.9057E+00 -1.7836E+00
  8.3758E+00  2.9474E+00 -2.0241E+00
  9.1774E+00  2.7843E+00 -2.0361E+00
  8.8329E+00  2.8932E+00 -2.2050E+00
  7.7051E+00  3.6475E+00 -1.9629E+00
  7.8597E+00  3.6929E+00 -2.4224E+00
  8.1530E+00  3.0071E+00 -2.2166E+00
  7.7953E+00  3.5165E+00 -2.4753E+00
  7.4106E+00  4.4808E+00 -2.2662E+00
  7.2603E+00  4.2558E+00 -2.8021E+00
  8.1456E+00  3.8888E+00 -2.9276E+00
  7.9710E+00  3.3087E+00 -2.6693E+00
  7.8220E+00  4.0206E+00 -2.9877E+00
  7.7811E+00  3.9736E+00 -3.1771E+00
  8.2862E+00  3.9068E+00 -3.1430E+00
  8.2305E+00  3.2994E+00 -2.7898E+00
  8.5210E+00  3.5126E+00 -2.9853E+00
  8.7367E+00  3.7758E+00 -3.3639E+00
  8.3529E+00  3.2392E+00 -3.2964E+00
  8.1011E+00  3.4027E+00 -3.3366E+00
  7.9384E+00  4.0328E+00 -3.5263E+00
  7.8438E+00  4.1769E+00 -3.6753E+00
  8.0875E+00  4.1199E+00 -3.4401E+00
  7.0447E+00  4.1906E+00 -2.9088E+00
  7.5365E+00  4.4410E+00 -3.4762E+00
  7.8225E+00  5.6434E+00 -3.8013E+00
  7.4952E+00  6.0812E+00 -3.5517E+00
  7.9984E+00  6.1935E+00 -3.8155E+00
  8.3195E+00  5.9376E+00 -3.9536E+00
  8.7791E+00  5.9568E+00 -3.7610E+00
  8.9424E+00  6.9253E+00 -3.1372E+00
  9.3537E+00  6.9180E+00 -2.4048E+00
  9.4736E+00  6.9022E+00 -1.8570E+00
  9.0938E+00  6.8112E+00 -2.7314E+00
  8.9079E+00  6.7150E+00 -2.8369E+00
  9.0330E+00  6.1446E+00 -3.0103E+00
  8.3798E+00  5.8767E+00 -3.3926E+00
  8.9920E+00  5.5742E+00 -3.3985E+00
  9.0229E+00  6.1991E+00 -3.4385E+00
  9.1539E+00  5.3918E+00 -3.4857E+00
  8.6198E+00  4.6650E+00 -2.7170E+00
  8.4415E+00  4.7338E+00 -2.4587E+00
  8.9715E+00  4.5890E+00 -2.9387E+00
  9.3727E+00  5.2882E+00 -3.3911E+00
  9.6613E+00  6.1212E+00 -2.4492E+00
  9.6793E+00  5.8891E+00 -2.0871E+00
  9.7776E+00  6.2620E+00 -2.1165E+00
  9.3801E+00  6.0069E+00 -2.2571E+00
  1.0071E+01  6.4133E+00 -3.0837E+00
  1.0386E+01  7.0893E+00 -3.1821E+00
  1.0427E+01  7.2827E+00 -3.8106E+00
  1.0259E+01  7.2565E+00 -4.2428E+00
  1.0336E+01  7.1532E+00 -4.4438E+00
  1.0708E+01  7.7623E+00 -4.2038E+00
  1.0765E+01  8.1271E+00 -4.0435E+00
  1.0823E+01  8.2740E+00 -4.0851E+00
  1.1216E+01  8.5857E+00 -3.9324E+00
  1.1029E+01  8.6791E+00 -3.6813E+00
  1.1520E+01  9.1572E+00 -3.7974E+00
  1.1148E+01  9.3590E+00 -3.1490E+00
  1.1551E+01  9.4036E+00 -3.3205E+00
  1.1331E+01  9.3909E+00 -3.4921E+00
  1.1663E+01  9.4700E+00 -3.7626E+00
  1.1649E+01  9.4304E+00 -3.7944E+00
  1.1374E+01  9.5182E+00 -3.5439E+00
  1.1299E+01  9.4421E+00 -3.6709E+00
  1.1098E+01  9.4058E+00 -3.3002E+00
  1.1096E+01  9.7319E+00 -3.2089E+00
  1.1121E+01  9.6037E+00 -3.2707E+00
  1.1185E+01  9.3878E+00 -3.1512E+00
  1.0854E+01  9.5347E+00 -2.6234E+00
  1.0567E+01  9.1278E+00 -2.4018E+00
  1.0586E+01  9.1540E+00 -2.2750E+00
  1.0510E+01  9.1001E+00 -2.0365E+00
  1.0947E+01  9.1679E+00 -2.0509E+00
  1.0526E+01  9.5662E+00 -1.6687E+00
  1.0854E+01  9.4757E+00 -1.9549E+00
  1.0845E+01  9.8416E+00 -1.8759E+00
  1.0621E+01  9.9646E+00 -1.9026E+00
  1.1001E+01  9.9947E+00 -2.3148E+00
  1.0805E+01  9.9417E+00 -2.1227E+00
  1.0898E+01  1.0042E+01 -2.2584E+00
  1.0874E+01  1.0503E+01 -2.2089E+00
  1.0647E+01  1.0671E+01 -2.0220E+00
  1.0367E+01  1.0171E+01 -1.7057E+00
  1.0511E+01  1.0175E+01 -1.5302E+00
  1.0698E+01  1.0382E+01 -1.6087E+00
  1.0381E+01  1.0400E+01 -1.9248E+00
  1.0513E+01  1.0454E+01 -2.1967E+00
  1.0035E+01  9.8516E+00 -2.2804E+00
  1.0557E+01  1.0294E+01 -2.2526E+00
  1.0401E+01  9.9238E+00 -2.3067E+00
  9.9960E+00  1.0478E+01 -1.7881E+00
  1.0091E+01  1.0112E+01 -1.8512E+00
  1.0236E+01  1.1479E+01 -1.8944E+00
  1.0058E+01  1.1942E+01 -2.2271E+00
  9.8715E+00  1.2128E+01 -3.1201E+00
  9.5121E+00  1.1926E+01 -3.3711E+00
  9.2597E+00  1.1302E+01 -2.9249E+00
  9.3467E+00  1.1845E+01 -1.7610E+00
  9.1762E+00  1.1451E+01 -2.5516E+00
  9.4387E+00  1.1611E+01 -2.3765E+00
  9.0701E+00  1.1644E+01 -1.9284E+00
  8.8547E+00  1.2326E+01 -2.5531E+00
  8.3179E+00 -1.2588E+01 -3.0545E+00
  8.8165E+00 -1.2414E+01 -2.5032E+00
  8.7322E+00 -1.2145E+01 -2.1741E+00
  8.5192E+00 -1.2037E+01 -2.5656E+00
  7.7885E+00 -1.1293E+01 -2.9085E+00
  7.8777E+00 -1.0941E+01 -2.3287E+00
  7.9808E+00 -1.1110E+01 -2.2495E+00
  7.8073E+00 -1.0812E+01 -2.1895E+00
  7.9603E+00 -1.0871E+01 -2.0167E+00
  7.8508E+00 -1.0915E+01 -2.2826E+00
  7.9407E+00 -1.1119E+01 -2.6367E+00
  7.9963E+00 -1.1814E+01 -2.7570E+00
  8.0739E+00 -1.1781E+01 -2.0563E+00
  8.0135E+00 -1.1362E+01 -1.8342E+00
  8.0874E+00 -1.2198E+01 -2.3737E+00
  8.1175E+00 -1.2056E+01 -2.3635E+00
  8.1426E+00 -1.1682E+01 -1.4338E+00
  7.1267E+00 -1.1513E+01 -1.0657E+00
  7.3196E+00 -1.1880E+01 -1.0352E+00
  7.4745E+00 -1.1795E+01 -1.4104E+00
  7.6562E+00 -1.1711E+01 -1.7468E+00
  7.5165E+00 -1.1714E+01 -2.2114E+00
  8.1345E+00 -1.2226E+01 -2.1766E+00
  8.3560E+00  1.2413E+01 -1.4322E+00
  8.4811E+00  1.2090E+01 -1.2251E+00
  8.3718E+00  1.2359E+01 -2.2653E+00
  7.4136E+00  1.2572E+01 -2.3006E+00
  7.8233E+00  1.2487E+01 -2.0348E+00
  7.9536E+00 -1.2461E+01 -2.8319E+00
  7.7269E+00 -1.2149E+01 -2.5064E+00
  7.7652E+00 -1.2032E+01 -2.3998E+00
  7.9703E+00 -1.2031E+01 -2.4231E+00
  8.3223E+00 -1.2073E+01 -2.4008E+00
  8.5596E+00 -1.2233E+01 -2.2990E+00
  8.9909E+00  1.2080E+01 -2.5996E+00
  8.6030E+00  1.1768E+01 -2.6199E+00
  9.1935E+00  1.2272E+01 -2.4528E+00
  9.4848E+00 -1.2564E+01 -1.8643E+00
  9.1095E+00  1.2462E+01 -1.4002E+00
  9.0643E+00 -1.2569E+01 -1.9471E+00
  8.7799E+00  1.2464E+01 -1.9606E+00
  9.4092E+00 -1.2517E+01 -2.3513E+00
  9.1601E+00 -1.2575E+01 -2.4622E+00
  9.1913E+00  1.2597E+01 -2.7278E+00
  1.0195E+01  1.1920E+01 -2.6192E+00
  9.9508E+00  1.0909E+01 -3.7706E+00
  9.6238E+00  1.0765E+01 -4.2005E+00
  9.9383E+00  1.1132E+01 -4.3286E+00
  1.0014E+01  1.1832E+01 -4.3290E+00
  1.0089E+01  1.2019E+01 -4.0568E+00
  1.0162E+01  1.1189E+01 -4.4782E+00
  9.7517E+00  1.1811E+01 -4.9124E+00
  9.1929E+00  1.1419E+01 -5.2479E+00
  8.8227E+00  1.1447E+01 -5.3607E+00
  8.3896E+00  1.0857E+01 -5.5451E+00
  7.3566E+00  1.0847E+01 -5.0828E+00
  8.0555E+00  1.0337E+01 -4.6863E+00
  7.1909E+00  1.0536E+01 -4.8994E+00
  7.4148E+00  1.0197E+01 -5.0011E+00
  7.2233E+00  1.0159E+01 -4.0067E+00
  7.5342E+00  1.0095E+01 -4.5590E+00
  7.8239E+00  1.0115E+01 -4.4074E+00
  7.9313E+00  1.0461E+01 -4.4295E+00
  8.0625E+00  1.0087E+01 -3.8646E+00
  8.1440E+00  1.0023E+01 -4.0617E+00
  8.2776E+00  1.0178E+01 -4.0606E+00
  8.3395E+00  9.6881E+00 -3.9567E+00
  8.0982E+00  9.4676E+00 -3.6353E+00
  8.2711E+00  9.7064E+00 -3.8352E+00
  8.1596E+00  9.3579E+00 -3.5283E+00
  7.8994E+00  9.0913E+00 -2.9646E+00
  8.1557E+00  9.1826E+00 -3.1750E+00
  7.9989E+00  9.1956E+00 -3.2471E+00
  7.7877E+00  9.1368E+00 -2.8557E+00
  7.6828E+00  8.9407E+00 -2.6381E+00
  7.5468E+00  8.7864E+00 -2.5892E+00
  7.2537E+00  8.8041E+00 -2.3211E+00
  7.2327E+00  8.8062E+00 -2.2455E+00
  7.1665E+00  8.7073E+00 -2.4065E+00
  6.9876E+00  8.6077E+00 -2.4009E+00
  6.9332E+00  8.7733E+00 -2.1257E+00
  7.0803E+00  8.9205E+00 -2.2644E+00
  7.4034E+00  9.1152E+00 -2.2385E+00
  7.4039E+00  9.1581E+00 -2.0433E+00
  8.3286E+00  9.3174E+00 -2.4970E+00
  7.8807E+00  9.5141E+00 -2.5804E+00
  8.6004E+00  9.5434E+00 -2.7928E+00
  8.5211E+00  9.8813E+00 -3.0365E+00
  9.0267E+00  9.3371E+00 -3.3367E+00
  9.3110E+00  1.0179E+01 -3.5559E+00
  9.3203E+00  9.7714E+00 -3.8069E+00
  9.4369E+00  9.8160E+00 -3.8362E+00
  9.3522E+00  9.9817E+00 -3.8519E+00
  9.1490E+00  1.0296E+01 -3.9408E+00
  9.0469E+00  1.0238E+01 -4.0661E+00
  9.2692E+00  1.1315E+01 -4.6490E+00
  9.3283E+00  1.1868E+01 -4.6235E+00
  9.0620E+00  1.1095E+01 -5.3042E+00
  8.9468E+00  1.1296E+01 -5.3343E+00
  9.6963E+00  1.1546E+01 -5.6662E+00
  1.0084E+01  1.2153E+01 -5.5528E+00
  1.0504E+01  1.2191E+01 -5.7874E+00
  1.0709E+01  1.1764E+01 -5.8524E+00
  1.0744E+01  1.1985E+01 -5.7719E+00
  1.1201E+01  1.2309E+01 -5.5360E+00
  1.1765E+01 -1.2068E+01 -4.4466E+00
  1.1444E+01 -1.1710E+01 -3.3531E+00
  1.2025E+01 -1.1754E+01 -3.1912E+00
  1.1659E+01 -1.1734E+01 -3.6377E+00
  1.1635E+01 -1.1507E+01 -2.9443E+00
  1.0886E+01 -1.1429E+01 -1.5929E+00
  1.0963E+01 -1.1273E+01 -1.3541E+00
  1.1565E+01 -1.1573E+01 -1.7364E+00
  1.1535E+01 -1.2240E+01 -1.4552E+00
  1.1405E+01 -1.2062E+01 -1.1263E+00
  1.0435E+01 -1.1564E+01 -6.9958E-01
  9.8086E+00 -1.1705E+01 -5.1812E-01
  9.9182E+00 -1.1261E+01 -6.7642E-01
  9.6400E+00 -1.1372E+01 -3.3670E-01
  9.7965E+00 -1.1313E+01 -4.5792E-01
  9.8736E+00 -1.1305E+01 -5.9471E-01
  1.0573E+01 -1.1274E+01 -4.6506E-01
  1.1259E+01 -1.1731E+01 -8.8786E-01
  1.1221E+01 -1.1633E+01 -1.1201E+00
  1.0928E+01 -1.1596E+01 -8.8066E-01
  1.1255E+01 -1.1754E+01 -1.2860E+00
  1.1585E+01 -1.2283E+01 -1.2862E+00
  1.1737E+01 -1.2422E+01 -1.2115E+00
  1.1696E+01 -1.2131E+01 -1.2847E+00
  1.1833E+01 -1.2361E+01 -1.0336E+00
  1.2087E+01  1.2402E+01 -9.4488E-01
  1.2177E+01  1.2504E+01 -1.0323E+00
  1.2228E+01 -1.2205E+01 -1.3376E+00
  1.2107E+01 -1.2005E+01 -6.8922E-01
  1.2393E+01 -1.2415E+01 -4.3420E-01
  1.2140E+01  1.2347E+01 -1.2348E-01
  1.2040E+01  1.2433E+01 -4.2993E-01
  1.1715E+01 -1.2578E+01 -1.2588E+00
  1.1577E+01  1.2542E+01 -1.5399E+00
  1.1540E+01  1.2184E+01 -1.3491E+00
  1.1036E+01  1.2246E+01 -1.8190E+00
  1.0083E+01  1.1989E+01 -2.2219E+00
  1.0461E+01  1.1950E+01 -2.3528E+00
  1.0817E+01  1.1745E+01 -2.1924E+00
  1.0835E+01  1.1537E+01 -2.3682E+00
  1.0029E+01  1.2037E+01 -2.7163E+00
  9.6024E+00  1.1996E+01 -2.6306E+00
  1.0464E+01  1.1553E+01 -2.1927E+00
  1.0205E+01  1.1495E+01 -2.3546E+00
  1.0103E+01  1.1335E+01 -2.5247E+00
  1.0357E+01  1.1087E+01 -1.8232E+00
  1.0345E+01  1.0933E+01 -2.1597E+00
  1.0380E+01  1.0815E+01 -2.2882E+00
  1.0232E+01  1.1364E+01 -2.1334E+00
  1.0562E+01  1.1283E+01 -2.5691E+00
  1.0792E+01  1.1151E+01 -2.2985E+00
  1.0423E+01  1.1632E+01 -2.9275E+00
  1.0174E+01  1.2322E+01 -2.0309E+00
  1.0536E+01  1.2176E+01 -1.9309E+00
  1.0537E+01  1.2397E+01 -2.1666E+00
  1.0667E+01  1.2449E+01 -1.8094E+00
  1.0250E+01 -1.2455E+01 -1.2154E+00
  1.0435E+01  1.2548E+01 -1.3972E+00
  1.0582E+01  1.1393E+01 -2.4852E-01
  9.4773E+00  1.0782E+01 -3.7044E-01
  1.0150E+01  1.0883E+01  4.9760E-01
  9.8221E+00  1.0500E+01  2.8119E-02
  9.5771E+00  1.0321E+01  3.1204E-01
  9.4428E+00  1.0196E+01  9.9342E-02
  9.7686E+00  1.0277E+01  5.3785E-01
  9.6626E+00  1.0112E+01  2.6975E-01
  9.9088E+00  9.8960E+00  1.6893E-01
  1.0078E+01  9.8776E+00  8.3942E-01
  9.5500E+00  9.7275E+00  7.8100E-01
  9.6815E+00  9.7642E+00  7.6969E-01
  9.8624E+00  1.0175E+01  9.4138E-01
  9.7855E+00  1.0405E+01  9.3099E-01
  9.1910E+00  1.0337E+01  9.2232E-01
  9.3414E+00  1.0585E+01  5.9371E-01
  9.5404E+00  1.0504E+01  7.6212E-01
  9.7451E+00  1.0945E+01  4.3181E-01
  9.6262E+00  1.0948E+01  1.7283E-01
  9.8876E+00  1.1199E+01  1.1682E-01
  1.0146E+01  1.1153E+01  1.5970E-01
  1.0183E+01  1.0863E+01  1.8142E-01
  1.0311E+01  1.0856E+01  4.7391E-01
  1.0443E+01  1.0303E+01  2.9721E-01
  1.0543E+01  9.7998E+00  3.0085E-01
  1.0296E+01  9.3162E+00  3.2260E-01
  1.0359E+01  9.3860E+00  5.1923E-01
  1.0140E+01  9.7923E+00  6.9095E-01
  9.8267E+00  9.8836E+00  4.2955E-01
  1.0054E+01  1.0464E+01  5.5763E-02
  9.6671E+00  1.0155E+01  5.4110E-01
  9.7075E+00  1.0370E+01  1.7333E-01
  8.7820E+00  9.5121E+00  2.9991E-01
  8.6198E+00  9.3996E+00  5.3229E-01
  9.0132E+00  9.8083E+00  6.2273E-01
  9.3496E+00  1.0049E+01  4.6182E-01
  9.3003E+00  9.9725E+00  2.8469E-01
  9.1279E+00  1.0222E+01  8.3630E-01
  9.3316E+00  1.0210E+01  7.0804E-01
  9.4881E+00  1.0339E+01  3.0991E-01
  9.3027E+00  1.0431E+01  7.0004E-01
  9.4923E+00  1.0379E+01  8.0667E-01
  9.3654E+00  9.9133E+00  6.1867E-01
  9.4452E+00  1.0363E+01  7.7575E-01
