  1.1498E+01  5.4430E+00 -7.4608E-01
  1.2276E+01  5.2228E+00 -6.0748E-01
 -1.2085E+01  6.3608E+00 -1.2017E+00
 -1.1673E+01  5.6586E+00 -9.8859E-01
 -1.1595E+01  5.9980E+00 -1.2074E+00
 -1.1638E+01  5.6681E+00 -1.0041E+00
 -1.1523E+01  5.8615E+00 -7.5521E-01
 -1.1410E+01  5.2580E+00  1.0407E-01
 -1.1488E+01  5.2504E+00  6.5980E-01
 -1.1413E+01  5.3679E+00  4.0045E-01
 -1.1734E+01  5.3819E+00  1.2443E-01
 -1.1949E+01  5.5304E+00  3.6719E-01
 -1.1948E+01  5.6606E+00  5.4671E-01
 -1.2031E+01  5.6386E+00  9.1848E-02
 -1.2497E+01  5.6887E+00 -4.9482E-01
  1.2463E+01  5.8128E+00 -5.7567E-01
  1.2381E+01  5.8372E+00 -5.0694E-01
  1.2155E+01  5.6916E+00 -6.4536E-01
  1.2051E+01  6.1707E+00 -7.5585E-01
  1.2053E+01  6.0476E+00 -6.3341E-01
  1.1899E+01  5.7732E+00 -5.8181E-01
  1.1730E+01  6.0348E+00 -7.0878E-01
  1.2183E+01  5.3861E+00 -6.6537E-01
 -1.1978E+01  5.6212E+00 -4.8436E-01
 -1.1625E+01  4.9704E+00  8.3360E-02
 -1.1275E+01  4.9725E+00 -5.3854E-01
 -1.1096E+01  4.9722E+00 -8.0126E-01
 -1.0729E+01  5.0712E+00 -4.8806E-01
 -1.0925E+01  4.8346E+00  4.4754E-01
 -1.1652E+01  4.8413E+00  9.7670E-01
 -1.1778E+01  4.7769E+00  7.7950E-01
 -1.2237E+01  4.8746E+00  7.7635E-01
 -1.2387E+01  4.2558E+00  1.2166E+00
 -1.2165E+01  4.0280E+00  1.2129E+00
 -1.2267E+01  4.5913E+00  7.8243E-01
 -1.2402E+01  4.5244E+00  8.1255E-01
 -1.1944E+01  3.4547E+00  4.7737E-01
 -1.2106E+01  4.1952E+00 -3.7143E-01
 -1.1919E+01  3.8843E+00  4.0825E-02
 -1.2138E+01  3.9076E+00  1.1669E-01
 -1.1758E+01  3.6980E+00 -7.1035E-01
 -1.2581E+01  2.5848E+00 -1.4899E+00
  1.2324E+01  2.5096E+00 -1.5716E+00
 -1.2062E+01  3.0573E+00 -9.7570E-01
 -1.2513E+01  2.9179E+00 -5.2947E-01
  1.2015E+01  2.6160E+00 -4.3567E-01
  1.1602E+01  2.4376E+00 -3.0497E-01
  1.1853E+01  2.1902E+00 -2.0863E-01
  1.2209E+01  2.0159E+00 -4.4768E-01
 -1.2553E+01  1.8490E+00 -7.1370E-01
  1.2222E+01  1.7128E+00 -6.6158E-01
  1.1834E+01  1.6408E+00 -6.5672E-01
  1.1553E+01  1.6271E+00 -9.5170E-01
  1.1971E+01  1.6235E+00 -7.9901E-01
  1.1969E+01  1.6348E+00 -7.1320E-01
  1.1545E+01  1.7928E+00 -8.9567E-01
  1.1256E+01  1.6978E+00 -1.2240E+00
  1.1145E+01  1.9154E+00 -9.3135E-01
  1.1334E+01  2.0365E+00 -3.7528E-01
  1.1118E+01  2.0217E+00 -5.8575E-01
  1.0810E+01  2.1234E+00 -9.5830E-01
  1.0807E+01  2.0404E+00 -1.0792E+00
  1.0680E+01  2.2153E+00 -7.7488E-01
  1.0698E+01  2.4255E+00 -1.2380E-01
  1.0347E+01  2.3386E+00 -5.5223E-01
  1.0271E+01  2.3632E+00 -9.4617E-01
  1.0161E+01  2.8068E+00 -1.3970E+00
  1.0347E+01  2.2009E+00 -1.0815E+00
  1.0389E+01  2.4292E+00 -9.6080E-01
  1.0282E+01  2.6962E+00 -1.1078E+00
  1.0172E+01  2.9088E+00 -1.2711E+00
  1.0085E+01  2.9279E+00 -1.1784E+00
  9.9397E+00  2.5652E+00 -1.1688E+00
  9.9965E+00  2.7516E+00 -1.1287E+00
  9.6906E+00  3.0333E+00 -1.2754E+00
  9.6758E+00  3.1019E+00 -1.5253E+00
  9.6327E+00  3.0547E+00 -1.5438E+00
  9.6731E+00  2.8088E+00 -9.0589E-01
  9.3256E+00  3.1353E+00 -1.3389E+00
  9.4220E+00  3.3830E+00 -1.3527E+00
  9.3077E+00  3.1991E+00 -1.3971E+00
  9.4594E+00  3.2839E+00 -1.0891E+00
  9.1966E+00  3.1504E+00 -1.2444E+00
  9.5045E+00  3.2426E+00 -1.5620E+00
  9.4206E+00  3.1775E+00 -1.5254E+00
  9.3371E+00  3.4689E+00 -1.3358E+00
  9.3240E+00  3.6627E+00 -1.3083E+00
  8.8700E+00  3.5264E+00 -1.6242E+00
  9.0297E+00  3.7610E+00 -1.4705E+00
  9.3358E+00  3.8617E+00 -1.6906E+00
  9.1450E+00  4.1373E+00 -1.5098E+00
  8.5715E+00  4.1624E+00 -1.9576E+00
  8.8192E+00  4.2744E+00 -1.6016E+00
  9.0615E+00  4.2422E+00 -1.6823E+00
  8.8756E+00  4.4148E+00 -1.5745E+00
  8.4235E+00  4.4754E+00 -2.0094E+00
  8.5914E+00  4.4331E+00 -1.5818E+00
  8.6272E+00  4.2864E+00 -1.3976E+00
  8.4341E+00  4.4452E+00 -1.8755E+00
  8.2231E+00  4.5008E+00 -1.5523E+00
  8.3448E+00  4.5018E+00 -1.8273E+00
  8.1122E+00  4.4517E+00 -1.5727E+00
  8.4660E+00  4.6401E+00 -2.0114E+00
  8.2917E+00  4.5894E+00 -1.7991E+00
  8.2867E+00  4.6580E+00 -2.1392E+00
  8.3342E+00  4.6983E+00 -2.0735E+00
  8.3105E+00  4.5598E+00 -2.1491E+00
  8.7150E+00  4.5386E+00 -2.6237E+00
  8.5698E+00  4.4041E+00 -2.3120E+00
  8.3648E+00  4.6468E+00 -2.2173E+00
  8.3185E+00  5.0267E+00 -2.5243E+00
  8.3493E+00  5.1672E+00 -2.3881E+00
  8.4371E+00  4.7609E+00 -2.8182E+00
  8.5535E+00  5.3294E+00 -2.8064E+00
  8.6208E+00  5.1527E+00 -2.6205E+00
  8.5173E+00  5.5165E+00 -2.5985E+00
  8.6044E+00  5.2448E+00 -2.8131E+00
  8.7534E+00  5.4572E+00 -2.5923E+00
  8.7623E+00  5.4785E+00 -2.3317E+00
  9.1046E+00  5.6114E+00 -2.4163E+00
  8.9216E+00  5.4825E+00 -2.2476E+00
  9.0303E+00  5.4681E+00 -1.9950E+00
  9.0988E+00  5.5252E+00 -1.9451E+00
  8.9647E+00  5.3885E+00 -2.1232E+00
  8.6625E+00  5.2473E+00 -1.8573E+00
  9.0406E+00  5.4056E+00 -2.1224E+00
  8.7716E+00  5.5258E+00 -1.9081E+00
  9.1586E+00  5.1587E+00 -2.3562E+00
  9.0261E+00  5.5713E+00 -1.9946E+00
  9.4566E+00  5.8604E+00 -2.3391E+00
  9.4396E+00  5.8202E+00 -2.1491E+00
  9.6200E+00  5.6684E+00 -2.1102E+00
  9.5649E+00  5.5724E+00 -1.9233E+00
  8.6575E+00  5.1249E+00 -1.9275E+00
  8.4058E+00  5.2036E+00 -2.5120E+00
  9.2154E+00  6.1580E+00 -3.5112E+00
  9.3936E+00  6.1334E+00 -3.7590E+00
  9.2142E+00  6.7134E+00 -4.2869E+00
  9.9839E+00  6.7307E+00 -4.5899E+00
  9.5975E+00  6.3304E+00 -4.6339E+00
  9.1881E+00  7.2425E+00 -5.3036E+00
  9.9308E+00  8.5119E+00 -4.9558E+00
  1.0263E+01  8.0062E+00 -5.6230E+00
  1.0330E+01  8.0704E+00 -5.4857E+00
  1.0654E+01  9.3462E+00 -5.1311E+00
  1.0870E+01  9.8944E+00 -4.5956E+00
  1.1473E+01  9.9010E+00 -4.4444E+00
  1.1114E+01  1.0319E+01 -4.6678E+00
  1.1587E+01  1.0129E+01 -4.3685E+00
  1.1375E+01  1.0336E+01 -4.4917E+00
  1.1592E+01  1.0691E+01 -4.2080E+00
  1.1302E+01  1.0933E+01 -3.7270E+00
  1.1008E+01  1.0749E+01 -3.4441E+00
  1.1162E+01  1.0985E+01 -3.8180E+00
  1.0649E+01  1.0734E+01 -3.2462E+00
  1.0565E+01  1.0781E+01 -3.6129E+00
  1.0966E+01  9.6417E+00 -4.7079E+00
  1.0563E+01  8.8937E+00 -4.4777E+00
  1.0333E+01  8.6489E+00 -4.1521E+00
  1.0736E+01  8.6415E+00 -3.8318E+00
  1.0324E+01  9.1889E+00 -3.8881E+00
  1.0390E+01  9.4415E+00 -3.7416E+00
  1.0881E+01  9.1540E+00 -3.4965E+00
  1.0548E+01  9.0120E+00 -3.4962E+00
  1.1202E+01  9.1144E+00 -2.9379E+00
  1.1070E+01  1.0224E+01 -3.2453E+00
  1.1082E+01  1.0052E+01 -3.3497E+00
  1.1005E+01  9.6038E+00 -3.3149E+00
  1.0348E+01  9.5555E+00 -3.6005E+00
  1.0764E+01  9.7884E+00 -3.6217E+00
  1.0177E+01  9.6237E+00 -3.5147E+00
  1.0326E+01  9.5549E+00 -3.2448E+00
  1.0351E+01  9.3394E+00 -2.6629E+00
  1.0351E+01  9.1631E+00 -2.8262E+00
  1.0110E+01  9.3452E+00 -2.7231E+00
  1.0244E+01  9.2526E+00 -2.4981E+00
  1.0280E+01  9.1018E+00 -2.6834E+00
  1.0314E+01  9.3900E+00 -3.2456E+00
  1.0449E+01  9.8768E+00 -3.7296E+00
  1.0751E+01  1.0752E+01 -3.6753E+00
  1.0788E+01  1.0766E+01 -3.4953E+00
  1.0445E+01  1.0122E+01 -3.1821E+00
  9.9856E+00  1.0352E+01 -3.3357E+00
  1.0291E+01  1.0314E+01 -2.8492E+00
  9.7369E+00  1.0497E+01 -2.5119E+00
  9.7678E+00  1.0926E+01 -2.2153E+00
  9.9758E+00  1.2029E+01 -1.9405E+00
  9.7241E+00  1.2579E+01 -2.2731E+00
  8.3463E+00 -1.2347E+01 -2.2726E+00
  9.0310E+00 -1.2246E+01 -2.5387E+00
  8.8768E+00 -1.2195E+01 -2.2327E+00
  8.6253E+00 -1.2193E+01 -2.4009E+00
  7.9125E+00 -1.2210E+01 -1.5796E+00
  8.2498E+00 -1.2033E+01 -1.6548E+00
  7.7485E+00 -1.1587E+01 -1.8338E+00
  7.3800E+00 -1.1479E+01 -2.1855E+00
  7.5049E+00 -1.1437E+01 -1.6258E+00
  8.0188E+00 -1.1568E+01 -1.4442E+00
  7.8482E+00 -1.2217E+01 -1.5274E+00
  7.5722E+00 -1.2508E+01 -1.8610E+00
  7.9111E+00 -1.2226E+01 -1.6785E+00
  7.6640E+00 -1.2296E+01 -1.6243E+00
  7.6768E+00 -1.2227E+01 -1.5618E+00
  7.7149E+00 -1.1913E+01 -1.3758E+00
  7.4054E+00 -1.2063E+01 -1.3927E+00
  6.7275E+00 -1.2212E+01 -1.5328E+00
  7.1072E+00 -1.2536E+01 -1.5649E+00
  7.0291E+00 -1.2220E+01 -1.3005E+00
  7.2616E+00  1.2468E+01 -1.3208E+00
  7.2760E+00  1.2291E+01 -1.2861E+00
  8.0206E+00  1.2523E+01 -1.4198E+00
  8.1990E+00 -1.2474E+01 -2.1057E+00
  7.8920E+00  1.2259E+01 -2.3009E+00
  7.9474E+00  1.2081E+01 -2.2085E+00
  8.1606E+00  1.2269E+01 -1.5911E+00
  8.0532E+00  1.1589E+01 -1.5797E+00
  7.7234E+00  1.1056E+01 -1.2533E+00
  7.8298E+00  1.0776E+01 -1.5721E+00
  8.1204E+00  1.1095E+01 -1.4844E+00
  8.5391E+00  1.1734E+01 -1.7505E+00
  8.4938E+00  1.1139E+01 -1.9590E+00
  8.4849E+00  1.1863E+01 -1.7241E+00
  8.2917E+00  1.1921E+01 -1.6795E+00
  8.3579E+00  1.2008E+01 -1.6366E+00
  8.4424E+00  1.2042E+01 -1.5366E+00
  8.6123E+00  1.1803E+01 -1.7357E+00
  8.6056E+00  1.1634E+01 -1.5916E+00
  8.5522E+00  1.1268E+01 -1.4078E+00
  8.6157E+00  1.1201E+01 -1.2233E+00
  9.0640E+00  1.1154E+01 -1.4498E+00
  9.3449E+00  1.1165E+01 -1.5519E+00
  9.4146E+00  1.1014E+01 -1.6904E+00
  8.9457E+00  1.1223E+01 -1.4138E+00
  9.2697E+00  1.1048E+01 -1.7947E+00
  9.3283E+00  1.1261E+01 -1.8504E+00
  9.0094E+00  1.1155E+01 -2.1508E+00
  9.6635E+00  1.1278E+01 -2.1706E+00
  8.9465E+00  1.1091E+01 -2.4582E+00
  9.3662E+00  1.0943E+01 -2.3816E+00
  9.4302E+00  1.0865E+01 -2.7090E+00
  9.5024E+00  1.1144E+01 -2.8856E+00
  9.2729E+00  1.0666E+01 -3.7260E+00
  9.6187E+00  1.0611E+01 -4.3187E+00
  8.7754E+00  1.0666E+01 -4.2021E+00
  9.2890E+00  1.0511E+01 -4.3061E+00
  8.8227E+00  1.0509E+01 -4.1045E+00
  8.9634E+00  1.0278E+01 -4.4194E+00
  9.0547E+00  1.0669E+01 -4.2056E+00
  8.8015E+00  1.0624E+01 -4.7157E+00
  8.8031E+00  1.1646E+01 -4.6908E+00
  8.6769E+00  1.0717E+01 -5.0758E+00
  8.6288E+00  1.0683E+01 -4.2514E+00
  8.6767E+00  1.0166E+01 -4.4061E+00
  8.8416E+00  1.0426E+01 -3.8861E+00
  9.1930E+00  1.0568E+01 -3.9683E+00
  9.2526E+00  1.0189E+01 -3.7565E+00
  9.5603E+00  1.0139E+01 -3.7023E+00
  9.6068E+00  9.9137E+00 -3.7144E+00
  9.7163E+00  9.8971E+00 -3.7095E+00
  9.6464E+00  9.6841E+00 -3.2056E+00
  9.5859E+00  9.3483E+00 -3.4235E+00
  9.5244E+00  9.2757E+00 -3.1170E+00
  9.5750E+00  9.2708E+00 -3.0172E+00
  9.3901E+00  9.2925E+00 -3.0625E+00
  9.3965E+00  8.9522E+00 -2.3507E+00
  9.2560E+00  8.9141E+00 -2.4644E+00
  9.0632E+00  8.7961E+00 -2.1282E+00
  9.0736E+00  8.6792E+00 -2.1191E+00
  8.8979E+00  8.2813E+00 -2.1515E+00
  8.5711E+00  8.1400E+00 -2.0120E+00
  8.3095E+00  7.9398E+00 -1.6439E+00
  8.0709E+00  7.7919E+00 -1.6215E+00
  7.9937E+00  7.7438E+00 -1.6843E+00
  7.9254E+00  7.9657E+00 -1.3285E+00
  7.9251E+00  8.2535E+00 -1.2092E+00
  7.9769E+00  8.1640E+00 -1.2194E+00
  8.1888E+00  8.0647E+00 -1.3647E+00
  8.1145E+00  8.0063E+00 -1.7846E+00
  8.2905E+00  8.2741E+00 -1.8277E+00
  8.1632E+00  8.3305E+00 -2.0118E+00
  8.4650E+00  8.4893E+00 -2.4607E+00
  8.3790E+00  8.9627E+00 -2.0281E+00
  8.7568E+00  8.9368E+00 -2.9067E+00
  8.4578E+00  9.2918E+00 -2.6675E+00
  8.4742E+00  9.1659E+00 -2.8756E+00
  8.2842E+00  9.0952E+00 -3.2641E+00
  7.9848E+00  9.5325E+00 -3.3627E+00
  8.1510E+00  1.0154E+01 -2.8568E+00
  9.0033E+00  9.9529E+00 -4.0609E+00
  9.9360E+00  1.0490E+01 -4.5777E+00
  1.0170E+01  1.0974E+01 -4.2892E+00
  1.0275E+01  1.0978E+01 -4.6951E+00
  1.0547E+01  1.1022E+01 -4.5374E+00
  1.0664E+01  1.1217E+01 -4.5237E+00
  1.0867E+01  1.1236E+01 -4.6789E+00
  1.0993E+01  1.1434E+01 -4.4093E+00
  1.1388E+01  1.1638E+01 -4.4538E+00
  1.1188E+01  1.1700E+01 -4.1573E+00
  1.1365E+01  1.1691E+01 -4.2371E+00
  1.1638E+01  1.1997E+01 -3.4763E+00
  1.1450E+01  1.2054E+01 -3.2984E+00
  1.1519E+01  1.2227E+01 -2.7858E+00
  1.1458E+01  1.2358E+01 -2.2602E+00
  1.1396E+01  1.2403E+01 -1.9787E+00
  1.1332E+01  1.2503E+01 -1.6962E+00
  1.0694E+01  1.2522E+01 -1.1886E+00
  1.0143E+01 -1.2275E+01 -8.7612E-01
  1.0032E+01 -1.2536E+01 -7.2016E-01
  1.0380E+01  1.2127E+01 -6.5858E-01
  1.0450E+01  1.2128E+01 -4.9298E-01
  1.0324E+01  1.2596E+01 -1.1866E-01
  9.9775E+00  1.2363E+01 -4.7345E-01
  9.9453E+00  1.2384E+01 -4.7576E-01
  1.0094E+01  1.2403E+01 -5.2443E-01
  1.0106E+01  1.2493E+01 -5.5880E-01
  1.0059E+01 -1.2559E+01 -5.0424E-01
  1.0175E+01 -1.2575E+01 -5.8179E-01
  1.0173E+01  1.2300E+01 -7.8764E-01
  1.0195E+01  1.2519E+01 -7.4473E-01
  1.0221E+01  1.2456E+01 -8.3828E-01
  1.0342E+01 -1.2540E+01 -6.5415E-01
  1.0521E+01  1.2285E+01 -7.5311E-01
  1.0391E+01  1.2407E+01 -9.2959E-01
  1.0608E+01  1.2571E+01 -7.1128E-01
  1.0714E+01 -1.2534E+01 -7.0446E-01
  1.0938E+01 -1.2549E+01 -6.3731E-01
  1.0803E+01  1.2443E+01 -5.9161E-01
  1.0887E+01 -1.2411E+01 -3.7790E-01
  1.0791E+01 -1.2497E+01 -6.9698E-01
  1.0565E+01  1.2583E+01 -7.0279E-01
  1.0377E+01  1.2380E+01 -6.0798E-01
  1.0332E+01  1.2508E+01 -6.9051E-01
  1.0132E+01  1.2485E+01 -9.0259E-01
  9.7688E+00  1.2168E+01 -1.0063E+00
  9.8548E+00  1.1886E+01 -7.3551E-01
  9.8643E+00  1.1725E+01 -9.8719E-01
  9.6133E+00  1.1424E+01 -1.3446E+00
  9.6143E+00  1.1553E+01 -1.4839E+00
  9.4146E+00  1.1345E+01 -1.5260E+00
  9.5922E+00  1.1125E+01 -1.4005E+00
  9.3098E+00  1.1120E+01 -1.3255E+00
  9.4073E+00  1.0859E+01 -1.2454E+00
  9.3796E+00  1.0880E+01 -1.2834E+00
  9.0145E+00  1.0830E+01 -1.1873E+00
  9.1790E+00  1.0923E+01 -1.2044E+00
  9.2492E+00  1.1078E+01 -1.3274E+00
  9.2554E+00  1.0783E+01 -1.1427E+00
  9.5828E+00  1.1353E+01 -1.4249E+00
  9.4865E+00  1.1264E+01 -1.5540E+00
  9.8929E+00  1.1703E+01 -1.5183E+00
  9.3987E+00  1.1285E+01 -1.2586E+00
  9.5756E+00  1.1342E+01 -1.1219E+00
  9.6017E+00  1.1978E+01 -1.0608E+00
  9.7134E+00  1.1720E+01 -8.9828E-01
  9.9822E+00  1.1367E+01 -6.5776E-01
  9.9792E+00  1.1898E+01 -1.1596E-01
  9.0937E+00  1.1622E+01 -3.1386E-01
  9.3909E+00  1.1975E+01  5.4742E-01
  8.9053E+00  1.1732E+01  5.5034E-01
  8.9338E+00  1.1572E+01  6.0647E-01
  8.9693E+00  1.1613E+01  7.9354E-01
  8.8726E+00  1.1420E+01  7.6863E-01
  8.8983E+00  1.1486E+01  7.6819E-01
  9.1385E+00  1.1419E+01  8.0809E-01
  9.5486E+00  1.0992E+01  1.1395E+00
  9.4358E+00  1.1241E+01  8.7303E-01
  9.3821E+00  1.1210E+01  9.9746E-01
  9.1097E+00  1.1064E+01  1.2756E+00
  8.6607E+00  1.0979E+01  1.3681E+00
  8.4963E+00  1.1061E+01  1.3554E+00
  8.4407E+00  1.1550E+01  1.4102E+00
  8.6180E+00  1.1425E+01  1.6157E+00
  8.6089E+00  1.1490E+01  1.4187E+00
  8.4497E+00  1.1262E+01  1.1341E+00
  8.4660E+00  1.1403E+01  1.0206E+00
  8.5553E+00  1.1189E+01  8.2184E-01
  8.6961E+00  1.1319E+01  5.3785E-01
  8.7899E+00  1.1244E+01  6.1300E-01
  8.8089E+00  1.0957E+01  4.0094E-01
  8.9768E+00  1.0640E+01  3.8806E-01
  9.1001E+00  1.0214E+01  4.4004E-01
  9.0290E+00  1.0128E+01  4.0911E-01
  9.1207E+00  1.0232E+01  6.7092E-01
  8.7127E+00  1.0277E+01  7.1918E-01
  8.4075E+00  1.0390E+01  3.9536E-01
  8.6463E+00  1.0427E+01  5.9433E-01
  8.2836E+00  1.0650E+01  2.0408E-01
  8.2327E+00  1.0176E+01  4.1706E-01
  7.7051E+00  1.0560E+01  1.8339E-01
  7.5973E+00  1.0506E+01  4.8948E-01
  7.6458E+00  1.0413E+01  4.3022E-01
  7.9138E+00  1.0494E+01  5.7371E-01
  7.9723E+00  1.0643E+01  5.2809E-01
  7.8633E+00  1.0780E+01  2.3543E-01
  8.0762E+00  1.0890E+01  2.2395E-01
  8.0732E+00  1.0848E+01  2.0542E-01
  7.9469E+00  1.0692E+01  9.4947E-02
  8.0172E+00  1.0638E+01  6.3579E-01
  7.9049E+00  1.0146E+01  3.2723E-01
  7.9744E+00  1.0462E+01  4.6105E-01
