  1.1635E+01  1.2488E+01  4.5519E-01
 -1.2252E+01  1.1763E+01  8.5226E-01
 -1.2049E+01  1.1110E+01 -1.2867E-01
 -1.1775E+01  1.1405E+01 -1.1533E-01
 -1.1694E+01  1.1329E+01  1.4277E+00
 -1.1704E+01  1.1529E+01  1.6260E+00
 -1.2283E+01  1.1770E+01  1.8580E+00
 -1.1680E+01  1.2259E+01  1.7148E+00
 -1.2106E+01  1.2291E+01  1.6508E+00
 -1.1599E+01  1.2094E+01  1.6241E+00
 -1.1940E+01  1.1988E+01  1.5059E+00
 -1.1686E+01  1.1477E+01  1.8623E+00
 -1.1661E+01  1.1355E+01  2.1111E+00
 -1.1194E+01  1.0933E+01  1.9340E+00
 -1.1258E+01  1.0647E+01  1.5937E+00
 -1.1404E+01  1.0528E+01  1.4982E+00
 -1.1455E+01  1.0294E+01  1.7476E+00
 -1.1482E+01  1.0369E+01  1.7246E+00
 -1.1511E+01  1.0486E+01  1.5668E+00
 -1.1662E+01  1.0762E+01  1.7564E+00
 -1.1878E+01  1.0948E+01  2.1549E+00
 -1.2456E+01  1.1480E+01  2.4079E+00
  1.2537E+01  1.1543E+01  2.6251E+00
  1.2162E+01  1.1987E+01  2.4889E+00
  1.1857E+01  1.1918E+01  2.8348E+00
  1.1437E+01  1.1868E+01  2.9855E+00
  1.1800E+01  1.0977E+01  3.3942E+00
  1.1976E+01  1.0863E+01  2.3900E+00
  1.2108E+01  1.1465E+01  3.5771E+00
  1.1574E+01  1.1217E+01  3.9297E+00
  1.0730E+01  1.1450E+01  4.0345E+00
  1.0570E+01  1.2076E+01  3.4300E+00
  1.1058E+01 -1.2178E+01  3.4335E+00
  1.1228E+01 -1.1910E+01  3.5854E+00
  1.0432E+01 -1.1991E+01  3.5668E+00
  1.0006E+01 -1.1458E+01  4.1001E+00
  1.0073E+01 -1.1565E+01  4.6053E+00
  9.8934E+00 -1.1714E+01  3.6786E+00
  9.9784E+00 -1.0713E+01  4.1748E+00
  1.0034E+01 -1.0329E+01  3.6562E+00
  1.0181E+01 -1.0205E+01  3.0426E+00
  1.0163E+01 -1.0010E+01  3.2178E+00
  9.9912E+00 -1.0297E+01  3.4592E+00
  1.0593E+01 -1.0817E+01  3.6892E+00
  1.1010E+01 -1.1149E+01  3.3114E+00
  1.1008E+01 -1.0867E+01  3.2410E+00
  1.0246E+01 -1.0461E+01  2.9927E+00
  1.0225E+01 -1.0113E+01  1.6893E+00
  9.9493E+00 -1.0663E+01  9.2490E-01
  9.8761E+00 -1.0278E+01  1.5146E+00
  9.5026E+00 -1.0600E+01  2.2723E+00
  9.7993E+00 -1.0845E+01  2.5504E+00
  9.4643E+00 -1.0839E+01  2.5748E+00
  9.1675E+00 -1.0784E+01  2.2992E+00
  9.5088E+00 -1.0653E+01  2.2534E+00
  9.1736E+00 -1.0695E+01  2.7036E+00
  8.9523E+00 -1.1058E+01  3.0555E+00
  9.5054E+00 -1.1266E+01  3.2270E+00
  9.5652E+00 -1.1375E+01  3.3133E+00
  9.6003E+00 -1.1381E+01  3.2964E+00
  9.7076E+00 -1.1428E+01  3.0857E+00
  1.0172E+01 -1.1819E+01  2.9204E+00
  1.0037E+01 -1.2459E+01  3.0574E+00
  9.8486E+00  1.2346E+01  2.6257E+00
  9.9542E+00  1.2291E+01  2.9090E+00
  9.7167E+00 -1.2386E+01  2.9919E+00
  9.4723E+00 -1.2485E+01  3.0763E+00
  9.0348E+00  1.2402E+01  3.0123E+00
  8.7139E+00 -1.1770E+01  2.9347E+00
  8.1774E+00 -1.1142E+01  2.8250E+00
  8.3538E+00 -1.1719E+01  3.5049E+00
  8.1625E+00 -1.2382E+01  3.1381E+00
  8.0212E+00 -1.2047E+01  3.2416E+00
  7.7196E+00 -1.1214E+01  3.4455E+00
  7.4388E+00 -1.0621E+01  3.3885E+00
  6.9804E+00 -9.9959E+00  3.2114E+00
  6.2715E+00 -9.5355E+00  2.6786E+00
  5.8486E+00 -9.4428E+00  2.2982E+00
  6.6819E+00 -9.3194E+00  1.6959E+00
  6.4996E+00 -1.0093E+01  1.3078E+00
  7.0985E+00 -1.0252E+01  1.9319E+00
  6.9354E+00 -1.0344E+01  1.5437E+00
  6.9592E+00 -1.0689E+01  1.7558E+00
  7.3001E+00 -1.0450E+01  1.4900E+00
  6.9199E+00 -1.1184E+01  1.2513E+00
  7.0384E+00 -1.1307E+01  8.7709E-01
  6.9862E+00 -1.1201E+01  4.7319E-01
  6.5764E+00 -1.1786E+01  4.7620E-01
  5.9140E+00 -1.0542E+01  9.9875E-01
  5.9134E+00 -1.1513E+01  2.4441E+00
  6.5365E+00 -1.1901E+01  1.5800E+00
  6.9170E+00 -1.1189E+01  2.1290E+00
  6.6632E+00 -1.1132E+01  1.5059E+00
  5.9563E+00 -1.1449E+01  2.7813E+00
  5.3755E+00 -1.1288E+01  2.9003E+00
  5.8965E+00 -1.0945E+01  2.6587E+00
  6.0365E+00 -1.1085E+01  2.6742E+00
  6.4308E+00 -1.1498E+01  2.2718E+00
  6.4206E+00 -1.1497E+01  2.4878E+00
  5.8224E+00 -1.2387E+01  2.1458E+00
  6.3322E+00 -1.1938E+01  2.6998E+00
  6.1745E+00 -1.1583E+01  2.2926E+00
  6.4222E+00 -1.2067E+01  2.1529E+00
  6.5157E+00 -1.1894E+01  1.5219E+00
  6.3799E+00 -1.1855E+01  1.8500E+00
  6.1670E+00 -1.1993E+01  1.7046E+00
  6.2843E+00 -1.2214E+01  1.6212E+00
  6.6678E+00  1.2561E+01  1.0183E+00
  6.6733E+00 -1.2352E+01  1.0841E+00
  6.4029E+00 -1.2486E+01  9.5250E-01
  6.4365E+00 -1.2351E+01  1.1240E+00
  6.4512E+00 -1.2179E+01  1.0418E+00
  6.1921E+00  1.2580E+01  7.5896E-01
  5.8400E+00 -1.2498E+01  7.0493E-01
  5.5503E+00 -1.2415E+01  1.0728E+00
  5.5632E+00  1.2443E+01  1.3583E+00
  5.3756E+00  1.2296E+01  1.2941E+00
  5.2086E+00  1.2238E+01  9.5261E-01
  5.4225E+00  1.2133E+01  7.0618E-01
  5.6045E+00  1.2096E+01  1.0972E+00
  5.3777E+00  1.1982E+01  6.4687E-01
  5.3474E+00  1.1845E+01  9.9567E-01
  5.3808E+00  1.1322E+01  9.4525E-01
  5.3046E+00  1.1707E+01  9.9569E-01
  5.3321E+00  1.1931E+01  1.4028E+00
  5.6207E+00  1.1639E+01  1.4977E+00
  5.5042E+00 -1.2401E+01  1.4334E+00
  5.4939E+00 -1.2492E+01  1.0092E+00
  5.4265E+00 -1.2323E+01  8.5549E-01
  5.7272E+00 -1.1689E+01  8.6901E-01
  5.4266E+00 -1.1786E+01  1.5331E+00
  6.0155E+00 -1.2195E+01  7.7200E-01
  6.2777E+00  1.2395E+01  6.2484E-01
  6.0929E+00  1.2563E+01  4.7233E-01
  6.4996E+00  1.1757E+01  3.2699E-01
  6.9649E+00  1.1489E+01  3.4589E-01
  6.9242E+00  1.1378E+01  5.2853E-01
  6.9261E+00  1.1652E+01  4.7903E-01
  6.6805E+00  1.1952E+01  1.0084E+00
  6.6064E+00  1.2460E+01  1.5692E+00
  6.4540E+00  1.2365E+01  1.6325E+00
  6.4000E+00  1.1904E+01  1.2494E+00
  6.1336E+00  1.1999E+01  7.1090E-01
  6.5792E+00  1.1843E+01  8.3722E-01
  6.9152E+00  1.1451E+01  2.3370E-01
  7.9486E+00  1.1667E+01  1.1341E+00
  9.2800E+00  1.2091E+01  5.7153E-01
  9.7945E+00  1.2104E+01  7.2958E-02
  1.0291E+01  1.1997E+01 -6.9221E-02
  1.0717E+01  1.1571E+01 -3.4907E-01
  1.0932E+01  1.0849E+01 -9.0351E-01
  1.1098E+01  1.0328E+01 -7.7734E-01
  1.1041E+01  1.0089E+01 -7.8815E-01
  1.1223E+01  1.0184E+01 -8.8156E-01
  1.0782E+01  1.0083E+01 -1.1565E+00
  1.1233E+01  1.0678E+01 -8.3192E-01
  1.1211E+01  1.0760E+01 -5.0562E-01
  1.0988E+01  1.0761E+01 -7.0381E-01
  1.0838E+01  1.0949E+01 -1.0335E+00
  1.0924E+01  1.0796E+01 -7.7458E-01
  1.0876E+01  1.0676E+01 -9.7373E-01
  1.0935E+01  1.0780E+01 -6.1739E-01
  1.0867E+01  1.1069E+01 -4.9131E-01
  1.0870E+01  1.1525E+01 -3.1953E-01
  1.0536E+01  1.2346E+01 -5.1772E-01
  1.0560E+01  1.2380E+01  2.5685E-01
  1.0343E+01 -1.2553E+01  6.8630E-01
  1.0193E+01  1.2464E+01  1.1645E+00
  9.8315E+00  1.2112E+01  1.2916E+00
  9.7254E+00 -1.2487E+01  8.9147E-01
  1.0025E+01 -1.2137E+01  3.0640E-02
  1.0305E+01 -1.2235E+01 -3.3266E-01
  1.0113E+01 -1.1896E+01 -2.6862E-01
  1.0134E+01 -1.2052E+01  2.0922E-01
  9.8184E+00 -1.2293E+01  4.9435E-01
  1.0744E+01 -1.2546E+01  1.2309E-01
  1.0709E+01 -1.2040E+01  5.9149E-02
  1.0937E+01  1.2424E+01  1.2686E+00
  1.0357E+01  1.2153E+01  1.5738E+00
  9.9682E+00  1.2211E+01  1.3839E+00
  1.0664E+01  1.2499E+01  5.3576E-01
  1.1541E+01  1.2363E+01  9.4026E-01
  1.1737E+01  1.2070E+01  1.5906E+00
  1.1636E+01  1.1565E+01  2.3968E+00
  1.1958E+01  1.0977E+01  2.1543E+00
  1.1710E+01  1.1544E+01  2.0054E+00
  1.0946E+01  1.1177E+01  1.4810E+00
  1.1386E+01  1.0725E+01  2.3190E+00
  1.1300E+01  1.0916E+01  2.1851E+00
  1.0980E+01  1.0648E+01  1.2496E+00
  1.0106E+01  1.0412E+01  1.4193E+00
  1.0467E+01  1.0457E+01  1.4524E+00
  1.0996E+01  9.2551E+00  1.7025E+00
  1.0699E+01  9.2700E+00  1.5179E+00
  1.1320E+01  9.3474E+00  1.9113E+00
  1.0769E+01  9.7544E+00  2.0582E+00
  1.1283E+01  9.7828E+00  2.8452E+00
  1.1251E+01  9.5145E+00  3.6253E+00
  1.0663E+01  9.9653E+00  3.4163E+00
  1.0703E+01  1.0000E+01  2.7557E+00
  1.0936E+01  9.5551E+00  2.2422E+00
  1.0878E+01  9.7720E+00  2.1156E+00
  1.0004E+01  1.0219E+01  1.9501E+00
  9.9968E+00  1.0050E+01  1.7701E+00
  1.0201E+01  1.0610E+01  2.2807E+00
  9.8866E+00  1.0185E+01  2.8315E+00
  8.8994E+00  9.9488E+00  3.4642E+00
  8.7703E+00  1.0062E+01  3.7097E+00
  8.3821E+00  9.5293E+00  4.2608E+00
  8.9038E+00  9.7215E+00  4.4406E+00
  8.6372E+00  9.2497E+00  4.0168E+00
  9.2581E+00  9.2672E+00  4.0194E+00
  8.9554E+00  9.6520E+00  3.8572E+00
  8.9111E+00  9.4297E+00  3.4369E+00
  9.2944E+00  1.0260E+01  2.4378E+00
  9.4478E+00  9.7650E+00  2.7690E+00
  9.4339E+00  9.8249E+00  1.8451E+00
  8.6911E+00  9.4845E+00  2.5078E+00
  8.8789E+00  9.6860E+00  2.4120E+00
  8.5148E+00  9.3052E+00  2.9701E+00
  9.4895E+00  9.0158E+00  2.8062E+00
  9.7047E+00  8.0960E+00  3.2545E+00
  9.7960E+00  8.2688E+00  3.4941E+00
  9.2947E+00  8.3295E+00  4.4604E+00
  9.0994E+00  7.6996E+00  4.6199E+00
  9.0064E+00  7.6604E+00  4.5723E+00
  8.6000E+00  8.4326E+00  4.2679E+00
  7.9497E+00  8.7320E+00  3.7359E+00
  7.1579E+00  9.0447E+00  3.5904E+00
  7.0100E+00  8.8923E+00  4.0258E+00
  6.5178E+00  8.7479E+00  3.8112E+00
  6.2383E+00  8.5345E+00  3.9379E+00
  6.5725E+00  8.6091E+00  3.6418E+00
  6.4840E+00  8.3831E+00  4.0399E+00
  6.6724E+00  8.4736E+00  3.8851E+00
  6.7311E+00  8.4768E+00  3.9687E+00
  6.9755E+00  8.1108E+00  4.2178E+00
  7.5184E+00  8.4359E+00  4.0971E+00
  7.1639E+00  8.2899E+00  4.2086E+00
  7.1320E+00  7.7864E+00  4.1792E+00
  7.3345E+00  7.6956E+00  4.1090E+00
  7.3598E+00  7.3366E+00  4.1291E+00
  6.8486E+00  7.3185E+00  4.0790E+00
  7.7286E+00  7.5277E+00  4.1561E+00
  7.2218E+00  7.4178E+00  4.2321E+00
  7.2748E+00  7.8345E+00  3.4568E+00
  7.1852E+00  7.4719E+00  3.5664E+00
  7.1416E+00  7.2644E+00  4.1666E+00
  7.6530E+00  7.0281E+00  4.3343E+00
  7.6361E+00  7.0142E+00  4.1441E+00
  7.5934E+00  7.1318E+00  4.0555E+00
  7.9148E+00  7.1181E+00  3.9662E+00
  8.0231E+00  7.2093E+00  4.2855E+00
  8.2994E+00  7.0360E+00  3.9973E+00
  7.6764E+00  7.3445E+00  3.5975E+00
  8.2251E+00  7.4679E+00  3.3108E+00
  8.7825E+00  7.1328E+00  3.2335E+00
  8.6647E+00  7.3254E+00  3.1343E+00
  8.3130E+00  7.2567E+00  3.3770E+00
  8.3716E+00  7.1558E+00  3.4125E+00
  8.4252E+00  7.4239E+00  3.6647E+00
  8.2942E+00  7.2960E+00  3.7622E+00
  8.0233E+00  7.5835E+00  3.8330E+00
  7.7293E+00  7.5592E+00  3.6248E+00
  7.8178E+00  7.4791E+00  4.1339E+00
  7.8501E+00  7.4834E+00  4.6070E+00
  7.9214E+00  7.6501E+00  4.2761E+00
  7.9089E+00  8.0046E+00  4.4007E+00
  8.2207E+00  7.9783E+00  4.2463E+00
  8.3178E+00  7.8960E+00  4.3311E+00
  8.4833E+00  7.9447E+00  4.2163E+00
  8.6660E+00  8.0418E+00  4.1915E+00
  8.7352E+00  7.9352E+00  4.1707E+00
  9.0168E+00  8.3018E+00  4.3817E+00
  9.5420E+00  8.3355E+00  3.9182E+00
  9.3455E+00  8.1686E+00  4.0951E+00
  9.2944E+00  8.3043E+00  4.1106E+00
  9.3209E+00  8.5090E+00  3.7708E+00
  9.5342E+00  8.3424E+00  3.5212E+00
  9.2943E+00  7.8937E+00  2.7975E+00
  9.2313E+00  7.9620E+00  2.9325E+00
  8.9266E+00  8.0650E+00  2.5685E+00
  8.6839E+00  7.7264E+00  2.3025E+00
  8.5293E+00  8.1464E+00  2.6306E+00
  8.1458E+00  8.1918E+00  2.7571E+00
  8.0081E+00  7.8963E+00  2.4623E+00
  8.3001E+00  7.2215E+00  2.2895E+00
  8.1836E+00  6.8413E+00  2.4988E+00
  7.8718E+00  6.2828E+00  2.2712E+00
  7.7724E+00  6.0471E+00  2.5498E+00
  7.6805E+00  5.8688E+00  2.8203E+00
  7.6977E+00  5.6435E+00  3.1652E+00
  8.0889E+00  5.2817E+00  3.5720E+00
  8.3663E+00  5.1800E+00  3.2422E+00
  8.0279E+00  4.8949E+00  3.0994E+00
  8.1874E+00  4.1911E+00  3.0876E+00
  8.4699E+00  4.2184E+00  3.0712E+00
  8.6115E+00  4.3216E+00  2.9940E+00
  8.0319E+00  4.5873E+00  2.8829E+00
  8.4569E+00  4.9355E+00  2.7077E+00
  8.5275E+00  4.9460E+00  2.7383E+00
  8.5044E+00  5.4070E+00  2.8659E+00
  8.4816E+00  5.7951E+00  3.0260E+00
  8.6449E+00  5.7496E+00  2.3986E+00
  8.6954E+00  5.6694E+00  2.2105E+00
  8.6724E+00  5.2614E+00  3.3967E+00
  8.6250E+00  4.8025E+00  3.5555E+00
  9.0318E+00  4.8084E+00  3.3557E+00
  8.3288E+00  5.6046E+00  3.4546E+00
  7.6977E+00  5.2287E+00  3.5634E+00
  8.6133E+00  4.6735E+00  3.9023E+00
  8.3822E+00  4.7969E+00  3.9828E+00
  7.7236E+00  5.5693E+00  3.6114E+00
  7.8941E+00  5.1154E+00  4.0617E+00
  8.7683E+00  4.4512E+00  3.8097E+00
  8.8122E+00  4.5668E+00  3.9333E+00
  8.4903E+00  4.9489E+00  4.3928E+00
  8.2784E+00  5.3484E+00  4.4194E+00
  8.6385E+00  5.3534E+00  4.6716E+00
  9.3011E+00  4.8602E+00  4.6562E+00
  9.3240E+00  4.6503E+00  4.8584E+00
  9.3859E+00  5.0747E+00  4.9107E+00
  9.0164E+00  5.2352E+00  4.6102E+00
  9.8295E+00  4.3930E+00  4.4321E+00
  9.8440E+00  3.6550E+00  3.6150E+00
  1.0148E+01  3.8523E+00  3.9066E+00
  9.7499E+00  4.3140E+00  3.7944E+00
  1.0309E+01  3.1909E+00  2.9047E+00
  1.0138E+01  2.8440E+00  2.0478E+00
  1.0361E+01  2.5652E+00  2.1866E+00
  1.0746E+01  3.0386E+00  2.0646E+00
  1.0383E+01  3.2382E+00  2.0662E+00
  1.0055E+01  2.9829E+00  1.6214E+00
  9.6070E+00  2.9811E+00  4.7051E-01
  9.5336E+00  3.6801E+00  7.3828E-01
  9.1453E+00  3.7941E+00  1.0258E+00
  8.4071E+00  3.5076E+00  2.7175E-01
  8.3608E+00  3.6286E+00  8.9490E-01
  8.4758E+00  3.5206E+00  9.6978E-01
  8.4433E+00  3.4280E+00  1.1871E+00
  8.9637E+00  3.8654E+00  1.3792E+00
  9.2503E+00  4.4502E+00  1.5258E+00
  8.8033E+00  4.6784E+00  1.9743E+00
  8.4798E+00  4.3727E+00  7.6647E-01
  8.8235E+00  5.4531E+00  4.8688E-01
  8.6812E+00  5.2795E+00  4.8783E-01
  8.3903E+00  4.5359E+00  9.5916E-01
  8.5097E+00  4.5060E+00  7.2151E-01
  8.0484E+00  4.8401E+00  5.1866E-01
  7.6844E+00  4.4615E+00  5.9057E-01
  7.8302E+00  4.4554E+00  4.4639E-02
  7.6780E+00  4.6270E+00  5.3556E-01
  7.6406E+00  5.1552E+00  1.5820E-01
  8.0028E+00  4.8612E+00  1.9100E-02
  7.6125E+00  5.4494E+00  1.0029E-01
  7.4958E+00  5.7754E+00  3.1915E-01
  7.5618E+00  5.6105E+00  2.2248E-01
  7.6022E+00  5.4304E+00  3.1908E-01
  7.5795E+00  5.7139E+00  3.5203E-01
  7.3957E+00  5.5022E+00  3.7374E-01
  7.3819E+00  5.8382E+00  7.3812E-01
  7.8498E+00  5.7439E+00 -1.7235E-01
  7.7103E+00  5.1385E+00  2.2722E-01
  7.7103E+00  5.0214E+00  1.5617E-01
  7.6950E+00  4.7820E+00 -9.2503E-02
  7.7958E+00  4.7502E+00  5.5723E-01
  7.8921E+00  4.7505E+00  3.5663E-01
  7.8419E+00  5.1095E+00  5.0611E-01
  8.0514E+00  4.5615E+00  8.4160E-01
  8.6319E+00  4.4105E+00  6.4348E-01
  8.7204E+00  4.5878E+00  1.1639E+00
  8.8646E+00  4.6170E+00  1.5049E+00
  9.4485E+00  4.5202E+00  1.2500E+00
  9.5996E+00  4.4961E+00  1.3928E+00
  9.5669E+00  4.2154E+00  1.5487E+00
  9.4797E+00  4.1163E+00  1.8523E+00
  9.3300E+00  3.5295E+00  2.2581E+00
  1.0085E+01  3.9284E+00  2.4174E+00
  9.6502E+00  3.8670E+00  2.5215E+00
  9.9571E+00  3.8723E+00  2.3693E+00
  9.3655E+00  4.0647E+00  2.7129E+00
  9.9978E+00  4.2355E+00  2.3053E+00
  9.1684E+00  4.4719E+00  2.5742E+00
  9.6344E+00  4.2839E+00  2.0576E+00
  9.3914E+00  4.1938E+00  2.5030E+00
  9.9279E+00  4.1952E+00  2.3986E+00
  9.6719E+00  4.5009E+00  2.4104E+00
  9.4759E+00  4.6564E+00  2.1436E+00
  9.7385E+00  4.8387E+00  2.3343E+00
  9.5850E+00  4.8689E+00  2.0777E+00
  9.4158E+00  4.8886E+00  1.9716E+00
  9.6608E+00  4.6991E+00  1.8907E+00
  9.8015E+00  4.8496E+00  1.8842E+00
  9.7025E+00  4.9615E+00  1.9151E+00
  9.8213E+00  4.9265E+00  1.4215E+00
  9.6803E+00  5.2481E+00  1.6952E+00
  9.6535E+00  5.2504E+00  1.0585E+00
  9.4977E+00  5.0872E+00  1.7200E+00
  8.6764E+00  4.4429E+00  1.2512E+00
  8.5492E+00  4.1836E+00  1.3468E+00
