  1.1499E+01  1.1436E+01 -6.1569E-01
  1.1508E+01  1.1959E+01  4.4118E-01
  1.2437E+01  1.1202E+01  1.1975E+00
  1.2318E+01  1.1079E+01  8.5782E-01
  1.2208E+01  1.1571E+01  6.9612E-01
  1.2220E+01  1.1272E+01  8.6100E-01
  1.2233E+01  1.1395E+01  5.6705E-01
  1.2346E+01  1.1604E+01  1.0274E+00
  1.2519E+01  1.1037E+01  1.0405E+00
  1.2341E+01  1.1740E+01  8.7089E-01
  1.2073E+01  1.1143E+01  1.1097E+00
  1.2354E+01  1.1432E+01  8.9714E-01
  1.2439E+01  1.1246E+01  1.0823E+00
 -1.2323E+01  1.1613E+01  1.2030E+00
 -1.2514E+01  1.1474E+01  1.4881E+00
  1.2507E+01  1.1308E+01  1.6058E+00
 -1.2522E+01  1.1341E+01  1.9468E+00
 -1.2552E+01  1.1429E+01  1.7980E+00
  1.2569E+01  1.1497E+01  1.6058E+00
  1.2174E+01  1.1390E+01  1.6005E+00
  1.2219E+01  1.1560E+01  1.3258E+00
  1.1863E+01  1.1280E+01  1.1991E+00
  1.1889E+01  1.1606E+01  1.2656E+00
  1.1529E+01  1.1163E+01  1.3971E+00
  1.1712E+01  1.1581E+01  1.3727E+00
  1.1783E+01  1.1527E+01  1.5585E+00
  1.1354E+01  1.0992E+01  1.9543E+00
  1.0890E+01  1.1848E+01  2.0387E+00
  1.1234E+01  1.1158E+01  2.3880E+00
  1.1280E+01  1.1862E+01  2.5997E+00
  1.0955E+01  1.2521E+01  2.9974E+00
  1.1618E+01 -1.2086E+01  3.7497E+00
  1.1817E+01 -1.2347E+01  4.7249E+00
  1.1707E+01 -1.2538E+01  4.8696E+00
  1.1742E+01 -1.2379E+01  4.2050E+00
  1.1388E+01 -1.1695E+01  3.5484E+00
  1.0432E+01 -1.1854E+01  3.1701E+00
  1.1263E+01 -1.1686E+01  3.0497E+00
  1.0538E+01 -1.1497E+01  3.0154E+00
  1.0612E+01 -1.1623E+01  3.1440E+00
  1.0747E+01 -1.1599E+01  2.9509E+00
  1.0096E+01 -1.1370E+01  2.5715E+00
  1.0138E+01 -1.1286E+01  2.3315E+00
  9.9626E+00 -1.1229E+01  2.3831E+00
  9.8881E+00 -1.1048E+01  2.3096E+00
  9.8903E+00 -1.1245E+01  2.3030E+00
  9.7838E+00 -1.1378E+01  1.8889E+00
  9.5870E+00 -1.1475E+01  1.7849E+00
  9.7210E+00 -1.1842E+01  1.8349E+00
  9.3560E+00 -1.1688E+01  1.3886E+00
  9.1136E+00 -1.1734E+01  1.3592E+00
  8.7981E+00 -1.1701E+01  1.8173E+00
  8.7589E+00 -1.1809E+01  1.6619E+00
  8.9695E+00 -1.2121E+01  1.6320E+00
  8.8152E+00 -1.1941E+01  1.8899E+00
  8.6844E+00 -1.1844E+01  1.8598E+00
  8.6716E+00 -1.1929E+01  1.8576E+00
  8.5981E+00 -1.1919E+01  2.2157E+00
  8.4646E+00 -1.1796E+01  2.3729E+00
  8.5184E+00 -1.2038E+01  2.4779E+00
  8.5461E+00 -1.2104E+01  2.4029E+00
  8.7102E+00 -1.2172E+01  2.8204E+00
  8.5716E+00 -1.2172E+01  2.8472E+00
  8.5696E+00 -1.2216E+01  3.1092E+00
  8.4935E+00 -1.2534E+01  2.9258E+00
  8.2322E+00  1.2563E+01  2.9066E+00
  7.9744E+00  1.2560E+01  3.0038E+00
  7.6494E+00 -1.2201E+01  3.0253E+00
  7.2521E+00 -1.2138E+01  2.9428E+00
  7.1223E+00 -1.2142E+01  3.2243E+00
  6.8842E+00 -1.1787E+01  3.1763E+00
  6.7976E+00 -1.1764E+01  3.3003E+00
  6.5493E+00 -1.1744E+01  3.1226E+00
  6.3085E+00 -1.1330E+01  2.9281E+00
  6.3086E+00 -1.1452E+01  2.8374E+00
  6.3323E+00 -1.1315E+01  2.8755E+00
  5.7946E+00 -1.0964E+01  2.7379E+00
  6.0121E+00 -1.0823E+01  2.8817E+00
  5.6490E+00 -1.0358E+01  2.0514E+00
  5.9239E+00 -1.0691E+01  2.5658E+00
  5.6794E+00 -1.0752E+01  2.0259E+00
  5.6371E+00 -1.0595E+01  2.2672E+00
  5.7238E+00 -1.0256E+01  1.0081E+00
  6.2317E+00 -9.9751E+00  5.3863E-01
  6.5443E+00 -9.7251E+00  1.2111E+00
  5.8718E+00 -1.0611E+01  1.5309E+00
  6.1857E+00 -1.0791E+01  1.6827E+00
  6.7429E+00 -1.0870E+01  1.6619E+00
  7.0861E+00 -1.1336E+01  1.5163E+00
  6.9181E+00 -1.1209E+01  1.3624E+00
  6.4935E+00 -1.0493E+01  2.1169E+00
  5.4757E+00 -1.1009E+01  2.5317E+00
  6.2674E+00 -1.2084E+01  2.6051E+00
  6.3513E+00 -1.2427E+01  1.7037E+00
  6.5911E+00 -1.1699E+01  2.1092E+00
  6.2762E+00 -1.2162E+01  1.8539E+00
  6.2665E+00 -1.2522E+01  2.2798E+00
  5.7801E+00  1.2476E+01  2.8676E+00
  5.5838E+00 -1.2032E+01  3.6217E+00
  6.1029E+00 -1.1175E+01  2.9974E+00
  5.1076E+00 -1.1093E+01  2.4598E+00
  4.7383E+00 -1.1271E+01  2.6278E+00
  5.4037E+00 -1.1037E+01  2.5693E+00
  5.9322E+00 -1.1313E+01  2.7842E+00
  5.0871E+00 -1.1660E+01  2.6003E+00
  4.6935E+00 -1.1710E+01  1.8503E+00
  4.8442E+00 -1.1833E+01  1.8516E+00
  5.8244E+00 -1.1854E+01  1.9928E+00
  5.3769E+00 -1.1773E+01  1.5904E+00
  5.1634E+00 -1.1863E+01  1.5416E+00
  5.0054E+00 -1.1973E+01  1.4084E+00
  4.9991E+00 -1.2220E+01  1.4441E+00
  5.1824E+00 -1.2482E+01  1.8700E+00
  5.0938E+00 -1.2437E+01  2.0133E+00
  4.2866E+00  1.2459E+01  1.8282E+00
  4.4054E+00  1.1690E+01  7.5388E-01
  4.0702E+00  1.1680E+01  8.6072E-01
  4.0909E+00  1.1229E+01  8.7551E-01
  4.5403E+00  1.0912E+01  7.4842E-01
  4.6133E+00  1.1132E+01  4.9640E-01
  4.3385E+00  1.1070E+01  1.2472E+00
  4.5457E+00  1.0943E+01  1.8992E+00
  4.8982E+00  1.1397E+01  2.3713E+00
  5.4913E+00  1.2028E+01  2.4564E+00
  6.3247E+00  1.2492E+01  2.3884E+00
  5.7861E+00 -1.2360E+01  2.3972E+00
  6.3603E+00 -1.2238E+01  2.6633E+00
  6.2095E+00 -1.1625E+01  2.0138E+00
  5.7527E+00 -1.1225E+01  1.8349E+00
  6.2387E+00 -1.0980E+01  2.0966E+00
  6.5678E+00 -1.1095E+01  2.2357E+00
  6.6200E+00 -1.1027E+01  1.5081E+00
  6.7587E+00 -1.1467E+01  1.1319E+00
  7.1579E+00 -1.1870E+01  1.2168E+00
  6.8247E+00 -1.1968E+01  3.0884E-01
  6.0314E+00 -1.2527E+01  4.3449E-01
  6.0058E+00  1.2520E+01  1.7755E-01
  5.8679E+00 -1.2557E+01  5.9990E-02
  6.0628E+00 -1.2581E+01 -1.9554E-01
  5.8266E+00 -1.2469E+01  3.0735E-01
  6.0485E+00  1.2310E+01  1.8176E-01
  6.1577E+00 -1.2073E+01  3.9776E-01
  6.9918E+00 -1.1997E+01  4.0444E-01
  7.9143E+00  1.2542E+01  8.0496E-01
  8.1727E+00  1.1701E+01  1.0266E+00
  9.0318E+00  1.1029E+01  3.0252E-01
  8.7887E+00  1.0704E+01  8.9745E-01
  9.0937E+00  1.0915E+01  6.7949E-01
  9.5039E+00  1.0754E+01  2.6181E-01
  9.4867E+00  1.0933E+01  2.4392E-01
  9.9251E+00  1.1008E+01  2.0721E-01
  1.0099E+01  1.1132E+01  1.4387E-02
  1.0031E+01  1.1030E+01 -1.8280E-01
  9.8363E+00  1.0570E+01 -4.3402E-01
  9.7675E+00  1.0901E+01 -3.9947E-01
  9.8969E+00  1.1006E+01 -2.1663E-01
  1.0024E+01  1.1199E+01  3.1356E-01
  9.9931E+00  1.1083E+01  3.8178E-01
  1.0135E+01  1.1216E+01  2.7267E-01
  1.0139E+01  1.1322E+01  4.0020E-01
  1.0301E+01  1.1078E+01  3.6048E-01
  1.0126E+01  1.1249E+01  5.6467E-01
  1.0106E+01  1.1104E+01  8.0926E-01
  9.8200E+00  1.1256E+01  7.2793E-01
  1.0054E+01  1.1340E+01  4.9608E-01
  9.8126E+00  1.1073E+01  3.0658E-01
  1.0373E+01  1.1160E+01  4.2034E-01
  1.0550E+01  1.1487E+01  7.3747E-02
  1.0335E+01  1.1385E+01  7.0764E-02
  1.0600E+01  1.2011E+01 -1.1752E-01
  1.0189E+01  1.1650E+01 -4.7831E-01
  9.7032E+00  1.1665E+01  1.4607E-01
  1.0099E+01  1.1860E+01  1.7210E-01
  1.0378E+01  1.1922E+01 -6.3795E-01
  1.0358E+01  1.1746E+01 -3.0560E-01
  9.8117E+00  1.1557E+01 -3.3152E-01
  1.0720E+01  1.1716E+01  5.0241E-01
  1.0236E+01  1.1469E+01  3.3522E-01
  1.0681E+01  1.1406E+01  3.0504E-01
  1.0899E+01  1.1199E+01  7.6593E-01
  1.0794E+01  1.1076E+01  1.0166E+00
  1.0795E+01  1.1054E+01  9.8445E-01
  1.0614E+01  1.1569E+01  7.1902E-01
  1.1281E+01  1.0929E+01  1.0774E+00
  1.0707E+01  1.0517E+01  1.4502E+00
  1.1343E+01  1.0313E+01  1.2162E+00
  1.1035E+01  9.7094E+00  1.1465E+00
  1.1189E+01  9.9635E+00  1.0329E+00
  1.1149E+01  9.6902E+00  1.3204E+00
  1.0906E+01  9.2136E+00  1.7077E+00
  1.1365E+01  9.5821E+00  1.4180E+00
  1.1373E+01  9.4924E+00  2.1733E+00
  1.0335E+01  9.3776E+00  3.0520E+00
  1.0897E+01  9.4877E+00  2.9962E+00
  1.0662E+01  9.2049E+00  3.2603E+00
  1.1038E+01  9.3150E+00  3.4749E+00
  1.0169E+01  9.4882E+00  3.8166E+00
  1.0102E+01  8.5405E+00  3.5724E+00
  1.0385E+01  8.5363E+00  3.8074E+00
  1.0650E+01  9.2090E+00  4.0377E+00
  1.0546E+01  1.0060E+01  3.6080E+00
  1.0140E+01  1.0279E+01  3.3284E+00
  1.0120E+01  1.0393E+01  3.4429E+00
  9.6996E+00  1.0943E+01  2.9475E+00
  8.8365E+00  1.0788E+01  2.8963E+00
  8.6180E+00  1.0767E+01  2.2627E+00
  8.8491E+00  1.0815E+01  2.2317E+00
  8.4314E+00  1.0431E+01  2.2880E+00
  8.9005E+00  1.0500E+01  3.2303E+00
  9.2464E+00  1.0101E+01  3.0226E+00
  9.3768E+00  1.0333E+01  3.2733E+00
  9.5871E+00  1.0400E+01  3.0812E+00
  9.2878E+00  1.0159E+01  2.4773E+00
  9.4258E+00  1.0299E+01  2.3184E+00
  9.3400E+00  9.0200E+00  1.5813E+00
  9.0452E+00  9.4552E+00  1.3498E+00
  8.7675E+00  8.6029E+00  1.2665E+00
  8.7604E+00  9.1287E+00  1.0447E+00
  8.6093E+00  8.6719E+00  1.3299E+00
  8.7769E+00  8.7572E+00  1.5906E+00
  8.2492E+00  8.6011E+00  2.0566E+00
  8.7899E+00  9.0279E+00  2.5015E+00
  8.5311E+00  8.3109E+00  2.6753E+00
  8.0191E+00  8.5167E+00  3.6793E+00
  8.4224E+00  8.6952E+00  3.7129E+00
  7.9359E+00  8.6442E+00  4.1742E+00
  7.1118E+00  8.2444E+00  4.1199E+00
  6.6435E+00  8.0536E+00  4.0611E+00
  6.3021E+00  7.8991E+00  4.0672E+00
  6.3664E+00  8.1348E+00  2.8925E+00
  6.4094E+00  7.8295E+00  2.6208E+00
  5.6963E+00  7.8820E+00  2.6918E+00
  5.3568E+00  7.9004E+00  3.1016E+00
  5.7031E+00  8.0529E+00  2.7935E+00
  6.4308E+00  8.0963E+00  2.4458E+00
  6.1494E+00  7.2868E+00  3.2491E+00
  6.4542E+00  7.6100E+00  2.8951E+00
  6.5678E+00  7.5225E+00  3.3662E+00
  6.9118E+00  7.8932E+00  2.7764E+00
  7.4315E+00  8.3708E+00  2.8224E+00
  7.1827E+00  8.3678E+00  2.7684E+00
  7.1857E+00  7.9812E+00  2.7777E+00
  7.4159E+00  7.6599E+00  2.7248E+00
  6.5443E+00  7.5279E+00  3.2235E+00
  6.8992E+00  7.7404E+00  2.7954E+00
  6.0198E+00  7.0221E+00  3.2643E+00
  6.4160E+00  6.5419E+00  4.4696E+00
  6.0019E+00  6.2794E+00  4.1114E+00
  6.2178E+00  6.7575E+00  3.9611E+00
  6.5241E+00  6.3269E+00  4.8948E+00
  7.4926E+00  6.2133E+00  5.2464E+00
  7.0899E+00  6.8767E+00  5.2046E+00
  6.6697E+00  6.5842E+00  4.5089E+00
  7.2616E+00  6.8571E+00  5.0758E+00
  8.2652E+00  6.7020E+00  4.8274E+00
  8.0726E+00  6.7558E+00  4.6306E+00
  7.5106E+00  7.1306E+00  4.0423E+00
  7.6981E+00  7.2020E+00  4.2842E+00
  8.0379E+00  6.7472E+00  4.7687E+00
  8.0046E+00  7.0179E+00  4.8680E+00
  7.4816E+00  7.1736E+00  4.8131E+00
  7.2374E+00  6.9181E+00  4.7684E+00
  7.3338E+00  6.9544E+00  5.0167E+00
  7.8912E+00  7.2497E+00  5.0911E+00
  7.3406E+00  6.6465E+00  5.2963E+00
  6.9806E+00  6.2918E+00  4.9177E+00
  7.0264E+00  6.5670E+00  4.8220E+00
  7.3022E+00  6.8045E+00  5.0817E+00
  7.9399E+00  6.9772E+00  5.3376E+00
  8.3610E+00  6.6852E+00  5.2280E+00
  8.7539E+00  6.9954E+00  5.3555E+00
  9.3510E+00  7.3176E+00  5.3222E+00
  9.7599E+00  7.7987E+00  5.2678E+00
  9.6219E+00  7.4253E+00  5.4484E+00
  9.5622E+00  7.6434E+00  5.2571E+00
  1.0742E+01  8.0099E+00  4.6401E+00
  1.0613E+01  8.5024E+00  3.4068E+00
  1.0744E+01  8.7813E+00  3.3548E+00
  1.0618E+01  8.8156E+00  2.5870E+00
  1.0485E+01  8.6129E+00  2.2172E+00
  1.0107E+01  8.7659E+00  2.0051E+00
  9.8699E+00  8.7415E+00  1.6069E+00
  9.4826E+00  8.6200E+00  1.3884E+00
  9.2904E+00  8.3947E+00  1.3534E+00
  9.0408E+00  8.3159E+00  1.5506E+00
  8.8234E+00  8.0706E+00  1.2065E+00
  9.0227E+00  7.9490E+00  1.1846E+00
  9.0423E+00  7.4732E+00  1.4332E+00
  9.1456E+00  7.0411E+00  2.5439E+00
  9.1784E+00  6.4037E+00  2.9597E+00
  9.1708E+00  5.9983E+00  3.0060E+00
  8.9939E+00  5.7335E+00  2.4010E+00
  7.7017E+00  5.2100E+00  2.1170E+00
  7.4945E+00  4.8315E+00  2.0628E+00
  7.2842E+00  4.3103E+00  1.9259E+00
  7.3718E+00  3.9477E+00  1.8435E+00
  7.3599E+00  3.8536E+00  2.1188E+00
  7.6528E+00  3.3888E+00  2.2991E+00
  7.8278E+00  3.5546E+00  1.8039E+00
  7.6849E+00  3.7985E+00  2.0886E+00
  7.1749E+00  4.5918E+00  2.1751E+00
  7.0756E+00  5.3662E+00  2.3874E+00
  7.1130E+00  5.8370E+00  2.3956E+00
  7.5216E+00  5.1769E+00  3.2246E+00
  8.4511E+00  4.2017E+00  2.4520E+00
  9.0980E+00  4.6990E+00  2.0645E+00
  9.2082E+00  5.5732E+00  2.3988E+00
  8.8700E+00  6.0339E+00  2.4930E+00
  9.0439E+00  5.7747E+00  2.1386E+00
  8.8420E+00  5.7687E+00  2.7441E+00
  8.5339E+00  5.8247E+00  2.9325E+00
  8.6660E+00  5.8427E+00  2.9350E+00
  8.9612E+00  5.5470E+00  2.7512E+00
  8.9124E+00  5.5118E+00  3.0234E+00
  8.8246E+00  5.7886E+00  3.1167E+00
  9.0631E+00  5.7134E+00  2.9875E+00
  9.3135E+00  5.3634E+00  3.2000E+00
  9.5140E+00  5.3361E+00  3.5562E+00
  9.4298E+00  5.5908E+00  3.4108E+00
  9.3327E+00  5.5983E+00  3.3424E+00
  9.6173E+00  5.4024E+00  3.5855E+00
  9.8233E+00  5.1517E+00  3.4703E+00
  9.8568E+00  5.1806E+00  3.3601E+00
  9.8449E+00  5.1906E+00  3.1532E+00
  1.0054E+01  5.0422E+00  3.0640E+00
  9.9470E+00  4.7556E+00  2.7168E+00
  1.0036E+01  4.6311E+00  2.3488E+00
  1.0310E+01  4.5610E+00  2.2762E+00
  1.0219E+01  4.3482E+00  2.1010E+00
  1.0497E+01  3.9514E+00  1.6101E+00
  1.0154E+01  4.0226E+00  1.0881E+00
  1.0115E+01  3.7299E+00  6.6671E-01
  9.8394E+00  4.0185E+00  5.4764E-01
  8.7310E+00  4.1246E+00  2.6598E-02
  8.5018E+00  4.2347E+00 -2.1040E-01
  8.4459E+00  4.4178E+00 -1.5491E-01
  8.1958E+00  4.9767E+00  8.8623E-03
  8.2338E+00  4.9599E+00  1.9942E-01
  8.3363E+00  4.9462E+00  5.0031E-01
  8.3967E+00  4.5515E+00  1.8337E-01
  8.9058E+00  5.1122E+00  5.3408E-01
  8.9396E+00  5.4257E+00  4.1942E-01
  9.4072E+00  5.3637E+00  7.7525E-01
  9.6922E+00  5.1860E+00  1.1419E+00
  9.6077E+00  4.8754E+00  1.6374E+00
  9.5990E+00  5.2334E+00  1.6827E+00
  9.7286E+00  5.2292E+00  9.8347E-01
  9.8028E+00  5.1725E+00  1.1162E+00
  9.4251E+00  4.9186E+00  1.1275E+00
  9.0664E+00  5.0216E+00  3.7066E-01
  9.0849E+00  4.7186E+00  8.3751E-01
  8.9360E+00  5.4564E+00  4.9860E-01
  9.1101E+00  5.0585E+00  4.8014E-01
  9.2479E+00  5.6860E+00  2.2300E-01
  9.1019E+00  5.5825E+00 -8.9475E-02
  8.8120E+00  5.0429E+00  2.6263E-01
  9.0174E+00  5.2217E+00  2.6817E-01
  9.0545E+00  5.0997E+00  8.6873E-02
  8.7065E+00  4.7129E+00  3.5699E-01
  8.7898E+00  5.1813E+00 -1.0139E-01
  8.4508E+00  4.9498E+00  1.5479E-01
  9.0023E+00  4.8627E+00  2.3685E-01
  9.1019E+00  4.8602E+00 -2.8091E-01
  8.9678E+00  5.1208E+00 -6.6905E-01
  9.0356E+00  5.2673E+00 -5.8176E-01
  8.8725E+00  4.9898E+00 -4.7014E-01
  9.2758E+00  5.2003E+00 -3.7143E-02
  9.2632E+00  4.6075E+00  5.2128E-01
  9.3077E+00  5.2451E+00  3.6549E-01
  9.6152E+00  5.5258E+00  8.9132E-01
  1.0146E+01  5.0622E+00  1.0460E+00
  1.0355E+01  4.7159E+00  1.2990E+00
  1.0292E+01  3.9953E+00  2.3835E+00
  1.0387E+01  3.8505E+00  2.5042E+00
  1.0696E+01  4.2104E+00  2.5476E+00
  1.0712E+01  4.1788E+00  2.7178E+00
  1.0725E+01  3.7954E+00  2.7647E+00
  1.0665E+01  3.3621E+00  3.6882E+00
  1.0321E+01  2.6000E+00  2.9865E+00
  9.4901E+00  2.6293E+00  3.0827E+00
  1.0253E+01  2.8635E+00  2.5068E+00
  1.0685E+01  3.3625E+00  3.3237E+00
  1.0192E+01  3.5163E+00  2.0154E+00
  1.0231E+01  2.9320E+00  2.3558E+00
  1.0399E+01  3.0760E+00  2.4178E+00
  9.8664E+00  2.7760E+00  2.9028E+00
  1.0192E+01  3.1236E+00  2.7335E+00
  1.0320E+01  3.5511E+00  2.7245E+00
  9.3221E+00  3.3929E+00  2.4267E+00
  9.4926E+00  3.5147E+00  2.7334E+00
  9.9171E+00  3.5399E+00  2.4209E+00
  9.8427E+00  3.2933E+00  2.4035E+00
  1.0141E+01  3.3954E+00  2.0907E+00
  1.0384E+01  3.6843E+00  1.4951E+00
  1.0494E+01  3.5796E+00  1.4934E+00
  1.0212E+01  4.0275E+00  9.8875E-01
  9.8793E+00  3.8231E+00  6.2928E-01
  9.8734E+00  4.6132E+00  3.3932E-01
  9.9847E+00  4.6086E+00  5.2113E-01
  9.8234E+00  4.7298E+00  7.5503E-01
