 -1.2554E+01 -9.9990E+00 -8.4547E-02
 -1.2421E+01 -1.0568E+01 -3.5713E-01
 -1.2376E+01 -1.0216E+01  3.2030E-01
  1.2574E+01 -1.0467E+01  6.3289E-01
 -1.2581E+01 -1.0312E+01  4.7497E-02
  1.2568E+01 -1.0390E+01 -5.9633E-02
  1.2537E+01 -1.1080E+01 -3.1489E-01
  1.2158E+01 -1.1087E+01 -6.1044E-01
  1.1680E+01 -1.1209E+01 -8.1439E-01
  1.1571E+01 -1.1138E+01 -7.6329E-01
  1.1412E+01 -1.1364E+01 -8.5160E-01
  1.0941E+01 -1.1190E+01 -1.1471E+00
  1.0884E+01 -1.1087E+01 -1.2420E+00
  1.1055E+01 -1.0869E+01 -1.1102E+00
  1.0661E+01 -1.0419E+01 -1.3056E+00
  1.0521E+01 -1.0565E+01 -1.5832E+00
  1.0839E+01 -1.0530E+01 -1.3634E+00
  1.0802E+01 -1.0396E+01 -1.1764E+00
  1.0294E+01 -1.0488E+01 -1.8307E+00
  1.0609E+01 -1.0812E+01 -1.7085E+00
  1.0695E+01 -1.0549E+01 -6.5555E-01
  1.0766E+01 -1.1013E+01 -1.7169E+00
  1.0949E+01 -1.0943E+01 -1.6835E+00
  1.0739E+01 -1.0629E+01 -3.2012E-01
  1.1257E+01 -1.1346E+01 -1.6602E+00
  1.0441E+01 -1.1245E+01 -1.6974E+00
  1.1120E+01 -1.2005E+01 -1.0017E+00
  1.1224E+01 -1.2234E+01 -3.5579E-01
  1.0733E+01 -1.1633E+01  3.5013E-01
  1.2211E+01 -1.1253E+01  5.7793E-01
  1.2142E+01 -1.0817E+01 -4.7072E-01
  1.0992E+01 -1.0904E+01 -5.7128E-01
  1.1112E+01 -1.0258E+01 -1.5732E-01
  1.0987E+01 -1.0686E+01 -3.4292E-01
  1.1294E+01 -1.1585E+01 -3.4139E-01
  1.1578E+01 -1.1720E+01  1.9649E-01
  1.1631E+01 -1.2025E+01  8.6122E-01
  1.1181E+01 -1.2026E+01  5.8626E-01
  1.0365E+01 -1.2230E+01 -3.9193E-02
  1.0326E+01 -1.1832E+01  3.9949E-01
  9.8215E+00  1.2402E+01  4.9277E-01
  9.4400E+00 -1.2137E+01  6.5638E-01
  9.0301E+00 -1.2558E+01  7.7049E-01
  9.0632E+00  1.2318E+01  1.1368E+00
  8.7902E+00  1.1998E+01  1.4068E+00
  8.4812E+00  1.2127E+01  1.0940E+00
  8.4702E+00  1.1747E+01  1.5676E+00
  7.8866E+00  1.1645E+01  1.5175E+00
  8.5826E+00  1.1611E+01  6.7628E-01
  8.2479E+00  1.1190E+01  1.3729E+00
  8.2737E+00  1.1298E+01  1.2444E+00
  8.1755E+00  1.1089E+01  1.7728E+00
  8.3282E+00  1.1053E+01  1.5714E+00
  8.3490E+00  1.1016E+01  1.4190E+00
  8.4316E+00  1.1062E+01  1.3096E+00
  8.2618E+00  1.0719E+01  2.1412E+00
  8.3379E+00  1.1132E+01  1.5463E+00
  7.3693E+00  1.0878E+01  2.2957E+00
  6.8181E+00  1.1550E+01  2.7643E+00
  6.6782E+00  1.1635E+01  2.9249E+00
  7.3640E+00  1.1095E+01  2.0219E+00
  7.0657E+00  1.1584E+01  1.6889E+00
  6.4980E+00  1.2090E+01  2.0182E+00
  6.2700E+00  1.1969E+01  2.2529E+00
  6.1312E+00  1.2149E+01  2.3900E+00
  5.9896E+00  1.2053E+01  3.0357E+00
  5.7257E+00  1.2245E+01  3.3468E+00
  5.6848E+00  1.2455E+01  3.1236E+00
  5.4048E+00  1.2496E+01  3.1785E+00
  5.0924E+00  1.2518E+01  3.5217E+00
  5.1575E+00  1.2413E+01  3.4526E+00
  5.0201E+00  1.2205E+01  3.2334E+00
  4.7120E+00  1.2357E+01  3.0902E+00
  5.1181E+00  1.2203E+01  2.9756E+00
  5.0061E+00  1.2444E+01  2.5921E+00
  4.8926E+00  1.2407E+01  2.4354E+00
  5.1710E+00  1.2286E+01  2.3252E+00
  4.6619E+00  1.2375E+01  1.7881E+00
  5.0073E+00  1.1923E+01  1.8543E+00
  4.9719E+00  1.2170E+01  1.4592E+00
  4.9862E+00  1.2206E+01  1.9106E+00
  5.0227E+00  1.2155E+01  1.6128E+00
  5.0217E+00  1.2000E+01  1.1695E+00
  4.6174E+00  1.1427E+01  8.7668E-01
  5.0506E+00  1.1470E+01  6.3521E-01
  4.9959E+00  1.1799E+01  9.6912E-01
  4.4014E+00  1.1280E+01  1.3401E+00
  5.2494E+00  1.1332E+01  7.5939E-01
  5.3693E+00  1.1018E+01  9.5716E-01
  5.6766E+00  1.0735E+01  6.9143E-01
  5.4446E+00  1.0589E+01  3.3402E-01
  5.5020E+00  1.0937E+01  4.9030E-01
  5.7390E+00  1.1281E+01  8.7808E-01
  5.5202E+00  1.1088E+01  9.3901E-01
  5.1061E+00  1.1355E+01  9.8687E-01
  5.0844E+00  1.1288E+01  1.0194E+00
  5.3633E+00  1.1347E+01  6.7271E-01
  5.2682E+00  1.1307E+01  4.9818E-01
  5.0304E+00  1.1581E+01  1.7887E-01
  4.8304E+00  1.1493E+01 -8.2354E-02
  4.5181E+00  1.1499E+01  2.7628E-01
  4.6337E+00  1.1742E+01  6.6941E-02
  4.4910E+00  1.1393E+01  3.1540E-01
  4.4506E+00  1.1109E+01  7.0662E-02
  4.4200E+00  1.0954E+01 -1.4705E-01
  4.2685E+00  1.1752E+01  1.0550E-01
  4.1070E+00  1.1940E+01 -1.8672E-01
  3.4237E+00  1.1460E+01  3.9361E-01
  3.3757E+00  1.1157E+01  4.0317E-01
  3.4882E+00  1.1499E+01 -8.4057E-01
  3.2127E+00  1.1505E+01  2.4005E-01
  3.4710E+00  1.1437E+01  2.5332E-02
  3.7662E+00  1.1226E+01 -1.1619E+00
  3.3459E+00  1.0899E+01  1.0212E-01
  3.6988E+00  1.1245E+01 -4.8497E-01
  3.1630E+00  1.1492E+01 -1.4493E+00
  3.3184E+00  1.0593E+01 -1.1514E+00
  3.3613E+00  1.0504E+01 -1.0157E+00
  3.6675E+00  1.1127E+01 -1.6772E+00
  4.0104E+00  1.0356E+01 -1.0609E+00
  4.1026E+00  1.0052E+01 -9.9211E-01
  3.9388E+00  1.0038E+01 -8.3986E-01
  4.1579E+00  1.0186E+01 -1.2998E+00
  4.3583E+00  9.5730E+00 -1.2429E+00
  4.5876E+00  9.7257E+00 -1.1072E+00
  4.7663E+00  9.7838E+00 -1.0970E+00
  4.8801E+00  9.4039E+00 -5.6831E-01
  5.0219E+00  9.4972E+00 -7.4866E-01
  5.0486E+00  9.1970E+00 -6.0769E-01
  5.4139E+00  9.5739E+00 -4.0682E-01
  5.4295E+00  9.8855E+00 -4.3477E-01
  5.2869E+00  9.7267E+00 -1.7704E-01
  5.1564E+00  9.9447E+00 -2.8479E-01
  5.0716E+00  9.9294E+00 -4.0755E-01
  4.9589E+00  9.8133E+00 -3.5656E-01
  4.9819E+00  9.9826E+00 -2.9387E-01
  4.8485E+00  9.6448E+00 -7.8283E-02
  4.8834E+00  9.7350E+00 -1.8951E-01
  5.0863E+00  9.6627E+00 -5.0216E-03
  4.9982E+00  9.8422E+00  1.5655E-01
  5.1707E+00  9.9592E+00  5.6314E-01
  5.1256E+00  9.8716E+00  4.8999E-01
  5.1225E+00  1.0048E+01  4.0691E-01
  5.2392E+00  9.9539E+00  4.8094E-01
  5.2390E+00  1.0007E+01  4.8290E-01
  5.3480E+00  1.0160E+01  4.7054E-01
  5.3007E+00  9.7206E+00  2.1704E-01
  5.4312E+00  1.0188E+01  2.0787E-01
  5.1961E+00  9.5412E+00  1.6304E-03
  4.8851E+00  1.0336E+01  1.8154E-01
  5.2952E+00  9.9229E+00 -2.5387E-01
  5.0010E+00  1.0011E+01 -1.4907E-01
  4.5945E+00  1.0064E+01  1.8993E-01
  5.1011E+00  9.8431E+00 -4.3960E-02
  5.0199E+00  1.0361E+01 -8.5498E-02
  5.2022E+00  1.0333E+01 -1.2743E-01
  5.5226E+00  9.7032E+00 -1.0808E-01
  5.5344E+00  9.2017E+00 -4.3383E-01
  5.3256E+00  8.7745E+00  3.4288E-01
  5.9354E+00  9.1773E+00  5.2061E-01
  5.7498E+00  9.5150E+00  9.0287E-01
  5.9931E+00  8.8467E+00  9.4187E-01
  5.9767E+00  8.4293E+00  5.8080E-01
  5.8857E+00  9.1875E+00  2.4391E-01
  6.5234E+00  9.3866E+00  3.5371E-01
  6.7144E+00  9.3871E+00  6.2151E-01
  6.7196E+00  1.0199E+01  6.3973E-01
  6.6840E+00  1.0008E+01  4.4496E-01
  6.6489E+00  9.8258E+00  3.5946E-01
  6.8100E+00  1.0073E+01  2.9938E-01
  6.9297E+00  1.0421E+01 -1.8767E-01
  7.0739E+00  1.0584E+01  1.8124E-02
  6.6372E+00  1.0543E+01  4.5885E-01
  7.5045E+00  1.0826E+01  4.8452E-01
  6.8767E+00  1.0937E+01  9.5667E-02
  7.5026E+00  1.0813E+01  3.2015E-01
  7.3610E+00  1.0939E+01 -3.8115E-01
  7.7411E+00  1.0812E+01 -1.8905E-01
  7.5619E+00  1.0499E+01  2.2342E-01
  8.0310E+00  1.0331E+01  4.6512E-01
  7.7797E+00  1.0091E+01  5.3781E-01
  7.5166E+00  1.0158E+01  2.4642E-01
  8.1472E+00  1.0051E+01  7.7272E-01
  7.7213E+00  1.0020E+01  6.1212E-01
  8.2770E+00  1.0630E+01  6.9831E-01
  7.5723E+00  9.9717E+00  3.7670E-01
  7.6560E+00  1.0135E+01  2.8756E-01
  8.1383E+00  1.0344E+01  8.5177E-01
  8.1079E+00  9.9586E+00  7.0473E-01
  7.9987E+00  9.8364E+00  6.1324E-03
  7.9442E+00  9.8536E+00  2.6129E-01
  7.9042E+00  9.6805E+00 -9.3657E-02
  8.1179E+00  9.9677E+00  5.9533E-01
  8.0950E+00  9.9062E+00  1.8102E-01
  7.9784E+00  9.8094E+00 -3.1414E-01
  7.8869E+00  9.8426E+00 -8.9393E-01
  8.3039E+00  1.0202E+01 -9.3077E-01
  8.0699E+00  9.6714E+00 -7.1167E-01
  7.9358E+00  9.5567E+00 -3.8230E-01
  7.4499E+00  9.4581E+00 -3.6878E-01
  6.8539E+00  9.7797E+00 -3.0435E-01
  6.8635E+00  9.4564E+00 -2.4489E-01
  6.6995E+00  9.5190E+00  2.2813E-01
  6.5836E+00  9.1348E+00  5.1522E-01
  6.7763E+00  8.8625E+00  1.0847E+00
  6.9060E+00  8.8744E+00  1.6241E+00
  6.3173E+00  9.6114E+00  2.0504E+00
  6.1580E+00  9.0385E+00  2.3216E+00
  6.7174E+00  9.2356E+00  1.8589E+00
  6.4939E+00  9.5793E+00  2.2846E+00
  6.7501E+00  9.4286E+00  1.7027E+00
  6.6999E+00  9.6452E+00  2.2946E+00
  6.4277E+00  9.9278E+00  2.5730E+00
  6.3169E+00  9.9559E+00  2.9290E+00
  6.3237E+00  1.0493E+01  2.9470E+00
  6.0932E+00  1.0124E+01  2.9764E+00
  6.1959E+00  1.0904E+01  2.3573E+00
  5.9973E+00  1.0062E+01  2.8929E+00
  6.3809E+00  1.0267E+01  2.5484E+00
  5.9373E+00  1.0262E+01  2.6433E+00
  6.0185E+00  1.0503E+01  2.4063E+00
  6.1283E+00  1.0216E+01  2.4730E+00
  5.9486E+00  9.6970E+00  2.6318E+00
  5.7607E+00  1.0405E+01  2.4374E+00
  5.7831E+00  1.0072E+01  2.4567E+00
  5.7014E+00  1.0249E+01  2.4797E+00
  5.5597E+00  1.0561E+01  2.4553E+00
  5.4494E+00  1.0177E+01  2.3460E+00
  5.0906E+00  1.0667E+01  2.5395E+00
  5.1890E+00  1.0562E+01  2.7297E+00
  5.4444E+00  1.0732E+01  2.9348E+00
  5.3086E+00  1.0915E+01  3.1475E+00
  5.6106E+00  1.0808E+01  3.1718E+00
  5.3778E+00  1.0444E+01  3.2231E+00
  5.9788E+00  1.0933E+01  3.1091E+00
  6.0307E+00  9.8623E+00  2.7539E+00
  6.3359E+00  9.5194E+00  2.4746E+00
  6.7813E+00  9.7969E+00  2.6287E+00
  6.9573E+00  9.9430E+00  2.3846E+00
  6.5418E+00  1.0569E+01  2.4325E+00
  6.3354E+00  1.0281E+01  2.3140E+00
  6.4770E+00  1.0085E+01  2.3771E+00
  6.4046E+00  1.0208E+01  2.4486E+00
  6.0278E+00  1.0091E+01  2.2457E+00
  5.8139E+00  9.5595E+00  2.5491E+00
  6.3026E+00  9.6218E+00  2.7480E+00
  6.0418E+00  9.7815E+00  2.8283E+00
  4.8570E+00  9.7660E+00  2.8911E+00
  4.3799E+00  1.0051E+01  2.6436E+00
  4.8409E+00  1.0507E+01  2.8232E+00
  4.7717E+00  1.0743E+01  2.5024E+00
  4.1594E+00  1.0543E+01  2.4196E+00
  4.0798E+00  1.0139E+01  3.3978E+00
  3.8918E+00  9.6015E+00  3.1796E+00
  3.5624E+00  9.8689E+00  2.6565E+00
  3.2962E+00  9.8390E+00  2.7167E+00
  3.4692E+00  9.8534E+00  3.0307E+00
  3.7552E+00  9.6277E+00  3.2503E+00
  3.6139E+00  9.5257E+00  3.2664E+00
  3.7925E+00  9.6345E+00  3.2924E+00
  3.8795E+00  9.4115E+00  3.1684E+00
  3.7446E+00  8.6829E+00  2.8949E+00
  4.4188E+00  8.9749E+00  3.2737E+00
  4.0605E+00  8.9796E+00  3.0752E+00
  4.2047E+00  8.8043E+00  2.7246E+00
  4.0000E+00  9.1063E+00  2.8174E+00
  3.4960E+00  9.1005E+00  2.3690E+00
  3.5302E+00  9.3040E+00  2.4879E+00
  3.2282E+00  9.7507E+00  2.3085E+00
  3.0927E+00  1.0006E+01  1.8324E+00
  3.3478E+00  9.6906E+00  2.0341E+00
  3.5323E+00  9.9043E+00  2.2711E+00
  3.2401E+00  9.2855E+00  1.3659E+00
  2.8117E+00  9.7643E+00  1.0419E+00
  2.8117E+00  9.3293E+00  8.6875E-01
  2.5963E+00  9.4312E+00  1.0802E+00
  2.1951E+00  9.3005E+00  7.5894E-01
  2.1182E+00  9.6331E+00  1.2844E+00
  2.1705E+00  9.4167E+00  8.7975E-01
  2.0278E+00  9.4603E+00  3.0291E-01
  2.0190E+00  9.4309E+00  6.6449E-01
  2.3780E+00  9.1152E+00  9.4384E-01
  2.3380E+00  8.9988E+00  8.1706E-01
  1.9477E+00  9.3295E+00  7.3553E-01
  1.8524E+00  9.6656E+00  3.8172E-01
  1.8162E+00  9.6693E+00  1.1288E-01
  1.9245E+00  9.9425E+00  2.1010E-01
  2.0598E+00  1.0338E+01  5.8804E-02
  1.8712E+00  9.9834E+00  1.4667E-01
  2.0289E+00  9.8278E+00  2.9208E-01
  2.1164E+00  1.0457E+01  3.7492E-01
  2.0545E+00  1.0796E+01 -1.5207E-01
  2.1472E+00  1.0968E+01 -1.9144E-01
  2.2421E+00  1.1120E+01  1.2147E-01
  2.2542E+00  1.1097E+01 -3.9878E-01
  2.2023E+00  1.1009E+01 -6.4973E-02
  1.8681E+00  1.0435E+01  2.5183E-01
  1.7187E+00  1.0174E+01  2.7805E-01
  1.8070E+00  1.0249E+01  3.7095E-01
  1.7169E+00  9.8825E+00  6.9617E-01
  2.2284E+00  8.6719E+00  8.0581E-01
  2.4842E+00  8.5610E+00  6.1026E-01
  2.0894E+00  8.3576E+00  5.2510E-01
  2.2845E+00  8.3271E+00  6.6636E-01
  2.5904E+00  8.3110E+00  3.6812E-01
  2.5880E+00  8.2623E+00  1.8930E-01
  2.4672E+00  8.0669E+00  2.5884E-01
  2.9021E+00  8.1506E+00  7.6467E-02
  3.2246E+00  7.8617E+00 -7.2053E-02
  3.7877E+00  7.9308E+00  1.8365E-01
  4.0465E+00  7.9024E+00  9.6165E-02
  4.2001E+00  7.8354E+00  4.0492E-01
  4.4065E+00  7.9029E+00  3.6926E-01
  4.5554E+00  7.5200E+00 -5.1877E-03
  4.9639E+00  7.7281E+00  5.2511E-02
  4.9633E+00  7.5976E+00  5.2239E-01
  5.1937E+00  7.6407E+00  4.4594E-03
  5.2880E+00  7.3618E+00  3.5411E-01
  5.3116E+00  7.6656E+00  7.5959E-02
  5.3430E+00  7.4503E+00  4.0637E-01
  5.3793E+00  7.3999E+00  7.2724E-01
  5.6237E+00  7.4497E+00  8.1292E-01
  5.8528E+00  7.6932E+00  6.2873E-01
  6.1647E+00  7.0023E+00  6.3588E-01
  5.7414E+00  7.4883E+00  4.9732E-01
  6.5906E+00  6.9828E+00  2.8588E-01
  6.5027E+00  6.7131E+00 -1.1851E-01
  5.0945E+00  5.8041E+00  3.5539E-01
  5.4238E+00  6.2269E+00  1.9332E-01
  5.0686E+00  6.0439E+00 -1.4528E-01
  3.4739E+00  5.5362E+00 -3.3927E-01
  3.1394E+00  6.3116E+00 -1.5968E+00
  3.1739E+00  6.1451E+00 -1.9467E+00
  2.9722E+00  6.0038E+00 -1.4681E+00
  2.9303E+00  6.0683E+00 -1.6664E+00
  2.9686E+00  6.2856E+00 -2.0072E+00
  3.5099E+00  6.2922E+00 -2.5336E+00
  3.4517E+00  6.5406E+00 -2.3327E+00
  3.7894E+00  6.1751E+00 -2.6895E+00
  4.0735E+00  6.3881E+00 -2.9773E+00
  4.1876E+00  6.6085E+00 -2.8769E+00
  5.0608E+00  6.7669E+00 -3.0719E+00
  4.7319E+00  6.3366E+00 -3.3749E+00
  5.6852E+00  6.6855E+00 -2.8098E+00
  5.5334E+00  6.5025E+00 -3.1357E+00
  5.7320E+00  6.3378E+00 -3.1644E+00
  5.7471E+00  6.6832E+00 -3.1566E+00
  5.6099E+00  6.9702E+00 -3.0815E+00
  5.6346E+00  6.7125E+00 -3.1582E+00
  5.5373E+00  7.3304E+00 -2.8150E+00
  5.7418E+00  6.6712E+00 -2.7880E+00
  5.6860E+00  7.3483E+00 -2.2145E+00
  5.8582E+00  6.8434E+00 -2.1427E+00
  6.4226E+00  6.9206E+00 -1.5637E+00
  6.2435E+00  6.8085E+00 -1.6100E+00
  6.1551E+00  6.5251E+00 -1.3456E+00
  6.0733E+00  6.3819E+00 -1.2636E+00
  6.3766E+00  6.2524E+00 -1.3329E+00
  6.0420E+00  6.0260E+00 -1.2835E+00
  5.7192E+00  6.0841E+00 -1.1373E+00
  6.0010E+00  6.1179E+00 -1.0956E+00
  5.9981E+00  5.7795E+00 -1.2856E+00
  5.9167E+00  5.5536E+00 -1.2591E+00
  5.8963E+00  5.9448E+00 -1.0456E+00
  5.9308E+00  5.9333E+00 -1.2155E+00
  6.1649E+00  5.7146E+00 -1.2139E+00
  5.9099E+00  5.9048E+00 -1.5593E+00
  5.6804E+00  6.1412E+00 -1.5631E+00
  5.8225E+00  6.3271E+00 -1.5398E+00
  5.5316E+00  6.2606E+00 -1.7626E+00
  5.7968E+00  6.5977E+00 -1.9696E+00
  5.6757E+00  6.6438E+00 -2.0416E+00
  5.7482E+00  6.4558E+00 -2.1358E+00
  5.9688E+00  6.9152E+00 -2.4975E+00
  5.6143E+00  6.5696E+00 -2.5156E+00
  5.5949E+00  6.3316E+00 -2.5105E+00
  5.3247E+00  6.3011E+00 -2.2723E+00
  5.5694E+00  6.3512E+00 -2.4646E+00
  5.6220E+00  6.1907E+00 -2.3821E+00
  5.6894E+00  5.9799E+00 -2.1884E+00
  5.7020E+00  6.1054E+00 -2.1780E+00
  5.7471E+00  6.1310E+00 -2.0900E+00
  5.5611E+00  5.7681E+00 -1.8831E+00
  5.6306E+00  5.6750E+00 -1.6693E+00
  4.6887E+00  5.6771E+00 -1.3561E+00
  5.3704E+00  5.7067E+00 -1.4265E+00
  4.5514E+00  5.7124E+00 -1.0665E+00
  4.4835E+00  5.6316E+00 -3.8267E-01
  4.3707E+00  6.2503E+00 -1.4682E-01
  4.0978E+00  5.7216E+00 -8.5194E-02
  3.8000E+00  5.1039E+00 -4.1076E-01
  3.8936E+00  4.8620E+00 -3.4334E-01
  3.5712E+00  5.2126E+00 -3.1393E-01
  3.2637E+00  5.8906E+00 -4.3964E-01
  3.5936E+00  5.6990E+00  4.0869E-01
  4.2857E+00  5.7411E+00  3.0385E-01
  3.3160E+00  5.7637E+00  1.5506E-01
  3.6717E+00  6.4975E+00  7.1008E-01
  3.5290E+00  7.2073E+00  9.2272E-01
  3.2164E+00  7.5248E+00  9.4201E-01
