1.000000E-02 2.725623E+02
2.000000E-02 3.917248E+02
3.000000E-02 5.373543E+02
4.000000E-02 5.697057E+02
5.000000E-02 5.164580E+02
6.000000E-02 6.477260E+02
7.000000E-02 5.174248E+02
8.000000E-02 5.812854E+02
9.000000E-02 6.462377E+02
1.000000E-01 6.465645E+02
1.100000E-01 5.991680E+02
1.200000E-01 5.896756E+02
1.300000E-01 5.486289E+02
1.400000E-01 4.885907E+02
1.500000E-01 4.846271E+02
1.600000E-01 4.457072E+02
1.700000E-01 3.966548E+02
1.800000E-01 3.056679E+02
1.900000E-01 2.917922E+02
2.000000E-01 2.532989E+02
2.100000E-01 2.721981E+02
2.200000E-01 2.498569E+02
2.300000E-01 2.232139E+02
2.400000E-01 2.420622E+02
2.500000E-01 2.056923E+02
2.600000E-01 2.020772E+02
2.700000E-01 1.973774E+02
2.800000E-01 1.985003E+02
2.900000E-01 1.811510E+02
3.000000E-01 1.759250E+02
3.100000E-01 1.926683E+02
3.200000E-01 1.420033E+02
3.300000E-01 1.447755E+02
3.400000E-01 1.603418E+02
3.500000E-01 1.578653E+02
3.600000E-01 1.268038E+02
3.700000E-01 1.335076E+02
3.800000E-01 1.525503E+02
3.900000E-01 1.303513E+02
4.000000E-01 1.206130E+02
4.100000E-01 1.153482E+02
4.200000E-01 9.774001E+01
4.300000E-01 1.068305E+02
4.400000E-01 8.079694E+01
4.500000E-01 9.147009E+01
4.600000E-01 9.606987E+01
4.700000E-01 9.286545E+01
4.800000E-01 8.186877E+01
4.900000E-01 8.621873E+01
5.000000E-01 9.953189E+01
5.100000E-01 8.052932E+01
5.200000E-01 9.367733E+01
5.300000E-01 8.501243E+01
5.400000E-01 8.139573E+01
5.500000E-01 7.578879E+01
5.600000E-01 6.953375E+01
5.700000E-01 6.484369E+01
5.800000E-01 7.084358E+01
5.900000E-01 5.443810E+01
6.000000E-01 5.667659E+01
6.100000E-01 5.945584E+01
6.200000E-01 5.943697E+01
6.300000E-01 4.647104E+01
6.400000E-01 5.245983E+01
6.500000E-01 4.936522E+01
6.600000E-01 5.026795E+01
6.700000E-01 4.800991E+01
6.800000E-01 4.212826E+01
6.900000E-01 4.553299E+01
7.000000E-01 4.507390E+01
7.100000E-01 4.481421E+01
7.200000E-01 5.023068E+01
7.300000E-01 5.110962E+01
7.400000E-01 5.199305E+01
7.500000E-01 4.914942E+01
7.600000E-01 4.706553E+01
7.700000E-01 4.748926E+01
7.800000E-01 4.386681E+01
7.900000E-01 5.133320E+01
8.000000E-01 4.511415E+01
8.100000E-01 4.652117E+01
8.200000E-01 4.536674E+01
8.300000E-01 5.408746E+01
8.400000E-01 5.759214E+01
8.500000E-01 6.312014E+01
8.600000E-01 6.745358E+01
8.700000E-01 7.358469E+01
8.800000E-01 7.159792E+01
8.900000E-01 7.902718E+01
9.000000E-01 7.502452E+01
9.100000E-01 8.371306E+01
9.200000E-01 9.371036E+01
9.300000E-01 9.688677E+01
9.400000E-01 1.002091E+02
9.500000E-01 9.308694E+01
9.600000E-01 1.036929E+02
9.700000E-01 1.099543E+02
9.800000E-01 1.134909E+02
9.900000E-01 1.163253E+02
1.000000E+00 1.068106E+02
1.010000E+00 1.091585E+02
1.020000E+00 1.135583E+02
1.030000E+00 1.115162E+02
1.040000E+00 1.227365E+02
1.050000E+00 1.156221E+02
1.060000E+00 1.269674E+02
1.070000E+00 1.374040E+02
1.080000E+00 1.461780E+02
1.090000E+00 1.528492E+02
1.100000E+00 1.620950E+02
1.110000E+00 1.649931E+02
1.120000E+00 1.787989E+02
1.130000E+00 1.850759E+02
1.140000E+00 2.010782E+02
1.150000E+00 1.930229E+02
1.160000E+00 1.845401E+02
1.170000E+00 2.233630E+02
1.180000E+00 2.071736E+02
1.190000E+00 2.219628E+02
1.200000E+00 2.145814E+02
1.210000E+00 2.004285E+02
1.220000E+00 2.112639E+02
1.230000E+00 2.253520E+02
1.240000E+00 2.289069E+02
1.250000E+00 2.616915E+02
1.260000E+00 2.795636E+02
1.270000E+00 2.885461E+02
1.280000E+00 2.874959E+02
1.290000E+00 2.836250E+02
1.300000E+00 3.428102E+02
1.310000E+00 3.247766E+02
1.320000E+00 3.695706E+02
1.330000E+00 3.448676E+02
1.340000E+00 3.804676E+02
1.350000E+00 3.856948E+02
1.360000E+00 3.758631E+02
1.370000E+00 4.165855E+02
1.380000E+00 3.794686E+02
1.390000E+00 3.804431E+02
1.400000E+00 3.704318E+02
1.410000E+00 3.728282E+02
1.420000E+00 4.113090E+02
1.430000E+00 3.885499E+02
1.440000E+00 3.811477E+02
1.450000E+00 4.142119E+02
1.460000E+00 3.928157E+02
1.470000E+00 4.087566E+02
1.480000E+00 4.081444E+02
1.490000E+00 3.910562E+02
1.500000E+00 3.885852E+02
1.510000E+00 3.811346E+02
1.520000E+00 3.749340E+02
1.530000E+00 3.430826E+02
1.540000E+00 2.844687E+02
1.550000E+00 2.966298E+02
1.560000E+00 2.900015E+02
1.570000E+00 2.795279E+02
1.580000E+00 2.838253E+02
1.590000E+00 2.470837E+02
1.600000E+00 2.372935E+02
1.610000E+00 2.574689E+02
1.620000E+00 2.329714E+02
1.630000E+00 2.187210E+02
1.640000E+00 2.256829E+02
1.650000E+00 1.855205E+02
1.660000E+00 2.201421E+02
1.670000E+00 1.925132E+02
1.680000E+00 2.014637E+02
1.690000E+00 1.995065E+02
1.700000E+00 2.121588E+02
1.710000E+00 2.119749E+02
1.720000E+00 2.091240E+02
1.730000E+00 2.175464E+02
1.740000E+00 2.021047E+02
1.750000E+00 1.871790E+02
1.760000E+00 1.916526E+02
1.770000E+00 1.880802E+02
1.780000E+00 1.685071E+02
1.790000E+00 1.882647E+02
1.800000E+00 1.971355E+02
1.810000E+00 1.880309E+02
1.820000E+00 1.553067E+02
1.830000E+00 1.507784E+02
1.840000E+00 1.322389E+02
1.850000E+00 1.445663E+02
1.860000E+00 1.449835E+02
1.870000E+00 1.262061E+02
1.880000E+00 1.250793E+02
1.890000E+00 1.332611E+02
1.900000E+00 1.421730E+02
1.910000E+00 1.292922E+02
1.920000E+00 1.196177E+02
1.930000E+00 1.303707E+02
1.940000E+00 1.173241E+02
1.950000E+00 1.292365E+02
1.960000E+00 1.230116E+02
1.970000E+00 1.137934E+02
1.980000E+00 1.304066E+02
1.990000E+00 1.372141E+02
2.000000E+00 1.285680E+02
2.010000E+00 1.317430E+02
2.020000E+00 1.330398E+02
2.030000E+00 1.330817E+02
2.040000E+00 1.223755E+02
2.050000E+00 1.214777E+02
2.060000E+00 1.213504E+02
2.070000E+00 1.498253E+02
2.080000E+00 1.261983E+02
2.090000E+00 1.247018E+02
2.100000E+00 1.219177E+02
2.110000E+00 1.345812E+02
2.120000E+00 1.265334E+02
2.130000E+00 1.428799E+02
2.140000E+00 1.423807E+02
2.150000E+00 1.383632E+02
2.160000E+00 1.412168E+02
2.170000E+00 1.370671E+02
2.180000E+00 1.296458E+02
2.190000E+00 1.214767E+02
2.200000E+00 1.155619E+02
2.210000E+00 1.277902E+02
2.220000E+00 1.459372E+02
2.230000E+00 1.507735E+02
2.240000E+00 1.456222E+02
2.250000E+00 1.302082E+02
2.260000E+00 1.236322E+02
2.270000E+00 1.034952E+02
2.280000E+00 1.203130E+02
2.290000E+00 1.437797E+02
2.300000E+00 1.296161E+02
2.310000E+00 1.337675E+02
2.320000E+00 1.313526E+02
2.330000E+00 1.543300E+02
2.340000E+00 1.578594E+02
2.350000E+00 1.588521E+02
2.360000E+00 1.738133E+02
2.370000E+00 1.986817E+02
2.380000E+00 1.800321E+02
2.390000E+00 1.847863E+02
2.400000E+00 1.768007E+02
2.410000E+00 1.840905E+02
2.420000E+00 1.941359E+02
2.430000E+00 2.228397E+02
2.440000E+00 2.263023E+02
2.450000E+00 2.152151E+02
2.460000E+00 2.090342E+02
2.470000E+00 2.001752E+02
2.480000E+00 2.259267E+02
2.490000E+00 2.394182E+02
2.500000E+00 2.418950E+02
2.510000E+00 2.223883E+02
2.520000E+00 2.278764E+02
2.530000E+00 2.476058E+02
2.540000E+00 2.354957E+02
2.550000E+00 2.310598E+02
2.560000E+00 2.155844E+02
2.570000E+00 2.278812E+02
2.580000E+00 2.228973E+02
2.590000E+00 2.264104E+02
2.600000E+00 2.340313E+02
2.610000E+00 2.250296E+02
2.620000E+00 2.217201E+02
2.630000E+00 2.543377E+02
2.640000E+00 2.534032E+02
2.650000E+00 2.410398E+02
2.660000E+00 2.397393E+02
2.670000E+00 2.204445E+02
2.680000E+00 2.185748E+02
2.690000E+00 2.144275E+02
2.700000E+00 2.166660E+02
2.710000E+00 2.353501E+02
2.720000E+00 2.505097E+02
2.730000E+00 2.315682E+02
2.740000E+00 2.211378E+02
2.750000E+00 2.263245E+02
2.760000E+00 2.270925E+02
2.770000E+00 2.326783E+02
2.780000E+00 2.223096E+02
2.790000E+00 2.117362E+02
2.800000E+00 2.277534E+02
2.810000E+00 2.286863E+02
2.820000E+00 2.234135E+02
2.830000E+00 2.065594E+02
2.840000E+00 2.473307E+02
2.850000E+00 2.216082E+02
2.860000E+00 2.230194E+02
2.870000E+00 2.325374E+02
2.880000E+00 2.346333E+02
2.890000E+00 2.230969E+02
2.900000E+00 2.278907E+02
2.910000E+00 2.348211E+02
2.920000E+00 2.082987E+02
2.930000E+00 2.308429E+02
2.940000E+00 2.590852E+02
2.950000E+00 2.627467E+02
2.960000E+00 2.357884E+02
2.970000E+00 2.267138E+02
2.980000E+00 2.201788E+02
2.990000E+00 2.110520E+02
3.000000E+00 2.040057E+02
3.010000E+00 2.607746E+02
3.020000E+00 2.408391E+02
3.030000E+00 2.328704E+02
3.040000E+00 2.588519E+02
3.050000E+00 2.268190E+02
3.060000E+00 2.540813E+02
3.070000E+00 2.762908E+02
3.080000E+00 2.272092E+02
3.090000E+00 1.999748E+02
3.100000E+00 2.572339E+02
3.110000E+00 2.539840E+02
3.120000E+00 2.433978E+02
3.130000E+00 2.389986E+02
3.140000E+00 2.245255E+02
3.150000E+00 2.198092E+02
3.160000E+00 2.240141E+02
3.170000E+00 1.979002E+02
3.180000E+00 2.061207E+02
3.190000E+00 2.127714E+02
3.200000E+00 1.886542E+02
3.210000E+00 1.962633E+02
3.220000E+00 2.089330E+02
3.230000E+00 1.832620E+02
3.240000E+00 1.877757E+02
3.250000E+00 1.984567E+02
3.260000E+00 2.090513E+02
3.270000E+00 1.990890E+02
3.280000E+00 2.003685E+02
3.290000E+00 1.843212E+02
3.300000E+00 1.917754E+02
3.310000E+00 1.911135E+02
3.320000E+00 1.987916E+02
3.330000E+00 1.908717E+02
3.340000E+00 1.618885E+02
3.350000E+00 2.121500E+02
3.360000E+00 1.640550E+02
3.370000E+00 1.526193E+02
3.380000E+00 1.669608E+02
3.390000E+00 1.623072E+02
3.400000E+00 1.854308E+02
3.410000E+00 1.718516E+02
3.420000E+00 1.804555E+02
3.430000E+00 1.708981E+02
3.440000E+00 1.640319E+02
3.450000E+00 1.725789E+02
3.460000E+00 1.659067E+02
3.470000E+00 1.713087E+02
3.480000E+00 1.527118E+02
3.490000E+00 1.661263E+02
3.500000E+00 1.632688E+02
3.510000E+00 1.544451E+02
3.520000E+00 1.822704E+02
3.530000E+00 1.687085E+02
3.540000E+00 1.970263E+02
3.550000E+00 1.910553E+02
3.560000E+00 1.912045E+02
3.570000E+00 1.991345E+02
3.580000E+00 1.977468E+02
3.590000E+00 2.014320E+02
3.600000E+00 1.932010E+02
3.610000E+00 1.650449E+02
3.620000E+00 1.689480E+02
3.630000E+00 1.599766E+02
3.640000E+00 1.828204E+02
3.650000E+00 1.994041E+02
3.660000E+00 1.590474E+02
3.670000E+00 1.982965E+02
3.680000E+00 1.949817E+02
3.690000E+00 2.071060E+02
3.700000E+00 1.683320E+02
3.710000E+00 1.778626E+02
3.720000E+00 1.561969E+02
3.730000E+00 1.665635E+02
3.740000E+00 1.460365E+02
3.750000E+00 1.513675E+02
3.760000E+00 1.515822E+02
3.770000E+00 1.700776E+02
3.780000E+00 1.527160E+02
3.790000E+00 1.529219E+02
3.800000E+00 1.612299E+02
3.810000E+00 1.681793E+02
3.820000E+00 2.030643E+02
3.830000E+00 2.126007E+02
3.840000E+00 2.131672E+02
3.850000E+00 1.805076E+02
3.860000E+00 1.704998E+02
3.870000E+00 2.242528E+02
3.880000E+00 1.884556E+02
3.890000E+00 2.002930E+02
3.900000E+00 2.011504E+02
3.910000E+00 2.275969E+02
3.920000E+00 1.686887E+02
3.930000E+00 2.079402E+02
3.940000E+00 2.280625E+02
3.950000E+00 1.869432E+02
3.960000E+00 1.723119E+02
3.970000E+00 2.243011E+02
3.980000E+00 2.031926E+02
3.990000E+00 1.819122E+02
4.000000E+00 1.947763E+02
4.010000E+00 2.028318E+02
4.020000E+00 1.795784E+02
4.030000E+00 1.771847E+02
4.040000E+00 2.100966E+02
4.050000E+00 2.087765E+02
4.060000E+00 2.229347E+02
4.070000E+00 2.073061E+02
4.080000E+00 1.755962E+02
4.090000E+00 1.875395E+02
4.100000E+00 2.173267E+02
4.110000E+00 2.237767E+02
4.120000E+00 1.990650E+02
4.130000E+00 1.836334E+02
4.140000E+00 1.763648E+02
4.150000E+00 2.029179E+02
4.160000E+00 2.010889E+02
4.170000E+00 1.949246E+02
4.180000E+00 1.854102E+02
4.190000E+00 2.071826E+02
4.200000E+00 2.015677E+02
4.210000E+00 2.088909E+02
4.220000E+00 2.097224E+02
4.230000E+00 2.156928E+02
4.240000E+00 1.827976E+02
4.250000E+00 2.140858E+02
4.260000E+00 2.430484E+02
4.270000E+00 2.442983E+02
4.280000E+00 2.521429E+02
4.290000E+00 2.688087E+02
4.300000E+00 2.444896E+02
4.310000E+00 2.447022E+02
4.320000E+00 2.503087E+02
4.330000E+00 2.726774E+02
4.340000E+00 2.241719E+02
4.350000E+00 2.483597E+02
4.360000E+00 2.431712E+02
4.370000E+00 2.379944E+02
4.380000E+00 2.180477E+02
4.390000E+00 2.236434E+02
4.400000E+00 2.512267E+02
4.410000E+00 2.475242E+02
4.420000E+00 2.327227E+02
4.430000E+00 2.132316E+02
4.440000E+00 2.074015E+02
4.450000E+00 2.342723E+02
4.460000E+00 2.618863E+02
4.470000E+00 2.129601E+02
4.480000E+00 2.407350E+02
4.490000E+00 2.519517E+02
4.500000E+00 2.096857E+02
4.510000E+00 1.877987E+02
4.520000E+00 2.339097E+02
4.530000E+00 2.040688E+02
4.540000E+00 2.307004E+02
4.550000E+00 2.493073E+02
4.560000E+00 2.253086E+02
4.570000E+00 2.502657E+02
4.580000E+00 2.095868E+02
4.590000E+00 2.164619E+02
4.600000E+00 2.043318E+02
4.610000E+00 2.174960E+02
4.620000E+00 2.127619E+02
4.630000E+00 1.855998E+02
4.640000E+00 1.841952E+02
4.650000E+00 1.871965E+02
4.660000E+00 1.806062E+02
4.670000E+00 2.146031E+02
4.680000E+00 2.121100E+02
4.690000E+00 1.762655E+02
4.700000E+00 1.861057E+02
4.710000E+00 2.012582E+02
4.720000E+00 1.911599E+02
4.730000E+00 1.618515E+02
4.740000E+00 1.843958E+02
4.750000E+00 1.551253E+02
4.760000E+00 1.794226E+02
4.770000E+00 1.747264E+02
4.780000E+00 1.993651E+02
4.790000E+00 1.870179E+02
4.800000E+00 1.940236E+02
4.810000E+00 1.928628E+02
4.820000E+00 1.798069E+02
4.830000E+00 2.243816E+02
4.840000E+00 1.827328E+02
4.850000E+00 1.812509E+02
4.860000E+00 1.828348E+02
4.870000E+00 1.790051E+02
4.880000E+00 1.414827E+02
4.890000E+00 1.832656E+02
4.900000E+00 1.915746E+02
4.910000E+00 1.906835E+02
4.920000E+00 1.923084E+02
4.930000E+00 1.665862E+02
4.940000E+00 1.437880E+02
4.950000E+00 1.712432E+02
4.960000E+00 1.697465E+02
4.970000E+00 1.584766E+02
4.980000E+00 1.880687E+02
4.990000E+00 1.770212E+02
5.000000E+00 1.679493E+02
5.010000E+00 1.527154E+02
5.020000E+00 1.456709E+02
5.030000E+00 1.696816E+02
5.040000E+00 1.978164E+02
5.050000E+00 1.975199E+02
5.060000E+00 1.849013E+02
5.070000E+00 2.110753E+02
5.080000E+00 1.595909E+02
5.090000E+00 1.710412E+02
5.100000E+00 1.817011E+02
5.110000E+00 1.601480E+02
5.120000E+00 1.842357E+02
5.130000E+00 1.656893E+02
5.140000E+00 1.829088E+02
5.150000E+00 1.678236E+02
5.160000E+00 1.490701E+02
5.170000E+00 1.780569E+02
5.180000E+00 1.877852E+02
5.190000E+00 1.643186E+02
5.200000E+00 1.795181E+02
5.210000E+00 1.641211E+02
5.220000E+00 1.703526E+02
5.230000E+00 1.550441E+02
5.240000E+00 1.637935E+02
5.250000E+00 1.847872E+02
5.260000E+00 1.964931E+02
5.270000E+00 1.772603E+02
5.280000E+00 1.582283E+02
5.290000E+00 1.790385E+02
5.300000E+00 1.902098E+02
5.310000E+00 1.917394E+02
5.320000E+00 2.070325E+02
5.330000E+00 1.944293E+02
5.340000E+00 1.808264E+02
5.350000E+00 2.172259E+02
5.360000E+00 1.970295E+02
5.370000E+00 1.973991E+02
5.380000E+00 2.414557E+02
5.390000E+00 1.772737E+02
5.400000E+00 1.928185E+02
5.410000E+00 1.975380E+02
5.420000E+00 1.651968E+02
5.430000E+00 2.017259E+02
5.440000E+00 2.093569E+02
5.450000E+00 1.977133E+02
5.460000E+00 1.994598E+02
5.470000E+00 1.627718E+02
5.480000E+00 2.074823E+02
5.490000E+00 2.226398E+02
5.500000E+00 2.620732E+02
5.510000E+00 2.190843E+02
5.520000E+00 2.752586E+02
5.530000E+00 2.521854E+02
5.540000E+00 2.321605E+02
5.550000E+00 2.392656E+02
5.560000E+00 2.615680E+02
5.570000E+00 2.806167E+02
5.580000E+00 2.188959E+02
5.590000E+00 2.131952E+02
5.600000E+00 2.367744E+02
5.610000E+00 2.322336E+02
5.620000E+00 2.329153E+02
5.630000E+00 2.322426E+02
5.640000E+00 2.491838E+02
5.650000E+00 2.287087E+02
5.660000E+00 2.330212E+02
5.670000E+00 1.967946E+02
5.680000E+00 2.276977E+02
5.690000E+00 1.850614E+02
5.700000E+00 2.357948E+02
5.710000E+00 2.533379E+02
5.720000E+00 2.607111E+02
5.730000E+00 2.480816E+02
5.740000E+00 2.081212E+02
5.750000E+00 2.533652E+02
5.760000E+00 2.563032E+02
5.770000E+00 2.953133E+02
5.780000E+00 2.572777E+02
5.790000E+00 2.367582E+02
5.800000E+00 2.464028E+02
5.810000E+00 2.178303E+02
5.820000E+00 2.301750E+02
5.830000E+00 2.284584E+02
5.840000E+00 1.987558E+02
5.850000E+00 2.027684E+02
5.860000E+00 2.064060E+02
5.870000E+00 2.310722E+02
5.880000E+00 2.267281E+02
5.890000E+00 1.973247E+02
5.900000E+00 1.877446E+02
5.910000E+00 2.030221E+02
5.920000E+00 1.957019E+02
5.930000E+00 2.088085E+02
5.940000E+00 1.745051E+02
5.950000E+00 1.824061E+02
5.960000E+00 1.927737E+02
5.970000E+00 1.834504E+02
5.980000E+00 1.935210E+02
5.990000E+00 2.002341E+02
6.000000E+00 2.022790E+02
6.010000E+00 1.664183E+02
6.020000E+00 2.015704E+02
6.030000E+00 2.115933E+02
6.040000E+00 1.881209E+02
6.050000E+00 2.196018E+02
6.060000E+00 2.002070E+02
6.070000E+00 1.874894E+02
6.080000E+00 1.782685E+02
6.090000E+00 2.163189E+02
6.100000E+00 2.395484E+02
6.110000E+00 1.942862E+02
6.120000E+00 1.816953E+02
6.130000E+00 1.692695E+02
6.140000E+00 1.977797E+02
6.150000E+00 1.856998E+02
6.160000E+00 1.978896E+02
6.170000E+00 2.022932E+02
6.180000E+00 1.957224E+02
6.190000E+00 1.984768E+02
6.200000E+00 1.987651E+02
6.210000E+00 1.746755E+02
6.220000E+00 1.733241E+02
6.230000E+00 1.872005E+02
6.240000E+00 1.752126E+02
6.250000E+00 1.792553E+02
6.260000E+00 1.789339E+02
6.270000E+00 1.814787E+02
6.280000E+00 1.805398E+02
6.290000E+00 1.508614E+02
6.300000E+00 1.611838E+02
6.310000E+00 1.795291E+02
6.320000E+00 1.509701E+02
6.330000E+00 1.519543E+02
6.340000E+00 1.681433E+02
6.350000E+00 1.495860E+02
6.360000E+00 1.530584E+02
6.370000E+00 1.436354E+02
6.380000E+00 1.455720E+02
6.390000E+00 1.396796E+02
6.400000E+00 1.606808E+02
6.410000E+00 1.782231E+02
6.420000E+00 1.748103E+02
6.430000E+00 1.632822E+02
6.440000E+00 1.679299E+02
6.450000E+00 1.696828E+02
6.460000E+00 1.793219E+02
6.470000E+00 1.621110E+02
6.480000E+00 2.142658E+02
6.490000E+00 1.699491E+02
6.500000E+00 1.955895E+02
6.510000E+00 2.030402E+02
6.520000E+00 1.920445E+02
6.530000E+00 1.679701E+02
6.540000E+00 2.145587E+02
6.550000E+00 1.934541E+02
6.560000E+00 1.943575E+02
6.570000E+00 1.914559E+02
6.580000E+00 1.859868E+02
6.590000E+00 1.940445E+02
6.600000E+00 1.590360E+02
6.610000E+00 1.974020E+02
6.620000E+00 1.964653E+02
6.630000E+00 1.840363E+02
6.640000E+00 1.713441E+02
6.650000E+00 1.806165E+02
6.660000E+00 1.871025E+02
6.670000E+00 1.801311E+02
6.680000E+00 1.600145E+02
6.690000E+00 1.621142E+02
6.700000E+00 1.831165E+02
6.710000E+00 2.220807E+02
6.720000E+00 2.154515E+02
6.730000E+00 2.146697E+02
6.740000E+00 2.154966E+02
6.750000E+00 2.069423E+02
6.760000E+00 2.334726E+02
6.770000E+00 2.385792E+02
6.780000E+00 2.081865E+02
6.790000E+00 2.002157E+02
6.800000E+00 2.002147E+02
6.810000E+00 2.221915E+02
6.820000E+00 2.226948E+02
6.830000E+00 2.063804E+02
6.840000E+00 2.331964E+02
6.850000E+00 2.421809E+02
6.860000E+00 2.383419E+02
6.870000E+00 2.294645E+02
6.880000E+00 1.627358E+02
6.890000E+00 1.699196E+02
6.900000E+00 2.034568E+02
6.910000E+00 2.064562E+02
6.920000E+00 1.909298E+02
6.930000E+00 2.009056E+02
6.940000E+00 2.118885E+02
6.950000E+00 2.203050E+02
6.960000E+00 2.159449E+02
6.970000E+00 2.159019E+02
6.980000E+00 2.389094E+02
6.990000E+00 2.017187E+02
7.000000E+00 2.121627E+02
7.010000E+00 2.330387E+02
7.020000E+00 2.364152E+02
7.030000E+00 2.291096E+02
7.040000E+00 2.302161E+02
7.050000E+00 2.905254E+02
7.060000E+00 2.632921E+02
7.070000E+00 2.338182E+02
7.080000E+00 2.471469E+02
7.090000E+00 2.403965E+02
7.100000E+00 2.375551E+02
7.110000E+00 2.580820E+02
7.120000E+00 2.940505E+02
7.130000E+00 2.531948E+02
7.140000E+00 2.449522E+02
7.150000E+00 2.141855E+02
7.160000E+00 1.983614E+02
7.170000E+00 2.182416E+02
7.180000E+00 2.280795E+02
7.190000E+00 2.114325E+02
7.200000E+00 1.959612E+02
7.210000E+00 2.123158E+02
7.220000E+00 1.839609E+02
7.230000E+00 1.989016E+02
7.240000E+00 2.037367E+02
7.250000E+00 1.912510E+02
7.260000E+00 1.869073E+02
7.270000E+00 2.078159E+02
7.280000E+00 1.729918E+02
7.290000E+00 2.123572E+02
7.300000E+00 2.220993E+02
7.310000E+00 2.265310E+02
7.320000E+00 2.081941E+02
7.330000E+00 2.122099E+02
7.340000E+00 2.103592E+02
7.350000E+00 2.277403E+02
7.360000E+00 2.263460E+02
7.370000E+00 2.090449E+02
7.380000E+00 2.024281E+02
7.390000E+00 2.065683E+02
7.400000E+00 1.831595E+02
7.410000E+00 2.018844E+02
7.420000E+00 2.154535E+02
7.430000E+00 2.250912E+02
7.440000E+00 2.010112E+02
7.450000E+00 2.041150E+02
7.460000E+00 2.002848E+02
7.470000E+00 2.076756E+02
7.480000E+00 2.106050E+02
7.490000E+00 2.181309E+02
7.500000E+00 1.825408E+02
7.510000E+00 1.756181E+02
7.520000E+00 2.007145E+02
7.530000E+00 2.131091E+02
7.540000E+00 2.076559E+02
7.550000E+00 1.703027E+02
7.560000E+00 1.671256E+02
7.570000E+00 1.782178E+02
7.580000E+00 1.920683E+02
7.590000E+00 1.582330E+02
7.600000E+00 1.678365E+02
7.610000E+00 1.695412E+02
7.620000E+00 1.589398E+02
7.630000E+00 1.800377E+02
7.640000E+00 1.718379E+02
7.650000E+00 1.419807E+02
7.660000E+00 1.481097E+02
7.670000E+00 1.598844E+02
7.680000E+00 1.718856E+02
7.690000E+00 1.518830E+02
7.700000E+00 1.540598E+02
7.710000E+00 1.301416E+02
7.720000E+00 1.527622E+02
7.730000E+00 1.378712E+02
7.740000E+00 1.447598E+02
7.750000E+00 1.556461E+02
7.760000E+00 1.412668E+02
7.770000E+00 1.469869E+02
7.780000E+00 1.478159E+02
7.790000E+00 1.830462E+02
7.800000E+00 1.853237E+02
7.810000E+00 1.904432E+02
7.820000E+00 1.864018E+02
7.830000E+00 1.877746E+02
7.840000E+00 1.831794E+02
7.850000E+00 1.493238E+02
7.860000E+00 1.286465E+02
7.870000E+00 1.863123E+02
7.880000E+00 1.797096E+02
7.890000E+00 1.745770E+02
7.900000E+00 1.884605E+02
7.910000E+00 1.952740E+02
7.920000E+00 1.908520E+02
7.930000E+00 2.222481E+02
7.940000E+00 1.961192E+02
7.950000E+00 1.559449E+02
7.960000E+00 1.637987E+02
7.970000E+00 2.038365E+02
7.980000E+00 1.924559E+02
7.990000E+00 2.010822E+02
8.000000E+00 1.729664E+02
8.010000E+00 1.946594E+02
8.020000E+00 1.984494E+02
8.030000E+00 2.147241E+02
8.040000E+00 2.312795E+02
8.050000E+00 2.190838E+02
8.060000E+00 1.777690E+02
8.070000E+00 2.054641E+02
8.080000E+00 2.205376E+02
8.090000E+00 1.706872E+02
8.100000E+00 1.906925E+02
8.110000E+00 2.465329E+02
8.120000E+00 1.975332E+02
8.130000E+00 2.416274E+02
8.140000E+00 2.007457E+02
8.150000E+00 2.248979E+02
8.160000E+00 2.356859E+02
8.170000E+00 2.210659E+02
8.180000E+00 2.514359E+02
8.190000E+00 2.235106E+02
8.200000E+00 2.789066E+02
8.210000E+00 2.577432E+02
8.220000E+00 2.354884E+02
8.230000E+00 2.956698E+02
8.240000E+00 2.717668E+02
8.250000E+00 2.578939E+02
8.260000E+00 2.772787E+02
8.270000E+00 2.515115E+02
8.280000E+00 2.829203E+02
8.290000E+00 2.673357E+02
8.300000E+00 2.648548E+02
8.310000E+00 3.009921E+02
8.320000E+00 2.744421E+02
8.330000E+00 2.692820E+02
8.340000E+00 2.443121E+02
8.350000E+00 2.282353E+02
8.360000E+00 2.492294E+02
8.370000E+00 2.446469E+02
8.380000E+00 2.680762E+02
8.390000E+00 2.541153E+02
8.400000E+00 2.326645E+02
8.410000E+00 2.092063E+02
8.420000E+00 2.123015E+02
8.430000E+00 2.231773E+02
8.440000E+00 2.483457E+02
8.450000E+00 2.600960E+02
8.460000E+00 2.386929E+02
8.470000E+00 2.137806E+02
8.480000E+00 2.268779E+02
8.490000E+00 1.927635E+02
8.500000E+00 2.170203E+02
8.510000E+00 2.102265E+02
8.520000E+00 2.040771E+02
8.530000E+00 1.955264E+02
8.540000E+00 2.075803E+02
8.550000E+00 1.736623E+02
8.560000E+00 1.844940E+02
8.570000E+00 1.840805E+02
8.580000E+00 1.848109E+02
8.590000E+00 1.992732E+02
8.600000E+00 1.957844E+02
8.610000E+00 1.629031E+02
8.620000E+00 1.705207E+02
8.630000E+00 1.568162E+02
8.640000E+00 1.770303E+02
8.650000E+00 1.539841E+02
8.660000E+00 1.741166E+02
8.670000E+00 1.743064E+02
8.680000E+00 1.543655E+02
8.690000E+00 1.521986E+02
8.700000E+00 1.559588E+02
8.710000E+00 1.627114E+02
8.720000E+00 1.453397E+02
8.730000E+00 1.532263E+02
8.740000E+00 1.476063E+02
8.750000E+00 1.584148E+02
8.760000E+00 1.495918E+02
8.770000E+00 1.583308E+02
8.780000E+00 1.438202E+02
8.790000E+00 1.480394E+02
8.800000E+00 1.467565E+02
8.810000E+00 1.729934E+02
8.820000E+00 1.505230E+02
8.830000E+00 1.570779E+02
8.840000E+00 1.538782E+02
8.850000E+00 1.594345E+02
8.860000E+00 1.499158E+02
8.870000E+00 1.477876E+02
8.880000E+00 1.470311E+02
8.890000E+00 1.603262E+02
8.900000E+00 1.554829E+02
8.910000E+00 1.783520E+02
8.920000E+00 1.619969E+02
8.930000E+00 1.808703E+02
8.940000E+00 1.508289E+02
8.950000E+00 1.462714E+02
8.960000E+00 1.700378E+02
8.970000E+00 1.275407E+02
8.980000E+00 1.628563E+02
8.990000E+00 1.658371E+02
9.000000E+00 1.996537E+02
9.010000E+00 1.883077E+02
9.020000E+00 1.662867E+02
9.030000E+00 1.785900E+02
9.040000E+00 1.950177E+02
9.050000E+00 1.862755E+02
9.060000E+00 1.808292E+02
9.070000E+00 1.894177E+02
9.080000E+00 1.826777E+02
9.090000E+00 1.995185E+02
9.100000E+00 1.926365E+02
9.110000E+00 1.922224E+02
9.120000E+00 1.834548E+02
9.130000E+00 2.106232E+02
9.140000E+00 2.131841E+02
9.150000E+00 2.244082E+02
9.160000E+00 1.908272E+02
9.170000E+00 1.903030E+02
9.180000E+00 1.979036E+02
9.190000E+00 1.951681E+02
9.200000E+00 1.551020E+02
9.210000E+00 1.854295E+02
9.220000E+00 1.817605E+02
9.230000E+00 1.763883E+02
9.240000E+00 1.826247E+02
9.250000E+00 1.870613E+02
9.260000E+00 1.960901E+02
9.270000E+00 2.324115E+02
9.280000E+00 2.174160E+02
9.290000E+00 2.087103E+02
9.300000E+00 2.481099E+02
9.310000E+00 2.306399E+02
9.320000E+00 2.071418E+02
9.330000E+00 2.351533E+02
9.340000E+00 2.260286E+02
9.350000E+00 2.862868E+02
9.360000E+00 3.108787E+02
9.370000E+00 2.427941E+02
9.380000E+00 2.666940E+02
9.390000E+00 2.737324E+02
9.400000E+00 2.518324E+02
9.410000E+00 2.859082E+02
9.420000E+00 2.415897E+02
9.430000E+00 2.553843E+02
9.440000E+00 2.363897E+02
9.450000E+00 2.166864E+02
9.460000E+00 2.069063E+02
9.470000E+00 2.300961E+02
9.480000E+00 2.436012E+02
9.490000E+00 2.398972E+02
9.500000E+00 2.470471E+02
9.510000E+00 2.515331E+02
9.520000E+00 2.630116E+02
9.530000E+00 2.496254E+02
9.540000E+00 2.392624E+02
9.550000E+00 1.920794E+02
9.560000E+00 2.211583E+02
9.570000E+00 2.446389E+02
9.580000E+00 2.891709E+02
9.590000E+00 2.443096E+02
9.600000E+00 2.218819E+02
9.610000E+00 2.532760E+02
9.620000E+00 2.528303E+02
9.630000E+00 2.166510E+02
9.640000E+00 2.532081E+02
9.650000E+00 2.244555E+02
9.660000E+00 2.277853E+02
9.670000E+00 2.162924E+02
9.680000E+00 2.321342E+02
9.690000E+00 2.117398E+02
9.700000E+00 2.112366E+02
9.710000E+00 1.901174E+02
9.720000E+00 2.203548E+02
9.730000E+00 2.273472E+02
9.740000E+00 2.366160E+02
9.750000E+00 2.262050E+02
9.760000E+00 1.891177E+02
9.770000E+00 2.196874E+02
9.780000E+00 2.395353E+02
9.790000E+00 2.188105E+02
9.800000E+00 1.904977E+02
9.810000E+00 2.289032E+02
9.820000E+00 2.149105E+02
9.830000E+00 1.917347E+02
9.840000E+00 1.940966E+02
9.850000E+00 2.024013E+02
9.860000E+00 2.171396E+02
9.870000E+00 1.886587E+02
9.880000E+00 1.832179E+02
9.890000E+00 1.632309E+02
9.900000E+00 1.932488E+02
9.910000E+00 1.964788E+02
9.920000E+00 1.630970E+02
9.930000E+00 1.732883E+02
9.940000E+00 1.773937E+02
9.950000E+00 1.630884E+02
9.960000E+00 1.634670E+02
9.970000E+00 1.724988E+02
9.980000E+00 1.437884E+02
9.990000E+00 1.722871E+02
1.000000E+01 1.575715E+02
1.001000E+01 1.644143E+02
1.002000E+01 1.710647E+02
1.003000E+01 1.802288E+02
1.004000E+01 1.498178E+02
1.005000E+01 1.467615E+02
1.006000E+01 1.679073E+02
1.007000E+01 1.412867E+02
1.008000E+01 1.440484E+02
1.009000E+01 1.532024E+02
1.010000E+01 1.437434E+02
1.011000E+01 1.421466E+02
1.012000E+01 1.619994E+02
1.013000E+01 1.564480E+02
1.014000E+01 1.524209E+02
1.015000E+01 1.413105E+02
1.016000E+01 1.474658E+02
1.017000E+01 1.506477E+02
1.018000E+01 1.608294E+02
1.019000E+01 1.617639E+02
1.020000E+01 1.549405E+02
1.021000E+01 1.541169E+02
1.022000E+01 1.397930E+02
1.023000E+01 1.435610E+02
1.024000E+01 1.718403E+02
1.025000E+01 1.579692E+02
1.026000E+01 1.530427E+02
1.027000E+01 1.763263E+02
1.028000E+01 1.732079E+02
1.029000E+01 1.564984E+02
1.030000E+01 1.467887E+02
1.031000E+01 1.654912E+02
1.032000E+01 1.763436E+02
1.033000E+01 1.572201E+02
1.034000E+01 1.700190E+02
1.035000E+01 1.826583E+02
1.036000E+01 1.802529E+02
1.037000E+01 2.043604E+02
1.038000E+01 1.886803E+02
1.039000E+01 1.828517E+02
1.040000E+01 1.792572E+02
1.041000E+01 1.707209E+02
1.042000E+01 1.901687E+02
1.043000E+01 1.952849E+02
1.044000E+01 2.057993E+02
1.045000E+01 2.090226E+02
1.046000E+01 1.998677E+02
1.047000E+01 2.146190E+02
1.048000E+01 2.110368E+02
1.049000E+01 1.949772E+02
1.050000E+01 1.897517E+02
1.051000E+01 1.976582E+02
1.052000E+01 2.062913E+02
1.053000E+01 2.089486E+02
1.054000E+01 1.976690E+02
1.055000E+01 2.131042E+02
1.056000E+01 2.366735E+02
1.057000E+01 1.751779E+02
1.058000E+01 2.034116E+02
1.059000E+01 2.099118E+02
1.060000E+01 2.171426E+02
1.061000E+01 2.113337E+02
1.062000E+01 2.164583E+02
1.063000E+01 1.905233E+02
1.064000E+01 2.225501E+02
1.065000E+01 2.279554E+02
1.066000E+01 2.562197E+02
1.067000E+01 2.468377E+02
1.068000E+01 2.421860E+02
1.069000E+01 2.564122E+02
1.070000E+01 2.247629E+02
1.071000E+01 2.374551E+02
1.072000E+01 2.313891E+02
1.073000E+01 2.497913E+02
1.074000E+01 2.165746E+02
1.075000E+01 2.237885E+02
1.076000E+01 2.319272E+02
1.077000E+01 2.463799E+02
1.078000E+01 1.963099E+02
1.079000E+01 2.035940E+02
1.080000E+01 2.393336E+02
1.081000E+01 2.305147E+02
1.082000E+01 2.364681E+02
1.083000E+01 2.472145E+02
1.084000E+01 2.248507E+02
1.085000E+01 2.599771E+02
1.086000E+01 2.583771E+02
1.087000E+01 2.724730E+02
1.088000E+01 2.692516E+02
1.089000E+01 2.350985E+02
1.090000E+01 2.421341E+02
1.091000E+01 3.219563E+02
1.092000E+01 2.500240E+02
1.093000E+01 2.617635E+02
1.094000E+01 2.526898E+02
1.095000E+01 2.978992E+02
1.096000E+01 2.911459E+02
1.097000E+01 2.650601E+02
1.098000E+01 2.497314E+02
1.099000E+01 2.755593E+02
1.100000E+01 2.502930E+02
1.101000E+01 2.145877E+02
1.102000E+01 2.057054E+02
1.103000E+01 2.188221E+02
1.104000E+01 2.258247E+02
1.105000E+01 2.167354E+02
1.106000E+01 2.183261E+02
1.107000E+01 2.287070E+02
1.108000E+01 2.487285E+02
1.109000E+01 2.227949E+02
1.110000E+01 2.370858E+02
1.111000E+01 2.202143E+02
1.112000E+01 2.312595E+02
1.113000E+01 2.001716E+02
1.114000E+01 1.973163E+02
1.115000E+01 2.372702E+02
1.116000E+01 2.189254E+02
1.117000E+01 2.100541E+02
1.118000E+01 1.700346E+02
1.119000E+01 2.148719E+02
1.120000E+01 1.830068E+02
1.121000E+01 1.800751E+02
1.122000E+01 1.723118E+02
1.123000E+01 1.691765E+02
1.124000E+01 1.786155E+02
1.125000E+01 1.564248E+02
1.126000E+01 1.701068E+02
1.127000E+01 1.767514E+02
1.128000E+01 1.678360E+02
1.129000E+01 1.455184E+02
1.130000E+01 1.995316E+02
1.131000E+01 1.690540E+02
1.132000E+01 1.668851E+02
1.133000E+01 1.663891E+02
1.134000E+01 1.522996E+02
1.135000E+01 1.645371E+02
1.136000E+01 1.939904E+02
1.137000E+01 1.525193E+02
1.138000E+01 1.723091E+02
1.139000E+01 1.718107E+02
1.140000E+01 1.551828E+02
1.141000E+01 1.591015E+02
1.142000E+01 1.654405E+02
1.143000E+01 1.206443E+02
1.144000E+01 1.675575E+02
1.145000E+01 1.516002E+02
1.146000E+01 1.663526E+02
1.147000E+01 1.726219E+02
1.148000E+01 1.588113E+02
1.149000E+01 1.595107E+02
1.150000E+01 1.522940E+02
1.151000E+01 1.653689E+02
1.152000E+01 1.719670E+02
1.153000E+01 1.694792E+02
1.154000E+01 1.841186E+02
1.155000E+01 1.583972E+02
1.156000E+01 1.466371E+02
1.157000E+01 1.385254E+02
1.158000E+01 1.535351E+02
1.159000E+01 1.491929E+02
1.160000E+01 1.472073E+02
1.161000E+01 1.477433E+02
1.162000E+01 1.343704E+02
1.163000E+01 1.362598E+02
1.164000E+01 1.279461E+02
1.165000E+01 1.446361E+02
1.166000E+01 1.634061E+02
1.167000E+01 1.528765E+02
1.168000E+01 1.527512E+02
1.169000E+01 1.460139E+02
1.170000E+01 1.478840E+02
1.171000E+01 1.554345E+02
1.172000E+01 1.710972E+02
1.173000E+01 1.619962E+02
1.174000E+01 1.615694E+02
1.175000E+01 1.793054E+02
1.176000E+01 1.767621E+02
1.177000E+01 1.639659E+02
1.178000E+01 1.909089E+02
1.179000E+01 1.609742E+02
1.180000E+01 1.813609E+02
1.181000E+01 1.964011E+02
1.182000E+01 1.756045E+02
1.183000E+01 2.032169E+02
1.184000E+01 1.703960E+02
1.185000E+01 1.870604E+02
1.186000E+01 1.589784E+02
1.187000E+01 1.921981E+02
1.188000E+01 1.938640E+02
1.189000E+01 1.924020E+02
1.190000E+01 2.167144E+02
1.191000E+01 1.546826E+02
1.192000E+01 2.121523E+02
1.193000E+01 2.209568E+02
1.194000E+01 2.154428E+02
1.195000E+01 2.287394E+02
1.196000E+01 2.236806E+02
1.197000E+01 2.309365E+02
1.198000E+01 2.133838E+02
1.199000E+01 2.445761E+02
1.200000E+01 2.413218E+02
1.201000E+01 2.222958E+02
1.202000E+01 2.461229E+02
1.203000E+01 1.913437E+02
1.204000E+01 2.049393E+02
1.205000E+01 2.585720E+02
1.206000E+01 2.209895E+02
1.207000E+01 2.472282E+02
1.208000E+01 2.775667E+02
1.209000E+01 2.448564E+02
1.210000E+01 2.386051E+02
1.211000E+01 2.736933E+02
1.212000E+01 2.290072E+02
1.213000E+01 2.714322E+02
1.214000E+01 2.354307E+02
1.215000E+01 2.641072E+02
1.216000E+01 2.514874E+02
1.217000E+01 2.482297E+02
1.218000E+01 2.332733E+02
1.219000E+01 2.684097E+02
1.220000E+01 2.263947E+02
1.221000E+01 2.356056E+02
1.222000E+01 2.332769E+02
1.223000E+01 2.340922E+02
1.224000E+01 2.716001E+02
1.225000E+01 2.504047E+02
1.226000E+01 2.226775E+02
1.227000E+01 2.553547E+02
1.228000E+01 2.425241E+02
1.229000E+01 2.484081E+02
1.230000E+01 2.410297E+02
1.231000E+01 2.644943E+02
1.232000E+01 2.410331E+02
1.233000E+01 2.347120E+02
1.234000E+01 2.512823E+02
1.235000E+01 2.499091E+02
1.236000E+01 2.276812E+02
1.237000E+01 2.388218E+02
1.238000E+01 2.208561E+02
1.239000E+01 1.814291E+02
1.240000E+01 2.152500E+02
1.241000E+01 2.021461E+02
1.242000E+01 2.332763E+02
1.243000E+01 2.136750E+02
1.244000E+01 2.215891E+02
1.245000E+01 2.103212E+02
1.246000E+01 2.037762E+02
1.247000E+01 1.974575E+02
1.248000E+01 1.884727E+02
1.249000E+01 1.917639E+02
1.250000E+01 1.928617E+02
1.251000E+01 1.999345E+02
1.252000E+01 2.037133E+02
1.253000E+01 1.764326E+02
1.254000E+01 2.292866E+02
1.255000E+01 2.239988E+02
1.256000E+01 2.595905E+02
1.257000E+01 2.208576E+02
1.258000E+01 2.090025E+02
1.259000E+01 1.926135E+02
1.260000E+01 2.093433E+02
1.261000E+01 1.832783E+02
1.262000E+01 1.969729E+02
1.263000E+01 1.839042E+02
1.264000E+01 1.916386E+02
1.265000E+01 2.213896E+02
1.266000E+01 1.948320E+02
1.267000E+01 1.896056E+02
1.268000E+01 2.024507E+02
1.269000E+01 1.663478E+02
1.270000E+01 2.020478E+02
1.271000E+01 1.960414E+02
1.272000E+01 1.452289E+02
1.273000E+01 1.558571E+02
1.274000E+01 1.640270E+02
1.275000E+01 1.739832E+02
1.276000E+01 2.003572E+02
1.277000E+01 1.796274E+02
1.278000E+01 1.733530E+02
1.279000E+01 1.768964E+02
1.280000E+01 1.897623E+02
1.281000E+01 1.857512E+02
1.282000E+01 1.891731E+02
1.283000E+01 2.135291E+02
1.284000E+01 1.898259E+02
1.285000E+01 1.847179E+02
1.286000E+01 1.426146E+02
1.287000E+01 1.525957E+02
1.288000E+01 1.703279E+02
1.289000E+01 1.757775E+02
1.290000E+01 1.710501E+02
1.291000E+01 1.614099E+02
1.292000E+01 1.320418E+02
1.293000E+01 1.306012E+02
1.294000E+01 1.615710E+02
1.295000E+01 1.652795E+02
1.296000E+01 1.386871E+02
1.297000E+01 1.510033E+02
1.298000E+01 1.509512E+02
1.299000E+01 1.468570E+02
1.300000E+01 1.567105E+02
1.301000E+01 1.450311E+02
1.302000E+01 1.549909E+02
1.303000E+01 1.460596E+02
1.304000E+01 1.617094E+02
1.305000E+01 2.066431E+02
1.306000E+01 2.013133E+02
1.307000E+01 1.765444E+02
1.308000E+01 1.751194E+02
1.309000E+01 1.874824E+02
1.310000E+01 2.234904E+02
1.311000E+01 1.836054E+02
1.312000E+01 1.626612E+02
1.313000E+01 2.306869E+02
1.314000E+01 2.357447E+02
1.315000E+01 2.088404E+02
1.316000E+01 2.003699E+02
1.317000E+01 2.005872E+02
1.318000E+01 1.927514E+02
1.319000E+01 1.969793E+02
1.320000E+01 1.796188E+02
1.321000E+01 1.649875E+02
1.322000E+01 1.574714E+02
1.323000E+01 1.622189E+02
1.324000E+01 1.976683E+02
1.325000E+01 1.726598E+02
1.326000E+01 1.619337E+02
1.327000E+01 1.873395E+02
1.328000E+01 1.998354E+02
1.329000E+01 1.901706E+02
1.330000E+01 1.797313E+02
1.331000E+01 1.989144E+02
1.332000E+01 2.467417E+02
1.333000E+01 2.288586E+02
1.334000E+01 1.664345E+02
1.335000E+01 1.961591E+02
1.336000E+01 2.046503E+02
1.337000E+01 2.258069E+02
1.338000E+01 2.112782E+02
1.339000E+01 2.405340E+02
1.340000E+01 2.192514E+02
1.341000E+01 2.197430E+02
1.342000E+01 2.205256E+02
1.343000E+01 2.245808E+02
1.344000E+01 2.140039E+02
1.345000E+01 2.122256E+02
1.346000E+01 2.096714E+02
1.347000E+01 1.970599E+02
1.348000E+01 1.998394E+02
1.349000E+01 2.215180E+02
1.350000E+01 1.868972E+02
1.351000E+01 2.196836E+02
1.352000E+01 2.137283E+02
1.353000E+01 2.006935E+02
1.354000E+01 1.906465E+02
1.355000E+01 1.927800E+02
1.356000E+01 1.862258E+02
1.357000E+01 2.056266E+02
1.358000E+01 1.973373E+02
1.359000E+01 2.221406E+02
1.360000E+01 2.319393E+02
1.361000E+01 2.751912E+02
1.362000E+01 2.586085E+02
1.363000E+01 2.463341E+02
1.364000E+01 2.434882E+02
1.365000E+01 2.463965E+02
1.366000E+01 2.411858E+02
1.367000E+01 2.716290E+02
1.368000E+01 3.001291E+02
1.369000E+01 2.536909E+02
1.370000E+01 2.570842E+02
1.371000E+01 2.288107E+02
1.372000E+01 2.496862E+02
1.373000E+01 2.585905E+02
1.374000E+01 2.480151E+02
1.375000E+01 2.381812E+02
1.376000E+01 2.266140E+02
1.377000E+01 2.504204E+02
1.378000E+01 2.589000E+02
1.379000E+01 2.050774E+02
1.380000E+01 1.846797E+02
1.381000E+01 2.341073E+02
1.382000E+01 2.284619E+02
1.383000E+01 2.393492E+02
1.384000E+01 2.061510E+02
1.385000E+01 2.053959E+02
1.386000E+01 1.677168E+02
1.387000E+01 1.892253E+02
1.388000E+01 2.092622E+02
1.389000E+01 1.667815E+02
1.390000E+01 1.732205E+02
1.391000E+01 1.845917E+02
1.392000E+01 2.381186E+02
1.393000E+01 2.178888E+02
1.394000E+01 1.730336E+02
1.395000E+01 1.824194E+02
1.396000E+01 1.663551E+02
1.397000E+01 1.565468E+02
1.398000E+01 1.887059E+02
1.399000E+01 1.718129E+02
1.400000E+01 1.511113E+02
1.401000E+01 1.843992E+02
1.402000E+01 2.035444E+02
1.403000E+01 2.130333E+02
1.404000E+01 1.875365E+02
1.405000E+01 1.670477E+02
1.406000E+01 1.646837E+02
1.407000E+01 1.915409E+02
1.408000E+01 1.916239E+02
1.409000E+01 2.104030E+02
1.410000E+01 2.111068E+02
1.411000E+01 2.168722E+02
1.412000E+01 1.853223E+02
1.413000E+01 1.881498E+02
1.414000E+01 1.997338E+02
1.415000E+01 1.849073E+02
1.416000E+01 1.639475E+02
1.417000E+01 1.599820E+02
1.418000E+01 1.651210E+02
1.419000E+01 1.964507E+02
1.420000E+01 1.800930E+02
1.421000E+01 1.971067E+02
1.422000E+01 2.068836E+02
1.423000E+01 2.020869E+02
1.424000E+01 1.884672E+02
1.425000E+01 1.869976E+02
1.426000E+01 1.749396E+02
1.427000E+01 2.001859E+02
1.428000E+01 1.825325E+02
1.429000E+01 2.150945E+02
1.430000E+01 1.837131E+02
1.431000E+01 1.798498E+02
1.432000E+01 1.675202E+02
1.433000E+01 1.960188E+02
1.434000E+01 2.057911E+02
1.435000E+01 1.833621E+02
1.436000E+01 2.044609E+02
1.437000E+01 2.070428E+02
1.438000E+01 2.300782E+02
1.439000E+01 1.734112E+02
1.440000E+01 2.132296E+02
1.441000E+01 2.372879E+02
1.442000E+01 2.151015E+02
1.443000E+01 2.474508E+02
1.444000E+01 2.028370E+02
1.445000E+01 1.883554E+02
1.446000E+01 2.121211E+02
1.447000E+01 2.096885E+02
1.448000E+01 2.090030E+02
1.449000E+01 2.152715E+02
1.450000E+01 2.057727E+02
1.451000E+01 2.223864E+02
1.452000E+01 2.249530E+02
1.453000E+01 1.949461E+02
1.454000E+01 2.172137E+02
1.455000E+01 2.000643E+02
1.456000E+01 2.049818E+02
1.457000E+01 2.228782E+02
1.458000E+01 2.098155E+02
1.459000E+01 1.963437E+02
1.460000E+01 1.693800E+02
1.461000E+01 1.888425E+02
1.462000E+01 2.121452E+02
1.463000E+01 2.034817E+02
1.464000E+01 2.097458E+02
1.465000E+01 1.837662E+02
1.466000E+01 2.230193E+02
1.467000E+01 1.779256E+02
1.468000E+01 1.589024E+02
1.469000E+01 1.734978E+02
1.470000E+01 1.904027E+02
1.471000E+01 2.044347E+02
1.472000E+01 1.927952E+02
1.473000E+01 1.971764E+02
1.474000E+01 2.080222E+02
1.475000E+01 1.911522E+02
1.476000E+01 2.037143E+02
1.477000E+01 1.772843E+02
1.478000E+01 1.722961E+02
1.479000E+01 1.781108E+02
1.480000E+01 1.783794E+02
1.481000E+01 1.814922E+02
1.482000E+01 1.562968E+02
1.483000E+01 1.978794E+02
1.484000E+01 1.670598E+02
1.485000E+01 1.763599E+02
1.486000E+01 1.744689E+02
1.487000E+01 1.861386E+02
1.488000E+01 2.057384E+02
1.489000E+01 1.837334E+02
1.490000E+01 1.656877E+02
1.491000E+01 2.122452E+02
1.492000E+01 1.970877E+02
1.493000E+01 1.901484E+02
1.494000E+01 1.498046E+02
1.495000E+01 1.730755E+02
1.496000E+01 1.946430E+02
1.497000E+01 2.071226E+02
1.498000E+01 1.727859E+02
1.499000E+01 1.706298E+02
1.500000E+01 2.231471E+02
1.501000E+01 1.844396E+02
1.502000E+01 2.197604E+02
1.503000E+01 1.604355E+02
1.504000E+01 1.964673E+02
1.505000E+01 2.104936E+02
1.506000E+01 1.946681E+02
1.507000E+01 2.086092E+02
1.508000E+01 1.802185E+02
1.509000E+01 1.650131E+02
1.510000E+01 1.819925E+02
1.511000E+01 1.649392E+02
1.512000E+01 1.643439E+02
1.513000E+01 1.727184E+02
1.514000E+01 1.602795E+02
1.515000E+01 1.748235E+02
1.516000E+01 1.933795E+02
1.517000E+01 1.988124E+02
1.518000E+01 2.164206E+02
1.519000E+01 2.126132E+02
1.520000E+01 1.866031E+02
1.521000E+01 2.051423E+02
1.522000E+01 2.108014E+02
1.523000E+01 1.917846E+02
1.524000E+01 2.126847E+02
1.525000E+01 2.295249E+02
1.526000E+01 1.989857E+02
1.527000E+01 2.298501E+02
1.528000E+01 2.292953E+02
1.529000E+01 1.862984E+02
1.530000E+01 2.262341E+02
1.531000E+01 1.825277E+02
1.532000E+01 2.047554E+02
1.533000E+01 2.179421E+02
1.534000E+01 2.174956E+02
1.535000E+01 2.180752E+02
1.536000E+01 2.016179E+02
1.537000E+01 2.183232E+02
1.538000E+01 2.210903E+02
1.539000E+01 2.010080E+02
1.540000E+01 2.357794E+02
1.541000E+01 2.482938E+02
1.542000E+01 2.124587E+02
1.543000E+01 2.209711E+02
1.544000E+01 2.107333E+02
1.545000E+01 2.682636E+02
1.546000E+01 2.467433E+02
1.547000E+01 2.794554E+02
1.548000E+01 2.458445E+02
1.549000E+01 2.503395E+02
1.550000E+01 2.166973E+02
1.551000E+01 2.427725E+02
1.552000E+01 2.413754E+02
1.553000E+01 2.347703E+02
1.554000E+01 2.192057E+02
1.555000E+01 2.586253E+02
1.556000E+01 2.447624E+02
1.557000E+01 2.370643E+02
1.558000E+01 2.434434E+02
1.559000E+01 2.526507E+02
1.560000E+01 2.448068E+02
1.561000E+01 2.374981E+02
1.562000E+01 2.700321E+02
1.563000E+01 2.184169E+02
1.564000E+01 2.045788E+02
1.565000E+01 2.146643E+02
1.566000E+01 1.877537E+02
1.567000E+01 2.235718E+02
1.568000E+01 1.925999E+02
1.569000E+01 1.781686E+02
1.570000E+01 1.756592E+02
1.571000E+01 1.972828E+02
1.572000E+01 1.787017E+02
1.573000E+01 1.791125E+02
1.574000E+01 1.549501E+02
1.575000E+01 1.547476E+02
1.576000E+01 1.889982E+02
1.577000E+01 1.583165E+02
1.578000E+01 1.604077E+02
1.579000E+01 1.783589E+02
1.580000E+01 1.845834E+02
1.581000E+01 2.037466E+02
1.582000E+01 1.630276E+02
1.583000E+01 1.509443E+02
1.584000E+01 1.938339E+02
1.585000E+01 2.257835E+02
1.586000E+01 1.692914E+02
1.587000E+01 1.584500E+02
1.588000E+01 1.964005E+02
1.589000E+01 2.182399E+02
1.590000E+01 1.914446E+02
1.591000E+01 1.930438E+02
1.592000E+01 2.026929E+02
1.593000E+01 1.737393E+02
1.594000E+01 1.912702E+02
1.595000E+01 2.020773E+02
1.596000E+01 1.733310E+02
1.597000E+01 1.551587E+02
1.598000E+01 1.688196E+02
1.599000E+01 1.966414E+02
1.600000E+01 1.939203E+02
1.601000E+01 1.816378E+02
1.602000E+01 2.002625E+02
1.603000E+01 1.955141E+02
1.604000E+01 1.817875E+02
1.605000E+01 1.895222E+02
1.606000E+01 2.041693E+02
1.607000E+01 1.978345E+02
1.608000E+01 1.789500E+02
1.609000E+01 1.629798E+02
1.610000E+01 1.876538E+02
1.611000E+01 1.893248E+02
1.612000E+01 1.760041E+02
1.613000E+01 1.682717E+02
1.614000E+01 1.996673E+02
1.615000E+01 1.856678E+02
1.616000E+01 1.737333E+02
1.617000E+01 1.859408E+02
1.618000E+01 1.953966E+02
1.619000E+01 1.929710E+02
1.620000E+01 1.721704E+02
1.621000E+01 1.701302E+02
1.622000E+01 1.767429E+02
1.623000E+01 1.785404E+02
1.624000E+01 1.956427E+02
1.625000E+01 1.734471E+02
1.626000E+01 1.891168E+02
1.627000E+01 2.290549E+02
1.628000E+01 1.921492E+02
1.629000E+01 1.714520E+02
1.630000E+01 1.872659E+02
1.631000E+01 1.925007E+02
1.632000E+01 2.014760E+02
1.633000E+01 1.937018E+02
1.634000E+01 1.819662E+02
1.635000E+01 2.191109E+02
1.636000E+01 2.042048E+02
1.637000E+01 1.629247E+02
1.638000E+01 1.569781E+02
1.639000E+01 2.007422E+02
1.640000E+01 1.697479E+02
1.641000E+01 1.883308E+02
1.642000E+01 2.197010E+02
1.643000E+01 2.102454E+02
1.644000E+01 1.924159E+02
1.645000E+01 2.169247E+02
1.646000E+01 2.212266E+02
1.647000E+01 1.889771E+02
1.648000E+01 2.127144E+02
1.649000E+01 2.358786E+02
1.650000E+01 2.259285E+02
1.651000E+01 2.277297E+02
1.652000E+01 1.933665E+02
1.653000E+01 2.368280E+02
1.654000E+01 2.239707E+02
1.655000E+01 2.065862E+02
1.656000E+01 2.164520E+02
1.657000E+01 2.304099E+02
1.658000E+01 2.222134E+02
1.659000E+01 2.390861E+02
1.660000E+01 2.429350E+02
1.661000E+01 2.166139E+02
1.662000E+01 2.369891E+02
1.663000E+01 2.398045E+02
1.664000E+01 2.009243E+02
1.665000E+01 2.171269E+02
1.666000E+01 2.426517E+02
1.667000E+01 2.337513E+02
1.668000E+01 2.497066E+02
1.669000E+01 2.157546E+02
1.670000E+01 2.145137E+02
1.671000E+01 2.463251E+02
1.672000E+01 2.218782E+02
1.673000E+01 1.951829E+02
1.674000E+01 1.914267E+02
1.675000E+01 1.871441E+02
1.676000E+01 1.870683E+02
1.677000E+01 1.755101E+02
1.678000E+01 2.060112E+02
1.679000E+01 2.085311E+02
1.680000E+01 2.169470E+02
1.681000E+01 2.182526E+02
1.682000E+01 2.049182E+02
1.683000E+01 1.394406E+02
1.684000E+01 2.051302E+02
1.685000E+01 2.262945E+02
1.686000E+01 1.791869E+02
1.687000E+01 2.265120E+02
1.688000E+01 2.303577E+02
1.689000E+01 1.971900E+02
1.690000E+01 1.997478E+02
1.691000E+01 2.215773E+02
1.692000E+01 1.978760E+02
1.693000E+01 2.192346E+02
1.694000E+01 2.111068E+02
1.695000E+01 1.668721E+02
1.696000E+01 1.588231E+02
1.697000E+01 1.694772E+02
1.698000E+01 1.897609E+02
1.699000E+01 1.821085E+02
1.700000E+01 1.761683E+02
1.701000E+01 1.883454E+02
1.702000E+01 1.664755E+02
1.703000E+01 1.943762E+02
1.704000E+01 2.193882E+02
1.705000E+01 1.648912E+02
1.706000E+01 1.840555E+02
1.707000E+01 2.029423E+02
1.708000E+01 2.251697E+02
1.709000E+01 2.029870E+02
1.710000E+01 2.048026E+02
1.711000E+01 1.949299E+02
1.712000E+01 1.726811E+02
1.713000E+01 1.779845E+02
1.714000E+01 1.914994E+02
1.715000E+01 1.958431E+02
1.716000E+01 1.713154E+02
1.717000E+01 2.101977E+02
1.718000E+01 1.891369E+02
1.719000E+01 1.743539E+02
1.720000E+01 1.949272E+02
1.721000E+01 1.975264E+02
1.722000E+01 2.038128E+02
1.723000E+01 1.638633E+02
1.724000E+01 1.742052E+02
1.725000E+01 2.072186E+02
1.726000E+01 2.021408E+02
1.727000E+01 1.694451E+02
1.728000E+01 2.191055E+02
1.729000E+01 2.048347E+02
1.730000E+01 2.242209E+02
1.731000E+01 2.172647E+02
1.732000E+01 2.182265E+02
1.733000E+01 1.809793E+02
1.734000E+01 2.026861E+02
1.735000E+01 2.339859E+02
1.736000E+01 2.334082E+02
1.737000E+01 2.019879E+02
1.738000E+01 1.918417E+02
1.739000E+01 1.764491E+02
1.740000E+01 1.682414E+02
1.741000E+01 2.053264E+02
1.742000E+01 1.797494E+02
1.743000E+01 1.749421E+02
1.744000E+01 1.842690E+02
1.745000E+01 1.747384E+02
1.746000E+01 1.941834E+02
1.747000E+01 2.359539E+02
1.748000E+01 2.161708E+02
1.749000E+01 1.928532E+02
1.750000E+01 1.922782E+02
1.751000E+01 2.233095E+02
1.752000E+01 2.025956E+02
1.753000E+01 1.967078E+02
1.754000E+01 1.839132E+02
1.755000E+01 1.863831E+02
1.756000E+01 2.229988E+02
1.757000E+01 1.997476E+02
1.758000E+01 2.005172E+02
1.759000E+01 1.949318E+02
1.760000E+01 1.717740E+02
1.761000E+01 1.882672E+02
1.762000E+01 2.192696E+02
1.763000E+01 1.958653E+02
1.764000E+01 1.780746E+02
1.765000E+01 1.862252E+02
1.766000E+01 2.005242E+02
1.767000E+01 1.998271E+02
1.768000E+01 1.903281E+02
1.769000E+01 1.983599E+02
1.770000E+01 2.211681E+02
1.771000E+01 1.883064E+02
1.772000E+01 2.021700E+02
1.773000E+01 2.159695E+02
1.774000E+01 2.034904E+02
1.775000E+01 2.294489E+02
1.776000E+01 2.042738E+02
1.777000E+01 2.135873E+02
1.778000E+01 2.204387E+02
1.779000E+01 2.265701E+02
1.780000E+01 2.265763E+02
1.781000E+01 1.796688E+02
1.782000E+01 1.863668E+02
1.783000E+01 2.108871E+02
1.784000E+01 1.920749E+02
1.785000E+01 2.094468E+02
1.786000E+01 1.912749E+02
1.787000E+01 2.066911E+02
1.788000E+01 1.764177E+02
1.789000E+01 1.660287E+02
1.790000E+01 2.388265E+02
1.791000E+01 2.086280E+02
1.792000E+01 1.744005E+02
1.793000E+01 1.886491E+02
1.794000E+01 1.988966E+02
1.795000E+01 1.975333E+02
1.796000E+01 1.907318E+02
1.797000E+01 1.837896E+02
1.798000E+01 1.991230E+02
1.799000E+01 1.893082E+02
1.800000E+01 2.064579E+02
1.801000E+01 2.293950E+02
1.802000E+01 1.988733E+02
1.803000E+01 1.817318E+02
1.804000E+01 2.343238E+02
1.805000E+01 2.068788E+02
1.806000E+01 1.731559E+02
1.807000E+01 1.965854E+02
1.808000E+01 2.306460E+02
1.809000E+01 1.980519E+02
1.810000E+01 2.055632E+02
1.811000E+01 1.875077E+02
1.812000E+01 2.065795E+02
1.813000E+01 2.149865E+02
1.814000E+01 2.293967E+02
1.815000E+01 2.378081E+02
1.816000E+01 2.321327E+02
1.817000E+01 2.098836E+02
1.818000E+01 2.347217E+02
1.819000E+01 1.938808E+02
1.820000E+01 2.208137E+02
1.821000E+01 2.179174E+02
1.822000E+01 1.720607E+02
1.823000E+01 2.302875E+02
1.824000E+01 1.873798E+02
1.825000E+01 1.960114E+02
1.826000E+01 1.957019E+02
1.827000E+01 1.870292E+02
1.828000E+01 2.093088E+02
1.829000E+01 1.932145E+02
1.830000E+01 1.920221E+02
1.831000E+01 2.273489E+02
1.832000E+01 1.627841E+02
1.833000E+01 1.919973E+02
1.834000E+01 2.115945E+02
1.835000E+01 1.684103E+02
1.836000E+01 2.233164E+02
1.837000E+01 2.128883E+02
1.838000E+01 1.913175E+02
1.839000E+01 1.546222E+02
1.840000E+01 1.737792E+02
1.841000E+01 1.844861E+02
1.842000E+01 2.065576E+02
1.843000E+01 1.880760E+02
1.844000E+01 2.018276E+02
1.845000E+01 1.878841E+02
1.846000E+01 1.538625E+02
1.847000E+01 1.585270E+02
1.848000E+01 1.795814E+02
1.849000E+01 2.074244E+02
1.850000E+01 2.040112E+02
1.851000E+01 1.687170E+02
1.852000E+01 1.630856E+02
1.853000E+01 1.710671E+02
1.854000E+01 1.552987E+02
1.855000E+01 1.586326E+02
1.856000E+01 1.684602E+02
1.857000E+01 1.959773E+02
1.858000E+01 2.079135E+02
1.859000E+01 1.892265E+02
1.860000E+01 2.043111E+02
1.861000E+01 2.201400E+02
1.862000E+01 1.987517E+02
1.863000E+01 2.042121E+02
1.864000E+01 2.114495E+02
1.865000E+01 2.260434E+02
1.866000E+01 2.324677E+02
1.867000E+01 2.360010E+02
1.868000E+01 1.835121E+02
1.869000E+01 2.184251E+02
1.870000E+01 2.077688E+02
1.871000E+01 2.335454E+02
1.872000E+01 2.460455E+02
1.873000E+01 2.390735E+02
1.874000E+01 2.322122E+02
1.875000E+01 2.386642E+02
1.876000E+01 2.163754E+02
1.877000E+01 1.908521E+02
1.878000E+01 1.868126E+02
1.879000E+01 2.011202E+02
1.880000E+01 2.466841E+02
1.881000E+01 1.688756E+02
1.882000E+01 1.767221E+02
1.883000E+01 1.974473E+02
1.884000E+01 1.730937E+02
1.885000E+01 2.109435E+02
1.886000E+01 1.943892E+02
1.887000E+01 1.644280E+02
1.888000E+01 1.838951E+02
1.889000E+01 1.926783E+02
1.890000E+01 1.878703E+02
1.891000E+01 1.792938E+02
1.892000E+01 1.985981E+02
1.893000E+01 2.022248E+02
1.894000E+01 1.921138E+02
1.895000E+01 2.260999E+02
1.896000E+01 2.030742E+02
1.897000E+01 1.817990E+02
1.898000E+01 1.886322E+02
1.899000E+01 2.130217E+02
1.900000E+01 1.917800E+02
1.901000E+01 2.238642E+02
1.902000E+01 1.938095E+02
1.903000E+01 2.032962E+02
1.904000E+01 2.433964E+02
1.905000E+01 2.310534E+02
1.906000E+01 1.992123E+02
1.907000E+01 1.964527E+02
1.908000E+01 2.167245E+02
1.909000E+01 1.949087E+02
1.910000E+01 2.081256E+02
1.911000E+01 1.911564E+02
1.912000E+01 2.063093E+02
1.913000E+01 1.928562E+02
1.914000E+01 1.687623E+02
1.915000E+01 1.761956E+02
1.916000E+01 1.840910E+02
1.917000E+01 1.973487E+02
1.918000E+01 2.074929E+02
1.919000E+01 2.119246E+02
1.920000E+01 1.793933E+02
1.921000E+01 1.986804E+02
1.922000E+01 2.170152E+02
1.923000E+01 2.315290E+02
1.924000E+01 1.799134E+02
1.925000E+01 2.149602E+02
1.926000E+01 2.055133E+02
1.927000E+01 1.977153E+02
1.928000E+01 2.327527E+02
1.929000E+01 2.314812E+02
1.930000E+01 1.990547E+02
1.931000E+01 2.151929E+02
1.932000E+01 2.312545E+02
1.933000E+01 2.042863E+02
1.934000E+01 1.850027E+02
1.935000E+01 2.233495E+02
1.936000E+01 2.161654E+02
1.937000E+01 2.310867E+02
1.938000E+01 1.950815E+02
1.939000E+01 1.834688E+02
1.940000E+01 2.036854E+02
1.941000E+01 2.040732E+02
1.942000E+01 1.823236E+02
1.943000E+01 2.141907E+02
1.944000E+01 2.347416E+02
1.945000E+01 2.216869E+02
1.946000E+01 1.873519E+02
1.947000E+01 1.853489E+02
1.948000E+01 2.085492E+02
1.949000E+01 1.687473E+02
1.950000E+01 1.601507E+02
1.951000E+01 1.772274E+02
1.952000E+01 2.327472E+02
1.953000E+01 1.968662E+02
1.954000E+01 1.923116E+02
1.955000E+01 1.841312E+02
1.956000E+01 2.142535E+02
1.957000E+01 1.958362E+02
1.958000E+01 2.030531E+02
1.959000E+01 1.868378E+02
1.960000E+01 2.029623E+02
1.961000E+01 2.185326E+02
1.962000E+01 1.837772E+02
1.963000E+01 2.014056E+02
1.964000E+01 1.947261E+02
1.965000E+01 1.741109E+02
1.966000E+01 2.184799E+02
1.967000E+01 1.912659E+02
1.968000E+01 2.220347E+02
1.969000E+01 1.872313E+02
1.970000E+01 2.520179E+02
1.971000E+01 2.344234E+02
1.972000E+01 2.104652E+02
1.973000E+01 2.247449E+02
1.974000E+01 2.113018E+02
1.975000E+01 2.367183E+02
1.976000E+01 2.505815E+02
1.977000E+01 2.526859E+02
1.978000E+01 2.294838E+02
1.979000E+01 2.427572E+02
1.980000E+01 2.450332E+02
1.981000E+01 2.545676E+02
1.982000E+01 2.008064E+02
1.983000E+01 1.992911E+02
1.984000E+01 1.878340E+02
1.985000E+01 2.099828E+02
1.986000E+01 2.231780E+02
1.987000E+01 2.020164E+02
1.988000E+01 1.540720E+02
1.989000E+01 1.693377E+02
1.990000E+01 1.781360E+02
1.991000E+01 1.858786E+02
1.992000E+01 1.713914E+02
1.993000E+01 1.813690E+02
1.994000E+01 1.727793E+02
1.995000E+01 1.954668E+02
1.996000E+01 2.079836E+02
1.997000E+01 1.954990E+02
1.998000E+01 1.605518E+02
1.999000E+01 1.702987E+02
2.000000E+01 1.533608E+02
