1.000000E-02 2.110191E+01
2.000000E-02 2.112699E+01
3.000000E-02 2.111211E+01
4.000000E-02 2.108516E+01
5.000000E-02 2.133966E+01
6.000000E-02 2.103272E+01
7.000000E-02 2.137888E+01
8.000000E-02 2.131099E+01
9.000000E-02 2.133621E+01
1.000000E-01 2.136524E+01
1.100000E-01 2.141671E+01
1.200000E-01 2.143782E+01
1.300000E-01 2.149053E+01
1.400000E-01 2.157934E+01
1.500000E-01 2.154938E+01
1.600000E-01 2.162060E+01
1.700000E-01 2.159791E+01
1.800000E-01 2.168381E+01
1.900000E-01 2.162384E+01
2.000000E-01 2.167585E+01
2.100000E-01 2.163057E+01
2.200000E-01 2.163749E+01
2.300000E-01 2.165369E+01
2.400000E-01 2.159383E+01
2.500000E-01 2.163117E+01
2.600000E-01 2.160882E+01
2.700000E-01 2.160516E+01
2.800000E-01 2.158511E+01
2.900000E-01 2.157946E+01
3.000000E-01 2.158587E+01
3.100000E-01 2.151412E+01
3.200000E-01 2.155782E+01
3.300000E-01 2.151746E+01
3.400000E-01 2.150003E+01
3.500000E-01 2.146989E+01
3.600000E-01 2.148361E+01
3.700000E-01 2.144842E+01
3.800000E-01 2.141230E+01
3.900000E-01 2.141940E+01
4.000000E-01 2.139958E+01
4.100000E-01 2.137158E+01
4.200000E-01 2.138837E+01
4.300000E-01 2.132886E+01
4.400000E-01 2.134058E+01
4.500000E-01 2.128837E+01
4.600000E-01 2.127672E+01
4.700000E-01 2.126030E+01
4.800000E-01 2.125273E+01
4.900000E-01 2.123620E+01
5.000000E-01 2.119298E+01
5.100000E-01 2.121274E+01
5.200000E-01 2.116373E+01
5.300000E-01 2.117085E+01
5.400000E-01 2.114142E+01
5.500000E-01 2.112878E+01
5.600000E-01 2.110714E+01
5.700000E-01 2.109781E+01
5.800000E-01 2.106109E+01
5.900000E-01 2.105561E+01
6.000000E-01 2.102288E+01
6.100000E-01 2.100793E+01
6.200000E-01 2.098024E+01
6.300000E-01 2.097833E+01
6.400000E-01 2.094239E+01
6.500000E-01 2.093405E+01
6.600000E-01 2.090892E+01
6.700000E-01 2.089006E+01
6.800000E-01 2.087111E+01
6.900000E-01 2.084616E+01
7.000000E-01 2.083654E+01
7.100000E-01 2.082439E+01
7.200000E-01 2.080015E+01
7.300000E-01 2.078542E+01
7.400000E-01 2.076422E+01
7.500000E-01 2.074646E+01
7.600000E-01 2.073561E+01
7.700000E-01 2.071102E+01
7.800000E-01 2.069854E+01
7.900000E-01 2.066538E+01
8.000000E-01 2.065996E+01
8.100000E-01 2.063253E+01
8.200000E-01 2.062324E+01
8.300000E-01 2.059127E+01
8.400000E-01 2.057922E+01
8.500000E-01 2.055356E+01
8.600000E-01 2.053766E+01
8.700000E-01 2.051468E+01
8.800000E-01 2.050616E+01
8.900000E-01 2.047299E+01
9.000000E-01 2.047084E+01
9.100000E-01 2.044626E+01
9.200000E-01 2.042885E+01
9.300000E-01 2.042292E+01
9.400000E-01 2.039952E+01
9.500000E-01 2.040702E+01
9.600000E-01 2.038340E+01
9.700000E-01 2.037557E+01
9.800000E-01 2.036751E+01
9.900000E-01 2.035593E+01
1.000000E+00 2.035604E+01
1.010000E+00 2.033875E+01
1.020000E+00 2.033182E+01
1.030000E+00 2.032346E+01
1.040000E+00 2.030023E+01
1.050000E+00 2.030610E+01
1.060000E+00 2.028569E+01
1.070000E+00 2.028123E+01
1.080000E+00 2.026879E+01
1.090000E+00 2.026546E+01
1.100000E+00 2.024665E+01
1.110000E+00 2.025364E+01
1.120000E+00 2.023902E+01
1.130000E+00 2.025419E+01
1.140000E+00 2.023695E+01
1.150000E+00 2.024855E+01
1.160000E+00 2.026897E+01
1.170000E+00 2.021880E+01
1.180000E+00 2.027629E+01
1.190000E+00 2.023560E+01
1.200000E+00 2.025454E+01
1.210000E+00 2.026296E+01
1.220000E+00 2.025609E+01
1.230000E+00 2.025294E+01
1.240000E+00 2.028116E+01
1.250000E+00 2.026765E+01
1.260000E+00 2.028353E+01
1.270000E+00 2.029915E+01
1.280000E+00 2.030122E+01
1.290000E+00 2.035525E+01
1.300000E+00 2.025476E+01
1.310000E+00 2.037180E+01
1.320000E+00 2.029809E+01
1.330000E+00 2.039668E+01
1.340000E+00 2.037284E+01
1.350000E+00 2.040167E+01
1.360000E+00 2.045657E+01
1.370000E+00 2.041422E+01
1.380000E+00 2.050445E+01
1.390000E+00 2.049503E+01
1.400000E+00 2.051852E+01
1.410000E+00 2.054708E+01
1.420000E+00 2.053372E+01
1.430000E+00 2.059652E+01
1.440000E+00 2.062619E+01
1.450000E+00 2.059543E+01
1.460000E+00 2.066665E+01
1.470000E+00 2.064945E+01
1.480000E+00 2.068619E+01
1.490000E+00 2.070818E+01
1.500000E+00 2.072602E+01
1.510000E+00 2.074820E+01
1.520000E+00 2.075849E+01
1.530000E+00 2.076897E+01
1.540000E+00 2.082401E+01
1.550000E+00 2.079831E+01
1.560000E+00 2.081597E+01
1.570000E+00 2.083787E+01
1.580000E+00 2.082343E+01
1.590000E+00 2.085795E+01
1.600000E+00 2.086493E+01
1.610000E+00 2.084418E+01
1.620000E+00 2.086142E+01
1.630000E+00 2.087115E+01
1.640000E+00 2.083047E+01
1.650000E+00 2.089324E+01
1.660000E+00 2.081150E+01
1.670000E+00 2.086446E+01
1.680000E+00 2.081494E+01
1.690000E+00 2.082680E+01
1.700000E+00 2.080609E+01
1.710000E+00 2.081649E+01
1.720000E+00 2.081615E+01
1.730000E+00 2.080093E+01
1.740000E+00 2.079349E+01
1.750000E+00 2.079641E+01
1.760000E+00 2.077365E+01
1.770000E+00 2.075601E+01
1.780000E+00 2.077770E+01
1.790000E+00 2.074937E+01
1.800000E+00 2.074770E+01
1.810000E+00 2.072427E+01
1.820000E+00 2.075310E+01
1.830000E+00 2.071812E+01
1.840000E+00 2.074602E+01
1.850000E+00 2.071467E+01
1.860000E+00 2.070727E+01
1.870000E+00 2.071161E+01
1.880000E+00 2.069753E+01
1.890000E+00 2.068091E+01
1.900000E+00 2.067151E+01
1.910000E+00 2.066995E+01
1.920000E+00 2.066877E+01
1.930000E+00 2.063306E+01
1.940000E+00 2.065119E+01
1.950000E+00 2.061438E+01
1.960000E+00 2.061319E+01
1.970000E+00 2.060873E+01
1.980000E+00 2.058332E+01
1.990000E+00 2.056570E+01
2.000000E+00 2.057516E+01
2.010000E+00 2.055702E+01
2.020000E+00 2.055032E+01
2.030000E+00 2.053100E+01
2.040000E+00 2.054082E+01
2.050000E+00 2.051699E+01
2.060000E+00 2.053118E+01
2.070000E+00 2.048480E+01
2.080000E+00 2.052331E+01
2.090000E+00 2.049314E+01
2.100000E+00 2.049100E+01
2.110000E+00 2.047043E+01
2.120000E+00 2.048546E+01
2.130000E+00 2.046256E+01
2.140000E+00 2.046172E+01
2.150000E+00 2.045504E+01
2.160000E+00 2.044180E+01
2.170000E+00 2.043823E+01
2.180000E+00 2.042570E+01
2.190000E+00 2.042345E+01
2.200000E+00 2.042869E+01
2.210000E+00 2.041223E+01
2.220000E+00 2.040319E+01
2.230000E+00 2.040296E+01
2.240000E+00 2.039707E+01
2.250000E+00 2.039660E+01
2.260000E+00 2.037682E+01
2.270000E+00 2.038412E+01
2.280000E+00 2.036651E+01
2.290000E+00 2.033063E+01
2.300000E+00 2.035300E+01
2.310000E+00 2.032351E+01
2.320000E+00 2.034761E+01
2.330000E+00 2.031577E+01
2.340000E+00 2.032608E+01
2.350000E+00 2.032643E+01
2.360000E+00 2.031767E+01
2.370000E+00 2.028675E+01
2.380000E+00 2.031610E+01
2.390000E+00 2.029663E+01
2.400000E+00 2.030400E+01
2.410000E+00 2.029723E+01
2.420000E+00 2.031080E+01
2.430000E+00 2.029394E+01
2.440000E+00 2.030492E+01
2.450000E+00 2.031856E+01
2.460000E+00 2.031442E+01
2.470000E+00 2.034324E+01
2.480000E+00 2.031701E+01
2.490000E+00 2.033668E+01
2.500000E+00 2.033549E+01
2.510000E+00 2.036564E+01
2.520000E+00 2.036963E+01
2.530000E+00 2.035203E+01
2.540000E+00 2.038905E+01
2.550000E+00 2.038408E+01
2.560000E+00 2.040330E+01
2.570000E+00 2.038015E+01
2.580000E+00 2.041027E+01
2.590000E+00 2.040874E+01
2.600000E+00 2.041579E+01
2.610000E+00 2.042563E+01
2.620000E+00 2.044981E+01
2.630000E+00 2.042046E+01
2.640000E+00 2.044487E+01
2.650000E+00 2.046459E+01
2.660000E+00 2.045415E+01
2.670000E+00 2.048259E+01
2.680000E+00 2.047389E+01
2.690000E+00 2.048015E+01
2.700000E+00 2.048583E+01
2.710000E+00 2.048923E+01
2.720000E+00 2.047656E+01
2.730000E+00 2.050100E+01
2.740000E+00 2.050891E+01
2.750000E+00 2.050411E+01
2.760000E+00 2.050698E+01
2.770000E+00 2.050300E+01
2.780000E+00 2.051011E+01
2.790000E+00 2.052940E+01
2.800000E+00 2.050314E+01
2.810000E+00 2.051588E+01
2.820000E+00 2.050986E+01
2.830000E+00 2.055539E+01
2.840000E+00 2.048494E+01
2.850000E+00 2.054404E+01
2.860000E+00 2.052988E+01
2.870000E+00 2.053539E+01
2.880000E+00 2.053265E+01
2.890000E+00 2.055047E+01
2.900000E+00 2.055082E+01
2.910000E+00 2.051802E+01
2.920000E+00 2.056954E+01
2.930000E+00 2.055883E+01
2.940000E+00 2.055659E+01
2.950000E+00 2.055792E+01
2.960000E+00 2.059096E+01
2.970000E+00 2.057958E+01
2.980000E+00 2.058179E+01
2.990000E+00 2.057633E+01
3.000000E+00 2.061289E+01
3.010000E+00 2.054164E+01
3.020000E+00 2.059043E+01
3.030000E+00 2.059903E+01
3.040000E+00 2.055897E+01
3.050000E+00 2.061897E+01
3.060000E+00 2.059127E+01
3.070000E+00 2.056695E+01
3.080000E+00 2.059551E+01
3.090000E+00 2.062730E+01
3.100000E+00 2.055604E+01
3.110000E+00 2.060064E+01
3.120000E+00 2.059125E+01
3.130000E+00 2.059435E+01
3.140000E+00 2.058651E+01
3.150000E+00 2.058804E+01
3.160000E+00 2.056670E+01
3.170000E+00 2.060090E+01
3.180000E+00 2.058166E+01
3.190000E+00 2.057215E+01
3.200000E+00 2.060627E+01
3.210000E+00 2.059293E+01
3.220000E+00 2.057370E+01
3.230000E+00 2.061230E+01
3.240000E+00 2.059174E+01
3.250000E+00 2.060408E+01
3.260000E+00 2.058271E+01
3.270000E+00 2.059888E+01
3.280000E+00 2.057817E+01
3.290000E+00 2.060377E+01
3.300000E+00 2.057276E+01
3.310000E+00 2.057363E+01
3.320000E+00 2.055966E+01
3.330000E+00 2.054635E+01
3.340000E+00 2.059912E+01
3.350000E+00 2.048622E+01
3.360000E+00 2.057043E+01
3.370000E+00 2.054929E+01
3.380000E+00 2.052644E+01
3.390000E+00 2.054886E+01
3.400000E+00 2.050010E+01
3.410000E+00 2.053833E+01
3.420000E+00 2.050930E+01
3.430000E+00 2.051336E+01
3.440000E+00 2.050998E+01
3.450000E+00 2.048395E+01
3.460000E+00 2.049661E+01
3.470000E+00 2.046818E+01
3.480000E+00 2.050800E+01
3.490000E+00 2.046716E+01
3.500000E+00 2.047193E+01
3.510000E+00 2.048572E+01
3.520000E+00 2.042832E+01
3.530000E+00 2.047761E+01
3.540000E+00 2.041802E+01
3.550000E+00 2.044507E+01
3.560000E+00 2.044161E+01
3.570000E+00 2.043173E+01
3.580000E+00 2.043308E+01
3.590000E+00 2.044195E+01
3.600000E+00 2.041213E+01
3.610000E+00 2.045043E+01
3.620000E+00 2.041138E+01
3.630000E+00 2.042320E+01
3.640000E+00 2.042013E+01
3.650000E+00 2.038163E+01
3.660000E+00 2.045779E+01
3.670000E+00 2.038487E+01
3.680000E+00 2.044382E+01
3.690000E+00 2.037596E+01
3.700000E+00 2.045431E+01
3.710000E+00 2.039858E+01
3.720000E+00 2.043703E+01
3.730000E+00 2.038881E+01
3.740000E+00 2.042980E+01
3.750000E+00 2.039514E+01
3.760000E+00 2.040939E+01
3.770000E+00 2.037535E+01
3.780000E+00 2.040902E+01
3.790000E+00 2.040170E+01
3.800000E+00 2.038993E+01
3.810000E+00 2.039965E+01
3.820000E+00 2.036888E+01
3.830000E+00 2.036427E+01
3.840000E+00 2.035843E+01
3.850000E+00 2.036505E+01
3.860000E+00 2.039042E+01
3.870000E+00 2.029426E+01
3.880000E+00 2.040186E+01
3.890000E+00 2.034921E+01
3.900000E+00 2.039298E+01
3.910000E+00 2.032535E+01
3.920000E+00 2.043061E+01
3.930000E+00 2.036910E+01
3.940000E+00 2.037173E+01
3.950000E+00 2.040994E+01
3.960000E+00 2.043988E+01
3.970000E+00 2.037356E+01
3.980000E+00 2.041323E+01
3.990000E+00 2.043002E+01
4.000000E+00 2.041496E+01
4.010000E+00 2.040537E+01
4.020000E+00 2.043071E+01
4.030000E+00 2.043351E+01
4.040000E+00 2.039889E+01
4.050000E+00 2.043297E+01
4.060000E+00 2.041028E+01
4.070000E+00 2.042430E+01
4.080000E+00 2.044418E+01
4.090000E+00 2.043297E+01
4.100000E+00 2.042014E+01
4.110000E+00 2.042478E+01
4.120000E+00 2.045159E+01
4.130000E+00 2.043544E+01
4.140000E+00 2.045726E+01
4.150000E+00 2.041955E+01
4.160000E+00 2.045204E+01
4.170000E+00 2.043534E+01
4.180000E+00 2.045901E+01
4.190000E+00 2.042732E+01
4.200000E+00 2.045054E+01
4.210000E+00 2.042818E+01
4.220000E+00 2.043861E+01
4.230000E+00 2.040968E+01
4.240000E+00 2.046316E+01
4.250000E+00 2.042274E+01
4.260000E+00 2.042516E+01
4.270000E+00 2.043547E+01
4.280000E+00 2.045267E+01
4.290000E+00 2.044400E+01
4.300000E+00 2.048746E+01
4.310000E+00 2.046477E+01
4.320000E+00 2.049858E+01
4.330000E+00 2.044669E+01
4.340000E+00 2.054428E+01
4.350000E+00 2.047691E+01
4.360000E+00 2.050957E+01
4.370000E+00 2.050542E+01
4.380000E+00 2.052463E+01
4.390000E+00 2.051852E+01
4.400000E+00 2.049725E+01
4.410000E+00 2.051252E+01
4.420000E+00 2.052541E+01
4.430000E+00 2.053801E+01
4.440000E+00 2.053971E+01
4.450000E+00 2.055588E+01
4.460000E+00 2.050732E+01
4.470000E+00 2.058552E+01
4.480000E+00 2.054044E+01
4.490000E+00 2.053742E+01
4.500000E+00 2.056991E+01
4.510000E+00 2.060098E+01
4.520000E+00 2.050783E+01
4.530000E+00 2.058694E+01
4.540000E+00 2.056266E+01
4.550000E+00 2.053795E+01
4.560000E+00 2.059982E+01
4.570000E+00 2.053707E+01
4.580000E+00 2.061464E+01
4.590000E+00 2.056156E+01
4.600000E+00 2.060297E+01
4.610000E+00 2.057158E+01
4.620000E+00 2.057968E+01
4.630000E+00 2.060007E+01
4.640000E+00 2.059094E+01
4.650000E+00 2.057697E+01
4.660000E+00 2.060052E+01
4.670000E+00 2.055594E+01
4.680000E+00 2.056746E+01
4.690000E+00 2.058928E+01
4.700000E+00 2.056064E+01
4.710000E+00 2.054902E+01
4.720000E+00 2.053115E+01
4.730000E+00 2.057452E+01
4.740000E+00 2.050107E+01
4.750000E+00 2.057272E+01
4.760000E+00 2.050720E+01
4.770000E+00 2.055490E+01
4.780000E+00 2.050857E+01
4.790000E+00 2.053474E+01
4.800000E+00 2.050574E+01
4.810000E+00 2.050170E+01
4.820000E+00 2.054366E+01
4.830000E+00 2.045757E+01
4.840000E+00 2.053269E+01
4.850000E+00 2.049586E+01
4.860000E+00 2.050722E+01
4.870000E+00 2.047053E+01
4.880000E+00 2.052886E+01
4.890000E+00 2.047093E+01
4.900000E+00 2.049230E+01
4.910000E+00 2.049062E+01
4.920000E+00 2.046589E+01
4.930000E+00 2.047865E+01
4.940000E+00 2.049392E+01
4.950000E+00 2.046142E+01
4.960000E+00 2.046304E+01
4.970000E+00 2.048806E+01
4.980000E+00 2.044589E+01
4.990000E+00 2.046973E+01
5.000000E+00 2.044904E+01
5.010000E+00 2.044833E+01
5.020000E+00 2.045776E+01
5.030000E+00 2.044344E+01
5.040000E+00 2.042901E+01
5.050000E+00 2.042818E+01
5.060000E+00 2.046497E+01
5.070000E+00 2.039296E+01
5.080000E+00 2.046900E+01
5.090000E+00 2.043107E+01
5.100000E+00 2.041683E+01
5.110000E+00 2.045250E+01
5.120000E+00 2.040891E+01
5.130000E+00 2.045745E+01
5.140000E+00 2.040413E+01
5.150000E+00 2.042646E+01
5.160000E+00 2.044330E+01
5.170000E+00 2.041658E+01
5.180000E+00 2.041049E+01
5.190000E+00 2.043537E+01
5.200000E+00 2.038784E+01
5.210000E+00 2.041975E+01
5.220000E+00 2.038483E+01
5.230000E+00 2.040599E+01
5.240000E+00 2.039652E+01
5.250000E+00 2.038923E+01
5.260000E+00 2.037923E+01
5.270000E+00 2.038328E+01
5.280000E+00 2.040332E+01
5.290000E+00 2.037443E+01
5.300000E+00 2.037879E+01
5.310000E+00 2.038951E+01
5.320000E+00 2.035904E+01
5.330000E+00 2.037974E+01
5.340000E+00 2.039725E+01
5.350000E+00 2.034663E+01
5.360000E+00 2.038400E+01
5.370000E+00 2.040407E+01
5.380000E+00 2.032878E+01
5.390000E+00 2.043321E+01
5.400000E+00 2.038330E+01
5.410000E+00 2.037539E+01
5.420000E+00 2.041785E+01
5.430000E+00 2.037802E+01
5.440000E+00 2.038088E+01
5.450000E+00 2.040164E+01
5.460000E+00 2.036838E+01
5.470000E+00 2.043176E+01
5.480000E+00 2.034750E+01
5.490000E+00 2.040694E+01
5.500000E+00 2.033819E+01
5.510000E+00 2.044994E+01
5.520000E+00 2.034524E+01
5.530000E+00 2.042697E+01
5.540000E+00 2.042565E+01
5.550000E+00 2.042923E+01
5.560000E+00 2.045607E+01
5.570000E+00 2.040921E+01
5.580000E+00 2.048807E+01
5.590000E+00 2.048432E+01
5.600000E+00 2.044852E+01
5.610000E+00 2.048404E+01
5.620000E+00 2.046487E+01
5.630000E+00 2.050248E+01
5.640000E+00 2.046673E+01
5.650000E+00 2.052426E+01
5.660000E+00 2.048531E+01
5.670000E+00 2.056508E+01
5.680000E+00 2.047350E+01
5.690000E+00 2.056749E+01
5.700000E+00 2.048851E+01
5.710000E+00 2.051622E+01
5.720000E+00 2.051009E+01
5.730000E+00 2.050106E+01
5.740000E+00 2.056631E+01
5.750000E+00 2.049107E+01
5.760000E+00 2.055594E+01
5.770000E+00 2.051141E+01
5.780000E+00 2.056931E+01
5.790000E+00 2.058066E+01
5.800000E+00 2.055064E+01
5.810000E+00 2.058794E+01
5.820000E+00 2.056735E+01
5.830000E+00 2.056470E+01
5.840000E+00 2.059229E+01
5.850000E+00 2.056673E+01
5.860000E+00 2.059501E+01
5.870000E+00 2.056061E+01
5.880000E+00 2.057120E+01
5.890000E+00 2.058345E+01
5.900000E+00 2.059323E+01
5.910000E+00 2.055980E+01
5.920000E+00 2.059051E+01
5.930000E+00 2.055698E+01
5.940000E+00 2.059973E+01
5.950000E+00 2.057661E+01
5.960000E+00 2.056295E+01
5.970000E+00 2.057386E+01
5.980000E+00 2.056064E+01
5.990000E+00 2.056378E+01
6.000000E+00 2.054505E+01
6.010000E+00 2.059659E+01
6.020000E+00 2.054071E+01
6.030000E+00 2.054527E+01
6.040000E+00 2.058574E+01
6.050000E+00 2.053371E+01
6.060000E+00 2.058047E+01
6.070000E+00 2.056812E+01
6.080000E+00 2.059617E+01
6.090000E+00 2.056596E+01
6.100000E+00 2.053939E+01
6.110000E+00 2.058836E+01
6.120000E+00 2.056094E+01
6.130000E+00 2.058374E+01
6.140000E+00 2.053283E+01
6.150000E+00 2.057705E+01
6.160000E+00 2.054384E+01
6.170000E+00 2.055542E+01
6.180000E+00 2.055714E+01
6.190000E+00 2.054705E+01
6.200000E+00 2.052981E+01
6.210000E+00 2.055459E+01
6.220000E+00 2.054757E+01
6.230000E+00 2.051841E+01
6.240000E+00 2.054730E+01
6.250000E+00 2.053080E+01
6.260000E+00 2.053458E+01
6.270000E+00 2.053399E+01
6.280000E+00 2.050525E+01
6.290000E+00 2.053749E+01
6.300000E+00 2.052242E+01
6.310000E+00 2.048886E+01
6.320000E+00 2.051808E+01
6.330000E+00 2.051050E+01
6.340000E+00 2.047454E+01
6.350000E+00 2.050514E+01
6.360000E+00 2.046479E+01
6.370000E+00 2.047763E+01
6.380000E+00 2.046265E+01
6.390000E+00 2.046759E+01
6.400000E+00 2.044493E+01
6.410000E+00 2.044777E+01
6.420000E+00 2.043876E+01
6.430000E+00 2.044898E+01
6.440000E+00 2.043139E+01
6.450000E+00 2.043559E+01
6.460000E+00 2.040334E+01
6.470000E+00 2.046511E+01
6.480000E+00 2.036523E+01
6.490000E+00 2.046366E+01
6.500000E+00 2.039215E+01
6.510000E+00 2.042473E+01
6.520000E+00 2.040326E+01
6.530000E+00 2.046237E+01
6.540000E+00 2.037935E+01
6.550000E+00 2.044973E+01
6.560000E+00 2.042331E+01
6.570000E+00 2.042428E+01
6.580000E+00 2.044709E+01
6.590000E+00 2.040264E+01
6.600000E+00 2.047473E+01
6.610000E+00 2.041254E+01
6.620000E+00 2.044256E+01
6.630000E+00 2.043429E+01
6.640000E+00 2.045395E+01
6.650000E+00 2.043597E+01
6.660000E+00 2.043352E+01
6.670000E+00 2.042352E+01
6.680000E+00 2.043558E+01
6.690000E+00 2.041687E+01
6.700000E+00 2.042763E+01
6.710000E+00 2.039511E+01
6.720000E+00 2.043430E+01
6.730000E+00 2.043441E+01
6.740000E+00 2.042250E+01
6.750000E+00 2.045436E+01
6.760000E+00 2.042389E+01
6.770000E+00 2.042032E+01
6.780000E+00 2.045573E+01
6.790000E+00 2.043210E+01
6.800000E+00 2.044967E+01
6.810000E+00 2.043946E+01
6.820000E+00 2.045020E+01
6.830000E+00 2.048339E+01
6.840000E+00 2.046373E+01
6.850000E+00 2.046706E+01
6.860000E+00 2.048946E+01
6.870000E+00 2.045759E+01
6.880000E+00 2.051485E+01
6.890000E+00 2.047997E+01
6.900000E+00 2.046883E+01
6.910000E+00 2.047456E+01
6.920000E+00 2.049260E+01
6.930000E+00 2.047680E+01
6.940000E+00 2.047599E+01
6.950000E+00 2.047134E+01
6.960000E+00 2.047647E+01
6.970000E+00 2.049376E+01
6.980000E+00 2.044908E+01
6.990000E+00 2.052276E+01
7.000000E+00 2.048960E+01
7.010000E+00 2.048662E+01
7.020000E+00 2.049908E+01
7.030000E+00 2.049204E+01
7.040000E+00 2.052245E+01
7.050000E+00 2.045118E+01
7.060000E+00 2.052029E+01
7.070000E+00 2.053166E+01
7.080000E+00 2.051145E+01
7.090000E+00 2.052704E+01
7.100000E+00 2.053253E+01
7.110000E+00 2.054409E+01
7.120000E+00 2.049997E+01
7.130000E+00 2.057232E+01
7.140000E+00 2.053574E+01
7.150000E+00 2.056770E+01
7.160000E+00 2.057811E+01
7.170000E+00 2.056186E+01
7.180000E+00 2.055547E+01
7.190000E+00 2.056635E+01
7.200000E+00 2.058567E+01
7.210000E+00 2.054124E+01
7.220000E+00 2.059649E+01
7.230000E+00 2.055939E+01
7.240000E+00 2.055765E+01
7.250000E+00 2.055576E+01
7.260000E+00 2.057059E+01
7.270000E+00 2.051922E+01
7.280000E+00 2.059717E+01
7.290000E+00 2.051115E+01
7.300000E+00 2.054455E+01
7.310000E+00 2.051514E+01
7.320000E+00 2.054647E+01
7.330000E+00 2.052504E+01
7.340000E+00 2.055416E+01
7.350000E+00 2.052454E+01
7.360000E+00 2.053582E+01
7.370000E+00 2.054588E+01
7.380000E+00 2.054916E+01
7.390000E+00 2.054149E+01
7.400000E+00 2.056924E+01
7.410000E+00 2.054384E+01
7.420000E+00 2.055398E+01
7.430000E+00 2.053143E+01
7.440000E+00 2.057297E+01
7.450000E+00 2.054161E+01
7.460000E+00 2.055599E+01
7.470000E+00 2.055297E+01
7.480000E+00 2.056004E+01
7.490000E+00 2.053556E+01
7.500000E+00 2.055617E+01
7.510000E+00 2.055496E+01
7.520000E+00 2.053336E+01
7.530000E+00 2.052989E+01
7.540000E+00 2.052400E+01
7.550000E+00 2.055611E+01
7.560000E+00 2.052671E+01
7.570000E+00 2.053797E+01
7.580000E+00 2.049577E+01
7.590000E+00 2.054433E+01
7.600000E+00 2.050284E+01
7.610000E+00 2.049992E+01
7.620000E+00 2.051318E+01
7.630000E+00 2.048605E+01
7.640000E+00 2.047976E+01
7.650000E+00 2.049950E+01
7.660000E+00 2.047105E+01
7.670000E+00 2.047276E+01
7.680000E+00 2.044661E+01
7.690000E+00 2.048109E+01
7.700000E+00 2.044629E+01
7.710000E+00 2.047599E+01
7.720000E+00 2.042231E+01
7.730000E+00 2.045524E+01
7.740000E+00 2.042540E+01
7.750000E+00 2.040840E+01
7.760000E+00 2.042541E+01
7.770000E+00 2.039043E+01
7.780000E+00 2.041720E+01
7.790000E+00 2.036668E+01
7.800000E+00 2.039680E+01
7.810000E+00 2.037391E+01
7.820000E+00 2.038976E+01
7.830000E+00 2.038723E+01
7.840000E+00 2.037590E+01
7.850000E+00 2.038392E+01
7.860000E+00 2.041504E+01
7.870000E+00 2.034196E+01
7.880000E+00 2.037499E+01
7.890000E+00 2.038520E+01
7.900000E+00 2.037360E+01
7.910000E+00 2.036984E+01
7.920000E+00 2.040473E+01
7.930000E+00 2.035099E+01
7.940000E+00 2.040082E+01
7.950000E+00 2.041382E+01
7.960000E+00 2.041642E+01
7.970000E+00 2.037131E+01
7.980000E+00 2.042440E+01
7.990000E+00 2.037864E+01
8.000000E+00 2.043544E+01
8.010000E+00 2.038341E+01
8.020000E+00 2.041884E+01
8.030000E+00 2.040397E+01
8.040000E+00 2.040301E+01
8.050000E+00 2.040569E+01
8.060000E+00 2.044584E+01
8.070000E+00 2.040918E+01
8.080000E+00 2.038716E+01
8.090000E+00 2.044304E+01
8.100000E+00 2.044295E+01
8.110000E+00 2.036420E+01
8.120000E+00 2.048380E+01
8.130000E+00 2.037381E+01
8.140000E+00 2.047678E+01
8.150000E+00 2.042930E+01
8.160000E+00 2.043644E+01
8.170000E+00 2.047638E+01
8.180000E+00 2.041885E+01
8.190000E+00 2.050526E+01
8.200000E+00 2.042717E+01
8.210000E+00 2.047445E+01
8.220000E+00 2.051941E+01
8.230000E+00 2.043814E+01
8.240000E+00 2.050365E+01
8.250000E+00 2.052097E+01
8.260000E+00 2.049093E+01
8.270000E+00 2.056048E+01
8.280000E+00 2.050889E+01
8.290000E+00 2.055696E+01
8.300000E+00 2.056817E+01
8.310000E+00 2.054252E+01
8.320000E+00 2.058497E+01
8.330000E+00 2.055834E+01
8.340000E+00 2.059408E+01
8.350000E+00 2.061545E+01
8.360000E+00 2.057972E+01
8.370000E+00 2.062025E+01
8.380000E+00 2.058032E+01
8.390000E+00 2.060752E+01
8.400000E+00 2.061541E+01
8.410000E+00 2.063393E+01
8.420000E+00 2.061741E+01
8.430000E+00 2.062177E+01
8.440000E+00 2.060883E+01
8.450000E+00 2.061556E+01
8.460000E+00 2.062188E+01
8.470000E+00 2.065314E+01
8.480000E+00 2.059840E+01
8.490000E+00 2.065921E+01
8.500000E+00 2.059201E+01
8.510000E+00 2.062610E+01
8.520000E+00 2.060498E+01
8.530000E+00 2.063188E+01
8.540000E+00 2.058372E+01
8.550000E+00 2.063236E+01
8.560000E+00 2.059182E+01
8.570000E+00 2.060465E+01
8.580000E+00 2.060023E+01
8.590000E+00 2.058982E+01
8.600000E+00 2.057825E+01
8.610000E+00 2.061225E+01
8.620000E+00 2.056317E+01
8.630000E+00 2.059992E+01
8.640000E+00 2.054099E+01
8.650000E+00 2.058795E+01
8.660000E+00 2.054108E+01
8.670000E+00 2.054559E+01
8.680000E+00 2.056012E+01
8.690000E+00 2.054254E+01
8.700000E+00 2.053798E+01
8.710000E+00 2.050965E+01
8.720000E+00 2.053266E+01
8.730000E+00 2.049829E+01
8.740000E+00 2.051083E+01
8.750000E+00 2.049342E+01
8.760000E+00 2.051119E+01
8.770000E+00 2.047666E+01
8.780000E+00 2.049907E+01
8.790000E+00 2.047417E+01
8.800000E+00 2.049249E+01
8.810000E+00 2.044165E+01
8.820000E+00 2.048598E+01
8.830000E+00 2.045410E+01
8.840000E+00 2.046771E+01
8.850000E+00 2.043870E+01
8.860000E+00 2.044821E+01
8.870000E+00 2.043463E+01
8.880000E+00 2.044381E+01
8.890000E+00 2.041210E+01
8.900000E+00 2.043731E+01
8.910000E+00 2.039539E+01
8.920000E+00 2.043691E+01
8.930000E+00 2.038466E+01
8.940000E+00 2.042565E+01
8.950000E+00 2.042402E+01
8.960000E+00 2.035208E+01
8.970000E+00 2.043605E+01
8.980000E+00 2.036324E+01
8.990000E+00 2.040736E+01
9.000000E+00 2.036179E+01
9.010000E+00 2.038143E+01
9.020000E+00 2.039836E+01
9.030000E+00 2.038070E+01
9.040000E+00 2.037301E+01
9.050000E+00 2.038165E+01
9.060000E+00 2.039408E+01
9.070000E+00 2.037277E+01
9.080000E+00 2.039238E+01
9.090000E+00 2.036616E+01
9.100000E+00 2.038763E+01
9.110000E+00 2.037814E+01
9.120000E+00 2.040599E+01
9.130000E+00 2.036574E+01
9.140000E+00 2.040247E+01
9.150000E+00 2.037098E+01
9.160000E+00 2.042122E+01
9.170000E+00 2.039552E+01
9.180000E+00 2.040478E+01
9.190000E+00 2.038023E+01
9.200000E+00 2.044297E+01
9.210000E+00 2.038566E+01
9.220000E+00 2.041260E+01
9.230000E+00 2.041356E+01
9.240000E+00 2.041140E+01
9.250000E+00 2.040879E+01
9.260000E+00 2.042294E+01
9.270000E+00 2.038879E+01
9.280000E+00 2.041609E+01
9.290000E+00 2.044759E+01
9.300000E+00 2.039412E+01
9.310000E+00 2.042262E+01
9.320000E+00 2.044763E+01
9.330000E+00 2.039402E+01
9.340000E+00 2.047101E+01
9.350000E+00 2.042162E+01
9.360000E+00 2.043329E+01
9.370000E+00 2.052285E+01
9.380000E+00 2.048064E+01
9.390000E+00 2.048256E+01
9.400000E+00 2.054374E+01
9.410000E+00 2.048621E+01
9.420000E+00 2.056920E+01
9.430000E+00 2.052077E+01
9.440000E+00 2.055968E+01
9.450000E+00 2.055709E+01
9.460000E+00 2.057796E+01
9.470000E+00 2.055125E+01
9.480000E+00 2.056280E+01
9.490000E+00 2.057609E+01
9.500000E+00 2.057114E+01
9.510000E+00 2.059431E+01
9.520000E+00 2.056628E+01
9.530000E+00 2.060652E+01
9.540000E+00 2.057580E+01
9.550000E+00 2.064024E+01
9.560000E+00 2.059556E+01
9.570000E+00 2.062879E+01
9.580000E+00 2.056659E+01
9.590000E+00 2.063287E+01
9.600000E+00 2.064463E+01
9.610000E+00 2.061564E+01
9.620000E+00 2.060759E+01
9.630000E+00 2.067926E+01
9.640000E+00 2.059634E+01
9.650000E+00 2.066500E+01
9.660000E+00 2.061481E+01
9.670000E+00 2.066228E+01
9.680000E+00 2.060711E+01
9.690000E+00 2.065367E+01
9.700000E+00 2.063181E+01
9.710000E+00 2.067215E+01
9.720000E+00 2.063118E+01
9.730000E+00 2.065194E+01
9.740000E+00 2.064380E+01
9.750000E+00 2.063649E+01
9.760000E+00 2.067539E+01
9.770000E+00 2.062836E+01
9.780000E+00 2.062564E+01
9.790000E+00 2.063056E+01
9.800000E+00 2.066770E+01
9.810000E+00 2.059400E+01
9.820000E+00 2.061600E+01
9.830000E+00 2.062135E+01
9.840000E+00 2.060075E+01
9.850000E+00 2.062033E+01
9.860000E+00 2.058886E+01
9.870000E+00 2.063500E+01
9.880000E+00 2.060004E+01
9.890000E+00 2.064016E+01
9.900000E+00 2.060994E+01
9.910000E+00 2.060661E+01
9.920000E+00 2.063271E+01
9.930000E+00 2.059478E+01
9.940000E+00 2.059217E+01
9.950000E+00 2.059675E+01
9.960000E+00 2.059781E+01
9.970000E+00 2.055377E+01
9.980000E+00 2.060885E+01
9.990000E+00 2.054074E+01
1.000000E+01 2.057860E+01
1.001000E+01 2.054922E+01
1.002000E+01 2.054990E+01
1.003000E+01 2.051849E+01
1.004000E+01 2.054500E+01
1.005000E+01 2.053982E+01
1.006000E+01 2.049490E+01
1.007000E+01 2.053146E+01
1.008000E+01 2.050166E+01
1.009000E+01 2.049067E+01
1.010000E+01 2.048851E+01
1.011000E+01 2.049109E+01
1.012000E+01 2.046079E+01
1.013000E+01 2.047630E+01
1.014000E+01 2.045038E+01
1.015000E+01 2.046207E+01
1.016000E+01 2.044992E+01
1.017000E+01 2.044991E+01
1.018000E+01 2.044912E+01
1.019000E+01 2.045254E+01
1.020000E+01 2.045621E+01
1.021000E+01 2.043880E+01
1.022000E+01 2.044369E+01
1.023000E+01 2.044565E+01
1.024000E+01 2.040504E+01
1.025000E+01 2.042638E+01
1.026000E+01 2.043173E+01
1.027000E+01 2.040031E+01
1.028000E+01 2.041162E+01
1.029000E+01 2.041702E+01
1.030000E+01 2.042828E+01
1.031000E+01 2.039469E+01
1.032000E+01 2.039347E+01
1.033000E+01 2.041499E+01
1.034000E+01 2.039235E+01
1.035000E+01 2.039033E+01
1.036000E+01 2.041463E+01
1.037000E+01 2.038872E+01
1.038000E+01 2.041577E+01
1.039000E+01 2.041844E+01
1.040000E+01 2.041388E+01
1.041000E+01 2.043086E+01
1.042000E+01 2.041524E+01
1.043000E+01 2.044204E+01
1.044000E+01 2.044318E+01
1.045000E+01 2.044672E+01
1.046000E+01 2.047092E+01
1.047000E+01 2.044401E+01
1.048000E+01 2.044732E+01
1.049000E+01 2.046254E+01
1.050000E+01 2.046638E+01
1.051000E+01 2.046713E+01
1.052000E+01 2.047133E+01
1.053000E+01 2.047768E+01
1.054000E+01 2.049306E+01
1.055000E+01 2.048645E+01
1.056000E+01 2.043932E+01
1.057000E+01 2.053136E+01
1.058000E+01 2.046619E+01
1.059000E+01 2.049164E+01
1.060000E+01 2.047181E+01
1.061000E+01 2.050750E+01
1.062000E+01 2.047480E+01
1.063000E+01 2.052398E+01
1.064000E+01 2.046994E+01
1.065000E+01 2.051804E+01
1.066000E+01 2.048059E+01
1.067000E+01 2.051521E+01
1.068000E+01 2.053680E+01
1.069000E+01 2.050583E+01
1.070000E+01 2.055566E+01
1.071000E+01 2.050959E+01
1.072000E+01 2.055721E+01
1.073000E+01 2.051726E+01
1.074000E+01 2.058110E+01
1.075000E+01 2.055015E+01
1.076000E+01 2.057682E+01
1.077000E+01 2.053829E+01
1.078000E+01 2.060248E+01
1.079000E+01 2.058342E+01
1.080000E+01 2.055325E+01
1.081000E+01 2.059112E+01
1.082000E+01 2.058783E+01
1.083000E+01 2.055520E+01
1.084000E+01 2.060625E+01
1.085000E+01 2.055135E+01
1.086000E+01 2.059073E+01
1.087000E+01 2.056860E+01
1.088000E+01 2.058427E+01
1.089000E+01 2.059441E+01
1.090000E+01 2.062919E+01
1.091000E+01 2.050692E+01
1.092000E+01 2.066357E+01
1.093000E+01 2.058260E+01
1.094000E+01 2.065075E+01
1.095000E+01 2.059739E+01
1.096000E+01 2.063446E+01
1.097000E+01 2.065545E+01
1.098000E+01 2.068031E+01
1.099000E+01 2.064164E+01
1.100000E+01 2.067658E+01
1.101000E+01 2.068115E+01
1.102000E+01 2.067387E+01
1.103000E+01 2.066969E+01
1.104000E+01 2.067348E+01
1.105000E+01 2.068108E+01
1.106000E+01 2.067617E+01
1.107000E+01 2.068372E+01
1.108000E+01 2.065453E+01
1.109000E+01 2.070572E+01
1.110000E+01 2.066504E+01
1.111000E+01 2.070444E+01
1.112000E+01 2.066247E+01
1.113000E+01 2.069965E+01
1.114000E+01 2.070981E+01
1.115000E+01 2.065224E+01
1.116000E+01 2.069820E+01
1.117000E+01 2.065625E+01
1.118000E+01 2.071857E+01
1.119000E+01 2.062375E+01
1.120000E+01 2.067605E+01
1.121000E+01 2.064158E+01
1.122000E+01 2.064474E+01
1.123000E+01 2.063714E+01
1.124000E+01 2.060706E+01
1.125000E+01 2.063403E+01
1.126000E+01 2.060302E+01
1.127000E+01 2.060305E+01
1.128000E+01 2.059235E+01
1.129000E+01 2.064768E+01
1.130000E+01 2.055617E+01
1.131000E+01 2.061532E+01
1.132000E+01 2.058357E+01
1.133000E+01 2.058714E+01
1.134000E+01 2.058799E+01
1.135000E+01 2.059087E+01
1.136000E+01 2.054021E+01
1.137000E+01 2.061167E+01
1.138000E+01 2.055741E+01
1.139000E+01 2.057084E+01
1.140000E+01 2.056888E+01
1.141000E+01 2.056869E+01
1.142000E+01 2.052365E+01
1.143000E+01 2.059427E+01
1.144000E+01 2.049394E+01
1.145000E+01 2.055252E+01
1.146000E+01 2.051667E+01
1.147000E+01 2.051251E+01
1.148000E+01 2.051811E+01
1.149000E+01 2.050707E+01
1.150000E+01 2.051925E+01
1.151000E+01 2.050203E+01
1.152000E+01 2.048872E+01
1.153000E+01 2.050368E+01
1.154000E+01 2.046873E+01
1.155000E+01 2.050065E+01
1.156000E+01 2.047454E+01
1.157000E+01 2.048680E+01
1.158000E+01 2.046076E+01
1.159000E+01 2.046378E+01
1.160000E+01 2.046385E+01
1.161000E+01 2.044937E+01
1.162000E+01 2.045813E+01
1.163000E+01 2.043453E+01
1.164000E+01 2.044334E+01
1.165000E+01 2.042908E+01
1.166000E+01 2.040665E+01
1.167000E+01 2.043080E+01
1.168000E+01 2.040381E+01
1.169000E+01 2.041266E+01
1.170000E+01 2.039649E+01
1.171000E+01 2.040477E+01
1.172000E+01 2.037486E+01
1.173000E+01 2.038747E+01
1.174000E+01 2.039587E+01
1.175000E+01 2.037790E+01
1.176000E+01 2.038066E+01
1.177000E+01 2.039070E+01
1.178000E+01 2.033692E+01
1.179000E+01 2.038600E+01
1.180000E+01 2.036054E+01
1.181000E+01 2.035177E+01
1.182000E+01 2.039635E+01
1.183000E+01 2.033491E+01
1.184000E+01 2.041643E+01
1.185000E+01 2.034600E+01
1.186000E+01 2.040760E+01
1.187000E+01 2.036520E+01
1.188000E+01 2.036215E+01
1.189000E+01 2.039967E+01
1.190000E+01 2.033058E+01
1.191000E+01 2.044418E+01
1.192000E+01 2.034992E+01
1.193000E+01 2.038338E+01
1.194000E+01 2.039866E+01
1.195000E+01 2.037790E+01
1.196000E+01 2.041377E+01
1.197000E+01 2.039685E+01
1.198000E+01 2.044272E+01
1.199000E+01 2.040917E+01
1.200000E+01 2.042306E+01
1.201000E+01 2.045282E+01
1.202000E+01 2.039343E+01
1.203000E+01 2.047518E+01
1.204000E+01 2.046430E+01
1.205000E+01 2.040231E+01
1.206000E+01 2.049621E+01
1.207000E+01 2.046612E+01
1.208000E+01 2.045570E+01
1.209000E+01 2.049105E+01
1.210000E+01 2.051276E+01
1.211000E+01 2.043658E+01
1.212000E+01 2.055065E+01
1.213000E+01 2.044311E+01
1.214000E+01 2.054751E+01
1.215000E+01 2.047448E+01
1.216000E+01 2.053599E+01
1.217000E+01 2.051170E+01
1.218000E+01 2.056936E+01
1.219000E+01 2.050314E+01
1.220000E+01 2.059736E+01
1.221000E+01 2.055091E+01
1.222000E+01 2.057508E+01
1.223000E+01 2.059280E+01
1.224000E+01 2.054459E+01
1.225000E+01 2.057489E+01
1.226000E+01 2.062253E+01
1.227000E+01 2.056116E+01
1.228000E+01 2.061510E+01
1.229000E+01 2.059979E+01
1.230000E+01 2.063103E+01
1.231000E+01 2.058795E+01
1.232000E+01 2.065073E+01
1.233000E+01 2.063330E+01
1.234000E+01 2.063499E+01
1.235000E+01 2.063504E+01
1.236000E+01 2.066663E+01
1.237000E+01 2.062728E+01
1.238000E+01 2.062749E+01
1.239000E+01 2.068650E+01
1.240000E+01 2.060660E+01
1.241000E+01 2.066735E+01
1.242000E+01 2.059333E+01
1.243000E+01 2.066816E+01
1.244000E+01 2.062635E+01
1.245000E+01 2.064794E+01
1.246000E+01 2.064335E+01
1.247000E+01 2.063644E+01
1.248000E+01 2.063895E+01
1.249000E+01 2.062783E+01
1.250000E+01 2.063417E+01
1.251000E+01 2.063042E+01
1.252000E+01 2.059819E+01
1.253000E+01 2.067688E+01
1.254000E+01 2.058337E+01
1.255000E+01 2.066673E+01
1.256000E+01 2.058642E+01
1.257000E+01 2.065872E+01
1.258000E+01 2.062253E+01
1.259000E+01 2.066101E+01
1.260000E+01 2.060468E+01
1.261000E+01 2.066170E+01
1.262000E+01 2.061770E+01
1.263000E+01 2.065234E+01
1.264000E+01 2.064748E+01
1.265000E+01 2.061292E+01
1.266000E+01 2.064884E+01
1.267000E+01 2.064699E+01
1.268000E+01 2.061201E+01
1.269000E+01 2.067282E+01
1.270000E+01 2.060663E+01
1.271000E+01 2.061777E+01
1.272000E+01 2.065184E+01
1.273000E+01 2.061540E+01
1.274000E+01 2.061463E+01
1.275000E+01 2.061984E+01
1.276000E+01 2.057706E+01
1.277000E+01 2.060523E+01
1.278000E+01 2.059298E+01
1.279000E+01 2.058119E+01
1.280000E+01 2.057120E+01
1.281000E+01 2.057114E+01
1.282000E+01 2.058794E+01
1.283000E+01 2.054437E+01
1.284000E+01 2.059085E+01
1.285000E+01 2.055623E+01
1.286000E+01 2.060335E+01
1.287000E+01 2.057020E+01
1.288000E+01 2.056563E+01
1.289000E+01 2.056161E+01
1.290000E+01 2.056699E+01
1.291000E+01 2.054908E+01
1.292000E+01 2.057160E+01
1.293000E+01 2.056264E+01
1.294000E+01 2.053481E+01
1.295000E+01 2.052859E+01
1.296000E+01 2.055481E+01
1.297000E+01 2.051861E+01
1.298000E+01 2.051064E+01
1.299000E+01 2.051650E+01
1.300000E+01 2.048950E+01
1.301000E+01 2.050450E+01
1.302000E+01 2.047798E+01
1.303000E+01 2.049037E+01
1.304000E+01 2.048565E+01
1.305000E+01 2.045156E+01
1.306000E+01 2.046663E+01
1.307000E+01 2.048417E+01
1.308000E+01 2.046456E+01
1.309000E+01 2.048104E+01
1.310000E+01 2.042973E+01
1.311000E+01 2.046814E+01
1.312000E+01 2.050147E+01
1.313000E+01 2.042034E+01
1.314000E+01 2.045820E+01
1.315000E+01 2.047535E+01
1.316000E+01 2.046934E+01
1.317000E+01 2.046909E+01
1.318000E+01 2.047741E+01
1.319000E+01 2.046825E+01
1.320000E+01 2.047810E+01
1.321000E+01 2.048127E+01
1.322000E+01 2.047118E+01
1.323000E+01 2.048699E+01
1.324000E+01 2.044072E+01
1.325000E+01 2.048503E+01
1.326000E+01 2.048204E+01
1.327000E+01 2.045802E+01
1.328000E+01 2.045913E+01
1.329000E+01 2.046665E+01
1.330000E+01 2.047809E+01
1.331000E+01 2.047829E+01
1.332000E+01 2.044470E+01
1.333000E+01 2.044446E+01
1.334000E+01 2.052114E+01
1.335000E+01 2.044547E+01
1.336000E+01 2.048403E+01
1.337000E+01 2.045712E+01
1.338000E+01 2.051140E+01
1.339000E+01 2.045413E+01
1.340000E+01 2.050891E+01
1.341000E+01 2.048682E+01
1.342000E+01 2.050363E+01
1.343000E+01 2.049567E+01
1.344000E+01 2.052509E+01
1.345000E+01 2.051832E+01
1.346000E+01 2.051773E+01
1.347000E+01 2.053119E+01
1.348000E+01 2.054547E+01
1.349000E+01 2.049391E+01
1.350000E+01 2.056021E+01
1.351000E+01 2.049605E+01
1.352000E+01 2.053724E+01
1.353000E+01 2.052477E+01
1.354000E+01 2.053826E+01
1.355000E+01 2.052423E+01
1.356000E+01 2.054726E+01
1.357000E+01 2.051242E+01
1.358000E+01 2.055330E+01
1.359000E+01 2.050958E+01
1.360000E+01 2.055198E+01
1.361000E+01 2.050585E+01
1.362000E+01 2.055294E+01
1.363000E+01 2.055278E+01
1.364000E+01 2.055849E+01
1.365000E+01 2.054553E+01
1.366000E+01 2.058599E+01
1.367000E+01 2.057953E+01
1.368000E+01 2.054087E+01
1.369000E+01 2.062723E+01
1.370000E+01 2.057675E+01
1.371000E+01 2.063234E+01
1.372000E+01 2.060557E+01
1.373000E+01 2.060896E+01
1.374000E+01 2.063538E+01
1.375000E+01 2.062578E+01
1.376000E+01 2.064490E+01
1.377000E+01 2.064412E+01
1.378000E+01 2.061802E+01
1.379000E+01 2.067182E+01
1.380000E+01 2.067990E+01
1.381000E+01 2.061710E+01
1.382000E+01 2.066718E+01
1.383000E+01 2.062826E+01
1.384000E+01 2.069038E+01
1.385000E+01 2.063526E+01
1.386000E+01 2.069300E+01
1.387000E+01 2.065513E+01
1.388000E+01 2.063081E+01
1.389000E+01 2.068510E+01
1.390000E+01 2.063889E+01
1.391000E+01 2.067884E+01
1.392000E+01 2.061301E+01
1.393000E+01 2.064370E+01
1.394000E+01 2.067934E+01
1.395000E+01 2.063579E+01
1.396000E+01 2.065080E+01
1.397000E+01 2.065536E+01
1.398000E+01 2.061737E+01
1.399000E+01 2.063946E+01
1.400000E+01 2.065774E+01
1.401000E+01 2.061768E+01
1.402000E+01 2.062954E+01
1.403000E+01 2.060478E+01
1.404000E+01 2.063316E+01
1.405000E+01 2.061224E+01
1.406000E+01 2.062770E+01
1.407000E+01 2.060038E+01
1.408000E+01 2.062532E+01
1.409000E+01 2.060370E+01
1.410000E+01 2.061632E+01
1.411000E+01 2.059726E+01
1.412000E+01 2.063505E+01
1.413000E+01 2.061799E+01
1.414000E+01 2.061288E+01
1.415000E+01 2.060430E+01
1.416000E+01 2.061334E+01
1.417000E+01 2.059444E+01
1.418000E+01 2.060822E+01
1.419000E+01 2.055450E+01
1.420000E+01 2.061175E+01
1.421000E+01 2.058231E+01
1.422000E+01 2.059345E+01
1.423000E+01 2.057989E+01
1.424000E+01 2.060776E+01
1.425000E+01 2.059202E+01
1.426000E+01 2.062315E+01
1.427000E+01 2.056390E+01
1.428000E+01 2.062696E+01
1.429000E+01 2.055548E+01
1.430000E+01 2.061368E+01
1.431000E+01 2.058018E+01
1.432000E+01 2.061203E+01
1.433000E+01 2.058768E+01
1.434000E+01 2.056523E+01
1.435000E+01 2.060820E+01
1.436000E+01 2.056810E+01
1.437000E+01 2.060016E+01
1.438000E+01 2.053223E+01
1.439000E+01 2.064037E+01
1.440000E+01 2.057143E+01
1.441000E+01 2.055786E+01
1.442000E+01 2.061226E+01
1.443000E+01 2.054015E+01
1.444000E+01 2.060440E+01
1.445000E+01 2.058998E+01
1.446000E+01 2.056292E+01
1.447000E+01 2.057060E+01
1.448000E+01 2.058038E+01
1.449000E+01 2.056950E+01
1.450000E+01 2.059241E+01
1.451000E+01 2.057452E+01
1.452000E+01 2.055376E+01
1.453000E+01 2.060635E+01
1.454000E+01 2.055653E+01
1.455000E+01 2.058823E+01
1.456000E+01 2.057960E+01
1.457000E+01 2.057534E+01
1.458000E+01 2.058149E+01
1.459000E+01 2.057453E+01
1.460000E+01 2.060248E+01
1.461000E+01 2.057713E+01
1.462000E+01 2.055941E+01
1.463000E+01 2.059498E+01
1.464000E+01 2.055498E+01
1.465000E+01 2.063015E+01
1.466000E+01 2.054479E+01
1.467000E+01 2.060097E+01
1.468000E+01 2.058814E+01
1.469000E+01 2.058006E+01
1.470000E+01 2.057621E+01
1.471000E+01 2.057779E+01
1.472000E+01 2.058595E+01
1.473000E+01 2.059242E+01
1.474000E+01 2.057238E+01
1.475000E+01 2.060268E+01
1.476000E+01 2.056608E+01
1.477000E+01 2.058960E+01
1.478000E+01 2.058279E+01
1.479000E+01 2.057213E+01
1.480000E+01 2.057730E+01
1.481000E+01 2.055762E+01
1.482000E+01 2.062125E+01
1.483000E+01 2.053520E+01
1.484000E+01 2.060545E+01
1.485000E+01 2.055733E+01
1.486000E+01 2.058010E+01
1.487000E+01 2.056258E+01
1.488000E+01 2.055445E+01
1.489000E+01 2.055196E+01
1.490000E+01 2.060022E+01
1.491000E+01 2.052130E+01
1.492000E+01 2.057503E+01
1.493000E+01 2.054519E+01
1.494000E+01 2.059886E+01
1.495000E+01 2.055090E+01
1.496000E+01 2.054626E+01
1.497000E+01 2.053946E+01
1.498000E+01 2.057062E+01
1.499000E+01 2.058773E+01
1.500000E+01 2.049496E+01
1.501000E+01 2.060907E+01
1.502000E+01 2.049189E+01
1.503000E+01 2.060235E+01
1.504000E+01 2.051603E+01
1.505000E+01 2.053721E+01
1.506000E+01 2.057035E+01
1.507000E+01 2.053017E+01
1.508000E+01 2.055854E+01
1.509000E+01 2.056195E+01
1.510000E+01 2.053062E+01
1.511000E+01 2.055520E+01
1.512000E+01 2.054776E+01
1.513000E+01 2.052386E+01
1.514000E+01 2.054521E+01
1.515000E+01 2.052548E+01
1.516000E+01 2.052002E+01
1.517000E+01 2.053424E+01
1.518000E+01 2.052556E+01
1.519000E+01 2.052903E+01
1.520000E+01 2.054380E+01
1.521000E+01 2.051510E+01
1.522000E+01 2.051852E+01
1.523000E+01 2.054868E+01
1.524000E+01 2.053219E+01
1.525000E+01 2.049943E+01
1.526000E+01 2.056712E+01
1.527000E+01 2.054251E+01
1.528000E+01 2.052372E+01
1.529000E+01 2.060491E+01
1.530000E+01 2.050984E+01
1.531000E+01 2.059990E+01
1.532000E+01 2.055821E+01
1.533000E+01 2.057086E+01
1.534000E+01 2.056165E+01
1.535000E+01 2.056277E+01
1.536000E+01 2.057559E+01
1.537000E+01 2.055829E+01
1.538000E+01 2.055796E+01
1.539000E+01 2.058508E+01
1.540000E+01 2.056303E+01
1.541000E+01 2.054615E+01
1.542000E+01 2.061206E+01
1.543000E+01 2.054774E+01
1.544000E+01 2.062097E+01
1.545000E+01 2.051831E+01
1.546000E+01 2.062272E+01
1.547000E+01 2.053942E+01
1.548000E+01 2.063063E+01
1.549000E+01 2.057829E+01
1.550000E+01 2.064048E+01
1.551000E+01 2.058665E+01
1.552000E+01 2.061701E+01
1.553000E+01 2.060554E+01
1.554000E+01 2.064957E+01
1.555000E+01 2.060158E+01
1.556000E+01 2.063234E+01
1.557000E+01 2.062722E+01
1.558000E+01 2.063127E+01
1.559000E+01 2.062502E+01
1.560000E+01 2.063613E+01
1.561000E+01 2.065408E+01
1.562000E+01 2.058542E+01
1.563000E+01 2.065957E+01
1.564000E+01 2.064965E+01
1.565000E+01 2.061596E+01
1.566000E+01 2.067808E+01
1.567000E+01 2.059721E+01
1.568000E+01 2.066478E+01
1.569000E+01 2.064857E+01
1.570000E+01 2.066380E+01
1.571000E+01 2.062192E+01
1.572000E+01 2.065896E+01
1.573000E+01 2.062174E+01
1.574000E+01 2.064483E+01
1.575000E+01 2.064317E+01
1.576000E+01 2.059300E+01
1.577000E+01 2.063371E+01
1.578000E+01 2.061549E+01
1.579000E+01 2.060170E+01
1.580000E+01 2.060743E+01
1.581000E+01 2.055675E+01
1.582000E+01 2.060385E+01
1.583000E+01 2.059929E+01
1.584000E+01 2.057590E+01
1.585000E+01 2.053169E+01
1.586000E+01 2.058319E+01
1.587000E+01 2.057705E+01
1.588000E+01 2.055156E+01
1.589000E+01 2.053119E+01
1.590000E+01 2.057096E+01
1.591000E+01 2.056058E+01
1.592000E+01 2.053499E+01
1.593000E+01 2.058284E+01
1.594000E+01 2.054897E+01
1.595000E+01 2.055180E+01
1.596000E+01 2.056308E+01
1.597000E+01 2.056399E+01
1.598000E+01 2.055719E+01
1.599000E+01 2.053065E+01
1.600000E+01 2.053147E+01
1.601000E+01 2.054602E+01
1.602000E+01 2.052242E+01
1.603000E+01 2.052795E+01
1.604000E+01 2.052719E+01
1.605000E+01 2.052282E+01
1.606000E+01 2.050493E+01
1.607000E+01 2.051742E+01
1.608000E+01 2.050871E+01
1.609000E+01 2.053588E+01
1.610000E+01 2.049071E+01
1.611000E+01 2.050568E+01
1.612000E+01 2.051967E+01
1.613000E+01 2.052333E+01
1.614000E+01 2.049101E+01
1.615000E+01 2.051285E+01
1.616000E+01 2.051577E+01
1.617000E+01 2.050185E+01
1.618000E+01 2.049525E+01
1.619000E+01 2.048959E+01
1.620000E+01 2.050414E+01
1.621000E+01 2.049475E+01
1.622000E+01 2.048487E+01
1.623000E+01 2.049607E+01
1.624000E+01 2.045953E+01
1.625000E+01 2.049900E+01
1.626000E+01 2.048926E+01
1.627000E+01 2.044631E+01
1.628000E+01 2.049536E+01
1.629000E+01 2.049636E+01
1.630000E+01 2.047142E+01
1.631000E+01 2.048189E+01
1.632000E+01 2.046778E+01
1.633000E+01 2.046892E+01
1.634000E+01 2.050922E+01
1.635000E+01 2.044426E+01
1.636000E+01 2.047594E+01
1.637000E+01 2.049320E+01
1.638000E+01 2.050415E+01
1.639000E+01 2.043359E+01
1.640000E+01 2.049920E+01
1.641000E+01 2.047158E+01
1.642000E+01 2.044449E+01
1.643000E+01 2.046972E+01
1.644000E+01 2.048770E+01
1.645000E+01 2.046409E+01
1.646000E+01 2.045512E+01
1.647000E+01 2.049975E+01
1.648000E+01 2.047747E+01
1.649000E+01 2.045873E+01
1.650000E+01 2.049522E+01
1.651000E+01 2.045553E+01
1.652000E+01 2.052297E+01
1.653000E+01 2.045330E+01
1.654000E+01 2.049307E+01
1.655000E+01 2.050435E+01
1.656000E+01 2.049546E+01
1.657000E+01 2.049110E+01
1.658000E+01 2.051167E+01
1.659000E+01 2.050288E+01
1.660000E+01 2.050877E+01
1.661000E+01 2.055085E+01
1.662000E+01 2.052026E+01
1.663000E+01 2.051683E+01
1.664000E+01 2.055901E+01
1.665000E+01 2.052962E+01
1.666000E+01 2.051513E+01
1.667000E+01 2.055815E+01
1.668000E+01 2.051719E+01
1.669000E+01 2.056841E+01
1.670000E+01 2.057327E+01
1.671000E+01 2.052863E+01
1.672000E+01 2.056762E+01
1.673000E+01 2.057179E+01
1.674000E+01 2.055690E+01
1.675000E+01 2.056129E+01
1.676000E+01 2.055380E+01
1.677000E+01 2.057681E+01
1.678000E+01 2.052695E+01
1.679000E+01 2.056380E+01
1.680000E+01 2.054172E+01
1.681000E+01 2.055943E+01
1.682000E+01 2.051396E+01
1.683000E+01 2.059935E+01
1.684000E+01 2.051451E+01
1.685000E+01 2.050733E+01
1.686000E+01 2.058169E+01
1.687000E+01 2.051734E+01
1.688000E+01 2.053259E+01
1.689000E+01 2.056158E+01
1.690000E+01 2.055350E+01
1.691000E+01 2.052727E+01
1.692000E+01 2.057359E+01
1.693000E+01 2.053606E+01
1.694000E+01 2.053410E+01
1.695000E+01 2.056884E+01
1.696000E+01 2.054733E+01
1.697000E+01 2.054862E+01
1.698000E+01 2.053123E+01
1.699000E+01 2.054010E+01
1.700000E+01 2.054171E+01
1.701000E+01 2.051331E+01
1.702000E+01 2.054748E+01
1.703000E+01 2.052351E+01
1.704000E+01 2.050007E+01
1.705000E+01 2.057040E+01
1.706000E+01 2.052128E+01
1.707000E+01 2.053751E+01
1.708000E+01 2.049734E+01
1.709000E+01 2.054290E+01
1.710000E+01 2.052423E+01
1.711000E+01 2.052428E+01
1.712000E+01 2.053550E+01
1.713000E+01 2.051322E+01
1.714000E+01 2.051034E+01
1.715000E+01 2.049549E+01
1.716000E+01 2.053910E+01
1.717000E+01 2.046665E+01
1.718000E+01 2.051595E+01
1.719000E+01 2.052009E+01
1.720000E+01 2.049228E+01
1.721000E+01 2.050897E+01
1.722000E+01 2.047281E+01
1.723000E+01 2.053499E+01
1.724000E+01 2.050144E+01
1.725000E+01 2.049750E+01
1.726000E+01 2.048135E+01
1.727000E+01 2.054529E+01
1.728000E+01 2.045816E+01
1.729000E+01 2.052652E+01
1.730000E+01 2.048123E+01
1.731000E+01 2.050780E+01
1.732000E+01 2.048387E+01
1.733000E+01 2.053010E+01
1.734000E+01 2.049995E+01
1.735000E+01 2.049985E+01
1.736000E+01 2.050127E+01
1.737000E+01 2.052919E+01
1.738000E+01 2.051953E+01
1.739000E+01 2.052313E+01
1.740000E+01 2.054280E+01
1.741000E+01 2.048570E+01
1.742000E+01 2.053414E+01
1.743000E+01 2.051972E+01
1.744000E+01 2.051025E+01
1.745000E+01 2.052312E+01
1.746000E+01 2.052519E+01
1.747000E+01 2.048776E+01
1.748000E+01 2.051221E+01
1.749000E+01 2.051402E+01
1.750000E+01 2.052155E+01
1.751000E+01 2.047429E+01
1.752000E+01 2.051727E+01
1.753000E+01 2.049849E+01
1.754000E+01 2.050761E+01
1.755000E+01 2.051750E+01
1.756000E+01 2.047453E+01
1.757000E+01 2.052078E+01
1.758000E+01 2.050092E+01
1.759000E+01 2.050777E+01
1.760000E+01 2.051734E+01
1.761000E+01 2.051683E+01
1.762000E+01 2.048572E+01
1.763000E+01 2.051263E+01
1.764000E+01 2.051870E+01
1.765000E+01 2.050749E+01
1.766000E+01 2.050380E+01
1.767000E+01 2.050612E+01
1.768000E+01 2.051893E+01
1.769000E+01 2.051096E+01
1.770000E+01 2.047533E+01
1.771000E+01 2.053353E+01
1.772000E+01 2.050645E+01
1.773000E+01 2.048435E+01
1.774000E+01 2.052825E+01
1.775000E+01 2.047042E+01
1.776000E+01 2.053397E+01
1.777000E+01 2.051167E+01
1.778000E+01 2.052070E+01
1.779000E+01 2.052397E+01
1.780000E+01 2.050822E+01
1.781000E+01 2.056110E+01
1.782000E+01 2.054336E+01
1.783000E+01 2.051043E+01
1.784000E+01 2.055622E+01
1.785000E+01 2.051216E+01
1.786000E+01 2.055414E+01
1.787000E+01 2.051841E+01
1.788000E+01 2.054183E+01
1.789000E+01 2.058130E+01
1.790000E+01 2.049698E+01
1.791000E+01 2.054931E+01
1.792000E+01 2.056755E+01
1.793000E+01 2.053916E+01
1.794000E+01 2.053827E+01
1.795000E+01 2.054658E+01
1.796000E+01 2.053314E+01
1.797000E+01 2.055570E+01
1.798000E+01 2.051692E+01
1.799000E+01 2.054417E+01
1.800000E+01 2.053599E+01
1.801000E+01 2.052761E+01
1.802000E+01 2.054471E+01
1.803000E+01 2.057710E+01
1.804000E+01 2.050573E+01
1.805000E+01 2.055112E+01
1.806000E+01 2.056618E+01
1.807000E+01 2.055435E+01
1.808000E+01 2.050887E+01
1.809000E+01 2.056252E+01
1.810000E+01 2.052832E+01
1.811000E+01 2.056817E+01
1.812000E+01 2.053452E+01
1.813000E+01 2.055392E+01
1.814000E+01 2.054105E+01
1.815000E+01 2.055713E+01
1.816000E+01 2.054132E+01
1.817000E+01 2.058403E+01
1.818000E+01 2.051596E+01
1.819000E+01 2.059118E+01
1.820000E+01 2.053145E+01
1.821000E+01 2.052578E+01
1.822000E+01 2.061249E+01
1.823000E+01 2.048947E+01
1.824000E+01 2.058604E+01
1.825000E+01 2.053702E+01
1.826000E+01 2.054785E+01
1.827000E+01 2.056436E+01
1.828000E+01 2.053835E+01
1.829000E+01 2.056165E+01
1.830000E+01 2.058334E+01
1.831000E+01 2.050709E+01
1.832000E+01 2.061492E+01
1.833000E+01 2.056373E+01
1.834000E+01 2.053126E+01
1.835000E+01 2.061195E+01
1.836000E+01 2.052702E+01
1.837000E+01 2.056773E+01
1.838000E+01 2.055004E+01
1.839000E+01 2.059500E+01
1.840000E+01 2.054111E+01
1.841000E+01 2.057744E+01
1.842000E+01 2.054147E+01
1.843000E+01 2.059391E+01
1.844000E+01 2.056568E+01
1.845000E+01 2.056907E+01
1.846000E+01 2.059412E+01
1.847000E+01 2.058487E+01
1.848000E+01 2.057573E+01
1.849000E+01 2.056419E+01
1.850000E+01 2.056174E+01
1.851000E+01 2.058892E+01
1.852000E+01 2.056490E+01
1.853000E+01 2.055215E+01
1.854000E+01 2.056447E+01
1.855000E+01 2.056111E+01
1.856000E+01 2.054538E+01
1.857000E+01 2.053922E+01
1.858000E+01 2.052656E+01
1.859000E+01 2.055330E+01
1.860000E+01 2.052510E+01
1.861000E+01 2.051463E+01
1.862000E+01 2.055777E+01
1.863000E+01 2.051883E+01
1.864000E+01 2.054787E+01
1.865000E+01 2.051856E+01
1.866000E+01 2.054361E+01
1.867000E+01 2.048419E+01
1.868000E+01 2.059234E+01
1.869000E+01 2.049195E+01
1.870000E+01 2.056665E+01
1.871000E+01 2.051209E+01
1.872000E+01 2.052716E+01
1.873000E+01 2.055512E+01
1.874000E+01 2.055365E+01
1.875000E+01 2.055885E+01
1.876000E+01 2.056157E+01
1.877000E+01 2.059593E+01
1.878000E+01 2.057697E+01
1.879000E+01 2.059612E+01
1.880000E+01 2.051354E+01
1.881000E+01 2.063067E+01
1.882000E+01 2.057813E+01
1.883000E+01 2.055618E+01
1.884000E+01 2.060539E+01
1.885000E+01 2.054442E+01
1.886000E+01 2.056484E+01
1.887000E+01 2.058993E+01
1.888000E+01 2.056181E+01
1.889000E+01 2.056582E+01
1.890000E+01 2.055816E+01
1.891000E+01 2.056699E+01
1.892000E+01 2.055544E+01
1.893000E+01 2.053892E+01
1.894000E+01 2.057663E+01
1.895000E+01 2.052207E+01
1.896000E+01 2.057450E+01
1.897000E+01 2.056929E+01
1.898000E+01 2.056871E+01
1.899000E+01 2.052592E+01
1.900000E+01 2.059159E+01
1.901000E+01 2.052125E+01
1.902000E+01 2.058248E+01
1.903000E+01 2.057231E+01
1.904000E+01 2.054783E+01
1.905000E+01 2.057502E+01
1.906000E+01 2.058306E+01
1.907000E+01 2.059501E+01
1.908000E+01 2.055880E+01
1.909000E+01 2.060357E+01
1.910000E+01 2.056654E+01
1.911000E+01 2.060697E+01
1.912000E+01 2.057590E+01
1.913000E+01 2.058077E+01
1.914000E+01 2.059582E+01
1.915000E+01 2.058444E+01
1.916000E+01 2.058316E+01
1.917000E+01 2.057643E+01
1.918000E+01 2.058104E+01
1.919000E+01 2.055624E+01
1.920000E+01 2.060448E+01
1.921000E+01 2.056001E+01
1.922000E+01 2.056488E+01
1.923000E+01 2.051677E+01
1.924000E+01 2.061575E+01
1.925000E+01 2.052959E+01
1.926000E+01 2.059585E+01
1.927000E+01 2.059988E+01
1.928000E+01 2.057629E+01
1.929000E+01 2.058549E+01
1.930000E+01 2.061782E+01
1.931000E+01 2.060575E+01
1.932000E+01 2.059529E+01
1.933000E+01 2.060918E+01
1.934000E+01 2.063953E+01
1.935000E+01 2.058483E+01
1.936000E+01 2.063828E+01
1.937000E+01 2.059356E+01
1.938000E+01 2.062545E+01
1.939000E+01 2.062917E+01
1.940000E+01 2.060941E+01
1.941000E+01 2.059341E+01
1.942000E+01 2.064509E+01
1.943000E+01 2.060752E+01
1.944000E+01 2.060450E+01
1.945000E+01 2.061283E+01
1.946000E+01 2.063444E+01
1.947000E+01 2.063906E+01
1.948000E+01 2.059323E+01
1.949000E+01 2.065039E+01
1.950000E+01 2.062075E+01
1.951000E+01 2.063761E+01
1.952000E+01 2.057993E+01
1.953000E+01 2.064508E+01
1.954000E+01 2.060039E+01
1.955000E+01 2.063809E+01
1.956000E+01 2.058722E+01
1.957000E+01 2.062909E+01
1.958000E+01 2.059271E+01
1.959000E+01 2.063300E+01
1.960000E+01 2.061233E+01
1.961000E+01 2.058894E+01
1.962000E+01 2.063907E+01
1.963000E+01 2.059165E+01
1.964000E+01 2.060936E+01
1.965000E+01 2.064917E+01
1.966000E+01 2.055873E+01
1.967000E+01 2.064438E+01
1.968000E+01 2.055269E+01
1.969000E+01 2.066057E+01
1.970000E+01 2.053359E+01
1.971000E+01 2.060637E+01
1.972000E+01 2.061463E+01
1.973000E+01 2.057868E+01
1.974000E+01 2.061571E+01
1.975000E+01 2.059617E+01
1.976000E+01 2.061499E+01
1.977000E+01 2.059628E+01
1.978000E+01 2.065514E+01
1.979000E+01 2.063487E+01
1.980000E+01 2.066877E+01
1.981000E+01 2.062537E+01
1.982000E+01 2.069728E+01
1.983000E+01 2.065393E+01
1.984000E+01 2.069342E+01
1.985000E+01 2.066597E+01
1.986000E+01 2.066808E+01
1.987000E+01 2.066122E+01
1.988000E+01 2.070485E+01
1.989000E+01 2.066321E+01
1.990000E+01 2.067000E+01
1.991000E+01 2.064303E+01
1.992000E+01 2.066563E+01
1.993000E+01 2.063414E+01
1.994000E+01 2.066410E+01
1.995000E+01 2.062140E+01
1.996000E+01 2.063105E+01
1.997000E+01 2.060592E+01
1.998000E+01 2.064988E+01
1.999000E+01 2.059876E+01
2.000000E+01 2.063975E+01
