amber                                                                           
         3       179
OW      OW      
  2.513966E-02  0.000000E+00
  7.541899E-02  0.000000E+00
  1.256983E-01  0.000000E+00
  1.759777E-01  0.000000E+00
  2.262570E-01  0.000000E+00
  2.765363E-01  0.000000E+00
  3.268156E-01  0.000000E+00
  3.770950E-01  0.000000E+00
  4.273743E-01  0.000000E+00
  4.776536E-01  0.000000E+00
  5.279330E-01  0.000000E+00
  5.782123E-01  0.000000E+00
  6.284916E-01  0.000000E+00
  6.787709E-01  0.000000E+00
  7.290503E-01  0.000000E+00
  7.793296E-01  0.000000E+00
  8.296089E-01  0.000000E+00
  8.798883E-01  0.000000E+00
  9.301676E-01  0.000000E+00
  9.804469E-01  0.000000E+00
  1.030726E+00  0.000000E+00
  1.081006E+00  0.000000E+00
  1.131285E+00  0.000000E+00
  1.181564E+00  0.000000E+00
  1.231844E+00  0.000000E+00
  1.282123E+00  0.000000E+00
  1.332402E+00  0.000000E+00
  1.382682E+00  0.000000E+00
  1.432961E+00  0.000000E+00
  1.483240E+00  0.000000E+00
  1.533520E+00  0.000000E+00
  1.583799E+00  0.000000E+00
  1.634078E+00  0.000000E+00
  1.684358E+00  0.000000E+00
  1.734637E+00  0.000000E+00
  1.784916E+00  0.000000E+00
  1.835196E+00  0.000000E+00
  1.885475E+00  0.000000E+00
  1.935754E+00  0.000000E+00
  1.986034E+00  0.000000E+00
  2.036313E+00  0.000000E+00
  2.086592E+00  0.000000E+00
  2.136872E+00  0.000000E+00
  2.187151E+00  0.000000E+00
  2.237430E+00  0.000000E+00
  2.287709E+00  0.000000E+00
  2.337989E+00  0.000000E+00
  2.388268E+00  0.000000E+00
  2.438547E+00  0.000000E+00
  2.488827E+00  9.196519E-02
  2.539106E+00  1.305752E+00
  2.589385E+00  8.448917E+00
  2.639665E+00  2.697931E+01
  2.689944E+00  5.390234E+01
  2.740223E+00  7.154945E+01
  2.790503E+00  7.314803E+01
  2.840782E+00  6.276195E+01
  2.891061E+00  4.838295E+01
  2.941341E+00  3.567365E+01
  2.991620E+00  2.674752E+01
  3.041899E+00  2.015884E+01
  3.092179E+00  1.526531E+01
  3.142458E+00  1.280655E+01
  3.192737E+00  1.088508E+01
  3.243017E+00  1.014093E+01
  3.293296E+00  9.962047E+00
  3.343575E+00  9.347634E+00
  3.393855E+00  9.204611E+00
  3.444134E+00  9.530128E+00
  3.494413E+00  9.226756E+00
  3.544693E+00  9.279193E+00
  3.594972E+00  9.364290E+00
  3.645251E+00  9.822270E+00
  3.695531E+00  1.066452E+01
  3.745810E+00  1.059669E+01
  3.796089E+00  1.138081E+01
  3.846369E+00  1.105528E+01
  3.896648E+00  1.143464E+01
  3.946927E+00  1.150679E+01
  3.997207E+00  1.197579E+01
  4.047486E+00  1.203557E+01
  4.097765E+00  1.178727E+01
  4.148045E+00  1.191527E+01
  4.198324E+00  1.188296E+01
  4.248603E+00  1.174013E+01
  4.298883E+00  1.114859E+01
  4.349162E+00  1.099270E+01
  4.399441E+00  1.135115E+01
  4.449721E+00  1.095542E+01
  4.500000E+00  1.034626E+01
  4.550279E+00  1.005774E+01
  4.600559E+00  9.857047E+00
  4.650838E+00  9.422677E+00
  4.701117E+00  9.694768E+00
  4.751397E+00  9.283198E+00
  4.801676E+00  9.087060E+00
  4.851955E+00  8.781400E+00
  4.902235E+00  8.515277E+00
  4.952514E+00  8.340676E+00
  5.002793E+00  8.234566E+00
  5.053073E+00  7.979789E+00
  5.103352E+00  7.786872E+00
  5.153631E+00  7.814413E+00
  5.203911E+00  7.402358E+00
  5.254190E+00  7.392056E+00
  5.304469E+00  7.455048E+00
  5.354749E+00  7.260518E+00
  5.405028E+00  6.991736E+00
  5.455307E+00  6.848563E+00
  5.505587E+00  6.897369E+00
  5.555866E+00  6.967901E+00
  5.606145E+00  6.484990E+00
  5.656425E+00  6.122924E+00
  5.706704E+00  5.883341E+00
  5.756983E+00  5.612960E+00
  5.807263E+00  5.645693E+00
  5.857542E+00  5.582394E+00
  5.907821E+00  5.197613E+00
  5.958101E+00  5.008626E+00
  6.008380E+00  5.103992E+00
  6.058659E+00  5.186894E+00
  6.108939E+00  4.971265E+00
  6.159218E+00  4.957174E+00
  6.209497E+00  4.895279E+00
  6.259777E+00  4.816956E+00
  6.310056E+00  4.659423E+00
  6.360335E+00  4.622036E+00
  6.410615E+00  4.759288E+00
  6.460894E+00  4.677920E+00
  6.511173E+00  4.834385E+00
  6.561453E+00  4.885548E+00
  6.611732E+00  4.743473E+00
  6.662011E+00  4.600835E+00
  6.712291E+00  4.473162E+00
  6.762570E+00  4.294784E+00
  6.812849E+00  4.204352E+00
  6.863128E+00  4.159102E+00
  6.913408E+00  3.946527E+00
  6.963687E+00  3.717446E+00
  7.013966E+00  3.679780E+00
  7.064246E+00  3.632659E+00
  7.114525E+00  3.350149E+00
  7.164804E+00  3.135602E+00
  7.215084E+00  3.100564E+00
  7.265363E+00  3.105764E+00
  7.315642E+00  2.807755E+00
  7.365922E+00  2.628393E+00
  7.416201E+00  2.684943E+00
  7.466480E+00  2.396844E+00
  7.516760E+00  2.407457E+00
  7.567039E+00  2.318088E+00
  7.617318E+00  2.141409E+00
  7.667598E+00  2.046666E+00
  7.717877E+00  1.974393E+00
  7.768156E+00  1.955211E+00
  7.818436E+00  1.953960E+00
  7.868715E+00  2.031299E+00
  7.918994E+00  1.762332E+00
  7.969274E+00  1.671395E+00
  8.019553E+00  1.523541E+00
  8.069832E+00  1.636804E+00
  8.120112E+00  1.597397E+00
  8.170391E+00  1.478237E+00
  8.220670E+00  1.586656E+00
  8.270950E+00  1.598883E+00
  8.321229E+00  1.494605E+00
  8.371508E+00  1.434257E+00
  8.421788E+00  1.331509E+00
  8.472067E+00  1.277831E+00
  8.522346E+00  1.220095E+00
  8.572626E+00  1.132614E+00
  8.622905E+00  1.070069E+00
  8.673184E+00  1.034980E+00
  8.723464E+00  1.035560E+00
  8.773743E+00  9.456097E-01
  8.824022E+00  9.438064E-01
  8.874302E+00  9.508243E-01
  8.924581E+00  8.980214E-01
  8.974860E+00  8.864161E-01
OW      HW      
  2.513966E-02  0.000000E+00
  7.541899E-02  0.000000E+00
  1.256983E-01  0.000000E+00
  1.759777E-01  0.000000E+00
  2.262570E-01  0.000000E+00
  2.765363E-01  0.000000E+00
  3.268156E-01  0.000000E+00
  3.770950E-01  0.000000E+00
  4.273743E-01  0.000000E+00
  4.776536E-01  0.000000E+00
  5.279330E-01  0.000000E+00
  5.782123E-01  0.000000E+00
  6.284916E-01  0.000000E+00
  6.787709E-01  0.000000E+00
  7.290503E-01  0.000000E+00
  7.793296E-01  0.000000E+00
  8.296089E-01  0.000000E+00
  8.798883E-01  0.000000E+00
  9.301676E-01  0.000000E+00
  9.804469E-01  0.000000E+00
  1.030726E+00  0.000000E+00
  1.081006E+00  0.000000E+00
  1.131285E+00  0.000000E+00
  1.181564E+00  0.000000E+00
  1.231844E+00  0.000000E+00
  1.282123E+00  0.000000E+00
  1.332402E+00  0.000000E+00
  1.382682E+00  0.000000E+00
  1.432961E+00  0.000000E+00
  1.483240E+00  0.000000E+00
  1.533520E+00  6.728334E-03
  1.583799E+00  3.090898E-01
  1.634078E+00  2.429568E+00
  1.684358E+00  8.906953E+00
  1.734637E+00  1.999354E+01
  1.784916E+00  3.168702E+01
  1.835196E+00  3.553733E+01
  1.885475E+00  3.385433E+01
  1.935754E+00  2.783668E+01
  1.986034E+00  2.175948E+01
  2.036313E+00  1.657692E+01
  2.086592E+00  1.249859E+01
  2.136872E+00  8.961418E+00
  2.187151E+00  6.943220E+00
  2.237430E+00  5.190163E+00
  2.287709E+00  4.211696E+00
  2.337989E+00  3.305899E+00
  2.388268E+00  2.907396E+00
  2.438547E+00  2.610455E+00
  2.488827E+00  2.485615E+00
  2.539106E+00  2.893763E+00
  2.589385E+00  3.160084E+00
  2.639665E+00  3.928805E+00
  2.689944E+00  5.071386E+00
  2.740223E+00  7.032296E+00
  2.790503E+00  8.662909E+00
  2.840782E+00  1.155708E+01
  2.891061E+00  1.416313E+01
  2.941341E+00  1.780756E+01
  2.991620E+00  2.148748E+01
  3.041899E+00  2.410750E+01
  3.092179E+00  2.616319E+01
  3.142458E+00  2.650245E+01
  3.192737E+00  2.661349E+01
  3.243017E+00  2.564121E+01
  3.293296E+00  2.370728E+01
  3.343575E+00  2.286660E+01
  3.393855E+00  2.150032E+01
  3.444134E+00  2.029154E+01
  3.494413E+00  1.958742E+01
  3.544693E+00  1.858357E+01
  3.594972E+00  1.786047E+01
  3.645251E+00  1.638990E+01
  3.695531E+00  1.484273E+01
  3.745810E+00  1.332029E+01
  3.796089E+00  1.214070E+01
  3.846369E+00  1.135262E+01
  3.896648E+00  1.069679E+01
  3.946927E+00  1.029191E+01
  3.997207E+00  1.013070E+01
  4.047486E+00  9.836136E+00
  4.097765E+00  9.708385E+00
  4.148045E+00  9.521363E+00
  4.198324E+00  9.407794E+00
  4.248603E+00  9.337229E+00
  4.298883E+00  9.091837E+00
  4.349162E+00  9.184009E+00
  4.399441E+00  9.074217E+00
  4.449721E+00  9.142038E+00
  4.500000E+00  9.198328E+00
  4.550279E+00  8.974012E+00
  4.600559E+00  9.012200E+00
  4.650838E+00  8.800839E+00
  4.701117E+00  8.717415E+00
  4.751397E+00  8.677589E+00
  4.801676E+00  8.584664E+00
  4.851955E+00  8.345826E+00
  4.902235E+00  8.390827E+00
  4.952514E+00  8.344547E+00
  5.002793E+00  8.066384E+00
  5.053073E+00  8.052298E+00
  5.103352E+00  7.779581E+00
  5.153631E+00  7.590395E+00
  5.203911E+00  7.505786E+00
  5.254190E+00  7.586946E+00
  5.304469E+00  7.404433E+00
  5.354749E+00  7.420011E+00
  5.405028E+00  7.268524E+00
  5.455307E+00  7.084647E+00
  5.505587E+00  6.893714E+00
  5.555866E+00  6.941243E+00
  5.606145E+00  6.793632E+00
  5.656425E+00  6.663007E+00
  5.706704E+00  6.434357E+00
  5.756983E+00  6.356835E+00
  5.807263E+00  6.103186E+00
  5.857542E+00  5.921378E+00
  5.907821E+00  5.807870E+00
  5.958101E+00  5.671034E+00
  6.008380E+00  5.420471E+00
  6.058659E+00  5.285614E+00
  6.108939E+00  5.100593E+00
  6.159218E+00  5.065211E+00
  6.209497E+00  4.774621E+00
  6.259777E+00  4.858552E+00
  6.310056E+00  4.701551E+00
  6.360335E+00  4.599739E+00
  6.410615E+00  4.504766E+00
  6.460894E+00  4.438338E+00
  6.511173E+00  4.342437E+00
  6.561453E+00  4.226889E+00
  6.611732E+00  4.120856E+00
  6.662011E+00  4.015034E+00
  6.712291E+00  3.974076E+00
  6.762570E+00  3.896516E+00
  6.812849E+00  3.788417E+00
  6.863128E+00  3.717323E+00
  6.913408E+00  3.605510E+00
  6.963687E+00  3.512517E+00
  7.013966E+00  3.421810E+00
  7.064246E+00  3.316831E+00
  7.114525E+00  3.221971E+00
  7.164804E+00  3.137144E+00
  7.215084E+00  3.068647E+00
  7.265363E+00  3.045208E+00
  7.315642E+00  2.988118E+00
  7.365922E+00  2.898174E+00
  7.416201E+00  2.859010E+00
  7.466480E+00  2.768690E+00
  7.516760E+00  2.598463E+00
  7.567039E+00  2.475612E+00
  7.617318E+00  2.395040E+00
  7.667598E+00  2.336278E+00
  7.717877E+00  2.198079E+00
  7.768156E+00  2.162113E+00
  7.818436E+00  2.116273E+00
  7.868715E+00  1.999608E+00
  7.918994E+00  1.941997E+00
  7.969274E+00  1.854033E+00
  8.019553E+00  1.744002E+00
  8.069832E+00  1.742020E+00
  8.120112E+00  1.680195E+00
  8.170391E+00  1.599132E+00
  8.220670E+00  1.529287E+00
  8.270950E+00  1.510288E+00
  8.321229E+00  1.430616E+00
  8.371508E+00  1.367872E+00
  8.421788E+00  1.307636E+00
  8.472067E+00  1.248950E+00
  8.522346E+00  1.215519E+00
  8.572626E+00  1.170726E+00
  8.622905E+00  1.126467E+00
  8.673184E+00  1.102295E+00
  8.723464E+00  1.051988E+00
  8.773743E+00  1.008308E+00
  8.824022E+00  9.572197E-01
  8.874302E+00  9.608711E-01
  8.924581E+00  9.101407E-01
  8.974860E+00  8.842551E-01
HW      HW      
  2.513966E-02  0.000000E+00
  7.541899E-02  0.000000E+00
  1.256983E-01  0.000000E+00
  1.759777E-01  0.000000E+00
  2.262570E-01  0.000000E+00
  2.765363E-01  0.000000E+00
  3.268156E-01  0.000000E+00
  3.770950E-01  0.000000E+00
  4.273743E-01  0.000000E+00
  4.776536E-01  0.000000E+00
  5.279330E-01  0.000000E+00
  5.782123E-01  0.000000E+00
  6.284916E-01  0.000000E+00
  6.787709E-01  0.000000E+00
  7.290503E-01  0.000000E+00
  7.793296E-01  0.000000E+00
  8.296089E-01  0.000000E+00
  8.798883E-01  0.000000E+00
  9.301676E-01  0.000000E+00
  9.804469E-01  0.000000E+00
  1.030726E+00  0.000000E+00
  1.081006E+00  0.000000E+00
  1.131285E+00  0.000000E+00
  1.181564E+00  0.000000E+00
  1.231844E+00  0.000000E+00
  1.282123E+00  0.000000E+00
  1.332402E+00  0.000000E+00
  1.382682E+00  0.000000E+00
  1.432961E+00  0.000000E+00
  1.483240E+00  0.000000E+00
  1.533520E+00  1.345667E-02
  1.583799E+00  6.307954E-03
  1.634078E+00  4.148042E-02
  1.684358E+00  8.923685E-02
  1.734637E+00  3.365561E-01
  1.784916E+00  7.400260E-01
  1.835196E+00  1.541016E+00
  1.885475E+00  2.692857E+00
  1.935754E+00  4.319922E+00
  1.986034E+00  6.699543E+00
  2.036313E+00  9.555388E+00
  2.086592E+00  1.251676E+01
  2.136872E+00  1.578124E+01
  2.187151E+00  1.857038E+01
  2.237430E+00  2.101668E+01
  2.287709E+00  2.295419E+01
  2.337989E+00  2.403001E+01
  2.388268E+00  2.484603E+01
  2.438547E+00  2.500289E+01
  2.488827E+00  2.536451E+01
  2.539106E+00  2.476266E+01
  2.589385E+00  2.274600E+01
  2.639665E+00  2.187640E+01
  2.689944E+00  2.002312E+01
  2.740223E+00  1.795480E+01
  2.790503E+00  1.580580E+01
  2.840782E+00  1.445321E+01
  2.891061E+00  1.275268E+01
  2.941341E+00  1.147724E+01
  2.991620E+00  1.059964E+01
  3.041899E+00  1.049669E+01
  3.092179E+00  1.018294E+01
  3.142458E+00  1.028274E+01
  3.192737E+00  1.043335E+01
  3.243017E+00  1.062090E+01
  3.293296E+00  1.107089E+01
  3.343575E+00  1.143967E+01
  3.393855E+00  1.198935E+01
  3.444134E+00  1.303856E+01
  3.494413E+00  1.370018E+01
  3.544693E+00  1.427520E+01
  3.594972E+00  1.511045E+01
  3.645251E+00  1.556701E+01
  3.695531E+00  1.615320E+01
  3.745810E+00  1.640817E+01
  3.796089E+00  1.623775E+01
  3.846369E+00  1.598501E+01
  3.896648E+00  1.509577E+01
  3.946927E+00  1.479183E+01
  3.997207E+00  1.359211E+01
  4.047486E+00  1.282378E+01
  4.097765E+00  1.192580E+01
  4.148045E+00  1.124299E+01
  4.198324E+00  1.041420E+01
  4.248603E+00  1.021827E+01
  4.298883E+00  1.007055E+01
  4.349162E+00  9.491872E+00
  4.399441E+00  9.566394E+00
  4.449721E+00  9.477702E+00
  4.500000E+00  9.332736E+00
  4.550279E+00  9.192592E+00
  4.600559E+00  9.226028E+00
  4.650838E+00  9.101516E+00
  4.701117E+00  8.902146E+00
  4.751397E+00  8.710533E+00
  4.801676E+00  8.640943E+00
  4.851955E+00  8.475557E+00
  4.902235E+00  8.080690E+00
  4.952514E+00  7.967127E+00
  5.002793E+00  7.895042E+00
  5.053073E+00  7.834149E+00
  5.103352E+00  7.512849E+00
  5.153631E+00  7.272838E+00
  5.203911E+00  7.238160E+00
  5.254190E+00  7.152456E+00
  5.304469E+00  6.937649E+00
  5.354749E+00  6.841642E+00
  5.405028E+00  6.647241E+00
  5.455307E+00  6.600249E+00
  5.505587E+00  6.330941E+00
  5.555866E+00  6.366566E+00
  5.606145E+00  6.359117E+00
  5.656425E+00  6.188209E+00
  5.706704E+00  6.076731E+00
  5.756983E+00  6.090415E+00
  5.807263E+00  5.975557E+00
  5.857542E+00  5.883560E+00
  5.907821E+00  5.856836E+00
  5.958101E+00  5.699563E+00
  6.008380E+00  5.601942E+00
  6.058659E+00  5.365797E+00
  6.108939E+00  5.446173E+00
  6.159218E+00  5.382647E+00
  6.209497E+00  5.146445E+00
  6.259777E+00  5.167890E+00
  6.310056E+00  4.999223E+00
  6.360335E+00  4.797279E+00
  6.410615E+00  4.594869E+00
  6.460894E+00  4.597933E+00
  6.511173E+00  4.430525E+00
  6.561453E+00  4.266952E+00
  6.611732E+00  4.132801E+00
  6.662011E+00  3.957274E+00
  6.712291E+00  3.930524E+00
  6.762570E+00  3.788559E+00
  6.812849E+00  3.616247E+00
  6.863128E+00  3.527845E+00
  6.913408E+00  3.430035E+00
  6.963687E+00  3.392431E+00
  7.013966E+00  3.293146E+00
  7.064246E+00  3.255314E+00
  7.114525E+00  3.157881E+00
  7.164804E+00  3.103235E+00
  7.215084E+00  2.939457E+00
  7.265363E+00  2.906408E+00
  7.315642E+00  2.900597E+00
  7.365922E+00  2.753513E+00
  7.416201E+00  2.701631E+00
  7.466480E+00  2.629035E+00
  7.516760E+00  2.524805E+00
  7.567039E+00  2.504353E+00
  7.617318E+00  2.399949E+00
  7.667598E+00  2.327665E+00
  7.717877E+00  2.234209E+00
  7.768156E+00  2.186762E+00
  7.818436E+00  2.166752E+00
  7.868715E+00  2.108738E+00
  7.918994E+00  2.029811E+00
  7.969274E+00  1.944729E+00
  8.019553E+00  1.910578E+00
  8.069832E+00  1.794507E+00
  8.120112E+00  1.731074E+00
  8.170391E+00  1.702486E+00
  8.220670E+00  1.643556E+00
  8.270950E+00  1.566267E+00
  8.321229E+00  1.518144E+00
  8.371508E+00  1.430870E+00
  8.421788E+00  1.388401E+00
  8.472067E+00  1.362270E+00
  8.522346E+00  1.303976E+00
  8.572626E+00  1.253196E+00
  8.622905E+00  1.173501E+00
  8.673184E+00  1.156148E+00
  8.723464E+00  1.108964E+00
  8.773743E+00  1.104513E+00
  8.824022E+00  1.031399E+00
  8.874302E+00  1.006684E+00
  8.924581E+00  9.631876E-01
  8.974860E+00  9.369057E-01
