amber                                                                           
         2         2        60  -68858.1384947    
     25.196959335562      0.000000000000      0.000000000000
      0.000000000000     25.196959335562      0.000000000000
      0.000000000000      0.000000000000     25.196959335562
OW               1
     8.470139947         5.465901815       -0.9284321693    
   2.86986648554       5.21408889088       2.44820087625    
   13205.6961428      -692.703074004       10469.2508022    
HW               2
     7.750268901         4.851184368        -1.008483013    
  -4.44031223034       13.2830422182       6.22404619916    
  -9987.49093570      -1716.75838581      -1674.24394477    
HW               3
     8.371133269         6.057740052        -1.664927363    
  -6.64867018255       19.1572939822       14.9323564917    
  -5377.69890036       3945.08514087      -6864.23122843    
OW               4
     3.017303375         7.868610236        0.5778358291    
 -0.510396931405      -4.04106468649      -4.41560112835    
   330.102035825      -17163.7862594      -810.013407613    
HW               5
     3.010833581         8.809227241        0.4448027834    
  -1.10084319774      -5.19970162411      -12.5790881351    
  -2698.33971656       12967.7037613      -1980.22666697    
HW               6
     2.187743521         7.673983368        0.9978963281    
 -0.456494562662E-01 -0.811234595156      -2.00131184031    
  -2446.37825339       2195.84144502       252.081769612    
OW               7
     6.811728436         9.056370380       -0.6142603846    
  -2.45923101172     -0.344357294634      -1.67918065657    
  -7075.44714544      -9335.04337593      -10494.1579797    
HW               8
     7.159139005         9.939339025       -0.5676527781    
  -5.87487480201     -0.136543995948       19.8438753599    
   4951.05648957       8119.44070799       4145.25473374    
HW               9
     7.157017946         8.615463131        0.1531221432    
  -6.65092189575      -15.5981202860      -8.55729893738    
   3606.69460108       24.3287602273       7716.94953822    
OW              10
     3.296184451         10.46236213        0.7432412793E-01
  0.740416934424       2.25523250543       2.96027765446    
  -8819.06253619      -8124.91508346       1450.12356635    
HW              11
     3.121917076         11.31903530       -0.2974849144    
   5.00062418717       5.00998450266       7.31064787901    
   4377.02977337       3946.89674575      -446.840347875    
HW              12
     4.241311102         10.41923198        0.1602042477    
   1.60083816815      -9.16656649421      -12.2449986563    
   4889.05968324       5218.38165809      -566.505798608    
OW              13
     6.186013286        -12.09673001         2.221000241    
 -0.689667384154      0.228332098785E-01  -3.09703733239    
   3307.87229319       10050.0169557      -3871.15156721    
HW              14
     5.841109181        -11.76483076         3.041600050    
   27.8432913425       4.51143959136       7.08011531105    
  -1177.60889352      -1957.67634727       2011.38000799    
HW              15
     6.412541556         12.19473094         2.397798449    
   2.64316013001      0.123237770439      -6.85309058276    
  -2353.51780328      -10009.6411402       4851.77205822    
OW              16
     10.94341708         6.129642285       -0.4708886791    
  -1.15869241225       3.54604660931      0.161548508850    
   13501.2124987       10925.8737838       2587.67434239    
HW              17
     10.03076414         5.866415969       -0.4875171811    
  -2.51107047769       6.59808475870       26.0733874793    
  -10125.5028869      -6942.23244475      -1817.87913704    
HW              18
     11.43277178         5.330083811       -0.6249607949    
  -7.80597672926     -0.278184456255      -1.10528338302    
  -947.457968532      -2730.99225682      -34.3942813426    
OW              19
     5.017045742         7.124637584        -1.173487236    
  0.963502276822      0.819533563011      0.370240529633    
  -5043.37652408      -12736.9268183      -6832.86810381    
HW              20
     5.639804787         7.813838954       -0.9743073098    
  -12.0327788811       16.5209697809      -13.3254153150    
   4248.29550115       8563.44324964       3309.24061270    
HW              21
     4.230743711         7.357633694       -0.6939646393    
  -3.03190591906      -5.11693815302      -3.29678741955    
  -4538.99581593       4589.32411035       6334.82178360    
OW              22
     8.270256982         11.33532485       -0.3028876706    
   1.09605255505     -0.572042310909      -1.36800558283    
  -10945.7386636       1497.98133892      -62.9689366530    
HW              23
     9.050214817         11.01869778       -0.7432432916    
   1.22273565569       2.68866779598      -3.48815931729    
   8640.36621341      -1205.37045384      -1498.22069968    
HW              24
     8.592193859         11.84360478        0.4323049236    
  0.911966283776      -3.82704857751      0.962973449867    
   3387.86498716       1013.92900998       1530.77945557    
OW              25
     9.168513888         12.52235837         2.651176594    
  -1.50470563380      -1.16860680209      -2.47253001471    
   4251.22075087      -1658.99835315      -4334.04380947    
HW              26
     9.246616519         12.26434634         3.562126521    
  0.120719779116      -12.1725453393      -5.72858008446    
  -1170.92968573       814.567728795       2206.60389645    
HW              27
     8.266261036        -12.39442511         2.551470646    
 -0.321843371489       4.86293036691       3.77233521409    
  -3744.15774595       2372.27170834       879.301786907    
OW              28
     10.73055353         10.29856261        -1.192963882    
  -1.49788248230     -0.914408409411     -0.629878971959    
  -3766.96766566       12786.5272381       11066.4057986    
HW              29
     10.71133193         9.578897373        -1.812812638    
  -8.07879583325      -11.9863827764       12.4291304563    
   1894.13126133      -8585.03585275      -8271.12341096    
HW              30
     11.62633607         10.61441392        -1.210615611    
  0.940403297879      -8.22694165025      -7.73963083997    
   2307.86366944      -115.034156386      -3152.13269022    
OW              31
     5.663417715         7.063036339        -3.793340031    
  -1.82845907374     -0.243576485334E-01  -2.68174561881    
   5032.07117093      -1250.19826869      -10510.9317882    
HW              32
     4.977160663         7.136815647        -3.140570645    
   4.38807106850      -12.7578008011       5.29289654637    
  -2074.87908926       88.8844869280       5775.15652795    
HW              33
     5.227668082         7.205569857        -4.625389576    
  -12.6757720335      0.122198460220E-01   3.00532696158    
  -1632.43074066       315.017158566       32.7669777023    
OW              34
     5.902542944         4.561135779       -0.9683502856    
  -6.28038241373       2.42086868537      -2.29554781434    
   5806.99997667      -11440.9087710       962.799970507    
HW              35
     5.467388577         3.921250086        -1.519428298    
 -0.270331614072       4.40678833647      -9.34729245521    
  -1894.17333084       1146.40964157      -404.606317787    
HW              36
     5.356694408         5.337281879        -1.014681698    
  -4.55563986146       3.33610359636      -7.28335582747    
  -2886.27765466       8008.13055002      -1401.95789319    
OW              37
     10.99829320         8.626812481        0.9254531994    
   2.11776519769      -1.42241756955     -0.378646029692    
  -838.056967509      -118.347180536       11282.7953238    
HW              38
     10.89601939         7.794920931        0.4782435009    
   1.48587053518      -4.07857526850       4.70680142645    
   1544.28250940      -5015.66583237      -4018.99318321    
HW              39
     11.01807809         9.277244473        0.2333211496    
   8.23967455276      -6.18565611260      -4.67990829204    
  -1270.04768860       2441.85942858      -6203.98369954    
OW              40
     5.172664640         8.358557348         1.983951736    
   3.19501445926      0.706427723802       1.85030614335    
   7924.07659358       7292.67217597       10817.8439516    
HW              41
     4.379434609         8.041041615         1.568656811    
   2.34596963320      -6.88038114629       9.27254717210    
  -5295.30909620      -3461.01516440      -4747.14246606    
HW              42
     5.798762069         7.649967070         1.892290290    
  0.770637773210      -3.77495316281       19.9338842282    
   2594.69027286      -2996.92313500      -2496.56808997    
OW              43
     5.160775776         12.57811457       -0.2098944769    
  0.299073837409      -2.22081685423       2.65567638483    
  -7786.27271917      -3298.00123969      -9968.94412969    
HW              44
     5.367335845        -12.24471813        0.6385524544    
  -5.57904482455      -9.42266163513       7.26243071426    
   5171.50933146       2018.10366341       6490.81463385    
HW              45
     5.988444432         12.55279106       -0.6755373735    
   4.51569810724      -3.44705662801       10.2173088220    
   3080.86517454       271.710357882       1535.21894820    
OW              46
     8.056791478         7.553725678        -2.692137278    
  0.103584864059      0.509683589695E-01   5.22756566941    
   18253.3302329      -4150.76171441       1557.35672888    
HW              47
     7.357081116         7.305973030        -3.285031900    
   13.3362013384       6.76063223311      -13.1928002073    
  -11420.5110343       111.142799949      -3120.93306372    
HW              48
     7.639732735         8.095003963        -2.032152569    
  -15.7336693715      -12.4058472677       5.43596209007    
  -7301.73986324       4475.72559718       2834.88689427    
OW              49
     7.814709243         7.129737218         1.380712585    
   1.80514958762      -3.00097488743     -0.240797775968    
  -5420.15664159       5229.54846148       1007.67232308    
HW              50
     8.176651750         6.489553680        0.7793286318    
   1.12061676899      -9.10033150464       5.84008641470    
   1506.65275318      -4699.99419009      -3465.94099925    
HW              51
     8.263096582         6.974909046         2.203802509    
   13.0002303074       14.7369786906      -3.00282591938    
   1978.85991667      -615.866104793       705.495462536    
OW              52
     6.544112280         10.51797776         3.231747535    
  -1.02768973458      -1.33782974358       3.51922773776    
  -3706.71570618       15031.9988497       3819.38995490    
HW              53
     5.976393411         9.768442383         3.096130399    
  -6.52635307495       7.28604508422      -21.1251823336    
  -1951.78105405      -6732.91394898      -3838.82913483    
HW              54
     7.421083105         10.15622496         3.282315061    
  -4.19399541446      -9.96568641580      -3.29134070966    
   5735.58222073      -6453.08229755      -2825.51968846    
OW              55
     9.117179276         9.753106830         2.574447610    
 -0.365016405804       2.99452516569      -3.77648386527    
  -9291.55945201      -1636.05809553       9749.73132478    
HW              56
     9.620430081         9.165117227         2.023533049    
  -8.12862312372       1.57205319213      -9.35020220234    
   7042.34044165      -1794.66645429      -4892.48669133    
HW              57
     9.445501198         10.62123261         2.371809161    
  0.785931450447       1.94216676851      -6.42009884877    
   3060.38688246       3026.85769618      -2693.59941256    
OW              58
     10.71092693         8.007440917        -2.477066923    
   4.77663586513     -0.949290581178E-01   2.80435273897    
   11117.6470644       8691.29272782      -4537.18414226    
HW              59
     9.818976860         7.813835434        -2.740585414    
   9.40840689586      -11.9410443599      -4.16986597716    
  -9065.93265499      -3685.81929475      -1010.89606437    
HW              60
     10.88951396         7.412655812        -1.758152920    
   6.28827320127       3.81604452949       5.66454187139    
  -693.245608541      -6855.63124388       3465.94960034    
