2.000000E-02 -1.689967E+02
4.000000E-02 -2.640228E+02
6.000000E-02 -3.325671E+02
8.000000E-02 -3.102379E+02
1.000000E-01 -3.670745E+02
1.200000E-01 -4.173851E+02
1.400000E-01 -3.965490E+02
1.600000E-01 -4.378855E+02
1.800000E-01 -4.509814E+02
2.000000E-01 -4.814891E+02
2.200000E-01 -5.267540E+02
2.400000E-01 -5.445440E+02
2.600000E-01 -5.541039E+02
2.800000E-01 -6.007212E+02
3.000000E-01 -6.205973E+02
3.200000E-01 -6.457986E+02
3.400000E-01 -6.558364E+02
3.600000E-01 -6.705952E+02
3.800000E-01 -6.809559E+02
4.000000E-01 -6.861934E+02
4.200000E-01 -6.965346E+02
4.400000E-01 -7.109084E+02
4.600000E-01 -7.209272E+02
4.800000E-01 -7.197627E+02
5.000000E-01 -7.308781E+02
5.200000E-01 -7.348978E+02
5.400000E-01 -7.401865E+02
5.600000E-01 -7.441893E+02
5.800000E-01 -7.499700E+02
6.000000E-01 -7.516388E+02
6.200000E-01 -7.519428E+02
6.400000E-01 -7.540639E+02
6.600000E-01 -7.569427E+02
6.800000E-01 -7.602124E+02
7.000000E-01 -7.615487E+02
7.200000E-01 -7.638290E+02
7.400000E-01 -7.651627E+02
7.600000E-01 -7.662084E+02
7.800000E-01 -7.676938E+02
8.000000E-01 -7.681661E+02
8.200000E-01 -7.687285E+02
8.400000E-01 -7.687645E+02
8.600000E-01 -7.689670E+02
8.800000E-01 -7.675734E+02
9.000000E-01 -7.685808E+02
9.200000E-01 -7.677834E+02
9.400000E-01 -7.669901E+02
9.600000E-01 -7.659306E+02
9.800000E-01 -7.664983E+02
1.000000E+00 -7.667867E+02
1.020000E+00 -7.679022E+02
1.040000E+00 -7.646576E+02
1.060000E+00 -7.628244E+02
1.080000E+00 -7.620195E+02
1.100000E+00 -7.629802E+02
1.120000E+00 -7.606031E+02
1.140000E+00 -7.570908E+02
1.160000E+00 -7.556115E+02
1.180000E+00 -7.537609E+02
1.200000E+00 -7.523430E+02
1.220000E+00 -7.513784E+02
1.240000E+00 -7.461709E+02
1.260000E+00 -7.392526E+02
1.280000E+00 -7.393564E+02
1.300000E+00 -7.313113E+02
1.320000E+00 -7.217628E+02
1.340000E+00 -7.000068E+02
1.360000E+00 -6.850492E+02
1.380000E+00 -6.670420E+02
1.400000E+00 -6.638983E+02
1.420000E+00 -6.339189E+02
1.440000E+00 -6.194646E+02
1.460000E+00 -5.979991E+02
1.480000E+00 -5.781757E+02
1.500000E+00 -5.688915E+02
1.520000E+00 -5.660765E+02
1.540000E+00 -5.776256E+02
1.560000E+00 -5.859832E+02
1.580000E+00 -5.846266E+02
1.600000E+00 -5.967469E+02
1.620000E+00 -5.780960E+02
1.640000E+00 -6.010455E+02
1.660000E+00 -5.968408E+02
1.680000E+00 -5.989114E+02
1.700000E+00 -5.979957E+02
1.720000E+00 -6.059417E+02
1.740000E+00 -6.173436E+02
1.760000E+00 -6.250788E+02
1.780000E+00 -6.369277E+02
1.800000E+00 -6.550669E+02
1.820000E+00 -6.593424E+02
1.840000E+00 -6.760422E+02
1.860000E+00 -6.732957E+02
1.880000E+00 -6.788693E+02
1.900000E+00 -6.890236E+02
1.920000E+00 -6.929765E+02
1.940000E+00 -6.958619E+02
1.960000E+00 -6.949209E+02
1.980000E+00 -6.984777E+02
2.000000E+00 -7.025970E+02
2.020000E+00 -7.027460E+02
2.040000E+00 -7.063397E+02
2.060000E+00 -7.073919E+02
2.080000E+00 -7.075714E+02
2.100000E+00 -7.118791E+02
2.120000E+00 -7.140634E+02
2.140000E+00 -7.116133E+02
2.160000E+00 -7.180745E+02
2.180000E+00 -7.192050E+02
2.200000E+00 -7.163510E+02
2.220000E+00 -7.214220E+02
2.240000E+00 -7.222999E+02
2.260000E+00 -7.166610E+02
2.280000E+00 -7.184959E+02
2.300000E+00 -7.174172E+02
2.320000E+00 -7.211055E+02
2.340000E+00 -7.239634E+02
2.360000E+00 -7.213591E+02
2.380000E+00 -7.204060E+02
2.400000E+00 -7.170633E+02
2.420000E+00 -7.098514E+02
2.440000E+00 -7.071603E+02
2.460000E+00 -7.020121E+02
2.480000E+00 -7.020894E+02
2.500000E+00 -6.973830E+02
2.520000E+00 -6.944655E+02
2.540000E+00 -6.855020E+02
2.560000E+00 -6.876284E+02
2.580000E+00 -6.811806E+02
2.600000E+00 -6.708290E+02
2.620000E+00 -6.731270E+02
2.640000E+00 -6.653918E+02
2.660000E+00 -6.661637E+02
2.680000E+00 -6.667262E+02
2.700000E+00 -6.573975E+02
2.720000E+00 -6.514253E+02
2.740000E+00 -6.382133E+02
2.760000E+00 -6.444681E+02
2.780000E+00 -6.515643E+02
2.800000E+00 -6.320689E+02
2.820000E+00 -6.277701E+02
2.840000E+00 -6.247867E+02
2.860000E+00 -6.433542E+02
2.880000E+00 -6.433046E+02
2.900000E+00 -6.563149E+02
2.920000E+00 -6.350027E+02
2.940000E+00 -6.432257E+02
2.960000E+00 -6.374840E+02
2.980000E+00 -6.410825E+02
3.000000E+00 -6.484389E+02
3.020000E+00 -6.593246E+02
3.040000E+00 -6.760490E+02
3.060000E+00 -6.716546E+02
3.080000E+00 -6.826466E+02
3.100000E+00 -6.790603E+02
3.120000E+00 -6.832304E+02
3.140000E+00 -6.820336E+02
3.160000E+00 -6.903833E+02
3.180000E+00 -6.982115E+02
3.200000E+00 -7.054800E+02
3.220000E+00 -7.166613E+02
3.240000E+00 -7.195576E+02
3.260000E+00 -7.162595E+02
3.280000E+00 -7.188163E+02
3.300000E+00 -7.300721E+02
3.320000E+00 -7.315818E+02
3.340000E+00 -7.287984E+02
3.360000E+00 -7.239945E+02
3.380000E+00 -7.344557E+02
3.400000E+00 -7.365124E+02
3.420000E+00 -7.396113E+02
3.440000E+00 -7.380180E+02
3.460000E+00 -7.429176E+02
3.480000E+00 -7.494825E+02
3.500000E+00 -7.506487E+02
3.520000E+00 -7.515820E+02
3.540000E+00 -7.509284E+02
3.560000E+00 -7.460179E+02
3.580000E+00 -7.389238E+02
3.600000E+00 -7.343058E+02
3.620000E+00 -7.354133E+02
3.640000E+00 -7.332100E+02
3.660000E+00 -7.353617E+02
3.680000E+00 -7.410992E+02
3.700000E+00 -7.385122E+02
3.720000E+00 -7.449694E+02
3.740000E+00 -7.420020E+02
3.760000E+00 -7.340517E+02
3.780000E+00 -7.356889E+02
3.800000E+00 -7.230916E+02
3.820000E+00 -7.238856E+02
3.840000E+00 -7.341585E+02
3.860000E+00 -7.247373E+02
3.880000E+00 -7.286429E+02
3.900000E+00 -7.200899E+02
3.920000E+00 -7.275595E+02
3.940000E+00 -7.255831E+02
3.960000E+00 -7.092149E+02
3.980000E+00 -7.086562E+02
4.000000E+00 -7.054252E+02
4.020000E+00 -7.124254E+02
4.040000E+00 -6.948571E+02
4.060000E+00 -7.043215E+02
4.080000E+00 -6.827768E+02
4.100000E+00 -6.724853E+02
4.120000E+00 -6.903272E+02
4.140000E+00 -6.832308E+02
4.160000E+00 -6.764679E+02
4.180000E+00 -6.896938E+02
4.200000E+00 -7.065044E+02
4.220000E+00 -6.899205E+02
4.240000E+00 -6.873933E+02
4.260000E+00 -6.902181E+02
4.280000E+00 -6.966636E+02
4.300000E+00 -6.868865E+02
4.320000E+00 -6.842030E+02
4.340000E+00 -6.815988E+02
4.360000E+00 -6.888845E+02
4.380000E+00 -7.075452E+02
4.400000E+00 -6.979812E+02
4.420000E+00 -7.011372E+02
4.440000E+00 -7.234856E+02
4.460000E+00 -7.106885E+02
4.480000E+00 -7.191827E+02
4.500000E+00 -7.102849E+02
4.520000E+00 -7.234525E+02
4.540000E+00 -7.212377E+02
4.560000E+00 -7.309587E+02
4.580000E+00 -7.227401E+02
4.600000E+00 -7.273950E+02
4.620000E+00 -7.207909E+02
4.640000E+00 -7.273491E+02
4.660000E+00 -7.295217E+02
4.680000E+00 -7.292639E+02
4.700000E+00 -7.371400E+02
4.720000E+00 -7.387936E+02
4.740000E+00 -7.284773E+02
4.760000E+00 -7.221021E+02
4.780000E+00 -7.302715E+02
4.800000E+00 -7.389508E+02
4.820000E+00 -7.358217E+02
4.840000E+00 -7.254546E+02
4.860000E+00 -7.323565E+02
4.880000E+00 -7.336898E+02
4.900000E+00 -7.421193E+02
4.920000E+00 -7.452004E+02
4.940000E+00 -7.392479E+02
4.960000E+00 -7.403979E+02
4.980000E+00 -7.361183E+02
5.000000E+00 -7.245486E+02
5.020000E+00 -7.305068E+02
5.040000E+00 -7.204021E+02
5.060000E+00 -7.276221E+02
5.080000E+00 -7.285768E+02
5.100000E+00 -7.189271E+02
5.120000E+00 -7.253268E+02
5.140000E+00 -7.091855E+02
5.160000E+00 -7.184424E+02
5.180000E+00 -7.179779E+02
5.200000E+00 -7.144573E+02
5.220000E+00 -6.928288E+02
5.240000E+00 -7.095574E+02
5.260000E+00 -6.978682E+02
5.280000E+00 -7.045338E+02
5.300000E+00 -7.187420E+02
5.320000E+00 -7.008809E+02
5.340000E+00 -6.959647E+02
5.360000E+00 -7.058194E+02
5.380000E+00 -7.041421E+02
5.400000E+00 -6.930027E+02
5.420000E+00 -6.878719E+02
5.440000E+00 -6.908930E+02
5.460000E+00 -6.922958E+02
5.480000E+00 -6.852808E+02
5.500000E+00 -6.950226E+02
5.520000E+00 -6.824125E+02
5.540000E+00 -6.821541E+02
5.560000E+00 -6.812899E+02
5.580000E+00 -6.800555E+02
5.600000E+00 -6.750556E+02
5.620000E+00 -6.982935E+02
5.640000E+00 -6.838861E+02
5.660000E+00 -6.827228E+02
5.680000E+00 -7.128794E+02
5.700000E+00 -6.923207E+02
5.720000E+00 -7.141379E+02
5.740000E+00 -6.990992E+02
5.760000E+00 -7.118489E+02
5.780000E+00 -7.264866E+02
5.800000E+00 -7.227522E+02
5.820000E+00 -7.182457E+02
5.840000E+00 -7.096640E+02
5.860000E+00 -7.314925E+02
5.880000E+00 -7.082056E+02
5.900000E+00 -7.212587E+02
5.920000E+00 -7.273332E+02
5.940000E+00 -7.333799E+02
5.960000E+00 -7.237738E+02
5.980000E+00 -7.287113E+02
6.000000E+00 -7.358666E+02
6.020000E+00 -7.410353E+02
6.040000E+00 -7.460215E+02
6.060000E+00 -7.444667E+02
6.080000E+00 -7.420495E+02
6.100000E+00 -7.446280E+02
6.120000E+00 -7.347397E+02
6.140000E+00 -7.460573E+02
6.160000E+00 -7.514778E+02
6.180000E+00 -7.486800E+02
6.200000E+00 -7.448217E+02
6.220000E+00 -7.431855E+02
6.240000E+00 -7.482909E+02
6.260000E+00 -7.424117E+02
6.280000E+00 -7.494986E+02
6.300000E+00 -7.512921E+02
6.320000E+00 -7.494867E+02
6.340000E+00 -7.516195E+02
6.360000E+00 -7.454991E+02
6.380000E+00 -7.431701E+02
6.400000E+00 -7.414600E+02
6.420000E+00 -7.445904E+02
6.440000E+00 -7.436049E+02
6.460000E+00 -7.353527E+02
6.480000E+00 -7.352810E+02
6.500000E+00 -7.307191E+02
6.520000E+00 -7.257845E+02
6.540000E+00 -7.236350E+02
6.560000E+00 -7.202640E+02
6.580000E+00 -7.204154E+02
6.600000E+00 -7.254949E+02
6.620000E+00 -7.071507E+02
6.640000E+00 -7.175901E+02
6.660000E+00 -7.218476E+02
6.680000E+00 -7.094921E+02
6.700000E+00 -6.992874E+02
6.720000E+00 -6.921232E+02
6.740000E+00 -7.056550E+02
6.760000E+00 -7.024743E+02
6.780000E+00 -6.930095E+02
6.800000E+00 -6.794889E+02
6.820000E+00 -7.005103E+02
6.840000E+00 -6.865568E+02
6.860000E+00 -6.925987E+02
6.880000E+00 -7.093800E+02
6.900000E+00 -6.856543E+02
6.920000E+00 -6.992958E+02
6.940000E+00 -6.885000E+02
6.960000E+00 -6.806783E+02
6.980000E+00 -6.792912E+02
7.000000E+00 -6.847255E+02
7.020000E+00 -6.859995E+02
7.040000E+00 -6.849595E+02
7.060000E+00 -6.832245E+02
7.080000E+00 -6.932765E+02
7.100000E+00 -6.954635E+02
7.120000E+00 -6.896589E+02
7.140000E+00 -6.863251E+02
7.160000E+00 -7.003244E+02
7.180000E+00 -7.059210E+02
7.200000E+00 -7.163670E+02
7.220000E+00 -7.206409E+02
7.240000E+00 -7.176903E+02
7.260000E+00 -7.132576E+02
7.280000E+00 -7.202238E+02
7.300000E+00 -7.164124E+02
7.320000E+00 -7.227539E+02
7.340000E+00 -7.188556E+02
7.360000E+00 -7.229764E+02
7.380000E+00 -7.248749E+02
7.400000E+00 -7.310184E+02
7.420000E+00 -7.226762E+02
7.440000E+00 -7.355364E+02
7.460000E+00 -7.248548E+02
7.480000E+00 -7.382502E+02
7.500000E+00 -7.316114E+02
7.520000E+00 -7.433264E+02
7.540000E+00 -7.436017E+02
7.560000E+00 -7.484476E+02
7.580000E+00 -7.475803E+02
7.600000E+00 -7.526997E+02
7.620000E+00 -7.383103E+02
7.640000E+00 -7.473151E+02
7.660000E+00 -7.421883E+02
7.680000E+00 -7.452162E+02
7.700000E+00 -7.528452E+02
7.720000E+00 -7.410747E+02
7.740000E+00 -7.449078E+02
7.760000E+00 -7.461299E+02
7.780000E+00 -7.451174E+02
7.800000E+00 -7.394954E+02
7.820000E+00 -7.429121E+02
7.840000E+00 -7.308202E+02
7.860000E+00 -7.313866E+02
7.880000E+00 -7.405285E+02
7.900000E+00 -7.361212E+02
7.920000E+00 -7.388386E+02
7.940000E+00 -7.424515E+02
7.960000E+00 -7.327009E+02
7.980000E+00 -7.353223E+02
8.000000E+00 -7.379223E+02
8.020000E+00 -7.361861E+02
8.040000E+00 -7.163492E+02
8.060000E+00 -7.134820E+02
8.080000E+00 -7.237362E+02
8.100000E+00 -7.142480E+02
8.120000E+00 -7.071849E+02
8.140000E+00 -7.173374E+02
8.160000E+00 -6.958465E+02
8.180000E+00 -7.137477E+02
8.200000E+00 -7.244933E+02
8.220000E+00 -7.056473E+02
8.240000E+00 -6.983239E+02
8.260000E+00 -7.163980E+02
8.280000E+00 -6.996248E+02
8.300000E+00 -7.101504E+02
8.320000E+00 -6.923734E+02
8.340000E+00 -6.964469E+02
8.360000E+00 -6.881503E+02
8.380000E+00 -6.937638E+02
8.400000E+00 -6.880755E+02
8.420000E+00 -7.027697E+02
8.440000E+00 -6.920072E+02
8.460000E+00 -6.990657E+02
8.480000E+00 -6.961131E+02
8.500000E+00 -7.080666E+02
8.520000E+00 -6.983639E+02
8.540000E+00 -6.958507E+02
8.560000E+00 -6.930028E+02
8.580000E+00 -6.875506E+02
8.600000E+00 -6.810239E+02
8.620000E+00 -7.011288E+02
8.640000E+00 -6.950423E+02
8.660000E+00 -6.956307E+02
8.680000E+00 -7.104889E+02
8.700000E+00 -7.082762E+02
8.720000E+00 -7.190616E+02
8.740000E+00 -7.235402E+02
8.760000E+00 -7.303160E+02
8.780000E+00 -7.273916E+02
8.800000E+00 -7.294994E+02
8.820000E+00 -7.350103E+02
8.840000E+00 -7.286755E+02
8.860000E+00 -7.255315E+02
8.880000E+00 -7.162529E+02
8.900000E+00 -7.179082E+02
8.920000E+00 -7.231638E+02
8.940000E+00 -7.218494E+02
8.960000E+00 -7.295182E+02
8.980000E+00 -7.244560E+02
9.000000E+00 -7.359635E+02
9.020000E+00 -7.231488E+02
9.040000E+00 -7.344245E+02
9.060000E+00 -7.329881E+02
9.080000E+00 -7.366909E+02
9.100000E+00 -7.212350E+02
9.120000E+00 -7.337859E+02
9.140000E+00 -7.308813E+02
9.160000E+00 -7.354646E+02
9.180000E+00 -7.359320E+02
9.200000E+00 -7.439760E+02
9.220000E+00 -7.371413E+02
9.240000E+00 -7.423818E+02
9.260000E+00 -7.310231E+02
9.280000E+00 -7.385844E+02
9.300000E+00 -7.341916E+02
9.320000E+00 -7.342861E+02
9.340000E+00 -7.230973E+02
9.360000E+00 -7.167859E+02
9.380000E+00 -7.162904E+02
9.400000E+00 -7.177641E+02
9.420000E+00 -7.233452E+02
9.440000E+00 -7.229600E+02
9.460000E+00 -7.159356E+02
9.480000E+00 -7.199244E+02
9.500000E+00 -7.209935E+02
9.520000E+00 -7.093393E+02
9.540000E+00 -7.177826E+02
9.560000E+00 -7.147539E+02
9.580000E+00 -7.004614E+02
9.600000E+00 -7.089464E+02
9.620000E+00 -7.008734E+02
9.640000E+00 -7.069556E+02
9.660000E+00 -7.102662E+02
9.680000E+00 -7.027182E+02
9.700000E+00 -7.148954E+02
9.720000E+00 -7.069555E+02
9.740000E+00 -6.947431E+02
9.760000E+00 -7.147504E+02
9.780000E+00 -7.044452E+02
9.800000E+00 -7.049326E+02
9.820000E+00 -6.839540E+02
9.840000E+00 -6.941231E+02
9.860000E+00 -7.074332E+02
9.880000E+00 -7.013836E+02
9.900000E+00 -6.980736E+02
9.920000E+00 -7.047167E+02
9.940000E+00 -6.981663E+02
9.960000E+00 -7.061555E+02
9.980000E+00 -6.991830E+02
1.000000E+01 -7.147523E+02
1.002000E+01 -7.040614E+02
1.004000E+01 -7.205163E+02
1.006000E+01 -7.132918E+02
1.008000E+01 -7.039613E+02
1.010000E+01 -7.210307E+02
1.012000E+01 -7.226790E+02
1.014000E+01 -7.262932E+02
1.016000E+01 -7.307996E+02
1.018000E+01 -7.262145E+02
1.020000E+01 -7.152841E+02
1.022000E+01 -7.190119E+02
1.024000E+01 -7.310749E+02
1.026000E+01 -7.383405E+02
1.028000E+01 -7.209466E+02
1.030000E+01 -7.426791E+02
1.032000E+01 -7.356460E+02
1.034000E+01 -7.419153E+02
1.036000E+01 -7.306769E+02
1.038000E+01 -7.433245E+02
1.040000E+01 -7.421379E+02
1.042000E+01 -7.451529E+02
1.044000E+01 -7.486915E+02
1.046000E+01 -7.361220E+02
1.048000E+01 -7.427127E+02
1.050000E+01 -7.404718E+02
1.052000E+01 -7.377540E+02
1.054000E+01 -7.374393E+02
1.056000E+01 -7.377902E+02
1.058000E+01 -7.520898E+02
1.060000E+01 -7.363409E+02
1.062000E+01 -7.385003E+02
1.064000E+01 -7.431233E+02
1.066000E+01 -7.478748E+02
1.068000E+01 -7.384497E+02
1.070000E+01 -7.274001E+02
1.072000E+01 -7.308764E+02
1.074000E+01 -7.309445E+02
1.076000E+01 -7.297012E+02
1.078000E+01 -7.290184E+02
1.080000E+01 -7.181515E+02
1.082000E+01 -7.297961E+02
1.084000E+01 -7.230990E+02
1.086000E+01 -7.208144E+02
1.088000E+01 -7.216804E+02
1.090000E+01 -7.309041E+02
1.092000E+01 -7.241098E+02
1.094000E+01 -7.145149E+02
1.096000E+01 -7.137297E+02
1.098000E+01 -7.181965E+02
1.100000E+01 -7.143667E+02
1.102000E+01 -7.244433E+02
1.104000E+01 -7.171344E+02
1.106000E+01 -7.096581E+02
1.108000E+01 -7.005991E+02
1.110000E+01 -6.955216E+02
1.112000E+01 -6.968636E+02
1.114000E+01 -6.870140E+02
1.116000E+01 -6.901144E+02
1.118000E+01 -6.877010E+02
1.120000E+01 -7.129932E+02
1.122000E+01 -7.085635E+02
1.124000E+01 -7.077054E+02
1.126000E+01 -6.955076E+02
1.128000E+01 -6.942727E+02
1.130000E+01 -7.212095E+02
1.132000E+01 -6.969764E+02
1.134000E+01 -7.012202E+02
1.136000E+01 -7.150981E+02
1.138000E+01 -6.979569E+02
1.140000E+01 -7.085473E+02
1.142000E+01 -7.102790E+02
1.144000E+01 -7.095113E+02
1.146000E+01 -7.111116E+02
1.148000E+01 -6.936534E+02
1.150000E+01 -7.348336E+02
1.152000E+01 -7.253209E+02
1.154000E+01 -7.254000E+02
1.156000E+01 -7.209265E+02
1.158000E+01 -7.323531E+02
1.160000E+01 -7.305446E+02
1.162000E+01 -7.212402E+02
1.164000E+01 -7.303954E+02
1.166000E+01 -7.302761E+02
1.168000E+01 -7.470474E+02
1.170000E+01 -7.518752E+02
1.172000E+01 -7.389533E+02
1.174000E+01 -7.418958E+02
1.176000E+01 -7.467187E+02
1.178000E+01 -7.383306E+02
1.180000E+01 -7.385709E+02
1.182000E+01 -7.450216E+02
1.184000E+01 -7.327707E+02
1.186000E+01 -7.297037E+02
1.188000E+01 -7.286857E+02
1.190000E+01 -7.342141E+02
1.192000E+01 -7.383767E+02
1.194000E+01 -7.440566E+02
1.196000E+01 -7.360240E+02
1.198000E+01 -7.458146E+02
1.200000E+01 -7.427217E+02
1.202000E+01 -7.506038E+02
1.204000E+01 -7.455715E+02
1.206000E+01 -7.467267E+02
1.208000E+01 -7.353497E+02
1.210000E+01 -7.328911E+02
1.212000E+01 -7.226361E+02
1.214000E+01 -7.358914E+02
1.216000E+01 -7.317456E+02
1.218000E+01 -7.212843E+02
1.220000E+01 -7.143235E+02
1.222000E+01 -7.212481E+02
1.224000E+01 -7.108887E+02
1.226000E+01 -7.171669E+02
1.228000E+01 -7.046217E+02
1.230000E+01 -7.105658E+02
1.232000E+01 -7.129899E+02
1.234000E+01 -6.996994E+02
1.236000E+01 -7.104546E+02
1.238000E+01 -7.071117E+02
1.240000E+01 -7.006647E+02
1.242000E+01 -6.993102E+02
1.244000E+01 -7.060654E+02
1.246000E+01 -6.889708E+02
1.248000E+01 -6.914628E+02
1.250000E+01 -7.026763E+02
1.252000E+01 -6.894992E+02
1.254000E+01 -6.940541E+02
1.256000E+01 -6.949742E+02
1.258000E+01 -6.870501E+02
1.260000E+01 -6.877277E+02
1.262000E+01 -6.911469E+02
1.264000E+01 -7.038677E+02
1.266000E+01 -6.972599E+02
1.268000E+01 -6.956678E+02
1.270000E+01 -7.210100E+02
1.272000E+01 -7.018213E+02
1.274000E+01 -7.039692E+02
1.276000E+01 -7.075645E+02
1.278000E+01 -7.096447E+02
1.280000E+01 -7.159045E+02
1.282000E+01 -7.066436E+02
1.284000E+01 -7.229468E+02
1.286000E+01 -7.034444E+02
1.288000E+01 -7.182154E+02
1.290000E+01 -7.223759E+02
1.292000E+01 -7.079011E+02
1.294000E+01 -7.154505E+02
1.296000E+01 -7.199418E+02
1.298000E+01 -7.125183E+02
1.300000E+01 -7.227479E+02
1.302000E+01 -7.153318E+02
1.304000E+01 -7.236705E+02
1.306000E+01 -7.244409E+02
1.308000E+01 -7.290967E+02
1.310000E+01 -7.418783E+02
1.312000E+01 -7.466021E+02
1.314000E+01 -7.326321E+02
1.316000E+01 -7.349213E+02
1.318000E+01 -7.306336E+02
1.320000E+01 -7.347761E+02
1.322000E+01 -7.343018E+02
1.324000E+01 -7.325970E+02
1.326000E+01 -7.426856E+02
1.328000E+01 -7.396823E+02
1.330000E+01 -7.397663E+02
1.332000E+01 -7.473825E+02
1.334000E+01 -7.555793E+02
1.336000E+01 -7.407912E+02
1.338000E+01 -7.368063E+02
1.340000E+01 -7.401019E+02
1.342000E+01 -7.335406E+02
1.344000E+01 -7.356378E+02
1.346000E+01 -7.308668E+02
1.348000E+01 -7.457980E+02
1.350000E+01 -7.350930E+02
1.352000E+01 -7.354094E+02
1.354000E+01 -7.247595E+02
1.356000E+01 -7.339497E+02
1.358000E+01 -7.293746E+02
1.360000E+01 -7.423238E+02
1.362000E+01 -7.166687E+02
1.364000E+01 -7.434775E+02
1.366000E+01 -7.279273E+02
1.368000E+01 -7.180371E+02
1.370000E+01 -7.207803E+02
1.372000E+01 -7.277822E+02
1.374000E+01 -7.058909E+02
1.376000E+01 -7.258379E+02
1.378000E+01 -7.152750E+02
1.380000E+01 -7.233014E+02
1.382000E+01 -7.263881E+02
1.384000E+01 -7.310259E+02
1.386000E+01 -7.322593E+02
1.388000E+01 -7.221696E+02
1.390000E+01 -7.141789E+02
1.392000E+01 -7.172748E+02
1.394000E+01 -7.123775E+02
1.396000E+01 -7.224744E+02
1.398000E+01 -7.149441E+02
1.400000E+01 -7.206615E+02
1.402000E+01 -7.019077E+02
1.404000E+01 -7.153274E+02
1.406000E+01 -7.190089E+02
1.408000E+01 -7.106934E+02
1.410000E+01 -7.111197E+02
1.412000E+01 -7.366419E+02
1.414000E+01 -7.200982E+02
1.416000E+01 -7.230472E+02
1.418000E+01 -7.251460E+02
1.420000E+01 -7.413348E+02
1.422000E+01 -7.208182E+02
1.424000E+01 -7.249646E+02
1.426000E+01 -7.200470E+02
1.428000E+01 -7.234261E+02
1.430000E+01 -7.245263E+02
1.432000E+01 -7.206757E+02
1.434000E+01 -7.376946E+02
1.436000E+01 -7.406536E+02
1.438000E+01 -7.371241E+02
1.440000E+01 -7.422021E+02
1.442000E+01 -7.385088E+02
1.444000E+01 -7.441536E+02
1.446000E+01 -7.411621E+02
1.448000E+01 -7.397536E+02
1.450000E+01 -7.434224E+02
1.452000E+01 -7.435163E+02
1.454000E+01 -7.352136E+02
1.456000E+01 -7.513365E+02
1.458000E+01 -7.482701E+02
1.460000E+01 -7.427443E+02
1.462000E+01 -7.450240E+02
1.464000E+01 -7.506295E+02
1.466000E+01 -7.517793E+02
1.468000E+01 -7.465102E+02
1.470000E+01 -7.468068E+02
1.472000E+01 -7.439748E+02
1.474000E+01 -7.515480E+02
1.476000E+01 -7.548453E+02
1.478000E+01 -7.475600E+02
1.480000E+01 -7.598266E+02
1.482000E+01 -7.520352E+02
1.484000E+01 -7.519718E+02
1.486000E+01 -7.546186E+02
1.488000E+01 -7.474635E+02
1.490000E+01 -7.498706E+02
1.492000E+01 -7.424898E+02
1.494000E+01 -7.393893E+02
1.496000E+01 -7.341782E+02
1.498000E+01 -7.377232E+02
1.500000E+01 -7.415388E+02
1.502000E+01 -7.405455E+02
1.504000E+01 -7.578540E+02
1.506000E+01 -7.430700E+02
1.508000E+01 -7.420356E+02
1.510000E+01 -7.377975E+02
1.512000E+01 -7.371298E+02
1.514000E+01 -7.323571E+02
1.516000E+01 -7.342075E+02
1.518000E+01 -7.319687E+02
1.520000E+01 -7.218631E+02
1.522000E+01 -7.191681E+02
1.524000E+01 -7.207346E+02
1.526000E+01 -7.142867E+02
1.528000E+01 -7.137377E+02
1.530000E+01 -7.257793E+02
1.532000E+01 -7.186169E+02
1.534000E+01 -7.200882E+02
1.536000E+01 -7.223335E+02
1.538000E+01 -7.190083E+02
1.540000E+01 -7.089596E+02
1.542000E+01 -7.163902E+02
1.544000E+01 -7.121628E+02
1.546000E+01 -7.028751E+02
1.548000E+01 -7.181607E+02
1.550000E+01 -7.179181E+02
1.552000E+01 -7.161711E+02
1.554000E+01 -7.088127E+02
1.556000E+01 -7.127306E+02
1.558000E+01 -7.131073E+02
1.560000E+01 -7.073773E+02
1.562000E+01 -7.180125E+02
1.564000E+01 -7.097252E+02
1.566000E+01 -7.260266E+02
1.568000E+01 -7.169528E+02
1.570000E+01 -7.107239E+02
1.572000E+01 -7.294424E+02
1.574000E+01 -7.135785E+02
1.576000E+01 -7.305203E+02
1.578000E+01 -7.170730E+02
1.580000E+01 -7.232801E+02
1.582000E+01 -7.211582E+02
1.584000E+01 -7.341501E+02
1.586000E+01 -7.384032E+02
1.588000E+01 -7.273989E+02
1.590000E+01 -7.378989E+02
1.592000E+01 -7.276625E+02
1.594000E+01 -7.449690E+02
1.596000E+01 -7.366481E+02
1.598000E+01 -7.351493E+02
1.600000E+01 -7.425593E+02
1.602000E+01 -7.527619E+02
1.604000E+01 -7.485561E+02
1.606000E+01 -7.525489E+02
1.608000E+01 -7.654409E+02
1.610000E+01 -7.546965E+02
1.612000E+01 -7.428585E+02
1.614000E+01 -7.483699E+02
1.616000E+01 -7.498937E+02
1.618000E+01 -7.511325E+02
1.620000E+01 -7.467576E+02
1.622000E+01 -7.497469E+02
1.624000E+01 -7.505066E+02
1.626000E+01 -7.502967E+02
1.628000E+01 -7.566567E+02
1.630000E+01 -7.508609E+02
1.632000E+01 -7.591776E+02
1.634000E+01 -7.672569E+02
1.636000E+01 -7.646490E+02
1.638000E+01 -7.513843E+02
1.640000E+01 -7.510407E+02
1.642000E+01 -7.582155E+02
1.644000E+01 -7.520169E+02
1.646000E+01 -7.571242E+02
1.648000E+01 -7.515947E+02
1.650000E+01 -7.473086E+02
1.652000E+01 -7.388962E+02
1.654000E+01 -7.316809E+02
1.656000E+01 -7.393125E+02
1.658000E+01 -7.363821E+02
1.660000E+01 -7.383452E+02
1.662000E+01 -7.314531E+02
1.664000E+01 -7.250336E+02
1.666000E+01 -7.260861E+02
1.668000E+01 -7.244179E+02
1.670000E+01 -7.417899E+02
1.672000E+01 -7.353921E+02
1.674000E+01 -7.164415E+02
1.676000E+01 -7.360993E+02
1.678000E+01 -7.246824E+02
1.680000E+01 -7.239238E+02
1.682000E+01 -7.129641E+02
1.684000E+01 -7.270675E+02
1.686000E+01 -7.162747E+02
1.688000E+01 -7.183979E+02
1.690000E+01 -7.043369E+02
1.692000E+01 -7.061244E+02
1.694000E+01 -7.088816E+02
1.696000E+01 -7.035347E+02
1.698000E+01 -7.017928E+02
1.700000E+01 -6.992859E+02
1.702000E+01 -6.985001E+02
1.704000E+01 -7.126992E+02
1.706000E+01 -7.075086E+02
1.708000E+01 -7.020405E+02
1.710000E+01 -7.171671E+02
1.712000E+01 -7.126214E+02
1.714000E+01 -7.296856E+02
1.716000E+01 -7.114564E+02
1.718000E+01 -7.115590E+02
1.720000E+01 -7.202723E+02
1.722000E+01 -7.279773E+02
1.724000E+01 -7.232486E+02
1.726000E+01 -7.300214E+02
1.728000E+01 -7.302172E+02
1.730000E+01 -7.265866E+02
1.732000E+01 -7.228957E+02
1.734000E+01 -7.311678E+02
1.736000E+01 -7.424629E+02
1.738000E+01 -7.362505E+02
1.740000E+01 -7.384169E+02
1.742000E+01 -7.374322E+02
1.744000E+01 -7.387855E+02
1.746000E+01 -7.418472E+02
1.748000E+01 -7.512897E+02
1.750000E+01 -7.399086E+02
1.752000E+01 -7.512326E+02
1.754000E+01 -7.439280E+02
1.756000E+01 -7.405618E+02
1.758000E+01 -7.477774E+02
1.760000E+01 -7.454970E+02
1.762000E+01 -7.503585E+02
1.764000E+01 -7.486616E+02
1.766000E+01 -7.435082E+02
1.768000E+01 -7.559092E+02
1.770000E+01 -7.560937E+02
1.772000E+01 -7.453009E+02
1.774000E+01 -7.452580E+02
1.776000E+01 -7.440299E+02
1.778000E+01 -7.559523E+02
1.780000E+01 -7.431146E+02
1.782000E+01 -7.421091E+02
1.784000E+01 -7.451756E+02
1.786000E+01 -7.372226E+02
1.788000E+01 -7.466801E+02
1.790000E+01 -7.385295E+02
1.792000E+01 -7.391363E+02
1.794000E+01 -7.345778E+02
1.796000E+01 -7.280671E+02
1.798000E+01 -7.311307E+02
1.800000E+01 -7.330658E+02
1.802000E+01 -7.311432E+02
1.804000E+01 -7.199393E+02
1.806000E+01 -7.271667E+02
1.808000E+01 -7.220746E+02
1.810000E+01 -7.126574E+02
1.812000E+01 -7.187056E+02
1.814000E+01 -7.139416E+02
1.816000E+01 -7.150579E+02
1.818000E+01 -7.101414E+02
1.820000E+01 -7.180468E+02
1.822000E+01 -7.180583E+02
1.824000E+01 -7.108723E+02
1.826000E+01 -6.887616E+02
1.828000E+01 -6.901746E+02
1.830000E+01 -6.933370E+02
1.832000E+01 -7.046259E+02
1.834000E+01 -6.968252E+02
1.836000E+01 -6.786160E+02
1.838000E+01 -6.932220E+02
1.840000E+01 -6.904220E+02
1.842000E+01 -7.063666E+02
1.844000E+01 -7.052964E+02
1.846000E+01 -6.896969E+02
1.848000E+01 -6.979682E+02
1.850000E+01 -6.956178E+02
1.852000E+01 -7.062470E+02
1.854000E+01 -6.886141E+02
1.856000E+01 -6.905738E+02
1.858000E+01 -6.847518E+02
1.860000E+01 -7.119574E+02
1.862000E+01 -7.072027E+02
1.864000E+01 -7.117761E+02
1.866000E+01 -7.168482E+02
1.868000E+01 -7.130420E+02
1.870000E+01 -7.196527E+02
1.872000E+01 -7.347848E+02
1.874000E+01 -7.210343E+02
1.876000E+01 -7.317589E+02
1.878000E+01 -7.247409E+02
1.880000E+01 -7.433072E+02
1.882000E+01 -7.298092E+02
1.884000E+01 -7.398914E+02
1.886000E+01 -7.455831E+02
1.888000E+01 -7.328464E+02
1.890000E+01 -7.426794E+02
1.892000E+01 -7.378510E+02
1.894000E+01 -7.447729E+02
1.896000E+01 -7.433431E+02
1.898000E+01 -7.421485E+02
1.900000E+01 -7.504225E+02
1.902000E+01 -7.541575E+02
1.904000E+01 -7.515258E+02
1.906000E+01 -7.516767E+02
1.908000E+01 -7.523697E+02
1.910000E+01 -7.538392E+02
1.912000E+01 -7.459566E+02
1.914000E+01 -7.518795E+02
1.916000E+01 -7.428169E+02
1.918000E+01 -7.408837E+02
1.920000E+01 -7.483367E+02
1.922000E+01 -7.460608E+02
1.924000E+01 -7.500152E+02
1.926000E+01 -7.409169E+02
1.928000E+01 -7.365283E+02
1.930000E+01 -7.456530E+02
1.932000E+01 -7.454337E+02
1.934000E+01 -7.291196E+02
1.936000E+01 -7.253481E+02
1.938000E+01 -7.425792E+02
1.940000E+01 -7.316834E+02
1.942000E+01 -7.153122E+02
1.944000E+01 -7.192219E+02
1.946000E+01 -7.172518E+02
1.948000E+01 -7.146210E+02
1.950000E+01 -7.140194E+02
1.952000E+01 -7.151355E+02
1.954000E+01 -7.163867E+02
1.956000E+01 -7.190923E+02
1.958000E+01 -7.081810E+02
1.960000E+01 -7.169295E+02
1.962000E+01 -7.106356E+02
1.964000E+01 -7.138724E+02
1.966000E+01 -6.947834E+02
1.968000E+01 -7.074481E+02
1.970000E+01 -6.968811E+02
1.972000E+01 -6.895271E+02
1.974000E+01 -6.926945E+02
1.976000E+01 -6.952531E+02
1.978000E+01 -6.913006E+02
1.980000E+01 -6.903397E+02
1.982000E+01 -6.949544E+02
1.984000E+01 -7.154659E+02
1.986000E+01 -7.130833E+02
1.988000E+01 -7.079845E+02
1.990000E+01 -7.032162E+02
1.992000E+01 -7.265944E+02
1.994000E+01 -6.970320E+02
1.996000E+01 -6.992371E+02
1.998000E+01 -7.049718E+02
2.000000E+01 -7.188285E+02
