amber                                                                           
         3       179
OW      OW      
  2.513966E-02  0.000000E+00
  7.541899E-02  0.000000E+00
  1.256983E-01  0.000000E+00
  1.759777E-01  0.000000E+00
  2.262570E-01  0.000000E+00
  2.765363E-01  0.000000E+00
  3.268156E-01  0.000000E+00
  3.770950E-01  0.000000E+00
  4.273743E-01  0.000000E+00
  4.776536E-01  0.000000E+00
  5.279330E-01  0.000000E+00
  5.782123E-01  0.000000E+00
  6.284916E-01  0.000000E+00
  6.787709E-01  0.000000E+00
  7.290503E-01  0.000000E+00
  7.793296E-01  0.000000E+00
  8.296089E-01  0.000000E+00
  8.798883E-01  0.000000E+00
  9.301676E-01  0.000000E+00
  9.804469E-01  0.000000E+00
  1.030726E+00  0.000000E+00
  1.081006E+00  0.000000E+00
  1.131285E+00  0.000000E+00
  1.181564E+00  0.000000E+00
  1.231844E+00  0.000000E+00
  1.282123E+00  0.000000E+00
  1.332402E+00  0.000000E+00
  1.382682E+00  0.000000E+00
  1.432961E+00  0.000000E+00
  1.483240E+00  0.000000E+00
  1.533520E+00  0.000000E+00
  1.583799E+00  0.000000E+00
  1.634078E+00  0.000000E+00
  1.684358E+00  0.000000E+00
  1.734637E+00  0.000000E+00
  1.784916E+00  0.000000E+00
  1.835196E+00  0.000000E+00
  1.885475E+00  0.000000E+00
  1.935754E+00  0.000000E+00
  1.986034E+00  0.000000E+00
  2.036313E+00  0.000000E+00
  2.086592E+00  0.000000E+00
  2.136872E+00  0.000000E+00
  2.187151E+00  0.000000E+00
  2.237430E+00  0.000000E+00
  2.287709E+00  0.000000E+00
  2.337989E+00  0.000000E+00
  2.388268E+00  0.000000E+00
  2.438547E+00  2.128812E-02
  2.488827E+00  4.087342E-02
  2.539106E+00  7.854149E-01
  2.589385E+00  6.853535E+00
  2.639665E+00  2.668862E+01
  2.689944E+00  6.132025E+01
  2.740223E+00  8.503662E+01
  2.790503E+00  8.440595E+01
  2.840782E+00  6.768753E+01
  2.891061E+00  5.031403E+01
  2.941341E+00  3.649306E+01
  2.991620E+00  2.254656E+01
  3.041899E+00  1.673177E+01
  3.092179E+00  1.322640E+01
  3.142458E+00  1.106312E+01
  3.192737E+00  1.060566E+01
  3.243017E+00  1.049602E+01
  3.293296E+00  9.909523E+00
  3.343575E+00  1.016860E+01
  3.393855E+00  1.124336E+01
  3.444134E+00  1.076808E+01
  3.494413E+00  1.103064E+01
  3.544693E+00  1.185843E+01
  3.594972E+00  1.223431E+01
  3.645251E+00  1.189914E+01
  3.695531E+00  1.141071E+01
  3.745810E+00  1.058315E+01
  3.796089E+00  1.165754E+01
  3.846369E+00  1.199651E+01
  3.896648E+00  1.175563E+01
  3.946927E+00  1.197811E+01
  3.997207E+00  1.216991E+01
  4.047486E+00  1.258809E+01
  4.097765E+00  1.246955E+01
  4.148045E+00  1.257375E+01
  4.198324E+00  1.265505E+01
  4.248603E+00  1.239236E+01
  4.298883E+00  1.241244E+01
  4.349162E+00  1.242828E+01
  4.399441E+00  1.205426E+01
  4.449721E+00  1.150847E+01
  4.500000E+00  1.207793E+01
  4.550279E+00  1.172078E+01
  4.600559E+00  1.141216E+01
  4.650838E+00  1.071610E+01
  4.701117E+00  1.066568E+01
  4.751397E+00  1.048040E+01
  4.801676E+00  1.018519E+01
  4.851955E+00  1.000746E+01
  4.902235E+00  9.049951E+00
  4.952514E+00  9.006485E+00
  5.002793E+00  8.942698E+00
  5.053073E+00  8.359070E+00
  5.103352E+00  8.938862E+00
  5.153631E+00  8.588943E+00
  5.203911E+00  7.806718E+00
  5.254190E+00  8.047803E+00
  5.304469E+00  7.329073E+00
  5.354749E+00  7.726303E+00
  5.405028E+00  7.362231E+00
  5.455307E+00  6.810279E+00
  5.505587E+00  6.678106E+00
  5.555866E+00  6.635706E+00
  5.606145E+00  6.549438E+00
  5.656425E+00  6.374172E+00
  5.706704E+00  6.017451E+00
  5.756983E+00  5.718000E+00
  5.807263E+00  5.611909E+00
  5.857542E+00  5.372086E+00
  5.907821E+00  5.364459E+00
  5.958101E+00  5.791391E+00
  6.008380E+00  5.417841E+00
  6.058659E+00  5.624883E+00
  6.108939E+00  5.529282E+00
  6.159218E+00  5.222469E+00
  6.209497E+00  5.624154E+00
  6.259777E+00  5.634321E+00
  6.310056E+00  5.217410E+00
  6.360335E+00  5.263550E+00
  6.410615E+00  5.172068E+00
  6.460894E+00  5.122209E+00
  6.511173E+00  5.073268E+00
  6.561453E+00  5.128135E+00
  6.611732E+00  4.824558E+00
  6.662011E+00  4.777680E+00
  6.712291E+00  4.723232E+00
  6.762570E+00  4.722463E+00
  6.812849E+00  4.543919E+00
  6.863128E+00  4.488336E+00
  6.913408E+00  4.105447E+00
  6.963687E+00  3.962839E+00
  7.013966E+00  4.225314E+00
  7.064246E+00  3.952293E+00
  7.114525E+00  3.629016E+00
  7.164804E+00  3.541270E+00
  7.215084E+00  3.049496E+00
  7.265363E+00  2.909106E+00
  7.315642E+00  2.833774E+00
  7.365922E+00  2.508232E+00
  7.416201E+00  2.476639E+00
  7.466480E+00  2.179981E+00
  7.516760E+00  2.327918E+00
  7.567039E+00  1.885865E+00
  7.617318E+00  2.022502E+00
  7.667598E+00  2.036976E+00
  7.717877E+00  1.938263E+00
  7.768156E+00  1.695075E+00
  7.818436E+00  1.600860E+00
  7.868715E+00  1.447569E+00
  7.918994E+00  1.453470E+00
  7.969274E+00  1.411268E+00
  8.019553E+00  1.299144E+00
  8.069832E+00  1.216911E+00
  8.120112E+00  1.244127E+00
  8.170391E+00  1.335060E+00
  8.220670E+00  1.260707E+00
  8.270950E+00  1.197312E+00
  8.321229E+00  1.139008E+00
  8.371508E+00  9.501498E-01
  8.421788E+00  1.013803E+00
  8.472067E+00  1.033553E+00
  8.522346E+00  8.889260E-01
  8.572626E+00  7.803408E-01
  8.622905E+00  7.695646E-01
  8.673184E+00  7.673995E-01
  8.723464E+00  6.687472E-01
  8.773743E+00  7.268860E-01
  8.824022E+00  6.422111E-01
  8.874302E+00  6.060199E-01
  8.924581E+00  5.928531E-01
  8.974860E+00  5.626542E-01
OW      HW      
  2.513966E-02  0.000000E+00
  7.541899E-02  0.000000E+00
  1.256983E-01  0.000000E+00
  1.759777E-01  0.000000E+00
  2.262570E-01  0.000000E+00
  2.765363E-01  0.000000E+00
  3.268156E-01  0.000000E+00
  3.770950E-01  0.000000E+00
  4.273743E-01  0.000000E+00
  4.776536E-01  0.000000E+00
  5.279330E-01  0.000000E+00
  5.782123E-01  0.000000E+00
  6.284916E-01  0.000000E+00
  6.787709E-01  0.000000E+00
  7.290503E-01  0.000000E+00
  7.793296E-01  0.000000E+00
  8.296089E-01  0.000000E+00
  8.798883E-01  0.000000E+00
  9.301676E-01  0.000000E+00
  9.804469E-01  0.000000E+00
  1.030726E+00  0.000000E+00
  1.081006E+00  0.000000E+00
  1.131285E+00  0.000000E+00
  1.181564E+00  0.000000E+00
  1.231844E+00  0.000000E+00
  1.282123E+00  0.000000E+00
  1.332402E+00  0.000000E+00
  1.382682E+00  0.000000E+00
  1.432961E+00  0.000000E+00
  1.483240E+00  0.000000E+00
  1.533520E+00  1.345667E-02
  1.583799E+00  1.640068E-01
  1.634078E+00  1.919951E+00
  1.684358E+00  9.146777E+00
  1.734637E+00  2.421101E+01
  1.784916E+00  3.897801E+01
  1.835196E+00  4.286655E+01
  1.885475E+00  3.899078E+01
  1.935754E+00  2.961870E+01
  1.986034E+00  2.144656E+01
  2.036313E+00  1.537105E+01
  2.086592E+00  1.093218E+01
  2.136872E+00  7.706958E+00
  2.187151E+00  5.279361E+00
  2.237430E+00  4.071212E+00
  2.287709E+00  3.229067E+00
  2.337989E+00  2.697984E+00
  2.388268E+00  2.052932E+00
  2.438547E+00  2.001083E+00
  2.488827E+00  1.926160E+00
  2.539106E+00  2.297339E+00
  2.589385E+00  2.690437E+00
  2.639665E+00  3.492776E+00
  2.689944E+00  4.937986E+00
  2.740223E+00  6.857384E+00
  2.790503E+00  9.120135E+00
  2.840782E+00  1.181983E+01
  2.891061E+00  1.535396E+01
  2.941341E+00  1.889401E+01
  2.991620E+00  2.382665E+01
  3.041899E+00  2.773808E+01
  3.092179E+00  2.990174E+01
  3.142458E+00  3.115428E+01
  3.192737E+00  3.044469E+01
  3.243017E+00  2.774162E+01
  3.293296E+00  2.654795E+01
  3.343575E+00  2.419005E+01
  3.393855E+00  2.315440E+01
  3.444134E+00  2.103992E+01
  3.494413E+00  2.024962E+01
  3.544693E+00  1.897650E+01
  3.594972E+00  1.810168E+01
  3.645251E+00  1.679361E+01
  3.695531E+00  1.539427E+01
  3.745810E+00  1.389659E+01
  3.796089E+00  1.286546E+01
  3.846369E+00  1.225963E+01
  3.896648E+00  1.184317E+01
  3.946927E+00  1.167338E+01
  3.997207E+00  1.097550E+01
  4.047486E+00  1.096918E+01
  4.097765E+00  1.093348E+01
  4.148045E+00  1.058726E+01
  4.198324E+00  1.034058E+01
  4.248603E+00  1.036379E+01
  4.298883E+00  1.007483E+01
  4.349162E+00  9.890085E+00
  4.399441E+00  9.961281E+00
  4.449721E+00  9.858920E+00
  4.500000E+00  9.591392E+00
  4.550279E+00  9.455499E+00
  4.600559E+00  9.155749E+00
  4.650838E+00  8.897406E+00
  4.701117E+00  9.124825E+00
  4.751397E+00  8.906095E+00
  4.801676E+00  8.691732E+00
  4.851955E+00  8.903738E+00
  4.902235E+00  8.847144E+00
  4.952514E+00  8.738097E+00
  5.002793E+00  8.703703E+00
  5.053073E+00  8.517724E+00
  5.103352E+00  8.471018E+00
  5.153631E+00  8.488850E+00
  5.203911E+00  8.291716E+00
  5.254190E+00  8.236961E+00
  5.304469E+00  8.314381E+00
  5.354749E+00  8.204230E+00
  5.405028E+00  8.054471E+00
  5.455307E+00  7.833309E+00
  5.505587E+00  7.556200E+00
  5.555866E+00  7.258059E+00
  5.606145E+00  7.203979E+00
  5.656425E+00  7.021085E+00
  5.706704E+00  6.782265E+00
  5.756983E+00  6.530629E+00
  5.807263E+00  6.410527E+00
  5.857542E+00  6.373818E+00
  5.907821E+00  6.158791E+00
  5.958101E+00  5.982178E+00
  6.008380E+00  5.785167E+00
  6.058659E+00  5.639540E+00
  6.108939E+00  5.466526E+00
  6.159218E+00  5.455228E+00
  6.209497E+00  5.236734E+00
  6.259777E+00  5.249869E+00
  6.310056E+00  5.182436E+00
  6.360335E+00  5.118818E+00
  6.410615E+00  5.016505E+00
  6.460894E+00  4.734783E+00
  6.511173E+00  4.718677E+00
  6.561453E+00  4.552543E+00
  6.611732E+00  4.380038E+00
  6.662011E+00  4.203646E+00
  6.712291E+00  4.051696E+00
  6.762570E+00  4.137691E+00
  6.812849E+00  3.928199E+00
  6.863128E+00  3.827852E+00
  6.913408E+00  3.777674E+00
  6.963687E+00  3.555591E+00
  7.013966E+00  3.477778E+00
  7.064246E+00  3.354882E+00
  7.114525E+00  3.308882E+00
  7.164804E+00  3.165195E+00
  7.215084E+00  3.026394E+00
  7.265363E+00  2.967863E+00
  7.315642E+00  2.868664E+00
  7.365922E+00  2.883883E+00
  7.416201E+00  2.759749E+00
  7.466480E+00  2.630170E+00
  7.516760E+00  2.571576E+00
  7.567039E+00  2.366174E+00
  7.617318E+00  2.278860E+00
  7.667598E+00  2.249072E+00
  7.717877E+00  2.065780E+00
  7.768156E+00  2.042796E+00
  7.818436E+00  1.912541E+00
  7.868715E+00  1.777770E+00
  7.918994E+00  1.676537E+00
  7.969274E+00  1.589171E+00
  8.019553E+00  1.492539E+00
  8.069832E+00  1.458447E+00
  8.120112E+00  1.394843E+00
  8.170391E+00  1.324155E+00
  8.220670E+00  1.240101E+00
  8.270950E+00  1.243576E+00
  8.321229E+00  1.155463E+00
  8.371508E+00  1.111820E+00
  8.421788E+00  1.030759E+00
  8.472067E+00  9.753493E-01
  8.522346E+00  9.368583E-01
  8.572626E+00  8.806826E-01
  8.622905E+00  8.512882E-01
  8.673184E+00  8.103133E-01
  8.723464E+00  7.860275E-01
  8.773743E+00  7.605991E-01
  8.824022E+00  7.755308E-01
  8.874302E+00  6.916182E-01
  8.924581E+00  6.846420E-01
  8.974860E+00  6.113756E-01
HW      HW      
  2.513966E-02  0.000000E+00
  7.541899E-02  0.000000E+00
  1.256983E-01  0.000000E+00
  1.759777E-01  0.000000E+00
  2.262570E-01  0.000000E+00
  2.765363E-01  0.000000E+00
  3.268156E-01  0.000000E+00
  3.770950E-01  0.000000E+00
  4.273743E-01  0.000000E+00
  4.776536E-01  0.000000E+00
  5.279330E-01  0.000000E+00
  5.782123E-01  0.000000E+00
  6.284916E-01  0.000000E+00
  6.787709E-01  0.000000E+00
  7.290503E-01  0.000000E+00
  7.793296E-01  0.000000E+00
  8.296089E-01  0.000000E+00
  8.798883E-01  0.000000E+00
  9.301676E-01  0.000000E+00
  9.804469E-01  0.000000E+00
  1.030726E+00  0.000000E+00
  1.081006E+00  0.000000E+00
  1.131285E+00  0.000000E+00
  1.181564E+00  0.000000E+00
  1.231844E+00  0.000000E+00
  1.282123E+00  0.000000E+00
  1.332402E+00  0.000000E+00
  1.382682E+00  0.000000E+00
  1.432961E+00  0.000000E+00
  1.483240E+00  0.000000E+00
  1.533520E+00  1.345667E-02
  1.583799E+00  0.000000E+00
  1.634078E+00  0.000000E+00
  1.684358E+00  3.346382E-02
  1.734637E+00  1.998302E-01
  1.784916E+00  4.271291E-01
  1.835196E+00  1.221537E+00
  1.885475E+00  2.875348E+00
  1.935754E+00  4.763316E+00
  1.986034E+00  6.868035E+00
  2.036313E+00  1.012016E+01
  2.086592E+00  1.410135E+01
  2.136872E+00  1.750699E+01
  2.187151E+00  2.063450E+01
  2.237430E+00  2.402900E+01
  2.287709E+00  2.649770E+01
  2.337989E+00  2.774987E+01
  2.388268E+00  2.827498E+01
  2.438547E+00  2.848882E+01
  2.488827E+00  2.751803E+01
  2.539106E+00  2.615432E+01
  2.589385E+00  2.460570E+01
  2.639665E+00  2.165158E+01
  2.689944E+00  1.950264E+01
  2.740223E+00  1.668616E+01
  2.790503E+00  1.451337E+01
  2.840782E+00  1.298455E+01
  2.891061E+00  1.163947E+01
  2.941341E+00  1.137664E+01
  2.991620E+00  1.077468E+01
  3.041899E+00  1.061640E+01
  3.092179E+00  1.090947E+01
  3.142458E+00  1.120734E+01
  3.192737E+00  1.151533E+01
  3.243017E+00  1.219319E+01
  3.293296E+00  1.237523E+01
  3.343575E+00  1.291457E+01
  3.393855E+00  1.383714E+01
  3.444134E+00  1.422049E+01
  3.494413E+00  1.527857E+01
  3.544693E+00  1.639223E+01
  3.594972E+00  1.711481E+01
  3.645251E+00  1.726995E+01
  3.695531E+00  1.777420E+01
  3.745810E+00  1.773332E+01
  3.796089E+00  1.793873E+01
  3.846369E+00  1.727173E+01
  3.896648E+00  1.668507E+01
  3.946927E+00  1.534239E+01
  3.997207E+00  1.384961E+01
  4.047486E+00  1.340720E+01
  4.097765E+00  1.224715E+01
  4.148045E+00  1.136898E+01
  4.198324E+00  1.097262E+01
  4.248603E+00  1.081439E+01
  4.298883E+00  1.043275E+01
  4.349162E+00  1.062293E+01
  4.399441E+00  1.020165E+01
  4.449721E+00  1.040078E+01
  4.500000E+00  9.880525E+00
  4.550279E+00  9.935458E+00
  4.600559E+00  1.001704E+01
  4.650838E+00  9.933316E+00
  4.701117E+00  9.736297E+00
  4.751397E+00  9.573386E+00
  4.801676E+00  9.283352E+00
  4.851955E+00  8.892983E+00
  4.902235E+00  9.027563E+00
  4.952514E+00  8.536806E+00
  5.002793E+00  8.210540E+00
  5.053073E+00  8.019452E+00
  5.103352E+00  7.901099E+00
  5.153631E+00  7.872801E+00
  5.203911E+00  7.410539E+00
  5.254190E+00  7.488355E+00
  5.304469E+00  7.257087E+00
  5.354749E+00  7.183255E+00
  5.405028E+00  6.937570E+00
  5.455307E+00  6.870895E+00
  5.505587E+00  6.930780E+00
  5.555866E+00  6.822309E+00
  5.606145E+00  6.920008E+00
  5.656425E+00  6.855894E+00
  5.706704E+00  6.734647E+00
  5.756983E+00  6.711107E+00
  5.807263E+00  6.509064E+00
  5.857542E+00  6.522325E+00
  5.907821E+00  6.289366E+00
  5.958101E+00  6.133739E+00
  6.008380E+00  6.100769E+00
  6.058659E+00  6.011141E+00
  6.108939E+00  5.885462E+00
  6.159218E+00  5.684649E+00
  6.209497E+00  5.499391E+00
  6.259777E+00  5.473594E+00
  6.310056E+00  5.314382E+00
  6.360335E+00  5.246339E+00
  6.410615E+00  4.991092E+00
  6.460894E+00  4.809084E+00
  6.511173E+00  4.641786E+00
  6.561453E+00  4.539311E+00
  6.611732E+00  4.362663E+00
  6.662011E+00  4.186532E+00
  6.712291E+00  4.006037E+00
  6.762570E+00  4.020737E+00
  6.812849E+00  3.834784E+00
  6.863128E+00  3.775443E+00
  6.913408E+00  3.594915E+00
  6.963687E+00  3.485106E+00
  7.013966E+00  3.329815E+00
  7.064246E+00  3.369469E+00
  7.114525E+00  3.176952E+00
  7.164804E+00  3.060387E+00
  7.215084E+00  2.980189E+00
  7.265363E+00  2.796986E+00
  7.315642E+00  2.752167E+00
  7.365922E+00  2.622560E+00
  7.416201E+00  2.530154E+00
  7.466480E+00  2.542744E+00
  7.516760E+00  2.388972E+00
  7.567039E+00  2.280504E+00
  7.617318E+00  2.241770E+00
  7.667598E+00  2.153790E+00
  7.717877E+00  2.132195E+00
  7.768156E+00  2.092096E+00
  7.818436E+00  1.932733E+00
  7.868715E+00  1.983251E+00
  7.918994E+00  1.806744E+00
  7.969274E+00  1.801459E+00
  8.019553E+00  1.710539E+00
  8.069832E+00  1.593065E+00
  8.120112E+00  1.525399E+00
  8.170391E+00  1.519010E+00
  8.220670E+00  1.474260E+00
  8.270950E+00  1.366638E+00
  8.321229E+00  1.276128E+00
  8.371508E+00  1.248201E+00
  8.421788E+00  1.179349E+00
  8.472067E+00  1.148196E+00
  8.522346E+00  1.042745E+00
  8.572626E+00  9.857616E-01
  8.622905E+00  9.296068E-01
  8.673184E+00  9.419998E-01
  8.723464E+00  8.500742E-01
  8.773743E+00  8.161023E-01
  8.824022E+00  7.519560E-01
  8.874302E+00  7.201510E-01
  8.924581E+00  7.037150E-01
  8.974860E+00  6.817074E-01
