  2.8165E+00 -1.0567E+01  2.9718E-01
  2.5654E+00 -1.0659E+01  3.4569E-01
  2.5450E+00 -1.0894E+01  2.5247E-01
  2.6373E+00 -1.1141E+01  1.9157E-01
  2.8653E+00 -1.1238E+01  1.5963E-01
  3.1698E+00 -1.1282E+01  2.0409E-01
  3.3531E+00 -1.1445E+01  2.5461E-01
  3.4312E+00 -1.1694E+01  2.3764E-01
  3.6485E+00 -1.1801E+01  1.9460E-01
  3.8229E+00 -1.1958E+01  1.7561E-01
  3.9924E+00 -1.2068E+01  1.4650E-01
  4.1377E+00 -1.2018E+01  1.5627E-01
  4.1811E+00 -1.2070E+01  1.7696E-01
  4.2677E+00 -1.2178E+01  1.7757E-01
  4.3401E+00 -1.2259E+01  1.8652E-01
  4.4010E+00 -1.2277E+01  1.5780E-01
  4.4224E+00 -1.2252E+01  5.6251E-02
  4.4069E+00 -1.2177E+01 -6.9927E-02
  4.3593E+00 -1.2121E+01 -1.7072E-01
  4.3774E+00 -1.2175E+01 -2.7636E-01
  4.3888E+00 -1.2237E+01 -3.2585E-01
  4.3389E+00 -1.2221E+01 -4.5010E-01
  4.4178E+00 -1.2217E+01 -6.7313E-01
  4.6220E+00 -1.2230E+01 -8.1344E-01
  4.7659E+00 -1.2277E+01 -9.1627E-01
  4.9767E+00 -1.2536E+01 -1.0438E+00
  5.3635E+00  1.2415E+01 -9.6513E-01
  5.7921E+00  1.2222E+01 -9.5294E-01
  6.2066E+00  1.2066E+01 -8.9350E-01
  6.7281E+00  1.1834E+01 -7.4760E-01
  6.9789E+00  1.1438E+01 -9.8915E-01
  7.3047E+00  1.1170E+01 -1.1059E+00
  7.3048E+00  1.0875E+01 -1.1428E+00
  7.1332E+00  1.0567E+01 -1.0822E+00
  6.9567E+00  1.0398E+01 -9.8022E-01
  6.7833E+00  1.0204E+01 -9.1210E-01
  6.7425E+00  9.9765E+00 -8.9698E-01
  6.7809E+00  9.8383E+00 -6.8144E-01
  6.6886E+00  9.6995E+00 -6.3534E-01
  6.5579E+00  9.6468E+00 -5.4664E-01
  6.5248E+00  9.6615E+00 -5.8591E-01
  6.6547E+00  9.7490E+00 -6.1936E-01
  6.6520E+00  9.8791E+00 -6.2784E-01
  6.5449E+00  1.0025E+01 -5.4129E-01
  6.3916E+00  1.0156E+01 -3.0743E-01
  6.3049E+00  1.0366E+01 -2.0890E-01
  6.2614E+00  1.0666E+01 -3.2214E-01
  6.2905E+00  1.0939E+01 -4.5744E-01
  6.3749E+00  1.0979E+01 -6.1368E-01
  6.6325E+00  1.1011E+01 -7.6273E-01
  6.6791E+00  1.1116E+01 -9.8839E-01
  6.6088E+00  1.1385E+01 -1.0240E+00
  6.4640E+00  1.1661E+01 -1.0623E+00
  6.1731E+00  1.1940E+01 -1.0765E+00
  5.7838E+00  1.2202E+01 -8.7718E-01
  5.2338E+00  1.2389E+01 -7.8644E-01
  4.7022E+00  1.2538E+01 -7.4550E-01
  4.2603E+00  1.2410E+01 -5.6464E-01
  3.9891E+00  1.1997E+01 -1.8948E-01
  3.7105E+00  1.1388E+01  1.0667E-02
  3.6591E+00  1.1426E+01  1.8130E-02
  3.6992E+00  1.1691E+01  5.5060E-02
  3.7866E+00  1.1771E+01  3.0297E-02
  3.9520E+00  1.1698E+01 -9.1655E-02
  4.0681E+00  1.1591E+01 -1.7047E-01
  3.9736E+00  1.1785E+01 -1.7253E-01
  3.9551E+00  1.1966E+01 -2.2112E-01
  3.9720E+00  1.2073E+01 -2.1696E-01
  3.9370E+00  1.2155E+01 -2.6141E-01
  4.0160E+00  1.2095E+01 -3.3248E-01
  4.1660E+00  1.1966E+01 -3.9647E-01
  4.2168E+00  1.1712E+01 -5.1865E-01
  4.2268E+00  1.1682E+01 -5.8462E-01
  4.2427E+00  1.1770E+01 -6.1749E-01
  4.2501E+00  1.1631E+01 -6.8412E-01
  4.3109E+00  1.1368E+01 -8.1634E-01
  4.3119E+00  1.1203E+01 -8.4248E-01
  4.2258E+00  1.1363E+01 -8.1268E-01
  4.1918E+00  1.1322E+01 -8.0927E-01
  4.2446E+00  1.1209E+01 -6.3468E-01
  4.2442E+00  1.1294E+01 -7.5150E-01
  4.2545E+00  1.1503E+01 -9.5979E-01
  4.4689E+00  1.1631E+01 -8.5600E-01
  4.6977E+00  1.1606E+01 -7.1026E-01
  4.6751E+00  1.1791E+01 -6.8386E-01
  4.7094E+00  1.2048E+01 -6.0808E-01
  4.8147E+00  1.2188E+01 -4.2978E-01
  4.8820E+00  1.2232E+01 -3.8407E-01
  4.9646E+00  1.2280E+01 -4.6729E-01
  5.1078E+00  1.2324E+01 -4.1151E-01
  5.1880E+00  1.2348E+01 -4.6360E-01
  5.2930E+00  1.2299E+01 -6.7955E-01
  5.5084E+00  1.2173E+01 -8.0134E-01
  5.7369E+00  1.2087E+01 -7.9544E-01
  5.8815E+00  1.1864E+01 -9.3706E-01
  6.0942E+00  1.1786E+01 -1.0556E+00
  6.4317E+00  1.1779E+01 -9.9741E-01
  6.5429E+00  1.1522E+01 -8.5208E-01
  6.4010E+00  1.1552E+01 -8.1472E-01
  6.2736E+00  1.1613E+01 -8.9173E-01
  6.2335E+00  1.1565E+01 -8.9452E-01
  6.4143E+00  1.1905E+01 -7.8952E-01
  6.5045E+00  1.2059E+01 -7.3541E-01
  6.5201E+00  1.2318E+01 -7.7220E-01
  6.6096E+00  1.2470E+01 -7.5052E-01
  6.6856E+00  1.2316E+01 -7.9764E-01
  6.8248E+00  1.2201E+01 -9.7821E-01
  7.0100E+00  1.2120E+01 -1.0624E+00
  6.9693E+00  1.2072E+01 -1.0299E+00
  6.8838E+00  1.2137E+01 -1.1372E+00
  6.8273E+00  1.2042E+01 -1.0773E+00
  6.7217E+00  1.1812E+01 -8.5875E-01
  6.7878E+00  1.1640E+01 -6.5916E-01
  6.9096E+00  1.1556E+01 -7.7965E-01
  6.6968E+00  1.1675E+01 -9.6404E-01
  6.5668E+00  1.1928E+01 -1.0655E+00
  6.4874E+00  1.2015E+01 -1.0807E+00
  6.4103E+00  1.1931E+01 -1.1405E+00
  6.3381E+00  1.2018E+01 -1.2329E+00
  6.3801E+00  1.2084E+01 -1.2285E+00
  6.5772E+00  1.2250E+01 -1.2810E+00
  6.7586E+00  1.2195E+01 -1.2944E+00
  6.8745E+00  1.2004E+01 -1.1247E+00
  6.8006E+00  1.1921E+01 -7.8901E-01
  6.6497E+00  1.1871E+01 -5.3835E-01
  6.6811E+00  1.1741E+01 -6.3216E-01
  6.7216E+00  1.1808E+01 -7.6180E-01
  6.5392E+00  1.1789E+01 -8.0397E-01
  6.4575E+00  1.2020E+01 -8.5228E-01
  6.5204E+00  1.2102E+01 -8.9504E-01
  6.6142E+00  1.2131E+01 -8.8133E-01
  6.5568E+00  1.2292E+01 -8.6144E-01
  6.3459E+00  1.2367E+01 -8.4461E-01
  6.1730E+00  1.2228E+01 -8.1631E-01
  6.1946E+00  1.2016E+01 -8.1340E-01
  6.2527E+00  1.1857E+01 -7.8962E-01
  6.2901E+00  1.1641E+01 -7.7319E-01
  6.4288E+00  1.1550E+01 -8.4346E-01
  6.6477E+00  1.1610E+01 -1.0063E+00
  6.7967E+00  1.1723E+01 -1.1035E+00
  6.8543E+00  1.1937E+01 -1.0597E+00
  6.8209E+00  1.2050E+01 -1.0122E+00
  6.7121E+00  1.2052E+01 -9.7839E-01
  6.5904E+00  1.1974E+01 -9.6134E-01
  6.4388E+00  1.1937E+01 -9.0791E-01
  6.2585E+00  1.1997E+01 -8.4736E-01
  6.0676E+00  1.2110E+01 -9.4162E-01
  5.9904E+00  1.2132E+01 -1.0521E+00
  6.0776E+00  1.2148E+01 -9.8791E-01
  6.1816E+00  1.2464E+01 -8.0140E-01
  6.1638E+00  1.2313E+01 -7.9199E-01
  6.2236E+00  1.2182E+01 -7.6838E-01
  6.3029E+00  1.2358E+01 -7.0233E-01
  6.3520E+00  1.2194E+01 -6.5262E-01
  6.4577E+00  1.1990E+01 -6.0292E-01
  6.5298E+00  1.1852E+01 -5.8332E-01
  6.5402E+00  1.1728E+01 -5.9557E-01
  6.6234E+00  1.1777E+01 -6.8732E-01
  6.6747E+00  1.1668E+01 -7.7315E-01
  6.6829E+00  1.1786E+01 -7.8336E-01
  6.6045E+00  1.1967E+01 -7.5406E-01
  6.5588E+00  1.2048E+01 -7.4858E-01
  6.5576E+00  1.2055E+01 -8.2789E-01
  6.4785E+00  1.1957E+01 -9.5326E-01
  6.3402E+00  1.1861E+01 -9.7098E-01
  6.3231E+00  1.1869E+01 -9.5127E-01
  6.2886E+00  1.1866E+01 -8.9793E-01
  6.3468E+00  1.1918E+01 -7.8889E-01
  6.4588E+00  1.1878E+01 -7.1294E-01
  6.4658E+00  1.1902E+01 -6.7817E-01
  6.5211E+00  1.1878E+01 -7.1206E-01
  6.5629E+00  1.1892E+01 -6.5376E-01
  6.5570E+00  1.1833E+01 -6.2657E-01
  6.5424E+00  1.1820E+01 -6.1840E-01
  6.5315E+00  1.1736E+01 -6.6358E-01
  6.4384E+00  1.1735E+01 -6.8960E-01
  6.3729E+00  1.1773E+01 -6.6313E-01
  6.4444E+00  1.1828E+01 -6.6373E-01
  6.5544E+00  1.1995E+01 -6.9554E-01
  6.5566E+00  1.1981E+01 -7.2836E-01
  6.5868E+00  1.2125E+01 -7.1037E-01
  6.6215E+00  1.2215E+01 -6.9799E-01
  6.6054E+00  1.2021E+01 -7.0657E-01
  6.4992E+00  1.1946E+01 -6.7961E-01
  6.3299E+00  1.1905E+01 -6.2468E-01
  6.2099E+00  1.1888E+01 -5.2451E-01
  6.2089E+00  1.1953E+01 -4.6484E-01
  6.3030E+00  1.1995E+01 -5.3734E-01
  6.2707E+00  1.2067E+01 -5.6924E-01
  6.2803E+00  1.2236E+01 -6.1125E-01
  6.3176E+00  1.2235E+01 -7.3891E-01
  6.4035E+00  1.2057E+01 -7.8697E-01
  6.5509E+00  1.1917E+01 -6.9474E-01
  6.5549E+00  1.1732E+01 -6.0997E-01
  6.5645E+00  1.1591E+01 -5.7925E-01
  6.7197E+00  1.1630E+01 -5.6999E-01
  6.7541E+00  1.1594E+01 -6.4342E-01
  6.7516E+00  1.1754E+01 -6.7536E-01
  6.7065E+00  1.1724E+01 -7.8161E-01
  6.6745E+00  1.1853E+01 -8.4897E-01
  6.5103E+00  1.1863E+01 -9.4706E-01
  6.4050E+00  1.1911E+01 -1.0954E+00
  6.1983E+00  1.2056E+01 -1.0981E+00
  6.0113E+00  1.1942E+01 -1.0977E+00
  5.9832E+00  1.1862E+01 -1.0591E+00
  5.8720E+00  1.1954E+01 -9.3742E-01
  5.8661E+00  1.1887E+01 -8.3429E-01
  5.9910E+00  1.1803E+01 -7.0662E-01
  6.1199E+00  1.1740E+01 -6.1926E-01
  6.3224E+00  1.1727E+01 -5.8241E-01
  6.5959E+00  1.1805E+01 -7.5495E-01
  6.7848E+00  1.1815E+01 -1.0043E+00
  6.8099E+00  1.1804E+01 -1.0596E+00
  6.6899E+00  1.1864E+01 -9.1187E-01
  6.5944E+00  1.2050E+01 -6.6301E-01
  6.4852E+00  1.2090E+01 -6.6858E-01
  6.4827E+00  1.2221E+01 -6.4556E-01
  6.4442E+00  1.2198E+01 -5.0962E-01
  6.3003E+00  1.2249E+01 -4.0757E-01
  6.0992E+00  1.2301E+01 -3.6755E-01
  6.0077E+00  1.2249E+01 -4.3297E-01
  5.9725E+00  1.2277E+01 -5.0078E-01
  5.9407E+00  1.2295E+01 -5.8849E-01
  6.1098E+00  1.2152E+01 -6.3931E-01
  6.3845E+00  1.1949E+01 -5.7146E-01
  6.5841E+00  1.1763E+01 -3.5889E-01
  6.7051E+00  1.1553E+01 -1.4175E-01
  6.8648E+00  1.1292E+01 -1.3617E-01
  6.9927E+00  1.1319E+01 -1.9416E-01
  6.8340E+00  1.1210E+01 -2.5991E-01
  6.9039E+00  1.1157E+01 -2.4573E-01
  7.1213E+00  1.1240E+01 -2.1494E-01
  6.9722E+00  1.1350E+01 -2.8302E-01
  6.7713E+00  1.1395E+01 -1.9188E-01
  6.7047E+00  1.1507E+01 -7.6640E-02
  6.5754E+00  1.1435E+01 -1.2488E-01
  6.4299E+00  1.1381E+01 -8.1666E-02
  6.3180E+00  1.1362E+01  2.3908E-02
  6.3639E+00  1.1212E+01  5.4850E-02
  6.5599E+00  1.0983E+01 -1.2878E-03
  6.4823E+00  1.1003E+01 -1.5428E-01
  6.5161E+00  1.0859E+01 -2.4021E-01
  6.6505E+00  1.0829E+01 -2.2821E-01
  6.7340E+00  1.1005E+01 -2.6408E-01
  6.7072E+00  1.1103E+01 -1.8970E-01
  6.6515E+00  1.1018E+01 -1.4283E-02
  6.8052E+00  1.1059E+01  1.6379E-01
  6.7170E+00  1.0988E+01  2.9285E-01
  6.7132E+00  1.0783E+01  2.0302E-01
  6.8039E+00  1.0636E+01  8.7719E-02
  6.8467E+00  1.0844E+01  7.5827E-03
  6.7329E+00  1.1162E+01 -3.6393E-02
  6.4682E+00  1.1113E+01 -2.7290E-02
  6.4600E+00  1.1257E+01 -1.9200E-02
  6.4721E+00  1.1434E+01 -1.9832E-01
  6.4615E+00  1.1350E+01 -3.4756E-01
  6.3587E+00  1.1170E+01 -3.7152E-01
  6.4048E+00  1.1433E+01 -2.3453E-01
  6.5183E+00  1.1727E+01 -9.1020E-02
  6.5872E+00  1.1432E+01 -2.8518E-01
  6.6566E+00  1.1113E+01 -4.2077E-01
  6.7874E+00  1.1139E+01 -3.4929E-01
  6.9144E+00  1.1127E+01 -2.0170E-01
  7.0369E+00  1.0980E+01 -2.0295E-02
  7.2189E+00  1.0812E+01 -1.6129E-01
  7.2261E+00  1.1024E+01 -2.5789E-01
  7.0495E+00  1.1131E+01 -2.1454E-01
  7.1195E+00  1.1071E+01 -2.6535E-01
  7.2635E+00  1.1098E+01 -1.8986E-01
  7.1933E+00  1.1114E+01 -1.0539E-01
  6.9901E+00  1.1144E+01 -6.7428E-02
  6.8515E+00  1.1098E+01  7.5689E-02
  6.8332E+00  1.1080E+01  2.0186E-01
  7.0072E+00  1.0964E+01  2.2926E-01
  7.1324E+00  1.0876E+01  2.0280E-01
  6.9378E+00  1.0917E+01  2.2895E-01
  6.8588E+00  1.0966E+01  1.8810E-01
  6.9686E+00  1.0984E+01  1.5608E-01
  7.1367E+00  1.1010E+01  2.1837E-01
  7.0783E+00  1.0950E+01  2.8433E-01
  7.1475E+00  1.0871E+01  1.7248E-01
  7.3247E+00  1.0935E+01  2.5667E-01
  7.4291E+00  1.0890E+01  5.4171E-01
  7.5619E+00  1.0653E+01  8.3193E-01
  7.7069E+00  1.0597E+01  9.2504E-01
  7.7879E+00  1.0578E+01  1.0335E+00
  7.6761E+00  1.0539E+01  1.1096E+00
  7.5011E+00  1.0516E+01  1.0471E+00
  7.2305E+00  1.0632E+01  9.4168E-01
  7.0999E+00  1.0773E+01  8.0125E-01
  7.0667E+00  1.0916E+01  5.7646E-01
  6.9347E+00  1.0939E+01  3.6155E-01
  6.9850E+00  1.0968E+01  2.7984E-01
  7.1376E+00  1.1035E+01  2.9958E-01
  7.2252E+00  1.1200E+01  3.5893E-01
  7.1829E+00  1.1403E+01  4.5630E-01
  7.2133E+00  1.1129E+01  3.6802E-01
  7.4011E+00  1.1014E+01  3.6379E-01
  7.2619E+00  1.0898E+01  4.4824E-01
  6.9902E+00  1.0713E+01  3.9917E-01
  6.9325E+00  1.0674E+01  2.1511E-01
  7.0448E+00  1.0689E+01  2.0047E-02
  7.0846E+00  1.0740E+01 -9.7539E-02
  7.1507E+00  1.0833E+01 -1.4744E-01
  7.1696E+00  1.0666E+01 -1.8100E-01
  7.1461E+00  1.0701E+01 -1.6243E-01
  7.1144E+00  1.0779E+01 -1.5739E-01
  7.0072E+00  1.0629E+01 -2.3568E-01
  6.9523E+00  1.0706E+01 -2.7407E-01
  6.7227E+00  1.0496E+01 -1.0470E-01
  6.7364E+00  1.0583E+01 -1.0714E-01
  6.7605E+00  1.0626E+01 -2.3091E-01
  6.6017E+00  1.0698E+01 -2.6848E-01
  6.6432E+00  1.0995E+01 -3.7022E-01
  6.7587E+00  1.0998E+01 -4.8923E-01
  6.7078E+00  1.0930E+01 -3.6905E-01
  6.6555E+00  1.1158E+01 -4.1113E-01
  6.5971E+00  1.1300E+01 -4.3707E-01
  6.4399E+00  1.1177E+01 -5.2033E-01
  6.3366E+00  1.1110E+01 -6.1282E-01
  6.2883E+00  1.1160E+01 -7.5688E-01
  6.2179E+00  1.1164E+01 -9.6620E-01
  6.2673E+00  1.1367E+01 -1.0126E+00
  6.3308E+00  1.1369E+01 -1.1700E+00
  6.3634E+00  1.1243E+01 -1.3537E+00
  6.4619E+00  1.1192E+01 -1.3816E+00
  6.5364E+00  1.1190E+01 -1.3039E+00
  6.5282E+00  1.1101E+01 -1.3968E+00
  6.5886E+00  1.1062E+01 -1.4176E+00
  6.5468E+00  1.1020E+01 -1.3661E+00
  6.4377E+00  1.1004E+01 -1.2061E+00
  6.4193E+00  1.0937E+01 -1.0136E+00
  6.4002E+00  1.0918E+01 -7.6321E-01
  6.3862E+00  1.0945E+01 -6.9076E-01
  6.3732E+00  1.0961E+01 -9.1478E-01
  6.3930E+00  1.1031E+01 -1.0944E+00
  6.4785E+00  1.0970E+01 -1.2530E+00
  6.5906E+00  1.0929E+01 -1.2969E+00
  6.5603E+00  1.0896E+01 -1.3186E+00
  6.4811E+00  1.0860E+01 -1.3504E+00
  6.4412E+00  1.0879E+01 -1.2994E+00
  6.4062E+00  1.0942E+01 -1.2685E+00
  6.3043E+00  1.1049E+01 -1.1355E+00
  6.1214E+00  1.0952E+01 -9.7986E-01
  6.0240E+00  1.0878E+01 -7.7300E-01
  6.1066E+00  1.0958E+01 -6.1284E-01
  5.9899E+00  1.0924E+01 -5.1765E-01
  5.8311E+00  1.0916E+01 -4.7798E-01
  5.8211E+00  1.0883E+01 -5.5126E-01
  5.9417E+00  1.0801E+01 -6.7587E-01
  6.0255E+00  1.0630E+01 -6.7244E-01
  6.1306E+00  1.0581E+01 -5.6517E-01
  6.1885E+00  1.0477E+01 -5.2706E-01
  6.1671E+00  1.0430E+01 -6.0463E-01
  6.2263E+00  1.0505E+01 -7.1225E-01
  6.2262E+00  1.0480E+01 -8.3202E-01
  6.1019E+00  1.0423E+01 -8.8865E-01
  5.9732E+00  1.0519E+01 -9.1589E-01
  5.9628E+00  1.0550E+01 -1.0590E+00
  6.0235E+00  1.0679E+01 -1.0202E+00
  6.0457E+00  1.0679E+01 -9.7653E-01
  5.9661E+00  1.0777E+01 -8.2395E-01
  5.9696E+00  1.0788E+01 -7.7926E-01
  6.0195E+00  1.0710E+01 -9.0491E-01
  6.0041E+00  1.0729E+01 -7.3352E-01
  5.9688E+00  1.0770E+01 -6.3491E-01
  5.8892E+00  1.0742E+01 -8.1117E-01
  5.8417E+00  1.0617E+01 -9.6924E-01
  5.9707E+00  1.0635E+01 -1.0687E+00
  6.1122E+00  1.0469E+01 -1.3283E+00
  6.0918E+00  1.0406E+01 -1.2929E+00
  6.0456E+00  1.0489E+01 -9.0378E-01
  6.1677E+00  1.0476E+01 -7.1039E-01
  6.2136E+00  1.0533E+01 -6.5905E-01
  6.1502E+00  1.0742E+01 -4.2256E-01
  6.0978E+00  1.0766E+01 -5.3773E-01
  6.0007E+00  1.0878E+01 -6.5114E-01
  5.8702E+00  1.0954E+01 -7.6704E-01
  5.8196E+00  1.0951E+01 -7.1544E-01
  5.9039E+00  1.0996E+01 -4.4593E-01
  5.9895E+00  1.0915E+01 -4.0520E-01
  5.9404E+00  1.0644E+01 -4.5435E-01
  5.8380E+00  1.0709E+01 -2.8631E-01
  5.7019E+00  1.0779E+01 -9.8465E-02
  5.4940E+00  1.0542E+01 -1.3971E-01
  5.5133E+00  1.0377E+01  5.7516E-02
  5.5424E+00  1.0463E+01 -2.9183E-02
  5.3753E+00  1.0575E+01 -3.8712E-01
  5.2689E+00  1.0825E+01 -3.4161E-01
  5.1283E+00  1.0713E+01 -2.8763E-01
  5.0250E+00  1.0507E+01 -2.0765E-01
  5.0020E+00  1.0559E+01 -1.5209E-01
  4.8864E+00  1.0560E+01 -1.4905E-01
  4.7916E+00  1.0431E+01 -6.6627E-02
  4.7755E+00  1.0275E+01 -2.6098E-02
  4.8623E+00  1.0237E+01  6.1259E-02
  4.8109E+00  1.0154E+01  1.0992E-01
  4.7731E+00  1.0144E+01  6.1585E-02
  5.0455E+00  1.0166E+01  1.3450E-01
  5.2330E+00  1.0112E+01  1.3514E-01
