  5.9234E+00  1.1718E+01 -5.2955E-02
  6.1499E+00  1.1935E+01 -2.2409E-01
  6.2848E+00  1.2213E+01 -6.3310E-01
  6.4004E+00  1.2316E+01 -8.8152E-01
  6.5204E+00  1.2218E+01 -9.9554E-01
  6.5743E+00  1.2171E+01 -1.0025E+00
  6.6329E+00  1.2210E+01 -9.7081E-01
  6.6165E+00  1.2209E+01 -9.2927E-01
  6.5676E+00  1.2181E+01 -9.0915E-01
  6.4045E+00  1.2077E+01 -8.9662E-01
  6.2935E+00  1.2016E+01 -8.4068E-01
  6.3669E+00  1.1957E+01 -8.1041E-01
  6.4404E+00  1.1975E+01 -9.0472E-01
  6.4610E+00  1.1994E+01 -1.0711E+00
  6.5844E+00  1.1993E+01 -1.2131E+00
  6.6415E+00  1.2025E+01 -1.3316E+00
  6.5932E+00  1.2032E+01 -1.3887E+00
  6.5418E+00  1.2015E+01 -1.4288E+00
  6.5363E+00  1.1901E+01 -1.4601E+00
  6.4786E+00  1.1762E+01 -1.4630E+00
  6.4197E+00  1.1668E+01 -1.5802E+00
  6.4520E+00  1.1573E+01 -1.7412E+00
  6.4612E+00  1.1474E+01 -1.7826E+00
  6.4401E+00  1.1300E+01 -1.8393E+00
  6.4340E+00  1.0892E+01 -1.9847E+00
  6.3633E+00  1.0515E+01 -2.1174E+00
  6.3020E+00  1.0217E+01 -2.2965E+00
  6.2559E+00  9.9442E+00 -2.3967E+00
  6.3281E+00  9.7008E+00 -2.4652E+00
  6.2805E+00  9.5086E+00 -2.5448E+00
  6.2033E+00  9.4787E+00 -2.7078E+00
  6.1118E+00  9.3929E+00 -2.9282E+00
  6.0921E+00  9.3033E+00 -2.9990E+00
  6.0410E+00  9.1544E+00 -3.1553E+00
  6.0033E+00  8.9886E+00 -3.3442E+00
  6.0547E+00  8.9462E+00 -3.3849E+00
  6.2018E+00  8.9982E+00 -3.2976E+00
  6.2971E+00  9.0357E+00 -3.3247E+00
  6.1172E+00  8.9940E+00 -3.1674E+00
  6.0114E+00  8.8709E+00 -3.0841E+00
  6.0292E+00  8.6732E+00 -3.0330E+00
  6.1583E+00  8.4457E+00 -2.9703E+00
  6.2765E+00  8.2347E+00 -2.7489E+00
  6.1254E+00  8.1690E+00 -2.4903E+00
  5.9661E+00  8.2675E+00 -2.1993E+00
  5.9786E+00  8.3439E+00 -1.8950E+00
  6.0659E+00  8.3244E+00 -1.7997E+00
  6.0076E+00  8.3221E+00 -1.6866E+00
  6.1270E+00  8.3800E+00 -1.5946E+00
  6.3848E+00  8.3936E+00 -1.5119E+00
  6.5002E+00  8.4994E+00 -1.4960E+00
  6.4348E+00  8.4550E+00 -1.4926E+00
  6.3448E+00  8.3804E+00 -1.3951E+00
  6.3340E+00  8.3472E+00 -1.2418E+00
  6.3830E+00  8.2039E+00 -1.3437E+00
  6.6245E+00  7.9069E+00 -1.3856E+00
  6.9711E+00  7.8381E+00 -1.3097E+00
  7.2981E+00  7.8133E+00 -1.4462E+00
  7.5199E+00  7.6373E+00 -1.6699E+00
  7.4600E+00  7.4556E+00 -1.7884E+00
  7.5220E+00  7.5461E+00 -2.0101E+00
  7.5745E+00  7.5836E+00 -2.1571E+00
  7.5284E+00  7.5441E+00 -2.1344E+00
  7.5804E+00  7.8029E+00 -2.1358E+00
  7.5022E+00  7.9650E+00 -2.0187E+00
  7.4366E+00  7.8771E+00 -1.8776E+00
  7.5574E+00  7.9212E+00 -1.8358E+00
  7.4553E+00  7.8182E+00 -1.6574E+00
  7.2280E+00  7.6909E+00 -1.4340E+00
  7.3838E+00  7.7142E+00 -1.3355E+00
  7.4500E+00  7.6433E+00 -1.3416E+00
  7.3964E+00  7.4210E+00 -1.4940E+00
  7.5815E+00  7.3746E+00 -1.6597E+00
  7.6108E+00  7.2435E+00 -1.6418E+00
  7.6382E+00  7.2104E+00 -1.6315E+00
  7.6621E+00  7.3445E+00 -1.6553E+00
  7.6819E+00  7.3178E+00 -1.6266E+00
  7.8818E+00  7.3295E+00 -1.6808E+00
  7.7324E+00  7.2123E+00 -1.6248E+00
  7.6554E+00  7.1925E+00 -1.5959E+00
  7.5103E+00  7.2668E+00 -1.6870E+00
  7.3284E+00  7.2603E+00 -1.7666E+00
  7.3709E+00  7.3125E+00 -1.8766E+00
  7.6134E+00  7.5042E+00 -1.8897E+00
  7.5370E+00  7.3514E+00 -1.8883E+00
  7.5488E+00  7.3758E+00 -2.1147E+00
  7.5930E+00  7.5141E+00 -2.1350E+00
  7.3503E+00  7.5115E+00 -1.7497E+00
  7.2767E+00  7.5852E+00 -1.3275E+00
  7.4062E+00  7.6102E+00 -1.3272E+00
  7.4148E+00  7.4356E+00 -1.4350E+00
  7.4437E+00  7.5146E+00 -1.5184E+00
  7.5862E+00  7.5242E+00 -1.5105E+00
  7.5280E+00  7.4451E+00 -1.2915E+00
  7.3621E+00  7.4043E+00 -1.3502E+00
  7.5321E+00  7.4681E+00 -1.4850E+00
  7.7461E+00  7.3798E+00 -1.4105E+00
  7.6750E+00  7.3745E+00 -1.5514E+00
  7.6320E+00  7.4069E+00 -1.6633E+00
  7.7088E+00  7.4195E+00 -1.6624E+00
  7.6097E+00  7.4117E+00 -1.4929E+00
  7.5004E+00  7.4065E+00 -1.4815E+00
  7.4280E+00  7.2848E+00 -1.4910E+00
  7.2970E+00  7.3868E+00 -1.4467E+00
  7.3623E+00  7.4374E+00 -1.4037E+00
  7.3737E+00  7.5619E+00 -1.3729E+00
  7.2404E+00  7.5481E+00 -1.3176E+00
  7.4117E+00  7.5279E+00 -1.3804E+00
  7.3724E+00  7.4669E+00 -1.4085E+00
  7.4726E+00  7.2732E+00 -1.4380E+00
  7.5591E+00  7.2133E+00 -1.4443E+00
  7.5869E+00  7.1694E+00 -1.3417E+00
  7.6702E+00  7.3953E+00 -1.2138E+00
  7.7008E+00  7.3721E+00 -1.2119E+00
  7.6198E+00  7.3188E+00 -1.3833E+00
  7.5332E+00  7.2713E+00 -1.6143E+00
  7.4569E+00  7.2917E+00 -1.7530E+00
  7.3734E+00  7.4673E+00 -1.7110E+00
  7.2391E+00  7.5458E+00 -1.5494E+00
  7.1172E+00  7.4973E+00 -1.4563E+00
  7.2196E+00  7.3020E+00 -1.3907E+00
  7.4201E+00  7.2275E+00 -1.3534E+00
  7.4475E+00  7.2138E+00 -1.2998E+00
  7.6815E+00  7.2339E+00 -1.2935E+00
  7.6493E+00  7.2795E+00 -1.1821E+00
  7.6592E+00  7.1407E+00 -1.0990E+00
  7.6235E+00  7.1733E+00 -1.0840E+00
  7.4316E+00  7.2610E+00 -1.0815E+00
  7.4564E+00  7.3607E+00 -1.1071E+00
  7.4822E+00  7.5520E+00 -1.2110E+00
  7.2147E+00  7.6194E+00 -1.1958E+00
  7.3195E+00  7.6491E+00 -1.2614E+00
  7.4148E+00  7.5914E+00 -1.4155E+00
  7.5979E+00  7.5566E+00 -1.4480E+00
  7.8087E+00  7.5780E+00 -1.3408E+00
  7.8586E+00  7.6017E+00 -1.0977E+00
  7.8347E+00  7.6477E+00 -9.3439E-01
  7.7977E+00  7.6694E+00 -9.6040E-01
  7.7881E+00  7.4292E+00 -9.7649E-01
  7.5826E+00  7.3247E+00 -1.1700E+00
  7.4074E+00  7.3723E+00 -1.2961E+00
  7.2946E+00  7.2855E+00 -1.3987E+00
  7.3180E+00  7.3357E+00 -1.4562E+00
  7.3252E+00  7.2547E+00 -1.4155E+00
  7.3756E+00  7.2419E+00 -1.3462E+00
  7.4127E+00  7.1552E+00 -1.5939E+00
  7.6129E+00  7.1999E+00 -1.7047E+00
  7.5942E+00  7.4650E+00 -1.5498E+00
  7.4789E+00  7.5759E+00 -1.3553E+00
  7.5350E+00  7.6297E+00 -1.2603E+00
  7.4786E+00  7.6019E+00 -1.2978E+00
  7.3803E+00  7.4828E+00 -1.4294E+00
  7.3998E+00  7.1940E+00 -1.5967E+00
  7.3991E+00  7.1137E+00 -1.5893E+00
  7.4713E+00  7.1517E+00 -1.4356E+00
  7.5513E+00  7.2376E+00 -1.4350E+00
  7.6653E+00  7.3911E+00 -1.4990E+00
  7.7044E+00  7.4179E+00 -1.4781E+00
  7.6507E+00  7.5952E+00 -1.5667E+00
  7.4189E+00  7.6074E+00 -1.5733E+00
  7.2816E+00  7.5388E+00 -1.5196E+00
  7.3635E+00  7.4904E+00 -1.5506E+00
  7.3424E+00  7.4816E+00 -1.5203E+00
  7.2858E+00  7.4615E+00 -1.4239E+00
  7.4540E+00  7.5113E+00 -1.3804E+00
  7.4765E+00  7.4223E+00 -1.3190E+00
  7.4852E+00  7.2722E+00 -1.4926E+00
  7.4601E+00  7.2388E+00 -1.6876E+00
  7.3652E+00  7.3280E+00 -1.6424E+00
  7.4506E+00  7.4689E+00 -1.5070E+00
  7.5375E+00  7.5123E+00 -1.6321E+00
  7.6236E+00  7.4529E+00 -1.7155E+00
  7.4267E+00  7.2946E+00 -1.6279E+00
  7.4382E+00  7.4207E+00 -1.6023E+00
  7.4726E+00  7.4338E+00 -1.4870E+00
  7.4652E+00  7.3670E+00 -1.4790E+00
  7.5972E+00  7.4612E+00 -1.6342E+00
  7.6127E+00  7.4949E+00 -1.5364E+00
  7.5448E+00  7.6176E+00 -1.3399E+00
  7.6834E+00  7.7301E+00 -1.3239E+00
  7.5691E+00  7.6653E+00 -1.3923E+00
  7.5005E+00  7.6247E+00 -1.4663E+00
  7.5782E+00  7.5146E+00 -1.4498E+00
  7.5464E+00  7.3797E+00 -1.3421E+00
  7.5631E+00  7.2148E+00 -1.4466E+00
  7.5837E+00  7.1905E+00 -1.5484E+00
  7.5047E+00  7.1853E+00 -1.4469E+00
  7.4992E+00  7.4217E+00 -1.3236E+00
  7.4468E+00  7.5144E+00 -1.4336E+00
  7.3870E+00  7.3994E+00 -1.6886E+00
  7.3012E+00  7.4884E+00 -1.8566E+00
  7.2424E+00  7.4942E+00 -1.8344E+00
  7.2914E+00  7.4748E+00 -1.7611E+00
  7.3664E+00  7.4515E+00 -1.5590E+00
  7.5376E+00  7.2874E+00 -1.3825E+00
  7.5582E+00  7.1719E+00 -1.4334E+00
  7.5034E+00  7.1794E+00 -1.3452E+00
  7.6253E+00  7.3653E+00 -1.3508E+00
  7.7792E+00  7.5585E+00 -1.3242E+00
  7.5911E+00  7.5585E+00 -1.3146E+00
  7.6532E+00  7.6927E+00 -1.5282E+00
  7.5542E+00  7.6611E+00 -1.5640E+00
  7.5602E+00  7.6013E+00 -1.4279E+00
  7.6015E+00  7.7448E+00 -1.4158E+00
  7.5177E+00  7.8003E+00 -1.3826E+00
  7.4699E+00  7.4372E+00 -1.5097E+00
  7.3828E+00  7.2513E+00 -1.8006E+00
  7.2715E+00  7.3656E+00 -1.9448E+00
  7.1947E+00  7.3354E+00 -1.8536E+00
  7.1885E+00  7.3087E+00 -1.6972E+00
  7.2205E+00  7.4217E+00 -1.7297E+00
  7.3358E+00  7.3593E+00 -1.7526E+00
  7.3243E+00  7.2917E+00 -1.6037E+00
  7.5012E+00  7.4002E+00 -1.7320E+00
  7.3750E+00  7.3751E+00 -1.7815E+00
  7.4063E+00  7.4225E+00 -1.7194E+00
  7.6400E+00  7.4247E+00 -1.6566E+00
  7.6021E+00  7.4825E+00 -1.6247E+00
  7.5540E+00  7.4956E+00 -1.5241E+00
  7.7064E+00  7.5629E+00 -1.3893E+00
  7.5012E+00  7.5495E+00 -1.1658E+00
  7.4503E+00  7.5523E+00 -1.2459E+00
  7.4681E+00  7.4945E+00 -1.5372E+00
  7.4519E+00  7.4768E+00 -1.8707E+00
  7.3162E+00  7.6226E+00 -2.1447E+00
  7.2444E+00  7.7291E+00 -2.3141E+00
  7.1250E+00  7.7644E+00 -2.3492E+00
  7.0099E+00  7.7485E+00 -2.4176E+00
  7.0803E+00  7.5129E+00 -2.5696E+00
  7.0818E+00  7.3406E+00 -2.5209E+00
  7.0084E+00  7.3154E+00 -2.5582E+00
  6.9812E+00  7.2272E+00 -2.6611E+00
  6.9250E+00  7.3814E+00 -2.5809E+00
  6.8554E+00  7.4693E+00 -2.5164E+00
  6.6806E+00  7.4089E+00 -2.6079E+00
  6.6756E+00  7.3447E+00 -2.6043E+00
  6.6640E+00  7.3033E+00 -2.5263E+00
  6.6465E+00  7.2707E+00 -2.4389E+00
  6.7074E+00  7.3494E+00 -2.2408E+00
  6.6155E+00  7.4719E+00 -2.0206E+00
  6.7151E+00  7.4990E+00 -2.0580E+00
  6.7142E+00  7.6620E+00 -2.1237E+00
  6.7059E+00  7.7391E+00 -2.1085E+00
  6.6639E+00  7.9646E+00 -2.1512E+00
  6.6023E+00  8.0892E+00 -2.2179E+00
  6.5877E+00  8.0220E+00 -2.2588E+00
  6.4819E+00  7.9766E+00 -2.3273E+00
  6.4166E+00  7.8692E+00 -2.4775E+00
  6.3484E+00  7.8018E+00 -2.4339E+00
  6.4259E+00  7.7444E+00 -2.3372E+00
  6.3099E+00  7.6250E+00 -2.4743E+00
  6.2467E+00  7.4220E+00 -2.6572E+00
  6.3505E+00  7.1792E+00 -2.7144E+00
  6.3795E+00  6.9999E+00 -2.8136E+00
  6.5094E+00  6.7524E+00 -2.9033E+00
  6.4457E+00  6.6030E+00 -2.7871E+00
  6.2526E+00  6.6271E+00 -2.8179E+00
  6.1894E+00  6.4955E+00 -3.0351E+00
  6.0485E+00  6.4273E+00 -2.9985E+00
  5.8337E+00  6.4167E+00 -2.8857E+00
  5.6746E+00  6.5780E+00 -2.7562E+00
  5.5260E+00  6.3933E+00 -2.7707E+00
  5.3361E+00  6.1923E+00 -2.8925E+00
  5.2309E+00  6.0522E+00 -2.7607E+00
  5.2999E+00  6.0826E+00 -2.3926E+00
  5.3338E+00  6.2301E+00 -2.1996E+00
  5.4082E+00  6.2969E+00 -2.1841E+00
  5.6242E+00  6.4006E+00 -2.0015E+00
  5.7766E+00  6.3578E+00 -1.9934E+00
  5.7694E+00  6.3528E+00 -2.2388E+00
  5.7944E+00  6.4825E+00 -2.3104E+00
  5.8114E+00  6.5888E+00 -2.2708E+00
  5.8581E+00  6.6864E+00 -2.4867E+00
  5.9589E+00  6.8986E+00 -2.7173E+00
  6.1585E+00  7.0728E+00 -2.7902E+00
  6.2451E+00  7.1549E+00 -2.8683E+00
  6.2470E+00  7.2136E+00 -2.9347E+00
  6.3399E+00  7.1296E+00 -3.0647E+00
  6.3987E+00  6.9644E+00 -3.1312E+00
  6.5176E+00  6.8427E+00 -3.1267E+00
  6.5591E+00  6.8654E+00 -3.0412E+00
  6.5116E+00  6.7601E+00 -3.0093E+00
  6.4244E+00  6.7419E+00 -2.9982E+00
  6.3774E+00  6.9126E+00 -2.8811E+00
  6.4617E+00  7.0166E+00 -2.7995E+00
  6.5566E+00  7.1166E+00 -2.8436E+00
  6.5189E+00  7.1541E+00 -2.8629E+00
  6.4115E+00  7.1800E+00 -2.8746E+00
  6.3895E+00  7.1408E+00 -3.0260E+00
  6.4529E+00  6.9778E+00 -3.2024E+00
  6.2309E+00  6.9479E+00 -3.2505E+00
  6.1629E+00  6.8675E+00 -3.2360E+00
  6.3061E+00  6.8765E+00 -3.0475E+00
  6.2404E+00  6.9188E+00 -2.7988E+00
  6.1312E+00  6.8927E+00 -2.7048E+00
  6.0976E+00  6.8981E+00 -2.6192E+00
  5.9986E+00  6.9458E+00 -2.5451E+00
  5.9249E+00  7.0316E+00 -2.7575E+00
  5.8514E+00  6.9859E+00 -3.1773E+00
  5.8098E+00  6.9406E+00 -3.3868E+00
  5.8855E+00  6.9447E+00 -3.3451E+00
  6.0949E+00  6.8839E+00 -3.5075E+00
  6.2023E+00  6.9727E+00 -3.5492E+00
  6.2558E+00  7.1819E+00 -3.4835E+00
  6.4225E+00  7.3315E+00 -3.5266E+00
  6.5307E+00  7.5476E+00 -3.4859E+00
  6.5336E+00  7.7713E+00 -3.6413E+00
  6.5649E+00  7.9284E+00 -3.7334E+00
  6.5354E+00  8.0679E+00 -3.5990E+00
  6.4875E+00  8.0943E+00 -3.5921E+00
  6.4612E+00  8.0595E+00 -3.6761E+00
  6.3032E+00  7.9799E+00 -3.6831E+00
  6.2442E+00  7.8381E+00 -3.7061E+00
  6.2092E+00  7.6857E+00 -3.5933E+00
  6.2462E+00  7.4910E+00 -3.5700E+00
  6.1684E+00  7.3878E+00 -3.5913E+00
  6.1413E+00  7.2658E+00 -3.7352E+00
  6.1803E+00  7.1603E+00 -3.8520E+00
  6.1460E+00  7.2977E+00 -3.9626E+00
  6.1150E+00  7.4948E+00 -4.1512E+00
  6.0378E+00  7.6714E+00 -4.3785E+00
  6.0951E+00  7.8153E+00 -4.6342E+00
  6.1972E+00  7.9741E+00 -4.8428E+00
  6.0592E+00  8.1754E+00 -5.0216E+00
  5.9696E+00  8.2377E+00 -4.9714E+00
  5.9459E+00  8.2099E+00 -4.8068E+00
  5.9355E+00  8.1610E+00 -4.8244E+00
  5.8946E+00  8.2131E+00 -4.7275E+00
  5.7971E+00  8.2678E+00 -4.6427E+00
  5.6551E+00  8.2567E+00 -4.6414E+00
  5.5383E+00  8.3047E+00 -4.4595E+00
  5.6264E+00  8.3701E+00 -4.3333E+00
  5.7252E+00  8.4064E+00 -4.2996E+00
  5.8023E+00  8.4227E+00 -4.2924E+00
  5.8839E+00  8.4457E+00 -4.2674E+00
  6.0959E+00  8.4729E+00 -4.1003E+00
  6.4325E+00  8.4427E+00 -4.1328E+00
  6.5310E+00  8.3975E+00 -4.2329E+00
  6.8545E+00  8.2740E+00 -4.4056E+00
  6.9048E+00  8.3354E+00 -4.5527E+00
  6.8281E+00  8.4352E+00 -4.5979E+00
  6.8341E+00  8.2727E+00 -4.7619E+00
  6.5751E+00  8.1119E+00 -4.9617E+00
  6.3298E+00  7.9488E+00 -4.9056E+00
  6.1593E+00  7.8291E+00 -5.0127E+00
  6.0122E+00  7.5863E+00 -5.0847E+00
  6.0334E+00  7.3407E+00 -4.9554E+00
  5.9412E+00  7.3912E+00 -4.7613E+00
  5.7817E+00  7.5509E+00 -4.8071E+00
  5.8558E+00  7.5912E+00 -4.7849E+00
  5.9444E+00  7.6976E+00 -4.6595E+00
  6.0619E+00  7.8121E+00 -4.7223E+00
  6.2741E+00  7.9508E+00 -4.6398E+00
  6.3541E+00  8.1254E+00 -4.4394E+00
  6.5004E+00  8.2803E+00 -4.3279E+00
  6.7612E+00  8.3606E+00 -4.2765E+00
  6.8981E+00  8.4389E+00 -4.2138E+00
  7.0342E+00  8.4894E+00 -4.1667E+00
  7.1399E+00  8.5218E+00 -4.2498E+00
  7.2105E+00  8.6337E+00 -4.3380E+00
  7.2683E+00  8.7817E+00 -4.5256E+00
  7.3149E+00  8.8852E+00 -4.7140E+00
  7.3202E+00  8.9458E+00 -4.8240E+00
  7.2933E+00  9.0824E+00 -4.9902E+00
  7.2574E+00  9.1507E+00 -5.0529E+00
  7.3027E+00  9.1259E+00 -5.0154E+00
  7.3778E+00  9.1466E+00 -4.7481E+00
  7.3446E+00  9.2256E+00 -4.4951E+00
  7.2349E+00  9.2433E+00 -4.2952E+00
  7.1309E+00  9.2709E+00 -4.0911E+00
  7.0720E+00  9.2007E+00 -3.9938E+00
  6.9784E+00  9.2387E+00 -4.1288E+00
  7.0015E+00  9.3428E+00 -4.2159E+00
  7.0813E+00  9.3726E+00 -4.2176E+00
  7.1123E+00  9.4181E+00 -4.3199E+00
  7.1176E+00  9.5014E+00 -4.2517E+00
  7.1310E+00  9.4142E+00 -4.2114E+00
  7.0640E+00  9.2408E+00 -4.1452E+00
  6.9902E+00  9.1459E+00 -3.9404E+00
  7.0336E+00  8.9998E+00 -3.8946E+00
  7.0171E+00  9.0075E+00 -3.9043E+00
  6.9084E+00  9.0373E+00 -3.9351E+00
  6.9470E+00  9.0207E+00 -3.9983E+00
  6.9113E+00  9.1514E+00 -4.1240E+00
  6.9048E+00  9.3535E+00 -4.2269E+00
  6.9047E+00  9.4473E+00 -4.1780E+00
  7.0332E+00  9.5351E+00 -4.1322E+00
  7.0492E+00  9.5614E+00 -3.9729E+00
  7.0501E+00  9.4619E+00 -3.8468E+00
  7.1506E+00  9.3722E+00 -3.7571E+00
  7.1022E+00  9.1890E+00 -3.7381E+00
  7.3728E+00  8.9056E+00 -3.9528E+00
  7.4555E+00  8.8668E+00 -4.0907E+00
  7.4582E+00  8.9075E+00 -4.0463E+00
  7.7013E+00  9.0572E+00 -4.0425E+00
  7.5662E+00  9.4501E+00 -4.1399E+00
  7.5221E+00  9.6622E+00 -4.2781E+00
  7.4626E+00  9.7617E+00 -4.3037E+00
  7.1520E+00  9.9405E+00 -4.2202E+00
  7.0807E+00  1.0060E+01 -4.2036E+00
