  5.8088E+00 -1.0392E+01  1.9120E-02
  5.4541E+00 -1.0347E+01 -7.8578E-02
  5.3075E+00 -1.0293E+01  2.7502E-02
  5.3609E+00 -1.0243E+01  3.0432E-02
  5.5447E+00 -1.0054E+01  5.2003E-02
  5.6686E+00 -9.9855E+00  3.4507E-02
  5.6653E+00 -1.0006E+01 -6.2291E-02
  5.8734E+00 -1.0120E+01 -7.6615E-02
  5.9036E+00 -1.0261E+01 -6.9485E-02
  5.8737E+00 -1.0228E+01 -7.9839E-02
  6.0268E+00 -1.0145E+01 -6.7556E-02
  6.0393E+00 -1.0125E+01 -2.8216E-02
  6.0813E+00 -1.0077E+01  2.2555E-02
  6.0259E+00 -1.0064E+01  6.3048E-02
  5.9921E+00 -1.0131E+01  1.2387E-01
  6.0026E+00 -1.0155E+01  1.9698E-01
  6.0261E+00 -1.0059E+01  2.7327E-01
  5.9633E+00 -9.9641E+00  3.7067E-01
  5.8930E+00 -9.9600E+00  4.8662E-01
  5.8774E+00 -1.0059E+01  6.0573E-01
  5.8093E+00 -1.0222E+01  7.1807E-01
  5.8207E+00 -1.0374E+01  8.9729E-01
  5.7758E+00 -1.0571E+01  1.1168E+00
  5.7852E+00 -1.0942E+01  1.2487E+00
  5.8017E+00 -1.1425E+01  1.4325E+00
  5.8270E+00 -1.2036E+01  1.6564E+00
  6.0140E+00  1.2324E+01  1.5969E+00
  6.3238E+00  1.1346E+01  1.7024E+00
  6.7771E+00  1.0980E+01  2.3047E+00
  7.1115E+00  1.0621E+01  2.7220E+00
  7.4023E+00  1.0381E+01  2.9984E+00
  7.6424E+00  1.0284E+01  3.0432E+00
  7.7120E+00  1.0145E+01  2.9798E+00
  7.6217E+00  1.0068E+01  2.9576E+00
  7.3851E+00  1.0181E+01  2.8294E+00
  7.0397E+00  1.0316E+01  2.6343E+00
  7.0425E+00  1.0584E+01  2.3812E+00
  6.8764E+00  1.0623E+01  2.0799E+00
  7.0124E+00  1.0733E+01  2.0107E+00
  6.9919E+00  1.0715E+01  1.9309E+00
  6.8121E+00  1.0669E+01  2.1595E+00
  6.8719E+00  1.0651E+01  2.4502E+00
  6.7724E+00  1.0447E+01  2.6348E+00
  6.8632E+00  1.0440E+01  2.6790E+00
  6.7810E+00  1.0423E+01  2.5584E+00
  6.7434E+00  1.0409E+01  2.4204E+00
  6.7079E+00  1.0390E+01  2.5175E+00
  6.6209E+00  1.0432E+01  2.4330E+00
  6.6489E+00  1.0606E+01  2.1675E+00
  6.6719E+00  1.0622E+01  1.8605E+00
  6.6753E+00  1.0858E+01  1.8117E+00
  6.5173E+00  1.1009E+01  1.7362E+00
  6.5025E+00  1.1054E+01  1.6593E+00
  6.4441E+00  1.1013E+01  1.6361E+00
  6.2284E+00  1.1107E+01  1.5371E+00
  6.0377E+00  1.1257E+01  1.5922E+00
  5.9513E+00  1.1317E+01  1.7004E+00
  5.9569E+00  1.1648E+01  1.7924E+00
  5.7517E+00  1.1797E+01  1.7692E+00
  5.8023E+00  1.1886E+01  1.9419E+00
  5.7249E+00  1.2033E+01  2.0924E+00
  5.6083E+00  1.2072E+01  2.0999E+00
  5.5747E+00  1.2236E+01  2.0821E+00
  5.6184E+00  1.2297E+01  2.0505E+00
  5.7287E+00  1.2187E+01  1.9090E+00
  5.8568E+00  1.2093E+01  1.7880E+00
  5.9257E+00  1.2018E+01  1.7326E+00
  5.9084E+00  1.1947E+01  1.6589E+00
  5.9430E+00  1.1887E+01  1.6867E+00
  5.9713E+00  1.1896E+01  1.6899E+00
  5.8759E+00  1.1931E+01  1.6784E+00
  5.8916E+00  1.1976E+01  1.6990E+00
  5.8667E+00  1.1915E+01  1.7023E+00
  5.8999E+00  1.1890E+01  1.5631E+00
  5.9631E+00  1.1927E+01  1.4135E+00
  6.0056E+00  1.2055E+01  1.3458E+00
  5.9600E+00  1.2140E+01  1.2546E+00
  5.9259E+00  1.2074E+01  1.1710E+00
  6.1718E+00  1.2015E+01  1.1612E+00
  6.1929E+00  1.1931E+01  1.0291E+00
  6.1549E+00  1.2092E+01  1.1046E+00
  6.1079E+00  1.2146E+01  1.3231E+00
  5.9831E+00  1.2077E+01  1.4194E+00
  5.9747E+00  1.2171E+01  1.5702E+00
  5.9309E+00  1.2065E+01  1.8841E+00
  5.8324E+00  1.2073E+01  2.0774E+00
  5.8542E+00  1.2233E+01  2.1311E+00
  5.8850E+00  1.2083E+01  2.1453E+00
  5.9898E+00  1.1829E+01  2.1894E+00
  6.0035E+00  1.1791E+01  2.1426E+00
  5.8814E+00  1.1945E+01  2.1264E+00
  5.9493E+00  1.1996E+01  2.1449E+00
  6.0914E+00  1.2042E+01  2.0061E+00
  6.1771E+00  1.2124E+01  1.8262E+00
  6.1873E+00  1.2099E+01  1.8700E+00
  6.1534E+00  1.1994E+01  1.9517E+00
  6.0692E+00  1.1968E+01  1.9233E+00
  6.1058E+00  1.1904E+01  1.8741E+00
  6.0961E+00  1.1756E+01  1.9538E+00
  6.1056E+00  1.1791E+01  2.1185E+00
  6.0918E+00  1.1758E+01  2.1904E+00
  6.0386E+00  1.1749E+01  2.1870E+00
  5.9520E+00  1.1860E+01  2.2453E+00
  5.7893E+00  1.1806E+01  2.5311E+00
  5.8526E+00  1.1899E+01  2.7874E+00
  5.8964E+00  1.1924E+01  2.9051E+00
  5.7702E+00  1.2024E+01  2.9368E+00
  5.6130E+00  1.2056E+01  2.7708E+00
  5.6309E+00  1.1907E+01  2.4931E+00
  5.8121E+00  1.1764E+01  2.3668E+00
  5.8593E+00  1.1556E+01  2.2788E+00
  5.8184E+00  1.1557E+01  2.1639E+00
  5.7278E+00  1.1706E+01  2.0654E+00
  5.6957E+00  1.1822E+01  2.1681E+00
  5.6883E+00  1.1771E+01  2.3211E+00
  5.7949E+00  1.1777E+01  2.4032E+00
  5.7913E+00  1.1925E+01  2.5048E+00
  5.6966E+00  1.1869E+01  2.6466E+00
  5.8854E+00  1.1940E+01  2.5992E+00
  6.0961E+00  1.1772E+01  2.4950E+00
  6.1018E+00  1.1636E+01  2.4426E+00
  6.0912E+00  1.1829E+01  2.3659E+00
  6.0605E+00  1.1836E+01  2.3028E+00
  6.0238E+00  1.1720E+01  2.3195E+00
  6.0810E+00  1.1754E+01  2.3182E+00
  5.9776E+00  1.1692E+01  2.4441E+00
  5.7530E+00  1.1706E+01  2.6428E+00
  5.6294E+00  1.1806E+01  2.7268E+00
  5.5961E+00  1.1705E+01  2.8644E+00
  5.6886E+00  1.1635E+01  2.9776E+00
  5.8259E+00  1.1755E+01  2.9510E+00
  5.8901E+00  1.1848E+01  2.7730E+00
  5.9071E+00  1.1734E+01  2.5725E+00
  6.0341E+00  1.1746E+01  2.3692E+00
  6.0932E+00  1.1736E+01  2.3618E+00
  6.0969E+00  1.1696E+01  2.4258E+00
  6.1934E+00  1.1759E+01  2.5710E+00
  6.2477E+00  1.1714E+01  2.6359E+00
  6.1708E+00  1.1694E+01  2.6630E+00
  5.8438E+00  1.1787E+01  2.8232E+00
  5.6377E+00  1.1740E+01  2.9382E+00
  5.6748E+00  1.1732E+01  2.8369E+00
  5.7446E+00  1.1711E+01  2.7293E+00
  5.8408E+00  1.1558E+01  2.6178E+00
  6.0463E+00  1.1511E+01  2.3056E+00
  6.2184E+00  1.1433E+01  2.1253E+00
  6.2357E+00  1.1582E+01  2.1645E+00
  6.2883E+00  1.1765E+01  2.3813E+00
  6.2994E+00  1.1733E+01  2.5558E+00
  6.4239E+00  1.1963E+01  2.6201E+00
  6.4079E+00  1.2161E+01  2.6301E+00
  6.2176E+00  1.2006E+01  2.6616E+00
  5.8705E+00  1.2028E+01  2.7866E+00
  5.6212E+00  1.2234E+01  2.9141E+00
  5.4403E+00  1.2034E+01  3.0294E+00
  5.4151E+00  1.1811E+01  3.0276E+00
  5.5334E+00  1.1666E+01  2.8590E+00
  5.6341E+00  1.1643E+01  2.6133E+00
  5.6191E+00  1.1601E+01  2.3844E+00
  5.7749E+00  1.1549E+01  2.2025E+00
  5.7499E+00  1.1541E+01  2.2725E+00
  5.6470E+00  1.1607E+01  2.4592E+00
  5.6833E+00  1.1554E+01  2.5689E+00
  5.8348E+00  1.1490E+01  2.5516E+00
  5.9724E+00  1.1621E+01  2.5964E+00
  6.0094E+00  1.1596E+01  2.7041E+00
  6.2984E+00  1.1388E+01  2.8410E+00
  6.6038E+00  1.1353E+01  2.8575E+00
  6.6057E+00  1.1472E+01  2.8665E+00
  6.3551E+00  1.1545E+01  2.8770E+00
  6.2677E+00  1.1634E+01  3.0019E+00
  6.2683E+00  1.1673E+01  3.0693E+00
  6.2063E+00  1.1669E+01  2.9965E+00
  6.0546E+00  1.1603E+01  2.8931E+00
  6.0668E+00  1.1614E+01  2.8359E+00
  6.2398E+00  1.1521E+01  2.7327E+00
  6.1888E+00  1.1513E+01  2.6875E+00
  5.9749E+00  1.1422E+01  2.6397E+00
  5.8993E+00  1.1449E+01  2.6146E+00
  5.9845E+00  1.1461E+01  2.6144E+00
  5.8770E+00  1.1261E+01  2.7534E+00
  5.8309E+00  1.1160E+01  2.8512E+00
  5.8932E+00  1.1145E+01  2.8731E+00
  5.8151E+00  1.1139E+01  2.9494E+00
  5.7787E+00  1.1154E+01  2.9316E+00
  5.9458E+00  1.1172E+01  2.8568E+00
  6.1738E+00  1.1061E+01  2.7537E+00
  6.2696E+00  1.1058E+01  2.6173E+00
  6.4060E+00  1.1254E+01  2.5926E+00
  6.4041E+00  1.1278E+01  2.7317E+00
  6.4268E+00  1.1355E+01  2.8203E+00
  6.4818E+00  1.1418E+01  2.8611E+00
  6.3295E+00  1.1400E+01  2.9012E+00
  6.1365E+00  1.1353E+01  2.8742E+00
  6.0373E+00  1.1342E+01  2.7990E+00
  5.9721E+00  1.1298E+01  2.7390E+00
  5.8001E+00  1.1183E+01  2.6355E+00
  5.8080E+00  1.1045E+01  2.4624E+00
  5.8439E+00  1.0886E+01  2.4083E+00
  5.7369E+00  1.0923E+01  2.5738E+00
  5.8447E+00  1.0970E+01  2.6958E+00
  5.9588E+00  1.0994E+01  2.7598E+00
  5.9542E+00  1.1049E+01  2.8106E+00
  6.1577E+00  1.1224E+01  2.8150E+00
  6.3192E+00  1.1364E+01  2.8486E+00
  6.2198E+00  1.1520E+01  3.0116E+00
  6.2407E+00  1.1660E+01  2.9434E+00
  6.3761E+00  1.1719E+01  2.6696E+00
  6.3557E+00  1.1598E+01  2.5787E+00
  6.1416E+00  1.1384E+01  2.7645E+00
  6.0373E+00  1.1274E+01  2.8482E+00
  5.9423E+00  1.1365E+01  2.9190E+00
  5.7789E+00  1.1228E+01  2.9296E+00
  5.7752E+00  1.1041E+01  2.8414E+00
  5.8044E+00  1.1025E+01  2.7789E+00
  5.6937E+00  1.1155E+01  2.7833E+00
  5.7417E+00  1.1289E+01  2.6730E+00
  5.8687E+00  1.1392E+01  2.5932E+00
  5.9960E+00  1.1364E+01  2.5796E+00
  6.1524E+00  1.1397E+01  2.8471E+00
  6.1809E+00  1.1429E+01  3.1632E+00
  6.1878E+00  1.1393E+01  3.2426E+00
  6.2642E+00  1.1352E+01  3.1307E+00
  6.3427E+00  1.1372E+01  3.0210E+00
  6.2280E+00  1.1418E+01  3.0691E+00
  6.0428E+00  1.1504E+01  3.1121E+00
  5.8260E+00  1.1537E+01  3.0201E+00
  5.6564E+00  1.1484E+01  2.8403E+00
  5.5698E+00  1.1499E+01  2.6913E+00
  5.4126E+00  1.1568E+01  2.7611E+00
  5.3134E+00  1.1517E+01  3.0548E+00
  5.5151E+00  1.1449E+01  3.3550E+00
  5.6611E+00  1.1419E+01  3.5534E+00
  5.6908E+00  1.1272E+01  3.7109E+00
  5.7691E+00  1.1115E+01  3.7178E+00
  5.8642E+00  1.1249E+01  3.8041E+00
  5.9662E+00  1.1264E+01  3.8410E+00
  5.9695E+00  1.1260E+01  3.7772E+00
  6.0589E+00  1.1183E+01  3.5706E+00
  6.0777E+00  1.1342E+01  3.5832E+00
  6.1380E+00  1.1492E+01  3.5234E+00
  6.0817E+00  1.1603E+01  3.3300E+00
  6.0672E+00  1.1570E+01  3.1917E+00
  6.2125E+00  1.1319E+01  3.1782E+00
  6.2335E+00  1.1308E+01  3.2990E+00
  6.0827E+00  1.1330E+01  3.3765E+00
  5.9582E+00  1.1196E+01  3.2572E+00
  6.0536E+00  1.1161E+01  3.1233E+00
  6.1564E+00  1.1249E+01  3.2167E+00
  6.1645E+00  1.1160E+01  3.4191E+00
  6.3072E+00  1.0937E+01  3.6486E+00
  6.6281E+00  1.0893E+01  3.8503E+00
  6.8346E+00  1.0950E+01  4.0312E+00
  6.8533E+00  1.0965E+01  4.0688E+00
  6.6835E+00  1.0933E+01  3.9492E+00
  6.7405E+00  1.1143E+01  3.9739E+00
  6.8197E+00  1.1193E+01  3.9806E+00
  6.7016E+00  1.1107E+01  3.8735E+00
  6.4223E+00  1.1175E+01  3.7457E+00
  6.2510E+00  1.1415E+01  3.5307E+00
  6.0867E+00  1.1378E+01  3.2672E+00
  5.8489E+00  1.1326E+01  2.9538E+00
  5.7592E+00  1.1394E+01  2.6091E+00
  5.7483E+00  1.1281E+01  2.4217E+00
  5.7695E+00  1.1174E+01  2.5538E+00
  5.7319E+00  1.1051E+01  2.8322E+00
  5.7067E+00  1.1073E+01  3.1101E+00
  5.7581E+00  1.1093E+01  3.2451E+00
  5.7638E+00  1.1069E+01  3.2302E+00
  5.6785E+00  1.1174E+01  3.1632E+00
  5.5967E+00  1.1249E+01  3.1276E+00
  5.5508E+00  1.1346E+01  3.2266E+00
  5.5195E+00  1.1418E+01  3.2503E+00
  5.4528E+00  1.1444E+01  3.1869E+00
  5.4035E+00  1.1462E+01  3.1325E+00
  5.4651E+00  1.1508E+01  3.1711E+00
  5.5583E+00  1.1551E+01  3.3392E+00
  5.5231E+00  1.1470E+01  3.4475E+00
  5.4854E+00  1.1335E+01  3.4366E+00
  5.5981E+00  1.1221E+01  3.3535E+00
  5.6370E+00  1.1162E+01  3.3634E+00
  5.4067E+00  1.1158E+01  3.5185E+00
  5.3265E+00  1.1231E+01  3.6274E+00
  5.3800E+00  1.1238E+01  3.7110E+00
  5.4120E+00  1.1113E+01  3.6436E+00
  5.4512E+00  1.0954E+01  3.5539E+00
  5.6323E+00  1.0820E+01  3.5675E+00
  5.5655E+00  1.0864E+01  3.6529E+00
  5.4347E+00  1.0899E+01  3.7716E+00
  5.3565E+00  1.1032E+01  3.8838E+00
  5.4550E+00  1.1086E+01  3.8235E+00
  5.4460E+00  1.0983E+01  3.8086E+00
  5.5517E+00  1.1083E+01  3.7691E+00
  5.6935E+00  1.1057E+01  3.6625E+00
  5.5226E+00  1.0957E+01  3.6688E+00
  5.4881E+00  1.1156E+01  3.7012E+00
  5.5227E+00  1.1153E+01  3.6417E+00
  5.5369E+00  1.0995E+01  3.4775E+00
  5.6419E+00  1.0927E+01  3.1848E+00
  5.5676E+00  1.1014E+01  3.0487E+00
  5.4578E+00  1.1115E+01  3.1890E+00
  5.5188E+00  1.1129E+01  3.3490E+00
  5.6239E+00  1.1020E+01  3.4726E+00
  5.8191E+00  1.0897E+01  3.4538E+00
  5.9683E+00  1.0982E+01  3.3664E+00
  5.8617E+00  1.1087E+01  3.3654E+00
  5.8604E+00  1.1261E+01  3.2422E+00
  5.8320E+00  1.1420E+01  3.0852E+00
  5.7744E+00  1.1415E+01  2.9157E+00
  5.7132E+00  1.1483E+01  2.7679E+00
  5.5147E+00  1.1641E+01  2.7561E+00
  5.2908E+00  1.1683E+01  2.7895E+00
  5.1383E+00  1.1577E+01  2.7849E+00
  5.1597E+00  1.1505E+01  2.7732E+00
  5.0717E+00  1.1363E+01  2.7929E+00
  5.0582E+00  1.1356E+01  2.7696E+00
  5.1587E+00  1.1317E+01  2.6554E+00
  5.1196E+00  1.1225E+01  2.5235E+00
  5.0625E+00  1.1030E+01  2.4053E+00
  5.2955E+00  1.0916E+01  2.2674E+00
  5.4956E+00  1.0700E+01  2.1240E+00
  5.5544E+00  1.0472E+01  2.0845E+00
  5.7350E+00  1.0538E+01  2.0715E+00
  5.7237E+00  1.0516E+01  2.1421E+00
  5.5943E+00  1.0553E+01  2.3851E+00
  5.5994E+00  1.0643E+01  2.6925E+00
  5.4920E+00  1.0533E+01  2.9140E+00
  5.4163E+00  1.0470E+01  2.9125E+00
  5.3604E+00  1.0708E+01  2.9056E+00
  5.1432E+00  1.0729E+01  2.8178E+00
  5.2044E+00  1.0685E+01  2.5612E+00
  5.3644E+00  1.0606E+01  2.2280E+00
  5.1566E+00  1.0634E+01  1.9552E+00
  5.1289E+00  1.0721E+01  1.8271E+00
  5.0083E+00  1.0745E+01  1.9971E+00
  5.0964E+00  1.0868E+01  2.1486E+00
  5.1671E+00  1.0670E+01  2.3404E+00
  5.2686E+00  1.0503E+01  2.5065E+00
  5.2600E+00  1.0558E+01  2.6294E+00
  5.2531E+00  1.0407E+01  2.7078E+00
  5.4713E+00  1.0298E+01  2.6932E+00
  5.4729E+00  1.0251E+01  2.7292E+00
  5.5579E+00  1.0262E+01  2.6349E+00
  5.5725E+00  1.0122E+01  2.5077E+00
  5.4489E+00  1.0262E+01  2.3160E+00
  5.2481E+00  1.0377E+01  2.2251E+00
  5.1375E+00  1.0468E+01  2.3545E+00
  5.2068E+00  1.0499E+01  2.5994E+00
  5.2920E+00  1.0361E+01  2.8193E+00
  5.2105E+00  1.0478E+01  2.9131E+00
  5.2193E+00  1.0692E+01  2.9101E+00
  5.2156E+00  1.0513E+01  2.8827E+00
  5.4887E+00  1.0397E+01  2.7575E+00
  5.7095E+00  1.0323E+01  2.5799E+00
  5.6177E+00  1.0202E+01  2.4529E+00
  5.7303E+00  1.0147E+01  2.4382E+00
  5.5759E+00  1.0002E+01  2.5312E+00
  5.4553E+00  1.0074E+01  2.5507E+00
  5.3917E+00  1.0058E+01  2.5854E+00
  5.3076E+00  9.9905E+00  2.5611E+00
  5.2477E+00  1.0025E+01  2.3748E+00
  5.0665E+00  9.9381E+00  2.2470E+00
  4.9605E+00  1.0006E+01  2.2802E+00
  4.9411E+00  1.0120E+01  2.3656E+00
  4.9891E+00  1.0113E+01  2.4206E+00
  5.1791E+00  9.9802E+00  2.3800E+00
  5.2235E+00  9.8272E+00  2.3796E+00
  5.3225E+00  9.8576E+00  2.3692E+00
  5.4287E+00  9.8745E+00  2.5188E+00
  5.3732E+00  9.8189E+00  2.6165E+00
  5.3344E+00  1.0048E+01  2.5292E+00
  5.3116E+00  9.8736E+00  2.4956E+00
  5.3773E+00  9.8795E+00  2.3393E+00
  5.3434E+00  1.0002E+01  2.2895E+00
  5.3586E+00  9.9920E+00  2.2688E+00
  5.4439E+00  1.0118E+01  2.2830E+00
  5.5353E+00  1.0285E+01  2.4592E+00
  5.6362E+00  1.0082E+01  2.7620E+00
  5.8337E+00  1.0214E+01  3.0018E+00
  5.8770E+00  1.0270E+01  3.1486E+00
  6.0125E+00  1.0252E+01  3.2676E+00
  6.0974E+00  1.0387E+01  3.3567E+00
  6.1024E+00  1.0318E+01  3.3900E+00
  6.1817E+00  1.0296E+01  3.3097E+00
  6.1721E+00  1.0123E+01  3.0570E+00
  5.9105E+00  9.9318E+00  2.9195E+00
  5.7714E+00  9.9569E+00  2.9416E+00
  5.6670E+00  9.8854E+00  3.1107E+00
  5.5831E+00  9.9209E+00  3.0645E+00
  5.5604E+00  1.0055E+01  2.7757E+00
  5.3203E+00  1.0141E+01  2.6946E+00
  5.1988E+00  1.0303E+01  2.9241E+00
  5.1771E+00  1.0234E+01  3.1876E+00
  5.3583E+00  1.0256E+01  3.2562E+00
  5.5574E+00  1.0324E+01  3.2775E+00
  5.7346E+00  1.0260E+01  3.3255E+00
  5.8718E+00  1.0453E+01  3.3530E+00
  6.0626E+00  1.0486E+01  3.2526E+00
  6.1293E+00  1.0317E+01  3.1187E+00
  6.2345E+00  1.0106E+01  2.9776E+00
