  8.7799E+00  2.9707E+00  6.3869E-02
  8.9169E+00  2.9379E+00  8.6497E-02
  9.0475E+00  2.8150E+00  2.1503E-01
  8.9040E+00  2.7985E+00  3.6331E-01
  8.7341E+00  2.8288E+00  3.8460E-01
  8.7984E+00  2.8995E+00  4.4230E-01
  8.6371E+00  3.0407E+00  5.0386E-01
  8.5332E+00  3.1760E+00  6.2115E-01
  8.6145E+00  3.2395E+00  6.4790E-01
  8.5206E+00  3.3175E+00  6.3259E-01
  8.5368E+00  3.4276E+00  6.6108E-01
  8.5475E+00  3.4345E+00  6.5468E-01
  8.5655E+00  3.4260E+00  6.5754E-01
  8.5849E+00  3.4074E+00  6.5131E-01
  8.6084E+00  3.2918E+00  6.3921E-01
  8.6325E+00  3.2021E+00  6.4224E-01
  8.6207E+00  3.1747E+00  6.0613E-01
  8.6750E+00  3.2021E+00  5.9452E-01
  8.6895E+00  3.2716E+00  6.3009E-01
  8.6792E+00  3.3226E+00  6.4455E-01
  8.6810E+00  3.3534E+00  6.4887E-01
  8.6304E+00  3.4333E+00  7.3816E-01
  8.5400E+00  3.4934E+00  8.7877E-01
  8.4193E+00  3.3888E+00  9.8165E-01
  8.3108E+00  3.2698E+00  1.0161E+00
  8.2266E+00  3.1873E+00  1.0906E+00
  8.1559E+00  3.3161E+00  1.1325E+00
  8.2954E+00  3.6769E+00  1.0266E+00
  8.4615E+00  4.0778E+00  1.0450E+00
  8.6430E+00  4.4263E+00  1.0373E+00
  9.0436E+00  4.2536E+00  9.3034E-01
  9.4288E+00  4.3194E+00  7.4870E-01
  9.5842E+00  4.3848E+00  4.9402E-01
  9.6279E+00  4.3046E+00  4.0027E-01
  9.6301E+00  4.4000E+00  3.2862E-01
  9.6867E+00  4.6266E+00  2.1413E-01
  9.6125E+00  4.7703E+00  9.7194E-02
  9.5330E+00  4.8199E+00  5.1976E-02
  9.6127E+00  4.8706E+00  4.6900E-02
  9.5626E+00  4.9994E+00 -3.1536E-02
  9.5899E+00  5.1660E+00 -1.3898E-01
  9.5908E+00  5.3030E+00 -1.9487E-01
  9.5456E+00  5.4261E+00 -2.2356E-01
  9.6168E+00  5.4415E+00 -1.4407E-01
  9.5700E+00  5.4137E+00  7.9905E-02
  9.5959E+00  5.4882E+00  2.6245E-01
  9.5903E+00  5.6052E+00  3.2951E-01
  9.5071E+00  5.5553E+00  3.4390E-01
  9.3962E+00  5.3764E+00  2.5334E-01
  9.2977E+00  5.2041E+00  5.6669E-02
  9.3147E+00  4.9942E+00 -2.1844E-02
  9.3510E+00  4.6845E+00 -7.6861E-02
  9.3796E+00  4.3434E+00 -2.5966E-01
  9.2506E+00  4.0126E+00 -4.6091E-01
  9.2478E+00  3.6905E+00 -6.3608E-01
  9.1971E+00  3.3415E+00 -8.3834E-01
  9.0222E+00  3.1569E+00 -1.1005E+00
  8.9310E+00  3.1866E+00 -1.3234E+00
  8.8680E+00  3.3249E+00 -1.4138E+00
  8.6737E+00  3.4180E+00 -1.5038E+00
  8.6187E+00  3.6211E+00 -1.6638E+00
  8.5871E+00  3.8778E+00 -1.7471E+00
  8.3002E+00  3.7860E+00 -1.8325E+00
  8.2423E+00  3.7619E+00 -1.9138E+00
  8.2471E+00  3.8756E+00 -1.9864E+00
  8.1041E+00  3.8563E+00 -2.1151E+00
  8.1569E+00  3.8300E+00 -2.1623E+00
  8.1926E+00  3.6928E+00 -2.2343E+00
  8.1248E+00  3.5816E+00 -2.3497E+00
  8.1268E+00  3.7338E+00 -2.3251E+00
  8.0775E+00  3.6763E+00 -2.3276E+00
  8.0105E+00  3.5469E+00 -2.3873E+00
  8.0838E+00  3.6885E+00 -2.4150E+00
  8.1552E+00  3.7335E+00 -2.4109E+00
  8.0705E+00  3.7234E+00 -2.3098E+00
  8.1716E+00  3.8300E+00 -2.1823E+00
  8.1518E+00  3.7657E+00 -2.0946E+00
  8.0244E+00  3.7236E+00 -1.9362E+00
  8.0558E+00  3.8772E+00 -1.7155E+00
  8.2127E+00  3.8816E+00 -1.4992E+00
  8.1746E+00  3.6077E+00 -1.2770E+00
  8.2842E+00  3.4082E+00 -1.1293E+00
  8.4221E+00  3.5901E+00 -9.7799E-01
  8.3381E+00  3.8393E+00 -7.8910E-01
  8.2746E+00  3.6894E+00 -6.0400E-01
  8.5010E+00  3.6070E+00 -5.1395E-01
  8.7838E+00  3.4681E+00 -5.8090E-01
  8.8178E+00  3.2582E+00 -7.5655E-01
  8.6689E+00  3.3574E+00 -1.0808E+00
  8.3155E+00  3.4588E+00 -1.3366E+00
  8.3401E+00  3.3284E+00 -1.6012E+00
  8.4240E+00  3.3409E+00 -1.8146E+00
  8.2306E+00  3.4936E+00 -1.9258E+00
  8.0793E+00  3.7676E+00 -2.0303E+00
  8.1769E+00  4.0355E+00 -2.0692E+00
  8.1159E+00  4.1178E+00 -2.0314E+00
  8.1676E+00  4.0911E+00 -2.1236E+00
  8.2794E+00  4.0930E+00 -2.2566E+00
  8.2705E+00  4.1274E+00 -2.2239E+00
  8.2916E+00  4.1746E+00 -1.9637E+00
  8.3999E+00  4.0837E+00 -1.7994E+00
  8.4809E+00  3.9519E+00 -1.7312E+00
  8.5039E+00  3.8394E+00 -1.6551E+00
  8.4588E+00  3.7694E+00 -1.4786E+00
  8.3832E+00  3.5933E+00 -1.2852E+00
  8.2913E+00  3.4039E+00 -1.2109E+00
  8.0846E+00  3.3304E+00 -1.2183E+00
  8.0214E+00  3.1619E+00 -1.2130E+00
  8.1579E+00  2.9731E+00 -1.2291E+00
  8.1723E+00  2.9464E+00 -1.2940E+00
  8.0006E+00  2.9991E+00 -1.3474E+00
  7.9795E+00  3.1350E+00 -1.3601E+00
  8.1014E+00  3.0711E+00 -1.2929E+00
  8.1719E+00  3.0895E+00 -1.2995E+00
  8.0798E+00  3.2576E+00 -1.2567E+00
  8.0690E+00  3.4785E+00 -1.1064E+00
  8.3098E+00  3.4618E+00 -1.0269E+00
  8.3958E+00  3.2443E+00 -1.0114E+00
  8.3911E+00  3.1318E+00 -1.0705E+00
  8.3504E+00  3.2285E+00 -1.0843E+00
  8.2254E+00  3.2709E+00 -9.9399E-01
  8.1539E+00  3.2683E+00 -1.0516E+00
  8.0392E+00  3.3678E+00 -1.1642E+00
  7.9810E+00  3.3832E+00 -1.2499E+00
  8.0827E+00  3.4007E+00 -1.3298E+00
  8.1875E+00  3.5272E+00 -1.4603E+00
  8.2051E+00  3.6965E+00 -1.5850E+00
  8.3089E+00  3.8853E+00 -1.6662E+00
  8.5821E+00  4.0716E+00 -1.8058E+00
  8.4978E+00  4.0967E+00 -1.8949E+00
  8.3950E+00  4.1607E+00 -1.9418E+00
  8.5395E+00  4.2171E+00 -2.0395E+00
  8.3501E+00  4.0644E+00 -2.0941E+00
  8.3259E+00  3.8622E+00 -2.1892E+00
  8.3485E+00  3.8264E+00 -2.2326E+00
  8.1194E+00  3.6629E+00 -2.2454E+00
  8.0954E+00  3.5786E+00 -2.2359E+00
  8.2732E+00  3.6795E+00 -2.1625E+00
  8.2795E+00  3.7750E+00 -2.0313E+00
  8.1560E+00  3.9701E+00 -1.9125E+00
  8.1927E+00  4.0908E+00 -1.8332E+00
  8.3368E+00  4.1307E+00 -1.7384E+00
  8.3894E+00  4.0843E+00 -1.7384E+00
  8.3392E+00  3.9950E+00 -1.7498E+00
  8.2756E+00  3.9096E+00 -1.6823E+00
  8.2307E+00  3.7968E+00 -1.6468E+00
  8.1573E+00  3.5839E+00 -1.6649E+00
  8.1515E+00  3.4464E+00 -1.7057E+00
  8.2130E+00  3.4390E+00 -1.6450E+00
  8.2480E+00  3.3635E+00 -1.5397E+00
  8.3275E+00  3.4071E+00 -1.4687E+00
  8.4213E+00  3.6226E+00 -1.4974E+00
  8.4205E+00  3.6594E+00 -1.4785E+00
  8.4858E+00  3.7782E+00 -1.4047E+00
  8.6575E+00  3.8645E+00 -1.3796E+00
  8.6272E+00  3.8373E+00 -1.4708E+00
  8.6362E+00  3.8176E+00 -1.5790E+00
  8.6821E+00  3.8613E+00 -1.5871E+00
  8.5846E+00  3.8554E+00 -1.5718E+00
  8.6741E+00  3.8269E+00 -1.6848E+00
  8.5976E+00  3.8492E+00 -1.7650E+00
  8.5208E+00  3.8784E+00 -1.7395E+00
  8.4876E+00  3.9083E+00 -1.6612E+00
  8.4105E+00  3.8396E+00 -1.6162E+00
  8.3388E+00  3.7970E+00 -1.7214E+00
  8.3160E+00  3.8145E+00 -1.7694E+00
  8.3257E+00  3.7882E+00 -1.7214E+00
  8.2034E+00  3.7093E+00 -1.6945E+00
  8.0453E+00  3.6485E+00 -1.7248E+00
  8.1084E+00  3.6104E+00 -1.7337E+00
  8.1127E+00  3.5463E+00 -1.6692E+00
  8.0241E+00  3.4567E+00 -1.6424E+00
  8.0628E+00  3.5483E+00 -1.6726E+00
  8.1387E+00  3.6448E+00 -1.6534E+00
  8.1890E+00  3.4947E+00 -1.5719E+00
  8.3688E+00  3.4070E+00 -1.5960E+00
  8.5602E+00  3.4885E+00 -1.7228E+00
  8.4688E+00  3.5610E+00 -1.6298E+00
  8.5059E+00  3.7454E+00 -1.4911E+00
  8.6529E+00  3.9184E+00 -1.4975E+00
  8.4450E+00  3.8910E+00 -1.3592E+00
  8.5751E+00  3.8304E+00 -1.3579E+00
  8.7464E+00  3.9315E+00 -1.2635E+00
  8.6041E+00  3.8781E+00 -1.0242E+00
  8.6702E+00  3.8011E+00 -1.0525E+00
  8.7899E+00  3.8092E+00 -1.0561E+00
  8.8889E+00  3.7282E+00 -9.3998E-01
  8.9759E+00  3.7466E+00 -9.8365E-01
  8.8944E+00  3.9073E+00 -1.2177E+00
  8.7736E+00  3.8984E+00 -1.3647E+00
  8.8189E+00  3.7716E+00 -1.4555E+00
  8.7515E+00  3.7597E+00 -1.6221E+00
  8.6324E+00  3.9616E+00 -1.8404E+00
  8.4682E+00  4.1547E+00 -1.9547E+00
  8.3524E+00  4.3384E+00 -2.0635E+00
  8.2433E+00  4.4093E+00 -2.2547E+00
  8.1855E+00  4.2056E+00 -2.4791E+00
  8.1601E+00  4.0496E+00 -2.5608E+00
  8.1320E+00  3.9269E+00 -2.4767E+00
  8.0158E+00  3.8196E+00 -2.2618E+00
  8.0137E+00  3.7754E+00 -2.1812E+00
  8.1423E+00  3.8123E+00 -2.0914E+00
  8.3559E+00  3.8576E+00 -1.9428E+00
  8.4351E+00  4.0140E+00 -1.6308E+00
  8.3641E+00  4.0353E+00 -1.4381E+00
  8.4598E+00  3.8479E+00 -1.4592E+00
  8.6410E+00  3.8443E+00 -1.4976E+00
  8.7442E+00  3.7645E+00 -1.4295E+00
  8.8727E+00  3.6886E+00 -1.3795E+00
  8.9031E+00  3.7039E+00 -1.2863E+00
  8.9403E+00  3.7658E+00 -1.2487E+00
  8.9346E+00  3.9625E+00 -1.1953E+00
  8.8587E+00  4.1405E+00 -1.2126E+00
  8.8576E+00  4.1842E+00 -1.1799E+00
  8.8544E+00  4.0835E+00 -1.2449E+00
  8.8378E+00  3.8524E+00 -1.4136E+00
  8.8461E+00  3.7064E+00 -1.6071E+00
  8.8057E+00  3.7116E+00 -1.7381E+00
  8.6818E+00  3.7294E+00 -1.7713E+00
  8.6509E+00  3.7547E+00 -1.7859E+00
  8.7769E+00  3.7783E+00 -1.8244E+00
  8.8170E+00  3.8967E+00 -1.8363E+00
  8.8156E+00  3.9894E+00 -1.8198E+00
  8.8175E+00  3.9656E+00 -1.8310E+00
  8.8929E+00  3.8956E+00 -1.8047E+00
  8.9823E+00  3.8587E+00 -1.8259E+00
  8.8812E+00  3.7311E+00 -1.8547E+00
  8.8949E+00  3.5987E+00 -1.8507E+00
  8.7593E+00  3.5886E+00 -1.8765E+00
  8.5376E+00  3.5571E+00 -2.0021E+00
  8.5548E+00  3.4857E+00 -2.1460E+00
  8.4379E+00  3.4638E+00 -2.2597E+00
  8.4038E+00  3.4177E+00 -2.3491E+00
  8.3797E+00  3.5226E+00 -2.4468E+00
  8.1892E+00  3.7377E+00 -2.5230E+00
  8.0883E+00  3.9327E+00 -2.5512E+00
  8.1790E+00  4.0291E+00 -2.5628E+00
  8.2137E+00  4.0660E+00 -2.5483E+00
  8.2458E+00  4.1480E+00 -2.4911E+00
  8.3229E+00  4.2432E+00 -2.3696E+00
  8.3888E+00  4.2957E+00 -2.2100E+00
  8.4838E+00  4.2262E+00 -2.0975E+00
  8.6174E+00  4.1216E+00 -1.9774E+00
  8.6283E+00  4.1343E+00 -1.7907E+00
  8.5072E+00  4.1760E+00 -1.5228E+00
  8.5739E+00  4.1314E+00 -1.3386E+00
  8.5813E+00  4.1713E+00 -1.1632E+00
  8.5732E+00  4.2828E+00 -1.0230E+00
  8.6766E+00  4.3664E+00 -9.4771E-01
  8.8023E+00  4.3965E+00 -8.4081E-01
  8.7659E+00  4.3029E+00 -7.6151E-01
  8.8219E+00  4.2561E+00 -7.4866E-01
  8.9673E+00  4.1919E+00 -7.6460E-01
  8.8634E+00  4.0390E+00 -7.0544E-01
  8.7622E+00  3.9980E+00 -7.5072E-01
  8.7957E+00  4.0881E+00 -8.5281E-01
  8.7360E+00  3.9672E+00 -8.5268E-01
  8.7058E+00  3.9030E+00 -8.4327E-01
  8.7477E+00  4.0380E+00 -9.6549E-01
  8.7243E+00  4.1823E+00 -1.1264E+00
  8.6114E+00  4.0554E+00 -1.1119E+00
  8.7514E+00  4.0326E+00 -1.2410E+00
  8.9312E+00  4.1794E+00 -1.4533E+00
  8.8439E+00  4.2310E+00 -1.5222E+00
  8.7926E+00  4.4074E+00 -1.6063E+00
  8.9466E+00  4.5443E+00 -1.7171E+00
  8.9715E+00  4.6159E+00 -1.7597E+00
  8.8658E+00  4.7930E+00 -1.7805E+00
  8.9155E+00  4.8065E+00 -1.8103E+00
  9.0114E+00  4.7159E+00 -1.7665E+00
  9.0896E+00  4.6282E+00 -1.7591E+00
  9.0780E+00  4.4635E+00 -1.5657E+00
  9.1260E+00  4.3339E+00 -1.5286E+00
  9.2502E+00  4.2226E+00 -1.5346E+00
  9.1856E+00  4.1704E+00 -1.5039E+00
  9.0296E+00  4.0827E+00 -1.4977E+00
  8.9887E+00  3.8641E+00 -1.4905E+00
  8.8882E+00  3.8931E+00 -1.5633E+00
  8.7902E+00  4.0692E+00 -1.7064E+00
  8.8334E+00  4.0729E+00 -1.8792E+00
  8.8543E+00  4.0660E+00 -1.9976E+00
  8.8788E+00  3.9143E+00 -2.0241E+00
  8.8476E+00  3.7777E+00 -1.9879E+00
  8.8546E+00  3.6363E+00 -1.9179E+00
  8.8521E+00  3.5439E+00 -1.8669E+00
  8.7965E+00  3.5001E+00 -1.7743E+00
  8.8032E+00  3.4345E+00 -1.7327E+00
  8.7086E+00  3.4805E+00 -1.6694E+00
  8.5656E+00  3.5730E+00 -1.6101E+00
  8.5120E+00  3.6981E+00 -1.6256E+00
  8.5281E+00  3.8275E+00 -1.6490E+00
  8.4869E+00  4.0165E+00 -1.6439E+00
  8.5456E+00  4.1550E+00 -1.6485E+00
  8.6970E+00  4.1580E+00 -1.6578E+00
  8.7651E+00  4.2191E+00 -1.6641E+00
  8.8800E+00  4.1554E+00 -1.6156E+00
  8.9809E+00  4.1146E+00 -1.6459E+00
  9.0523E+00  4.0575E+00 -1.7248E+00
  9.0655E+00  3.8888E+00 -1.7426E+00
  8.8356E+00  3.8906E+00 -1.7761E+00
  8.6302E+00  3.8121E+00 -1.8484E+00
  8.3497E+00  3.9237E+00 -1.9672E+00
  8.3605E+00  3.9242E+00 -2.1857E+00
  8.3166E+00  3.9506E+00 -2.3421E+00
  8.2101E+00  4.0784E+00 -2.4850E+00
  8.1963E+00  4.1342E+00 -2.6120E+00
  8.2487E+00  4.1443E+00 -2.6206E+00
  8.3558E+00  4.0418E+00 -2.6629E+00
  8.3875E+00  4.1131E+00 -2.6791E+00
  8.3562E+00  4.3743E+00 -2.6530E+00
  8.4433E+00  4.4706E+00 -2.6549E+00
  8.4101E+00  4.4571E+00 -2.5567E+00
  8.2504E+00  4.6485E+00 -2.3503E+00
  8.3083E+00  4.8777E+00 -2.2863E+00
  8.2966E+00  5.0338E+00 -2.1371E+00
  8.2318E+00  5.0750E+00 -2.0573E+00
  8.2219E+00  5.0668E+00 -2.1284E+00
  8.0223E+00  5.1409E+00 -2.1689E+00
  7.8874E+00  5.1160E+00 -1.9390E+00
  7.8970E+00  5.0012E+00 -1.7582E+00
  7.8163E+00  5.0040E+00 -1.6747E+00
  7.6854E+00  5.0485E+00 -1.6567E+00
  7.6680E+00  5.1341E+00 -1.5996E+00
  7.6252E+00  5.1821E+00 -1.4770E+00
  7.6809E+00  5.0773E+00 -1.6331E+00
  7.6670E+00  5.0171E+00 -1.8613E+00
  7.6565E+00  5.0123E+00 -2.1134E+00
  7.7264E+00  4.9636E+00 -2.4509E+00
  7.7256E+00  4.9537E+00 -2.6179E+00
  7.6354E+00  4.9566E+00 -2.6492E+00
  7.6188E+00  5.0030E+00 -2.6511E+00
  7.6901E+00  5.1068E+00 -2.6271E+00
  7.6916E+00  5.0875E+00 -2.6733E+00
  7.5408E+00  5.0466E+00 -2.6846E+00
  7.3730E+00  5.0385E+00 -2.5795E+00
  7.3542E+00  5.0972E+00 -2.4232E+00
  7.3856E+00  5.1041E+00 -2.3249E+00
  7.2622E+00  5.0026E+00 -2.2964E+00
  7.1449E+00  4.9901E+00 -2.2467E+00
  7.1784E+00  5.0427E+00 -2.1449E+00
  7.2426E+00  4.9789E+00 -2.0220E+00
  7.3457E+00  4.8722E+00 -2.0236E+00
  7.3898E+00  4.7845E+00 -2.1111E+00
  7.3229E+00  4.6359E+00 -2.0553E+00
  7.4181E+00  4.6648E+00 -2.1272E+00
  7.5389E+00  4.8071E+00 -2.3386E+00
  7.5958E+00  4.7924E+00 -2.4507E+00
  7.6902E+00  4.8438E+00 -2.3644E+00
  7.8519E+00  4.9019E+00 -2.2399E+00
  7.8785E+00  4.8148E+00 -2.0873E+00
  7.9270E+00  4.7166E+00 -2.0338E+00
  8.0642E+00  4.7143E+00 -2.0914E+00
  8.0110E+00  4.5744E+00 -1.9601E+00
  7.7572E+00  4.5999E+00 -1.8443E+00
  7.5902E+00  4.7665E+00 -1.8911E+00
  7.3790E+00  4.7138E+00 -1.9176E+00
  7.2362E+00  4.7919E+00 -1.9915E+00
  7.1141E+00  5.0453E+00 -2.0550E+00
  7.0289E+00  5.2195E+00 -2.1442E+00
  6.9600E+00  5.1626E+00 -2.2091E+00
  6.8347E+00  4.9789E+00 -2.2951E+00
  6.7814E+00  5.0165E+00 -2.3567E+00
  6.7403E+00  5.1936E+00 -2.3260E+00
  6.7825E+00  5.2114E+00 -2.5101E+00
  6.7307E+00  5.1954E+00 -2.5880E+00
  6.6025E+00  5.2826E+00 -2.6768E+00
  6.5432E+00  5.3942E+00 -2.8117E+00
  6.5060E+00  5.3983E+00 -2.7270E+00
  6.5283E+00  5.3424E+00 -2.7818E+00
  6.5448E+00  5.3086E+00 -2.7758E+00
  6.5695E+00  5.1917E+00 -2.7990E+00
  6.6484E+00  5.1644E+00 -2.7022E+00
  6.7136E+00  5.1806E+00 -2.5008E+00
  6.8377E+00  5.0758E+00 -2.5448E+00
  6.9162E+00  5.0072E+00 -2.6392E+00
  6.9879E+00  4.8895E+00 -2.8180E+00
  6.9660E+00  4.8793E+00 -2.8527E+00
  6.9215E+00  4.8889E+00 -2.8916E+00
  6.8221E+00  4.8852E+00 -2.9875E+00
  6.8058E+00  5.0485E+00 -3.0010E+00
  6.8618E+00  5.0889E+00 -3.0303E+00
  6.9214E+00  5.0708E+00 -3.0515E+00
  7.0732E+00  5.1842E+00 -3.0683E+00
  7.1206E+00  5.0796E+00 -2.9810E+00
  7.2461E+00  4.9600E+00 -2.7799E+00
  7.4004E+00  4.8799E+00 -2.7500E+00
  7.3429E+00  4.8113E+00 -2.6433E+00
  7.3188E+00  4.8642E+00 -2.6103E+00
  7.1891E+00  4.7995E+00 -2.5918E+00
  6.9669E+00  4.9390E+00 -2.5321E+00
  6.8219E+00  5.2463E+00 -2.6002E+00
  6.7401E+00  5.4070E+00 -2.7141E+00
  6.7941E+00  5.5192E+00 -2.8686E+00
  6.7518E+00  5.5999E+00 -2.9432E+00
  6.6012E+00  5.5679E+00 -2.9242E+00
  6.7510E+00  5.4807E+00 -3.1055E+00
  6.8034E+00  5.3123E+00 -3.1015E+00
  6.8055E+00  5.1919E+00 -3.0079E+00
  6.8527E+00  5.3184E+00 -2.8061E+00
  6.9150E+00  5.4555E+00 -2.6290E+00
