  8.8127E+00  5.8562E+00 -3.9385E-02
  8.7697E+00  6.0045E+00 -2.3688E-01
  8.6967E+00  6.0264E+00 -3.9991E-01
  8.8011E+00  5.9667E+00 -4.4188E-01
  8.9667E+00  5.8987E+00 -2.7845E-01
  8.9565E+00  5.8228E+00 -4.1962E-02
  8.8901E+00  5.8716E+00  7.7018E-02
  8.9370E+00  5.9505E+00  1.5859E-01
  8.8238E+00  6.0267E+00  2.8224E-01
  8.8377E+00  6.1350E+00  3.6389E-01
  8.7256E+00  6.1899E+00  4.4331E-01
  8.6958E+00  6.2155E+00  5.4015E-01
  8.6032E+00  6.2379E+00  6.1163E-01
  8.5527E+00  6.1660E+00  7.0352E-01
  8.5876E+00  6.0976E+00  8.0883E-01
  8.6655E+00  6.0453E+00  9.0339E-01
  8.7022E+00  6.0063E+00  1.0069E+00
  8.7313E+00  5.9938E+00  1.0882E+00
  8.7861E+00  6.0289E+00  1.1399E+00
  8.7536E+00  6.0581E+00  1.2250E+00
  8.7486E+00  6.1571E+00  1.2487E+00
  8.7688E+00  6.2405E+00  1.1506E+00
  8.7233E+00  6.1780E+00  1.0445E+00
  8.6004E+00  6.2185E+00  9.7821E-01
  8.4747E+00  6.2202E+00  9.6713E-01
  8.4463E+00  6.2482E+00  9.8933E-01
  8.4414E+00  6.4423E+00  1.0525E+00
  8.5029E+00  6.8477E+00  1.0995E+00
  8.4465E+00  7.1373E+00  1.1571E+00
  8.3482E+00  6.9483E+00  1.2597E+00
  8.1855E+00  7.0920E+00  1.4323E+00
  8.0492E+00  7.0326E+00  1.6838E+00
  8.0366E+00  7.0512E+00  1.7910E+00
  8.1180E+00  7.1858E+00  1.9016E+00
  8.2041E+00  7.2798E+00  1.9727E+00
  8.1069E+00  7.3349E+00  1.8723E+00
  7.8531E+00  7.2376E+00  1.7865E+00
  7.7144E+00  7.3129E+00  1.6577E+00
  7.5593E+00  7.4776E+00  1.6584E+00
  7.4191E+00  7.5024E+00  1.5810E+00
  7.4234E+00  7.5615E+00  1.6026E+00
  7.5033E+00  7.6565E+00  1.7644E+00
  7.6217E+00  7.6916E+00  1.8376E+00
  7.6859E+00  7.7460E+00  1.7680E+00
  7.8504E+00  7.8891E+00  1.7161E+00
  8.0109E+00  7.8747E+00  1.5756E+00
  8.0122E+00  7.6367E+00  1.4316E+00
  7.9733E+00  7.6857E+00  1.4992E+00
  7.9566E+00  7.9284E+00  1.6090E+00
  7.8592E+00  8.0873E+00  1.6850E+00
  7.7898E+00  8.0737E+00  1.6523E+00
  7.8000E+00  8.1036E+00  1.4875E+00
  7.7776E+00  8.2289E+00  1.2113E+00
  7.6657E+00  8.5463E+00  9.8631E-01
  7.7185E+00  8.8335E+00  1.1783E+00
  7.6834E+00  8.9906E+00  1.2022E+00
  7.5616E+00  9.1355E+00  9.9805E-01
  7.2882E+00  9.2148E+00  1.0461E+00
  7.1084E+00  9.3755E+00  1.3042E+00
  7.0935E+00  9.6554E+00  1.3521E+00
  7.0748E+00  9.7339E+00  1.3734E+00
  7.0777E+00  9.8788E+00  1.6384E+00
  7.1645E+00  1.0034E+01  1.5540E+00
  7.1109E+00  9.9754E+00  1.5157E+00
  7.1600E+00  9.8684E+00  1.5677E+00
  7.2829E+00  9.7244E+00  1.4094E+00
  7.2608E+00  9.5405E+00  1.2594E+00
  7.2493E+00  9.5068E+00  1.1941E+00
  7.3306E+00  9.5471E+00  1.1670E+00
  7.4166E+00  9.5490E+00  1.1707E+00
  7.5342E+00  9.6413E+00  1.0886E+00
  7.6343E+00  9.6637E+00  1.0679E+00
  7.6313E+00  9.6758E+00  1.1545E+00
  7.5910E+00  9.7065E+00  1.3555E+00
  7.6765E+00  9.7017E+00  1.5735E+00
  7.6169E+00  9.5408E+00  1.7270E+00
  7.5399E+00  9.4249E+00  1.7501E+00
  7.6983E+00  9.6230E+00  1.9513E+00
  7.6387E+00  9.8555E+00  2.0347E+00
  7.6055E+00  9.7271E+00  1.9621E+00
  7.8535E+00  9.5876E+00  1.7864E+00
  7.7771E+00  9.7144E+00  1.7838E+00
  7.6020E+00  9.8644E+00  1.5816E+00
  7.5474E+00  9.8408E+00  1.4461E+00
  7.4345E+00  9.8475E+00  1.4511E+00
  7.3266E+00  9.8438E+00  1.2513E+00
  7.2018E+00  9.8076E+00  1.0430E+00
  7.2082E+00  9.6913E+00  1.0187E+00
  7.2577E+00  9.5983E+00  1.0369E+00
  7.1982E+00  9.6864E+00  1.0647E+00
  7.1872E+00  9.6379E+00  1.0422E+00
  7.3285E+00  9.6279E+00  1.2567E+00
  7.3821E+00  9.6602E+00  1.5017E+00
  7.2759E+00  9.5935E+00  1.4977E+00
  7.0882E+00  9.5107E+00  1.4965E+00
  7.1282E+00  9.4918E+00  1.6332E+00
  7.1391E+00  9.3682E+00  1.6295E+00
  7.0535E+00  9.2859E+00  1.5643E+00
  6.9841E+00  9.2219E+00  1.4124E+00
  7.0702E+00  9.1534E+00  1.3083E+00
  7.2429E+00  9.1644E+00  1.3478E+00
  7.3005E+00  9.3332E+00  1.4539E+00
  7.3420E+00  9.5325E+00  1.4616E+00
  7.4299E+00  9.6312E+00  1.4807E+00
  7.5144E+00  9.7728E+00  1.7549E+00
  7.4613E+00  9.9890E+00  1.8751E+00
  7.4499E+00  9.9339E+00  1.9166E+00
  7.6210E+00  9.7888E+00  2.0818E+00
  7.7128E+00  9.7257E+00  2.0899E+00
  7.6625E+00  9.6494E+00  1.9896E+00
  7.7203E+00  9.5231E+00  1.8506E+00
  7.6156E+00  9.3711E+00  1.7653E+00
  7.3304E+00  9.3224E+00  1.5417E+00
  7.2731E+00  9.3588E+00  1.2986E+00
  7.3115E+00  9.4814E+00  1.4011E+00
  7.2261E+00  9.6622E+00  1.5029E+00
  7.2988E+00  9.5666E+00  1.3064E+00
  7.2004E+00  9.4162E+00  1.3152E+00
  7.3873E+00  9.3987E+00  1.3641E+00
  7.4019E+00  9.5147E+00  1.3926E+00
  7.3791E+00  9.4358E+00  1.4106E+00
  7.5368E+00  9.1589E+00  1.4257E+00
  7.4686E+00  9.0389E+00  1.4872E+00
  7.5267E+00  9.0647E+00  1.5163E+00
  7.6299E+00  9.2179E+00  1.5870E+00
  7.5593E+00  9.4465E+00  1.6960E+00
  7.4349E+00  9.6940E+00  1.6792E+00
  7.4661E+00  9.8131E+00  1.6830E+00
  7.5487E+00  9.8058E+00  1.7790E+00
  7.3782E+00  9.8704E+00  1.7062E+00
  7.3061E+00  9.7087E+00  1.6132E+00
  7.3748E+00  9.4578E+00  1.6971E+00
  7.2697E+00  9.3531E+00  1.7884E+00
  7.3216E+00  9.3064E+00  1.7935E+00
  7.3868E+00  9.1784E+00  1.8558E+00
  7.3762E+00  9.0302E+00  1.7488E+00
  7.5180E+00  9.0694E+00  1.7397E+00
  7.5111E+00  9.2620E+00  1.9246E+00
  7.4294E+00  9.4883E+00  1.9179E+00
  7.6328E+00  9.4858E+00  1.8649E+00
  7.8315E+00  9.4921E+00  1.8739E+00
  7.9068E+00  9.4623E+00  1.7935E+00
  7.9625E+00  9.3693E+00  1.5943E+00
  7.9693E+00  9.3040E+00  1.5156E+00
  8.0084E+00  9.4077E+00  1.5028E+00
  7.9959E+00  9.4995E+00  1.5024E+00
  7.9727E+00  9.3451E+00  1.3335E+00
  7.9028E+00  9.1048E+00  1.1501E+00
  7.6871E+00  8.9859E+00  1.3092E+00
  7.7539E+00  9.2081E+00  1.1900E+00
  7.6738E+00  9.6390E+00  1.2336E+00
  7.5579E+00  9.9726E+00  1.4923E+00
  7.6084E+00  9.8783E+00  1.7023E+00
  7.4953E+00  9.7101E+00  1.8828E+00
  7.6762E+00  9.8724E+00  1.8669E+00
  7.7208E+00  9.9610E+00  1.9904E+00
  7.5445E+00  9.8811E+00  2.1461E+00
  7.4499E+00  9.6513E+00  2.0350E+00
  7.5638E+00  9.4612E+00  2.0128E+00
  7.2676E+00  9.3249E+00  2.0493E+00
  7.1105E+00  9.1261E+00  1.7576E+00
  7.1283E+00  9.0482E+00  1.3190E+00
  7.2477E+00  9.2218E+00  1.1473E+00
  7.0288E+00  9.3924E+00  1.3424E+00
  7.0191E+00  9.3086E+00  1.2990E+00
  7.2571E+00  9.1667E+00  1.1914E+00
  7.2009E+00  9.1043E+00  1.3463E+00
  7.2284E+00  9.1516E+00  1.4314E+00
  7.3870E+00  9.2161E+00  1.3544E+00
  7.2614E+00  9.1708E+00  1.3847E+00
  7.2853E+00  9.2118E+00  1.2571E+00
  7.4376E+00  9.2158E+00  1.0081E+00
  7.2543E+00  9.2634E+00  1.0722E+00
  7.3421E+00  9.2106E+00  1.3592E+00
  7.3588E+00  9.1376E+00  1.6182E+00
  7.1083E+00  9.1405E+00  1.7667E+00
  7.1421E+00  9.1196E+00  1.5631E+00
  7.3047E+00  9.0874E+00  1.6033E+00
  7.1676E+00  9.0685E+00  1.7075E+00
  7.0700E+00  9.1013E+00  1.6380E+00
  7.1818E+00  9.1424E+00  1.4426E+00
  7.3448E+00  9.2106E+00  1.4099E+00
  7.3576E+00  9.3113E+00  1.5324E+00
  7.4838E+00  9.4748E+00  1.4054E+00
  7.7227E+00  9.4876E+00  1.3212E+00
  7.7452E+00  9.3304E+00  1.3302E+00
  7.7428E+00  9.2436E+00  1.3682E+00
  7.8156E+00  9.1957E+00  1.2469E+00
  7.5778E+00  9.0662E+00  1.1782E+00
  7.4507E+00  9.0404E+00  1.2109E+00
  7.4726E+00  9.1593E+00  1.2162E+00
  7.3499E+00  9.2523E+00  1.2384E+00
  7.1506E+00  9.2775E+00  1.3955E+00
  7.1501E+00  9.1740E+00  1.4299E+00
  7.1495E+00  9.2125E+00  1.3763E+00
  7.1721E+00  9.1586E+00  1.3762E+00
  7.2952E+00  8.9355E+00  1.4041E+00
  7.3733E+00  8.8949E+00  1.4421E+00
  7.4836E+00  8.9440E+00  1.5136E+00
  7.7258E+00  8.8020E+00  1.5938E+00
  7.6665E+00  8.8443E+00  1.6369E+00
  7.5856E+00  9.0348E+00  1.5567E+00
  7.8145E+00  9.0950E+00  1.5857E+00
  7.6524E+00  9.0909E+00  1.5990E+00
  7.3278E+00  9.3684E+00  1.4142E+00
  7.2992E+00  9.3715E+00  1.0587E+00
  7.1879E+00  9.3269E+00  1.1003E+00
  7.0616E+00  9.3795E+00  1.3146E+00
  7.2557E+00  9.3626E+00  1.2855E+00
  7.2538E+00  9.3490E+00  1.0979E+00
  7.2914E+00  9.4010E+00  1.3577E+00
  7.5380E+00  9.3106E+00  1.5902E+00
  7.6881E+00  9.2505E+00  1.6269E+00
  7.6397E+00  9.3889E+00  1.5822E+00
  7.6491E+00  9.4712E+00  1.5617E+00
  7.9678E+00  9.4620E+00  1.6852E+00
  7.9947E+00  9.5692E+00  1.6158E+00
  7.8148E+00  9.5667E+00  1.4587E+00
  7.7761E+00  9.5598E+00  1.4560E+00
  7.7683E+00  9.6305E+00  1.4725E+00
  7.6555E+00  9.6686E+00  1.4067E+00
  7.5353E+00  9.6151E+00  1.3357E+00
  7.4986E+00  9.5683E+00  1.3799E+00
  7.4374E+00  9.4570E+00  1.4455E+00
  7.2464E+00  9.3507E+00  1.5276E+00
  7.1885E+00  9.2116E+00  1.6283E+00
  7.1907E+00  9.1629E+00  1.6939E+00
  7.2540E+00  9.3210E+00  1.7988E+00
  7.4117E+00  9.6457E+00  2.0081E+00
  7.6003E+00  9.8246E+00  2.1984E+00
  7.7090E+00  1.0014E+01  2.2381E+00
  7.7219E+00  1.0238E+01  2.2123E+00
  7.8297E+00  1.0303E+01  2.2448E+00
  7.8217E+00  1.0205E+01  2.0549E+00
  7.6651E+00  1.0174E+01  2.0358E+00
  7.6803E+00  9.9364E+00  2.0357E+00
  7.6820E+00  9.7158E+00  2.0655E+00
  7.6842E+00  9.6055E+00  2.0541E+00
  7.5801E+00  9.6203E+00  2.0607E+00
  7.5994E+00  9.5076E+00  1.9101E+00
  7.5889E+00  9.4863E+00  2.0923E+00
  7.6045E+00  9.5798E+00  2.0548E+00
  7.6338E+00  9.4935E+00  1.9067E+00
  7.6194E+00  9.4133E+00  1.9329E+00
  7.7568E+00  9.4348E+00  1.8874E+00
  7.9206E+00  9.4160E+00  1.8393E+00
  8.0236E+00  9.4843E+00  2.0052E+00
  8.1085E+00  9.4550E+00  2.2524E+00
  8.1285E+00  9.3681E+00  2.2778E+00
  8.1203E+00  9.3646E+00  2.0895E+00
  8.1367E+00  9.4557E+00  2.0293E+00
  8.0249E+00  9.4773E+00  1.9983E+00
  7.9317E+00  9.5865E+00  1.7579E+00
  7.8811E+00  9.6401E+00  1.6836E+00
  7.6961E+00  9.5542E+00  1.8388E+00
  7.5716E+00  9.4933E+00  1.7517E+00
  7.4627E+00  9.6583E+00  1.6942E+00
  7.3500E+00  9.6670E+00  1.7113E+00
  7.3254E+00  9.5284E+00  1.6016E+00
  7.4760E+00  9.4739E+00  1.5769E+00
  7.6380E+00  9.5504E+00  1.7755E+00
  7.8088E+00  9.6013E+00  1.8992E+00
  7.9299E+00  9.4884E+00  2.0881E+00
  7.9780E+00  9.5048E+00  2.1932E+00
  7.9905E+00  9.4931E+00  2.3290E+00
  7.9475E+00  9.4454E+00  2.3574E+00
  7.9557E+00  9.3645E+00  2.2511E+00
  7.8835E+00  9.5247E+00  2.1494E+00
  7.7576E+00  9.6170E+00  2.1280E+00
  7.7320E+00  9.6037E+00  2.1677E+00
  7.7249E+00  9.6282E+00  2.4505E+00
  7.7162E+00  9.6460E+00  2.6389E+00
  7.6581E+00  9.6646E+00  2.7197E+00
  7.5097E+00  9.6492E+00  2.6992E+00
  7.4059E+00  9.5803E+00  2.6194E+00
  7.3941E+00  9.5122E+00  2.6366E+00
  7.3968E+00  9.5363E+00  2.6970E+00
  7.4936E+00  9.5573E+00  2.6384E+00
  7.5444E+00  9.5600E+00  2.5256E+00
  7.5486E+00  9.4584E+00  2.5972E+00
  7.5087E+00  9.3277E+00  2.8039E+00
  7.4801E+00  9.1530E+00  2.8662E+00
  7.4057E+00  8.9924E+00  2.8549E+00
  7.3384E+00  8.8007E+00  2.7836E+00
  7.2239E+00  8.5621E+00  2.8781E+00
  7.1623E+00  8.5141E+00  3.0081E+00
  7.1305E+00  8.6123E+00  3.0643E+00
  7.2711E+00  8.5945E+00  3.0172E+00
  7.3241E+00  8.6506E+00  2.9943E+00
  7.4539E+00  8.9798E+00  2.8744E+00
  7.4082E+00  9.3307E+00  2.7945E+00
  7.4660E+00  9.3987E+00  2.7414E+00
  7.6740E+00  9.3818E+00  2.5922E+00
  7.6155E+00  9.5027E+00  2.5305E+00
  7.6268E+00  9.4765E+00  2.4649E+00
  7.7686E+00  9.3116E+00  2.4320E+00
  7.6930E+00  9.1311E+00  2.5164E+00
  7.6186E+00  9.1772E+00  2.5998E+00
  7.5792E+00  9.1624E+00  2.6132E+00
  7.5309E+00  9.0030E+00  2.6310E+00
  7.4233E+00  9.0619E+00  2.6229E+00
  7.3358E+00  9.0698E+00  2.5403E+00
  7.3081E+00  9.0113E+00  2.4132E+00
  7.4011E+00  8.9622E+00  2.3057E+00
  7.3951E+00  9.0397E+00  2.2218E+00
  7.5375E+00  9.0508E+00  2.0965E+00
  7.5697E+00  9.0461E+00  2.2189E+00
  7.6735E+00  9.2488E+00  2.2732E+00
  7.7612E+00  9.4563E+00  2.2742E+00
  7.7039E+00  9.5840E+00  2.3351E+00
  7.6027E+00  9.7661E+00  2.3838E+00
  7.6336E+00  1.0086E+01  2.3557E+00
  7.6647E+00  1.0264E+01  2.3278E+00
  7.5516E+00  1.0324E+01  2.3535E+00
  7.5255E+00  1.0126E+01  2.2967E+00
  7.5274E+00  1.0115E+01  2.0284E+00
  7.4017E+00  9.8613E+00  2.0804E+00
  7.5070E+00  9.7442E+00  1.9869E+00
  7.7310E+00  9.6121E+00  1.7616E+00
  7.8629E+00  9.3137E+00  1.6530E+00
  7.8740E+00  9.0052E+00  1.7098E+00
  8.1880E+00  9.0764E+00  1.6482E+00
  8.1150E+00  9.0055E+00  1.7534E+00
  8.0015E+00  9.0672E+00  1.9741E+00
  8.0359E+00  9.1730E+00  2.0039E+00
  8.1338E+00  9.5412E+00  2.1095E+00
  8.0520E+00  9.6989E+00  2.1118E+00
  7.8186E+00  9.8066E+00  1.9384E+00
  7.8537E+00  9.8625E+00  1.9827E+00
  8.0018E+00  9.7830E+00  1.8973E+00
  7.9353E+00  9.7408E+00  1.7545E+00
  7.6962E+00  9.6748E+00  1.6282E+00
  7.9213E+00  9.4657E+00  1.5221E+00
  7.7495E+00  9.4658E+00  1.5833E+00
  7.5005E+00  9.3855E+00  1.6085E+00
  7.3806E+00  9.2774E+00  1.6777E+00
  7.4491E+00  9.2809E+00  1.6866E+00
  7.4926E+00  9.2418E+00  1.7534E+00
  7.7255E+00  9.3475E+00  1.8029E+00
  7.8841E+00  9.4787E+00  1.8417E+00
  7.8578E+00  9.5254E+00  1.9243E+00
  8.0712E+00  9.5011E+00  1.7539E+00
  8.1106E+00  9.5618E+00  1.7277E+00
  8.0920E+00  9.5705E+00  1.7439E+00
  8.1126E+00  9.6021E+00  1.7950E+00
  8.0066E+00  9.4323E+00  1.8839E+00
  7.9197E+00  9.3473E+00  1.7701E+00
  7.7315E+00  9.3705E+00  1.8099E+00
  7.5874E+00  9.5044E+00  1.7997E+00
  7.6003E+00  9.5489E+00  1.8687E+00
  7.6290E+00  9.5393E+00  2.0326E+00
  7.8120E+00  9.4551E+00  2.0558E+00
  8.0173E+00  9.3437E+00  2.0334E+00
  8.2149E+00  9.3594E+00  2.2343E+00
  8.4027E+00  9.4109E+00  2.3868E+00
  8.3805E+00  9.4302E+00  2.3563E+00
  8.2909E+00  9.3393E+00  2.3639E+00
  8.1990E+00  9.2662E+00  2.2947E+00
  8.0626E+00  9.3283E+00  2.1830E+00
  7.9064E+00  9.2699E+00  1.9684E+00
  7.7451E+00  9.0004E+00  1.7821E+00
  7.5931E+00  8.9845E+00  1.6614E+00
  7.5022E+00  9.0736E+00  1.6125E+00
  7.5157E+00  9.1611E+00  1.6679E+00
  7.6282E+00  9.3197E+00  1.6520E+00
  7.7148E+00  9.4992E+00  1.6516E+00
  7.9594E+00  9.6430E+00  1.6762E+00
  8.1265E+00  9.6277E+00  1.7060E+00
  8.0696E+00  9.6024E+00  1.7292E+00
  7.9138E+00  9.5885E+00  1.8005E+00
  7.9682E+00  9.3127E+00  1.7852E+00
  7.9656E+00  9.1262E+00  1.9771E+00
  7.9595E+00  9.1906E+00  1.9555E+00
  8.0825E+00  9.2751E+00  1.7068E+00
  8.0046E+00  9.2937E+00  1.7180E+00
  7.9522E+00  9.0984E+00  1.8978E+00
  8.0626E+00  9.0887E+00  1.8760E+00
  7.9608E+00  9.0834E+00  1.7810E+00
  7.8650E+00  8.8503E+00  1.7251E+00
  7.8618E+00  8.7884E+00  1.8243E+00
  7.9396E+00  8.8638E+00  1.9710E+00
  8.0440E+00  9.0455E+00  1.8421E+00
  7.8836E+00  9.1491E+00  1.6589E+00
  7.9394E+00  9.1390E+00  1.4528E+00
  8.0502E+00  9.3191E+00  1.3739E+00
  8.0356E+00  9.4676E+00  1.1701E+00
  7.8430E+00  9.5788E+00  1.0865E+00
  7.8304E+00  9.5752E+00  1.0930E+00
  7.7813E+00  9.6025E+00  1.1376E+00
  7.6375E+00  9.6958E+00  1.1402E+00
  7.5212E+00  9.8095E+00  1.1000E+00
  7.4138E+00  9.8852E+00  1.0507E+00
  7.3510E+00  9.8086E+00  1.0698E+00
  7.1092E+00  9.7223E+00  1.1881E+00
  7.1293E+00  9.4304E+00  1.1772E+00
  7.1569E+00  9.2956E+00  1.2042E+00
  7.2312E+00  9.2672E+00  1.0255E+00
  7.3731E+00  9.2462E+00  9.9733E-01
  7.5416E+00  9.3279E+00  9.4325E-01
  7.8353E+00  9.4468E+00  8.5771E-01
