  2.8317E+00  5.7979E+00  3.6462E-02
  2.3336E+00  5.8003E+00 -2.1833E-02
  1.9690E+00  5.8895E+00 -2.1829E-01
  1.7904E+00  5.7726E+00 -4.0661E-01
  1.7631E+00  5.7296E+00 -4.6082E-01
  1.7162E+00  5.7888E+00 -4.7300E-01
  1.7659E+00  5.7696E+00 -5.0871E-01
  1.8301E+00  5.8600E+00 -4.9142E-01
  1.8770E+00  5.9645E+00 -4.4958E-01
  1.9596E+00  5.9819E+00 -4.3768E-01
  2.0214E+00  6.0538E+00 -4.5104E-01
  2.0788E+00  6.0976E+00 -4.7165E-01
  2.0948E+00  6.1288E+00 -5.2639E-01
  2.1173E+00  6.1272E+00 -5.8978E-01
  2.0677E+00  6.1499E+00 -6.7665E-01
  2.0162E+00  6.1296E+00 -7.6193E-01
  1.9743E+00  6.1282E+00 -8.3618E-01
  1.9220E+00  6.1285E+00 -9.4154E-01
  1.8824E+00  6.1890E+00 -1.0156E+00
  1.8654E+00  6.2443E+00 -1.0770E+00
  1.9463E+00  6.3206E+00 -1.0717E+00
  2.0183E+00  6.4476E+00 -1.1130E+00
  2.1636E+00  6.4937E+00 -1.1109E+00
  2.3550E+00  6.5812E+00 -1.0175E+00
  2.6218E+00  6.6815E+00 -9.7150E-01
  2.8951E+00  6.8566E+00 -8.7804E-01
  3.0965E+00  7.0998E+00 -7.2122E-01
  3.3738E+00  7.2999E+00 -5.8273E-01
  3.4930E+00  7.7036E+00 -4.1544E-01
  3.0140E+00  7.5406E+00 -4.2576E-01
  2.6777E+00  7.4972E+00 -5.1034E-01
  2.5891E+00  7.4750E+00 -5.0523E-01
  2.6546E+00  7.5192E+00 -4.0291E-01
  2.6096E+00  7.6274E+00 -3.2389E-01
  2.5753E+00  7.7711E+00 -3.0553E-01
  2.7712E+00  7.8382E+00 -1.9515E-01
  3.1101E+00  7.9116E+00  4.2674E-02
  3.3132E+00  7.8188E+00  3.5593E-02
  3.3910E+00  7.8004E+00 -6.9148E-02
  3.5017E+00  7.7842E+00  1.3275E-02
  3.5633E+00  7.8645E+00  4.8583E-02
  3.5670E+00  7.8938E+00 -9.3786E-02
  3.4864E+00  7.9102E+00 -2.4158E-01
  3.4290E+00  7.9335E+00 -3.4138E-01
  3.4334E+00  7.9983E+00 -4.6111E-01
  3.4213E+00  8.0676E+00 -4.8995E-01
  3.2818E+00  8.0216E+00 -5.2297E-01
  3.1573E+00  7.9389E+00 -5.7371E-01
  3.0917E+00  7.8227E+00 -4.8998E-01
  3.0812E+00  7.8323E+00 -3.5530E-01
  3.1313E+00  7.7881E+00 -1.5502E-01
  3.0872E+00  7.6755E+00 -8.0604E-02
  3.1074E+00  7.5321E+00  2.6577E-02
  3.2135E+00  7.4544E+00  9.4830E-02
  3.2173E+00  7.4475E+00 -8.8597E-02
  3.0650E+00  7.2905E+00 -3.0721E-01
  2.9021E+00  7.1718E+00 -5.4577E-01
  2.8920E+00  6.8514E+00 -7.2071E-01
  2.9210E+00  6.5866E+00 -7.1037E-01
  2.9587E+00  6.4265E+00 -6.6743E-01
  2.9796E+00  6.1589E+00 -6.8625E-01
  3.0507E+00  5.7501E+00 -5.6802E-01
  3.2314E+00  5.5648E+00 -2.4945E-01
  3.3928E+00  5.6592E+00 -7.1932E-02
  3.5771E+00  5.9412E+00  8.2465E-02
  3.9013E+00  6.0417E+00  1.9694E-01
  4.0619E+00  6.1185E+00  3.1387E-01
  3.9632E+00  6.3743E+00  3.1834E-01
  4.0157E+00  6.3568E+00  2.0879E-01
  3.9442E+00  6.2849E+00  1.4316E-03
  3.8261E+00  6.3203E+00 -1.3344E-01
  3.7962E+00  6.3960E+00 -2.1465E-01
  3.7591E+00  6.4934E+00 -2.4377E-01
  3.7380E+00  6.4940E+00 -2.8161E-01
  3.7077E+00  6.4020E+00 -4.1601E-01
  3.5952E+00  6.4582E+00 -6.3268E-01
  3.4685E+00  6.4523E+00 -8.0343E-01
  3.4691E+00  6.3055E+00 -8.5797E-01
  3.4026E+00  6.3089E+00 -8.6217E-01
  3.3709E+00  6.3562E+00 -9.7215E-01
  3.2298E+00  6.3794E+00 -1.0900E+00
  3.1816E+00  6.2162E+00 -1.1436E+00
  3.3332E+00  6.1508E+00 -1.0851E+00
  3.6066E+00  6.3019E+00 -9.2661E-01
  3.7365E+00  6.4294E+00 -7.9863E-01
  3.5590E+00  6.3929E+00 -7.2193E-01
  3.4892E+00  6.3728E+00 -5.9782E-01
  3.6060E+00  6.3791E+00 -5.1432E-01
  3.8837E+00  6.3074E+00 -4.7733E-01
  4.0318E+00  6.1410E+00 -4.3179E-01
  3.8450E+00  6.0538E+00 -3.4599E-01
  3.6440E+00  5.9341E+00 -2.3542E-01
  3.6085E+00  5.8122E+00 -1.5759E-01
  3.6710E+00  5.8207E+00 -1.0611E-01
  3.6685E+00  5.9240E+00 -6.4897E-02
  3.6262E+00  5.8811E+00 -5.0769E-02
  3.5502E+00  5.9633E+00 -2.8785E-02
  3.4560E+00  6.2413E+00  8.2485E-03
  3.5602E+00  6.3065E+00 -6.0168E-02
  3.6962E+00  6.3116E+00 -1.8750E-01
  3.6933E+00  6.3766E+00 -2.7751E-01
  3.5945E+00  6.5251E+00 -2.6013E-01
  3.5124E+00  6.3429E+00 -2.1954E-01
  3.4600E+00  6.0566E+00 -2.8193E-01
  3.4647E+00  5.9475E+00 -3.8459E-01
  3.5305E+00  6.0148E+00 -5.2731E-01
  3.6515E+00  5.9507E+00 -6.5840E-01
  3.6426E+00  5.8153E+00 -7.4756E-01
  3.4410E+00  5.9717E+00 -8.3738E-01
  3.4891E+00  6.2430E+00 -9.7217E-01
  3.7493E+00  6.2795E+00 -1.1339E+00
  3.8787E+00  6.2873E+00 -1.2188E+00
  3.8444E+00  6.5199E+00 -1.1989E+00
  3.8618E+00  6.6787E+00 -1.0645E+00
  3.9835E+00  6.6342E+00 -8.7427E-01
  4.1040E+00  6.6265E+00 -6.4692E-01
  4.0741E+00  6.7029E+00 -5.4585E-01
  4.0537E+00  6.7650E+00 -5.7054E-01
  4.0386E+00  6.7543E+00 -5.8158E-01
  3.9079E+00  6.6327E+00 -6.0302E-01
  3.8219E+00  6.5226E+00 -6.1574E-01
  3.8252E+00  6.4983E+00 -5.9447E-01
  3.6860E+00  6.3669E+00 -6.4200E-01
  3.5675E+00  6.1389E+00 -6.2422E-01
  3.4408E+00  6.1403E+00 -5.1889E-01
  3.4364E+00  6.2538E+00 -4.2199E-01
  3.6150E+00  6.2691E+00 -3.6958E-01
  3.6102E+00  6.2866E+00 -3.0691E-01
  3.5366E+00  6.1663E+00 -2.8479E-01
  3.5149E+00  6.0268E+00 -3.0749E-01
  3.5470E+00  5.9661E+00 -3.4436E-01
  3.6656E+00  5.9705E+00 -3.8072E-01
  3.7043E+00  6.0503E+00 -3.6313E-01
  3.8470E+00  6.1341E+00 -3.4152E-01
  3.8541E+00  6.3542E+00 -2.7694E-01
  3.9746E+00  6.2930E+00 -3.2054E-01
  3.8956E+00  6.2679E+00 -2.9304E-01
  3.7275E+00  6.2741E+00 -2.6286E-01
  3.6371E+00  6.2276E+00 -2.8925E-01
  3.5250E+00  6.2965E+00 -2.9214E-01
  3.4455E+00  6.3064E+00 -3.1998E-01
  3.2038E+00  6.2452E+00 -4.0018E-01
  3.1191E+00  6.2574E+00 -5.8057E-01
  3.2877E+00  6.3127E+00 -7.1220E-01
  3.5704E+00  6.4831E+00 -7.7265E-01
  3.8350E+00  6.5252E+00 -7.7876E-01
  3.8727E+00  6.4869E+00 -7.3817E-01
  3.8526E+00  6.4309E+00 -8.0675E-01
  3.8979E+00  6.3638E+00 -9.8393E-01
  3.8789E+00  6.2206E+00 -1.0922E+00
  3.7759E+00  6.0237E+00 -1.0841E+00
  3.6508E+00  5.9683E+00 -9.5131E-01
  3.6193E+00  6.0444E+00 -7.4753E-01
  3.5634E+00  6.1044E+00 -6.1291E-01
  3.5365E+00  6.0603E+00 -4.8660E-01
  3.5840E+00  6.1412E+00 -3.0681E-01
  3.7942E+00  6.2830E+00 -9.9236E-02
  4.0136E+00  6.3555E+00  5.6169E-02
  4.0833E+00  6.2842E+00  1.5955E-01
  4.0409E+00  6.1433E+00  2.8279E-01
  3.9525E+00  6.0553E+00  4.3786E-01
  3.9916E+00  5.9754E+00  5.8480E-01
  4.0425E+00  6.0376E+00  7.0222E-01
  4.0324E+00  6.1403E+00  7.8916E-01
  4.1278E+00  6.2715E+00  8.7684E-01
  4.2878E+00  6.4962E+00  9.7389E-01
  4.4382E+00  6.7743E+00  9.4382E-01
  4.5910E+00  6.9769E+00  7.8666E-01
  4.5422E+00  6.9889E+00  7.3174E-01
  4.4237E+00  6.7703E+00  8.5450E-01
  4.2623E+00  6.5614E+00  1.0119E+00
  4.1566E+00  6.3964E+00  9.5094E-01
  4.0956E+00  6.4111E+00  8.3431E-01
  4.1492E+00  6.5291E+00  7.2352E-01
  4.2965E+00  6.4390E+00  7.7786E-01
  4.3031E+00  6.5280E+00  8.8397E-01
  4.4075E+00  6.5502E+00  9.1781E-01
  4.5110E+00  6.4656E+00  8.4821E-01
  4.4549E+00  6.5093E+00  7.6702E-01
  4.4039E+00  6.4447E+00  7.4400E-01
  4.2706E+00  6.2468E+00  7.5525E-01
  4.1628E+00  6.2340E+00  7.5611E-01
  4.0576E+00  6.3566E+00  7.9381E-01
  4.1174E+00  6.5532E+00  7.3917E-01
  4.3098E+00  6.6381E+00  6.8551E-01
  4.2278E+00  6.7215E+00  7.0972E-01
  4.2561E+00  6.6676E+00  7.0432E-01
  4.4003E+00  6.5546E+00  7.2396E-01
  4.4348E+00  6.4556E+00  7.9163E-01
  4.3933E+00  6.3429E+00  7.1684E-01
  4.2231E+00  6.2951E+00  7.0146E-01
  4.0618E+00  6.2625E+00  8.5951E-01
  4.1199E+00  6.2775E+00  9.2176E-01
  4.2982E+00  6.3936E+00  8.7451E-01
  4.3222E+00  6.6438E+00  9.0352E-01
  4.3920E+00  6.8238E+00  1.0579E+00
  4.4318E+00  6.7307E+00  1.1068E+00
  4.3818E+00  6.6227E+00  1.0390E+00
  4.3844E+00  6.6313E+00  9.6184E-01
  4.5585E+00  6.6655E+00  8.6256E-01
  4.6279E+00  6.7256E+00  9.0874E-01
  4.5949E+00  6.7498E+00  1.2212E+00
  4.6327E+00  6.5401E+00  1.4687E+00
  4.5203E+00  6.2994E+00  1.3562E+00
  4.5039E+00  6.2325E+00  1.1885E+00
  4.4409E+00  6.2056E+00  1.1694E+00
  4.4820E+00  6.1107E+00  1.1865E+00
  4.4760E+00  6.1706E+00  1.0199E+00
  4.4565E+00  6.2642E+00  9.0046E-01
  4.4307E+00  6.2123E+00  8.2711E-01
  4.4917E+00  6.1838E+00  8.6546E-01
  4.5811E+00  6.2700E+00  9.5734E-01
  4.7110E+00  6.4462E+00  9.7253E-01
  4.7497E+00  6.5905E+00  9.2095E-01
  4.8021E+00  6.6276E+00  1.0196E+00
  4.8456E+00  6.6096E+00  1.1121E+00
  4.8620E+00  6.5406E+00  1.0575E+00
  4.8389E+00  6.5630E+00  9.1531E-01
  4.8836E+00  6.5058E+00  7.9834E-01
  4.8088E+00  6.3631E+00  8.6856E-01
  4.6267E+00  6.2695E+00  8.6468E-01
  4.6098E+00  6.2572E+00  9.1036E-01
  4.7121E+00  6.1694E+00  8.3720E-01
  4.6029E+00  6.1816E+00  6.5183E-01
  4.5131E+00  6.1324E+00  5.8636E-01
  4.5980E+00  5.9169E+00  4.8827E-01
  4.5132E+00  5.8793E+00  3.9049E-01
  4.5113E+00  5.9339E+00  2.9002E-01
  4.6030E+00  6.0182E+00  1.9170E-01
  4.7007E+00  6.0977E+00  5.2858E-02
  4.7187E+00  6.0751E+00  1.7324E-01
  4.6556E+00  6.0734E+00  5.1870E-01
  4.6270E+00  6.0454E+00  8.0640E-01
  4.6028E+00  6.1260E+00  9.0597E-01
  4.7505E+00  6.2640E+00  9.4808E-01
  4.8915E+00  6.4218E+00  9.3322E-01
  4.7361E+00  6.6045E+00  1.0445E+00
  4.7756E+00  6.6387E+00  1.2900E+00
  4.8117E+00  6.5699E+00  1.4011E+00
  4.6289E+00  6.4378E+00  1.1633E+00
  4.4668E+00  6.3703E+00  9.6406E-01
  4.2647E+00  6.3422E+00  9.4771E-01
  4.2177E+00  6.1905E+00  9.6857E-01
  4.2004E+00  6.0356E+00  1.0020E+00
  4.2380E+00  5.9569E+00  9.7361E-01
  4.1905E+00  6.0431E+00  9.3961E-01
  4.0899E+00  6.2137E+00  9.4182E-01
  4.2717E+00  6.2467E+00  8.4663E-01
  4.2331E+00  6.3643E+00  8.5526E-01
  4.1365E+00  6.4589E+00  8.9130E-01
  4.2688E+00  6.3409E+00  7.8396E-01
  4.2139E+00  6.2856E+00  8.3647E-01
  4.1346E+00  6.3387E+00  9.4085E-01
  4.1622E+00  6.4051E+00  7.6348E-01
  4.2878E+00  6.3925E+00  5.9170E-01
  4.2427E+00  6.4261E+00  6.1814E-01
  4.2567E+00  6.3945E+00  7.5559E-01
  4.2513E+00  6.2991E+00  9.7134E-01
  4.2009E+00  6.3050E+00  1.1716E+00
  4.2547E+00  6.1899E+00  1.2014E+00
  4.2903E+00  5.9457E+00  1.1821E+00
  4.1457E+00  5.9001E+00  1.3955E+00
  4.2319E+00  5.8049E+00  1.4515E+00
  4.4205E+00  5.6752E+00  1.3237E+00
  4.5397E+00  5.7337E+00  1.2023E+00
  4.5769E+00  5.8399E+00  1.3324E+00
  4.6396E+00  5.6761E+00  1.5119E+00
  4.5748E+00  5.5006E+00  1.4948E+00
  4.4874E+00  5.4708E+00  1.4008E+00
  4.3995E+00  5.5735E+00  1.3844E+00
  4.4143E+00  5.7792E+00  1.3247E+00
  4.5801E+00  5.7527E+00  1.1408E+00
  4.6287E+00  5.8239E+00  1.0601E+00
  4.6601E+00  6.0075E+00  1.1166E+00
  4.8050E+00  6.0258E+00  1.0450E+00
  4.8876E+00  5.9635E+00  9.8600E-01
  4.8133E+00  5.9836E+00  1.0327E+00
  4.8315E+00  6.0172E+00  1.0742E+00
  4.8362E+00  6.0064E+00  9.9000E-01
  4.7530E+00  6.2034E+00  9.9143E-01
  4.7608E+00  6.3520E+00  9.5694E-01
  4.9595E+00  6.3980E+00  8.1244E-01
  5.1438E+00  6.5827E+00  7.0682E-01
  5.2639E+00  6.7321E+00  7.1462E-01
  5.3676E+00  6.7671E+00  6.8693E-01
  5.3579E+00  6.7636E+00  6.2880E-01
  5.1676E+00  6.6549E+00  7.2789E-01
  4.9500E+00  6.5249E+00  8.3977E-01
  4.7943E+00  6.3846E+00  7.0635E-01
  4.5277E+00  6.3622E+00  7.1899E-01
  4.3346E+00  6.3531E+00  7.6853E-01
  4.2860E+00  6.2801E+00  7.1563E-01
  4.3061E+00  6.2029E+00  6.7376E-01
  4.3535E+00  6.2218E+00  6.1457E-01
  4.5023E+00  6.2043E+00  4.4885E-01
  4.7495E+00  6.1913E+00  3.3023E-01
  4.9302E+00  6.3133E+00  2.7951E-01
  5.0558E+00  6.4051E+00  4.2580E-01
  5.1636E+00  6.3405E+00  5.6382E-01
  5.1722E+00  6.4268E+00  7.9581E-01
  5.2551E+00  6.4007E+00  1.0213E+00
  5.2934E+00  6.3347E+00  1.2363E+00
  5.2587E+00  6.3448E+00  1.3682E+00
  5.1930E+00  6.3037E+00  1.5272E+00
  5.2871E+00  6.1257E+00  1.5800E+00
  5.4178E+00  5.9972E+00  1.5689E+00
  5.4371E+00  6.0081E+00  1.6570E+00
  5.3832E+00  6.0169E+00  1.5705E+00
  5.2869E+00  6.0358E+00  1.3927E+00
  5.3172E+00  6.0040E+00  1.4559E+00
  5.4393E+00  6.0110E+00  1.6082E+00
  5.5934E+00  6.1474E+00  1.6540E+00
  5.5579E+00  6.1965E+00  1.5455E+00
  5.6648E+00  6.2201E+00  1.6279E+00
  6.0240E+00  6.1212E+00  1.9205E+00
  6.3129E+00  6.0829E+00  2.0783E+00
  6.4885E+00  6.1159E+00  2.2170E+00
  6.5850E+00  6.0479E+00  2.3826E+00
  6.7501E+00  5.7998E+00  2.5455E+00
  6.9838E+00  5.6946E+00  2.9234E+00
  7.1499E+00  5.6840E+00  3.2879E+00
  7.2479E+00  5.6404E+00  3.4855E+00
  7.3035E+00  5.5779E+00  3.5036E+00
  7.2905E+00  5.6672E+00  3.4384E+00
  7.2113E+00  5.6229E+00  3.3476E+00
  7.1062E+00  5.7241E+00  3.2426E+00
  7.0340E+00  5.8993E+00  3.0825E+00
  6.8078E+00  5.9388E+00  2.8606E+00
  6.6322E+00  6.0206E+00  2.7794E+00
  6.6769E+00  6.0171E+00  2.6897E+00
  6.5872E+00  5.9840E+00  2.4680E+00
  6.4296E+00  6.0642E+00  2.4475E+00
  6.2519E+00  6.0112E+00  2.4703E+00
  6.1474E+00  5.9576E+00  2.4910E+00
  6.1011E+00  5.9715E+00  2.5349E+00
  6.0018E+00  6.0006E+00  2.4914E+00
  5.8816E+00  6.0124E+00  2.5973E+00
  5.8499E+00  6.0071E+00  2.7157E+00
  5.8281E+00  6.1465E+00  2.7068E+00
  5.7518E+00  6.2471E+00  2.6521E+00
  5.7595E+00  6.2394E+00  2.5225E+00
  5.9650E+00  6.1282E+00  2.4866E+00
  6.0988E+00  6.1542E+00  2.4425E+00
  6.0457E+00  6.2424E+00  2.3817E+00
  6.0530E+00  6.3016E+00  2.4366E+00
  6.1278E+00  6.3638E+00  2.6261E+00
  6.0583E+00  6.3443E+00  2.6392E+00
  5.9274E+00  6.3550E+00  2.6502E+00
  5.8913E+00  6.3229E+00  2.5767E+00
  5.8668E+00  6.2396E+00  2.4916E+00
  5.6910E+00  6.1596E+00  2.4116E+00
  5.4369E+00  6.1578E+00  2.3488E+00
  5.3191E+00  6.1351E+00  2.3083E+00
  5.3395E+00  5.9830E+00  2.1822E+00
  5.1935E+00  5.8954E+00  2.2692E+00
  5.0374E+00  5.9802E+00  2.3474E+00
  5.0658E+00  6.0170E+00  2.3341E+00
  5.1209E+00  6.0146E+00  2.5451E+00
  5.0504E+00  5.9514E+00  2.5711E+00
  5.1100E+00  5.9858E+00  2.6334E+00
  5.3461E+00  6.0075E+00  2.8376E+00
  5.4581E+00  5.9538E+00  2.8389E+00
  5.4562E+00  6.0169E+00  2.8315E+00
  5.6337E+00  6.1629E+00  2.8257E+00
  5.8599E+00  6.1323E+00  2.9201E+00
  5.8732E+00  6.0114E+00  2.7614E+00
  5.8791E+00  6.1393E+00  2.6848E+00
  6.1404E+00  6.2918E+00  2.6924E+00
  6.3652E+00  6.1256E+00  2.4204E+00
  6.3691E+00  6.0066E+00  2.5584E+00
  6.3421E+00  5.9268E+00  2.6391E+00
  6.5770E+00  5.7289E+00  2.4470E+00
  6.5769E+00  5.7842E+00  2.2738E+00
  6.3071E+00  5.8114E+00  2.2637E+00
  6.2283E+00  5.5091E+00  2.3348E+00
  6.0571E+00  5.4386E+00  2.2168E+00
  5.9003E+00  5.6397E+00  2.1092E+00
  5.8436E+00  5.9749E+00  2.1344E+00
  6.0297E+00  6.0588E+00  2.2225E+00
  6.0057E+00  5.9172E+00  2.1175E+00
  5.7799E+00  5.7766E+00  2.2206E+00
  5.7651E+00  5.6119E+00  2.4408E+00
  5.8437E+00  5.5363E+00  2.4501E+00
  5.8384E+00  5.5974E+00  2.2492E+00
  5.8036E+00  5.8113E+00  2.2911E+00
  5.7795E+00  5.9241E+00  2.3188E+00
  5.8531E+00  5.9592E+00  2.2606E+00
  5.9933E+00  6.0709E+00  2.2672E+00
  6.1864E+00  6.1559E+00  2.4228E+00
  6.2904E+00  5.9928E+00  2.4675E+00
  6.3329E+00  5.9356E+00  2.3341E+00
  6.4006E+00  6.0723E+00  2.4855E+00
  6.5238E+00  6.1570E+00  2.4843E+00
  6.3711E+00  6.0892E+00  2.1556E+00
  6.2500E+00  6.1346E+00  2.2198E+00
  6.2124E+00  6.1100E+00  2.2836E+00
  6.3187E+00  5.9899E+00  2.2591E+00
  6.2503E+00  5.8553E+00  2.2105E+00
  6.0510E+00  5.7864E+00  2.4058E+00
  5.8120E+00  5.7128E+00  2.4947E+00
