  8.9887E+00  1.1781E+01  1.0021E-01
  9.0271E+00  1.1753E+01  1.5348E-01
  9.2818E+00  1.1540E+01  2.6785E-01
  9.4101E+00  1.1650E+01  3.7808E-01
  9.3256E+00  1.1748E+01  4.1940E-01
  9.1615E+00  1.1606E+01  3.9003E-01
  9.0295E+00  1.1460E+01  2.8434E-01
  9.0387E+00  1.1552E+01  2.8455E-01
  8.9073E+00  1.1501E+01  3.6314E-01
  8.8173E+00  1.1409E+01  4.9441E-01
  8.7527E+00  1.1429E+01  5.9950E-01
  8.6316E+00  1.1399E+01  6.1781E-01
  8.5950E+00  1.1391E+01  6.8658E-01
  8.5176E+00  1.1376E+01  7.6297E-01
  8.4391E+00  1.1334E+01  7.3239E-01
  8.4657E+00  1.1347E+01  6.4417E-01
  8.4434E+00  1.1380E+01  5.5619E-01
  8.4496E+00  1.1359E+01  5.0233E-01
  8.4879E+00  1.1444E+01  4.4967E-01
  8.4741E+00  1.1500E+01  4.1471E-01
  8.4639E+00  1.1547E+01  3.8576E-01
  8.4511E+00  1.1537E+01  2.5928E-01
  8.5245E+00  1.1522E+01  3.1355E-02
  8.6199E+00  1.1615E+01 -2.1462E-01
  8.7108E+00  1.1645E+01 -4.6454E-01
  8.8406E+00  1.1706E+01 -7.9272E-01
  8.9037E+00  1.1634E+01 -1.1870E+00
  8.8480E+00  1.1291E+01 -1.5408E+00
  8.8979E+00  1.0716E+01 -1.8702E+00
  9.1011E+00  1.0242E+01 -2.2555E+00
  9.3199E+00  1.0037E+01 -2.7279E+00
  9.4094E+00  9.9015E+00 -3.2435E+00
  9.4126E+00  9.9879E+00 -3.6371E+00
  9.4280E+00  1.0047E+01 -3.7781E+00
  9.3958E+00  1.0072E+01 -3.6322E+00
  9.2327E+00  1.0312E+01 -3.4713E+00
  8.9847E+00  1.0230E+01 -3.4817E+00
  8.7507E+00  9.9015E+00 -3.5055E+00
  9.0021E+00  9.7266E+00 -3.4590E+00
  9.0857E+00  9.8112E+00 -3.5370E+00
  8.9509E+00  9.7794E+00 -3.6409E+00
  8.7056E+00  9.7124E+00 -3.5742E+00
  8.4590E+00  9.7379E+00 -3.4253E+00
  8.4793E+00  9.7224E+00 -3.2676E+00
  8.5216E+00  9.5770E+00 -3.1911E+00
  8.4244E+00  9.4859E+00 -3.0898E+00
  8.3768E+00  9.4328E+00 -2.9408E+00
  8.3622E+00  9.4535E+00 -2.9195E+00
  8.3235E+00  9.5166E+00 -2.9765E+00
  8.5822E+00  9.6234E+00 -2.9739E+00
  8.8377E+00  9.9188E+00 -3.0330E+00
  9.1452E+00  1.0080E+01 -3.0827E+00
  9.5379E+00  1.0127E+01 -3.0731E+00
  9.9910E+00  1.0393E+01 -3.1061E+00
  1.0517E+01  1.0495E+01 -3.2263E+00
  1.0972E+01  1.0453E+01 -3.3014E+00
  1.1343E+01  1.0480E+01 -3.3243E+00
  1.1656E+01  1.0653E+01 -3.3814E+00
  1.1883E+01  1.0814E+01 -3.4083E+00
  1.1963E+01  1.0720E+01 -3.3938E+00
  1.1957E+01  1.0455E+01 -3.2951E+00
  1.1960E+01  1.0265E+01 -3.2325E+00
  1.2051E+01  1.0387E+01 -3.2525E+00
  1.2034E+01  1.0489E+01 -3.1766E+00
  1.1975E+01  1.0559E+01 -3.0353E+00
  1.1934E+01  1.0559E+01 -2.9491E+00
  1.1842E+01  1.0415E+01 -2.8599E+00
  1.1695E+01  1.0428E+01 -2.7340E+00
  1.1495E+01  1.0482E+01 -2.6581E+00
  1.1274E+01  1.0427E+01 -2.6504E+00
  1.1104E+01  1.0558E+01 -2.5753E+00
  1.0961E+01  1.0728E+01 -2.5598E+00
  1.0760E+01  1.0860E+01 -2.6638E+00
  1.0488E+01  1.0940E+01 -2.6170E+00
  1.0216E+01  1.0856E+01 -2.5228E+00
  1.0009E+01  1.0836E+01 -2.5148E+00
  9.8419E+00  1.1067E+01 -2.6227E+00
  9.7221E+00  1.1049E+01 -2.7851E+00
  9.6035E+00  1.0905E+01 -2.8428E+00
  9.3938E+00  1.1014E+01 -3.0731E+00
  9.3192E+00  1.0976E+01 -3.2568E+00
  9.4406E+00  1.0773E+01 -3.1853E+00
  9.4803E+00  1.0771E+01 -3.0931E+00
  9.3198E+00  1.0930E+01 -3.2508E+00
  9.2779E+00  1.0882E+01 -3.3717E+00
  9.3228E+00  1.0736E+01 -3.3478E+00
  9.4636E+00  1.0434E+01 -3.2494E+00
  9.5045E+00  1.0351E+01 -3.2713E+00
  9.6103E+00  1.0323E+01 -3.3550E+00
  9.8273E+00  1.0422E+01 -3.4106E+00
  1.0056E+01  1.0582E+01 -3.4788E+00
  1.0177E+01  1.0664E+01 -3.4549E+00
  1.0270E+01  1.0652E+01 -3.4994E+00
  1.0307E+01  1.0618E+01 -3.4748E+00
  1.0387E+01  1.0657E+01 -3.3324E+00
  1.0554E+01  1.0657E+01 -3.3591E+00
  1.0654E+01  1.0697E+01 -3.3723E+00
  1.0652E+01  1.0881E+01 -3.3037E+00
  1.0764E+01  1.0839E+01 -3.2946E+00
  1.0857E+01  1.0705E+01 -3.2254E+00
  1.0839E+01  1.0708E+01 -3.0094E+00
  1.0797E+01  1.0746E+01 -2.8573E+00
  1.0824E+01  1.0696E+01 -3.0132E+00
  1.0752E+01  1.0663E+01 -3.1279E+00
  1.0568E+01  1.0614E+01 -3.0711E+00
  1.0380E+01  1.0657E+01 -3.1360E+00
  1.0187E+01  1.0700E+01 -3.3717E+00
  9.9757E+00  1.0769E+01 -3.4556E+00
  9.8192E+00  1.0900E+01 -3.3374E+00
  9.6506E+00  1.0961E+01 -3.4973E+00
  9.5216E+00  1.0892E+01 -3.5272E+00
  9.4239E+00  1.0994E+01 -3.3788E+00
  9.3625E+00  1.1229E+01 -3.2559E+00
  9.2942E+00  1.1378E+01 -3.2459E+00
  9.4246E+00  1.1290E+01 -3.3967E+00
  9.5094E+00  1.1211E+01 -3.3325E+00
  9.5405E+00  1.1244E+01 -3.0998E+00
  9.6224E+00  1.1105E+01 -3.1827E+00
  9.7426E+00  1.0860E+01 -3.1096E+00
  9.7978E+00  1.0978E+01 -2.9773E+00
  9.7464E+00  1.1116E+01 -3.0070E+00
  9.7026E+00  1.1083E+01 -3.2076E+00
  9.7263E+00  1.0918E+01 -3.2923E+00
  9.7748E+00  1.1032E+01 -3.2985E+00
  9.7314E+00  1.1172E+01 -3.4681E+00
  9.7129E+00  1.1196E+01 -3.6613E+00
  9.7909E+00  1.0997E+01 -3.6677E+00
  1.0036E+01  1.0758E+01 -3.5736E+00
  1.0248E+01  1.0714E+01 -3.6350E+00
  1.0361E+01  1.0627E+01 -3.6043E+00
  1.0433E+01  1.0548E+01 -3.6069E+00
  1.0483E+01  1.0556E+01 -3.5748E+00
  1.0491E+01  1.0538E+01 -3.4314E+00
  1.0479E+01  1.0662E+01 -3.4172E+00
  1.0420E+01  1.0664E+01 -3.3925E+00
  1.0243E+01  1.0772E+01 -3.3330E+00
  1.0167E+01  1.0771E+01 -3.4161E+00
  1.0165E+01  1.0633E+01 -3.4775E+00
  1.0062E+01  1.0535E+01 -3.4388E+00
  9.9892E+00  1.0517E+01 -3.6161E+00
  9.9954E+00  1.0583E+01 -3.6655E+00
  1.0018E+01  1.0614E+01 -3.5193E+00
  9.9927E+00  1.0600E+01 -3.2923E+00
  9.8682E+00  1.0756E+01 -3.1728E+00
  9.8029E+00  1.0922E+01 -3.0684E+00
  9.8100E+00  1.0939E+01 -2.9862E+00
  9.7964E+00  1.0816E+01 -2.9233E+00
  9.6482E+00  1.0869E+01 -2.8587E+00
  9.5193E+00  1.0818E+01 -2.9980E+00
  9.5211E+00  1.0653E+01 -3.1242E+00
  9.5220E+00  1.0590E+01 -3.3189E+00
  9.4489E+00  1.0507E+01 -3.3759E+00
  9.3644E+00  1.0383E+01 -3.5176E+00
  9.3479E+00  1.0295E+01 -3.7998E+00
  9.3711E+00  1.0321E+01 -3.8889E+00
  9.3317E+00  1.0512E+01 -3.9138E+00
  9.2987E+00  1.0624E+01 -3.8327E+00
  9.3245E+00  1.0770E+01 -3.8566E+00
  9.4132E+00  1.0808E+01 -4.0697E+00
  9.5552E+00  1.0711E+01 -4.0454E+00
  9.6757E+00  1.0609E+01 -3.7937E+00
  9.8193E+00  1.0557E+01 -3.7548E+00
  1.0027E+01  1.0650E+01 -3.7990E+00
  1.0209E+01  1.0794E+01 -3.6950E+00
  1.0262E+01  1.0858E+01 -3.3969E+00
  1.0349E+01  1.0813E+01 -3.4330E+00
  1.0464E+01  1.0845E+01 -3.4487E+00
  1.0552E+01  1.0922E+01 -3.3046E+00
  1.0592E+01  1.1149E+01 -3.2926E+00
  1.0551E+01  1.1261E+01 -3.3565E+00
  1.0458E+01  1.1118E+01 -3.4184E+00
  1.0405E+01  1.1041E+01 -3.3824E+00
  1.0358E+01  1.1095E+01 -3.3653E+00
  1.0181E+01  1.1005E+01 -3.3014E+00
  9.9248E+00  1.0976E+01 -3.4043E+00
  9.7758E+00  1.1163E+01 -3.4782E+00
  9.7752E+00  1.1074E+01 -3.4926E+00
  9.6985E+00  1.0758E+01 -3.5109E+00
  9.4627E+00  1.0710E+01 -3.5802E+00
  9.2954E+00  1.0698E+01 -3.7883E+00
  9.2696E+00  1.0656E+01 -4.0267E+00
  9.1737E+00  1.0594E+01 -4.1217E+00
  9.0632E+00  1.0582E+01 -3.9636E+00
  8.9695E+00  1.0664E+01 -3.9866E+00
  8.9608E+00  1.0768E+01 -4.1514E+00
  9.0143E+00  1.0849E+01 -4.1539E+00
  9.0215E+00  1.0871E+01 -4.0588E+00
  8.9997E+00  1.0753E+01 -3.8675E+00
  9.0550E+00  1.0638E+01 -3.8355E+00
  9.1349E+00  1.0698E+01 -3.8918E+00
  9.1743E+00  1.0790E+01 -3.7671E+00
  9.1566E+00  1.0866E+01 -3.6343E+00
  9.2497E+00  1.0873E+01 -3.5593E+00
  9.4952E+00  1.0819E+01 -3.4449E+00
  9.6868E+00  1.0746E+01 -3.4260E+00
  9.7672E+00  1.0887E+01 -3.4746E+00
  9.9388E+00  1.0939E+01 -3.6045E+00
  1.0237E+01  1.0886E+01 -3.6795E+00
  1.0492E+01  1.0975E+01 -3.7156E+00
  1.0634E+01  1.1149E+01 -3.7046E+00
  1.0713E+01  1.1258E+01 -3.6671E+00
  1.0837E+01  1.1175E+01 -3.6089E+00
  1.0940E+01  1.0993E+01 -3.4073E+00
  1.0933E+01  1.0885E+01 -3.2407E+00
  1.0927E+01  1.1047E+01 -3.3145E+00
  1.0846E+01  1.1238E+01 -3.3122E+00
  1.0721E+01  1.1206E+01 -3.2552E+00
  1.0596E+01  1.1074E+01 -3.4435E+00
  1.0375E+01  1.1050E+01 -3.7126E+00
  1.0092E+01  1.1144E+01 -3.8529E+00
  9.8676E+00  1.1170E+01 -3.6700E+00
  9.7147E+00  1.1052E+01 -3.6547E+00
  9.4784E+00  1.0956E+01 -3.6830E+00
  9.1696E+00  1.0959E+01 -3.6309E+00
  8.8821E+00  1.0885E+01 -3.5887E+00
  8.7026E+00  1.0773E+01 -3.6609E+00
  8.6884E+00  1.0655E+01 -3.7421E+00
  8.6384E+00  1.0686E+01 -3.7319E+00
  8.5937E+00  1.0756E+01 -3.6993E+00
  8.6673E+00  1.0815E+01 -3.6803E+00
  8.8288E+00  1.0727E+01 -3.7363E+00
  8.9573E+00  1.0560E+01 -3.6935E+00
  8.9667E+00  1.0603E+01 -3.6359E+00
  9.0695E+00  1.0623E+01 -3.6509E+00
  9.2640E+00  1.0672E+01 -3.7031E+00
  9.3984E+00  1.0789E+01 -3.7301E+00
  9.5132E+00  1.0909E+01 -3.7938E+00
  9.7057E+00  1.1077E+01 -3.7447E+00
  9.9994E+00  1.1076E+01 -3.5972E+00
  1.0301E+01  1.0995E+01 -3.5103E+00
  1.0552E+01  1.0947E+01 -3.4835E+00
  1.0781E+01  1.0886E+01 -3.3129E+00
  1.1062E+01  1.1013E+01 -3.2583E+00
  1.1291E+01  1.0919E+01 -3.3702E+00
  1.1337E+01  1.0773E+01 -3.3563E+00
  1.1316E+01  1.0994E+01 -3.2947E+00
  1.1183E+01  1.1108E+01 -3.1382E+00
  1.1173E+01  1.1000E+01 -3.0687E+00
  1.1125E+01  1.0754E+01 -2.9870E+00
  1.0836E+01  1.0798E+01 -3.0266E+00
  1.0638E+01  1.0771E+01 -3.1299E+00
  1.0690E+01  1.0535E+01 -3.3659E+00
  1.0547E+01  1.0591E+01 -3.5443E+00
  1.0404E+01  1.0614E+01 -3.7162E+00
  1.0358E+01  1.0559E+01 -3.6747E+00
  1.0209E+01  1.0703E+01 -3.6281E+00
  1.0188E+01  1.0673E+01 -3.7327E+00
  1.0225E+01  1.0540E+01 -3.7538E+00
  1.0166E+01  1.0617E+01 -3.8979E+00
  1.0089E+01  1.0623E+01 -3.8571E+00
  9.9689E+00  1.0601E+01 -3.7125E+00
  9.9169E+00  1.0530E+01 -3.9723E+00
  9.8835E+00  1.0516E+01 -4.0420E+00
  9.8830E+00  1.0508E+01 -3.8231E+00
  9.7913E+00  1.0670E+01 -3.6624E+00
  9.7676E+00  1.0784E+01 -3.6447E+00
  9.8280E+00  1.0828E+01 -3.7915E+00
  9.8505E+00  1.0993E+01 -3.8125E+00
  9.8834E+00  1.1166E+01 -3.5914E+00
  9.9788E+00  1.1268E+01 -3.4617E+00
  1.0106E+01  1.1443E+01 -3.4290E+00
  1.0231E+01  1.1602E+01 -3.4135E+00
  1.0418E+01  1.1600E+01 -3.3161E+00
  1.0669E+01  1.1567E+01 -3.3220E+00
  1.0878E+01  1.1692E+01 -3.3603E+00
  1.1005E+01  1.1740E+01 -3.2887E+00
  1.1201E+01  1.1761E+01 -3.3841E+00
  1.1325E+01  1.1688E+01 -3.3685E+00
  1.1381E+01  1.1628E+01 -3.2832E+00
  1.1442E+01  1.1613E+01 -3.3510E+00
  1.1444E+01  1.1693E+01 -3.3717E+00
  1.1369E+01  1.1705E+01 -3.2888E+00
  1.1198E+01  1.1582E+01 -3.2246E+00
  1.0966E+01  1.1510E+01 -3.3050E+00
  1.0642E+01  1.1521E+01 -3.4030E+00
  1.0258E+01  1.1654E+01 -3.4688E+00
  9.9197E+00  1.1736E+01 -3.7309E+00
  9.5491E+00  1.1658E+01 -3.7786E+00
  9.1803E+00  1.1546E+01 -3.6884E+00
  8.9313E+00  1.1285E+01 -3.7018E+00
  8.7843E+00  1.1061E+01 -3.7448E+00
  8.6297E+00  1.1044E+01 -3.6815E+00
  8.6290E+00  1.1014E+01 -3.3591E+00
  8.4773E+00  1.1002E+01 -3.2669E+00
  8.3830E+00  1.0934E+01 -3.3301E+00
  8.5506E+00  1.0942E+01 -3.2468E+00
  8.7095E+00  1.1116E+01 -3.1388E+00
  8.7204E+00  1.1181E+01 -3.1756E+00
  8.7685E+00  1.1143E+01 -3.0073E+00
  8.8287E+00  1.0980E+01 -2.8896E+00
  8.8459E+00  1.0841E+01 -2.8066E+00
  8.9467E+00  1.0685E+01 -2.6581E+00
  9.0850E+00  1.0413E+01 -2.7083E+00
  9.0860E+00  1.0323E+01 -2.5991E+00
  9.1063E+00  1.0184E+01 -2.6317E+00
  9.2163E+00  1.0128E+01 -2.7027E+00
  9.3255E+00  1.0361E+01 -2.5998E+00
  9.3548E+00  1.0456E+01 -2.6784E+00
  9.3584E+00  1.0671E+01 -2.7313E+00
  9.3204E+00  1.0843E+01 -2.8180E+00
  9.2399E+00  1.1048E+01 -2.8149E+00
  9.2221E+00  1.1243E+01 -2.7873E+00
  9.2157E+00  1.1334E+01 -2.8974E+00
  9.1504E+00  1.1484E+01 -2.8641E+00
  9.0890E+00  1.1520E+01 -2.8602E+00
  8.9549E+00  1.1558E+01 -2.7984E+00
  8.7973E+00  1.1688E+01 -2.6634E+00
  8.5377E+00  1.1656E+01 -2.5264E+00
  8.3425E+00  1.1537E+01 -2.2910E+00
  8.4080E+00  1.1547E+01 -2.2432E+00
  8.4639E+00  1.1499E+01 -2.0891E+00
  8.4942E+00  1.1363E+01 -2.1604E+00
  8.6122E+00  1.1397E+01 -2.3178E+00
  8.8034E+00  1.1261E+01 -2.2901E+00
  8.9043E+00  1.1098E+01 -2.1775E+00
  8.8730E+00  1.1173E+01 -2.2852E+00
  8.8897E+00  1.1308E+01 -2.2443E+00
  8.8923E+00  1.1341E+01 -2.1060E+00
  8.7505E+00  1.1548E+01 -2.0560E+00
  8.6420E+00  1.1763E+01 -1.9986E+00
  8.6314E+00  1.1733E+01 -1.9575E+00
  8.7478E+00  1.1691E+01 -1.9836E+00
  8.8571E+00  1.1684E+01 -2.0610E+00
  8.9405E+00  1.1689E+01 -2.1445E+00
  9.0689E+00  1.1582E+01 -2.2484E+00
  9.0789E+00  1.1657E+01 -2.2169E+00
  9.1679E+00  1.1660E+01 -2.1580E+00
  9.2788E+00  1.1683E+01 -2.2915E+00
  9.2826E+00  1.1751E+01 -2.3444E+00
  9.2267E+00  1.1671E+01 -2.2508E+00
  9.0785E+00  1.1562E+01 -2.0737E+00
  8.9317E+00  1.1452E+01 -1.9441E+00
  8.9050E+00  1.1307E+01 -1.9131E+00
  8.9070E+00  1.1238E+01 -1.7765E+00
  9.0681E+00  1.1163E+01 -1.7729E+00
  9.2148E+00  1.1223E+01 -1.7777E+00
  9.2472E+00  1.1303E+01 -1.7285E+00
  9.2948E+00  1.1353E+01 -1.9743E+00
  9.2765E+00  1.1616E+01 -2.0662E+00
  9.1753E+00  1.1824E+01 -2.1316E+00
  9.0696E+00  1.1720E+01 -2.2488E+00
  8.9616E+00  1.1621E+01 -2.0955E+00
  8.8419E+00  1.1621E+01 -2.0751E+00
  8.7553E+00  1.1661E+01 -2.1945E+00
  8.6736E+00  1.1667E+01 -2.1017E+00
  8.5346E+00  1.1436E+01 -1.8053E+00
  8.5127E+00  1.1264E+01 -1.5401E+00
  8.5459E+00  1.1241E+01 -1.5927E+00
  8.4722E+00  1.1069E+01 -1.6469E+00
  8.4989E+00  1.0807E+01 -1.5784E+00
  8.6852E+00  1.0746E+01 -1.5194E+00
  8.7447E+00  1.0839E+01 -1.6388E+00
  8.7241E+00  1.0935E+01 -1.9074E+00
  8.6967E+00  1.1017E+01 -1.9970E+00
  8.6610E+00  1.1022E+01 -1.8587E+00
  8.7163E+00  1.0903E+01 -1.9411E+00
  8.7002E+00  1.1071E+01 -1.8995E+00
  8.7197E+00  1.1087E+01 -1.7873E+00
  8.7233E+00  1.0964E+01 -1.7526E+00
  8.7365E+00  1.0749E+01 -1.7753E+00
  8.6479E+00  1.0775E+01 -1.6965E+00
  8.6609E+00  1.0765E+01 -1.7856E+00
  8.6270E+00  1.0697E+01 -1.9319E+00
  8.5522E+00  1.0627E+01 -1.9723E+00
  8.4849E+00  1.0491E+01 -2.1550E+00
  8.4337E+00  1.0376E+01 -2.3822E+00
  8.4385E+00  1.0394E+01 -2.3784E+00
  8.5075E+00  1.0503E+01 -2.3217E+00
  8.6232E+00  1.0622E+01 -2.2977E+00
  8.7898E+00  1.0675E+01 -2.2393E+00
  8.8606E+00  1.0753E+01 -2.2046E+00
  8.8080E+00  1.0914E+01 -2.1718E+00
  8.6173E+00  1.0886E+01 -2.1642E+00
  8.5158E+00  1.0618E+01 -2.1081E+00
  8.5896E+00  1.0441E+01 -2.0543E+00
  8.4579E+00  1.0550E+01 -2.0657E+00
  8.4944E+00  1.0645E+01 -2.0827E+00
  8.6558E+00  1.0611E+01 -2.0569E+00
  8.5697E+00  1.0680E+01 -2.0129E+00
  8.3873E+00  1.0690E+01 -1.9697E+00
  8.2794E+00  1.0487E+01 -1.9400E+00
  8.2476E+00  1.0449E+01 -1.8195E+00
  8.2373E+00  1.0411E+01 -1.9173E+00
  8.3685E+00  1.0342E+01 -2.0116E+00
  8.5314E+00  1.0383E+01 -2.0202E+00
  8.6036E+00  1.0481E+01 -2.1103E+00
  8.7666E+00  1.0543E+01 -2.0933E+00
  8.9673E+00  1.0540E+01 -2.1180E+00
  9.1040E+00  1.0468E+01 -2.1176E+00
  9.1430E+00  1.0374E+01 -2.1358E+00
  9.1698E+00  1.0347E+01 -2.2119E+00
  9.1927E+00  1.0429E+01 -2.2971E+00
  9.2298E+00  1.0521E+01 -2.3027E+00
  9.2353E+00  1.0615E+01 -2.2664E+00
  9.1951E+00  1.0593E+01 -2.3710E+00
  9.2842E+00  1.0633E+01 -2.2730E+00
  9.2843E+00  1.0780E+01 -2.4012E+00
  9.2755E+00  1.0944E+01 -2.5711E+00
  9.3847E+00  1.1003E+01 -2.5868E+00
  9.4332E+00  1.0964E+01 -2.6883E+00
