  8.7362E+00 -1.0563E+01 -4.4830E-02
  8.7416E+00 -1.0459E+01 -1.6018E-01
  8.6935E+00 -1.0415E+01 -1.0155E-01
  8.6115E+00 -1.0462E+01 -3.6515E-02
  8.4027E+00 -1.0551E+01  4.4468E-02
  8.2481E+00 -1.0605E+01  5.2640E-02
  8.4534E+00 -1.0713E+01  1.2789E-01
  8.5527E+00 -1.0848E+01  1.5802E-01
  8.4772E+00 -1.0924E+01  2.3338E-01
  8.5665E+00 -1.0997E+01  2.9973E-01
  8.5352E+00 -1.1010E+01  3.1579E-01
  8.6112E+00 -1.0998E+01  3.0987E-01
  8.5756E+00 -1.1005E+01  3.0409E-01
  8.5838E+00 -1.1026E+01  3.1916E-01
  8.5395E+00 -1.1025E+01  3.3152E-01
  8.5197E+00 -1.1057E+01  3.4930E-01
  8.4893E+00 -1.1072E+01  3.8311E-01
  8.4664E+00 -1.1024E+01  4.1518E-01
  8.4646E+00 -1.0947E+01  4.5116E-01
  8.4430E+00 -1.0863E+01  4.9499E-01
  8.4658E+00 -1.0885E+01  5.5915E-01
  8.4225E+00 -1.0935E+01  6.6930E-01
  8.5162E+00 -1.1014E+01  7.9295E-01
  8.4759E+00 -1.1091E+01  9.7722E-01
  8.4933E+00 -1.1206E+01  1.1749E+00
  8.5859E+00 -1.1547E+01  1.2833E+00
  8.5414E+00 -1.2118E+01  1.2933E+00
  8.7187E+00  1.2542E+01  1.1089E+00
  8.9279E+00  1.2394E+01  9.1583E-01
  8.6823E+00  1.2351E+01  9.6643E-01
  8.6482E+00  1.2562E+01  1.4270E+00
  8.5923E+00 -1.2587E+01  1.8735E+00
  8.6494E+00 -1.2583E+01  2.1725E+00
  8.7210E+00 -1.2587E+01  2.3913E+00
  8.7859E+00 -1.2595E+01  2.6080E+00
  8.8592E+00  1.2580E+01  2.7283E+00
  8.7942E+00  1.2464E+01  2.8903E+00
  8.8240E+00  1.2551E+01  3.0440E+00
  8.7276E+00  1.2565E+01  3.0445E+00
  8.6478E+00 -1.2514E+01  3.0642E+00
  8.5263E+00 -1.2473E+01  3.0395E+00
  8.3809E+00 -1.2420E+01  2.9454E+00
  8.3274E+00 -1.2272E+01  2.8742E+00
  8.1901E+00 -1.2348E+01  2.7359E+00
  8.0649E+00 -1.2419E+01  2.5265E+00
  7.9502E+00 -1.2409E+01  2.4719E+00
  7.8778E+00 -1.2265E+01  2.4476E+00
  7.7938E+00 -1.2199E+01  2.3956E+00
  7.6588E+00 -1.2211E+01  2.4151E+00
  7.6219E+00 -1.1965E+01  2.4995E+00
  7.5759E+00 -1.1882E+01  2.5770E+00
  7.5465E+00 -1.1820E+01  2.6020E+00
  7.4980E+00 -1.1766E+01  2.6595E+00
  7.4704E+00 -1.1793E+01  2.6559E+00
  7.5009E+00 -1.1958E+01  2.5822E+00
  7.6298E+00 -1.1994E+01  2.6107E+00
  7.8340E+00 -1.1868E+01  2.6656E+00
  7.9231E+00 -1.1882E+01  2.5615E+00
  8.0741E+00 -1.1889E+01  2.3927E+00
  8.0958E+00 -1.1908E+01  2.2844E+00
  8.1597E+00 -1.1743E+01  2.1955E+00
  8.1234E+00 -1.1543E+01  2.1975E+00
  7.9450E+00 -1.1452E+01  2.1033E+00
  7.8363E+00 -1.1274E+01  1.9122E+00
  7.6953E+00 -1.1037E+01  1.7928E+00
  7.4593E+00 -1.0846E+01  1.6977E+00
  7.2998E+00 -1.0770E+01  1.5262E+00
  7.1236E+00 -1.0826E+01  1.3834E+00
  6.9602E+00 -1.0891E+01  1.2764E+00
  6.9767E+00 -1.0784E+01  1.1196E+00
  6.9111E+00 -1.0710E+01  1.0524E+00
  6.9145E+00 -1.0808E+01  1.0214E+00
  6.9447E+00 -1.0917E+01  9.4943E-01
  6.7953E+00 -1.0914E+01  9.2653E-01
  6.9492E+00 -1.0742E+01  8.9725E-01
  7.1312E+00 -1.0638E+01  8.9194E-01
  7.1603E+00 -1.0623E+01  8.9850E-01
  7.3016E+00 -1.0698E+01  9.1700E-01
  7.4065E+00 -1.0852E+01  9.8392E-01
  7.4989E+00 -1.0823E+01  1.0908E+00
  7.6230E+00 -1.0819E+01  1.2397E+00
  7.7249E+00 -1.0769E+01  1.3807E+00
  7.7043E+00 -1.0729E+01  1.5524E+00
  7.6035E+00 -1.0910E+01  1.8348E+00
  7.6079E+00 -1.0980E+01  2.1785E+00
  7.5700E+00 -1.0946E+01  2.5335E+00
  7.6013E+00 -1.1012E+01  2.7179E+00
  7.7218E+00 -1.1057E+01  2.8715E+00
  7.7545E+00 -1.1286E+01  3.0145E+00
  7.8535E+00 -1.1674E+01  2.9620E+00
  8.0815E+00 -1.1861E+01  2.8954E+00
  8.3048E+00 -1.1863E+01  2.9220E+00
  8.4417E+00 -1.1874E+01  2.8760E+00
  8.4866E+00 -1.1880E+01  2.7375E+00
  8.4799E+00 -1.1793E+01  2.6865E+00
  8.3852E+00 -1.1634E+01  2.6208E+00
  8.1767E+00 -1.1457E+01  2.5235E+00
  7.8827E+00 -1.1362E+01  2.4163E+00
  7.7087E+00 -1.1206E+01  2.2787E+00
  7.5114E+00 -1.1087E+01  2.1713E+00
  7.2750E+00 -1.0941E+01  2.0909E+00
  7.1484E+00 -1.0880E+01  1.8905E+00
  6.9827E+00 -1.0969E+01  1.8237E+00
  6.8334E+00 -1.0846E+01  1.6672E+00
  6.7770E+00 -1.0844E+01  1.3080E+00
  6.6817E+00 -1.0936E+01  1.0904E+00
  6.6150E+00 -1.0985E+01  1.1035E+00
  6.6313E+00 -1.1174E+01  1.0418E+00
  6.6423E+00 -1.1309E+01  9.5294E-01
  6.6329E+00 -1.1134E+01  9.1570E-01
  6.6902E+00 -1.0923E+01  8.2213E-01
  6.7442E+00 -1.1017E+01  7.1226E-01
  6.7206E+00 -1.1274E+01  7.0555E-01
  6.7210E+00 -1.1247E+01  8.2128E-01
  6.6673E+00 -1.1108E+01  8.2246E-01
  6.6157E+00 -1.1159E+01  8.8103E-01
  6.5815E+00 -1.1237E+01  9.0008E-01
  6.4246E+00 -1.1189E+01  7.8751E-01
  6.4314E+00 -1.1237E+01  8.1133E-01
  6.3341E+00 -1.1207E+01  7.4791E-01
  6.2957E+00 -1.1072E+01  7.2487E-01
  6.2418E+00 -1.1027E+01  9.0455E-01
  6.2235E+00 -1.0959E+01  9.8041E-01
  6.4179E+00 -1.0943E+01  8.1728E-01
  6.4534E+00 -1.1010E+01  7.7482E-01
  6.5406E+00 -1.0969E+01  9.5700E-01
  6.7463E+00 -1.1203E+01  1.0876E+00
  6.7917E+00 -1.1489E+01  1.2643E+00
  6.9431E+00 -1.1486E+01  1.2748E+00
  6.8921E+00 -1.1296E+01  1.3597E+00
  6.8001E+00 -1.1190E+01  1.4328E+00
  6.9100E+00 -1.1152E+01  1.3879E+00
  6.8243E+00 -1.1114E+01  1.4294E+00
  6.8386E+00 -1.1050E+01  1.3309E+00
  6.8960E+00 -1.1030E+01  1.1222E+00
  6.7790E+00 -1.1140E+01  9.9194E-01
  6.7651E+00 -1.1333E+01  8.1182E-01
  6.7906E+00 -1.1419E+01  6.9384E-01
  6.5492E+00 -1.1477E+01  8.8925E-01
  6.4606E+00 -1.1383E+01  9.8028E-01
  6.3132E+00 -1.1327E+01  9.5732E-01
  6.0745E+00 -1.1323E+01  1.0715E+00
  6.1517E+00 -1.1264E+01  1.0833E+00
  6.3032E+00 -1.1196E+01  1.0069E+00
  6.2018E+00 -1.1227E+01  1.0890E+00
  6.3179E+00 -1.1149E+01  1.0461E+00
  6.4613E+00 -1.1037E+01  1.0534E+00
  6.2466E+00 -1.0986E+01  1.1502E+00
  6.2366E+00 -1.0789E+01  1.0921E+00
  6.3026E+00 -1.0812E+01  9.8985E-01
  6.1340E+00 -1.0717E+01  1.1998E+00
  6.2444E+00 -1.0617E+01  1.2922E+00
  6.4930E+00 -1.0755E+01  1.2666E+00
  6.3842E+00 -1.0921E+01  1.3442E+00
  6.5573E+00 -1.1035E+01  1.1969E+00
  6.8352E+00 -1.1180E+01  1.0889E+00
  6.7326E+00 -1.1325E+01  1.1451E+00
  6.7663E+00 -1.1429E+01  1.2646E+00
  6.9955E+00 -1.1452E+01  1.3230E+00
  6.9005E+00 -1.1397E+01  1.3853E+00
  6.9975E+00 -1.1175E+01  1.2242E+00
  7.0466E+00 -1.1112E+01  9.9989E-01
  6.9218E+00 -1.1102E+01  9.7602E-01
  6.9202E+00 -1.1118E+01  1.0547E+00
  6.8933E+00 -1.1340E+01  1.1206E+00
  6.6971E+00 -1.1498E+01  1.1713E+00
  6.5220E+00 -1.1388E+01  1.1424E+00
  6.2677E+00 -1.1364E+01  1.1863E+00
  6.0833E+00 -1.1427E+01  1.3239E+00
  6.1206E+00 -1.1402E+01  1.4162E+00
  6.0564E+00 -1.1237E+01  1.4735E+00
  6.0980E+00 -1.1161E+01  1.4008E+00
  6.3992E+00 -1.1160E+01  1.3112E+00
  6.5373E+00 -1.1345E+01  1.3393E+00
  6.7049E+00 -1.1385E+01  1.1923E+00
  6.8812E+00 -1.1281E+01  1.0942E+00
  6.9446E+00 -1.1342E+01  1.1870E+00
  6.9812E+00 -1.1395E+01  1.3189E+00
  7.1235E+00 -1.1449E+01  1.3717E+00
  7.0486E+00 -1.1469E+01  1.5369E+00
  7.0562E+00 -1.1521E+01  1.6453E+00
  7.0581E+00 -1.1661E+01  1.7279E+00
  7.0198E+00 -1.1793E+01  1.7579E+00
  7.0329E+00 -1.1817E+01  1.7629E+00
  6.9919E+00 -1.1817E+01  1.8171E+00
  6.9743E+00 -1.1729E+01  1.7416E+00
  6.8960E+00 -1.1551E+01  1.6443E+00
  6.8439E+00 -1.1432E+01  1.6539E+00
  6.8215E+00 -1.1431E+01  1.6730E+00
  6.7868E+00 -1.1336E+01  1.5669E+00
  6.8420E+00 -1.1265E+01  1.5512E+00
  6.9166E+00 -1.1348E+01  1.4793E+00
  6.9663E+00 -1.1476E+01  1.3456E+00
  6.9265E+00 -1.1560E+01  1.3940E+00
  6.9982E+00 -1.1515E+01  1.4674E+00
  6.9265E+00 -1.1549E+01  1.4647E+00
  6.7108E+00 -1.1604E+01  1.5077E+00
  6.6269E+00 -1.1713E+01  1.4966E+00
  6.5735E+00 -1.1724E+01  1.5579E+00
  6.4222E+00 -1.1796E+01  1.5268E+00
  6.3747E+00 -1.1738E+01  1.4005E+00
  6.3559E+00 -1.1727E+01  1.3933E+00
  6.3334E+00 -1.1837E+01  1.3657E+00
  6.4293E+00 -1.1756E+01  1.2321E+00
  6.4223E+00 -1.1606E+01  1.1921E+00
  6.4896E+00 -1.1467E+01  1.0813E+00
  6.5872E+00 -1.1291E+01  1.0915E+00
  6.5560E+00 -1.1142E+01  1.1767E+00
  6.5292E+00 -1.1188E+01  1.1552E+00
  6.6083E+00 -1.1349E+01  1.0708E+00
  6.5951E+00 -1.1465E+01  1.2473E+00
  6.6240E+00 -1.1617E+01  1.4818E+00
  6.7183E+00 -1.1720E+01  1.5808E+00
  6.6711E+00 -1.1869E+01  1.6607E+00
  6.7400E+00 -1.1806E+01  1.6118E+00
  6.7034E+00 -1.1536E+01  1.8099E+00
  6.6618E+00 -1.1333E+01  1.9743E+00
  6.7679E+00 -1.1286E+01  1.9690E+00
  6.7926E+00 -1.1233E+01  1.9336E+00
  6.8215E+00 -1.1248E+01  1.8365E+00
  6.8962E+00 -1.1312E+01  1.6564E+00
  6.8281E+00 -1.1431E+01  1.6706E+00
  6.8979E+00 -1.1559E+01  1.7803E+00
  6.9612E+00 -1.1508E+01  1.7902E+00
  6.7896E+00 -1.1336E+01  1.7447E+00
  6.7809E+00 -1.1311E+01  1.5432E+00
  6.8538E+00 -1.1416E+01  1.2909E+00
  6.7288E+00 -1.1411E+01  1.3591E+00
  6.7180E+00 -1.1526E+01  1.3151E+00
  6.7409E+00 -1.1628E+01  1.1863E+00
  6.4696E+00 -1.1676E+01  1.1303E+00
  6.2431E+00 -1.1575E+01  1.0499E+00
  6.1021E+00 -1.1488E+01  9.3421E-01
  5.8025E+00 -1.1525E+01  8.7884E-01
  5.6045E+00 -1.1388E+01  9.2224E-01
  5.6215E+00 -1.1120E+01  9.7669E-01
  5.6636E+00 -1.1035E+01  9.2630E-01
  5.7211E+00 -1.1175E+01  8.1430E-01
  5.8552E+00 -1.1410E+01  7.5394E-01
  6.0744E+00 -1.1546E+01  7.9255E-01
  6.2546E+00 -1.1780E+01  8.8555E-01
  6.4158E+00 -1.1846E+01  1.1327E+00
  6.6089E+00 -1.1778E+01  1.2852E+00
  6.6193E+00 -1.1739E+01  1.3834E+00
  6.6816E+00 -1.1801E+01  1.3265E+00
  6.8171E+00 -1.1798E+01  1.2792E+00
  6.7994E+00 -1.1717E+01  1.5374E+00
  6.8292E+00 -1.1647E+01  1.7390E+00
  6.8722E+00 -1.1704E+01  1.7993E+00
  6.8174E+00 -1.1845E+01  1.9420E+00
  6.7505E+00 -1.1991E+01  1.9542E+00
  6.6368E+00 -1.2218E+01  1.9045E+00
  6.5691E+00 -1.2175E+01  2.0513E+00
  6.4976E+00 -1.2068E+01  2.2558E+00
  6.5040E+00 -1.1959E+01  2.3770E+00
  6.5568E+00 -1.1886E+01  2.3679E+00
  6.4417E+00 -1.1792E+01  2.3119E+00
  6.4416E+00 -1.1726E+01  2.0991E+00
  6.5874E+00 -1.1750E+01  1.8478E+00
  6.6117E+00 -1.1616E+01  1.9709E+00
  6.6993E+00 -1.1349E+01  1.8738E+00
  6.7188E+00 -1.1268E+01  1.8762E+00
  6.7162E+00 -1.1360E+01  1.8924E+00
  6.8043E+00 -1.1418E+01  1.7422E+00
  6.6929E+00 -1.1591E+01  1.6639E+00
  6.6607E+00 -1.1788E+01  1.5282E+00
  6.7582E+00 -1.2007E+01  1.3409E+00
  6.5985E+00 -1.2012E+01  1.4529E+00
  6.5134E+00 -1.1908E+01  1.6047E+00
  6.4970E+00 -1.1860E+01  1.7014E+00
  6.4447E+00 -1.1773E+01  1.7348E+00
  6.4493E+00 -1.1642E+01  1.6206E+00
  6.4994E+00 -1.1700E+01  1.4695E+00
  6.4961E+00 -1.1771E+01  1.4417E+00
  6.5251E+00 -1.1810E+01  1.4624E+00
  6.5518E+00 -1.1854E+01  1.4403E+00
  6.5058E+00 -1.1759E+01  1.4039E+00
  6.5218E+00 -1.1675E+01  1.4122E+00
  6.5150E+00 -1.1792E+01  1.4949E+00
  6.5387E+00 -1.1953E+01  1.6474E+00
  6.5699E+00 -1.1972E+01  1.8156E+00
  6.5664E+00 -1.2007E+01  1.8940E+00
  6.6219E+00 -1.2055E+01  1.9511E+00
  6.7043E+00 -1.2075E+01  1.9769E+00
  6.6647E+00 -1.2167E+01  2.0132E+00
  6.6881E+00 -1.2278E+01  2.0096E+00
  6.8131E+00 -1.2211E+01  2.0257E+00
  6.7327E+00 -1.2253E+01  2.1828E+00
  6.7086E+00 -1.2180E+01  2.2498E+00
  6.6602E+00 -1.2020E+01  2.3387E+00
  6.4150E+00 -1.1981E+01  2.6091E+00
  6.3721E+00 -1.1742E+01  2.5527E+00
  6.1694E+00 -1.1703E+01  2.5728E+00
  6.0663E+00 -1.1705E+01  2.4976E+00
  6.1798E+00 -1.1714E+01  2.2558E+00
  6.2094E+00 -1.1937E+01  2.0858E+00
  6.3268E+00 -1.1821E+01  1.9585E+00
  6.5810E+00 -1.1755E+01  1.8153E+00
  6.6865E+00 -1.1965E+01  1.8274E+00
  6.8843E+00 -1.2053E+01  1.8460E+00
  7.0250E+00 -1.2059E+01  1.8261E+00
  6.8900E+00 -1.2194E+01  1.7757E+00
  6.8488E+00 -1.2258E+01  1.6776E+00
  6.7422E+00 -1.2278E+01  1.5641E+00
  6.4387E+00 -1.2278E+01  1.5091E+00
  6.3396E+00 -1.2158E+01  1.3372E+00
  6.1292E+00 -1.2166E+01  1.1439E+00
  6.1354E+00 -1.2106E+01  8.8798E-01
  6.2063E+00 -1.2067E+01  7.1006E-01
  6.1600E+00 -1.2026E+01  5.5961E-01
  6.3642E+00 -1.1980E+01  5.0760E-01
  6.3210E+00 -1.1854E+01  6.6786E-01
  6.2675E+00 -1.1861E+01  8.0882E-01
  6.3819E+00 -1.1881E+01  1.0020E+00
  6.3154E+00 -1.1705E+01  1.2593E+00
  6.3561E+00 -1.1603E+01  1.4491E+00
  6.4132E+00 -1.1620E+01  1.5378E+00
  6.4036E+00 -1.1732E+01  1.5610E+00
  6.5294E+00 -1.1826E+01  1.4984E+00
  6.5471E+00 -1.2037E+01  1.2573E+00
  6.6659E+00 -1.2045E+01  1.1472E+00
  6.6187E+00 -1.1966E+01  1.1843E+00
  6.4788E+00 -1.2127E+01  1.1451E+00
  6.4592E+00 -1.2198E+01  1.1963E+00
  6.2255E+00 -1.2252E+01  1.1517E+00
  6.1792E+00 -1.2338E+01  9.9015E-01
  6.2180E+00 -1.2455E+01  8.7227E-01
  6.0316E+00 -1.2512E+01  9.6104E-01
  6.0163E+00 -1.2541E+01  1.0856E+00
  6.2089E+00 -1.2484E+01  1.0550E+00
  6.1801E+00 -1.2472E+01  9.4240E-01
  6.2416E+00 -1.2241E+01  8.5182E-01
  6.2779E+00 -1.1940E+01  8.3987E-01
  6.1104E+00 -1.1816E+01  8.3385E-01
  6.1431E+00 -1.1880E+01  8.3116E-01
  6.1387E+00 -1.2175E+01  7.7294E-01
  6.0200E+00 -1.2350E+01  7.2615E-01
  5.9862E+00 -1.2415E+01  7.3860E-01
  5.8908E+00 -1.2561E+01  8.1817E-01
  5.7788E+00  1.2494E+01  9.3778E-01
  5.7442E+00  1.2428E+01  9.6373E-01
  5.6970E+00  1.2475E+01  9.3712E-01
  5.6607E+00  1.2550E+01  1.0491E+00
  5.6863E+00 -1.2404E+01  1.1552E+00
  5.6713E+00 -1.2320E+01  1.2872E+00
  5.8592E+00 -1.2288E+01  1.4785E+00
  6.0901E+00 -1.2163E+01  1.4833E+00
  6.1247E+00 -1.2134E+01  1.3545E+00
  6.2454E+00 -1.2202E+01  1.3790E+00
  6.4183E+00 -1.2343E+01  1.4741E+00
  6.3807E+00 -1.2532E+01  1.5084E+00
  6.1993E+00 -1.2500E+01  1.3486E+00
  6.1290E+00 -1.2316E+01  1.2086E+00
  6.0126E+00 -1.2377E+01  1.1118E+00
  5.8418E+00  1.2544E+01  1.0271E+00
  5.8547E+00  1.2542E+01  1.0770E+00
  5.6707E+00  1.2525E+01  9.9369E-01
  5.6174E+00  1.2354E+01  1.0190E+00
  5.7703E+00  1.2432E+01  1.1353E+00
  5.5946E+00  1.2401E+01  1.0390E+00
  5.6519E+00  1.2469E+01  1.1406E+00
  5.7709E+00  1.2583E+01  1.2116E+00
  5.5516E+00 -1.2591E+01  1.3221E+00
  5.5907E+00 -1.2511E+01  1.5097E+00
  5.6154E+00 -1.2533E+01  1.5619E+00
  5.4567E+00  1.2575E+01  1.4662E+00
  5.6275E+00 -1.2585E+01  1.3656E+00
  5.6434E+00  1.2438E+01  1.1811E+00
  5.5406E+00  1.2252E+01  1.0318E+00
  5.6928E+00  1.2314E+01  1.0868E+00
  5.5579E+00  1.2227E+01  1.0705E+00
  5.6505E+00  1.2414E+01  8.3889E-01
  5.6538E+00 -1.2436E+01  8.2698E-01
  5.5120E+00 -1.2334E+01  9.0241E-01
  5.7372E+00 -1.2324E+01  1.0651E+00
  5.8682E+00 -1.2267E+01  1.4026E+00
  5.8014E+00 -1.2390E+01  1.7189E+00
  5.9439E+00 -1.2250E+01  1.8174E+00
  5.9693E+00 -1.2348E+01  1.8290E+00
  5.8433E+00  1.2597E+01  1.7558E+00
  5.7805E+00 -1.2512E+01  1.7622E+00
  5.6298E+00 -1.2500E+01  1.9624E+00
  5.6215E+00 -1.2494E+01  1.9228E+00
  5.6852E+00 -1.2534E+01  1.8534E+00
  5.6249E+00 -1.2570E+01  1.9246E+00
  5.6717E+00 -1.2573E+01  1.8599E+00
  5.6301E+00  1.2451E+01  1.9080E+00
  5.4872E+00  1.2493E+01  1.8911E+00
  5.4129E+00  1.2578E+01  1.7617E+00
  5.2603E+00 -1.2562E+01  1.8263E+00
  5.1518E+00 -1.2463E+01  1.8173E+00
  5.1380E+00 -1.2330E+01  1.7085E+00
  5.1358E+00 -1.2284E+01  1.5621E+00
  5.3003E+00 -1.2442E+01  1.3799E+00
  5.4394E+00 -1.2591E+01  1.2648E+00
  5.4422E+00 -1.2589E+01  1.3031E+00
  5.5278E+00 -1.2522E+01  1.4025E+00
  5.4789E+00 -1.2513E+01  1.5199E+00
  5.3695E+00 -1.2597E+01  1.7090E+00
  5.4304E+00  1.2564E+01  1.7989E+00
