  1.2021E+01  5.8181E+00 -5.5046E-02
  1.2214E+01  6.1127E+00 -1.8199E-01
  1.2188E+01  6.1493E+00 -2.6144E-01
  1.2017E+01  6.0704E+00 -2.1998E-01
  1.1854E+01  6.0499E+00 -2.0837E-01
  1.1720E+01  6.0932E+00 -1.1387E-01
  1.1652E+01  6.1251E+00  2.4278E-02
  1.1630E+01  6.1090E+00  1.3600E-01
  1.1668E+01  6.2282E+00  2.0114E-01
  1.1569E+01  6.3031E+00  2.5557E-01
  1.1532E+01  6.3787E+00  2.9111E-01
  1.1466E+01  6.3706E+00  3.2507E-01
  1.1382E+01  6.4394E+00  3.7154E-01
  1.1285E+01  6.4753E+00  4.2873E-01
  1.1269E+01  6.4925E+00  4.6154E-01
  1.1361E+01  6.4870E+00  5.0797E-01
  1.1441E+01  6.5212E+00  5.4343E-01
  1.1427E+01  6.4969E+00  5.3770E-01
  1.1395E+01  6.4216E+00  5.2366E-01
  1.1466E+01  6.4172E+00  5.0182E-01
  1.1494E+01  6.3512E+00  4.6341E-01
  1.1457E+01  6.3436E+00  3.6958E-01
  1.1402E+01  6.3612E+00  2.8226E-01
  1.1294E+01  6.4642E+00  1.5413E-01
  1.1066E+01  6.5879E+00 -8.0113E-02
  1.0756E+01  6.7167E+00 -3.8359E-01
  1.0551E+01  6.9219E+00 -7.3815E-01
  1.0359E+01  7.1363E+00 -1.0370E+00
  1.0074E+01  7.2402E+00 -1.2692E+00
  9.8652E+00  7.4880E+00 -1.4097E+00
  9.8299E+00  7.5282E+00 -1.5164E+00
  9.8418E+00  7.5950E+00 -1.7613E+00
  9.8477E+00  7.6225E+00 -1.8814E+00
  9.7422E+00  7.7954E+00 -1.9430E+00
  9.6917E+00  8.0528E+00 -1.9702E+00
  9.7626E+00  7.9097E+00 -1.9566E+00
  9.8707E+00  7.8104E+00 -1.9050E+00
  9.9494E+00  7.8533E+00 -1.8702E+00
  9.9536E+00  7.8674E+00 -1.8709E+00
  9.9742E+00  7.7412E+00 -1.8864E+00
  9.9199E+00  7.7993E+00 -1.9680E+00
  9.9840E+00  7.8908E+00 -2.0584E+00
  1.0207E+01  7.8754E+00 -2.1666E+00
  1.0418E+01  7.9548E+00 -2.2906E+00
  1.0595E+01  8.0633E+00 -2.2969E+00
  1.0802E+01  8.1434E+00 -2.2031E+00
  1.0788E+01  8.3099E+00 -2.1930E+00
  1.0715E+01  8.3767E+00 -2.1650E+00
  1.0698E+01  8.2494E+00 -1.9938E+00
  1.0476E+01  8.1999E+00 -1.9000E+00
  1.0423E+01  7.8881E+00 -1.8657E+00
  1.0287E+01  7.7580E+00 -1.9226E+00
  1.0115E+01  7.8179E+00 -1.9520E+00
  1.0035E+01  7.6732E+00 -1.9531E+00
  9.9436E+00  7.6491E+00 -2.2223E+00
  9.9804E+00  7.9000E+00 -2.4484E+00
  1.0054E+01  8.2696E+00 -2.4308E+00
  1.0081E+01  8.4167E+00 -2.4737E+00
  1.0168E+01  8.4702E+00 -2.4477E+00
  1.0404E+01  8.5319E+00 -2.2604E+00
  1.0662E+01  8.3957E+00 -2.0449E+00
  1.0795E+01  8.2814E+00 -1.9886E+00
  1.0756E+01  8.2422E+00 -1.9953E+00
  1.0697E+01  8.3163E+00 -2.0814E+00
  1.0586E+01  8.2966E+00 -2.2294E+00
  1.0426E+01  8.2310E+00 -2.2278E+00
  1.0328E+01  8.2545E+00 -2.1437E+00
  1.0301E+01  8.1830E+00 -1.9686E+00
  1.0316E+01  8.0024E+00 -1.8397E+00
  1.0306E+01  8.0498E+00 -1.8315E+00
  1.0170E+01  8.0789E+00 -1.7517E+00
  1.0075E+01  8.2125E+00 -1.8020E+00
  1.0099E+01  8.2573E+00 -1.9232E+00
  1.0372E+01  8.1769E+00 -1.9579E+00
  1.0616E+01  8.1602E+00 -2.1475E+00
  1.0693E+01  8.2298E+00 -2.3676E+00
  1.0592E+01  8.0362E+00 -2.3913E+00
  1.0239E+01  8.1188E+00 -2.3054E+00
  1.0312E+01  8.4749E+00 -2.3093E+00
  1.0555E+01  8.4180E+00 -2.0845E+00
  1.0582E+01  8.3650E+00 -1.8907E+00
  1.0435E+01  8.3787E+00 -2.1783E+00
  1.0275E+01  8.2091E+00 -2.4023E+00
  1.0161E+01  7.9501E+00 -2.4897E+00
  1.0261E+01  8.0151E+00 -2.5735E+00
  1.0294E+01  8.0406E+00 -2.6083E+00
  1.0274E+01  8.0343E+00 -2.5736E+00
  1.0357E+01  7.7590E+00 -2.3252E+00
  1.0264E+01  7.7702E+00 -2.4314E+00
  1.0028E+01  7.7993E+00 -2.4710E+00
  9.9143E+00  7.8916E+00 -2.3933E+00
  1.0105E+01  8.0735E+00 -2.2934E+00
  1.0329E+01  8.2679E+00 -2.0621E+00
  1.0532E+01  8.3358E+00 -2.0075E+00
  1.0648E+01  8.2600E+00 -2.0237E+00
  1.0692E+01  8.3159E+00 -1.9548E+00
  1.0671E+01  8.4463E+00 -1.8895E+00
  1.0615E+01  8.3857E+00 -1.9370E+00
  1.0509E+01  8.3247E+00 -2.1164E+00
  1.0360E+01  8.2626E+00 -2.1887E+00
  1.0320E+01  8.1268E+00 -2.2580E+00
  1.0350E+01  8.0199E+00 -2.3875E+00
  1.0328E+01  8.0713E+00 -2.3579E+00
  1.0232E+01  8.0863E+00 -2.1404E+00
  1.0125E+01  8.1367E+00 -2.1152E+00
  1.0009E+01  8.1416E+00 -2.1636E+00
  9.9400E+00  8.1982E+00 -2.1931E+00
  9.9121E+00  8.3001E+00 -2.2280E+00
  1.0027E+01  8.3892E+00 -2.1824E+00
  1.0069E+01  8.4217E+00 -2.0414E+00
  9.9313E+00  8.4394E+00 -2.2344E+00
  9.7933E+00  8.4953E+00 -2.3837E+00
  9.8172E+00  8.4061E+00 -2.4207E+00
  1.0035E+01  8.5440E+00 -2.5869E+00
  1.0165E+01  8.7400E+00 -2.6256E+00
  1.0165E+01  8.7563E+00 -2.4582E+00
  1.0116E+01  8.5366E+00 -2.4238E+00
  9.9389E+00  8.2844E+00 -2.4383E+00
  9.8806E+00  8.3043E+00 -2.4371E+00
  9.9001E+00  8.2002E+00 -2.4945E+00
  9.9087E+00  8.1042E+00 -2.5296E+00
  9.8129E+00  8.1459E+00 -2.4370E+00
  9.7619E+00  8.3509E+00 -2.4493E+00
  9.8430E+00  8.3953E+00 -2.3918E+00
  1.0171E+01  8.3660E+00 -2.3165E+00
  1.0451E+01  8.4016E+00 -2.2831E+00
  1.0465E+01  8.4861E+00 -2.2970E+00
  1.0319E+01  8.5257E+00 -2.2698E+00
  1.0074E+01  8.3361E+00 -1.9918E+00
  9.8207E+00  8.3323E+00 -2.1616E+00
  9.9543E+00  8.2392E+00 -2.2720E+00
  1.0093E+01  8.1446E+00 -2.1641E+00
  1.0262E+01  8.2121E+00 -2.2061E+00
  1.0405E+01  8.0577E+00 -2.2222E+00
  1.0482E+01  8.2142E+00 -2.2341E+00
  1.0512E+01  8.3054E+00 -2.0905E+00
  1.0509E+01  8.3479E+00 -1.9629E+00
  1.0390E+01  8.4079E+00 -1.8895E+00
  1.0323E+01  8.3935E+00 -1.8404E+00
  1.0258E+01  8.6265E+00 -1.6651E+00
  1.0078E+01  8.6328E+00 -1.6234E+00
  9.8681E+00  8.4171E+00 -1.8060E+00
  9.7739E+00  8.2883E+00 -1.9317E+00
  9.9590E+00  8.2754E+00 -1.9816E+00
  1.0083E+01  8.0508E+00 -2.2742E+00
  1.0144E+01  8.0686E+00 -2.5170E+00
  1.0133E+01  8.1489E+00 -2.4878E+00
  1.0169E+01  8.0284E+00 -2.5347E+00
  1.0282E+01  8.0592E+00 -2.4864E+00
  1.0248E+01  8.1918E+00 -2.3379E+00
  1.0140E+01  8.1330E+00 -2.1080E+00
  1.0030E+01  8.1638E+00 -2.0464E+00
  9.9806E+00  8.2271E+00 -2.0282E+00
  9.9997E+00  8.2747E+00 -2.0064E+00
  1.0048E+01  8.3736E+00 -2.2040E+00
  1.0117E+01  8.2155E+00 -2.4455E+00
  1.0074E+01  8.2239E+00 -2.7562E+00
  1.0044E+01  8.2707E+00 -2.8544E+00
  1.0093E+01  8.2589E+00 -2.7910E+00
  1.0195E+01  8.3424E+00 -2.6727E+00
  1.0183E+01  8.4288E+00 -2.3872E+00
  1.0113E+01  8.4335E+00 -2.1160E+00
  1.0032E+01  8.4619E+00 -2.1700E+00
  9.9308E+00  8.3923E+00 -2.1731E+00
  9.8524E+00  8.4334E+00 -2.1705E+00
  1.0039E+01  8.4096E+00 -2.2096E+00
  1.0220E+01  8.2608E+00 -2.3046E+00
  1.0350E+01  8.3820E+00 -2.5563E+00
  1.0376E+01  8.2555E+00 -2.7337E+00
  1.0326E+01  8.2526E+00 -2.6914E+00
  1.0230E+01  8.4284E+00 -2.6940E+00
  1.0124E+01  8.4888E+00 -2.5768E+00
  1.0078E+01  8.3558E+00 -2.2964E+00
  1.0104E+01  8.4119E+00 -2.2350E+00
  1.0199E+01  8.4667E+00 -2.4361E+00
  1.0262E+01  8.1782E+00 -2.5376E+00
  1.0159E+01  8.0427E+00 -2.7717E+00
  1.0041E+01  8.1658E+00 -3.0141E+00
  1.0009E+01  8.0109E+00 -3.0633E+00
  9.8872E+00  8.0625E+00 -3.0336E+00
  9.8307E+00  8.1178E+00 -2.9426E+00
  9.9194E+00  8.1452E+00 -2.8656E+00
  9.9090E+00  8.3479E+00 -2.7945E+00
  9.9158E+00  8.4202E+00 -2.6831E+00
  9.8411E+00  8.5493E+00 -2.7374E+00
  9.7388E+00  8.5482E+00 -2.7440E+00
  9.7447E+00  8.4275E+00 -2.6456E+00
  9.7778E+00  8.3694E+00 -2.6749E+00
  9.8008E+00  8.2809E+00 -2.7681E+00
  9.8585E+00  8.2000E+00 -2.7693E+00
  9.8834E+00  8.3764E+00 -2.6868E+00
  9.9066E+00  8.4271E+00 -2.5605E+00
  9.8889E+00  8.3313E+00 -2.5861E+00
  9.8789E+00  8.2316E+00 -2.5587E+00
  9.8993E+00  8.2517E+00 -2.4851E+00
  9.9996E+00  8.3215E+00 -2.4213E+00
  1.0115E+01  8.3605E+00 -2.4116E+00
  1.0129E+01  8.5046E+00 -2.4585E+00
  1.0144E+01  8.5749E+00 -2.4548E+00
  1.0253E+01  8.6180E+00 -2.6094E+00
  1.0291E+01  8.6385E+00 -2.6128E+00
  1.0289E+01  8.6174E+00 -2.6050E+00
  1.0208E+01  8.4912E+00 -2.6156E+00
  1.0108E+01  8.4904E+00 -2.5811E+00
  9.9603E+00  8.5045E+00 -2.7104E+00
  9.8837E+00  8.5312E+00 -2.9025E+00
  9.8874E+00  8.4932E+00 -2.9706E+00
  9.9272E+00  8.4715E+00 -2.8882E+00
  9.8950E+00  8.6418E+00 -2.5919E+00
  9.8095E+00  8.6633E+00 -2.4027E+00
  9.7466E+00  8.5429E+00 -2.7555E+00
  9.7017E+00  8.3556E+00 -2.9580E+00
  9.6777E+00  8.3412E+00 -2.9530E+00
  9.6589E+00  8.2750E+00 -2.9015E+00
  9.9551E+00  8.4427E+00 -2.9265E+00
  1.0197E+01  8.5677E+00 -2.8671E+00
  1.0221E+01  8.5956E+00 -2.9860E+00
  1.0141E+01  8.5281E+00 -3.0381E+00
  9.9749E+00  8.4970E+00 -2.9401E+00
  9.7698E+00  8.4005E+00 -2.6683E+00
  9.9740E+00  8.3529E+00 -2.7432E+00
  1.0109E+01  8.3537E+00 -2.8068E+00
  1.0143E+01  8.3240E+00 -2.5514E+00
  1.0072E+01  8.3656E+00 -2.4641E+00
  1.0099E+01  8.3363E+00 -2.6504E+00
  1.0117E+01  8.3045E+00 -2.8368E+00
  1.0100E+01  8.4160E+00 -2.9596E+00
  1.0159E+01  8.4134E+00 -2.9091E+00
  1.0154E+01  8.4558E+00 -2.8017E+00
  1.0101E+01  8.4254E+00 -2.5624E+00
  1.0093E+01  8.3674E+00 -2.3869E+00
  1.0177E+01  8.4396E+00 -2.5211E+00
  1.0263E+01  8.2801E+00 -2.5164E+00
  1.0389E+01  8.3107E+00 -2.4498E+00
  1.0681E+01  8.4643E+00 -2.4105E+00
  1.0990E+01  8.1950E+00 -2.3692E+00
  1.1327E+01  8.0349E+00 -2.3190E+00
  1.1632E+01  8.1213E+00 -2.3611E+00
  1.1837E+01  8.2846E+00 -2.4374E+00
  1.2001E+01  8.1858E+00 -2.3495E+00
  1.1984E+01  8.2124E+00 -2.2667E+00
  1.1788E+01  8.4436E+00 -2.2604E+00
  1.1683E+01  8.4047E+00 -2.2073E+00
  1.1672E+01  8.5348E+00 -2.2051E+00
  1.1592E+01  8.7174E+00 -2.2993E+00
  1.1599E+01  8.6470E+00 -2.2175E+00
  1.1547E+01  8.6706E+00 -2.1872E+00
  1.1480E+01  8.6951E+00 -2.3931E+00
  1.1480E+01  8.4629E+00 -2.4869E+00
  1.1437E+01  8.4895E+00 -2.5790E+00
  1.1361E+01  8.6288E+00 -2.5541E+00
  1.1352E+01  8.6084E+00 -2.3648E+00
  1.1324E+01  8.6563E+00 -2.3601E+00
  1.1313E+01  8.6751E+00 -2.4975E+00
  1.1341E+01  8.6833E+00 -2.4644E+00
  1.1290E+01  8.7269E+00 -2.4441E+00
  1.1084E+01  8.8080E+00 -2.4524E+00
  1.0945E+01  8.8405E+00 -2.4034E+00
  1.0861E+01  8.8623E+00 -2.3908E+00
  1.0878E+01  8.9431E+00 -2.4577E+00
  1.0990E+01  8.9688E+00 -2.6227E+00
  1.1132E+01  8.9395E+00 -2.7219E+00
  1.1084E+01  8.9759E+00 -2.7616E+00
  1.0950E+01  8.9751E+00 -2.7195E+00
  1.0925E+01  8.9966E+00 -2.6628E+00
  1.0884E+01  9.0887E+00 -2.7501E+00
  1.0756E+01  9.1157E+00 -2.7759E+00
  1.0619E+01  9.1460E+00 -2.8227E+00
  1.0513E+01  9.1030E+00 -2.8395E+00
  1.0650E+01  9.1140E+00 -2.8621E+00
  1.0789E+01  9.0169E+00 -3.0629E+00
  1.0846E+01  8.8931E+00 -3.3303E+00
  1.0789E+01  8.8505E+00 -3.4356E+00
  1.0596E+01  8.7825E+00 -3.3420E+00
  1.0451E+01  8.8314E+00 -3.2971E+00
  1.0408E+01  8.9110E+00 -3.2725E+00
  1.0395E+01  9.0334E+00 -3.1239E+00
  1.0468E+01  9.2911E+00 -2.9132E+00
  1.0509E+01  9.2357E+00 -2.7723E+00
  1.0393E+01  9.1155E+00 -2.8692E+00
  1.0342E+01  9.1116E+00 -2.9249E+00
  1.0410E+01  9.0203E+00 -2.8720E+00
  1.0368E+01  8.9990E+00 -3.0661E+00
  1.0292E+01  8.8566E+00 -3.1970E+00
  1.0107E+01  8.6867E+00 -3.3092E+00
  9.7938E+00  8.5677E+00 -3.3957E+00
  9.6198E+00  8.5303E+00 -3.4300E+00
  9.5899E+00  8.5526E+00 -3.4905E+00
  9.6010E+00  8.5760E+00 -3.7036E+00
  9.6462E+00  8.6393E+00 -3.9882E+00
  9.7495E+00  8.5636E+00 -4.2326E+00
  9.8963E+00  8.5563E+00 -4.3734E+00
  1.0001E+01  8.6227E+00 -4.4180E+00
  1.0124E+01  8.4984E+00 -4.5615E+00
  1.0300E+01  8.4674E+00 -4.6417E+00
  1.0312E+01  8.4248E+00 -4.4566E+00
  1.0371E+01  8.2923E+00 -4.2937E+00
  1.0370E+01  8.2647E+00 -4.0990E+00
  1.0353E+01  8.2414E+00 -3.8393E+00
  1.0398E+01  8.4612E+00 -3.5810E+00
  1.0383E+01  8.5372E+00 -3.3107E+00
  1.0363E+01  8.7288E+00 -3.1152E+00
  1.0336E+01  8.8877E+00 -3.0189E+00
  1.0337E+01  8.9380E+00 -3.0023E+00
  1.0235E+01  9.0935E+00 -3.0253E+00
  1.0138E+01  9.1407E+00 -3.1178E+00
  1.0129E+01  9.3193E+00 -3.0608E+00
  1.0098E+01  9.4860E+00 -2.9742E+00
  1.0003E+01  9.5064E+00 -2.8581E+00
  9.9054E+00  9.4189E+00 -2.8163E+00
  9.9390E+00  9.3204E+00 -2.7581E+00
  1.0140E+01  9.4137E+00 -2.8021E+00
  1.0434E+01  9.3376E+00 -2.8982E+00
  1.0509E+01  9.2444E+00 -3.0096E+00
  1.0581E+01  9.2221E+00 -2.9841E+00
  1.0771E+01  9.2298E+00 -3.0764E+00
  1.0651E+01  9.2635E+00 -3.1647E+00
  1.0320E+01  9.2785E+00 -3.1265E+00
  1.0062E+01  9.2984E+00 -2.9768E+00
  9.8592E+00  9.4079E+00 -2.8928E+00
  9.7279E+00  9.4900E+00 -2.9091E+00
  9.7501E+00  9.4235E+00 -3.0658E+00
  9.9433E+00  9.4273E+00 -3.1283E+00
  1.0054E+01  9.2811E+00 -3.1047E+00
  1.0087E+01  9.2971E+00 -3.0224E+00
  1.0217E+01  9.2183E+00 -2.9449E+00
  1.0214E+01  9.1951E+00 -2.8320E+00
  1.0132E+01  9.1951E+00 -2.6474E+00
  1.0155E+01  9.1457E+00 -2.4624E+00
  1.0210E+01  9.1697E+00 -2.2477E+00
  1.0233E+01  9.0903E+00 -2.2903E+00
  1.0212E+01  9.0708E+00 -2.3406E+00
  1.0249E+01  9.1357E+00 -2.6061E+00
  1.0571E+01  9.2452E+00 -2.9359E+00
  1.0662E+01  9.3979E+00 -3.0812E+00
  1.0521E+01  9.3329E+00 -3.3170E+00
  1.0391E+01  9.3154E+00 -3.5748E+00
  1.0262E+01  9.5235E+00 -3.6379E+00
  1.0245E+01  9.5268E+00 -3.6921E+00
  1.0191E+01  9.4795E+00 -3.6945E+00
  1.0007E+01  9.5219E+00 -3.5358E+00
  9.8710E+00  9.4287E+00 -3.3731E+00
  9.9238E+00  9.4602E+00 -3.2884E+00
  9.9876E+00  9.4211E+00 -3.1411E+00
  1.0008E+01  9.3341E+00 -2.9021E+00
  9.8734E+00  9.3059E+00 -2.6882E+00
  9.8536E+00  9.1888E+00 -2.5436E+00
  1.0036E+01  9.0240E+00 -2.5111E+00
  1.0157E+01  8.9139E+00 -2.6332E+00
  1.0282E+01  8.9193E+00 -2.7123E+00
  1.0301E+01  8.9121E+00 -2.6874E+00
  1.0399E+01  8.8139E+00 -2.5924E+00
  1.0537E+01  8.8092E+00 -2.4213E+00
  1.0526E+01  8.7786E+00 -2.3648E+00
  1.0527E+01  8.9069E+00 -2.4871E+00
  1.0451E+01  9.0846E+00 -2.6552E+00
  1.0674E+01  9.0897E+00 -2.8349E+00
  1.0801E+01  9.0735E+00 -2.8403E+00
  1.0650E+01  9.0312E+00 -2.9083E+00
  1.0653E+01  9.1507E+00 -2.8986E+00
  1.0684E+01  9.0944E+00 -2.8400E+00
  1.0721E+01  8.9474E+00 -2.7049E+00
  1.0626E+01  8.7881E+00 -2.5536E+00
  1.0496E+01  8.5745E+00 -2.3707E+00
  1.0561E+01  8.6031E+00 -2.2508E+00
  1.0662E+01  8.5475E+00 -2.2674E+00
  1.0759E+01  8.5379E+00 -2.2150E+00
  1.0766E+01  8.6205E+00 -2.1181E+00
  1.0750E+01  8.6930E+00 -2.2468E+00
  1.0747E+01  8.7487E+00 -2.3039E+00
  1.0729E+01  8.7424E+00 -2.2705E+00
  1.0771E+01  8.6325E+00 -2.1251E+00
  1.0727E+01  8.5030E+00 -2.0523E+00
  1.0607E+01  8.5334E+00 -2.0418E+00
  1.0545E+01  8.6574E+00 -1.9335E+00
  1.0611E+01  8.4790E+00 -1.8569E+00
  1.0546E+01  8.4576E+00 -1.8636E+00
  1.0543E+01  8.6629E+00 -1.7446E+00
  1.0564E+01  8.6384E+00 -1.8104E+00
  1.0632E+01  8.7850E+00 -1.9115E+00
  1.0576E+01  8.9951E+00 -1.9629E+00
  1.0573E+01  9.0155E+00 -2.0485E+00
  1.0764E+01  9.0483E+00 -2.2303E+00
  1.0843E+01  8.9525E+00 -2.3584E+00
  1.0858E+01  8.8079E+00 -2.3447E+00
  1.0813E+01  8.6088E+00 -2.2143E+00
  1.0671E+01  8.3563E+00 -2.1349E+00
  1.0805E+01  8.2895E+00 -2.1000E+00
  1.0863E+01  8.2681E+00 -2.2629E+00
  1.1115E+01  8.3842E+00 -2.3212E+00
  1.1301E+01  8.4646E+00 -2.3546E+00
  1.1273E+01  8.4729E+00 -2.4477E+00
  1.1274E+01  8.6260E+00 -2.5912E+00
  1.1344E+01  8.6829E+00 -2.7075E+00
  1.1320E+01  8.7105E+00 -2.7557E+00
  1.1297E+01  8.8343E+00 -2.7084E+00
  1.1279E+01  8.7374E+00 -2.5134E+00
  1.1059E+01  8.5111E+00 -2.2951E+00
  1.0844E+01  8.4737E+00 -2.0637E+00
  1.0630E+01  8.4100E+00 -1.9675E+00
