  1.1962E+01  1.1673E+01  1.4049E-01
  1.2212E+01  1.1616E+01  1.4927E-01
  1.2298E+01  1.1726E+01  3.1096E-01
  1.2130E+01  1.1902E+01  4.5956E-01
  1.2053E+01  1.1852E+01  5.6073E-01
  1.2066E+01  1.1896E+01  5.9999E-01
  1.1920E+01  1.1924E+01  5.7200E-01
  1.1659E+01  1.1824E+01  5.3273E-01
  1.1663E+01  1.1767E+01  4.3568E-01
  1.1672E+01  1.1751E+01  3.2095E-01
  1.1553E+01  1.1736E+01  2.5712E-01
  1.1396E+01  1.1695E+01  2.4603E-01
  1.1270E+01  1.1692E+01  2.4707E-01
  1.1256E+01  1.1696E+01  2.4324E-01
  1.1221E+01  1.1687E+01  2.7790E-01
  1.1159E+01  1.1663E+01  3.1321E-01
  1.1203E+01  1.1616E+01  2.9220E-01
  1.1236E+01  1.1565E+01  2.5079E-01
  1.1219E+01  1.1527E+01  2.0728E-01
  1.1245E+01  1.1484E+01  1.0225E-01
  1.1254E+01  1.1529E+01 -6.2387E-02
  1.1234E+01  1.1606E+01 -2.6788E-01
  1.1183E+01  1.1705E+01 -5.0015E-01
  1.1259E+01  1.1954E+01 -7.7981E-01
  1.1465E+01  1.2161E+01 -1.1266E+00
  1.1544E+01  1.2314E+01 -1.3710E+00
  1.1533E+01  1.2547E+01 -1.3884E+00
  1.1430E+01 -1.2577E+01 -1.3588E+00
  1.1143E+01  1.2447E+01 -1.3838E+00
  1.0651E+01  1.2336E+01 -1.3921E+00
  1.0171E+01  1.2327E+01 -1.3282E+00
  9.8171E+00  1.2358E+01 -1.0672E+00
  9.7528E+00  1.2319E+01 -1.0105E+00
  9.8818E+00  1.1926E+01 -1.0552E+00
  1.0017E+01  1.1721E+01 -1.2036E+00
  1.0045E+01  1.1672E+01 -1.3101E+00
  1.0128E+01  1.1462E+01 -1.3468E+00
  1.0148E+01  1.1330E+01 -1.2927E+00
  9.9543E+00  1.1343E+01 -1.2832E+00
  9.7304E+00  1.1247E+01 -1.3493E+00
  9.5461E+00  1.1262E+01 -1.2350E+00
  9.3467E+00  1.1253E+01 -1.2012E+00
  9.1352E+00  1.1326E+01 -1.2169E+00
  8.9616E+00  1.1367E+01 -1.1717E+00
  8.8377E+00  1.1324E+01 -1.0546E+00
  8.7675E+00  1.1243E+01 -9.9126E-01
  8.9041E+00  1.1208E+01 -9.7391E-01
  9.1160E+00  1.1166E+01 -9.7386E-01
  9.2632E+00  1.1168E+01 -8.6822E-01
  9.3310E+00  1.1206E+01 -7.4383E-01
  9.5674E+00  1.1335E+01 -8.1175E-01
  9.8613E+00  1.1527E+01 -8.3119E-01
  1.0015E+01  1.1677E+01 -7.4498E-01
  1.0054E+01  1.1725E+01 -7.4388E-01
  1.0030E+01  1.1829E+01 -7.7472E-01
  1.0054E+01  1.1904E+01 -9.3284E-01
  1.0122E+01  1.1975E+01 -1.2002E+00
  1.0202E+01  1.1956E+01 -1.3744E+00
  1.0303E+01  1.1782E+01 -1.3872E+00
  1.0416E+01  1.1625E+01 -1.2624E+00
  1.0635E+01  1.1719E+01 -1.1827E+00
  1.0853E+01  1.1867E+01 -1.1431E+00
  1.0987E+01  1.1915E+01 -1.1297E+00
  1.0974E+01  1.1959E+01 -1.0268E+00
  1.0885E+01  1.1877E+01 -9.0396E-01
  1.0792E+01  1.1732E+01 -7.3131E-01
  1.0686E+01  1.1748E+01 -5.5006E-01
  1.0702E+01  1.1820E+01 -5.0977E-01
  1.0714E+01  1.1798E+01 -4.1336E-01
  1.0625E+01  1.1711E+01 -1.6995E-01
  1.0564E+01  1.1552E+01 -4.6940E-02
  1.0529E+01  1.1517E+01 -4.2177E-03
  1.0590E+01  1.1561E+01  1.0192E-01
  1.0716E+01  1.1498E+01  8.8774E-02
  1.0742E+01  1.1513E+01  6.4728E-02
  1.0667E+01  1.1523E+01  7.8599E-02
  1.0544E+01  1.1368E+01  1.3744E-02
  1.0391E+01  1.1423E+01 -5.9900E-02
  1.0263E+01  1.1673E+01 -2.7791E-01
  1.0139E+01  1.1780E+01 -4.9186E-01
  9.9973E+00  1.1831E+01 -4.4084E-01
  9.8699E+00  1.1745E+01 -4.9640E-01
  9.8699E+00  1.1695E+01 -6.0679E-01
  9.9603E+00  1.1629E+01 -6.2677E-01
  1.0102E+01  1.1561E+01 -7.3975E-01
  1.0264E+01  1.1739E+01 -8.7983E-01
  1.0364E+01  1.1847E+01 -1.0680E+00
  1.0370E+01  1.1906E+01 -1.0107E+00
  1.0278E+01  1.1812E+01 -8.9982E-01
  1.0162E+01  1.1820E+01 -9.6228E-01
  9.9829E+00  1.1975E+01 -1.0204E+00
  9.8479E+00  1.1905E+01 -1.0628E+00
  9.7509E+00  1.1785E+01 -9.3035E-01
  9.6820E+00  1.1763E+01 -8.8429E-01
  9.6543E+00  1.1731E+01 -1.0228E+00
  9.5133E+00  1.1685E+01 -9.5631E-01
  9.2810E+00  1.1575E+01 -1.0006E+00
  9.1980E+00  1.1588E+01 -1.1909E+00
  9.2966E+00  1.1664E+01 -1.0462E+00
  9.3647E+00  1.1501E+01 -8.1177E-01
  9.3729E+00  1.1531E+01 -8.0402E-01
  9.2855E+00  1.1722E+01 -9.3001E-01
  9.1966E+00  1.1670E+01 -8.7318E-01
  9.3518E+00  1.1655E+01 -8.0027E-01
  9.5935E+00  1.1830E+01 -8.5331E-01
  9.7694E+00  1.1904E+01 -8.5350E-01
  9.8256E+00  1.1772E+01 -7.2942E-01
  9.7488E+00  1.1974E+01 -7.5686E-01
  9.7932E+00  1.2220E+01 -1.0744E+00
  9.9122E+00  1.2380E+01 -1.0194E+00
  9.9657E+00  1.2324E+01 -9.2785E-01
  9.8852E+00  1.2042E+01 -8.6696E-01
  9.6682E+00  1.1932E+01 -6.6651E-01
  9.5600E+00  1.1729E+01 -6.5347E-01
  9.7510E+00  1.1698E+01 -5.0200E-01
  9.8245E+00  1.1837E+01 -4.0616E-01
  9.8326E+00  1.1786E+01 -5.8985E-01
  9.7981E+00  1.1844E+01 -3.2358E-01
  9.8203E+00  1.1676E+01 -2.7561E-01
  9.8106E+00  1.1862E+01 -4.3556E-01
  9.7751E+00  1.2083E+01 -4.8715E-01
  9.7912E+00  1.2013E+01 -5.7026E-01
  9.6525E+00  1.2149E+01 -6.5122E-01
  9.5574E+00  1.2160E+01 -8.6065E-01
  9.5812E+00  1.2116E+01 -8.9245E-01
  9.4777E+00  1.2019E+01 -9.8973E-01
  9.4073E+00  1.1996E+01 -1.1403E+00
  9.4748E+00  1.1956E+01 -1.1627E+00
  9.4962E+00  1.1719E+01 -1.1632E+00
  9.4416E+00  1.1564E+01 -1.1964E+00
  9.2971E+00  1.1469E+01 -1.2003E+00
  9.2116E+00  1.1446E+01 -1.2552E+00
  9.1638E+00  1.1686E+01 -1.3140E+00
  9.1055E+00  1.1752E+01 -1.3243E+00
  8.9366E+00  1.1998E+01 -1.3305E+00
  8.9372E+00  1.2194E+01 -1.4678E+00
  9.0498E+00  1.2220E+01 -1.3479E+00
  9.1924E+00  1.2094E+01 -1.2437E+00
  9.3920E+00  1.2078E+01 -1.3894E+00
  9.6039E+00  1.2069E+01 -1.2924E+00
  9.8251E+00  1.1887E+01 -1.1899E+00
  9.8297E+00  1.1891E+01 -1.0697E+00
  9.7455E+00  1.1930E+01 -9.0143E-01
  9.5592E+00  1.2078E+01 -7.6677E-01
  9.2401E+00  1.2232E+01 -7.5649E-01
  9.0188E+00  1.2300E+01 -7.5410E-01
  8.9348E+00  1.2376E+01 -7.2173E-01
  8.9251E+00  1.2354E+01 -7.5281E-01
  8.9271E+00  1.2267E+01 -7.1618E-01
  8.9537E+00  1.1907E+01 -7.6407E-01
  9.0389E+00  1.1604E+01 -7.3224E-01
  9.1356E+00  1.1609E+01 -8.7287E-01
  9.2297E+00  1.1631E+01 -1.1083E+00
  9.2036E+00  1.1660E+01 -1.1891E+00
  9.1103E+00  1.1648E+01 -1.3901E+00
  9.1157E+00  1.1791E+01 -1.4603E+00
  9.3038E+00  1.1885E+01 -1.3842E+00
  9.4092E+00  1.1782E+01 -1.4106E+00
  9.4011E+00  1.1829E+01 -1.3768E+00
  9.4197E+00  1.1819E+01 -1.3330E+00
  9.4704E+00  1.1862E+01 -1.4295E+00
  9.4317E+00  1.1902E+01 -1.3820E+00
  9.3036E+00  1.1757E+01 -1.2524E+00
  9.2370E+00  1.1798E+01 -1.1867E+00
  9.2618E+00  1.1978E+01 -1.2537E+00
  9.1499E+00  1.1971E+01 -1.1490E+00
  9.1376E+00  1.1926E+01 -1.0800E+00
  9.1820E+00  1.1936E+01 -1.1197E+00
  9.2099E+00  1.2015E+01 -1.0787E+00
  9.3870E+00  1.1941E+01 -9.7507E-01
  9.5407E+00  1.1910E+01 -8.8410E-01
  9.5676E+00  1.1978E+01 -8.7825E-01
  9.5160E+00  1.1978E+01 -8.9338E-01
  9.3864E+00  1.1964E+01 -9.1625E-01
  9.2437E+00  1.1980E+01 -8.9008E-01
  9.2250E+00  1.1992E+01 -9.2736E-01
  9.2440E+00  1.2049E+01 -1.0005E+00
  9.2498E+00  1.1965E+01 -1.0248E+00
  9.3201E+00  1.1980E+01 -1.2058E+00
  9.4360E+00  1.2110E+01 -1.4137E+00
  9.5290E+00  1.2021E+01 -1.5564E+00
  9.4951E+00  1.1933E+01 -1.4866E+00
  9.2983E+00  1.1977E+01 -1.5683E+00
  9.1565E+00  1.1991E+01 -1.6116E+00
  9.0938E+00  1.1961E+01 -1.5453E+00
  8.9515E+00  1.1974E+01 -1.6356E+00
  8.8747E+00  1.2046E+01 -1.5202E+00
  8.8813E+00  1.1987E+01 -1.4765E+00
  8.9870E+00  1.1926E+01 -1.3704E+00
  9.0724E+00  1.1983E+01 -1.2523E+00
  9.1630E+00  1.1933E+01 -1.2480E+00
  9.2588E+00  1.1922E+01 -1.1237E+00
  9.3212E+00  1.1896E+01 -9.7301E-01
  9.4221E+00  1.1876E+01 -9.7749E-01
  9.4817E+00  1.1989E+01 -9.2456E-01
  9.5147E+00  1.1981E+01 -1.0168E+00
  9.5110E+00  1.2079E+01 -1.1559E+00
  9.4644E+00  1.2033E+01 -1.2299E+00
  9.4582E+00  1.2078E+01 -1.3327E+00
  9.4230E+00  1.2167E+01 -1.3942E+00
  9.4875E+00  1.2178E+01 -1.4551E+00
  9.4835E+00  1.2226E+01 -1.3641E+00
  9.4628E+00  1.2236E+01 -1.3587E+00
  9.4756E+00  1.2158E+01 -1.3100E+00
  9.4485E+00  1.2056E+01 -1.0785E+00
  9.5604E+00  1.1796E+01 -9.2570E-01
  9.6241E+00  1.1944E+01 -9.0543E-01
  9.6997E+00  1.1896E+01 -9.5406E-01
  9.7543E+00  1.2084E+01 -9.4844E-01
  9.7999E+00  1.2288E+01 -1.0098E+00
  9.7734E+00  1.2263E+01 -1.2301E+00
  9.5941E+00  1.2214E+01 -1.0914E+00
  9.5525E+00  1.1912E+01 -9.9775E-01
  9.6055E+00  1.1991E+01 -1.0959E+00
  9.5784E+00  1.2037E+01 -1.2495E+00
  9.5050E+00  1.1932E+01 -1.2635E+00
  9.2851E+00  1.1768E+01 -1.2138E+00
  9.0459E+00  1.1595E+01 -1.1508E+00
  8.9617E+00  1.1440E+01 -1.0615E+00
  8.8469E+00  1.1462E+01 -1.0734E+00
  8.6390E+00  1.1697E+01 -1.1283E+00
  8.6524E+00  1.1879E+01 -1.2044E+00
  8.8175E+00  1.1933E+01 -1.2950E+00
  8.9540E+00  1.1914E+01 -1.2198E+00
  9.0572E+00  1.1681E+01 -1.1155E+00
  9.2501E+00  1.1655E+01 -1.1711E+00
  9.4654E+00  1.1749E+01 -1.1062E+00
  9.5315E+00  1.1676E+01 -1.0529E+00
  9.4841E+00  1.1913E+01 -1.0622E+00
  9.5916E+00  1.2024E+01 -1.0665E+00
  9.6036E+00  1.2053E+01 -1.0036E+00
  9.5220E+00  1.2175E+01 -1.1816E+00
  9.5450E+00  1.2083E+01 -1.3040E+00
  9.5180E+00  1.1964E+01 -1.1275E+00
  9.4910E+00  1.1804E+01 -1.0025E+00
  9.4725E+00  1.1842E+01 -1.1971E+00
  9.3774E+00  1.1918E+01 -1.3243E+00
  9.1621E+00  1.1718E+01 -1.2507E+00
  8.8848E+00  1.1686E+01 -1.2769E+00
  8.7847E+00  1.1716E+01 -1.3031E+00
  9.0429E+00  1.1633E+01 -1.1706E+00
  9.1839E+00  1.1673E+01 -1.0490E+00
  9.3590E+00  1.1515E+01 -1.2769E+00
  9.3753E+00  1.1463E+01 -1.2315E+00
  9.3448E+00  1.1387E+01 -1.1171E+00
  9.2478E+00  1.1345E+01 -1.2769E+00
  8.9826E+00  1.1461E+01 -1.3384E+00
  9.0189E+00  1.1434E+01 -1.4607E+00
  9.0771E+00  1.1557E+01 -1.3946E+00
  9.1083E+00  1.1797E+01 -1.3497E+00
  9.0946E+00  1.1743E+01 -1.5829E+00
  8.9306E+00  1.1921E+01 -1.4109E+00
  9.0182E+00  1.1912E+01 -1.4389E+00
  9.0488E+00  1.1904E+01 -1.5114E+00
  8.9295E+00  1.2043E+01 -1.4431E+00
  8.8878E+00  1.1974E+01 -1.4200E+00
  8.9361E+00  1.2004E+01 -1.2557E+00
  9.0102E+00  1.2030E+01 -1.1697E+00
  9.1114E+00  1.2035E+01 -1.1701E+00
  9.1781E+00  1.2114E+01 -9.7809E-01
  9.2521E+00  1.2062E+01 -8.8015E-01
  9.4137E+00  1.2182E+01 -8.1842E-01
  9.6287E+00  1.2201E+01 -7.9732E-01
  9.7132E+00  1.2157E+01 -7.6304E-01
  9.7217E+00  1.2101E+01 -7.9799E-01
  9.7592E+00  1.1918E+01 -9.5989E-01
  9.7585E+00  1.1851E+01 -8.6842E-01
  9.8052E+00  1.1716E+01 -9.2836E-01
  9.8386E+00  1.1763E+01 -1.0907E+00
  9.8588E+00  1.1893E+01 -9.8986E-01
  9.9554E+00  1.1802E+01 -9.6301E-01
  9.8888E+00  1.1925E+01 -9.3439E-01
  9.7581E+00  1.1934E+01 -9.2370E-01
  9.5851E+00  1.1767E+01 -8.3311E-01
  9.4815E+00  1.1720E+01 -7.9648E-01
  9.6727E+00  1.1697E+01 -8.9596E-01
  9.7506E+00  1.1573E+01 -7.9504E-01
  9.6142E+00  1.1549E+01 -9.3021E-01
  9.3405E+00  1.1747E+01 -1.0293E+00
  9.3522E+00  1.1920E+01 -1.0737E+00
  9.4265E+00  1.1976E+01 -1.0232E+00
  9.4960E+00  1.2001E+01 -1.0102E+00
  9.5215E+00  1.2190E+01 -1.1362E+00
  9.5777E+00  1.2271E+01 -1.1023E+00
  9.6236E+00  1.2147E+01 -9.2493E-01
  9.4373E+00  1.2147E+01 -8.2954E-01
  9.2756E+00  1.1984E+01 -7.3137E-01
  9.3754E+00  1.1771E+01 -4.7760E-01
  9.4068E+00  1.1804E+01 -4.8223E-01
  9.5033E+00  1.1712E+01 -3.7181E-01
  9.5660E+00  1.1674E+01 -1.8724E-01
  9.6090E+00  1.1695E+01 -3.0240E-01
  9.6024E+00  1.1783E+01 -3.2484E-01
  9.6828E+00  1.1705E+01 -3.9179E-01
  9.7249E+00  1.1944E+01 -4.3061E-01
  9.8361E+00  1.2196E+01 -5.7329E-01
  9.8752E+00  1.2263E+01 -7.8339E-01
  9.7610E+00  1.2513E+01 -5.7397E-01
  9.7700E+00  1.2451E+01 -5.8134E-01
  9.8522E+00  1.2428E+01 -5.7871E-01
  9.8631E+00  1.2523E+01 -4.7226E-01
  9.9060E+00  1.2330E+01 -4.4527E-01
  9.9655E+00  1.2369E+01 -3.2196E-01
  9.9833E+00  1.2304E+01 -4.0420E-01
  9.9621E+00  1.2289E+01 -3.5058E-01
  9.9580E+00  1.2130E+01 -2.6685E-01
  9.9723E+00  1.1845E+01 -2.2060E-01
  1.0028E+01  1.1731E+01 -3.3987E-02
  1.0131E+01  1.1524E+01  5.8962E-03
  1.0125E+01  1.1389E+01  7.0843E-02
  1.0054E+01  1.1275E+01  8.5902E-02
  1.0110E+01  1.1150E+01  2.0796E-01
  1.0136E+01  1.1043E+01  2.9025E-01
  1.0005E+01  1.1032E+01  3.2638E-01
  9.8008E+00  1.1002E+01  3.1113E-01
  9.8012E+00  1.0864E+01  4.6110E-01
  9.9081E+00  1.0926E+01  4.3906E-01
  9.9414E+00  1.1027E+01  3.6384E-01
  9.9775E+00  1.0920E+01  3.9033E-01
  9.8802E+00  1.0957E+01  5.3772E-01
  9.7952E+00  1.1025E+01  5.0397E-01
  9.6890E+00  1.1011E+01  5.5868E-01
  9.7570E+00  1.1183E+01  5.8713E-01
  9.8932E+00  1.1158E+01  4.3321E-01
  9.8911E+00  1.1092E+01  4.0600E-01
  9.7917E+00  1.0894E+01  4.2589E-01
  9.8396E+00  1.0850E+01  2.9017E-01
  1.0055E+01  1.0945E+01  3.3865E-01
  1.0176E+01  1.0947E+01  4.0062E-01
  1.0095E+01  1.0978E+01  4.6460E-01
  1.0059E+01  1.1090E+01  4.9093E-01
  1.0042E+01  1.1180E+01  5.5104E-01
  9.8705E+00  1.1293E+01  8.0147E-01
  9.7674E+00  1.1261E+01  8.4992E-01
  9.7212E+00  1.1174E+01  9.0235E-01
  9.5391E+00  1.1134E+01  1.0104E+00
  9.3435E+00  1.0995E+01  9.1702E-01
  9.3533E+00  1.1137E+01  8.2288E-01
  9.5580E+00  1.1255E+01  6.5037E-01
  9.7726E+00  1.1400E+01  5.7463E-01
  9.8808E+00  1.1468E+01  5.8550E-01
  9.8829E+00  1.1349E+01  4.4901E-01
  9.8584E+00  1.1409E+01  4.8809E-01
  9.9802E+00  1.1281E+01  6.0992E-01
  1.0035E+01  1.1197E+01  7.6804E-01
  9.9286E+00  1.1288E+01  7.7406E-01
  9.7762E+00  1.1320E+01  7.6964E-01
  9.7268E+00  1.1276E+01  9.9540E-01
  9.5670E+00  1.1307E+01  1.2511E+00
  9.5651E+00  1.1349E+01  1.1244E+00
  9.5559E+00  1.1636E+01  9.1017E-01
  9.6450E+00  1.1660E+01  7.9697E-01
  9.7336E+00  1.1520E+01  7.9870E-01
  9.6400E+00  1.1409E+01  7.9443E-01
  9.6317E+00  1.1207E+01  6.2784E-01
  9.6527E+00  1.1229E+01  7.2636E-01
  9.8188E+00  1.1238E+01  7.2440E-01
  9.7949E+00  1.1273E+01  7.3585E-01
  9.7038E+00  1.1272E+01  8.3575E-01
  9.6325E+00  1.1151E+01  8.6913E-01
  9.3725E+00  1.1114E+01  9.1409E-01
  9.2834E+00  1.1066E+01  9.4234E-01
  9.2746E+00  1.1126E+01  8.5935E-01
  9.1667E+00  1.1288E+01  6.4102E-01
  9.1459E+00  1.1336E+01  4.4491E-01
  9.1575E+00  1.1503E+01  3.0513E-01
  9.1802E+00  1.1647E+01  1.3762E-02
  9.2753E+00  1.1780E+01 -6.9668E-02
  9.5409E+00  1.1949E+01 -2.3519E-02
  9.8008E+00  1.2165E+01 -5.7114E-03
  9.8945E+00  1.2316E+01  1.4107E-01
  9.9575E+00  1.2300E+01  9.5490E-02
  9.8209E+00  1.2334E+01  6.3317E-02
  9.6120E+00  1.2208E+01  2.6785E-02
  9.3212E+00  1.2156E+01 -6.2289E-02
  9.0671E+00  1.2215E+01  8.9240E-03
  9.0917E+00  1.2131E+01  1.2880E-01
  9.1459E+00  1.2168E+01  2.8022E-01
  9.2237E+00  1.2195E+01  2.3111E-01
  9.3458E+00  1.2236E+01  8.6535E-02
  9.4207E+00  1.2304E+01  3.4874E-02
  9.4417E+00  1.2211E+01 -7.1269E-02
  9.4233E+00  1.2103E+01 -7.2804E-02
  9.3735E+00  1.1947E+01 -6.9935E-03
  9.3427E+00  1.1774E+01  1.1505E-01
  9.3473E+00  1.1822E+01  2.4339E-01
  9.4647E+00  1.1799E+01  2.1814E-01
  9.4883E+00  1.1829E+01  3.0156E-01
  9.4786E+00  1.1694E+01  3.1343E-01
  9.4079E+00  1.1559E+01  2.6924E-01
  9.4875E+00  1.1497E+01  2.4676E-01
  9.6602E+00  1.1439E+01  2.7170E-01
  9.5784E+00  1.1386E+01  3.9684E-01
  9.4351E+00  1.1198E+01  3.6248E-01
  9.1508E+00  1.1047E+01  3.9516E-01
  9.0142E+00  1.1014E+01  3.2716E-01
  9.0929E+00  1.1160E+01  3.3843E-01
  9.1742E+00  1.1305E+01  2.0276E-01
  9.2620E+00  1.1402E+01  6.7361E-02
  9.3713E+00  1.1556E+01  1.4227E-01
