  1.1870E+01 -1.0483E+01  1.4909E-01
  1.2069E+01 -1.0519E+01  1.3483E-01
  1.2133E+01 -1.0705E+01  5.9268E-02
  1.2061E+01 -1.0667E+01 -5.5766E-03
  1.1900E+01 -1.0513E+01 -8.6463E-02
  1.1672E+01 -1.0551E+01 -9.2784E-02
  1.1395E+01 -1.0651E+01 -4.7077E-02
  1.1204E+01 -1.0674E+01 -1.6649E-02
  1.1252E+01 -1.0674E+01 -2.7562E-02
  1.1311E+01 -1.0730E+01 -1.6363E-02
  1.1335E+01 -1.0768E+01 -1.5389E-02
  1.1301E+01 -1.0764E+01 -7.4004E-03
  1.1332E+01 -1.0791E+01 -1.3228E-03
  1.1337E+01 -1.0819E+01 -3.9062E-03
  1.1298E+01 -1.0798E+01 -1.7245E-02
  1.1212E+01 -1.0814E+01 -1.7982E-02
  1.1188E+01 -1.0878E+01 -8.0366E-03
  1.1227E+01 -1.0930E+01  9.8158E-03
  1.1229E+01 -1.0944E+01  3.8776E-02
  1.1189E+01 -1.0941E+01  7.3628E-02
  1.1170E+01 -1.0959E+01  1.0679E-01
  1.1226E+01 -1.0889E+01  1.4336E-01
  1.1219E+01 -1.0756E+01  2.1902E-01
  1.1206E+01 -1.0736E+01  2.8994E-01
  1.1149E+01 -1.0689E+01  3.9140E-01
  1.1096E+01 -1.0631E+01  4.8512E-01
  1.1052E+01 -1.0703E+01  4.3220E-01
  1.0853E+01 -1.0759E+01  5.6802E-01
  1.0526E+01 -1.0816E+01  8.3986E-01
  1.0559E+01 -1.0658E+01  9.1595E-01
  1.0565E+01 -1.0657E+01  8.3353E-01
  1.0462E+01 -1.0687E+01  6.3534E-01
  1.0270E+01 -1.0757E+01  5.1979E-01
  1.0066E+01 -1.0732E+01  5.3333E-01
  9.8317E+00 -1.1022E+01  4.6324E-01
  9.5750E+00 -1.1557E+01  3.5316E-01
  9.2962E+00 -1.1777E+01  3.8205E-01
  9.1097E+00 -1.1869E+01  4.4838E-01
  9.0750E+00 -1.2006E+01  4.1540E-01
  9.0267E+00 -1.1995E+01  4.5665E-01
  9.0179E+00 -1.1895E+01  4.2767E-01
  9.0429E+00 -1.1719E+01  4.1245E-01
  9.1010E+00 -1.1601E+01  3.2289E-01
  9.1246E+00 -1.1552E+01  2.3957E-01
  9.1002E+00 -1.1476E+01  2.5898E-01
  9.1115E+00 -1.1421E+01  1.5717E-01
  9.0750E+00 -1.1525E+01  4.7980E-02
  8.9765E+00 -1.1545E+01  5.5537E-02
  8.8620E+00 -1.1476E+01  7.1816E-02
  8.7590E+00 -1.1462E+01  7.3840E-02
  8.6881E+00 -1.1435E+01  9.0513E-02
  8.6373E+00 -1.1411E+01  1.7210E-01
  8.6707E+00 -1.1400E+01  1.9908E-01
  8.7348E+00 -1.1334E+01  2.4846E-01
  8.7910E+00 -1.1236E+01  3.1008E-01
  8.8600E+00 -1.1120E+01  3.1138E-01
  8.9530E+00 -1.1104E+01  2.6847E-01
  9.1400E+00 -1.1256E+01  1.8027E-01
  9.3570E+00 -1.1382E+01  8.8370E-02
  9.5053E+00 -1.1384E+01 -1.7860E-02
  9.5339E+00 -1.1293E+01 -6.6032E-02
  9.6263E+00 -1.1101E+01 -1.3453E-01
  9.7282E+00 -1.0933E+01 -8.9285E-02
  9.7610E+00 -1.1002E+01 -1.8043E-02
  9.7690E+00 -1.1075E+01  2.4356E-02
  9.7647E+00 -1.1032E+01  7.7947E-02
  9.6730E+00 -1.1028E+01  2.1907E-01
  9.6157E+00 -1.1027E+01  3.3931E-01
  9.5963E+00 -1.1019E+01  3.9630E-01
  9.5429E+00 -1.1051E+01  4.4738E-01
  9.6284E+00 -1.1128E+01  5.0657E-01
  9.6254E+00 -1.1203E+01  5.8952E-01
  9.5412E+00 -1.1197E+01  6.4969E-01
  9.6600E+00 -1.1186E+01  7.5260E-01
  9.6466E+00 -1.1283E+01  8.8869E-01
  9.6679E+00 -1.1397E+01  1.0013E+00
  9.8454E+00 -1.1372E+01  1.1491E+00
  9.9132E+00 -1.1414E+01  1.3098E+00
  9.9549E+00 -1.1548E+01  1.4766E+00
  1.0100E+01 -1.1584E+01  1.6534E+00
  1.0223E+01 -1.1632E+01  1.6370E+00
  1.0281E+01 -1.1697E+01  1.6086E+00
  1.0291E+01 -1.1851E+01  1.5338E+00
  1.0179E+01 -1.1846E+01  1.4203E+00
  1.0066E+01 -1.1684E+01  1.3067E+00
  1.0015E+01 -1.1654E+01  1.0915E+00
  9.7913E+00 -1.1551E+01  1.0918E+00
  9.6353E+00 -1.1485E+01  9.7869E-01
  9.5406E+00 -1.1355E+01  7.7027E-01
  9.3227E+00 -1.1168E+01  6.7040E-01
  9.1737E+00 -1.1154E+01  5.1923E-01
  9.0625E+00 -1.1100E+01  3.7195E-01
  8.9552E+00 -1.1074E+01  2.8177E-01
  8.8666E+00 -1.1138E+01  1.8065E-01
  8.8079E+00 -1.1146E+01  4.8272E-02
  8.8148E+00 -1.1100E+01 -3.3299E-02
  8.8168E+00 -1.1024E+01 -8.0253E-02
  8.8448E+00 -1.1034E+01 -1.6855E-01
  8.8580E+00 -1.1078E+01 -1.7373E-01
  8.8581E+00 -1.0958E+01 -1.6603E-01
  8.9188E+00 -1.0989E+01 -2.0617E-01
  8.9016E+00 -1.1017E+01 -8.9314E-02
  8.9738E+00 -1.0750E+01 -2.7120E-02
  9.1016E+00 -1.0658E+01 -7.4518E-02
  9.1271E+00 -1.0796E+01 -3.0261E-02
  9.2312E+00 -1.0858E+01  1.0688E-01
  9.3017E+00 -1.0727E+01  3.1843E-01
  9.2945E+00 -1.0837E+01  4.9795E-01
  9.2868E+00 -1.0964E+01  7.2710E-01
  9.3641E+00 -1.1022E+01  9.4309E-01
  9.3872E+00 -1.1030E+01  1.1195E+00
  9.4368E+00 -1.1079E+01  1.1820E+00
  9.4538E+00 -1.1310E+01  1.0584E+00
  9.3977E+00 -1.1262E+01  1.1123E+00
  9.4324E+00 -1.1175E+01  1.1464E+00
  9.3686E+00 -1.1216E+01  1.0601E+00
  9.2020E+00 -1.1192E+01  1.0801E+00
  9.2427E+00 -1.1239E+01  1.0331E+00
  9.0648E+00 -1.1031E+01  1.0534E+00
  9.0459E+00 -1.1030E+01  9.9511E-01
  8.9981E+00 -1.1090E+01  9.3496E-01
  8.9437E+00 -1.0883E+01  1.0181E+00
  9.0348E+00 -1.0837E+01  9.4367E-01
  9.0315E+00 -1.0879E+01  7.8701E-01
  9.2272E+00 -1.0924E+01  6.1544E-01
  9.3295E+00 -1.0800E+01  4.9347E-01
  9.2862E+00 -1.0738E+01  3.5309E-01
  9.3116E+00 -1.0873E+01  1.1277E-01
  9.2189E+00 -1.1019E+01 -8.6153E-03
  9.2304E+00 -1.1134E+01 -1.9473E-01
  9.1759E+00 -1.1154E+01 -2.9488E-01
  9.0011E+00 -1.1119E+01 -1.6098E-01
  9.1416E+00 -1.1142E+01 -1.6644E-01
  9.2170E+00 -1.0942E+01 -9.0685E-02
  9.2869E+00 -1.0772E+01 -3.9967E-02
  9.4730E+00 -1.0671E+01 -7.4372E-02
  9.4126E+00 -1.0620E+01 -6.5884E-02
  9.1761E+00 -1.0585E+01 -4.3620E-02
  9.0766E+00 -1.0614E+01 -1.7185E-01
  8.8158E+00 -1.0748E+01 -2.8936E-01
  8.6162E+00 -1.0819E+01 -3.7115E-01
  8.6874E+00 -1.0924E+01 -4.7277E-01
  8.5589E+00 -1.0862E+01 -4.2268E-01
  8.4851E+00 -1.0631E+01 -2.8200E-01
  8.7816E+00 -1.0344E+01 -1.3528E-01
  8.8417E+00 -1.0177E+01  1.2993E-01
  8.8023E+00 -1.0174E+01  3.0713E-01
  9.0317E+00 -1.0251E+01  2.9520E-01
  8.9762E+00 -1.0486E+01  3.6622E-01
  8.8297E+00 -1.0659E+01  4.6977E-01
  8.9641E+00 -1.0923E+01  3.5758E-01
  8.9118E+00 -1.1249E+01  2.5907E-01
  8.8220E+00 -1.1338E+01  3.5470E-01
  9.2210E+00 -1.1309E+01  4.0916E-01
  9.3663E+00 -1.1120E+01  5.1418E-01
  9.3584E+00 -1.1131E+01  5.0025E-01
  9.5743E+00 -1.1304E+01  3.3774E-01
  9.5912E+00 -1.1339E+01  3.7226E-01
  9.3961E+00 -1.1249E+01  4.7930E-01
  9.5378E+00 -1.1193E+01  3.3973E-01
  9.5787E+00 -1.1196E+01  2.6235E-01
  9.6179E+00 -1.1165E+01  2.4362E-01
  9.7440E+00 -1.1003E+01  2.0834E-01
  9.5881E+00 -1.0969E+01  1.3366E-01
  9.3101E+00 -1.0979E+01  9.8065E-02
  9.1503E+00 -1.0735E+01  1.4303E-01
  8.8833E+00 -1.0586E+01  1.4535E-01
  8.6372E+00 -1.0582E+01  2.8824E-02
  8.4465E+00 -1.0761E+01 -1.0744E-01
  8.2132E+00 -1.0863E+01 -1.0926E-01
  8.2653E+00 -1.0833E+01 -1.8960E-01
  8.3839E+00 -1.0807E+01 -2.7902E-01
  8.3911E+00 -1.0749E+01 -3.0857E-01
  8.6903E+00 -1.0621E+01 -4.0065E-01
  8.9369E+00 -1.0527E+01 -3.1098E-01
  9.1219E+00 -1.0534E+01 -1.6863E-01
  9.3740E+00 -1.0580E+01 -1.6603E-01
  9.4663E+00 -1.0614E+01 -7.3251E-02
  9.4227E+00 -1.0816E+01  1.6814E-01
  9.4861E+00 -1.1059E+01  3.2562E-01
  9.5079E+00 -1.1130E+01  4.7199E-01
  9.4939E+00 -1.1288E+01  4.8045E-01
  9.4740E+00 -1.1528E+01  5.4611E-01
  9.4768E+00 -1.1714E+01  6.4497E-01
  9.5233E+00 -1.1752E+01  6.9458E-01
  9.4973E+00 -1.1723E+01  7.7494E-01
  9.4439E+00 -1.1762E+01  7.1097E-01
  9.4052E+00 -1.1645E+01  7.2246E-01
  9.3565E+00 -1.1391E+01  7.1715E-01
  9.3716E+00 -1.1186E+01  5.8187E-01
  9.3608E+00 -1.1004E+01  4.1217E-01
  9.2683E+00 -1.0872E+01  1.8370E-01
  9.1713E+00 -1.0704E+01 -3.8420E-02
  9.0966E+00 -1.0589E+01 -2.6293E-01
  8.9229E+00 -1.0669E+01 -3.9274E-01
  8.6747E+00 -1.0699E+01 -4.0322E-01
  8.5448E+00 -1.0674E+01 -3.9670E-01
  8.3599E+00 -1.0650E+01 -3.0789E-01
  8.2480E+00 -1.0691E+01 -2.9329E-01
  8.3240E+00 -1.0792E+01 -3.3632E-01
  8.3583E+00 -1.0858E+01 -1.8687E-01
  8.4597E+00 -1.0832E+01 -8.5295E-02
  8.5818E+00 -1.0733E+01 -3.0343E-02
  8.6452E+00 -1.0764E+01  1.7263E-01
  8.9117E+00 -1.0851E+01  2.2700E-01
  9.0531E+00 -1.0884E+01  2.1281E-01
  9.1432E+00 -1.1024E+01  2.4175E-01
  9.1990E+00 -1.0901E+01  5.1977E-01
  9.2610E+00 -1.0862E+01  6.6622E-01
  9.2093E+00 -1.0875E+01  6.6499E-01
  9.2293E+00 -1.0888E+01  7.0541E-01
  9.2155E+00 -1.1023E+01  6.8108E-01
  9.1386E+00 -1.1055E+01  7.2699E-01
  9.1873E+00 -1.1113E+01  6.2358E-01
  9.1250E+00 -1.1189E+01  5.6499E-01
  9.1754E+00 -1.1230E+01  5.8104E-01
  9.2143E+00 -1.1338E+01  6.3556E-01
  9.0919E+00 -1.1451E+01  6.5532E-01
  9.0983E+00 -1.1578E+01  5.1268E-01
  9.2259E+00 -1.1586E+01  4.9262E-01
  9.3507E+00 -1.1518E+01  6.5904E-01
  9.5165E+00 -1.1440E+01  6.9544E-01
  9.4170E+00 -1.1352E+01  6.8443E-01
  9.2765E+00 -1.1333E+01  6.2181E-01
  9.4204E+00 -1.1281E+01  5.2050E-01
  9.3769E+00 -1.1195E+01  3.9593E-01
  9.2161E+00 -1.1112E+01  1.8369E-01
  9.2499E+00 -1.0942E+01  2.4136E-02
  9.1611E+00 -1.0890E+01  3.8936E-02
  8.9366E+00 -1.0703E+01  8.5234E-02
  8.8742E+00 -1.0532E+01 -6.0977E-02
  8.7281E+00 -1.0664E+01 -8.4058E-02
  8.4819E+00 -1.0851E+01  3.0363E-02
  8.4220E+00 -1.0944E+01 -3.9152E-02
  8.3053E+00 -1.1061E+01 -1.3886E-01
  8.1251E+00 -1.1139E+01 -1.0928E-01
  8.1497E+00 -1.1222E+01 -1.4667E-01
  8.2889E+00 -1.1112E+01 -1.7634E-01
  8.4169E+00 -1.0950E+01 -1.9023E-01
  8.4949E+00 -1.0912E+01 -2.3402E-01
  8.5772E+00 -1.0969E+01 -3.5621E-01
  8.6103E+00 -1.1033E+01 -3.9974E-01
  8.5342E+00 -1.1012E+01 -3.0371E-01
  8.6665E+00 -1.1125E+01 -4.4577E-01
  8.7356E+00 -1.1276E+01 -5.4120E-01
  8.7072E+00 -1.1286E+01 -4.7212E-01
  8.8146E+00 -1.1184E+01 -4.5473E-01
  8.7625E+00 -1.1001E+01 -2.7495E-01
  8.6112E+00 -1.1069E+01 -5.3431E-02
  8.6099E+00 -1.1232E+01 -4.2605E-02
  8.5615E+00 -1.1156E+01  1.1155E-01
  8.5445E+00 -1.1174E+01  1.8919E-01
  8.4566E+00 -1.1141E+01  3.6890E-01
  8.4053E+00 -1.1212E+01  4.6032E-01
  8.4253E+00 -1.1418E+01  4.2373E-01
  8.4058E+00 -1.1323E+01  6.1254E-01
  8.6057E+00 -1.1129E+01  6.0976E-01
  8.7342E+00 -1.1045E+01  5.7416E-01
  8.7520E+00 -1.0998E+01  5.7462E-01
  8.9239E+00 -1.0883E+01  4.9352E-01
  8.9898E+00 -1.0700E+01  6.0078E-01
  9.1079E+00 -1.0634E+01  5.6827E-01
  9.1319E+00 -1.0637E+01  5.0589E-01
  9.0414E+00 -1.0715E+01  5.4984E-01
  9.1752E+00 -1.0785E+01  5.3427E-01
  9.1936E+00 -1.0888E+01  5.2911E-01
  9.0926E+00 -1.1137E+01  4.7665E-01
  9.1110E+00 -1.1231E+01  4.9575E-01
  9.0167E+00 -1.1330E+01  5.9797E-01
  8.9033E+00 -1.1450E+01  6.3287E-01
  8.9125E+00 -1.1359E+01  6.9325E-01
  9.0194E+00 -1.1340E+01  7.4035E-01
  9.0833E+00 -1.1291E+01  8.4061E-01
  9.1349E+00 -1.1204E+01  8.9705E-01
  9.1321E+00 -1.1256E+01  8.6032E-01
  9.1192E+00 -1.1438E+01  8.0184E-01
  9.1778E+00 -1.1543E+01  7.6347E-01
  9.1448E+00 -1.1485E+01  7.9351E-01
  9.1524E+00 -1.1439E+01  7.6641E-01
  9.0916E+00 -1.1322E+01  8.4431E-01
  8.9654E+00 -1.1198E+01  9.4431E-01
  8.9757E+00 -1.1160E+01  8.6241E-01
  8.9497E+00 -1.1186E+01  6.8343E-01
  8.7905E+00 -1.1073E+01  6.7982E-01
  8.7691E+00 -1.0878E+01  7.2073E-01
  8.7473E+00 -1.0845E+01  6.7177E-01
  8.6392E+00 -1.0937E+01  6.1611E-01
  8.6764E+00 -1.0933E+01  4.6963E-01
  8.6327E+00 -1.1034E+01  5.1795E-01
  8.4771E+00 -1.1132E+01  6.6451E-01
  8.4582E+00 -1.1228E+01  6.6136E-01
  8.3462E+00 -1.1303E+01  8.7324E-01
  8.4529E+00 -1.1366E+01  9.7163E-01
  8.4988E+00 -1.1343E+01  1.0803E+00
  8.5408E+00 -1.1316E+01  1.1307E+00
  8.8151E+00 -1.1151E+01  1.1507E+00
  8.9569E+00 -1.0976E+01  1.2973E+00
  9.0269E+00 -1.0960E+01  1.2951E+00
  9.1899E+00 -1.0699E+01  1.2999E+00
  9.2523E+00 -1.0612E+01  1.2962E+00
  9.2873E+00 -1.0745E+01  1.1957E+00
  9.3357E+00 -1.0712E+01  1.1807E+00
  9.1860E+00 -1.0789E+01  1.1850E+00
  8.9787E+00 -1.0870E+01  1.3071E+00
  8.9583E+00 -1.1034E+01  1.3681E+00
  8.8030E+00 -1.1264E+01  1.3901E+00
  8.8166E+00 -1.1392E+01  1.4081E+00
  8.7845E+00 -1.1597E+01  1.3831E+00
  8.7060E+00 -1.1703E+01  1.4494E+00
  8.8693E+00 -1.1823E+01  1.4698E+00
  8.8461E+00 -1.1925E+01  1.4396E+00
  8.9194E+00 -1.1998E+01  1.5109E+00
  8.9642E+00 -1.1997E+01  1.6548E+00
  8.9184E+00 -1.2013E+01  1.6859E+00
  9.0499E+00 -1.2016E+01  1.6969E+00
  9.0714E+00 -1.1949E+01  1.7365E+00
  9.0687E+00 -1.1955E+01  1.7543E+00
  9.1636E+00 -1.2046E+01  1.7871E+00
  9.1778E+00 -1.2046E+01  1.8688E+00
  9.2774E+00 -1.2038E+01  1.9475E+00
  9.2050E+00 -1.1972E+01  2.1260E+00
  9.1588E+00 -1.2002E+01  2.2373E+00
  9.0924E+00 -1.2061E+01  2.2828E+00
  8.8408E+00 -1.2086E+01  2.3023E+00
  8.8428E+00 -1.2228E+01  2.2392E+00
  8.7759E+00 -1.2405E+01  2.0810E+00
  8.6347E+00 -1.2495E+01  1.8887E+00
  8.7571E+00 -1.2367E+01  1.8284E+00
  8.7937E+00 -1.2187E+01  1.7413E+00
  8.7449E+00 -1.2080E+01  1.5810E+00
  8.8979E+00 -1.1887E+01  1.4994E+00
  8.8642E+00 -1.1603E+01  1.4421E+00
  8.8460E+00 -1.1431E+01  1.3972E+00
  8.9030E+00 -1.1323E+01  1.4442E+00
  8.7672E+00 -1.1356E+01  1.4264E+00
  8.6701E+00 -1.1577E+01  1.3730E+00
  8.5928E+00 -1.1647E+01  1.4806E+00
  8.4181E+00 -1.1647E+01  1.6517E+00
  8.2652E+00 -1.1651E+01  1.8082E+00
  8.1918E+00 -1.1808E+01  1.9074E+00
  8.1654E+00 -1.2161E+01  1.9425E+00
  8.1752E+00 -1.2390E+01  1.9794E+00
  8.1724E+00 -1.2442E+01  2.0656E+00
  8.1066E+00 -1.2368E+01  2.2977E+00
  8.2725E+00 -1.2315E+01  2.4433E+00
  8.4183E+00 -1.2243E+01  2.3540E+00
  8.6345E+00 -1.2046E+01  2.3003E+00
  8.8302E+00 -1.1765E+01  2.4916E+00
  8.8981E+00 -1.1545E+01  2.5623E+00
  8.7716E+00 -1.1410E+01  2.4903E+00
  8.7554E+00 -1.1440E+01  2.3690E+00
  8.7520E+00 -1.1484E+01  2.3618E+00
  8.5590E+00 -1.1585E+01  2.2644E+00
  8.4675E+00 -1.1714E+01  2.0771E+00
  8.4488E+00 -1.1830E+01  1.9495E+00
  8.2480E+00 -1.2033E+01  1.8149E+00
  8.2599E+00 -1.1943E+01  1.8640E+00
  8.2390E+00 -1.1857E+01  1.8140E+00
  8.0934E+00 -1.1921E+01  1.7165E+00
  8.2815E+00 -1.1875E+01  1.8289E+00
  8.2384E+00 -1.1819E+01  1.8870E+00
  8.1288E+00 -1.1755E+01  1.9287E+00
  8.3212E+00 -1.1763E+01  2.0592E+00
  8.2273E+00 -1.1917E+01  2.1764E+00
  8.1241E+00 -1.2002E+01  2.2625E+00
  8.2530E+00 -1.2094E+01  2.3482E+00
  8.1114E+00 -1.2269E+01  2.3228E+00
  8.1571E+00 -1.2383E+01  2.2048E+00
  8.2080E+00 -1.2348E+01  2.1554E+00
  7.9866E+00 -1.2219E+01  2.0657E+00
  8.1376E+00 -1.1996E+01  1.8845E+00
  8.0233E+00 -1.1721E+01  1.7362E+00
  8.0333E+00 -1.1478E+01  1.5512E+00
  8.2076E+00 -1.1104E+01  1.4163E+00
  8.0927E+00 -1.0850E+01  1.2150E+00
  8.0296E+00 -1.0737E+01  9.7399E-01
  8.0594E+00 -1.0543E+01  7.9226E-01
  7.9258E+00 -1.0647E+01  6.6773E-01
  7.7655E+00 -1.0784E+01  5.7557E-01
  7.6568E+00 -1.0817E+01  5.3451E-01
  7.5706E+00 -1.0976E+01  6.2201E-01
  7.6846E+00 -1.1004E+01  6.2876E-01
  7.7029E+00 -1.1120E+01  6.8316E-01
  7.7712E+00 -1.1240E+01  8.4183E-01
  7.9795E+00 -1.1240E+01  9.8695E-01
  7.9346E+00 -1.1269E+01  1.2455E+00
  7.9195E+00 -1.1243E+01  1.4618E+00
  8.0068E+00 -1.1438E+01  1.6177E+00
  7.9747E+00 -1.1816E+01  1.8112E+00
  7.9674E+00 -1.2104E+01  1.9795E+00
  7.9193E+00 -1.2292E+01  2.1348E+00
  7.8194E+00 -1.2475E+01  2.2019E+00
  7.9009E+00 -1.2575E+01  2.1722E+00
  7.9448E+00 -1.2463E+01  2.1445E+00
  7.9957E+00 -1.2274E+01  2.0426E+00
  8.1289E+00 -1.2106E+01  1.8947E+00
  8.1369E+00 -1.1940E+01  1.7401E+00
  8.1179E+00 -1.1704E+01  1.6479E+00
  8.0287E+00 -1.1565E+01  1.4111E+00
  7.7884E+00 -1.1659E+01  1.1058E+00
