1.000000E-02 -1.049384E+02
2.000000E-02 -1.614878E+02
3.000000E-02 -2.527989E+02
4.000000E-02 -2.408798E+02
5.000000E-02 -2.322960E+02
6.000000E-02 -2.781161E+02
7.000000E-02 -2.316854E+02
8.000000E-02 -2.473309E+02
9.000000E-02 -3.104620E+02
1.000000E-01 -3.418410E+02
1.100000E-01 -3.158275E+02
1.200000E-01 -3.564798E+02
1.300000E-01 -3.155262E+02
1.400000E-01 -3.092580E+02
1.500000E-01 -3.075559E+02
1.600000E-01 -3.212849E+02
1.700000E-01 -2.793195E+02
1.800000E-01 -2.771466E+02
1.900000E-01 -2.851089E+02
2.000000E-01 -2.811273E+02
2.100000E-01 -2.865592E+02
2.200000E-01 -3.039650E+02
2.300000E-01 -2.823605E+02
2.400000E-01 -2.864458E+02
2.500000E-01 -2.845742E+02
2.600000E-01 -2.947803E+02
2.700000E-01 -2.214555E+02
2.800000E-01 -2.435260E+02
2.900000E-01 -3.408750E+02
3.000000E-01 -2.821287E+02
3.100000E-01 -2.935326E+02
3.200000E-01 -2.909069E+02
3.300000E-01 -2.659446E+02
3.400000E-01 -2.873668E+02
3.500000E-01 -2.719184E+02
3.600000E-01 -2.706627E+02
3.700000E-01 -2.633796E+02
3.800000E-01 -2.448257E+02
3.900000E-01 -2.330318E+02
4.000000E-01 -2.496085E+02
4.100000E-01 -2.857806E+02
4.200000E-01 -2.846057E+02
4.300000E-01 -2.387712E+02
4.400000E-01 -2.150283E+02
4.500000E-01 -2.530241E+02
4.600000E-01 -2.598239E+02
4.700000E-01 -2.054668E+02
4.800000E-01 -1.963796E+02
4.900000E-01 -2.120863E+02
5.000000E-01 -2.011619E+02
5.100000E-01 -2.029280E+02
5.200000E-01 -1.972351E+02
5.300000E-01 -1.944460E+02
5.400000E-01 -1.722761E+02
5.500000E-01 -1.921430E+02
5.600000E-01 -2.220960E+02
5.700000E-01 -1.960041E+02
5.800000E-01 -2.239410E+02
5.900000E-01 -2.437279E+02
6.000000E-01 -2.544618E+02
6.100000E-01 -2.528638E+02
6.200000E-01 -2.396412E+02
6.300000E-01 -2.437514E+02
6.400000E-01 -2.326759E+02
6.500000E-01 -2.092844E+02
6.600000E-01 -2.344526E+02
6.700000E-01 -2.524688E+02
6.800000E-01 -2.554879E+02
6.900000E-01 -2.677996E+02
7.000000E-01 -2.586114E+02
7.100000E-01 -2.552700E+02
7.200000E-01 -2.507403E+02
7.300000E-01 -2.302833E+02
7.400000E-01 -2.216500E+02
7.500000E-01 -2.663929E+02
7.600000E-01 -3.087048E+02
7.700000E-01 -2.859050E+02
7.800000E-01 -2.607827E+02
7.900000E-01 -2.654015E+02
8.000000E-01 -2.738326E+02
8.100000E-01 -2.739516E+02
8.200000E-01 -2.529740E+02
8.300000E-01 -2.668829E+02
8.400000E-01 -2.512406E+02
8.500000E-01 -2.324264E+02
8.600000E-01 -2.358024E+02
8.700000E-01 -2.370827E+02
8.800000E-01 -2.175667E+02
8.900000E-01 -2.162331E+02
9.000000E-01 -2.043599E+02
9.100000E-01 -2.304294E+02
9.200000E-01 -2.312219E+02
9.300000E-01 -2.310738E+02
9.400000E-01 -2.347887E+02
9.500000E-01 -2.397958E+02
9.600000E-01 -2.385537E+02
9.700000E-01 -2.173298E+02
9.800000E-01 -2.074404E+02
9.900000E-01 -2.150367E+02
1.000000E+00 -2.135261E+02
1.010000E+00 -2.133519E+02
1.020000E+00 -2.148886E+02
1.030000E+00 -2.110202E+02
1.040000E+00 -2.197465E+02
1.050000E+00 -2.206824E+02
1.060000E+00 -2.161809E+02
1.070000E+00 -2.273917E+02
1.080000E+00 -2.351678E+02
1.090000E+00 -2.291535E+02
1.100000E+00 -2.209089E+02
1.110000E+00 -2.135048E+02
1.120000E+00 -1.987316E+02
1.130000E+00 -2.207855E+02
1.140000E+00 -2.343826E+02
1.150000E+00 -2.332022E+02
1.160000E+00 -2.138856E+02
1.170000E+00 -2.122168E+02
1.180000E+00 -2.043166E+02
1.190000E+00 -2.237937E+02
1.200000E+00 -2.418693E+02
1.210000E+00 -2.536777E+02
1.220000E+00 -2.340812E+02
1.230000E+00 -1.800210E+02
1.240000E+00 -1.787539E+02
1.250000E+00 -2.063987E+02
1.260000E+00 -2.186865E+02
1.270000E+00 -2.091568E+02
1.280000E+00 -2.051442E+02
1.290000E+00 -2.063918E+02
1.300000E+00 -1.885407E+02
1.310000E+00 -1.947397E+02
1.320000E+00 -1.942964E+02
1.330000E+00 -2.001912E+02
1.340000E+00 -1.951214E+02
1.350000E+00 -2.114557E+02
1.360000E+00 -2.245751E+02
1.370000E+00 -2.058386E+02
1.380000E+00 -2.014052E+02
1.390000E+00 -1.890430E+02
1.400000E+00 -1.835114E+02
1.410000E+00 -1.875075E+02
1.420000E+00 -1.721180E+02
1.430000E+00 -1.703635E+02
1.440000E+00 -1.746137E+02
1.450000E+00 -1.989901E+02
1.460000E+00 -1.915529E+02
1.470000E+00 -1.757334E+02
1.480000E+00 -1.919151E+02
1.490000E+00 -1.842849E+02
1.500000E+00 -1.635732E+02
1.510000E+00 -1.498481E+02
1.520000E+00 -1.754997E+02
1.530000E+00 -1.773000E+02
1.540000E+00 -1.712428E+02
1.550000E+00 -1.829427E+02
1.560000E+00 -1.762789E+02
1.570000E+00 -1.735430E+02
1.580000E+00 -1.892912E+02
1.590000E+00 -2.005107E+02
1.600000E+00 -1.986123E+02
1.610000E+00 -1.909798E+02
1.620000E+00 -1.854614E+02
1.630000E+00 -1.812652E+02
1.640000E+00 -1.854698E+02
1.650000E+00 -1.891029E+02
1.660000E+00 -1.887513E+02
1.670000E+00 -1.700139E+02
1.680000E+00 -1.584896E+02
1.690000E+00 -1.668547E+02
1.700000E+00 -1.664393E+02
1.710000E+00 -1.898517E+02
1.720000E+00 -1.996742E+02
1.730000E+00 -1.823297E+02
1.740000E+00 -1.895223E+02
1.750000E+00 -1.915494E+02
1.760000E+00 -1.786132E+02
1.770000E+00 -1.701353E+02
1.780000E+00 -1.554108E+02
1.790000E+00 -1.874368E+02
1.800000E+00 -1.935217E+02
1.810000E+00 -1.822503E+02
1.820000E+00 -1.946389E+02
1.830000E+00 -2.061026E+02
1.840000E+00 -1.895733E+02
1.850000E+00 -1.707909E+02
1.860000E+00 -1.812574E+02
1.870000E+00 -1.864976E+02
1.880000E+00 -2.109280E+02
1.890000E+00 -1.851195E+02
1.900000E+00 -1.739413E+02
1.910000E+00 -2.016656E+02
1.920000E+00 -2.320251E+02
1.930000E+00 -2.498322E+02
1.940000E+00 -2.378409E+02
1.950000E+00 -2.290963E+02
1.960000E+00 -2.349786E+02
1.970000E+00 -2.117772E+02
1.980000E+00 -1.902553E+02
1.990000E+00 -1.967671E+02
2.000000E+00 -1.929541E+02
2.010000E+00 -1.816955E+02
2.020000E+00 -2.044160E+02
2.030000E+00 -2.006079E+02
2.040000E+00 -2.052146E+02
2.050000E+00 -2.128184E+02
2.060000E+00 -2.190439E+02
2.070000E+00 -2.039275E+02
2.080000E+00 -1.985915E+02
2.090000E+00 -2.081038E+02
2.100000E+00 -2.230767E+02
2.110000E+00 -2.216400E+02
2.120000E+00 -2.193208E+02
2.130000E+00 -2.065930E+02
2.140000E+00 -2.067802E+02
2.150000E+00 -2.304058E+02
2.160000E+00 -2.385615E+02
2.170000E+00 -2.465607E+02
2.180000E+00 -2.423266E+02
2.190000E+00 -2.159529E+02
2.200000E+00 -2.071184E+02
2.210000E+00 -2.287215E+02
2.220000E+00 -1.959219E+02
2.230000E+00 -1.912948E+02
2.240000E+00 -2.174033E+02
2.250000E+00 -2.341667E+02
2.260000E+00 -2.395600E+02
2.270000E+00 -1.982980E+02
2.280000E+00 -2.128394E+02
2.290000E+00 -2.447865E+02
2.300000E+00 -2.427971E+02
2.310000E+00 -2.092960E+02
2.320000E+00 -1.961899E+02
2.330000E+00 -1.985532E+02
2.340000E+00 -1.957271E+02
2.350000E+00 -1.968833E+02
2.360000E+00 -2.111321E+02
2.370000E+00 -2.374328E+02
2.380000E+00 -2.386585E+02
2.390000E+00 -2.260770E+02
2.400000E+00 -2.209166E+02
2.410000E+00 -1.839551E+02
2.420000E+00 -1.989005E+02
2.430000E+00 -1.996010E+02
2.440000E+00 -1.666743E+02
2.450000E+00 -1.671337E+02
2.460000E+00 -1.809013E+02
2.470000E+00 -1.891389E+02
2.480000E+00 -2.094313E+02
2.490000E+00 -2.134534E+02
2.500000E+00 -1.997787E+02
2.510000E+00 -1.816298E+02
2.520000E+00 -1.710522E+02
2.530000E+00 -1.767426E+02
2.540000E+00 -1.901338E+02
2.550000E+00 -1.566340E+02
2.560000E+00 -1.355961E+02
2.570000E+00 -1.403164E+02
2.580000E+00 -1.613721E+02
2.590000E+00 -1.875900E+02
2.600000E+00 -1.868812E+02
2.610000E+00 -1.910430E+02
2.620000E+00 -1.961564E+02
2.630000E+00 -2.065271E+02
2.640000E+00 -2.167193E+02
2.650000E+00 -2.181855E+02
2.660000E+00 -2.346285E+02
2.670000E+00 -2.476203E+02
2.680000E+00 -2.205436E+02
2.690000E+00 -1.907415E+02
2.700000E+00 -1.927596E+02
2.710000E+00 -2.065849E+02
2.720000E+00 -2.042450E+02
2.730000E+00 -2.074407E+02
2.740000E+00 -2.097045E+02
2.750000E+00 -2.122527E+02
2.760000E+00 -2.129915E+02
2.770000E+00 -2.158882E+02
2.780000E+00 -2.077591E+02
2.790000E+00 -2.158046E+02
2.800000E+00 -2.168527E+02
2.810000E+00 -2.026250E+02
2.820000E+00 -2.048240E+02
2.830000E+00 -2.288386E+02
2.840000E+00 -2.028252E+02
2.850000E+00 -1.951900E+02
2.860000E+00 -2.000142E+02
2.870000E+00 -1.940774E+02
2.880000E+00 -2.058172E+02
2.890000E+00 -2.051779E+02
2.900000E+00 -2.134108E+02
2.910000E+00 -2.039905E+02
2.920000E+00 -2.074851E+02
2.930000E+00 -2.352295E+02
2.940000E+00 -2.466150E+02
2.950000E+00 -2.250291E+02
2.960000E+00 -2.306539E+02
2.970000E+00 -2.461864E+02
2.980000E+00 -2.429113E+02
2.990000E+00 -2.271497E+02
3.000000E+00 -2.187902E+02
3.010000E+00 -2.100747E+02
3.020000E+00 -2.253885E+02
3.030000E+00 -2.176895E+02
3.040000E+00 -2.611691E+02
3.050000E+00 -2.365611E+02
3.060000E+00 -2.270410E+02
3.070000E+00 -2.372967E+02
3.080000E+00 -2.234040E+02
3.090000E+00 -2.432467E+02
3.100000E+00 -2.303599E+02
3.110000E+00 -2.022462E+02
3.120000E+00 -2.105026E+02
3.130000E+00 -2.217795E+02
3.140000E+00 -2.397758E+02
3.150000E+00 -2.207742E+02
3.160000E+00 -2.078529E+02
3.170000E+00 -2.119894E+02
3.180000E+00 -2.041612E+02
3.190000E+00 -2.067427E+02
3.200000E+00 -2.292592E+02
3.210000E+00 -2.417068E+02
3.220000E+00 -2.184983E+02
3.230000E+00 -1.999781E+02
3.240000E+00 -2.313638E+02
3.250000E+00 -2.513463E+02
3.260000E+00 -2.323154E+02
3.270000E+00 -2.149555E+02
3.280000E+00 -2.128724E+02
3.290000E+00 -2.107298E+02
3.300000E+00 -1.940749E+02
3.310000E+00 -2.146817E+02
3.320000E+00 -2.095682E+02
3.330000E+00 -2.007377E+02
3.340000E+00 -2.234205E+02
3.350000E+00 -1.972463E+02
3.360000E+00 -1.548311E+02
3.370000E+00 -1.847394E+02
3.380000E+00 -1.881268E+02
3.390000E+00 -1.682430E+02
3.400000E+00 -1.809765E+02
3.410000E+00 -1.804539E+02
3.420000E+00 -1.840065E+02
3.430000E+00 -1.983721E+02
3.440000E+00 -1.818255E+02
3.450000E+00 -1.810723E+02
3.460000E+00 -1.892844E+02
3.470000E+00 -1.750943E+02
3.480000E+00 -1.768383E+02
3.490000E+00 -2.013110E+02
3.500000E+00 -2.251819E+02
3.510000E+00 -2.154657E+02
3.520000E+00 -2.108725E+02
3.530000E+00 -1.944154E+02
3.540000E+00 -2.037635E+02
3.550000E+00 -1.886420E+02
3.560000E+00 -1.829559E+02
3.570000E+00 -1.907682E+02
3.580000E+00 -2.014732E+02
3.590000E+00 -2.333282E+02
3.600000E+00 -2.097201E+02
3.610000E+00 -1.759452E+02
3.620000E+00 -1.831359E+02
3.630000E+00 -1.725623E+02
3.640000E+00 -1.951334E+02
3.650000E+00 -1.922797E+02
3.660000E+00 -2.003254E+02
3.670000E+00 -2.090839E+02
3.680000E+00 -2.032654E+02
3.690000E+00 -1.992656E+02
3.700000E+00 -1.820977E+02
3.710000E+00 -1.754965E+02
3.720000E+00 -1.586503E+02
3.730000E+00 -1.535615E+02
3.740000E+00 -1.762448E+02
3.750000E+00 -1.852238E+02
3.760000E+00 -1.806989E+02
3.770000E+00 -1.717886E+02
3.780000E+00 -1.615508E+02
3.790000E+00 -1.604575E+02
3.800000E+00 -1.857545E+02
3.810000E+00 -1.970789E+02
3.820000E+00 -1.847908E+02
3.830000E+00 -1.932650E+02
3.840000E+00 -2.085339E+02
3.850000E+00 -1.999959E+02
3.860000E+00 -1.842386E+02
3.870000E+00 -1.893874E+02
3.880000E+00 -1.999730E+02
3.890000E+00 -1.951467E+02
3.900000E+00 -2.031377E+02
3.910000E+00 -1.781893E+02
3.920000E+00 -1.688302E+02
3.930000E+00 -1.963459E+02
3.940000E+00 -1.947572E+02
3.950000E+00 -2.010195E+02
3.960000E+00 -1.927664E+02
3.970000E+00 -1.808868E+02
3.980000E+00 -1.839492E+02
3.990000E+00 -1.640629E+02
4.000000E+00 -1.610637E+02
4.010000E+00 -1.853113E+02
4.020000E+00 -1.808608E+02
4.030000E+00 -1.763770E+02
4.040000E+00 -1.919592E+02
4.050000E+00 -1.753053E+02
4.060000E+00 -1.945711E+02
4.070000E+00 -1.837616E+02
4.080000E+00 -1.919529E+02
4.090000E+00 -1.892209E+02
4.100000E+00 -1.911206E+02
4.110000E+00 -2.004112E+02
4.120000E+00 -1.961645E+02
4.130000E+00 -1.807985E+02
4.140000E+00 -2.056941E+02
4.150000E+00 -2.177177E+02
4.160000E+00 -1.993533E+02
4.170000E+00 -1.851850E+02
4.180000E+00 -1.892437E+02
4.190000E+00 -1.936895E+02
4.200000E+00 -1.826665E+02
4.210000E+00 -1.885569E+02
4.220000E+00 -1.786789E+02
4.230000E+00 -1.678279E+02
4.240000E+00 -1.671674E+02
4.250000E+00 -1.653811E+02
4.260000E+00 -1.494303E+02
4.270000E+00 -1.505551E+02
4.280000E+00 -1.438569E+02
4.290000E+00 -1.309958E+02
4.300000E+00 -1.324071E+02
4.310000E+00 -1.501887E+02
4.320000E+00 -1.592264E+02
4.330000E+00 -1.367526E+02
4.340000E+00 -1.257408E+02
4.350000E+00 -1.335922E+02
4.360000E+00 -1.547959E+02
4.370000E+00 -1.783385E+02
4.380000E+00 -1.464231E+02
4.390000E+00 -1.544046E+02
4.400000E+00 -1.583983E+02
4.410000E+00 -1.272702E+02
4.420000E+00 -1.330408E+02
4.430000E+00 -1.460910E+02
4.440000E+00 -1.459252E+02
4.450000E+00 -1.265313E+02
4.460000E+00 -1.326111E+02
4.470000E+00 -1.406482E+02
4.480000E+00 -1.321106E+02
4.490000E+00 -1.273580E+02
4.500000E+00 -1.341693E+02
4.510000E+00 -1.485477E+02
4.520000E+00 -1.612308E+02
4.530000E+00 -1.664469E+02
4.540000E+00 -1.626137E+02
4.550000E+00 -1.587794E+02
4.560000E+00 -1.497031E+02
4.570000E+00 -1.727514E+02
4.580000E+00 -1.990252E+02
4.590000E+00 -1.841913E+02
4.600000E+00 -1.486758E+02
4.610000E+00 -1.587610E+02
4.620000E+00 -1.425790E+02
4.630000E+00 -1.543090E+02
4.640000E+00 -1.838282E+02
4.650000E+00 -1.976864E+02
4.660000E+00 -1.819332E+02
4.670000E+00 -1.868658E+02
4.680000E+00 -1.776318E+02
4.690000E+00 -1.785313E+02
4.700000E+00 -1.886461E+02
4.710000E+00 -1.788318E+02
4.720000E+00 -1.513718E+02
4.730000E+00 -1.626658E+02
4.740000E+00 -1.761531E+02
4.750000E+00 -1.563017E+02
4.760000E+00 -1.511882E+02
4.770000E+00 -1.591586E+02
4.780000E+00 -1.816973E+02
4.790000E+00 -1.810581E+02
4.800000E+00 -1.806026E+02
4.810000E+00 -1.892808E+02
4.820000E+00 -1.977947E+02
4.830000E+00 -1.918763E+02
4.840000E+00 -1.813743E+02
4.850000E+00 -1.638031E+02
4.860000E+00 -1.518356E+02
4.870000E+00 -1.738582E+02
4.880000E+00 -2.018637E+02
4.890000E+00 -1.816306E+02
4.900000E+00 -1.651582E+02
4.910000E+00 -1.497047E+02
4.920000E+00 -1.669227E+02
4.930000E+00 -1.844416E+02
4.940000E+00 -1.776293E+02
4.950000E+00 -1.899595E+02
4.960000E+00 -1.913939E+02
4.970000E+00 -1.788237E+02
4.980000E+00 -1.693533E+02
4.990000E+00 -1.688684E+02
5.000000E+00 -1.702444E+02
5.010000E+00 -1.726588E+02
5.020000E+00 -1.900230E+02
5.030000E+00 -2.052018E+02
5.040000E+00 -1.946484E+02
5.050000E+00 -1.830192E+02
5.060000E+00 -1.802183E+02
5.070000E+00 -1.844866E+02
5.080000E+00 -1.810555E+02
5.090000E+00 -1.783430E+02
5.100000E+00 -1.717196E+02
5.110000E+00 -1.824735E+02
5.120000E+00 -1.877890E+02
5.130000E+00 -1.902183E+02
5.140000E+00 -1.987936E+02
5.150000E+00 -2.029634E+02
5.160000E+00 -1.981045E+02
5.170000E+00 -1.832424E+02
5.180000E+00 -1.809710E+02
5.190000E+00 -1.890654E+02
5.200000E+00 -1.951583E+02
5.210000E+00 -1.909952E+02
5.220000E+00 -1.812486E+02
5.230000E+00 -1.776478E+02
5.240000E+00 -1.835636E+02
5.250000E+00 -1.828566E+02
5.260000E+00 -1.772132E+02
5.270000E+00 -1.836386E+02
5.280000E+00 -1.787910E+02
5.290000E+00 -1.863235E+02
5.300000E+00 -2.060572E+02
5.310000E+00 -2.016517E+02
5.320000E+00 -2.115470E+02
5.330000E+00 -2.167101E+02
5.340000E+00 -2.131531E+02
5.350000E+00 -2.195708E+02
5.360000E+00 -2.242908E+02
5.370000E+00 -2.128731E+02
5.380000E+00 -1.983519E+02
5.390000E+00 -1.854862E+02
5.400000E+00 -1.967520E+02
5.410000E+00 -2.041445E+02
5.420000E+00 -2.018525E+02
5.430000E+00 -2.026585E+02
5.440000E+00 -2.044797E+02
5.450000E+00 -2.230914E+02
5.460000E+00 -2.497952E+02
5.470000E+00 -2.300425E+02
5.480000E+00 -2.067956E+02
5.490000E+00 -2.152886E+02
5.500000E+00 -2.056238E+02
5.510000E+00 -1.939644E+02
5.520000E+00 -1.895563E+02
5.530000E+00 -1.938098E+02
5.540000E+00 -2.351996E+02
5.550000E+00 -2.379037E+02
5.560000E+00 -2.358968E+02
5.570000E+00 -2.427294E+02
5.580000E+00 -1.947636E+02
5.590000E+00 -1.967368E+02
5.600000E+00 -2.202914E+02
5.610000E+00 -2.046196E+02
5.620000E+00 -2.090383E+02
5.630000E+00 -2.448268E+02
5.640000E+00 -2.194378E+02
5.650000E+00 -2.288609E+02
5.660000E+00 -2.293388E+02
5.670000E+00 -2.270014E+02
5.680000E+00 -2.383098E+02
5.690000E+00 -2.281389E+02
5.700000E+00 -2.199622E+02
5.710000E+00 -2.048041E+02
5.720000E+00 -2.032938E+02
5.730000E+00 -2.185948E+02
5.740000E+00 -2.301899E+02
5.750000E+00 -2.335780E+02
5.760000E+00 -2.177470E+02
5.770000E+00 -2.257385E+02
5.780000E+00 -2.083521E+02
5.790000E+00 -2.175882E+02
5.800000E+00 -2.097770E+02
5.810000E+00 -1.802468E+02
5.820000E+00 -1.820449E+02
5.830000E+00 -2.001245E+02
5.840000E+00 -2.187052E+02
5.850000E+00 -2.107264E+02
5.860000E+00 -1.937961E+02
5.870000E+00 -1.855589E+02
5.880000E+00 -1.750694E+02
5.890000E+00 -1.711730E+02
5.900000E+00 -1.653971E+02
5.910000E+00 -1.874001E+02
5.920000E+00 -1.979022E+02
5.930000E+00 -1.899389E+02
5.940000E+00 -2.144807E+02
5.950000E+00 -2.015244E+02
5.960000E+00 -1.883330E+02
5.970000E+00 -1.842331E+02
5.980000E+00 -1.747291E+02
5.990000E+00 -1.803608E+02
6.000000E+00 -1.922489E+02
6.010000E+00 -1.886170E+02
6.020000E+00 -1.937982E+02
6.030000E+00 -1.700583E+02
6.040000E+00 -1.560778E+02
6.050000E+00 -1.585207E+02
6.060000E+00 -1.652111E+02
6.070000E+00 -2.041447E+02
6.080000E+00 -1.888321E+02
6.090000E+00 -1.963937E+02
6.100000E+00 -2.116064E+02
6.110000E+00 -1.940110E+02
6.120000E+00 -1.891678E+02
6.130000E+00 -1.829982E+02
6.140000E+00 -2.052772E+02
6.150000E+00 -2.158118E+02
6.160000E+00 -1.856971E+02
6.170000E+00 -1.939614E+02
6.180000E+00 -2.221919E+02
6.190000E+00 -1.970587E+02
6.200000E+00 -1.803937E+02
6.210000E+00 -1.818060E+02
6.220000E+00 -1.742765E+02
6.230000E+00 -1.792592E+02
6.240000E+00 -1.874830E+02
6.250000E+00 -1.991232E+02
6.260000E+00 -1.834446E+02
6.270000E+00 -1.775406E+02
6.280000E+00 -2.096257E+02
6.290000E+00 -2.012618E+02
6.300000E+00 -1.834997E+02
6.310000E+00 -2.188668E+02
6.320000E+00 -1.963389E+02
6.330000E+00 -1.643547E+02
6.340000E+00 -1.613826E+02
6.350000E+00 -1.773878E+02
6.360000E+00 -2.003623E+02
6.370000E+00 -2.164909E+02
6.380000E+00 -2.187829E+02
6.390000E+00 -2.101709E+02
6.400000E+00 -2.003342E+02
6.410000E+00 -1.867266E+02
6.420000E+00 -1.926729E+02
6.430000E+00 -2.051227E+02
6.440000E+00 -2.072695E+02
6.450000E+00 -2.095159E+02
6.460000E+00 -1.901561E+02
6.470000E+00 -1.761026E+02
6.480000E+00 -1.759927E+02
6.490000E+00 -1.668638E+02
6.500000E+00 -1.584666E+02
6.510000E+00 -1.716455E+02
6.520000E+00 -1.989434E+02
6.530000E+00 -2.228480E+02
6.540000E+00 -1.845124E+02
6.550000E+00 -1.608348E+02
6.560000E+00 -2.033223E+02
6.570000E+00 -2.141449E+02
6.580000E+00 -1.730548E+02
6.590000E+00 -1.780532E+02
6.600000E+00 -1.887862E+02
6.610000E+00 -1.999803E+02
6.620000E+00 -1.840282E+02
6.630000E+00 -1.784638E+02
6.640000E+00 -2.154254E+02
6.650000E+00 -2.370269E+02
6.660000E+00 -2.132010E+02
6.670000E+00 -2.340058E+02
6.680000E+00 -2.390972E+02
6.690000E+00 -2.362388E+02
6.700000E+00 -2.176316E+02
6.710000E+00 -2.077335E+02
6.720000E+00 -2.039996E+02
6.730000E+00 -2.114602E+02
6.740000E+00 -2.057087E+02
6.750000E+00 -1.826009E+02
6.760000E+00 -1.850919E+02
6.770000E+00 -2.014822E+02
6.780000E+00 -1.963242E+02
6.790000E+00 -1.982410E+02
6.800000E+00 -2.029906E+02
6.810000E+00 -2.209025E+02
6.820000E+00 -2.181042E+02
6.830000E+00 -1.854889E+02
6.840000E+00 -1.993241E+02
6.850000E+00 -1.977974E+02
6.860000E+00 -1.836809E+02
6.870000E+00 -1.896827E+02
6.880000E+00 -1.848269E+02
6.890000E+00 -1.936893E+02
6.900000E+00 -1.866189E+02
6.910000E+00 -1.751122E+02
6.920000E+00 -1.779133E+02
6.930000E+00 -1.819855E+02
6.940000E+00 -1.888277E+02
6.950000E+00 -1.776795E+02
6.960000E+00 -1.749732E+02
6.970000E+00 -1.608737E+02
6.980000E+00 -1.930515E+02
6.990000E+00 -2.016916E+02
7.000000E+00 -1.945816E+02
7.010000E+00 -2.132281E+02
7.020000E+00 -1.991405E+02
7.030000E+00 -1.781972E+02
7.040000E+00 -1.805259E+02
7.050000E+00 -1.819980E+02
7.060000E+00 -1.685329E+02
7.070000E+00 -1.645584E+02
7.080000E+00 -1.585763E+02
7.090000E+00 -1.560767E+02
7.100000E+00 -1.548701E+02
7.110000E+00 -1.485249E+02
7.120000E+00 -1.454802E+02
7.130000E+00 -1.589906E+02
7.140000E+00 -1.595301E+02
7.150000E+00 -1.567723E+02
7.160000E+00 -1.559223E+02
7.170000E+00 -1.513554E+02
7.180000E+00 -1.629394E+02
7.190000E+00 -1.727723E+02
7.200000E+00 -1.463984E+02
7.210000E+00 -1.392982E+02
7.220000E+00 -1.470423E+02
7.230000E+00 -1.486956E+02
7.240000E+00 -1.630734E+02
7.250000E+00 -1.516134E+02
7.260000E+00 -1.467992E+02
7.270000E+00 -1.573582E+02
7.280000E+00 -1.569542E+02
7.290000E+00 -1.503470E+02
7.300000E+00 -1.565075E+02
7.310000E+00 -1.717167E+02
7.320000E+00 -1.601950E+02
7.330000E+00 -1.512888E+02
7.340000E+00 -1.496674E+02
7.350000E+00 -1.463877E+02
7.360000E+00 -1.476372E+02
7.370000E+00 -1.682885E+02
7.380000E+00 -1.751184E+02
7.390000E+00 -1.517714E+02
7.400000E+00 -1.501979E+02
7.410000E+00 -1.518613E+02
7.420000E+00 -1.556876E+02
7.430000E+00 -1.568814E+02
7.440000E+00 -1.502795E+02
7.450000E+00 -1.494520E+02
7.460000E+00 -1.611476E+02
7.470000E+00 -1.536848E+02
7.480000E+00 -1.587862E+02
7.490000E+00 -1.611634E+02
7.500000E+00 -1.582114E+02
7.510000E+00 -1.681894E+02
7.520000E+00 -1.570572E+02
7.530000E+00 -1.586636E+02
7.540000E+00 -1.636050E+02
7.550000E+00 -1.638754E+02
7.560000E+00 -1.662582E+02
7.570000E+00 -1.575602E+02
7.580000E+00 -1.609260E+02
7.590000E+00 -1.609919E+02
7.600000E+00 -1.431456E+02
7.610000E+00 -1.460300E+02
7.620000E+00 -1.430331E+02
7.630000E+00 -1.453681E+02
7.640000E+00 -1.657084E+02
7.650000E+00 -1.503153E+02
7.660000E+00 -1.430607E+02
7.670000E+00 -1.628848E+02
7.680000E+00 -1.703100E+02
7.690000E+00 -1.637279E+02
7.700000E+00 -1.630125E+02
7.710000E+00 -1.671282E+02
7.720000E+00 -1.524132E+02
7.730000E+00 -1.357599E+02
7.740000E+00 -1.502893E+02
7.750000E+00 -1.649150E+02
7.760000E+00 -1.652192E+02
7.770000E+00 -1.635650E+02
7.780000E+00 -1.618131E+02
7.790000E+00 -1.524625E+02
7.800000E+00 -1.598915E+02
7.810000E+00 -1.566659E+02
7.820000E+00 -1.689825E+02
7.830000E+00 -1.799098E+02
7.840000E+00 -1.635488E+02
7.850000E+00 -1.542452E+02
7.860000E+00 -1.549945E+02
7.870000E+00 -1.503037E+02
7.880000E+00 -1.516908E+02
7.890000E+00 -1.556883E+02
7.900000E+00 -1.496781E+02
7.910000E+00 -1.444827E+02
7.920000E+00 -1.400170E+02
7.930000E+00 -1.522852E+02
7.940000E+00 -1.505995E+02
7.950000E+00 -1.366180E+02
7.960000E+00 -1.392157E+02
7.970000E+00 -1.455347E+02
7.980000E+00 -1.371509E+02
7.990000E+00 -1.475992E+02
8.000000E+00 -1.476536E+02
8.010000E+00 -1.436148E+02
8.020000E+00 -1.466706E+02
8.030000E+00 -1.399351E+02
8.040000E+00 -1.298754E+02
8.050000E+00 -1.382010E+02
8.060000E+00 -1.395459E+02
8.070000E+00 -1.341683E+02
8.080000E+00 -1.276341E+02
8.090000E+00 -1.336802E+02
8.100000E+00 -1.422346E+02
8.110000E+00 -1.390143E+02
8.120000E+00 -1.418765E+02
8.130000E+00 -1.346189E+02
8.140000E+00 -1.291602E+02
8.150000E+00 -1.436152E+02
8.160000E+00 -1.334443E+02
8.170000E+00 -1.137308E+02
8.180000E+00 -1.189373E+02
8.190000E+00 -1.311151E+02
8.200000E+00 -1.358874E+02
8.210000E+00 -1.360991E+02
8.220000E+00 -1.358849E+02
8.230000E+00 -1.361371E+02
8.240000E+00 -1.344860E+02
8.250000E+00 -1.254801E+02
8.260000E+00 -1.288917E+02
8.270000E+00 -1.357413E+02
8.280000E+00 -1.479836E+02
8.290000E+00 -1.604801E+02
8.300000E+00 -1.654688E+02
8.310000E+00 -1.691165E+02
8.320000E+00 -1.683107E+02
8.330000E+00 -1.525368E+02
8.340000E+00 -1.458190E+02
8.350000E+00 -1.576139E+02
8.360000E+00 -1.571690E+02
8.370000E+00 -1.540441E+02
8.380000E+00 -1.561822E+02
8.390000E+00 -1.524938E+02
8.400000E+00 -1.484120E+02
8.410000E+00 -1.573855E+02
8.420000E+00 -1.581223E+02
8.430000E+00 -1.546100E+02
8.440000E+00 -1.498971E+02
8.450000E+00 -1.443285E+02
8.460000E+00 -1.295531E+02
8.470000E+00 -1.311767E+02
8.480000E+00 -1.354898E+02
8.490000E+00 -1.357154E+02
8.500000E+00 -1.484646E+02
8.510000E+00 -1.577176E+02
8.520000E+00 -1.562639E+02
8.530000E+00 -1.534843E+02
8.540000E+00 -1.575002E+02
8.550000E+00 -1.412091E+02
8.560000E+00 -1.383139E+02
8.570000E+00 -1.519679E+02
8.580000E+00 -1.615554E+02
8.590000E+00 -1.691766E+02
8.600000E+00 -1.760119E+02
8.610000E+00 -1.545674E+02
8.620000E+00 -1.456319E+02
8.630000E+00 -1.487654E+02
8.640000E+00 -1.544529E+02
8.650000E+00 -1.659994E+02
8.660000E+00 -1.677709E+02
8.670000E+00 -1.744291E+02
8.680000E+00 -1.698037E+02
8.690000E+00 -1.733495E+02
8.700000E+00 -1.680934E+02
8.710000E+00 -1.672070E+02
8.720000E+00 -1.689092E+02
8.730000E+00 -1.733358E+02
8.740000E+00 -1.696288E+02
8.750000E+00 -1.718031E+02
8.760000E+00 -1.622651E+02
8.770000E+00 -1.425756E+02
8.780000E+00 -1.526036E+02
8.790000E+00 -1.593361E+02
8.800000E+00 -1.613733E+02
8.810000E+00 -1.578984E+02
8.820000E+00 -1.506806E+02
8.830000E+00 -1.437414E+02
8.840000E+00 -1.461198E+02
8.850000E+00 -1.377422E+02
8.860000E+00 -1.407353E+02
8.870000E+00 -1.552491E+02
8.880000E+00 -1.601875E+02
8.890000E+00 -1.546486E+02
8.900000E+00 -1.532356E+02
8.910000E+00 -1.416741E+02
8.920000E+00 -1.280226E+02
8.930000E+00 -1.291055E+02
8.940000E+00 -1.426438E+02
8.950000E+00 -1.567693E+02
8.960000E+00 -1.485119E+02
8.970000E+00 -1.293731E+02
8.980000E+00 -1.256494E+02
8.990000E+00 -1.370443E+02
9.000000E+00 -1.558225E+02
9.010000E+00 -1.455008E+02
9.020000E+00 -1.304276E+02
9.030000E+00 -1.480911E+02
9.040000E+00 -1.748508E+02
9.050000E+00 -1.462610E+02
9.060000E+00 -1.378269E+02
9.070000E+00 -1.591992E+02
9.080000E+00 -1.872284E+02
9.090000E+00 -1.938720E+02
9.100000E+00 -1.809871E+02
9.110000E+00 -1.518856E+02
9.120000E+00 -1.351393E+02
9.130000E+00 -1.367724E+02
9.140000E+00 -1.514903E+02
9.150000E+00 -1.446763E+02
9.160000E+00 -1.340406E+02
9.170000E+00 -1.447434E+02
9.180000E+00 -1.423226E+02
9.190000E+00 -1.394840E+02
9.200000E+00 -1.544569E+02
9.210000E+00 -1.576193E+02
9.220000E+00 -1.584070E+02
9.230000E+00 -1.623033E+02
9.240000E+00 -1.581373E+02
9.250000E+00 -1.437110E+02
9.260000E+00 -1.573039E+02
9.270000E+00 -1.686803E+02
9.280000E+00 -1.657870E+02
9.290000E+00 -1.669635E+02
9.300000E+00 -1.737773E+02
9.310000E+00 -1.727860E+02
9.320000E+00 -1.773733E+02
9.330000E+00 -2.055551E+02
9.340000E+00 -2.179783E+02
9.350000E+00 -2.135949E+02
9.360000E+00 -1.973003E+02
9.370000E+00 -1.893789E+02
9.380000E+00 -1.849696E+02
9.390000E+00 -1.686154E+02
9.400000E+00 -1.945422E+02
9.410000E+00 -2.009211E+02
9.420000E+00 -2.075686E+02
9.430000E+00 -2.130971E+02
9.440000E+00 -2.243651E+02
9.450000E+00 -2.277022E+02
9.460000E+00 -2.292673E+02
9.470000E+00 -2.495258E+02
9.480000E+00 -2.246094E+02
9.490000E+00 -2.173307E+02
9.500000E+00 -2.517298E+02
9.510000E+00 -2.215231E+02
9.520000E+00 -2.152955E+02
9.530000E+00 -1.986934E+02
9.540000E+00 -2.177172E+02
9.550000E+00 -2.211001E+02
9.560000E+00 -2.206698E+02
9.570000E+00 -2.193768E+02
9.580000E+00 -2.060188E+02
9.590000E+00 -2.082120E+02
9.600000E+00 -2.039091E+02
9.610000E+00 -1.927734E+02
9.620000E+00 -2.222455E+02
9.630000E+00 -2.329835E+02
9.640000E+00 -2.209233E+02
9.650000E+00 -2.189990E+02
9.660000E+00 -2.139120E+02
9.670000E+00 -1.868604E+02
9.680000E+00 -1.843351E+02
9.690000E+00 -2.001986E+02
9.700000E+00 -2.016386E+02
9.710000E+00 -2.035392E+02
9.720000E+00 -1.903692E+02
9.730000E+00 -1.886839E+02
9.740000E+00 -1.850147E+02
9.750000E+00 -1.894409E+02
9.760000E+00 -1.952263E+02
9.770000E+00 -2.027901E+02
9.780000E+00 -1.992269E+02
9.790000E+00 -1.955436E+02
9.800000E+00 -2.114273E+02
9.810000E+00 -2.048219E+02
9.820000E+00 -2.002636E+02
9.830000E+00 -2.027901E+02
9.840000E+00 -1.807670E+02
9.850000E+00 -1.681718E+02
9.860000E+00 -1.806559E+02
9.870000E+00 -1.712331E+02
9.880000E+00 -1.633594E+02
9.890000E+00 -1.795249E+02
9.900000E+00 -1.853008E+02
9.910000E+00 -1.655204E+02
9.920000E+00 -1.544588E+02
9.930000E+00 -1.589429E+02
9.940000E+00 -1.646590E+02
9.950000E+00 -1.643554E+02
9.960000E+00 -1.636063E+02
9.970000E+00 -1.587250E+02
9.980000E+00 -1.547808E+02
9.990000E+00 -1.754953E+02
1.000000E+01 -1.761699E+02
1.001000E+01 -1.739047E+02
1.002000E+01 -1.751332E+02
1.003000E+01 -1.969944E+02
1.004000E+01 -1.874769E+02
1.005000E+01 -1.758803E+02
1.006000E+01 -1.637783E+02
1.007000E+01 -1.797826E+02
1.008000E+01 -1.837417E+02
1.009000E+01 -1.865448E+02
1.010000E+01 -2.024392E+02
1.011000E+01 -1.741918E+02
1.012000E+01 -1.609574E+02
1.013000E+01 -1.716670E+02
1.014000E+01 -1.782725E+02
1.015000E+01 -1.685790E+02
1.016000E+01 -1.520685E+02
1.017000E+01 -1.550827E+02
1.018000E+01 -1.697992E+02
1.019000E+01 -1.796531E+02
1.020000E+01 -1.443700E+02
1.021000E+01 -1.585421E+02
1.022000E+01 -1.733740E+02
1.023000E+01 -1.727638E+02
1.024000E+01 -1.572517E+02
1.025000E+01 -1.476594E+02
1.026000E+01 -1.592535E+02
1.027000E+01 -1.633553E+02
1.028000E+01 -1.600778E+02
1.029000E+01 -1.555621E+02
1.030000E+01 -1.505983E+02
1.031000E+01 -1.621982E+02
1.032000E+01 -1.733737E+02
1.033000E+01 -1.668557E+02
1.034000E+01 -1.575620E+02
1.035000E+01 -1.661907E+02
1.036000E+01 -1.680671E+02
1.037000E+01 -1.614578E+02
1.038000E+01 -1.669076E+02
1.039000E+01 -1.720778E+02
1.040000E+01 -1.692047E+02
1.041000E+01 -1.657252E+02
1.042000E+01 -1.913332E+02
1.043000E+01 -1.714331E+02
1.044000E+01 -1.523328E+02
1.045000E+01 -1.686570E+02
1.046000E+01 -1.930272E+02
1.047000E+01 -1.951375E+02
1.048000E+01 -2.040837E+02
1.049000E+01 -1.934532E+02
1.050000E+01 -1.901969E+02
1.051000E+01 -1.861701E+02
1.052000E+01 -1.613934E+02
1.053000E+01 -1.666593E+02
1.054000E+01 -1.669720E+02
1.055000E+01 -1.848733E+02
1.056000E+01 -1.891519E+02
1.057000E+01 -2.055626E+02
1.058000E+01 -2.125410E+02
1.059000E+01 -1.920329E+02
1.060000E+01 -1.922892E+02
1.061000E+01 -2.040692E+02
1.062000E+01 -1.786791E+02
1.063000E+01 -1.767910E+02
1.064000E+01 -1.969348E+02
1.065000E+01 -1.818977E+02
1.066000E+01 -1.845341E+02
1.067000E+01 -1.746107E+02
1.068000E+01 -1.770965E+02
1.069000E+01 -1.620246E+02
1.070000E+01 -1.435141E+02
1.071000E+01 -1.627012E+02
1.072000E+01 -1.553510E+02
1.073000E+01 -1.641798E+02
1.074000E+01 -1.773517E+02
1.075000E+01 -1.495018E+02
1.076000E+01 -1.486877E+02
1.077000E+01 -1.583823E+02
1.078000E+01 -1.541959E+02
1.079000E+01 -1.320772E+02
1.080000E+01 -1.350804E+02
1.081000E+01 -1.544178E+02
1.082000E+01 -1.678668E+02
1.083000E+01 -1.731266E+02
1.084000E+01 -1.747459E+02
1.085000E+01 -1.768715E+02
1.086000E+01 -1.731244E+02
1.087000E+01 -1.645502E+02
1.088000E+01 -1.705685E+02
1.089000E+01 -1.783132E+02
1.090000E+01 -1.805271E+02
1.091000E+01 -2.008778E+02
1.092000E+01 -1.988435E+02
1.093000E+01 -1.878344E+02
1.094000E+01 -1.768129E+02
1.095000E+01 -1.807760E+02
1.096000E+01 -1.788026E+02
1.097000E+01 -1.827140E+02
1.098000E+01 -1.766324E+02
1.099000E+01 -1.670790E+02
1.100000E+01 -1.703031E+02
1.101000E+01 -1.776326E+02
1.102000E+01 -1.746617E+02
1.103000E+01 -1.656541E+02
1.104000E+01 -1.637679E+02
1.105000E+01 -1.665244E+02
1.106000E+01 -1.739238E+02
1.107000E+01 -1.720398E+02
1.108000E+01 -1.600952E+02
1.109000E+01 -1.520899E+02
1.110000E+01 -1.587833E+02
1.111000E+01 -1.560761E+02
1.112000E+01 -1.580353E+02
1.113000E+01 -1.622928E+02
1.114000E+01 -1.594339E+02
1.115000E+01 -1.661611E+02
1.116000E+01 -1.679684E+02
1.117000E+01 -1.801746E+02
1.118000E+01 -2.042188E+02
1.119000E+01 -1.891621E+02
1.120000E+01 -1.916767E+02
1.121000E+01 -1.847521E+02
1.122000E+01 -1.746741E+02
1.123000E+01 -1.549369E+02
1.124000E+01 -1.459661E+02
1.125000E+01 -1.531492E+02
1.126000E+01 -1.805574E+02
1.127000E+01 -1.943954E+02
1.128000E+01 -1.821574E+02
1.129000E+01 -1.843355E+02
1.130000E+01 -1.865022E+02
1.131000E+01 -1.822744E+02
1.132000E+01 -1.898727E+02
1.133000E+01 -1.677683E+02
1.134000E+01 -1.669564E+02
1.135000E+01 -1.689622E+02
1.136000E+01 -1.608953E+02
1.137000E+01 -1.625619E+02
1.138000E+01 -1.568952E+02
1.139000E+01 -1.427246E+02
1.140000E+01 -1.322097E+02
1.141000E+01 -1.267691E+02
1.142000E+01 -1.356992E+02
1.143000E+01 -1.361434E+02
1.144000E+01 -1.234469E+02
1.145000E+01 -1.356913E+02
1.146000E+01 -1.245303E+02
1.147000E+01 -1.192550E+02
1.148000E+01 -1.391902E+02
1.149000E+01 -1.487821E+02
1.150000E+01 -1.456027E+02
1.151000E+01 -1.442331E+02
1.152000E+01 -1.623857E+02
1.153000E+01 -1.689732E+02
1.154000E+01 -1.485586E+02
1.155000E+01 -1.424352E+02
1.156000E+01 -1.481369E+02
1.157000E+01 -1.554493E+02
1.158000E+01 -1.524013E+02
1.159000E+01 -1.427838E+02
1.160000E+01 -1.424879E+02
1.161000E+01 -1.423042E+02
1.162000E+01 -1.508947E+02
1.163000E+01 -1.329093E+02
1.164000E+01 -1.228410E+02
1.165000E+01 -1.328926E+02
1.166000E+01 -1.258017E+02
1.167000E+01 -1.392704E+02
1.168000E+01 -1.592491E+02
1.169000E+01 -1.398285E+02
1.170000E+01 -1.392393E+02
1.171000E+01 -1.489102E+02
1.172000E+01 -1.450224E+02
1.173000E+01 -1.211343E+02
1.174000E+01 -1.376555E+02
1.175000E+01 -1.470488E+02
1.176000E+01 -1.324948E+02
1.177000E+01 -1.076056E+02
1.178000E+01 -1.276950E+02
1.179000E+01 -1.482550E+02
1.180000E+01 -1.334740E+02
1.181000E+01 -1.340543E+02
1.182000E+01 -1.464513E+02
1.183000E+01 -1.328192E+02
1.184000E+01 -1.390677E+02
1.185000E+01 -1.387548E+02
1.186000E+01 -1.351423E+02
1.187000E+01 -1.280317E+02
1.188000E+01 -1.319382E+02
1.189000E+01 -1.388131E+02
1.190000E+01 -1.296962E+02
1.191000E+01 -1.266730E+02
1.192000E+01 -1.300051E+02
1.193000E+01 -1.201635E+02
1.194000E+01 -1.263366E+02
1.195000E+01 -1.358291E+02
1.196000E+01 -1.347611E+02
1.197000E+01 -1.362892E+02
1.198000E+01 -1.414721E+02
1.199000E+01 -1.478336E+02
1.200000E+01 -1.446895E+02
1.201000E+01 -1.446644E+02
1.202000E+01 -1.402671E+02
1.203000E+01 -1.338877E+02
1.204000E+01 -1.339431E+02
1.205000E+01 -1.251672E+02
1.206000E+01 -1.187660E+02
1.207000E+01 -1.270346E+02
1.208000E+01 -1.379806E+02
1.209000E+01 -1.318701E+02
1.210000E+01 -1.301030E+02
1.211000E+01 -1.321060E+02
1.212000E+01 -1.316095E+02
1.213000E+01 -1.381135E+02
1.214000E+01 -1.419770E+02
1.215000E+01 -1.374924E+02
1.216000E+01 -1.466640E+02
1.217000E+01 -1.559864E+02
1.218000E+01 -1.504068E+02
1.219000E+01 -1.544614E+02
1.220000E+01 -1.407140E+02
1.221000E+01 -1.387393E+02
1.222000E+01 -1.397249E+02
1.223000E+01 -1.331668E+02
1.224000E+01 -1.385809E+02
1.225000E+01 -1.474700E+02
1.226000E+01 -1.587193E+02
1.227000E+01 -1.584363E+02
1.228000E+01 -1.626806E+02
1.229000E+01 -1.764887E+02
1.230000E+01 -1.557234E+02
1.231000E+01 -1.399050E+02
1.232000E+01 -1.567215E+02
1.233000E+01 -1.594243E+02
1.234000E+01 -1.696609E+02
1.235000E+01 -1.786614E+02
1.236000E+01 -1.748577E+02
1.237000E+01 -1.770010E+02
1.238000E+01 -1.625899E+02
1.239000E+01 -1.681027E+02
1.240000E+01 -1.736906E+02
1.241000E+01 -1.333324E+02
1.242000E+01 -1.534968E+02
1.243000E+01 -1.628608E+02
1.244000E+01 -1.487209E+02
1.245000E+01 -1.450665E+02
1.246000E+01 -1.610093E+02
1.247000E+01 -1.572696E+02
1.248000E+01 -1.510301E+02
1.249000E+01 -1.455389E+02
1.250000E+01 -1.349610E+02
1.251000E+01 -1.407012E+02
1.252000E+01 -1.486588E+02
1.253000E+01 -1.500370E+02
1.254000E+01 -1.605687E+02
1.255000E+01 -1.729044E+02
1.256000E+01 -1.708593E+02
1.257000E+01 -1.651384E+02
1.258000E+01 -1.403277E+02
1.259000E+01 -1.649272E+02
1.260000E+01 -1.899176E+02
1.261000E+01 -1.735900E+02
1.262000E+01 -1.688996E+02
1.263000E+01 -1.759781E+02
1.264000E+01 -1.675255E+02
1.265000E+01 -1.739810E+02
1.266000E+01 -1.726532E+02
1.267000E+01 -1.792970E+02
1.268000E+01 -1.770829E+02
1.269000E+01 -1.440939E+02
1.270000E+01 -1.474448E+02
1.271000E+01 -1.474851E+02
1.272000E+01 -1.670823E+02
1.273000E+01 -1.655732E+02
1.274000E+01 -1.631971E+02
1.275000E+01 -1.633309E+02
1.276000E+01 -1.661910E+02
1.277000E+01 -1.603496E+02
1.278000E+01 -1.633238E+02
1.279000E+01 -1.822308E+02
1.280000E+01 -1.719887E+02
1.281000E+01 -1.401587E+02
1.282000E+01 -1.414688E+02
1.283000E+01 -1.610376E+02
1.284000E+01 -1.483237E+02
1.285000E+01 -1.453905E+02
1.286000E+01 -1.359214E+02
1.287000E+01 -1.633217E+02
1.288000E+01 -1.707701E+02
1.289000E+01 -1.628991E+02
1.290000E+01 -1.599058E+02
1.291000E+01 -1.567813E+02
1.292000E+01 -1.482372E+02
1.293000E+01 -1.492413E+02
1.294000E+01 -1.452706E+02
1.295000E+01 -1.418641E+02
1.296000E+01 -1.284986E+02
1.297000E+01 -1.281426E+02
1.298000E+01 -1.313600E+02
1.299000E+01 -1.425809E+02
1.300000E+01 -1.522779E+02
1.301000E+01 -1.608407E+02
1.302000E+01 -1.621912E+02
1.303000E+01 -1.509184E+02
1.304000E+01 -1.371441E+02
1.305000E+01 -1.336627E+02
1.306000E+01 -1.329916E+02
1.307000E+01 -1.312096E+02
1.308000E+01 -1.225948E+02
1.309000E+01 -1.406904E+02
1.310000E+01 -1.467269E+02
1.311000E+01 -1.376983E+02
1.312000E+01 -1.522488E+02
1.313000E+01 -1.257037E+02
1.314000E+01 -1.372285E+02
1.315000E+01 -1.562813E+02
1.316000E+01 -1.661591E+02
1.317000E+01 -1.380079E+02
1.318000E+01 -1.391258E+02
1.319000E+01 -1.474467E+02
1.320000E+01 -1.172249E+02
1.321000E+01 -1.143734E+02
1.322000E+01 -1.313303E+02
1.323000E+01 -1.288996E+02
1.324000E+01 -1.250438E+02
1.325000E+01 -1.260645E+02
1.326000E+01 -1.348986E+02
1.327000E+01 -1.354241E+02
1.328000E+01 -1.310736E+02
1.329000E+01 -1.294775E+02
1.330000E+01 -1.255203E+02
1.331000E+01 -1.256988E+02
1.332000E+01 -1.344712E+02
1.333000E+01 -1.443615E+02
1.334000E+01 -1.475640E+02
1.335000E+01 -1.478415E+02
1.336000E+01 -1.465687E+02
1.337000E+01 -1.473181E+02
1.338000E+01 -1.458847E+02
1.339000E+01 -1.612770E+02
1.340000E+01 -1.623711E+02
1.341000E+01 -1.523657E+02
1.342000E+01 -1.569957E+02
1.343000E+01 -1.599677E+02
1.344000E+01 -1.611843E+02
1.345000E+01 -1.532813E+02
1.346000E+01 -1.453308E+02
1.347000E+01 -1.630494E+02
1.348000E+01 -1.514848E+02
1.349000E+01 -1.331149E+02
1.350000E+01 -1.323624E+02
1.351000E+01 -1.365720E+02
1.352000E+01 -1.307829E+02
1.353000E+01 -1.197380E+02
1.354000E+01 -1.089999E+02
1.355000E+01 -1.178084E+02
1.356000E+01 -1.440405E+02
1.357000E+01 -1.412357E+02
1.358000E+01 -1.252552E+02
1.359000E+01 -1.166653E+02
1.360000E+01 -1.067669E+02
1.361000E+01 -9.437730E+01
1.362000E+01 -9.747981E+01
1.363000E+01 -9.772979E+01
1.364000E+01 -9.543210E+01
1.365000E+01 -1.024961E+02
1.366000E+01 -1.150339E+02
1.367000E+01 -1.183019E+02
1.368000E+01 -1.307489E+02
1.369000E+01 -1.410259E+02
1.370000E+01 -1.196206E+02
1.371000E+01 -1.110046E+02
1.372000E+01 -1.310076E+02
1.373000E+01 -1.268057E+02
1.374000E+01 -1.190642E+02
1.375000E+01 -1.324538E+02
1.376000E+01 -1.402734E+02
1.377000E+01 -1.224519E+02
1.378000E+01 -1.105257E+02
1.379000E+01 -1.249391E+02
1.380000E+01 -1.235195E+02
1.381000E+01 -1.126584E+02
1.382000E+01 -1.231266E+02
1.383000E+01 -1.343457E+02
1.384000E+01 -1.307881E+02
1.385000E+01 -1.189628E+02
1.386000E+01 -1.050670E+02
1.387000E+01 -1.039865E+02
1.388000E+01 -1.140350E+02
1.389000E+01 -1.156346E+02
1.390000E+01 -1.203155E+02
1.391000E+01 -1.287705E+02
1.392000E+01 -1.359806E+02
1.393000E+01 -1.380974E+02
1.394000E+01 -1.155528E+02
1.395000E+01 -1.111575E+02
1.396000E+01 -1.093833E+02
1.397000E+01 -1.081862E+02
1.398000E+01 -1.226859E+02
1.399000E+01 -1.261146E+02
1.400000E+01 -1.325762E+02
1.401000E+01 -1.312329E+02
1.402000E+01 -1.260223E+02
1.403000E+01 -1.235414E+02
1.404000E+01 -1.203881E+02
1.405000E+01 -1.124392E+02
1.406000E+01 -1.146177E+02
1.407000E+01 -1.243680E+02
1.408000E+01 -1.239944E+02
1.409000E+01 -1.274928E+02
1.410000E+01 -1.160942E+02
1.411000E+01 -1.177331E+02
1.412000E+01 -1.209330E+02
1.413000E+01 -1.199712E+02
1.414000E+01 -1.309189E+02
1.415000E+01 -1.219995E+02
1.416000E+01 -1.143976E+02
1.417000E+01 -1.182334E+02
1.418000E+01 -1.147852E+02
1.419000E+01 -1.239217E+02
1.420000E+01 -1.243883E+02
1.421000E+01 -1.208518E+02
1.422000E+01 -1.245164E+02
1.423000E+01 -1.311684E+02
1.424000E+01 -1.251390E+02
1.425000E+01 -1.235361E+02
1.426000E+01 -1.249401E+02
1.427000E+01 -1.223398E+02
1.428000E+01 -1.293582E+02
1.429000E+01 -1.358700E+02
1.430000E+01 -1.453057E+02
1.431000E+01 -1.489512E+02
1.432000E+01 -1.487109E+02
1.433000E+01 -1.462247E+02
1.434000E+01 -1.354095E+02
1.435000E+01 -1.495128E+02
1.436000E+01 -1.543375E+02
1.437000E+01 -1.547315E+02
1.438000E+01 -1.708001E+02
1.439000E+01 -1.681251E+02
1.440000E+01 -1.509509E+02
1.441000E+01 -1.458207E+02
1.442000E+01 -1.381936E+02
1.443000E+01 -1.401516E+02
1.444000E+01 -1.287773E+02
1.445000E+01 -1.538184E+02
1.446000E+01 -1.698951E+02
1.447000E+01 -1.508281E+02
1.448000E+01 -1.370393E+02
1.449000E+01 -1.513946E+02
1.450000E+01 -1.743531E+02
1.451000E+01 -1.742537E+02
1.452000E+01 -1.695871E+02
1.453000E+01 -1.618199E+02
1.454000E+01 -1.432651E+02
1.455000E+01 -1.539960E+02
1.456000E+01 -1.608556E+02
1.457000E+01 -1.567487E+02
1.458000E+01 -1.641299E+02
1.459000E+01 -1.440023E+02
1.460000E+01 -1.370077E+02
1.461000E+01 -1.540390E+02
1.462000E+01 -1.547599E+02
1.463000E+01 -1.594505E+02
1.464000E+01 -1.468162E+02
1.465000E+01 -1.360377E+02
1.466000E+01 -1.406962E+02
1.467000E+01 -1.408526E+02
1.468000E+01 -1.377457E+02
1.469000E+01 -1.315201E+02
1.470000E+01 -1.228421E+02
1.471000E+01 -1.343459E+02
1.472000E+01 -1.364775E+02
1.473000E+01 -1.365223E+02
1.474000E+01 -1.507738E+02
1.475000E+01 -1.531615E+02
1.476000E+01 -1.459587E+02
1.477000E+01 -1.344664E+02
1.478000E+01 -1.362962E+02
1.479000E+01 -1.513305E+02
1.480000E+01 -1.533646E+02
1.481000E+01 -1.511966E+02
1.482000E+01 -1.429672E+02
1.483000E+01 -1.432312E+02
1.484000E+01 -1.429884E+02
1.485000E+01 -1.486041E+02
1.486000E+01 -1.524509E+02
1.487000E+01 -1.402734E+02
1.488000E+01 -1.354947E+02
1.489000E+01 -1.538049E+02
1.490000E+01 -1.812649E+02
1.491000E+01 -1.716157E+02
1.492000E+01 -1.502195E+02
1.493000E+01 -1.308148E+02
1.494000E+01 -1.358254E+02
1.495000E+01 -1.511843E+02
1.496000E+01 -1.640095E+02
1.497000E+01 -1.664989E+02
1.498000E+01 -1.576768E+02
1.499000E+01 -1.527153E+02
1.500000E+01 -1.476809E+02
1.501000E+01 -1.413644E+02
1.502000E+01 -1.369622E+02
1.503000E+01 -1.272685E+02
1.504000E+01 -1.463666E+02
1.505000E+01 -1.642981E+02
1.506000E+01 -1.397417E+02
1.507000E+01 -1.359937E+02
1.508000E+01 -1.478476E+02
1.509000E+01 -1.275100E+02
1.510000E+01 -1.355008E+02
1.511000E+01 -1.578393E+02
1.512000E+01 -1.511296E+02
1.513000E+01 -1.360615E+02
1.514000E+01 -1.448822E+02
1.515000E+01 -1.466408E+02
1.516000E+01 -1.306307E+02
1.517000E+01 -1.164186E+02
1.518000E+01 -1.173144E+02
1.519000E+01 -1.318466E+02
1.520000E+01 -1.297864E+02
1.521000E+01 -1.333180E+02
1.522000E+01 -1.452363E+02
1.523000E+01 -1.593878E+02
1.524000E+01 -1.633906E+02
1.525000E+01 -1.548535E+02
1.526000E+01 -1.539823E+02
1.527000E+01 -1.735109E+02
1.528000E+01 -1.632238E+02
1.529000E+01 -1.571013E+02
1.530000E+01 -1.729744E+02
1.531000E+01 -1.738628E+02
1.532000E+01 -1.810716E+02
1.533000E+01 -1.802841E+02
1.534000E+01 -1.910136E+02
1.535000E+01 -1.799359E+02
1.536000E+01 -1.865455E+02
1.537000E+01 -2.058349E+02
1.538000E+01 -1.754531E+02
1.539000E+01 -1.756320E+02
1.540000E+01 -1.934505E+02
1.541000E+01 -2.015175E+02
1.542000E+01 -2.067330E+02
1.543000E+01 -2.038547E+02
1.544000E+01 -1.900632E+02
1.545000E+01 -1.630754E+02
1.546000E+01 -1.584429E+02
1.547000E+01 -1.639108E+02
1.548000E+01 -1.711147E+02
1.549000E+01 -1.851816E+02
1.550000E+01 -1.810861E+02
1.551000E+01 -1.554705E+02
1.552000E+01 -1.527855E+02
1.553000E+01 -1.478167E+02
1.554000E+01 -1.498730E+02
1.555000E+01 -1.484274E+02
1.556000E+01 -1.416367E+02
1.557000E+01 -1.325139E+02
1.558000E+01 -1.460819E+02
1.559000E+01 -1.690243E+02
1.560000E+01 -1.677507E+02
1.561000E+01 -1.561919E+02
1.562000E+01 -1.673943E+02
1.563000E+01 -1.777202E+02
1.564000E+01 -1.918619E+02
1.565000E+01 -1.690205E+02
1.566000E+01 -1.429201E+02
1.567000E+01 -1.449333E+02
1.568000E+01 -1.628596E+02
1.569000E+01 -1.671944E+02
1.570000E+01 -1.651722E+02
1.571000E+01 -1.566908E+02
1.572000E+01 -1.615956E+02
1.573000E+01 -1.667059E+02
1.574000E+01 -1.539184E+02
1.575000E+01 -1.517405E+02
1.576000E+01 -1.445456E+02
1.577000E+01 -1.346375E+02
1.578000E+01 -1.470023E+02
1.579000E+01 -1.475652E+02
1.580000E+01 -1.438597E+02
1.581000E+01 -1.417674E+02
1.582000E+01 -1.448571E+02
1.583000E+01 -1.617579E+02
1.584000E+01 -1.846163E+02
1.585000E+01 -1.928461E+02
1.586000E+01 -1.784163E+02
1.587000E+01 -1.582358E+02
1.588000E+01 -1.568222E+02
1.589000E+01 -1.671093E+02
1.590000E+01 -1.728535E+02
1.591000E+01 -1.770036E+02
1.592000E+01 -1.850067E+02
1.593000E+01 -1.863248E+02
1.594000E+01 -1.780439E+02
1.595000E+01 -1.839152E+02
1.596000E+01 -1.890286E+02
1.597000E+01 -1.809097E+02
1.598000E+01 -1.852523E+02
1.599000E+01 -1.799575E+02
1.600000E+01 -1.771861E+02
1.601000E+01 -1.668787E+02
1.602000E+01 -1.661098E+02
1.603000E+01 -1.733091E+02
1.604000E+01 -1.764306E+02
1.605000E+01 -1.590981E+02
1.606000E+01 -1.722802E+02
1.607000E+01 -2.098557E+02
1.608000E+01 -1.997607E+02
1.609000E+01 -2.048443E+02
1.610000E+01 -1.951113E+02
1.611000E+01 -1.663102E+02
1.612000E+01 -1.726907E+02
1.613000E+01 -1.476792E+02
1.614000E+01 -1.775128E+02
1.615000E+01 -1.672257E+02
1.616000E+01 -1.710990E+02
1.617000E+01 -1.711401E+02
1.618000E+01 -1.619043E+02
1.619000E+01 -1.824131E+02
1.620000E+01 -1.694389E+02
1.621000E+01 -1.573724E+02
1.622000E+01 -1.561548E+02
1.623000E+01 -1.379942E+02
1.624000E+01 -1.303324E+02
1.625000E+01 -1.616039E+02
1.626000E+01 -1.646384E+02
1.627000E+01 -1.442461E+02
1.628000E+01 -1.548539E+02
1.629000E+01 -1.458921E+02
1.630000E+01 -1.517680E+02
1.631000E+01 -1.689367E+02
1.632000E+01 -1.509279E+02
1.633000E+01 -1.672366E+02
1.634000E+01 -1.497207E+02
1.635000E+01 -1.495451E+02
1.636000E+01 -1.673715E+02
1.637000E+01 -1.795306E+02
1.638000E+01 -1.911929E+02
1.639000E+01 -1.938717E+02
1.640000E+01 -1.787188E+02
1.641000E+01 -1.715127E+02
1.642000E+01 -1.657504E+02
1.643000E+01 -1.609775E+02
1.644000E+01 -1.592203E+02
1.645000E+01 -1.656107E+02
1.646000E+01 -1.691476E+02
1.647000E+01 -1.745299E+02
1.648000E+01 -1.760450E+02
1.649000E+01 -1.644576E+02
1.650000E+01 -1.680452E+02
1.651000E+01 -1.701626E+02
1.652000E+01 -1.689686E+02
1.653000E+01 -1.735451E+02
1.654000E+01 -2.013120E+02
1.655000E+01 -1.708224E+02
1.656000E+01 -1.543211E+02
1.657000E+01 -1.672545E+02
1.658000E+01 -1.801644E+02
1.659000E+01 -1.747209E+02
1.660000E+01 -1.742899E+02
1.661000E+01 -1.674673E+02
1.662000E+01 -1.462951E+02
1.663000E+01 -1.583764E+02
1.664000E+01 -1.676150E+02
1.665000E+01 -1.485947E+02
1.666000E+01 -1.521776E+02
1.667000E+01 -1.756008E+02
1.668000E+01 -1.733088E+02
1.669000E+01 -1.500963E+02
1.670000E+01 -1.640444E+02
1.671000E+01 -1.858059E+02
1.672000E+01 -1.857774E+02
1.673000E+01 -1.697051E+02
1.674000E+01 -1.722809E+02
1.675000E+01 -1.843608E+02
1.676000E+01 -1.805259E+02
1.677000E+01 -1.749616E+02
1.678000E+01 -1.716821E+02
1.679000E+01 -1.705290E+02
1.680000E+01 -1.862532E+02
1.681000E+01 -1.963367E+02
1.682000E+01 -2.166644E+02
1.683000E+01 -2.050475E+02
1.684000E+01 -1.765524E+02
1.685000E+01 -1.771377E+02
1.686000E+01 -1.823831E+02
1.687000E+01 -1.824048E+02
1.688000E+01 -1.952982E+02
1.689000E+01 -2.053159E+02
1.690000E+01 -1.966175E+02
1.691000E+01 -1.997885E+02
1.692000E+01 -2.077052E+02
1.693000E+01 -1.795071E+02
1.694000E+01 -1.589875E+02
1.695000E+01 -1.793636E+02
1.696000E+01 -1.932974E+02
1.697000E+01 -1.867274E+02
1.698000E+01 -1.813441E+02
1.699000E+01 -1.803174E+02
1.700000E+01 -1.721328E+02
1.701000E+01 -1.529984E+02
1.702000E+01 -1.456978E+02
1.703000E+01 -1.547883E+02
1.704000E+01 -1.678385E+02
1.705000E+01 -1.541678E+02
1.706000E+01 -1.489936E+02
1.707000E+01 -1.765876E+02
1.708000E+01 -1.958562E+02
1.709000E+01 -1.958629E+02
1.710000E+01 -1.764735E+02
1.711000E+01 -1.688796E+02
1.712000E+01 -1.773895E+02
1.713000E+01 -1.674751E+02
1.714000E+01 -1.799714E+02
1.715000E+01 -1.892876E+02
1.716000E+01 -1.794792E+02
1.717000E+01 -1.793840E+02
1.718000E+01 -1.809817E+02
1.719000E+01 -1.697143E+02
1.720000E+01 -1.635142E+02
1.721000E+01 -1.657736E+02
1.722000E+01 -1.681787E+02
1.723000E+01 -1.692703E+02
1.724000E+01 -1.760632E+02
1.725000E+01 -1.705159E+02
1.726000E+01 -1.650774E+02
1.727000E+01 -1.581998E+02
1.728000E+01 -1.512893E+02
1.729000E+01 -1.483951E+02
1.730000E+01 -1.439031E+02
1.731000E+01 -1.444192E+02
1.732000E+01 -1.519717E+02
1.733000E+01 -1.616684E+02
1.734000E+01 -1.685292E+02
1.735000E+01 -1.737363E+02
1.736000E+01 -1.671099E+02
1.737000E+01 -1.585442E+02
1.738000E+01 -1.514124E+02
1.739000E+01 -1.618029E+02
1.740000E+01 -1.855179E+02
1.741000E+01 -1.602257E+02
1.742000E+01 -1.332038E+02
1.743000E+01 -1.740996E+02
1.744000E+01 -1.930743E+02
1.745000E+01 -1.740893E+02
1.746000E+01 -2.050961E+02
1.747000E+01 -1.945125E+02
1.748000E+01 -2.169284E+02
1.749000E+01 -1.866846E+02
1.750000E+01 -1.733518E+02
1.751000E+01 -1.872924E+02
1.752000E+01 -2.006476E+02
1.753000E+01 -1.907419E+02
1.754000E+01 -1.750164E+02
1.755000E+01 -1.733088E+02
1.756000E+01 -1.754832E+02
1.757000E+01 -1.583646E+02
1.758000E+01 -1.418500E+02
1.759000E+01 -1.504800E+02
1.760000E+01 -1.642297E+02
1.761000E+01 -1.644649E+02
1.762000E+01 -1.672670E+02
1.763000E+01 -1.716394E+02
1.764000E+01 -1.565256E+02
1.765000E+01 -1.492147E+02
1.766000E+01 -1.432258E+02
1.767000E+01 -1.441464E+02
1.768000E+01 -1.603792E+02
1.769000E+01 -1.553122E+02
1.770000E+01 -1.425817E+02
1.771000E+01 -1.451633E+02
1.772000E+01 -1.614339E+02
1.773000E+01 -1.541629E+02
1.774000E+01 -1.473172E+02
1.775000E+01 -1.568030E+02
1.776000E+01 -1.782676E+02
1.777000E+01 -1.818808E+02
1.778000E+01 -1.682076E+02
1.779000E+01 -1.702320E+02
1.780000E+01 -1.579406E+02
1.781000E+01 -1.617900E+02
1.782000E+01 -1.705501E+02
1.783000E+01 -1.733152E+02
1.784000E+01 -1.901022E+02
1.785000E+01 -1.817918E+02
1.786000E+01 -2.016615E+02
1.787000E+01 -1.825571E+02
1.788000E+01 -1.623374E+02
1.789000E+01 -1.700618E+02
1.790000E+01 -1.523079E+02
1.791000E+01 -1.495340E+02
1.792000E+01 -1.665913E+02
1.793000E+01 -1.749700E+02
1.794000E+01 -1.810109E+02
1.795000E+01 -1.802375E+02
1.796000E+01 -1.810056E+02
1.797000E+01 -1.782798E+02
1.798000E+01 -1.591098E+02
1.799000E+01 -1.726281E+02
1.800000E+01 -1.533392E+02
1.801000E+01 -1.492039E+02
1.802000E+01 -1.629457E+02
1.803000E+01 -1.709642E+02
1.804000E+01 -1.605967E+02
1.805000E+01 -1.458936E+02
1.806000E+01 -1.410662E+02
1.807000E+01 -1.594254E+02
1.808000E+01 -1.786878E+02
1.809000E+01 -1.759630E+02
1.810000E+01 -1.564485E+02
1.811000E+01 -1.496767E+02
1.812000E+01 -1.668059E+02
1.813000E+01 -1.650113E+02
1.814000E+01 -1.519501E+02
1.815000E+01 -1.683940E+02
1.816000E+01 -1.947882E+02
1.817000E+01 -1.907466E+02
1.818000E+01 -1.546018E+02
1.819000E+01 -1.836863E+02
1.820000E+01 -2.089082E+02
1.821000E+01 -1.963380E+02
1.822000E+01 -1.843266E+02
1.823000E+01 -1.759686E+02
1.824000E+01 -1.975137E+02
1.825000E+01 -2.047158E+02
1.826000E+01 -1.780708E+02
1.827000E+01 -1.695779E+02
1.828000E+01 -1.779812E+02
1.829000E+01 -1.680373E+02
1.830000E+01 -1.541683E+02
1.831000E+01 -1.528664E+02
1.832000E+01 -1.494528E+02
1.833000E+01 -1.677466E+02
1.834000E+01 -2.043232E+02
1.835000E+01 -1.914390E+02
1.836000E+01 -1.848488E+02
1.837000E+01 -1.937383E+02
1.838000E+01 -1.966273E+02
1.839000E+01 -1.945787E+02
1.840000E+01 -1.712665E+02
1.841000E+01 -1.739283E+02
1.842000E+01 -1.798637E+02
1.843000E+01 -1.672907E+02
1.844000E+01 -1.594882E+02
1.845000E+01 -1.828881E+02
1.846000E+01 -1.754277E+02
1.847000E+01 -1.662094E+02
1.848000E+01 -1.570650E+02
1.849000E+01 -1.708143E+02
1.850000E+01 -1.750923E+02
1.851000E+01 -1.608555E+02
1.852000E+01 -1.496703E+02
1.853000E+01 -1.672650E+02
1.854000E+01 -1.636576E+02
1.855000E+01 -1.582150E+02
1.856000E+01 -1.574021E+02
1.857000E+01 -1.792244E+02
1.858000E+01 -1.834896E+02
1.859000E+01 -1.771181E+02
1.860000E+01 -1.734229E+02
1.861000E+01 -1.620957E+02
1.862000E+01 -1.526084E+02
1.863000E+01 -1.452910E+02
1.864000E+01 -1.520351E+02
1.865000E+01 -1.749056E+02
1.866000E+01 -1.820449E+02
1.867000E+01 -1.910620E+02
1.868000E+01 -1.904085E+02
1.869000E+01 -1.722880E+02
1.870000E+01 -1.569731E+02
1.871000E+01 -1.635992E+02
1.872000E+01 -1.692177E+02
1.873000E+01 -1.653940E+02
1.874000E+01 -1.630490E+02
1.875000E+01 -1.597697E+02
1.876000E+01 -1.698113E+02
1.877000E+01 -1.796955E+02
1.878000E+01 -1.723459E+02
1.879000E+01 -1.740517E+02
1.880000E+01 -1.742733E+02
1.881000E+01 -1.774593E+02
1.882000E+01 -1.915231E+02
1.883000E+01 -1.976588E+02
1.884000E+01 -2.104430E+02
1.885000E+01 -2.205883E+02
1.886000E+01 -1.964028E+02
1.887000E+01 -1.740916E+02
1.888000E+01 -1.828932E+02
1.889000E+01 -1.798060E+02
1.890000E+01 -1.686076E+02
1.891000E+01 -1.947573E+02
1.892000E+01 -2.086761E+02
1.893000E+01 -2.100581E+02
1.894000E+01 -1.890799E+02
1.895000E+01 -1.735507E+02
1.896000E+01 -1.817592E+02
1.897000E+01 -1.891180E+02
1.898000E+01 -1.560382E+02
1.899000E+01 -1.504985E+02
1.900000E+01 -1.796321E+02
1.901000E+01 -1.864188E+02
1.902000E+01 -1.815014E+02
1.903000E+01 -1.785153E+02
1.904000E+01 -1.842991E+02
1.905000E+01 -1.858976E+02
1.906000E+01 -1.649591E+02
1.907000E+01 -1.623838E+02
1.908000E+01 -1.690488E+02
1.909000E+01 -1.535298E+02
1.910000E+01 -1.567322E+02
1.911000E+01 -1.741164E+02
1.912000E+01 -1.894006E+02
1.913000E+01 -1.813951E+02
1.914000E+01 -1.800778E+02
1.915000E+01 -1.689968E+02
1.916000E+01 -1.532080E+02
1.917000E+01 -1.627519E+02
1.918000E+01 -1.884377E+02
1.919000E+01 -1.882452E+02
1.920000E+01 -1.764991E+02
1.921000E+01 -1.892325E+02
1.922000E+01 -1.726657E+02
1.923000E+01 -1.763804E+02
1.924000E+01 -1.688825E+02
1.925000E+01 -1.679042E+02
1.926000E+01 -1.979192E+02
1.927000E+01 -1.860153E+02
1.928000E+01 -1.897570E+02
1.929000E+01 -1.764051E+02
1.930000E+01 -1.779651E+02
1.931000E+01 -1.773456E+02
1.932000E+01 -1.811109E+02
1.933000E+01 -1.587699E+02
1.934000E+01 -1.526813E+02
1.935000E+01 -1.447479E+02
1.936000E+01 -1.361235E+02
1.937000E+01 -1.327712E+02
1.938000E+01 -1.380752E+02
1.939000E+01 -1.565028E+02
1.940000E+01 -1.850570E+02
1.941000E+01 -2.003373E+02
1.942000E+01 -1.861064E+02
1.943000E+01 -1.701784E+02
1.944000E+01 -1.661956E+02
1.945000E+01 -1.455351E+02
1.946000E+01 -1.379851E+02
1.947000E+01 -1.399859E+02
1.948000E+01 -1.583744E+02
1.949000E+01 -1.699384E+02
1.950000E+01 -1.823604E+02
1.951000E+01 -1.822151E+02
1.952000E+01 -1.745405E+02
1.953000E+01 -1.789506E+02
1.954000E+01 -1.648830E+02
1.955000E+01 -1.543304E+02
1.956000E+01 -1.787135E+02
1.957000E+01 -1.762497E+02
1.958000E+01 -1.572347E+02
1.959000E+01 -1.580176E+02
1.960000E+01 -1.695128E+02
1.961000E+01 -1.732675E+02
1.962000E+01 -1.852417E+02
1.963000E+01 -1.878904E+02
1.964000E+01 -1.844373E+02
1.965000E+01 -1.907558E+02
1.966000E+01 -1.832421E+02
1.967000E+01 -1.848904E+02
1.968000E+01 -1.822831E+02
1.969000E+01 -1.809785E+02
1.970000E+01 -1.680032E+02
1.971000E+01 -1.646754E+02
1.972000E+01 -1.892144E+02
1.973000E+01 -1.946707E+02
1.974000E+01 -1.782716E+02
1.975000E+01 -1.814261E+02
1.976000E+01 -2.001280E+02
1.977000E+01 -1.838507E+02
1.978000E+01 -1.789856E+02
1.979000E+01 -1.886444E+02
1.980000E+01 -1.890280E+02
1.981000E+01 -1.739667E+02
1.982000E+01 -1.891723E+02
1.983000E+01 -2.101000E+02
1.984000E+01 -2.181328E+02
1.985000E+01 -1.696180E+02
1.986000E+01 -1.773839E+02
1.987000E+01 -1.983082E+02
1.988000E+01 -1.698704E+02
1.989000E+01 -1.912188E+02
1.990000E+01 -1.985418E+02
1.991000E+01 -1.794124E+02
1.992000E+01 -1.878912E+02
1.993000E+01 -1.757214E+02
1.994000E+01 -1.582987E+02
1.995000E+01 -1.780338E+02
1.996000E+01 -1.701989E+02
1.997000E+01 -1.617322E+02
1.998000E+01 -1.672259E+02
1.999000E+01 -1.815549E+02
2.000000E+01 -1.824787E+02
