1.000000E-02 6.995351E+01
2.000000E-02 6.997312E+01
3.000000E-02 6.985732E+01
4.000000E-02 6.990302E+01
5.000000E-02 6.998175E+01
6.000000E-02 6.982139E+01
7.000000E-02 6.998075E+01
8.000000E-02 6.997532E+01
9.000000E-02 6.990585E+01
1.000000E-01 6.980618E+01
1.100000E-01 6.994548E+01
1.200000E-01 6.976494E+01
1.300000E-01 6.996454E+01
1.400000E-01 6.989902E+01
1.500000E-01 6.993317E+01
1.600000E-01 6.986000E+01
1.700000E-01 6.998607E+01
1.800000E-01 6.989938E+01
1.900000E-01 6.988809E+01
2.000000E-01 6.989015E+01
2.100000E-01 6.996553E+01
2.200000E-01 6.989190E+01
2.300000E-01 6.997469E+01
2.400000E-01 6.992451E+01
2.500000E-01 6.998500E+01
2.600000E-01 6.987211E+01
2.700000E-01 7.005933E+01
2.800000E-01 7.009674E+01
2.900000E-01 6.980455E+01
3.000000E-01 7.010934E+01
3.100000E-01 6.997548E+01
3.200000E-01 6.999243E+01
3.300000E-01 7.006980E+01
3.400000E-01 6.999484E+01
3.500000E-01 7.008667E+01
3.600000E-01 7.005749E+01
3.700000E-01 7.006837E+01
3.800000E-01 7.009323E+01
3.900000E-01 7.013845E+01
4.000000E-01 7.012137E+01
4.100000E-01 7.007452E+01
4.200000E-01 7.008359E+01
4.300000E-01 7.011573E+01
4.400000E-01 7.014522E+01
4.500000E-01 7.009200E+01
4.600000E-01 7.007401E+01
4.700000E-01 7.018254E+01
4.800000E-01 7.018123E+01
4.900000E-01 7.013361E+01
5.000000E-01 7.017641E+01
5.100000E-01 7.013594E+01
5.200000E-01 7.018092E+01
5.300000E-01 7.015905E+01
5.400000E-01 7.022008E+01
5.500000E-01 7.021004E+01
5.600000E-01 7.012481E+01
5.700000E-01 7.023942E+01
5.800000E-01 7.017511E+01
5.900000E-01 7.017101E+01
6.000000E-01 7.016562E+01
6.100000E-01 7.015859E+01
6.200000E-01 7.018692E+01
6.300000E-01 7.015717E+01
6.400000E-01 7.014290E+01
6.500000E-01 7.022046E+01
6.600000E-01 7.016887E+01
6.700000E-01 7.018157E+01
6.800000E-01 7.020375E+01
6.900000E-01 7.016933E+01
7.000000E-01 7.020710E+01
7.100000E-01 7.020214E+01
7.200000E-01 7.018880E+01
7.300000E-01 7.020484E+01
7.400000E-01 7.024432E+01
7.500000E-01 7.019820E+01
7.600000E-01 7.012135E+01
7.700000E-01 7.019950E+01
7.800000E-01 7.024034E+01
7.900000E-01 7.022237E+01
8.000000E-01 7.022371E+01
8.100000E-01 7.019655E+01
8.200000E-01 7.027918E+01
8.300000E-01 7.020734E+01
8.400000E-01 7.024716E+01
8.500000E-01 7.026595E+01
8.600000E-01 7.024746E+01
8.700000E-01 7.021883E+01
8.800000E-01 7.028039E+01
8.900000E-01 7.022853E+01
9.000000E-01 7.028081E+01
9.100000E-01 7.020930E+01
9.200000E-01 7.022333E+01
9.300000E-01 7.023018E+01
9.400000E-01 7.025530E+01
9.500000E-01 7.024037E+01
9.600000E-01 7.021699E+01
9.700000E-01 7.025350E+01
9.800000E-01 7.026701E+01
9.900000E-01 7.022298E+01
1.000000E+00 7.024885E+01
1.010000E+00 7.025470E+01
1.020000E+00 7.023416E+01
1.030000E+00 7.025313E+01
1.040000E+00 7.024247E+01
1.050000E+00 7.025040E+01
1.060000E+00 7.028095E+01
1.070000E+00 7.026294E+01
1.080000E+00 7.024724E+01
1.090000E+00 7.026380E+01
1.100000E+00 7.027853E+01
1.110000E+00 7.025627E+01
1.120000E+00 7.029950E+01
1.130000E+00 7.025537E+01
1.140000E+00 7.025947E+01
1.150000E+00 7.024102E+01
1.160000E+00 7.027979E+01
1.170000E+00 7.023621E+01
1.180000E+00 7.027310E+01
1.190000E+00 7.020785E+01
1.200000E+00 7.022591E+01
1.210000E+00 7.021749E+01
1.220000E+00 7.021302E+01
1.230000E+00 7.028151E+01
1.240000E+00 7.025264E+01
1.250000E+00 7.020751E+01
1.260000E+00 7.021222E+01
1.270000E+00 7.024914E+01
1.280000E+00 7.025039E+01
1.290000E+00 7.021913E+01
1.300000E+00 7.025708E+01
1.310000E+00 7.021605E+01
1.320000E+00 7.024516E+01
1.330000E+00 7.021254E+01
1.340000E+00 7.026062E+01
1.350000E+00 7.022490E+01
1.360000E+00 7.017465E+01
1.370000E+00 7.023128E+01
1.380000E+00 7.021585E+01
1.390000E+00 7.023612E+01
1.400000E+00 7.024154E+01
1.410000E+00 7.020162E+01
1.420000E+00 7.023854E+01
1.430000E+00 7.021861E+01
1.440000E+00 7.024069E+01
1.450000E+00 7.019087E+01
1.460000E+00 7.019842E+01
1.470000E+00 7.023720E+01
1.480000E+00 7.019462E+01
1.490000E+00 7.021212E+01
1.500000E+00 7.022663E+01
1.510000E+00 7.027169E+01
1.520000E+00 7.019913E+01
1.530000E+00 7.023170E+01
1.540000E+00 7.025757E+01
1.550000E+00 7.022573E+01
1.560000E+00 7.025285E+01
1.570000E+00 7.026075E+01
1.580000E+00 7.022842E+01
1.590000E+00 7.022049E+01
1.600000E+00 7.022906E+01
1.610000E+00 7.025485E+01
1.620000E+00 7.025369E+01
1.630000E+00 7.025785E+01
1.640000E+00 7.024582E+01
1.650000E+00 7.023985E+01
1.660000E+00 7.021445E+01
1.670000E+00 7.025060E+01
1.680000E+00 7.027409E+01
1.690000E+00 7.024119E+01
1.700000E+00 7.027403E+01
1.710000E+00 7.023045E+01
1.720000E+00 7.021717E+01
1.730000E+00 7.027011E+01
1.740000E+00 7.024287E+01
1.750000E+00 7.023743E+01
1.760000E+00 7.025164E+01
1.770000E+00 7.021556E+01
1.780000E+00 7.029775E+01
1.790000E+00 7.022304E+01
1.800000E+00 7.024196E+01
1.810000E+00 7.026938E+01
1.820000E+00 7.024089E+01
1.830000E+00 7.021224E+01
1.840000E+00 7.024066E+01
1.850000E+00 7.026269E+01
1.860000E+00 7.022805E+01
1.870000E+00 7.026987E+01
1.880000E+00 7.014601E+01
1.890000E+00 7.021760E+01
1.900000E+00 7.025948E+01
1.910000E+00 7.024064E+01
1.920000E+00 7.020484E+01
1.930000E+00 7.018474E+01
1.940000E+00 7.022600E+01
1.950000E+00 7.023500E+01
1.960000E+00 7.020672E+01
1.970000E+00 7.024390E+01
1.980000E+00 7.026298E+01
1.990000E+00 7.022703E+01
2.000000E+00 7.022358E+01
2.010000E+00 7.026775E+01
2.020000E+00 7.018831E+01
2.030000E+00 7.023542E+01
2.040000E+00 7.020456E+01
2.050000E+00 7.021050E+01
2.060000E+00 7.018898E+01
2.070000E+00 7.021945E+01
2.080000E+00 7.022185E+01
2.090000E+00 7.022136E+01
2.100000E+00 7.019272E+01
2.110000E+00 7.021380E+01
2.120000E+00 7.020125E+01
2.130000E+00 7.022968E+01
2.140000E+00 7.023189E+01
2.150000E+00 7.017379E+01
2.160000E+00 7.018256E+01
2.170000E+00 7.017198E+01
2.180000E+00 7.016366E+01
2.190000E+00 7.019496E+01
2.200000E+00 7.021789E+01
2.210000E+00 7.011757E+01
2.220000E+00 7.020846E+01
2.230000E+00 7.020180E+01
2.240000E+00 7.015262E+01
2.250000E+00 7.012370E+01
2.260000E+00 7.009104E+01
2.270000E+00 7.023571E+01
2.280000E+00 7.018100E+01
2.290000E+00 7.015248E+01
2.300000E+00 7.016909E+01
2.310000E+00 7.022246E+01
2.320000E+00 7.021905E+01
2.330000E+00 7.020256E+01
2.340000E+00 7.020428E+01
2.350000E+00 7.019857E+01
2.360000E+00 7.020558E+01
2.370000E+00 7.016556E+01
2.380000E+00 7.017995E+01
2.390000E+00 7.022221E+01
2.400000E+00 7.015445E+01
2.410000E+00 7.023847E+01
2.420000E+00 7.017250E+01
2.430000E+00 7.016558E+01
2.440000E+00 7.023821E+01
2.450000E+00 7.021366E+01
2.460000E+00 7.018925E+01
2.470000E+00 7.020748E+01
2.480000E+00 7.018635E+01
2.490000E+00 7.020427E+01
2.500000E+00 7.020749E+01
2.510000E+00 7.022411E+01
2.520000E+00 7.021620E+01
2.530000E+00 7.021875E+01
2.540000E+00 7.015425E+01
2.550000E+00 7.022477E+01
2.560000E+00 7.023958E+01
2.570000E+00 7.022311E+01
2.580000E+00 7.021497E+01
2.590000E+00 7.017669E+01
2.600000E+00 7.021675E+01
2.610000E+00 7.020674E+01
2.620000E+00 7.021783E+01
2.630000E+00 7.021401E+01
2.640000E+00 7.019959E+01
2.650000E+00 7.022116E+01
2.660000E+00 7.020064E+01
2.670000E+00 7.016838E+01
2.680000E+00 7.019965E+01
2.690000E+00 7.024002E+01
2.700000E+00 7.021271E+01
2.710000E+00 7.016245E+01
2.720000E+00 7.021499E+01
2.730000E+00 7.021100E+01
2.740000E+00 7.022510E+01
2.750000E+00 7.021298E+01
2.760000E+00 7.022518E+01
2.770000E+00 7.021703E+01
2.780000E+00 7.024146E+01
2.790000E+00 7.021885E+01
2.800000E+00 7.020193E+01
2.810000E+00 7.023670E+01
2.820000E+00 7.023600E+01
2.830000E+00 7.016627E+01
2.840000E+00 7.022357E+01
2.850000E+00 7.020435E+01
2.860000E+00 7.021466E+01
2.870000E+00 7.023342E+01
2.880000E+00 7.019597E+01
2.890000E+00 7.023803E+01
2.900000E+00 7.020468E+01
2.910000E+00 7.023165E+01
2.920000E+00 7.023957E+01
2.930000E+00 7.021468E+01
2.940000E+00 7.019145E+01
2.950000E+00 7.026211E+01
2.960000E+00 7.023081E+01
2.970000E+00 7.021644E+01
2.980000E+00 7.020108E+01
2.990000E+00 7.025486E+01
3.000000E+00 7.021156E+01
3.010000E+00 7.027420E+01
3.020000E+00 7.022536E+01
3.030000E+00 7.031261E+01
3.040000E+00 7.015559E+01
3.050000E+00 7.023377E+01
3.060000E+00 7.025218E+01
3.070000E+00 7.023270E+01
3.080000E+00 7.028845E+01
3.090000E+00 7.023799E+01
3.100000E+00 7.026429E+01
3.110000E+00 7.031848E+01
3.120000E+00 7.027563E+01
3.130000E+00 7.029404E+01
3.140000E+00 7.023018E+01
3.150000E+00 7.029925E+01
3.160000E+00 7.030822E+01
3.170000E+00 7.029953E+01
3.180000E+00 7.031238E+01
3.190000E+00 7.032119E+01
3.200000E+00 7.032260E+01
3.210000E+00 7.031228E+01
3.220000E+00 7.033342E+01
3.230000E+00 7.037592E+01
3.240000E+00 7.031831E+01
3.250000E+00 7.030057E+01
3.260000E+00 7.033667E+01
3.270000E+00 7.034597E+01
3.280000E+00 7.034135E+01
3.290000E+00 7.030795E+01
3.300000E+00 7.037423E+01
3.310000E+00 7.031527E+01
3.320000E+00 7.033221E+01
3.330000E+00 7.036270E+01
3.340000E+00 7.029671E+01
3.350000E+00 7.033407E+01
3.360000E+00 7.042130E+01
3.370000E+00 7.035930E+01
3.380000E+00 7.036116E+01
3.390000E+00 7.041628E+01
3.400000E+00 7.036890E+01
3.410000E+00 7.038393E+01
3.420000E+00 7.038652E+01
3.430000E+00 7.035061E+01
3.440000E+00 7.037798E+01
3.450000E+00 7.038116E+01
3.460000E+00 7.035292E+01
3.470000E+00 7.039269E+01
3.480000E+00 7.038301E+01
3.490000E+00 7.036423E+01
3.500000E+00 7.032239E+01
3.510000E+00 7.035416E+01
3.520000E+00 7.031504E+01
3.530000E+00 7.038667E+01
3.540000E+00 7.032788E+01
3.550000E+00 7.038440E+01
3.560000E+00 7.036782E+01
3.570000E+00 7.034093E+01
3.580000E+00 7.038688E+01
3.590000E+00 7.029533E+01
3.600000E+00 7.034266E+01
3.610000E+00 7.038681E+01
3.620000E+00 7.031600E+01
3.630000E+00 7.038869E+01
3.640000E+00 7.030405E+01
3.650000E+00 7.037901E+01
3.660000E+00 7.036354E+01
3.670000E+00 7.034347E+01
3.680000E+00 7.036307E+01
3.690000E+00 7.035896E+01
3.700000E+00 7.039463E+01
3.710000E+00 7.036754E+01
3.720000E+00 7.039257E+01
3.730000E+00 7.039862E+01
3.740000E+00 7.035841E+01
3.750000E+00 7.036885E+01
3.760000E+00 7.038237E+01
3.770000E+00 7.037745E+01
3.780000E+00 7.037166E+01
3.790000E+00 7.038914E+01
3.800000E+00 7.035171E+01
3.810000E+00 7.034797E+01
3.820000E+00 7.038864E+01
3.830000E+00 7.037703E+01
3.840000E+00 7.034015E+01
3.850000E+00 7.034586E+01
3.860000E+00 7.038256E+01
3.870000E+00 7.037176E+01
3.880000E+00 7.034395E+01
3.890000E+00 7.037489E+01
3.900000E+00 7.033536E+01
3.910000E+00 7.038495E+01
3.920000E+00 7.040056E+01
3.930000E+00 7.032656E+01
3.940000E+00 7.037583E+01
3.950000E+00 7.034168E+01
3.960000E+00 7.035114E+01
3.970000E+00 7.038220E+01
3.980000E+00 7.034616E+01
3.990000E+00 7.039266E+01
4.000000E+00 7.039384E+01
4.010000E+00 7.033982E+01
4.020000E+00 7.036791E+01
4.030000E+00 7.038780E+01
4.040000E+00 7.029003E+01
4.050000E+00 7.037360E+01
4.060000E+00 7.027948E+01
4.070000E+00 7.037084E+01
4.080000E+00 7.033774E+01
4.090000E+00 7.036508E+01
4.100000E+00 7.035950E+01
4.110000E+00 7.034164E+01
4.120000E+00 7.031238E+01
4.130000E+00 7.037664E+01
4.140000E+00 7.032764E+01
4.150000E+00 7.030526E+01
4.160000E+00 7.035106E+01
4.170000E+00 7.036358E+01
4.180000E+00 7.035351E+01
4.190000E+00 7.034089E+01
4.200000E+00 7.037649E+01
4.210000E+00 7.033308E+01
4.220000E+00 7.037045E+01
4.230000E+00 7.038288E+01
4.240000E+00 7.037723E+01
4.250000E+00 7.035826E+01
4.260000E+00 7.039636E+01
4.270000E+00 7.037179E+01
4.280000E+00 7.038335E+01
4.290000E+00 7.039624E+01
4.300000E+00 7.039752E+01
4.310000E+00 7.037355E+01
4.320000E+00 7.033746E+01
4.330000E+00 7.038717E+01
4.340000E+00 7.039153E+01
4.350000E+00 7.038075E+01
4.360000E+00 7.037154E+01
4.370000E+00 7.028320E+01
4.380000E+00 7.039411E+01
4.390000E+00 7.036186E+01
4.400000E+00 7.034164E+01
4.410000E+00 7.039727E+01
4.420000E+00 7.036809E+01
4.430000E+00 7.037203E+01
4.440000E+00 7.033904E+01
4.450000E+00 7.041114E+01
4.460000E+00 7.037433E+01
4.470000E+00 7.036163E+01
4.480000E+00 7.038888E+01
4.490000E+00 7.038606E+01
4.500000E+00 7.038803E+01
4.510000E+00 7.037444E+01
4.520000E+00 7.037443E+01
4.530000E+00 7.035987E+01
4.540000E+00 7.037424E+01
4.550000E+00 7.036607E+01
4.560000E+00 7.041230E+01
4.570000E+00 7.037129E+01
4.580000E+00 7.032884E+01
4.590000E+00 7.033990E+01
4.600000E+00 7.042655E+01
4.610000E+00 7.034167E+01
4.620000E+00 7.041385E+01
4.630000E+00 7.040546E+01
4.640000E+00 7.038996E+01
4.650000E+00 7.035492E+01
4.660000E+00 7.042085E+01
4.670000E+00 7.036945E+01
4.680000E+00 7.041570E+01
4.690000E+00 7.041635E+01
4.700000E+00 7.039973E+01
4.710000E+00 7.039176E+01
4.720000E+00 7.045319E+01
4.730000E+00 7.042794E+01
4.740000E+00 7.038017E+01
4.750000E+00 7.043028E+01
4.760000E+00 7.041514E+01
4.770000E+00 7.042881E+01
4.780000E+00 7.038668E+01
4.790000E+00 7.040577E+01
4.800000E+00 7.040970E+01
4.810000E+00 7.040523E+01
4.820000E+00 7.038545E+01
4.830000E+00 7.040081E+01
4.840000E+00 7.040090E+01
4.850000E+00 7.041250E+01
4.860000E+00 7.043324E+01
4.870000E+00 7.041156E+01
4.880000E+00 7.032758E+01
4.890000E+00 7.038422E+01
4.900000E+00 7.037995E+01
4.910000E+00 7.039242E+01
4.920000E+00 7.035172E+01
4.930000E+00 7.035156E+01
4.940000E+00 7.038308E+01
4.950000E+00 7.034596E+01
4.960000E+00 7.036155E+01
4.970000E+00 7.037172E+01
4.980000E+00 7.038194E+01
4.990000E+00 7.038394E+01
5.000000E+00 7.037717E+01
5.010000E+00 7.038686E+01
5.020000E+00 7.036637E+01
5.030000E+00 7.034352E+01
5.040000E+00 7.037635E+01
5.050000E+00 7.037999E+01
5.060000E+00 7.038047E+01
5.070000E+00 7.037175E+01
5.080000E+00 7.038477E+01
5.090000E+00 7.035904E+01
5.100000E+00 7.038463E+01
5.110000E+00 7.035929E+01
5.120000E+00 7.036490E+01
5.130000E+00 7.037513E+01
5.140000E+00 7.034984E+01
5.150000E+00 7.035006E+01
5.160000E+00 7.035062E+01
5.170000E+00 7.037086E+01
5.180000E+00 7.037669E+01
5.190000E+00 7.037194E+01
5.200000E+00 7.035900E+01
5.210000E+00 7.036334E+01
5.220000E+00 7.036751E+01
5.230000E+00 7.036583E+01
5.240000E+00 7.035025E+01
5.250000E+00 7.034894E+01
5.260000E+00 7.036814E+01
5.270000E+00 7.034368E+01
5.280000E+00 7.035898E+01
5.290000E+00 7.034971E+01
5.300000E+00 7.031366E+01
5.310000E+00 7.034905E+01
5.320000E+00 7.032811E+01
5.330000E+00 7.032392E+01
5.340000E+00 7.034897E+01
5.350000E+00 7.034377E+01
5.360000E+00 7.032087E+01
5.370000E+00 7.035065E+01
5.380000E+00 7.035624E+01
5.390000E+00 7.038011E+01
5.400000E+00 7.036071E+01
5.410000E+00 7.034656E+01
5.420000E+00 7.036444E+01
5.430000E+00 7.036186E+01
5.440000E+00 7.037199E+01
5.450000E+00 7.036401E+01
5.460000E+00 7.030941E+01
5.470000E+00 7.035523E+01
5.480000E+00 7.038881E+01
5.490000E+00 7.033836E+01
5.500000E+00 7.037975E+01
5.510000E+00 7.038170E+01
5.520000E+00 7.037145E+01
5.530000E+00 7.040679E+01
5.540000E+00 7.033296E+01
5.550000E+00 7.035767E+01
5.560000E+00 7.038272E+01
5.570000E+00 7.031557E+01
5.580000E+00 7.043336E+01
5.590000E+00 7.039477E+01
5.600000E+00 7.034215E+01
5.610000E+00 7.039245E+01
5.620000E+00 7.040988E+01
5.630000E+00 7.029843E+01
5.640000E+00 7.041964E+01
5.650000E+00 7.036591E+01
5.660000E+00 7.036480E+01
5.670000E+00 7.036957E+01
5.680000E+00 7.034954E+01
5.690000E+00 7.037344E+01
5.700000E+00 7.035953E+01
5.710000E+00 7.039229E+01
5.720000E+00 7.039273E+01
5.730000E+00 7.037260E+01
5.740000E+00 7.037806E+01
5.750000E+00 7.036092E+01
5.760000E+00 7.042786E+01
5.770000E+00 7.036436E+01
5.780000E+00 7.043829E+01
5.790000E+00 7.039986E+01
5.800000E+00 7.041202E+01
5.810000E+00 7.045894E+01
5.820000E+00 7.043733E+01
5.830000E+00 7.042701E+01
5.840000E+00 7.039801E+01
5.850000E+00 7.042267E+01
5.860000E+00 7.043724E+01
5.870000E+00 7.043380E+01
5.880000E+00 7.045160E+01
5.890000E+00 7.042945E+01
5.900000E+00 7.046098E+01
5.910000E+00 7.042676E+01
5.920000E+00 7.040448E+01
5.930000E+00 7.044775E+01
5.940000E+00 7.037461E+01
5.950000E+00 7.043762E+01
5.960000E+00 7.043826E+01
5.970000E+00 7.043671E+01
5.980000E+00 7.045112E+01
5.990000E+00 7.045956E+01
6.000000E+00 7.042872E+01
6.010000E+00 7.044462E+01
6.020000E+00 7.041098E+01
6.030000E+00 7.043349E+01
6.040000E+00 7.043430E+01
6.050000E+00 7.043286E+01
6.060000E+00 7.046547E+01
6.070000E+00 7.036989E+01
6.080000E+00 7.047550E+01
6.090000E+00 7.044548E+01
6.100000E+00 7.040440E+01
6.110000E+00 7.045301E+01
6.120000E+00 7.045799E+01
6.130000E+00 7.048515E+01
6.140000E+00 7.043639E+01
6.150000E+00 7.042663E+01
6.160000E+00 7.049676E+01
6.170000E+00 7.048384E+01
6.180000E+00 7.039737E+01
6.190000E+00 7.046692E+01
6.200000E+00 7.046198E+01
6.210000E+00 7.043929E+01
6.220000E+00 7.048782E+01
6.230000E+00 7.047115E+01
6.240000E+00 7.046544E+01
6.250000E+00 7.043130E+01
6.260000E+00 7.048457E+01
6.270000E+00 7.051139E+01
6.280000E+00 7.044323E+01
6.290000E+00 7.047366E+01
6.300000E+00 7.053442E+01
6.310000E+00 7.039759E+01
6.320000E+00 7.047839E+01
6.330000E+00 7.050730E+01
6.340000E+00 7.049912E+01
6.350000E+00 7.048691E+01
6.360000E+00 7.046840E+01
6.370000E+00 7.046152E+01
6.380000E+00 7.047056E+01
6.390000E+00 7.049235E+01
6.400000E+00 7.049402E+01
6.410000E+00 7.051135E+01
6.420000E+00 7.049572E+01
6.430000E+00 7.047496E+01
6.440000E+00 7.048626E+01
6.450000E+00 7.045490E+01
6.460000E+00 7.049160E+01
6.470000E+00 7.050464E+01
6.480000E+00 7.048381E+01
6.490000E+00 7.049376E+01
6.500000E+00 7.051756E+01
6.510000E+00 7.050262E+01
6.520000E+00 7.049264E+01
6.530000E+00 7.039841E+01
6.540000E+00 7.048427E+01
6.550000E+00 7.052119E+01
6.560000E+00 7.043868E+01
6.570000E+00 7.040546E+01
6.580000E+00 7.049570E+01
6.590000E+00 7.045658E+01
6.600000E+00 7.045491E+01
6.610000E+00 7.041922E+01
6.620000E+00 7.046906E+01
6.630000E+00 7.048950E+01
6.640000E+00 7.043917E+01
6.650000E+00 7.039019E+01
6.660000E+00 7.048835E+01
6.670000E+00 7.042391E+01
6.680000E+00 7.043693E+01
6.690000E+00 7.042670E+01
6.700000E+00 7.046946E+01
6.710000E+00 7.046349E+01
6.720000E+00 7.047192E+01
6.730000E+00 7.045091E+01
6.740000E+00 7.044272E+01
6.750000E+00 7.048202E+01
6.760000E+00 7.047821E+01
6.770000E+00 7.043873E+01
6.780000E+00 7.047148E+01
6.790000E+00 7.045634E+01
6.800000E+00 7.046503E+01
6.810000E+00 7.043857E+01
6.820000E+00 7.043068E+01
6.830000E+00 7.050550E+01
6.840000E+00 7.044374E+01
6.850000E+00 7.045474E+01
6.860000E+00 7.047402E+01
6.870000E+00 7.043356E+01
6.880000E+00 7.046757E+01
6.890000E+00 7.042141E+01
6.900000E+00 7.043075E+01
6.910000E+00 7.045628E+01
6.920000E+00 7.045409E+01
6.930000E+00 7.046301E+01
6.940000E+00 7.043390E+01
6.950000E+00 7.045683E+01
6.960000E+00 7.041900E+01
6.970000E+00 7.048914E+01
6.980000E+00 7.041289E+01
6.990000E+00 7.045018E+01
7.000000E+00 7.049013E+01
7.010000E+00 7.043675E+01
7.020000E+00 7.046452E+01
7.030000E+00 7.048927E+01
7.040000E+00 7.047632E+01
7.050000E+00 7.046170E+01
7.060000E+00 7.049237E+01
7.070000E+00 7.046694E+01
7.080000E+00 7.048335E+01
7.090000E+00 7.047845E+01
7.100000E+00 7.047953E+01
7.110000E+00 7.047725E+01
7.120000E+00 7.049400E+01
7.130000E+00 7.046058E+01
7.140000E+00 7.047188E+01
7.150000E+00 7.048194E+01
7.160000E+00 7.047397E+01
7.170000E+00 7.049465E+01
7.180000E+00 7.047432E+01
7.190000E+00 7.043530E+01
7.200000E+00 7.050214E+01
7.210000E+00 7.049626E+01
7.220000E+00 7.046993E+01
7.230000E+00 7.048914E+01
7.240000E+00 7.045049E+01
7.250000E+00 7.048685E+01
7.260000E+00 7.048264E+01
7.270000E+00 7.046986E+01
7.280000E+00 7.048650E+01
7.290000E+00 7.050073E+01
7.300000E+00 7.050716E+01
7.310000E+00 7.046782E+01
7.320000E+00 7.049637E+01
7.330000E+00 7.049553E+01
7.340000E+00 7.049595E+01
7.350000E+00 7.050120E+01
7.360000E+00 7.050756E+01
7.370000E+00 7.048660E+01
7.380000E+00 7.046907E+01
7.390000E+00 7.051188E+01
7.400000E+00 7.049279E+01
7.410000E+00 7.050523E+01
7.420000E+00 7.049202E+01
7.430000E+00 7.048857E+01
7.440000E+00 7.048695E+01
7.450000E+00 7.050086E+01
7.460000E+00 7.046573E+01
7.470000E+00 7.049812E+01
7.480000E+00 7.048400E+01
7.490000E+00 7.047624E+01
7.500000E+00 7.050476E+01
7.510000E+00 7.045707E+01
7.520000E+00 7.051100E+01
7.530000E+00 7.048186E+01
7.540000E+00 7.046490E+01
7.550000E+00 7.047745E+01
7.560000E+00 7.046422E+01
7.570000E+00 7.049263E+01
7.580000E+00 7.048085E+01
7.590000E+00 7.045516E+01
7.600000E+00 7.049454E+01
7.610000E+00 7.046761E+01
7.620000E+00 7.047747E+01
7.630000E+00 7.048816E+01
7.640000E+00 7.042865E+01
7.650000E+00 7.047794E+01
7.660000E+00 7.048773E+01
7.670000E+00 7.045674E+01
7.680000E+00 7.046767E+01
7.690000E+00 7.048620E+01
7.700000E+00 7.048538E+01
7.710000E+00 7.047222E+01
7.720000E+00 7.048492E+01
7.730000E+00 7.051357E+01
7.740000E+00 7.047725E+01
7.750000E+00 7.046864E+01
7.760000E+00 7.047981E+01
7.770000E+00 7.048708E+01
7.780000E+00 7.046175E+01
7.790000E+00 7.049220E+01
7.800000E+00 7.047080E+01
7.810000E+00 7.051201E+01
7.820000E+00 7.049370E+01
7.830000E+00 7.046548E+01
7.840000E+00 7.050151E+01
7.850000E+00 7.050315E+01
7.860000E+00 7.048723E+01
7.870000E+00 7.049587E+01
7.880000E+00 7.050038E+01
7.890000E+00 7.048779E+01
7.900000E+00 7.050133E+01
7.910000E+00 7.049340E+01
7.920000E+00 7.051138E+01
7.930000E+00 7.047577E+01
7.940000E+00 7.048574E+01
7.950000E+00 7.050676E+01
7.960000E+00 7.050533E+01
7.970000E+00 7.047676E+01
7.980000E+00 7.051283E+01
7.990000E+00 7.048910E+01
8.000000E+00 7.049841E+01
8.010000E+00 7.050903E+01
8.020000E+00 7.049556E+01
8.030000E+00 7.050217E+01
8.040000E+00 7.051649E+01
8.050000E+00 7.048896E+01
8.060000E+00 7.049536E+01
8.070000E+00 7.049895E+01
8.080000E+00 7.051315E+01
8.090000E+00 7.050273E+01
8.100000E+00 7.049032E+01
8.110000E+00 7.050946E+01
8.120000E+00 7.049521E+01
8.130000E+00 7.051307E+01
8.140000E+00 7.053383E+01
8.150000E+00 7.048949E+01
8.160000E+00 7.051383E+01
8.170000E+00 7.054652E+01
8.180000E+00 7.053577E+01
8.190000E+00 7.053170E+01
8.200000E+00 7.053641E+01
8.210000E+00 7.054109E+01
8.220000E+00 7.054227E+01
8.230000E+00 7.053493E+01
8.240000E+00 7.053146E+01
8.250000E+00 7.054968E+01
8.260000E+00 7.053698E+01
8.270000E+00 7.054701E+01
8.280000E+00 7.054501E+01
8.290000E+00 7.054113E+01
8.300000E+00 7.054101E+01
8.310000E+00 7.054115E+01
8.320000E+00 7.052554E+01
8.330000E+00 7.054350E+01
8.340000E+00 7.055349E+01
8.350000E+00 7.052384E+01
8.360000E+00 7.053328E+01
8.370000E+00 7.054281E+01
8.380000E+00 7.052664E+01
8.390000E+00 7.053214E+01
8.400000E+00 7.054824E+01
8.410000E+00 7.052591E+01
8.420000E+00 7.053447E+01
8.430000E+00 7.053123E+01
8.440000E+00 7.053443E+01
8.450000E+00 7.052085E+01
8.460000E+00 7.055219E+01
8.470000E+00 7.053220E+01
8.480000E+00 7.053771E+01
8.490000E+00 7.055547E+01
8.500000E+00 7.054242E+01
8.510000E+00 7.053482E+01
8.520000E+00 7.053169E+01
8.530000E+00 7.053769E+01
8.540000E+00 7.050564E+01
8.550000E+00 7.053779E+01
8.560000E+00 7.053755E+01
8.570000E+00 7.051636E+01
8.580000E+00 7.051024E+01
8.590000E+00 7.051966E+01
8.600000E+00 7.048086E+01
8.610000E+00 7.052790E+01
8.620000E+00 7.052228E+01
8.630000E+00 7.050762E+01
8.640000E+00 7.050908E+01
8.650000E+00 7.048543E+01
8.660000E+00 7.050529E+01
8.670000E+00 7.046955E+01
8.680000E+00 7.048550E+01
8.690000E+00 7.046235E+01
8.700000E+00 7.047056E+01
8.710000E+00 7.046571E+01
8.720000E+00 7.048864E+01
8.730000E+00 7.048012E+01
8.740000E+00 7.049734E+01
8.750000E+00 7.047209E+01
8.760000E+00 7.046940E+01
8.770000E+00 7.050481E+01
8.780000E+00 7.046746E+01
8.790000E+00 7.048437E+01
8.800000E+00 7.047895E+01
8.810000E+00 7.048511E+01
8.820000E+00 7.048747E+01
8.830000E+00 7.050009E+01
8.840000E+00 7.047503E+01
8.850000E+00 7.049624E+01
8.860000E+00 7.049594E+01
8.870000E+00 7.048289E+01
8.880000E+00 7.049250E+01
8.890000E+00 7.051354E+01
8.900000E+00 7.049909E+01
8.910000E+00 7.051443E+01
8.920000E+00 7.052558E+01
8.930000E+00 7.052345E+01
8.940000E+00 7.051394E+01
8.950000E+00 7.049456E+01
8.960000E+00 7.050242E+01
8.970000E+00 7.052540E+01
8.980000E+00 7.051671E+01
8.990000E+00 7.051142E+01
9.000000E+00 7.047738E+01
9.010000E+00 7.050821E+01
9.020000E+00 7.052977E+01
9.030000E+00 7.052359E+01
9.040000E+00 7.043751E+01
9.050000E+00 7.052414E+01
9.060000E+00 7.049978E+01
9.070000E+00 7.047686E+01
9.080000E+00 7.047667E+01
9.090000E+00 7.047766E+01
9.100000E+00 7.048340E+01
9.110000E+00 7.050799E+01
9.120000E+00 7.050710E+01
9.130000E+00 7.051266E+01
9.140000E+00 7.047524E+01
9.150000E+00 7.048646E+01
9.160000E+00 7.050978E+01
9.170000E+00 7.047526E+01
9.180000E+00 7.048451E+01
9.190000E+00 7.050229E+01
9.200000E+00 7.047047E+01
9.210000E+00 7.048029E+01
9.220000E+00 7.047649E+01
9.230000E+00 7.046480E+01
9.240000E+00 7.045695E+01
9.250000E+00 7.050301E+01
9.260000E+00 7.046658E+01
9.270000E+00 7.045729E+01
9.280000E+00 7.046611E+01
9.290000E+00 7.047511E+01
9.300000E+00 7.046977E+01
9.310000E+00 7.048229E+01
9.320000E+00 7.050032E+01
9.330000E+00 7.045520E+01
9.340000E+00 7.046427E+01
9.350000E+00 7.046368E+01
9.360000E+00 7.048269E+01
9.370000E+00 7.047608E+01
9.380000E+00 7.043796E+01
9.390000E+00 7.048364E+01
9.400000E+00 7.040917E+01
9.410000E+00 7.044557E+01
9.420000E+00 7.041583E+01
9.430000E+00 7.044185E+01
9.440000E+00 7.042835E+01
9.450000E+00 7.042179E+01
9.460000E+00 7.045343E+01
9.470000E+00 7.036908E+01
9.480000E+00 7.043378E+01
9.490000E+00 7.048008E+01
9.500000E+00 7.035375E+01
9.510000E+00 7.048457E+01
9.520000E+00 7.041774E+01
9.530000E+00 7.048748E+01
9.540000E+00 7.043260E+01
9.550000E+00 7.044639E+01
9.560000E+00 7.044962E+01
9.570000E+00 7.043916E+01
9.580000E+00 7.047160E+01
9.590000E+00 7.044713E+01
9.600000E+00 7.042824E+01
9.610000E+00 7.047366E+01
9.620000E+00 7.041724E+01
9.630000E+00 7.042534E+01
9.640000E+00 7.044477E+01
9.650000E+00 7.042735E+01
9.660000E+00 7.041042E+01
9.670000E+00 7.045294E+01
9.680000E+00 7.044970E+01
9.690000E+00 7.041466E+01
9.700000E+00 7.044151E+01
9.710000E+00 7.041406E+01
9.720000E+00 7.044486E+01
9.730000E+00 7.042177E+01
9.740000E+00 7.046629E+01
9.750000E+00 7.044604E+01
9.760000E+00 7.045083E+01
9.770000E+00 7.043586E+01
9.780000E+00 7.044156E+01
9.790000E+00 7.046415E+01
9.800000E+00 7.041380E+01
9.810000E+00 7.045469E+01
9.820000E+00 7.045887E+01
9.830000E+00 7.041804E+01
9.840000E+00 7.044246E+01
9.850000E+00 7.046477E+01
9.860000E+00 7.042350E+01
9.870000E+00 7.045352E+01
9.880000E+00 7.047107E+01
9.890000E+00 7.044466E+01
9.900000E+00 7.043452E+01
9.910000E+00 7.047018E+01
9.920000E+00 7.047011E+01
9.930000E+00 7.045564E+01
9.940000E+00 7.045184E+01
9.950000E+00 7.045670E+01
9.960000E+00 7.045308E+01
9.970000E+00 7.045194E+01
9.980000E+00 7.047583E+01
9.990000E+00 7.042577E+01
1.000000E+01 7.044856E+01
1.001000E+01 7.042571E+01
1.002000E+01 7.045787E+01
1.003000E+01 7.040547E+01
1.004000E+01 7.045331E+01
1.005000E+01 7.043352E+01
1.006000E+01 7.048587E+01
1.007000E+01 7.043138E+01
1.008000E+01 7.043843E+01
1.009000E+01 7.045274E+01
1.010000E+01 7.039340E+01
1.011000E+01 7.047304E+01
1.012000E+01 7.047558E+01
1.013000E+01 7.045059E+01
1.014000E+01 7.044645E+01
1.015000E+01 7.044551E+01
1.016000E+01 7.047443E+01
1.017000E+01 7.046478E+01
1.018000E+01 7.046133E+01
1.019000E+01 7.039371E+01
1.020000E+01 7.050541E+01
1.021000E+01 7.045056E+01
1.022000E+01 7.044655E+01
1.023000E+01 7.044828E+01
1.024000E+01 7.046504E+01
1.025000E+01 7.047970E+01
1.026000E+01 7.045543E+01
1.027000E+01 7.045938E+01
1.028000E+01 7.046520E+01
1.029000E+01 7.046449E+01
1.030000E+01 7.048381E+01
1.031000E+01 7.046744E+01
1.032000E+01 7.045117E+01
1.033000E+01 7.045469E+01
1.034000E+01 7.047189E+01
1.035000E+01 7.046107E+01
1.036000E+01 7.046181E+01
1.037000E+01 7.048294E+01
1.038000E+01 7.047021E+01
1.039000E+01 7.046926E+01
1.040000E+01 7.045787E+01
1.041000E+01 7.050229E+01
1.042000E+01 7.040971E+01
1.043000E+01 7.047238E+01
1.044000E+01 7.050465E+01
1.045000E+01 7.048639E+01
1.046000E+01 7.045096E+01
1.047000E+01 7.049741E+01
1.048000E+01 7.046316E+01
1.049000E+01 7.049386E+01
1.050000E+01 7.049511E+01
1.051000E+01 7.041614E+01
1.052000E+01 7.050263E+01
1.053000E+01 7.047129E+01
1.054000E+01 7.049521E+01
1.055000E+01 7.046387E+01
1.056000E+01 7.048938E+01
1.057000E+01 7.047214E+01
1.058000E+01 7.044936E+01
1.059000E+01 7.049552E+01
1.060000E+01 7.047857E+01
1.061000E+01 7.044258E+01
1.062000E+01 7.050185E+01
1.063000E+01 7.049904E+01
1.064000E+01 7.042802E+01
1.065000E+01 7.048919E+01
1.066000E+01 7.045404E+01
1.067000E+01 7.050494E+01
1.068000E+01 7.046779E+01
1.069000E+01 7.047371E+01
1.070000E+01 7.051596E+01
1.071000E+01 7.044523E+01
1.072000E+01 7.049482E+01
1.073000E+01 7.047531E+01
1.074000E+01 7.042575E+01
1.075000E+01 7.049069E+01
1.076000E+01 7.046205E+01
1.077000E+01 7.046527E+01
1.078000E+01 7.044667E+01
1.079000E+01 7.048635E+01
1.080000E+01 7.047581E+01
1.081000E+01 7.045348E+01
1.082000E+01 7.045883E+01
1.083000E+01 7.046893E+01
1.084000E+01 7.047882E+01
1.085000E+01 7.046957E+01
1.086000E+01 7.047368E+01
1.087000E+01 7.049468E+01
1.088000E+01 7.048418E+01
1.089000E+01 7.048355E+01
1.090000E+01 7.051092E+01
1.091000E+01 7.046578E+01
1.092000E+01 7.048593E+01
1.093000E+01 7.049662E+01
1.094000E+01 7.052284E+01
1.095000E+01 7.049394E+01
1.096000E+01 7.052624E+01
1.097000E+01 7.049535E+01
1.098000E+01 7.050334E+01
1.099000E+01 7.053639E+01
1.100000E+01 7.053537E+01
1.101000E+01 7.053333E+01
1.102000E+01 7.053609E+01
1.103000E+01 7.054863E+01
1.104000E+01 7.054823E+01
1.105000E+01 7.055559E+01
1.106000E+01 7.053834E+01
1.107000E+01 7.053880E+01
1.108000E+01 7.054963E+01
1.109000E+01 7.055460E+01
1.110000E+01 7.053124E+01
1.111000E+01 7.054308E+01
1.112000E+01 7.053798E+01
1.113000E+01 7.052682E+01
1.114000E+01 7.054311E+01
1.115000E+01 7.052921E+01
1.116000E+01 7.054268E+01
1.117000E+01 7.055320E+01
1.118000E+01 7.048176E+01
1.119000E+01 7.056983E+01
1.120000E+01 7.053322E+01
1.121000E+01 7.053754E+01
1.122000E+01 7.053019E+01
1.123000E+01 7.055608E+01
1.124000E+01 7.055707E+01
1.125000E+01 7.056537E+01
1.126000E+01 7.051906E+01
1.127000E+01 7.049539E+01
1.128000E+01 7.054209E+01
1.129000E+01 7.054232E+01
1.130000E+01 7.051905E+01
1.131000E+01 7.052957E+01
1.132000E+01 7.047707E+01
1.133000E+01 7.053749E+01
1.134000E+01 7.051892E+01
1.135000E+01 7.051730E+01
1.136000E+01 7.053994E+01
1.137000E+01 7.051734E+01
1.138000E+01 7.050976E+01
1.139000E+01 7.052827E+01
1.140000E+01 7.053368E+01
1.141000E+01 7.054385E+01
1.142000E+01 7.052748E+01
1.143000E+01 7.051432E+01
1.144000E+01 7.054827E+01
1.145000E+01 7.049827E+01
1.146000E+01 7.053699E+01
1.147000E+01 7.054077E+01
1.148000E+01 7.050977E+01
1.149000E+01 7.051487E+01
1.150000E+01 7.052759E+01
1.151000E+01 7.054039E+01
1.152000E+01 7.051538E+01
1.153000E+01 7.049585E+01
1.154000E+01 7.053973E+01
1.155000E+01 7.052797E+01
1.156000E+01 7.051836E+01
1.157000E+01 7.052051E+01
1.158000E+01 7.051718E+01
1.159000E+01 7.052918E+01
1.160000E+01 7.052058E+01
1.161000E+01 7.052749E+01
1.162000E+01 7.049402E+01
1.163000E+01 7.053633E+01
1.164000E+01 7.054617E+01
1.165000E+01 7.050633E+01
1.166000E+01 7.053673E+01
1.167000E+01 7.052119E+01
1.168000E+01 7.045851E+01
1.169000E+01 7.052864E+01
1.170000E+01 7.048949E+01
1.171000E+01 7.049359E+01
1.172000E+01 7.049293E+01
1.173000E+01 7.054760E+01
1.174000E+01 7.049858E+01
1.175000E+01 7.049509E+01
1.176000E+01 7.049061E+01
1.177000E+01 7.054822E+01
1.178000E+01 7.051074E+01
1.179000E+01 7.047604E+01
1.180000E+01 7.052073E+01
1.181000E+01 7.052652E+01
1.182000E+01 7.049617E+01
1.183000E+01 7.053698E+01
1.184000E+01 7.049648E+01
1.185000E+01 7.051663E+01
1.186000E+01 7.050696E+01
1.187000E+01 7.051706E+01
1.188000E+01 7.050158E+01
1.189000E+01 7.047748E+01
1.190000E+01 7.050228E+01
1.191000E+01 7.050442E+01
1.192000E+01 7.047866E+01
1.193000E+01 7.050816E+01
1.194000E+01 7.049720E+01
1.195000E+01 7.049514E+01
1.196000E+01 7.050731E+01
1.197000E+01 7.050548E+01
1.198000E+01 7.050626E+01
1.199000E+01 7.049717E+01
1.200000E+01 7.051729E+01
1.201000E+01 7.051068E+01
1.202000E+01 7.051819E+01
1.203000E+01 7.052705E+01
1.204000E+01 7.051023E+01
1.205000E+01 7.052491E+01
1.206000E+01 7.053431E+01
1.207000E+01 7.052990E+01
1.208000E+01 7.051891E+01
1.209000E+01 7.054552E+01
1.210000E+01 7.054213E+01
1.211000E+01 7.053769E+01
1.212000E+01 7.054725E+01
1.213000E+01 7.053362E+01
1.214000E+01 7.052670E+01
1.215000E+01 7.055048E+01
1.216000E+01 7.054125E+01
1.217000E+01 7.051887E+01
1.218000E+01 7.055709E+01
1.219000E+01 7.052350E+01
1.220000E+01 7.056169E+01
1.221000E+01 7.055700E+01
1.222000E+01 7.055538E+01
1.223000E+01 7.057532E+01
1.224000E+01 7.055946E+01
1.225000E+01 7.056260E+01
1.226000E+01 7.055168E+01
1.227000E+01 7.056782E+01
1.228000E+01 7.057432E+01
1.229000E+01 7.052545E+01
1.230000E+01 7.055970E+01
1.231000E+01 7.058656E+01
1.232000E+01 7.053949E+01
1.233000E+01 7.056056E+01
1.234000E+01 7.054671E+01
1.235000E+01 7.053644E+01
1.236000E+01 7.055627E+01
1.237000E+01 7.053459E+01
1.238000E+01 7.057005E+01
1.239000E+01 7.055439E+01
1.240000E+01 7.048416E+01
1.241000E+01 7.059921E+01
1.242000E+01 7.051684E+01
1.243000E+01 7.052185E+01
1.244000E+01 7.053721E+01
1.245000E+01 7.055513E+01
1.246000E+01 7.052004E+01
1.247000E+01 7.054235E+01
1.248000E+01 7.054479E+01
1.249000E+01 7.053693E+01
1.250000E+01 7.055303E+01
1.251000E+01 7.053473E+01
1.252000E+01 7.053652E+01
1.253000E+01 7.055681E+01
1.254000E+01 7.056395E+01
1.255000E+01 7.054043E+01
1.256000E+01 7.054232E+01
1.257000E+01 7.051230E+01
1.258000E+01 7.060271E+01
1.259000E+01 7.054102E+01
1.260000E+01 7.052369E+01
1.261000E+01 7.057530E+01
1.262000E+01 7.057346E+01
1.263000E+01 7.054296E+01
1.264000E+01 7.057199E+01
1.265000E+01 7.054399E+01
1.266000E+01 7.056497E+01
1.267000E+01 7.055555E+01
1.268000E+01 7.052525E+01
1.269000E+01 7.060830E+01
1.270000E+01 7.054262E+01
1.271000E+01 7.057384E+01
1.272000E+01 7.052544E+01
1.273000E+01 7.056566E+01
1.274000E+01 7.055917E+01
1.275000E+01 7.056701E+01
1.276000E+01 7.054829E+01
1.277000E+01 7.056414E+01
1.278000E+01 7.057553E+01
1.279000E+01 7.052912E+01
1.280000E+01 7.053376E+01
1.281000E+01 7.057927E+01
1.282000E+01 7.056527E+01
1.283000E+01 7.051463E+01
1.284000E+01 7.057220E+01
1.285000E+01 7.052900E+01
1.286000E+01 7.059191E+01
1.287000E+01 7.053367E+01
1.288000E+01 7.055109E+01
1.289000E+01 7.055912E+01
1.290000E+01 7.055449E+01
1.291000E+01 7.055132E+01
1.292000E+01 7.056684E+01
1.293000E+01 7.053711E+01
1.294000E+01 7.054992E+01
1.295000E+01 7.053271E+01
1.296000E+01 7.056519E+01
1.297000E+01 7.054893E+01
1.298000E+01 7.055560E+01
1.299000E+01 7.053921E+01
1.300000E+01 7.054611E+01
1.301000E+01 7.053517E+01
1.302000E+01 7.053221E+01
1.303000E+01 7.053005E+01
1.304000E+01 7.055389E+01
1.305000E+01 7.054939E+01
1.306000E+01 7.056085E+01
1.307000E+01 7.054955E+01
1.308000E+01 7.057940E+01
1.309000E+01 7.054436E+01
1.310000E+01 7.053191E+01
1.311000E+01 7.057894E+01
1.312000E+01 7.050217E+01
1.313000E+01 7.059662E+01
1.314000E+01 7.055104E+01
1.315000E+01 7.055235E+01
1.316000E+01 7.051001E+01
1.317000E+01 7.059162E+01
1.318000E+01 7.057560E+01
1.319000E+01 7.053115E+01
1.320000E+01 7.059777E+01
1.321000E+01 7.058085E+01
1.322000E+01 7.054282E+01
1.323000E+01 7.056471E+01
1.324000E+01 7.056608E+01
1.325000E+01 7.057303E+01
1.326000E+01 7.055659E+01
1.327000E+01 7.056187E+01
1.328000E+01 7.056915E+01
1.329000E+01 7.056276E+01
1.330000E+01 7.056839E+01
1.331000E+01 7.057011E+01
1.332000E+01 7.056134E+01
1.333000E+01 7.055113E+01
1.334000E+01 7.055653E+01
1.335000E+01 7.053898E+01
1.336000E+01 7.054325E+01
1.337000E+01 7.053321E+01
1.338000E+01 7.055308E+01
1.339000E+01 7.052148E+01
1.340000E+01 7.054483E+01
1.341000E+01 7.055401E+01
1.342000E+01 7.054379E+01
1.343000E+01 7.055091E+01
1.344000E+01 7.054378E+01
1.345000E+01 7.055005E+01
1.346000E+01 7.058543E+01
1.347000E+01 7.053802E+01
1.348000E+01 7.056403E+01
1.349000E+01 7.058221E+01
1.350000E+01 7.057737E+01
1.351000E+01 7.056191E+01
1.352000E+01 7.056005E+01
1.353000E+01 7.057752E+01
1.354000E+01 7.059154E+01
1.355000E+01 7.058721E+01
1.356000E+01 7.054158E+01
1.357000E+01 7.056782E+01
1.358000E+01 7.058033E+01
1.359000E+01 7.058228E+01
1.360000E+01 7.058342E+01
1.361000E+01 7.059626E+01
1.362000E+01 7.057498E+01
1.363000E+01 7.058333E+01
1.364000E+01 7.059248E+01
1.365000E+01 7.059203E+01
1.366000E+01 7.057405E+01
1.367000E+01 7.058859E+01
1.368000E+01 7.057330E+01
1.369000E+01 7.055083E+01
1.370000E+01 7.058970E+01
1.371000E+01 7.060437E+01
1.372000E+01 7.055718E+01
1.373000E+01 7.058373E+01
1.374000E+01 7.059778E+01
1.375000E+01 7.057147E+01
1.376000E+01 7.055907E+01
1.377000E+01 7.057817E+01
1.378000E+01 7.059929E+01
1.379000E+01 7.056590E+01
1.380000E+01 7.056662E+01
1.381000E+01 7.060979E+01
1.382000E+01 7.058734E+01
1.383000E+01 7.056870E+01
1.384000E+01 7.057875E+01
1.385000E+01 7.057756E+01
1.386000E+01 7.059041E+01
1.387000E+01 7.058851E+01
1.388000E+01 7.056407E+01
1.389000E+01 7.058627E+01
1.390000E+01 7.058222E+01
1.391000E+01 7.058284E+01
1.392000E+01 7.058883E+01
1.393000E+01 7.055861E+01
1.394000E+01 7.060892E+01
1.395000E+01 7.059620E+01
1.396000E+01 7.059588E+01
1.397000E+01 7.061957E+01
1.398000E+01 7.059110E+01
1.399000E+01 7.061224E+01
1.400000E+01 7.059670E+01
1.401000E+01 7.060372E+01
1.402000E+01 7.060856E+01
1.403000E+01 7.060997E+01
1.404000E+01 7.060482E+01
1.405000E+01 7.061393E+01
1.406000E+01 7.061268E+01
1.407000E+01 7.058842E+01
1.408000E+01 7.060727E+01
1.409000E+01 7.058114E+01
1.410000E+01 7.060699E+01
1.411000E+01 7.058814E+01
1.412000E+01 7.058105E+01
1.413000E+01 7.059886E+01
1.414000E+01 7.056880E+01
1.415000E+01 7.058910E+01
1.416000E+01 7.059274E+01
1.417000E+01 7.056790E+01
1.418000E+01 7.059778E+01
1.419000E+01 7.056679E+01
1.420000E+01 7.056799E+01
1.421000E+01 7.057777E+01
1.422000E+01 7.057478E+01
1.423000E+01 7.057005E+01
1.424000E+01 7.058583E+01
1.425000E+01 7.058783E+01
1.426000E+01 7.058700E+01
1.427000E+01 7.061089E+01
1.428000E+01 7.059660E+01
1.429000E+01 7.060147E+01
1.430000E+01 7.059328E+01
1.431000E+01 7.059387E+01
1.432000E+01 7.059997E+01
1.433000E+01 7.058116E+01
1.434000E+01 7.062100E+01
1.435000E+01 7.057872E+01
1.436000E+01 7.058841E+01
1.437000E+01 7.060653E+01
1.438000E+01 7.057687E+01
1.439000E+01 7.057872E+01
1.440000E+01 7.060959E+01
1.441000E+01 7.058165E+01
1.442000E+01 7.060435E+01
1.443000E+01 7.056816E+01
1.444000E+01 7.061784E+01
1.445000E+01 7.058511E+01
1.446000E+01 7.056257E+01
1.447000E+01 7.060323E+01
1.448000E+01 7.061644E+01
1.449000E+01 7.060580E+01
1.450000E+01 7.057609E+01
1.451000E+01 7.058441E+01
1.452000E+01 7.059005E+01
1.453000E+01 7.057071E+01
1.454000E+01 7.060974E+01
1.455000E+01 7.058839E+01
1.456000E+01 7.057228E+01
1.457000E+01 7.059327E+01
1.458000E+01 7.056339E+01
1.459000E+01 7.059226E+01
1.460000E+01 7.060503E+01
1.461000E+01 7.055956E+01
1.462000E+01 7.059192E+01
1.463000E+01 7.056376E+01
1.464000E+01 7.058310E+01
1.465000E+01 7.059369E+01
1.466000E+01 7.057647E+01
1.467000E+01 7.057395E+01
1.468000E+01 7.057572E+01
1.469000E+01 7.056947E+01
1.470000E+01 7.058834E+01
1.471000E+01 7.056260E+01
1.472000E+01 7.056530E+01
1.473000E+01 7.056282E+01
1.474000E+01 7.053732E+01
1.475000E+01 7.054741E+01
1.476000E+01 7.055612E+01
1.477000E+01 7.056813E+01
1.478000E+01 7.056940E+01
1.479000E+01 7.054571E+01
1.480000E+01 7.055400E+01
1.481000E+01 7.055089E+01
1.482000E+01 7.056811E+01
1.483000E+01 7.055633E+01
1.484000E+01 7.055593E+01
1.485000E+01 7.054998E+01
1.486000E+01 7.052988E+01
1.487000E+01 7.054183E+01
1.488000E+01 7.056215E+01
1.489000E+01 7.055967E+01
1.490000E+01 7.050107E+01
1.491000E+01 7.053764E+01
1.492000E+01 7.054392E+01
1.493000E+01 7.056560E+01
1.494000E+01 7.054909E+01
1.495000E+01 7.054115E+01
1.496000E+01 7.053060E+01
1.497000E+01 7.052944E+01
1.498000E+01 7.053265E+01
1.499000E+01 7.052809E+01
1.500000E+01 7.052327E+01
1.501000E+01 7.053162E+01
1.502000E+01 7.052864E+01
1.503000E+01 7.056852E+01
1.504000E+01 7.054262E+01
1.505000E+01 7.049080E+01
1.506000E+01 7.055358E+01
1.507000E+01 7.055084E+01
1.508000E+01 7.047500E+01
1.509000E+01 7.055786E+01
1.510000E+01 7.053926E+01
1.511000E+01 7.051132E+01
1.512000E+01 7.051843E+01
1.513000E+01 7.054267E+01
1.514000E+01 7.051864E+01
1.515000E+01 7.051137E+01
1.516000E+01 7.052905E+01
1.517000E+01 7.053463E+01
1.518000E+01 7.053851E+01
1.519000E+01 7.049541E+01
1.520000E+01 7.051806E+01
1.521000E+01 7.051755E+01
1.522000E+01 7.052232E+01
1.523000E+01 7.050160E+01
1.524000E+01 7.049872E+01
1.525000E+01 7.052828E+01
1.526000E+01 7.053828E+01
1.527000E+01 7.048566E+01
1.528000E+01 7.051693E+01
1.529000E+01 7.052431E+01
1.530000E+01 7.048453E+01
1.531000E+01 7.050628E+01
1.532000E+01 7.046268E+01
1.533000E+01 7.049296E+01
1.534000E+01 7.045195E+01
1.535000E+01 7.050423E+01
1.536000E+01 7.050998E+01
1.537000E+01 7.041065E+01
1.538000E+01 7.052015E+01
1.539000E+01 7.050613E+01
1.540000E+01 7.048123E+01
1.541000E+01 7.049300E+01
1.542000E+01 7.049309E+01
1.543000E+01 7.049465E+01
1.544000E+01 7.048632E+01
1.545000E+01 7.053667E+01
1.546000E+01 7.051604E+01
1.547000E+01 7.051157E+01
1.548000E+01 7.051854E+01
1.549000E+01 7.049473E+01
1.550000E+01 7.047391E+01
1.551000E+01 7.052179E+01
1.552000E+01 7.050018E+01
1.553000E+01 7.051457E+01
1.554000E+01 7.049432E+01
1.555000E+01 7.049096E+01
1.556000E+01 7.050003E+01
1.557000E+01 7.053082E+01
1.558000E+01 7.051621E+01
1.559000E+01 7.048775E+01
1.560000E+01 7.049528E+01
1.561000E+01 7.053451E+01
1.562000E+01 7.050129E+01
1.563000E+01 7.051165E+01
1.564000E+01 7.047365E+01
1.565000E+01 7.052583E+01
1.566000E+01 7.053616E+01
1.567000E+01 7.054553E+01
1.568000E+01 7.051969E+01
1.569000E+01 7.052481E+01
1.570000E+01 7.053289E+01
1.571000E+01 7.055214E+01
1.572000E+01 7.054499E+01
1.573000E+01 7.052288E+01
1.574000E+01 7.054934E+01
1.575000E+01 7.053160E+01
1.576000E+01 7.052753E+01
1.577000E+01 7.055107E+01
1.578000E+01 7.052376E+01
1.579000E+01 7.053475E+01
1.580000E+01 7.054760E+01
1.581000E+01 7.055234E+01
1.582000E+01 7.055979E+01
1.583000E+01 7.055243E+01
1.584000E+01 7.053240E+01
1.585000E+01 7.051900E+01
1.586000E+01 7.052611E+01
1.587000E+01 7.054923E+01
1.588000E+01 7.054558E+01
1.589000E+01 7.053697E+01
1.590000E+01 7.053789E+01
1.591000E+01 7.053880E+01
1.592000E+01 7.052513E+01
1.593000E+01 7.051023E+01
1.594000E+01 7.053344E+01
1.595000E+01 7.052752E+01
1.596000E+01 7.051055E+01
1.597000E+01 7.054433E+01
1.598000E+01 7.051420E+01
1.599000E+01 7.052138E+01
1.600000E+01 7.051232E+01
1.601000E+01 7.054350E+01
1.602000E+01 7.052508E+01
1.603000E+01 7.051892E+01
1.604000E+01 7.050235E+01
1.605000E+01 7.053805E+01
1.606000E+01 7.053938E+01
1.607000E+01 7.047705E+01
1.608000E+01 7.054576E+01
1.609000E+01 7.050577E+01
1.610000E+01 7.050262E+01
1.611000E+01 7.055513E+01
1.612000E+01 7.048203E+01
1.613000E+01 7.058740E+01
1.614000E+01 7.045374E+01
1.615000E+01 7.054347E+01
1.616000E+01 7.051442E+01
1.617000E+01 7.050789E+01
1.618000E+01 7.054849E+01
1.619000E+01 7.048732E+01
1.620000E+01 7.053897E+01
1.621000E+01 7.055131E+01
1.622000E+01 7.052267E+01
1.623000E+01 7.054553E+01
1.624000E+01 7.057219E+01
1.625000E+01 7.051006E+01
1.626000E+01 7.050893E+01
1.627000E+01 7.055990E+01
1.628000E+01 7.050027E+01
1.629000E+01 7.053622E+01
1.630000E+01 7.054343E+01
1.631000E+01 7.047783E+01
1.632000E+01 7.055487E+01
1.633000E+01 7.047276E+01
1.634000E+01 7.054028E+01
1.635000E+01 7.053583E+01
1.636000E+01 7.051809E+01
1.637000E+01 7.051545E+01
1.638000E+01 7.051562E+01
1.639000E+01 7.049738E+01
1.640000E+01 7.052616E+01
1.641000E+01 7.052287E+01
1.642000E+01 7.051694E+01
1.643000E+01 7.051571E+01
1.644000E+01 7.051340E+01
1.645000E+01 7.050090E+01
1.646000E+01 7.050901E+01
1.647000E+01 7.050243E+01
1.648000E+01 7.048006E+01
1.649000E+01 7.051294E+01
1.650000E+01 7.049075E+01
1.651000E+01 7.050198E+01
1.652000E+01 7.051038E+01
1.653000E+01 7.054228E+01
1.654000E+01 7.045519E+01
1.655000E+01 7.053686E+01
1.656000E+01 7.053685E+01
1.657000E+01 7.052928E+01
1.658000E+01 7.050788E+01
1.659000E+01 7.053457E+01
1.660000E+01 7.051875E+01
1.661000E+01 7.050907E+01
1.662000E+01 7.055765E+01
1.663000E+01 7.052819E+01
1.664000E+01 7.050582E+01
1.665000E+01 7.054528E+01
1.666000E+01 7.053967E+01
1.667000E+01 7.049769E+01
1.668000E+01 7.049949E+01
1.669000E+01 7.054716E+01
1.670000E+01 7.050735E+01
1.671000E+01 7.049737E+01
1.672000E+01 7.050710E+01
1.673000E+01 7.054161E+01
1.674000E+01 7.055027E+01
1.675000E+01 7.052318E+01
1.676000E+01 7.054584E+01
1.677000E+01 7.055837E+01
1.678000E+01 7.055713E+01
1.679000E+01 7.057633E+01
1.680000E+01 7.055285E+01
1.681000E+01 7.058194E+01
1.682000E+01 7.052696E+01
1.683000E+01 7.054477E+01
1.684000E+01 7.057328E+01
1.685000E+01 7.054816E+01
1.686000E+01 7.054795E+01
1.687000E+01 7.055342E+01
1.688000E+01 7.054937E+01
1.689000E+01 7.053820E+01
1.690000E+01 7.056214E+01
1.691000E+01 7.056724E+01
1.692000E+01 7.052750E+01
1.693000E+01 7.056424E+01
1.694000E+01 7.059034E+01
1.695000E+01 7.054205E+01
1.696000E+01 7.051163E+01
1.697000E+01 7.053949E+01
1.698000E+01 7.053675E+01
1.699000E+01 7.052563E+01
1.700000E+01 7.051435E+01
1.701000E+01 7.053354E+01
1.702000E+01 7.055396E+01
1.703000E+01 7.054071E+01
1.704000E+01 7.052087E+01
1.705000E+01 7.055576E+01
1.706000E+01 7.057662E+01
1.707000E+01 7.053928E+01
1.708000E+01 7.052441E+01
1.709000E+01 7.052316E+01
1.710000E+01 7.057311E+01
1.711000E+01 7.057610E+01
1.712000E+01 7.053615E+01
1.713000E+01 7.058403E+01
1.714000E+01 7.054433E+01
1.715000E+01 7.053177E+01
1.716000E+01 7.056240E+01
1.717000E+01 7.055128E+01
1.718000E+01 7.053293E+01
1.719000E+01 7.056157E+01
1.720000E+01 7.055183E+01
1.721000E+01 7.054592E+01
1.722000E+01 7.055549E+01
1.723000E+01 7.057784E+01
1.724000E+01 7.056833E+01
1.725000E+01 7.058838E+01
1.726000E+01 7.058252E+01
1.727000E+01 7.057786E+01
1.728000E+01 7.058810E+01
1.729000E+01 7.057430E+01
1.730000E+01 7.057579E+01
1.731000E+01 7.058463E+01
1.732000E+01 7.057549E+01
1.733000E+01 7.056459E+01
1.734000E+01 7.056626E+01
1.735000E+01 7.055167E+01
1.736000E+01 7.055821E+01
1.737000E+01 7.056344E+01
1.738000E+01 7.057916E+01
1.739000E+01 7.058431E+01
1.740000E+01 7.051470E+01
1.741000E+01 7.055861E+01
1.742000E+01 7.059937E+01
1.743000E+01 7.052086E+01
1.744000E+01 7.049364E+01
1.745000E+01 7.058815E+01
1.746000E+01 7.045243E+01
1.747000E+01 7.058323E+01
1.748000E+01 7.047535E+01
1.749000E+01 7.056563E+01
1.750000E+01 7.057997E+01
1.751000E+01 7.056850E+01
1.752000E+01 7.054371E+01
1.753000E+01 7.055135E+01
1.754000E+01 7.056909E+01
1.755000E+01 7.056856E+01
1.756000E+01 7.053943E+01
1.757000E+01 7.055640E+01
1.758000E+01 7.056995E+01
1.759000E+01 7.054602E+01
1.760000E+01 7.053561E+01
1.761000E+01 7.054422E+01
1.762000E+01 7.055514E+01
1.763000E+01 7.052207E+01
1.764000E+01 7.055122E+01
1.765000E+01 7.054765E+01
1.766000E+01 7.054676E+01
1.767000E+01 7.055092E+01
1.768000E+01 7.051556E+01
1.769000E+01 7.052416E+01
1.770000E+01 7.054083E+01
1.771000E+01 7.054095E+01
1.772000E+01 7.050790E+01
1.773000E+01 7.053148E+01
1.774000E+01 7.053392E+01
1.775000E+01 7.053560E+01
1.776000E+01 7.051166E+01
1.777000E+01 7.051387E+01
1.778000E+01 7.053177E+01
1.779000E+01 7.048997E+01
1.780000E+01 7.052393E+01
1.781000E+01 7.051692E+01
1.782000E+01 7.050268E+01
1.783000E+01 7.052814E+01
1.784000E+01 7.046684E+01
1.785000E+01 7.052678E+01
1.786000E+01 7.044443E+01
1.787000E+01 7.048063E+01
1.788000E+01 7.050814E+01
1.789000E+01 7.045111E+01
1.790000E+01 7.050416E+01
1.791000E+01 7.050266E+01
1.792000E+01 7.047660E+01
1.793000E+01 7.046425E+01
1.794000E+01 7.045633E+01
1.795000E+01 7.047623E+01
1.796000E+01 7.047625E+01
1.797000E+01 7.044791E+01
1.798000E+01 7.050452E+01
1.799000E+01 7.041635E+01
1.800000E+01 7.049924E+01
1.801000E+01 7.049156E+01
1.802000E+01 7.048475E+01
1.803000E+01 7.046018E+01
1.804000E+01 7.047591E+01
1.805000E+01 7.049191E+01
1.806000E+01 7.050208E+01
1.807000E+01 7.047972E+01
1.808000E+01 7.045756E+01
1.809000E+01 7.045406E+01
1.810000E+01 7.048478E+01
1.811000E+01 7.049843E+01
1.812000E+01 7.046468E+01
1.813000E+01 7.047450E+01
1.814000E+01 7.050183E+01
1.815000E+01 7.047286E+01
1.816000E+01 7.043983E+01
1.817000E+01 7.039655E+01
1.818000E+01 7.051437E+01
1.819000E+01 7.046195E+01
1.820000E+01 7.042528E+01
1.821000E+01 7.046014E+01
1.822000E+01 7.044976E+01
1.823000E+01 7.048353E+01
1.824000E+01 7.043340E+01
1.825000E+01 7.042287E+01
1.826000E+01 7.048147E+01
1.827000E+01 7.048048E+01
1.828000E+01 7.044238E+01
1.829000E+01 7.045701E+01
1.830000E+01 7.047550E+01
1.831000E+01 7.046696E+01
1.832000E+01 7.048570E+01
1.833000E+01 7.049003E+01
1.834000E+01 7.041207E+01
1.835000E+01 7.047455E+01
1.836000E+01 7.047162E+01
1.837000E+01 7.046031E+01
1.838000E+01 7.047601E+01
1.839000E+01 7.044992E+01
1.840000E+01 7.050429E+01
1.841000E+01 7.047203E+01
1.842000E+01 7.045209E+01
1.843000E+01 7.046475E+01
1.844000E+01 7.050519E+01
1.845000E+01 7.043728E+01
1.846000E+01 7.047842E+01
1.847000E+01 7.046021E+01
1.848000E+01 7.048268E+01
1.849000E+01 7.046969E+01
1.850000E+01 7.046352E+01
1.851000E+01 7.047062E+01
1.852000E+01 7.050168E+01
1.853000E+01 7.044577E+01
1.854000E+01 7.048017E+01
1.855000E+01 7.047048E+01
1.856000E+01 7.050008E+01
1.857000E+01 7.044669E+01
1.858000E+01 7.045716E+01
1.859000E+01 7.046360E+01
1.860000E+01 7.046527E+01
1.861000E+01 7.047126E+01
1.862000E+01 7.046899E+01
1.863000E+01 7.050483E+01
1.864000E+01 7.050195E+01
1.865000E+01 7.047273E+01
1.866000E+01 7.049644E+01
1.867000E+01 7.048113E+01
1.868000E+01 7.048479E+01
1.869000E+01 7.050232E+01
1.870000E+01 7.052119E+01
1.871000E+01 7.050129E+01
1.872000E+01 7.049442E+01
1.873000E+01 7.049910E+01
1.874000E+01 7.050846E+01
1.875000E+01 7.052487E+01
1.876000E+01 7.051634E+01
1.877000E+01 7.048679E+01
1.878000E+01 7.052105E+01
1.879000E+01 7.050611E+01
1.880000E+01 7.051030E+01
1.881000E+01 7.051671E+01
1.882000E+01 7.049940E+01
1.883000E+01 7.051506E+01
1.884000E+01 7.050257E+01
1.885000E+01 7.046984E+01
1.886000E+01 7.049592E+01
1.887000E+01 7.052058E+01
1.888000E+01 7.048038E+01
1.889000E+01 7.048488E+01
1.890000E+01 7.053236E+01
1.891000E+01 7.048505E+01
1.892000E+01 7.049982E+01
1.893000E+01 7.047790E+01
1.894000E+01 7.050191E+01
1.895000E+01 7.051045E+01
1.896000E+01 7.049059E+01
1.897000E+01 7.043405E+01
1.898000E+01 7.053625E+01
1.899000E+01 7.052909E+01
1.900000E+01 7.048877E+01
1.901000E+01 7.051117E+01
1.902000E+01 7.051562E+01
1.903000E+01 7.052567E+01
1.904000E+01 7.050070E+01
1.905000E+01 7.047600E+01
1.906000E+01 7.051763E+01
1.907000E+01 7.051544E+01
1.908000E+01 7.048728E+01
1.909000E+01 7.053991E+01
1.910000E+01 7.053101E+01
1.911000E+01 7.052156E+01
1.912000E+01 7.048421E+01
1.913000E+01 7.052344E+01
1.914000E+01 7.050066E+01
1.915000E+01 7.049444E+01
1.916000E+01 7.052385E+01
1.917000E+01 7.052184E+01
1.918000E+01 7.047793E+01
1.919000E+01 7.050928E+01
1.920000E+01 7.053414E+01
1.921000E+01 7.046873E+01
1.922000E+01 7.052861E+01
1.923000E+01 7.048439E+01
1.924000E+01 7.051803E+01
1.925000E+01 7.053951E+01
1.926000E+01 7.043642E+01
1.927000E+01 7.051280E+01
1.928000E+01 7.047131E+01
1.929000E+01 7.052648E+01
1.930000E+01 7.049952E+01
1.931000E+01 7.051902E+01
1.932000E+01 7.047879E+01
1.933000E+01 7.052589E+01
1.934000E+01 7.048891E+01
1.935000E+01 7.051210E+01
1.936000E+01 7.050933E+01
1.937000E+01 7.050960E+01
1.938000E+01 7.051503E+01
1.939000E+01 7.050739E+01
1.940000E+01 7.048386E+01
1.941000E+01 7.047019E+01
1.942000E+01 7.049229E+01
1.943000E+01 7.051320E+01
1.944000E+01 7.048155E+01
1.945000E+01 7.050876E+01
1.946000E+01 7.050118E+01
1.947000E+01 7.051504E+01
1.948000E+01 7.049681E+01
1.949000E+01 7.050748E+01
1.950000E+01 7.047822E+01
1.951000E+01 7.049139E+01
1.952000E+01 7.051158E+01
1.953000E+01 7.047485E+01
1.954000E+01 7.048084E+01
1.955000E+01 7.052719E+01
1.956000E+01 7.047454E+01
1.957000E+01 7.049635E+01
1.958000E+01 7.052056E+01
1.959000E+01 7.051224E+01
1.960000E+01 7.050279E+01
1.961000E+01 7.051973E+01
1.962000E+01 7.049920E+01
1.963000E+01 7.049713E+01
1.964000E+01 7.050390E+01
1.965000E+01 7.048301E+01
1.966000E+01 7.051768E+01
1.967000E+01 7.048914E+01
1.968000E+01 7.050753E+01
1.969000E+01 7.049063E+01
1.970000E+01 7.050094E+01
1.971000E+01 7.051947E+01
1.972000E+01 7.047225E+01
1.973000E+01 7.047457E+01
1.974000E+01 7.050573E+01
1.975000E+01 7.049501E+01
1.976000E+01 7.042642E+01
1.977000E+01 7.048853E+01
1.978000E+01 7.049292E+01
1.979000E+01 7.047858E+01
1.980000E+01 7.046694E+01
1.981000E+01 7.051783E+01
1.982000E+01 7.049144E+01
1.983000E+01 7.050843E+01
1.984000E+01 7.043278E+01
1.985000E+01 7.056636E+01
1.986000E+01 7.051068E+01
1.987000E+01 7.041138E+01
1.988000E+01 7.055600E+01
1.989000E+01 7.049493E+01
1.990000E+01 7.046118E+01
1.991000E+01 7.053161E+01
1.992000E+01 7.048003E+01
1.993000E+01 7.049737E+01
1.994000E+01 7.054291E+01
1.995000E+01 7.046684E+01
1.996000E+01 7.051760E+01
1.997000E+01 7.052120E+01
1.998000E+01 7.052065E+01
1.999000E+01 7.049315E+01
2.000000E+01 7.049077E+01
