amber                                                                           
         2       128
OW      
 -6.350000E+00  7.245261E-04
 -6.250000E+00  5.841016E-04
 -6.150000E+00  8.221431E-04
 -6.050000E+00  9.425640E-04
 -5.950000E+00  8.569491E-04
 -5.850000E+00  7.489303E-04
 -5.750000E+00  6.581145E-04
 -5.650000E+00  7.629328E-04
 -5.550000E+00  6.429119E-04
 -5.450000E+00  4.872848E-04
 -5.350000E+00  4.888851E-04
 -5.250000E+00  5.344930E-04
 -5.150000E+00  5.584972E-04
 -5.050000E+00  6.841190E-04
 -4.950000E+00  6.773179E-04
 -4.850000E+00  5.228910E-04
 -4.750000E+00  5.264916E-04
 -4.650000E+00  5.156897E-04
 -4.550000E+00  4.996869E-04
 -4.450000E+00  5.152897E-04
 -4.350000E+00  5.712994E-04
 -4.250000E+00  6.321100E-04
 -4.150000E+00  6.317099E-04
 -4.050000E+00  8.829536E-04
 -3.950000E+00  6.729171E-04
 -3.850000E+00  7.805358E-04
 -3.750000E+00  6.425118E-04
 -3.650000E+00  6.109063E-04
 -3.550000E+00  5.144895E-04
 -3.450000E+00  6.865195E-04
 -3.350000E+00  7.521309E-04
 -3.250000E+00  9.133589E-04
 -3.150000E+00  7.749348E-04
 -3.050000E+00  8.681511E-04
 -2.950000E+00  9.981737E-04
 -2.850000E+00  9.257611E-04
 -2.750000E+00  8.805532E-04
 -2.650000E+00  8.177423E-04
 -2.550000E+00  7.613325E-04
 -2.450000E+00  7.061229E-04
 -2.350000E+00  9.997740E-04
 -2.250000E+00  8.833537E-04
 -2.150000E+00  9.065577E-04
 -2.050000E+00  9.477649E-04
 -1.950000E+00  1.098591E-03
 -1.850000E+00  1.129797E-03
 -1.750000E+00  9.885720E-04
 -1.650000E+00  1.000174E-03
 -1.550000E+00  9.013568E-04
 -1.450000E+00  8.081406E-04
 -1.350000E+00  9.185598E-04
 -1.250000E+00  6.673161E-04
 -1.150000E+00  8.565490E-04
 -1.050000E+00  8.105410E-04
 -9.500000E-01  9.873718E-04
 -8.500000E-01  9.769700E-04
 -7.500000E-01  1.440251E-03
 -6.500000E-01  1.497861E-03
 -5.500000E-01  1.322230E-03
 -4.500000E-01  1.176205E-03
 -3.500000E-01  1.217412E-03
 -2.500000E-01  1.352235E-03
 -1.500000E-01  1.201409E-03
 -5.000000E-02  1.287024E-03
  5.000000E-02  1.310628E-03
  1.500000E-01  1.195808E-03
  2.500000E-01  1.340633E-03
  3.500000E-01  1.076187E-03
  4.500000E-01  1.004975E-03
  5.500000E-01  1.174204E-03
  6.500000E-01  1.095391E-03
  7.500000E-01  9.305619E-04
  8.500000E-01  1.136198E-03
  9.500000E-01  9.849714E-04
  1.050000E+00  1.067386E-03
  1.150000E+00  1.098991E-03
  1.250000E+00  1.379840E-03
  1.350000E+00  1.165803E-03
  1.450000E+00  1.159402E-03
  1.550000E+00  1.271821E-03
  1.650000E+00  1.166603E-03
  1.750000E+00  9.517656E-04
  1.850000E+00  1.126196E-03
  1.950000E+00  1.297426E-03
  2.050000E+00  1.120195E-03
  2.150000E+00  1.162202E-03
  2.250000E+00  1.189007E-03
  2.350000E+00  7.509307E-04
  2.450000E+00  7.485303E-04
  2.550000E+00  9.289616E-04
  2.650000E+00  7.805358E-04
  2.750000E+00  6.609150E-04
  2.850000E+00  7.421291E-04
  2.950000E+00  6.425118E-04
  3.050000E+00  7.393286E-04
  3.150000E+00  7.165247E-04
  3.250000E+00  5.953036E-04
  3.350000E+00  4.616803E-04
  3.450000E+00  4.824840E-04
  3.550000E+00  6.957211E-04
  3.650000E+00  1.043782E-03
  3.750000E+00  8.613499E-04
  3.850000E+00  6.957211E-04
  3.950000E+00  6.317099E-04
  4.050000E+00  6.297096E-04
  4.150000E+00  6.561142E-04
  4.250000E+00  9.109585E-04
  4.350000E+00  6.909202E-04
  4.450000E+00  7.065229E-04
  4.550000E+00  8.073405E-04
  4.650000E+00  8.209429E-04
  4.750000E+00  6.713168E-04
  4.850000E+00  5.312924E-04
  4.950000E+00  5.156897E-04
  5.050000E+00  7.189251E-04
  5.150000E+00  7.261264E-04
  5.250000E+00  5.596974E-04
  5.350000E+00  6.373109E-04
  5.450000E+00  5.640982E-04
  5.550000E+00  5.116890E-04
  5.650000E+00  4.952862E-04
  5.750000E+00  4.396765E-04
  5.850000E+00  4.572796E-04
  5.950000E+00  4.216734E-04
  6.050000E+00  3.576622E-04
  6.150000E+00  4.780832E-04
  6.250000E+00  4.024700E-04
  6.350000E+00  4.212733E-04
HW      
 -6.350000E+00  1.413846E-03
 -6.250000E+00  1.414246E-03
 -6.150000E+00  1.397843E-03
 -6.050000E+00  1.314629E-03
 -5.950000E+00  1.390242E-03
 -5.850000E+00  1.346634E-03
 -5.750000E+00  1.227014E-03
 -5.650000E+00  1.199809E-03
 -5.550000E+00  1.166203E-03
 -5.450000E+00  1.183806E-03
 -5.350000E+00  1.201409E-03
 -5.250000E+00  1.441451E-03
 -5.150000E+00  1.358636E-03
 -5.050000E+00  1.276622E-03
 -4.950000E+00  1.307828E-03
 -4.850000E+00  1.353436E-03
 -4.750000E+00  1.138998E-03
 -4.650000E+00  1.209811E-03
 -4.550000E+00  1.255418E-03
 -4.450000E+00  1.309428E-03
 -4.350000E+00  1.340633E-03
 -4.250000E+00  1.181406E-03
 -4.150000E+00  1.326631E-03
 -4.050000E+00  1.360637E-03
 -3.950000E+00  1.254218E-03
 -3.850000E+00  1.350635E-03
 -3.750000E+00  1.393843E-03
 -3.650000E+00  1.561872E-03
 -3.550000E+00  1.600679E-03
 -3.450000E+00  1.554270E-03
 -3.350000E+00  1.405445E-03
 -3.250000E+00  1.350235E-03
 -3.150000E+00  1.392642E-03
 -3.050000E+00  1.437050E-03
 -2.950000E+00  1.698696E-03
 -2.850000E+00  1.757106E-03
 -2.750000E+00  1.785511E-03
 -2.650000E+00  1.826718E-03
 -2.550000E+00  1.860724E-03
 -2.450000E+00  1.872326E-03
 -2.350000E+00  1.724700E-03
 -2.250000E+00  1.735502E-03
 -2.150000E+00  1.559471E-03
 -2.050000E+00  1.696295E-03
 -1.950000E+00  1.744304E-03
 -1.850000E+00  1.706697E-03
 -1.750000E+00  1.712298E-03
 -1.650000E+00  2.113568E-03
 -1.550000E+00  2.199183E-03
 -1.450000E+00  2.423222E-03
 -1.350000E+00  2.065959E-03
 -1.250000E+00  2.000348E-03
 -1.150000E+00  1.938737E-03
 -1.050000E+00  2.026353E-03
 -9.500000E-01  2.178779E-03
 -8.500000E-01  2.239590E-03
 -7.500000E-01  2.357610E-03
 -6.500000E-01  2.216386E-03
 -5.500000E-01  2.296800E-03
 -4.500000E-01  2.332406E-03
 -3.500000E-01  2.271195E-03
 -2.500000E-01  2.231188E-03
 -1.500000E-01  2.195182E-03
 -5.000000E-02  2.214385E-03
  5.000000E-02  2.350809E-03
  1.500000E-01  2.479631E-03
  2.500000E-01  2.298400E-03
  3.500000E-01  2.327605E-03
  4.500000E-01  2.184380E-03
  5.500000E-01  2.138372E-03
  6.500000E-01  2.141973E-03
  7.500000E-01  2.205584E-03
  8.500000E-01  2.355610E-03
  9.500000E-01  2.545643E-03
  1.050000E+00  2.561246E-03
  1.150000E+00  2.515638E-03
  1.250000E+00  2.456828E-03
  1.350000E+00  2.134771E-03
  1.450000E+00  2.100766E-03
  1.550000E+00  2.193182E-03
  1.650000E+00  2.139972E-03
  1.750000E+00  2.038755E-03
  1.850000E+00  2.170778E-03
  1.950000E+00  2.104766E-03
  2.050000E+00  1.994347E-03
  2.150000E+00  2.081162E-03
  2.250000E+00  1.855523E-03
  2.350000E+00  1.813115E-03
  2.450000E+00  1.655488E-03
  2.550000E+00  1.599478E-03
  2.650000E+00  1.728701E-03
  2.750000E+00  1.645086E-03
  2.850000E+00  1.646687E-03
  2.950000E+00  1.760706E-03
  3.050000E+00  1.502261E-03
  3.150000E+00  1.403844E-03
  3.250000E+00  1.412646E-03
  3.350000E+00  1.448252E-03
  3.450000E+00  1.529066E-03
  3.550000E+00  1.301827E-03
  3.650000E+00  1.449852E-03
  3.750000E+00  1.342234E-03
  3.850000E+00  1.570273E-03
  3.950000E+00  1.444651E-03
  4.050000E+00  1.343834E-03
  4.150000E+00  1.345034E-03
  4.250000E+00  1.461054E-03
  4.350000E+00  1.414646E-03
  4.450000E+00  1.511063E-03
  4.550000E+00  1.298626E-03
  4.650000E+00  1.274622E-03
  4.750000E+00  1.252618E-03
  4.850000E+00  1.291025E-03
  4.950000E+00  1.215812E-03
  5.050000E+00  1.222213E-03
  5.150000E+00  1.164203E-03
  5.250000E+00  1.165003E-03
  5.350000E+00  1.179005E-03
  5.450000E+00  1.101392E-03
  5.550000E+00  1.062585E-03
  5.650000E+00  1.147000E-03
  5.750000E+00  1.162202E-03
  5.850000E+00  1.038581E-03
  5.950000E+00  9.313621E-04
  6.050000E+00  9.665682E-04
  6.150000E+00  9.485651E-04
  6.250000E+00  9.093582E-04
  6.350000E+00  8.769526E-04
