  2.513966E-02  0.000000E+00
  7.541899E-02  0.000000E+00
  1.256983E-01  0.000000E+00
  1.759777E-01  0.000000E+00
  2.262570E-01  0.000000E+00
  2.765363E-01  0.000000E+00
  3.268156E-01  0.000000E+00
  3.770950E-01  0.000000E+00
  4.273743E-01  0.000000E+00
  4.776536E-01  0.000000E+00
  5.279330E-01  0.000000E+00
  5.782123E-01  0.000000E+00
  6.284916E-01  0.000000E+00
  6.787709E-01  0.000000E+00
  7.290503E-01  0.000000E+00
  7.793296E-01  0.000000E+00
  8.296089E-01  0.000000E+00
  8.798883E-01  0.000000E+00
  9.301676E-01  0.000000E+00
  9.804469E-01  0.000000E+00
  1.030726E+00  0.000000E+00
  1.081006E+00  0.000000E+00
  1.131285E+00  0.000000E+00
  1.181564E+00  0.000000E+00
  1.231844E+00  0.000000E+00
  1.282123E+00  0.000000E+00
  1.332402E+00  0.000000E+00
  1.382682E+00  0.000000E+00
  1.432961E+00  0.000000E+00
  1.483240E+00  0.000000E+00
  1.533520E+00  0.000000E+00
  1.583799E+00  1.576989E-02
  1.634078E+00  3.851754E-02
  1.684358E+00  1.422212E-01
  1.734637E+00  2.550464E-01
  1.784916E+00  5.339114E-01
  1.835196E+00  1.376578E+00
  1.885475E+00  2.350129E+00
  1.935754E+00  4.233354E+00
  1.986034E+00  6.619309E+00
  2.036313E+00  9.566836E+00
  2.086592E+00  1.202067E+01
  2.136872E+00  1.493396E+01
  2.187151E+00  1.788896E+01
  2.237430E+00  2.000520E+01
  2.287709E+00  2.244776E+01
  2.337989E+00  2.374197E+01
  2.388268E+00  2.500832E+01
  2.438547E+00  2.512796E+01
  2.488827E+00  2.474885E+01
  2.539106E+00  2.412083E+01
  2.589385E+00  2.290412E+01
  2.639665E+00  2.112584E+01
  2.689944E+00  1.958793E+01
  2.740223E+00  1.725831E+01
  2.790503E+00  1.509862E+01
  2.840782E+00  1.338064E+01
  2.891061E+00  1.222353E+01
  2.941341E+00  1.137664E+01
  2.991620E+00  1.046527E+01
  3.041899E+00  1.039237E+01
  3.092179E+00  1.001414E+01
  3.142458E+00  1.017297E+01
  3.192737E+00  1.023930E+01
  3.243017E+00  1.056824E+01
  3.293296E+00  1.089508E+01
  3.343575E+00  1.128539E+01
  3.393855E+00  1.192615E+01
  3.444134E+00  1.255031E+01
  3.494413E+00  1.320450E+01
  3.544693E+00  1.389927E+01
  3.594972E+00  1.462558E+01
  3.645251E+00  1.500373E+01
  3.695531E+00  1.537341E+01
  3.745810E+00  1.556684E+01
  3.796089E+00  1.553167E+01
  3.846369E+00  1.505928E+01
  3.896648E+00  1.449235E+01
  3.946927E+00  1.367904E+01
  3.997207E+00  1.275870E+01
  4.047486E+00  1.202543E+01
  4.097765E+00  1.119687E+01
  4.148045E+00  1.063463E+01
  4.198324E+00  1.027909E+01
  4.248603E+00  9.750571E+00
  4.298883E+00  9.511836E+00
  4.349162E+00  9.415324E+00
  4.399441E+00  9.348920E+00
  4.449721E+00  9.255924E+00
  4.500000E+00  9.177229E+00
  4.550279E+00  9.060756E+00
  4.600559E+00  9.043227E+00
  4.650838E+00  8.881678E+00
  4.701117E+00  8.651900E+00
  4.751397E+00  8.565440E+00
  4.801676E+00  8.570251E+00
  4.851955E+00  8.367336E+00
  4.902235E+00  8.205140E+00
  4.952514E+00  8.118418E+00
  5.002793E+00  7.931713E+00
  5.053073E+00  7.713610E+00
  5.103352E+00  7.422925E+00
  5.153631E+00  7.130145E+00
  5.203911E+00  6.868276E+00
  5.254190E+00  6.775001E+00
  5.304469E+00  6.695259E+00
  5.354749E+00  6.548318E+00
  5.405028E+00  6.408098E+00
  5.455307E+00  6.354594E+00
  5.505587E+00  6.374010E+00
  5.555866E+00  6.205338E+00
  5.606145E+00  6.201020E+00
  5.656425E+00  6.161007E+00
  5.706704E+00  6.112202E+00
  5.756983E+00  6.041476E+00
  5.807263E+00  5.971334E+00
  5.857542E+00  5.893937E+00
  5.907821E+00  5.860010E+00
  5.958101E+00  5.768434E+00
  6.008380E+00  5.681500E+00
  6.058659E+00  5.489305E+00
  6.108939E+00  5.361156E+00
  6.159218E+00  5.312569E+00
  6.209497E+00  5.221549E+00
  6.259777E+00  5.059056E+00
  6.310056E+00  4.863502E+00
  6.360335E+00  4.672496E+00
  6.410615E+00  4.535956E+00
  6.460894E+00  4.432273E+00
  6.511173E+00  4.322468E+00
  6.561453E+00  4.142167E+00
  6.611732E+00  4.032350E+00
  6.662011E+00  3.957274E+00
  6.712291E+00  3.817255E+00
  6.762570E+00  3.724718E+00
  6.812849E+00  3.651704E+00
  6.863128E+00  3.603603E+00
  6.913408E+00  3.426393E+00
  6.963687E+00  3.384272E+00
  7.013966E+00  3.342842E+00
  7.064246E+00  3.235971E+00
  7.114525E+00  3.166322E+00
  7.164804E+00  3.098149E+00
  7.215084E+00  2.989765E+00
  7.265363E+00  2.929941E+00
  7.315642E+00  2.918042E+00
  7.365922E+00  2.794053E+00
  7.416201E+00  2.725943E+00
  7.466480E+00  2.681831E+00
  7.516760E+00  2.551271E+00
  7.567039E+00  2.501728E+00
  7.617318E+00  2.407994E+00
  7.667598E+00  2.270470E+00
  7.717877E+00  2.245633E+00
  7.768156E+00  2.159228E+00
  7.818436E+00  2.077183E+00
  7.868715E+00  2.027849E+00
  7.918994E+00  1.992843E+00
  7.969274E+00  1.919439E+00
  8.019553E+00  1.863213E+00
  8.069832E+00  1.796937E+00
  8.120112E+00  1.737674E+00
  8.170391E+00  1.691344E+00
  8.220670E+00  1.641683E+00
  8.270950E+00  1.619124E+00
  8.321229E+00  1.577449E+00
  8.371508E+00  1.496125E+00
  8.421788E+00  1.443286E+00
  8.472067E+00  1.417277E+00
  8.522346E+00  1.355939E+00
  8.572626E+00  1.320378E+00
  8.622905E+00  1.266930E+00
  8.673184E+00  1.233877E+00
  8.723464E+00  1.165629E+00
  8.773743E+00  1.128051E+00
  8.824022E+00  1.089422E+00
  8.874302E+00  1.033007E+00
  8.924581E+00  9.993468E-01
  8.974860E+00  9.676513E-01
