  2.513966E-02  0.000000E+00
  7.541899E-02  0.000000E+00
  1.256983E-01  0.000000E+00
  1.759777E-01  0.000000E+00
  2.262570E-01  0.000000E+00
  2.765363E-01  0.000000E+00
  3.268156E-01  0.000000E+00
  3.770950E-01  0.000000E+00
  4.273743E-01  0.000000E+00
  4.776536E-01  0.000000E+00
  5.279330E-01  0.000000E+00
  5.782123E-01  0.000000E+00
  6.284916E-01  0.000000E+00
  6.787709E-01  0.000000E+00
  7.290503E-01  0.000000E+00
  7.793296E-01  0.000000E+00
  8.296089E-01  0.000000E+00
  8.798883E-01  0.000000E+00
  9.301676E-01  0.000000E+00
  9.804469E-01  0.000000E+00
  1.030726E+00  0.000000E+00
  1.081006E+00  0.000000E+00
  1.131285E+00  0.000000E+00
  1.181564E+00  0.000000E+00
  1.231844E+00  0.000000E+00
  1.282123E+00  0.000000E+00
  1.332402E+00  0.000000E+00
  1.382682E+00  0.000000E+00
  1.432961E+00  0.000000E+00
  1.483240E+00  0.000000E+00
  1.533520E+00  1.345667E-02
  1.583799E+00  3.122437E-01
  1.634078E+00  2.503640E+00
  1.684358E+00  9.146777E+00
  1.734637E+00  2.077971E+01
  1.784916E+00  3.165474E+01
  1.835196E+00  3.555612E+01
  1.885475E+00  3.231205E+01
  1.935754E+00  2.656140E+01
  1.986034E+00  2.123194E+01
  2.036313E+00  1.619722E+01
  2.086592E+00  1.189529E+01
  2.136872E+00  9.089637E+00
  2.187151E+00  6.413961E+00
  2.237430E+00  5.040021E+00
  2.287709E+00  4.021217E+00
  2.337989E+00  3.389849E+00
  2.388268E+00  2.864395E+00
  2.438547E+00  2.661015E+00
  2.488827E+00  2.504774E+00
  2.539106E+00  2.685137E+00
  2.589385E+00  3.090463E+00
  2.639665E+00  3.965141E+00
  2.689944E+00  4.850511E+00
  2.740223E+00  6.506507E+00
  2.790503E+00  8.558255E+00
  2.840782E+00  1.119138E+01
  2.891061E+00  1.449160E+01
  2.941341E+00  1.745090E+01
  2.991620E+00  2.075903E+01
  3.041899E+00  2.361670E+01
  3.092179E+00  2.555417E+01
  3.142458E+00  2.611707E+01
  3.192737E+00  2.593279E+01
  3.243017E+00  2.462411E+01
  3.293296E+00  2.316380E+01
  3.343575E+00  2.199114E+01
  3.393855E+00  2.077151E+01
  3.444134E+00  1.965055E+01
  3.494413E+00  1.846971E+01
  3.544693E+00  1.753765E+01
  3.594972E+00  1.659933E+01
  3.645251E+00  1.540446E+01
  3.695531E+00  1.404788E+01
  3.745810E+00  1.281730E+01
  3.796089E+00  1.201497E+01
  3.846369E+00  1.119325E+01
  3.896648E+00  1.035965E+01
  3.946927E+00  1.006285E+01
  3.997207E+00  9.798421E+00
  4.047486E+00  9.559395E+00
  4.097765E+00  9.548181E+00
  4.148045E+00  9.536997E+00
  4.198324E+00  9.533483E+00
  4.248603E+00  9.304793E+00
  4.298883E+00  9.078565E+00
  4.349162E+00  8.896643E+00
  4.399441E+00  8.873503E+00
  4.449721E+00  8.666914E+00
  4.500000E+00  8.696253E+00
  4.550279E+00  8.614806E+00
  4.600559E+00  8.407723E+00
  4.650838E+00  8.357139E+00
  4.701117E+00  8.130287E+00
  4.751397E+00  8.053055E+00
  4.801676E+00  8.093249E+00
  4.851955E+00  8.078633E+00
  4.902235E+00  8.011222E+00
  4.952514E+00  7.903901E+00
  5.002793E+00  7.818854E+00
  5.053073E+00  7.822064E+00
  5.103352E+00  7.814213E+00
  5.153631E+00  7.632100E+00
  5.203911E+00  7.536755E+00
  5.254190E+00  7.490647E+00
  5.304469E+00  7.347350E+00
  5.354749E+00  7.313774E+00
  5.405028E+00  7.324586E+00
  5.455307E+00  7.096079E+00
  5.505587E+00  6.987684E+00
  5.555866E+00  6.952265E+00
  5.606145E+00  6.733968E+00
  5.656425E+00  6.680565E+00
  5.706704E+00  6.443590E+00
  5.756983E+00  6.242007E+00
  5.807263E+00  6.070809E+00
  5.857542E+00  5.935906E+00
  5.907821E+00  5.714019E+00
  5.958101E+00  5.581212E+00
  6.008380E+00  5.446771E+00
  6.058659E+00  5.259317E+00
  6.108939E+00  5.154656E+00
  6.159218E+00  4.995342E+00
  6.209497E+00  4.841106E+00
  6.259777E+00  4.703075E+00
  6.310056E+00  4.681282E+00
  6.360335E+00  4.587613E+00
  6.410615E+00  4.434494E+00
  6.460894E+00  4.359867E+00
  6.511173E+00  4.214597E+00
  6.561453E+00  4.113314E+00
  6.611732E+00  4.077960E+00
  6.662011E+00  3.965653E+00
  6.712291E+00  3.886797E+00
  6.762570E+00  3.888904E+00
  6.812849E+00  3.805464E+00
  6.863128E+00  3.643581E+00
  6.913408E+00  3.638122E+00
  6.963687E+00  3.485758E+00
  7.013966E+00  3.452528E+00
  7.064246E+00  3.334588E+00
  7.114525E+00  3.193678E+00
  7.164804E+00  3.065936E+00
  7.215084E+00  2.989461E+00
  7.265363E+00  2.940733E+00
  7.315642E+00  2.851219E+00
  7.365922E+00  2.817969E+00
  7.416201E+00  2.748097E+00
  7.466480E+00  2.684670E+00
  7.516760E+00  2.589220E+00
  7.567039E+00  2.533094E+00
  7.617318E+00  2.490219E+00
  7.667598E+00  2.384054E+00
  7.717877E+00  2.325729E+00
  7.768156E+00  2.221377E+00
  7.818436E+00  2.109801E+00
  7.868715E+00  2.043055E+00
  7.918994E+00  1.965591E+00
  7.969274E+00  1.910344E+00
  8.019553E+00  1.833195E+00
  8.069832E+00  1.754049E+00
  8.120112E+00  1.682235E+00
  8.170391E+00  1.575072E+00
  8.220670E+00  1.534321E+00
  8.270950E+00  1.479985E+00
  8.321229E+00  1.451070E+00
  8.371508E+00  1.395194E+00
  8.421788E+00  1.345341E+00
  8.472067E+00  1.291941E+00
  8.522346E+00  1.258440E+00
  8.572626E+00  1.198504E+00
  8.622905E+00  1.171160E+00
  8.673184E+00  1.125751E+00
  8.723464E+00  1.101478E+00
  8.773743E+00  1.046954E+00
  8.824022E+00  1.018087E+00
  8.874302E+00  1.011205E+00
  8.924581E+00  9.865322E-01
  8.974860E+00  9.595965E-01
