  2.513966E-02  0.000000E+00
  7.541899E-02  0.000000E+00
  1.256983E-01  0.000000E+00
  1.759777E-01  0.000000E+00
  2.262570E-01  0.000000E+00
  2.765363E-01  0.000000E+00
  3.268156E-01  0.000000E+00
  3.770950E-01  0.000000E+00
  4.273743E-01  0.000000E+00
  4.776536E-01  0.000000E+00
  5.279330E-01  0.000000E+00
  5.782123E-01  0.000000E+00
  6.284916E-01  0.000000E+00
  6.787709E-01  0.000000E+00
  7.290503E-01  0.000000E+00
  7.793296E-01  0.000000E+00
  8.296089E-01  0.000000E+00
  8.798883E-01  0.000000E+00
  9.301676E-01  0.000000E+00
  9.804469E-01  0.000000E+00
  1.030726E+00  0.000000E+00
  1.081006E+00  0.000000E+00
  1.131285E+00  0.000000E+00
  1.181564E+00  0.000000E+00
  1.231844E+00  0.000000E+00
  1.282123E+00  0.000000E+00
  1.332402E+00  0.000000E+00
  1.382682E+00  0.000000E+00
  1.432961E+00  0.000000E+00
  1.483240E+00  0.000000E+00
  1.533520E+00  0.000000E+00
  1.583799E+00  0.000000E+00
  1.634078E+00  0.000000E+00
  1.684358E+00  0.000000E+00
  1.734637E+00  0.000000E+00
  1.784916E+00  0.000000E+00
  1.835196E+00  0.000000E+00
  1.885475E+00  0.000000E+00
  1.935754E+00  0.000000E+00
  1.986034E+00  0.000000E+00
  2.036313E+00  0.000000E+00
  2.086592E+00  0.000000E+00
  2.136872E+00  0.000000E+00
  2.187151E+00  0.000000E+00
  2.237430E+00  0.000000E+00
  2.287709E+00  0.000000E+00
  2.337989E+00  0.000000E+00
  2.388268E+00  0.000000E+00
  2.438547E+00  0.000000E+00
  2.488827E+00  1.021835E-01
  2.539106E+00  1.413747E+00
  2.589385E+00  8.883163E+00
  2.639665E+00  2.806938E+01
  2.689944E+00  5.353057E+01
  2.740223E+00  7.265371E+01
  2.790503E+00  7.018927E+01
  2.840782E+00  5.928738E+01
  2.891061E+00  4.605430E+01
  2.941341E+00  3.470060E+01
  2.991620E+00  2.592713E+01
  3.041899E+00  1.939613E+01
  3.092179E+00  1.531165E+01
  3.142458E+00  1.261747E+01
  3.192737E+00  1.078262E+01
  3.243017E+00  9.818950E+00
  3.293296E+00  1.004083E+01
  3.343575E+00  9.817564E+00
  3.393855E+00  9.380460E+00
  3.444134E+00  8.977850E+00
  3.494413E+00  9.107533E+00
  3.544693E+00  9.405132E+00
  3.594972E+00  9.028801E+00
  3.645251E+00  9.572188E+00
  3.695531E+00  9.570724E+00
  3.745810E+00  9.823024E+00
  3.796089E+00  9.891775E+00
  3.846369E+00  1.078788E+01
  3.896648E+00  1.053421E+01
  3.946927E+00  1.084653E+01
  3.997207E+00  1.053775E+01
  4.047486E+00  1.060212E+01
  4.097765E+00  1.051695E+01
  4.148045E+00  1.047506E+01
  4.198324E+00  1.065121E+01
  4.248603E+00  1.090381E+01
  4.298883E+00  1.111263E+01
  4.349162E+00  1.118344E+01
  4.399441E+00  1.085570E+01
  4.449721E+00  1.097940E+01
  4.500000E+00  1.041503E+01
  4.550279E+00  1.036498E+01
  4.600559E+00  9.889943E+00
  4.650838E+00  9.751885E+00
  4.701117E+00  9.290939E+00
  4.751397E+00  9.172450E+00
  4.801676E+00  8.977247E+00
  4.851955E+00  8.568991E+00
  4.902235E+00  8.424409E+00
  4.952514E+00  8.545839E+00
  5.002793E+00  8.438154E+00
  5.053073E+00  8.256193E+00
  5.103352E+00  7.987376E+00
  5.153631E+00  7.893058E+00
  5.203911E+00  7.617394E+00
  5.254190E+00  7.709612E+00
  5.304469E+00  7.433677E+00
  5.354749E+00  7.019898E+00
  5.405028E+00  6.992819E+00
  5.455307E+00  6.544418E+00
  5.505587E+00  6.430653E+00
  5.555866E+00  5.986694E+00
  5.606145E+00  6.067091E+00
  5.656425E+00  5.968614E+00
  5.706704E+00  5.823089E+00
  5.756983E+00  5.713226E+00
  5.807263E+00  5.469265E+00
  5.857542E+00  5.329656E+00
  5.907821E+00  5.366273E+00
  5.958101E+00  5.219027E+00
  6.008380E+00  5.274067E+00
  6.058659E+00  5.122230E+00
  6.108939E+00  5.002643E+00
  6.159218E+00  5.078976E+00
  6.209497E+00  5.114434E+00
  6.259777E+00  4.759612E+00
  6.310056E+00  4.833496E+00
  6.360335E+00  4.628294E+00
  6.410615E+00  4.520554E+00
  6.460894E+00  4.489894E+00
  6.511173E+00  4.326760E+00
  6.561453E+00  4.382732E+00
  6.611732E+00  4.401757E+00
  6.662011E+00  4.435399E+00
  6.712291E+00  4.465435E+00
  6.762570E+00  4.193054E+00
  6.812849E+00  4.149803E+00
  6.863128E+00  4.009938E+00
  6.913408E+00  3.777674E+00
  6.963687E+00  3.889091E+00
  7.013966E+00  3.746685E+00
  7.064246E+00  3.584460E+00
  7.114525E+00  3.619011E+00
  7.164804E+00  3.306994E+00
  7.215084E+00  3.016059E+00
  7.265363E+00  2.939684E+00
  7.315642E+00  2.873986E+00
  7.365922E+00  2.687891E+00
  7.416201E+00  2.706234E+00
  7.466480E+00  2.601785E+00
  7.516760E+00  2.372729E+00
  7.567039E+00  2.195385E+00
  7.617318E+00  2.198680E+00
  7.667598E+00  2.109110E+00
  7.717877E+00  2.074813E+00
  7.768156E+00  1.958882E+00
  7.818436E+00  1.863355E+00
  7.868715E+00  1.915780E+00
  7.918994E+00  1.824912E+00
  7.969274E+00  1.754616E+00
  8.019553E+00  1.775497E+00
  8.069832E+00  1.692207E+00
  8.120112E+00  1.620437E+00
  8.170391E+00  1.579694E+00
  8.220670E+00  1.610540E+00
  8.270950E+00  1.670130E+00
  8.321229E+00  1.588304E+00
  8.371508E+00  1.492963E+00
  8.421788E+00  1.401565E+00
  8.472067E+00  1.233297E+00
  8.522346E+00  1.112029E+00
  8.572626E+00  1.121848E+00
  8.622905E+00  1.090075E+00
  8.673184E+00  1.061906E+00
  8.723464E+00  1.055107E+00
  8.773743E+00  9.998794E-01
  8.824022E+00  9.864850E-01
  8.874302E+00  9.447963E-01
  8.924581E+00  9.202733E-01
  8.974860E+00  8.541971E-01
