amber                                                                           
         2         2        60  -67685.8940783    
     25.196959335562      0.000000000000      0.000000000000
      0.000000000000     25.196959335562      0.000000000000
      0.000000000000      0.000000000000     25.196959335562
OW               1
     6.060418502         6.253507609       -0.8633848202    
  -4.69023793061      -5.43583509802       1.95009287179    
   9658.94462168      -6204.87671329      -6658.95124938    
HW               2
     5.952813134         7.119533254        -1.238778835    
  -14.3731438244      -14.0056589407      -15.0447294287    
  -2126.58696073       5772.86919279      -163.582408739    
HW               3
     5.454896563         6.225624264       -0.1319029728    
  -13.3221633145      -2.24462029178      -5.07378402481    
  -7307.94641397      -145.824012032       4879.81232950    
OW               4
     4.115073434         6.047387416         1.133897230    
  0.545778172575       4.62091782282      -1.05163368745    
   3431.79841956      -9984.21924678      -5992.72941229    
HW               5
     4.258011938         6.916745876         1.489262467    
   7.79659728110       3.64656750697      -1.58449826803    
  -2547.50048002       8727.41299657       5376.50813134    
HW               6
     3.310856865         5.745185074         1.539371578    
 -0.564421379047       10.5228307208       1.14512927244    
  -1286.86262688       1527.37033293       788.382749032    
OW               7
     6.542521873         11.41285633        0.1515638750    
  -1.04768326728      -2.43950387306       2.26760037344    
  -15791.7585430       3474.51017519      -1095.00814502    
HW               8
     6.941061002         10.72786132        0.6754421050    
   6.82891736245       6.36917925904       7.79325549572    
   4155.48430158      -5711.04519297       1522.07488443    
HW               9
     7.271325307         11.92318364       -0.1814700322    
  -7.18692897344       6.81080439428       3.00740967778    
   9318.82602598       765.566035849      -1849.38154111    
OW              10
     6.575837613         9.187503596        -1.891547559    
   8.53347306834      -2.92910354798      -5.92639189926    
  -10182.2655718      -6223.14342488      -6710.32333129    
HW              11
     6.274752129         9.894944802        -1.333538176    
   7.42975225335      -10.0891205832       2.55550269484    
   2348.53939910       3533.81667561       4517.66530937    
HW              12
     7.524079161         9.230129038        -1.852547170    
   8.41851552239      -8.80489068407       3.29058128256    
   8105.70730889       2684.78866287       3142.15410055    
OW              13
     9.385059626         9.717230901        -1.779835884    
  -3.48799869866      0.491298715845E-01  0.659702202605E-01
  -7346.89321498      -5636.44469517       9462.19718365    
HW              14
     9.890554517         9.749089381        -2.583552222    
   11.8679199974       2.82778345477       9.83417046125    
   4542.24571835      -2971.22786357      -6385.55036047    
HW              15
     9.455481695         10.58958951        -1.410334618    
  -9.78432528987      -1.48895725112       4.89724970110    
  -575.745843952       7108.36911790       1011.95756734    
OW              16
     7.601635474         4.669432017        -2.599851337    
   1.73273521491       5.23897528074     -0.908688731265E-01
   6766.76558184      -2221.48165478      -5820.06339170    
HW              17
     7.066004899         3.944506805        -2.899990178    
   10.7827051912      -6.39016395322       11.8463252388    
  -1790.77897449      -166.538087492       1265.84018411    
HW              18
     7.019618130         5.202956301        -2.071544948    
  0.658372888668      -4.79954676009       8.86321134199    
  -6313.38780441       2567.78495826       5236.56807714    
OW              19
     10.71995879         8.855583795        0.8061310557    
  -2.05997000345      -1.68885631370      0.332188288642    
   5466.71097689       3907.86633690       6660.11192676    
HW              20
     10.53803456         9.045613209       -0.1067174500    
  -3.25424670411      -11.9989115940      -1.57606469971    
  -2982.99165557      -1318.00747400      -4219.60578332    
HW              21
     10.28897449         8.026028410        0.9752179871    
   5.81324617863      -4.25538815905       7.80853331196    
  -3014.80075472      -3393.25389371      -3667.42511835    
OW              22
     8.861362086         12.28046724       -0.8802280357    
   2.05469681657       3.52383791962      -4.25690215082    
  -5103.37008377      -5826.25838946      -9903.48396191    
HW              23
     8.847477064        -12.29333712        -1.597155566    
   12.9170541429      -2.40372848411      -9.61953140840    
   1449.72824157       3080.68547917       118.210078469    
HW              24
     9.370425890        -12.49492899       -0.1978508780    
   12.2742427036     -0.880561206811      -9.15986337922    
   5580.16773557       4883.05067536       8310.46277392    
OW              25
     3.908716297         11.84173149        0.5910081198    
   1.73667231072      -1.32036510223       4.69341450239    
  -12569.7677845       332.468588374       6705.11113302    
HW              26
     3.611694249         11.67611327       -0.2960366969    
  -5.97349659889       6.79592646520       5.75974664506    
   2089.39079840       21.6576039605      -1057.28270400    
HW              27
     4.855529128         11.77593060        0.5495871322    
   1.56841353026       2.23135141459      -4.79490764045    
   9348.94045820      -962.701365850      -3701.16378811    
OW              28
     7.693536056         8.670687853         3.945885689    
 -0.899517963901       2.46102520597      -5.11219514891    
   7121.35389364       11553.9639193      -7480.67884011    
HW              29
     7.244526066         7.854703623         3.758643161    
   14.4328296088      -7.20024530552      0.223489795069    
  -4522.55056775      -8763.56359129       4504.62983002    
HW              30
     7.491545887         8.859541693         4.854749920    
  -20.1250275582       14.5066166835      -11.8879268059    
  -1497.50719721      -2276.88966888       1790.28111000    
OW              31
     10.56001771         8.621801178        -3.903857041    
  -1.89212334894      -2.85325657613      -3.13834749338    
   9105.91109670       15606.6057852      -740.961403145    
HW              32
     10.06054794         7.831985310        -4.074798085    
  0.648055898420      -4.42186731950      -3.31284677968    
  -4726.00007210      -10343.6162838      -642.212406933    
HW              33
     11.28342855         8.593199142        -4.518965705    
   9.76060568691      -10.7485097633       10.9332000918    
  -232.829187393      -2708.79208128      -798.708758873    
OW              34
     6.133540478         6.428203420         3.846321686    
  0.578020573138      -1.36463697629      0.735261204488    
   5059.07192781       1175.99358650       2275.27579756    
HW              35
     5.462691481         6.893246322         3.360320943    
  0.814068842240      -4.98233701405      -3.05226071728    
  -4979.45192979       1166.98362083      -2694.93636773    
HW              36
     6.046985295         5.520924190         3.578268351    
  -10.1243180659      -5.99837059775       19.8748595118    
  -1338.67033208      -1188.61848454      -1219.04563585    
OW              37
     4.470314086         8.421098672         2.315500968    
  -5.64694330550      -1.18825157027       2.44666486008    
   79.8113503916      -13213.2590350       922.422754628    
HW              38
     5.146589763         8.784827002         1.756168411    
   5.48019205254      -2.09145014696       15.3128783474    
   4232.87693947       5405.50350209      -2964.43764807    
HW              39
     4.090489675         9.169527073         2.760572128    
  -10.7978390283      -1.03439264565      -2.20784548836    
  -3584.61405919       8079.77056680       2619.30012913    
OW              40
     3.111727798         10.74389850         3.257542883    
   1.21652875082     -0.769258767118      0.882699317209    
   1838.87559453      -6120.82060660       4134.43888982    
HW              41
     3.346403541         11.19905849         2.457382476    
  -13.5993349213      -4.77537810193      -5.74140881695    
   22.4915188543       4808.28046986      -5821.90532954    
HW              42
     2.437432249         11.28073897         3.657077378    
   1.22087357937      -4.15956867530       5.44547247110    
  -297.591777870       1431.28089392      -995.690661530    
OW              43
     9.957633658        -12.29105277         1.495931716    
  -1.88367172597       1.23743237739       1.95240997395    
  -649.349032564       9831.36379624      -8453.25125576    
HW              44
     9.729101315         12.01920982         1.748996617    
   12.5827128721      -2.67343093875       1.31339202490    
   2022.21170317      -6427.35070078       7220.55013585    
HW              45
     10.21508728        -11.86330309         2.304169205    
   6.03707119255      0.342329593388     -0.969183863131E-01
   494.359711562      -2463.22052298       2480.32591762    
OW              46
     8.677008378         7.079779917       -0.1815881510    
   4.49237575057     -0.197355819376      0.376825184278    
   4562.85015427       4438.44729873       8717.53031945    
HW              47
     7.986942608         6.447934049       -0.3461482662    
   4.25773808707     -0.959200031995       4.28593485239    
  -4093.35839112      -3904.83169327      -4047.98159174    
HW              48
     9.147554898         7.149726625        -1.003897960    
  -1.71481007296       2.10919869990      -2.97888547706    
  -302.811669275      -1041.99807070      -4737.02599573    
OW              49
     8.936816713         6.571166351        -4.086622032    
  0.600650881445E-01 -0.479395521108      -4.61359006672    
   11899.4635972       2346.19099307      -4281.89672888    
HW              50
     8.530110295         5.795051822        -3.719557834    
  0.736742302484      -1.58453827831      -6.20052877318    
  -5160.18692549      -5289.85148478       4037.46120274    
HW              51
     8.212809722         7.124805103        -4.354573522    
 -0.445961928518       1.28096755517      0.390943830740    
  -9169.23755920       664.430156383      -3.79283295666    
OW              52
     10.01978453         10.48523845         2.866966797    
  -2.65578273389      0.666665492917      0.820425438445    
  -3347.06250397       11278.8418277       5140.79865262    
HW              53
     9.265696648         9.977166266         3.142128799    
  -8.64585379267       10.6041594955       2.75355672009    
  -1389.74933832      -4703.49052290       1378.63128721    
HW              54
     10.51819865         9.901867816         2.306822115    
  -9.66671066073      -7.25549802029       2.83278421761    
   2206.78068969      -6409.04787749      -5674.55223342    
OW              55
     6.753562266         8.287770667        -4.475270912    
 -0.405473393965       2.42100991940       2.81851773477    
   3280.05409698      -5905.86428313      -8787.14092688    
HW              56
     6.354299504         8.622642303        -3.680947153    
   12.2490813258       2.40221237072       9.18718942258    
  -750.403992705       3160.51838281       6767.24406703    
HW              57
     7.278216211         9.006232916        -4.808512907    
   9.36659998677      -3.84179338665       4.70114091766    
  -947.449927599       2204.99258710       1179.33194867    
OW              58
     7.001688478         8.878236677         1.066289896    
   1.22448910100       3.54822099374      0.959409990808    
  -10239.6498679       8095.16861143       2330.48682706    
HW              59
     7.244597526         8.886492595         1.984672732    
   7.90471163248       9.66981762428     -0.862516373369    
   4855.53509448      -2117.35769962       4939.11392967    
HW              60
     7.606596021         8.270447210        0.6574148292    
  -2.66968373605     -0.263158689658      0.863786417268    
   7124.23408801      -5992.95820873      -2866.10941490    
