amber                                                                           
         2         2        60  -19165.3766290    
     25.196959335562      0.000000000000      0.000000000000
      0.000000000000     25.196959335562      0.000000000000
      0.000000000000      0.000000000000     25.196959335562
OW               1
    -12.55206120        -5.037758076         9.991124939    
  0.738196080320      0.679801699189       5.14750275648    
  -782.710993924      -1010.43587387      -2765.19987753    
HW               2
    -11.62084561        -4.985856902         10.17180088    
  -1.04553634574      -11.8396363676       17.9373239082    
   2018.14189875       240.402567593       1931.55495731    
HW               3
     12.22380444        -4.918032054         10.83424164    
  -9.21985954992       5.86824452119     -0.562817134793    
   1136.31008013       541.775296824       2374.09605507    
OW               4
    -10.42395786        -8.179745636         6.625420057    
  0.993490148595       4.71873331971       5.05080262091    
  -481.108557480       2025.16752784       3041.36501828    
HW               5
    -9.888099043        -8.175051081         5.840988235    
  -14.5687161936       26.3360499126      -5.45063502587    
   452.769398614      -258.335150229      -1066.65130858    
HW               6
    -11.05571508        -8.875699256         6.487465835    
   8.28992871591      -1.93353153000       5.19643115741    
  -335.538092859      -809.087297181      -772.092620427    
OW               7
    -2.131134682         7.273447605         8.261718988    
  -2.45688969112      -10.7068837843       11.8643425120    
   4.23447819921      -947.501118930       2101.80889426    
HW               8
    -2.606741130         6.982640184         7.492479396    
  -9.25286515746      -34.0144426275       24.8774803399    
  -259.552004567      -163.507920746      -1064.44580352    
HW               9
    -1.987560551         8.202581729         8.125350952    
   15.0284763742      -19.1818969759      -27.4702250423    
  -213.334194318       1422.66742807      -441.562221681    
OW              10
     10.16701501        -5.688975605         9.002967402    
  -4.93105378600       3.52998966961      -2.46620389071    
  -8021.44848955      -2084.02040626      -1572.95748745    
HW              11
     11.07293538        -5.819716260         9.257359153    
  -9.36002021153      0.194006330548       11.5914148821    
   5271.74180689       2448.48563837       532.728460500    
HW              12
     9.983931185        -4.778830037         9.204499904    
  -1.19231511491       7.32705692729      -16.2177394215    
   1589.51330083      -217.016710971      -493.695906820    
OW              13
    -4.424060405         4.648439552         5.204978839    
  -2.42205270127      -6.64127201500       9.44418629486    
  -36.0291057650       699.743979254       358.999736924    
HW              14
    -5.314362149         4.474207680         5.486947026    
  -14.1161200516       6.08015621755      -19.6185614669    
  -21.3196639573      -127.289060463       17.7696727852    
HW              15
    -4.170277069         3.882012088         4.704296352    
  -12.4114642975       8.70763761331      -19.1147756445    
   336.510578847      -190.789229537      -162.978064466    
OW              16
    0.1567643158        -2.214535766        -8.011837911    
  -5.35219143968       1.74539462360       3.19155862093    
  -203.354937023       107.450094864       56.0233731940    
HW              17
   -0.3309126779        -1.447786419        -8.288905750    
  -10.1591949862      -3.07287423373      -1.68139764349    
   140.660494578      -67.2712954503      -76.1018686358    
HW              18
   -0.3950521549        -2.635823002        -7.363366138    
  -12.0441991007      -9.10047191363      -9.54914273013    
   108.818715104      -88.8970249891     -0.291225653260E-01
OW              19
    -5.533787451         1.582818386        -4.258937043    
   5.23707963697       6.55949455942       4.20844565902    
  -3764.37977278      -849.459187022      -2176.82075817    
HW              20
    -5.186390554         2.380682133        -3.877848028    
   18.0341599399      -1.55620116869       9.53411325616    
   2256.66077382       1377.44438377       1614.61437201    
HW              21
    -4.810637557         1.209146540        -4.748756983    
   3.11991388308      -8.72529711666       12.7431495089    
   2019.60634537      -124.259175847       295.714848606    
OW              22
    -11.19658204         10.76420168       -0.1703001906    
  -4.32190270816      -2.67597352542      0.186827702527    
  -5421.60926644       3780.76962265      -29.4230515060    
HW              23
    -10.96802259         10.08485605       -0.7937984696    
   8.54219055536      -4.42130381160       6.80415552917    
   6319.83699559      -1780.60967885       72.9618728816    
HW              24
    -10.45781291         10.81004666        0.4251982650    
  -4.73126778031       17.8420909416     -0.884919845031    
   4384.61092910      -1182.13256027      -1064.07076984    
OW              25
     10.43837766         9.915650318        -9.950840142    
  0.670570814737     -0.704299221840       2.28664031153    
   209.128198833       3.10897087837       47.5330228139    
HW              26
     10.36349932         9.449638338        -10.77529515    
   12.2123229273      -14.9887128618       9.31247007866    
  -100.826489249      -2.19679508425      -41.8411200865    
HW              27
     9.960466635         10.72610785        -10.08221607    
  -17.1001230660      -13.3090014225      -10.8266084838    
  -91.7495174589      -2.88813315045      -25.0547814028    
OW              28
    -8.185605358         10.69368285       -0.6236106580    
   7.51653205907      -6.33871563218      -2.03881417295    
  -1659.60894589       330.202981317       1127.62288530    
HW              29
    -7.544232943         11.38179110       -0.4907631271    
  -10.5955703405       11.4037722716      -6.49617494867    
   679.735975328       77.8328801365      -272.009491072    
HW              30
    -7.678753967         9.930051279       -0.8735476144    
   26.6442117747       8.52125097551      -8.65107597773    
   567.508060147      -718.128168583      -227.762408458    
OW              31
    -3.100087090         9.724147957         10.04656937    
   2.60977720182      0.886766593281E-01   4.30913168841    
   1128.70280639       2251.23433448      -1379.91388289    
HW              32
    -4.048819078         9.718527656         10.09531386    
   4.36522193617       18.7293918928       40.6252979918    
  -1278.97322348      -867.690876803       630.680841090    
HW              33
    -2.833504979         8.862104724         10.34374850    
  -2.32614328417     -0.573942585829       6.81476411568    
  -205.229639857      -1823.09960659       228.017285406    
OW              34
    -7.964738849        0.9077515852        -3.183005814    
 -0.979269804167      -9.83426127464      -4.62807427442    
  -8086.52533702      -2740.98621364       5336.33847436    
HW              35
    -8.345927011        0.6324483776        -4.008477635    
   6.30429333741       34.4580759976      -22.7634366065    
   1408.05124598       406.697883912       297.326952476    
HW              36
    -7.077306518         1.170401846        -3.397432237    
  -3.39630820690       14.3914764556       15.0427211993    
   6318.87151633       777.804364164      -4011.64116342    
OW              37
    0.5697804165         11.73014611        -11.34271064    
  -1.83595867043       7.49825879817       4.04328434606    
   35.2765790480       44.5874828193       504.023584986    
HW              38
     1.413113166         11.62803461        -11.76799068    
  -17.7467877326      -11.2513255134      -23.0061275413    
  -89.4985500578      -17.5174252112      -214.514582679    
HW              39
    0.2932381779        -12.58287576        -11.55408458    
 -0.662547308849       4.93870002338      -8.19563038900    
   6.64515990080      -54.1387098391      -247.925232638    
OW              40
    -5.321395532         1.100383949         1.885952031    
   1.72661009722       8.22948132541      -9.98373071227    
   635.795145604      -464.048224572       1995.98299104    
HW              41
    -5.620992674         1.369715422         2.746302023    
   2.15420298599       10.7098486565      -10.6113071458    
  -335.474312074      -225.356902978      -1059.65864715    
HW              42
    -5.824453239         1.625699964         1.274825186    
  -1.83313157718       3.21505824167      -11.3638063523    
  -212.632433202       885.939789953      -1626.56122640    
OW              43
    -6.497824647         10.65126935         11.63511748    
  -3.26751004837      -6.59384624424      -5.61786273983    
   616.035578920      -1080.52611646      -958.591361524    
HW              44
    -7.202668497         10.88999111         12.22563173    
   18.8082312080       13.0080333393       12.8076969133    
  -83.9333989333       268.608926277       233.630448477    
HW              45
    -5.800148832         11.26808851         11.82295405    
   19.2598389816      -26.7857860016      -22.9840837037    
   189.056311751       668.479630290       433.484526527    
OW              46
    -6.457021012         3.083979710        -1.319662978    
  -7.42359565555       1.64397207310      -9.05215643643    
   4375.60577613       839.363583188       3282.31442494    
HW              47
    -6.568474020         3.577271627        -2.123865261    
  -6.27975795111       15.6482521468     -0.620553891171    
  -3537.06994599      -163.939348640      -1638.68341995    
HW              48
    -7.173037279         2.459659784        -1.312930366    
   2.14086537585      -9.54100173976      -29.0581129860    
  -2569.17285576      -1276.55608748      -2914.00326635    
OW              49
    -10.04009870        -5.591245771         8.007216817    
   5.55014952735       9.03417628688      -1.07920748394    
   2079.27134265       5376.61558272       3669.92217679    
HW              50
    -10.22137640        -6.501583844         7.804922504    
   19.7014542279       5.13806698207       3.77244006204    
  -1288.20168118      -4796.73216839      -3114.70688853    
HW              51
    -10.88617913        -5.212265067         8.214633112    
   2.85779659507      -8.96718294547       20.8294890518    
  -1666.80578098      -1467.72172172      -1746.71241359    
OW              52
    -10.96631437         7.529066898       -0.5894811592    
  -5.30425713235      -3.21277343492      -7.02852747747    
   2557.11603465       1590.05353277      -814.351202010    
HW              53
    -11.74500125         8.001083676       -0.8603074969    
  -1.26423548763       19.5674032487       21.0585256493    
  -2984.05535345      -660.987447506       674.800038638    
HW              54
    -11.28809819         6.714463207       -0.2215464016    
  -13.5755601578      -12.0125623641      -33.7449816482    
  -922.426413989      -55.3995616535       131.989028027    
OW              55
    -7.789854553         3.669431641        -4.443097340    
   6.09639113754      -1.90581412446      -4.30108847140    
   1676.53430537       2620.90448983       1248.48164164    
HW              56
    -8.119015559         4.321090210        -5.050957636    
   16.9932358970       8.25171434949      0.687597433673    
  -628.432698529       25.6322878954      -378.905970207    
HW              57
    -7.432631391         2.980402725        -4.990939249    
   31.2971222710       15.1280152162      -9.29252134190    
   255.494678620      -1118.67047953      -291.392685080    
OW              58
     11.54725966         9.970518915       -0.5629032790    
   3.56548576905      0.589152014357      0.409360189272    
  -12298.4060826      -8311.18582393      -3400.58050575    
HW              59
     12.40688849         10.35166513       -0.4277521232    
 -0.241993833232       1.21167364037       22.8712285972    
   7491.90179102       5853.79998678       3112.80310010    
HW              60
     11.06842829         10.61684667        -1.068354505    
   14.3642304613       2.80512290592      -6.98706900306    
   1309.26143593       1083.60825573       698.250425936    
