amber                                                                           
         3       179
OW      OW      
  2.513966E-02  0.000000E+00
  7.541899E-02  0.000000E+00
  1.256983E-01  0.000000E+00
  1.759777E-01  0.000000E+00
  2.262570E-01  0.000000E+00
  2.765363E-01  0.000000E+00
  3.268156E-01  0.000000E+00
  3.770950E-01  0.000000E+00
  4.273743E-01  0.000000E+00
  4.776536E-01  0.000000E+00
  5.279330E-01  0.000000E+00
  5.782123E-01  0.000000E+00
  6.284916E-01  0.000000E+00
  6.787709E-01  0.000000E+00
  7.290503E-01  0.000000E+00
  7.793296E-01  0.000000E+00
  8.296089E-01  0.000000E+00
  8.798883E-01  0.000000E+00
  9.301676E-01  0.000000E+00
  9.804469E-01  0.000000E+00
  1.030726E+00  0.000000E+00
  1.081006E+00  0.000000E+00
  1.131285E+00  0.000000E+00
  1.181564E+00  0.000000E+00
  1.231844E+00  0.000000E+00
  1.282123E+00  0.000000E+00
  1.332402E+00  0.000000E+00
  1.382682E+00  0.000000E+00
  1.432961E+00  0.000000E+00
  1.483240E+00  0.000000E+00
  1.533520E+00  0.000000E+00
  1.583799E+00  0.000000E+00
  1.634078E+00  0.000000E+00
  1.684358E+00  0.000000E+00
  1.734637E+00  0.000000E+00
  1.784916E+00  0.000000E+00
  1.835196E+00  0.000000E+00
  1.885475E+00  0.000000E+00
  1.935754E+00  0.000000E+00
  1.986034E+00  0.000000E+00
  2.036313E+00  0.000000E+00
  2.086592E+00  0.000000E+00
  2.136872E+00  0.000000E+00
  2.187151E+00  0.000000E+00
  2.237430E+00  0.000000E+00
  2.287709E+00  0.000000E+00
  2.337989E+00  6.947599E-03
  2.388268E+00  6.658158E-03
  2.438547E+00  3.618980E-02
  2.488827E+00  3.515114E-01
  2.539106E+00  1.238010E+00
  2.589385E+00  2.859416E+00
  2.639665E+00  5.302297E+00
  2.689944E+00  7.494017E+00
  2.740223E+00  9.886940E+00
  2.790503E+00  1.107422E+01
  2.840782E+00  1.158218E+01
  2.891061E+00  1.123508E+01
  2.941341E+00  1.163710E+01
  2.991620E+00  1.068557E+01
  3.041899E+00  9.589645E+00
  3.092179E+00  8.683221E+00
  3.142458E+00  7.353193E+00
  3.192737E+00  6.917893E+00
  3.243017E+00  6.373441E+00
  3.293296E+00  5.931124E+00
  3.343575E+00  5.331152E+00
  3.393855E+00  5.151285E+00
  3.444134E+00  4.424626E+00
  3.494413E+00  3.962321E+00
  3.544693E+00  3.622009E+00
  3.594972E+00  3.256442E+00
  3.645251E+00  3.016228E+00
  3.695531E+00  2.824870E+00
  3.745810E+00  2.832099E+00
  3.796089E+00  2.526092E+00
  3.846369E+00  2.482731E+00
  3.896648E+00  2.488691E+00
  3.946927E+00  2.725955E+00
  3.997207E+00  2.579371E+00
  4.047486E+00  2.378910E+00
  4.097765E+00  2.310713E+00
  4.148045E+00  2.298444E+00
  4.198324E+00  2.096127E+00
  4.248603E+00  2.247037E+00
  4.298883E+00  2.067027E+00
  4.349162E+00  2.127933E+00
  4.399441E+00  2.138438E+00
  4.449721E+00  2.100295E+00
  4.500000E+00  2.157086E+00
  4.550279E+00  2.026222E+00
  4.600559E+00  2.023147E+00
  4.650838E+00  2.153755E+00
  4.701117E+00  2.086738E+00
  4.751397E+00  2.116547E+00
  4.801676E+00  2.063394E+00
  4.851955E+00  2.142113E+00
  4.902235E+00  2.147915E+00
  4.952514E+00  1.899878E+00
  5.002793E+00  1.937247E+00
  5.053073E+00  1.979702E+00
  5.103352E+00  2.014039E+00
  5.153631E+00  2.015685E+00
  5.203911E+00  2.008009E+00
  5.254190E+00  1.933078E+00
  5.304469E+00  1.955994E+00
  5.354749E+00  1.913916E+00
  5.405028E+00  1.913790E+00
  5.455307E+00  1.850601E+00
  5.505587E+00  1.847233E+00
  5.555866E+00  1.890233E+00
  5.606145E+00  1.841173E+00
  5.656425E+00  1.951027E+00
  5.706704E+00  2.058683E+00
  5.756983E+00  1.914403E+00
  5.807263E+00  1.850428E+00
  5.857542E+00  1.801088E+00
  5.907821E+00  1.816444E+00
  5.958101E+00  1.854386E+00
  6.008380E+00  1.751067E+00
  6.058659E+00  1.599350E+00
  6.108939E+00  1.593145E+00
  6.159218E+00  1.511179E+00
  6.209497E+00  1.479911E+00
  6.259777E+00  1.516808E+00
  6.310056E+00  1.498296E+00
  6.360335E+00  1.493478E+00
  6.410615E+00  1.502333E+00
  6.460894E+00  1.520286E+00
  6.511173E+00  1.450017E+00
  6.561453E+00  1.448022E+00
  6.611732E+00  1.458951E+00
  6.662011E+00  1.518589E+00
  6.712291E+00  1.402078E+00
  6.762570E+00  1.366774E+00
  6.812849E+00  1.352266E+00
  6.863128E+00  1.320028E+00
  6.913408E+00  1.361287E+00
  6.963687E+00  1.332041E+00
  7.013966E+00  1.283806E+00
  7.064246E+00  1.279168E+00
  7.114525E+00  1.325053E+00
  7.164804E+00  1.344376E+00
  7.215084E+00  1.254209E+00
  7.265363E+00  1.190383E+00
  7.315642E+00  1.176442E+00
  7.365922E+00  1.159153E+00
  7.416201E+00  1.156033E+00
  7.466480E+00  1.103389E+00
  7.516760E+00  1.156789E+00
  7.567039E+00  1.107531E+00
  7.617318E+00  1.086631E+00
  7.667598E+00  1.084270E+00
  7.717877E+00  1.094948E+00
  7.768156E+00  1.135470E+00
  7.818436E+00  1.108797E+00
  7.868715E+00  1.132293E+00
  7.918994E+00  1.158638E+00
  7.969274E+00  1.116755E+00
  8.019553E+00  1.044335E+00
  8.069832E+00  1.034472E+00
  8.120112E+00  1.001925E+00
  8.170391E+00  9.546435E-01
  8.220670E+00  9.556462E-01
  8.270950E+00  9.781130E-01
  8.321229E+00  9.817775E-01
  8.371508E+00  9.901608E-01
  8.421788E+00  1.006039E+00
  8.472067E+00  1.045899E+00
  8.522346E+00  1.077343E+00
  8.572626E+00  1.002729E+00
  8.622905E+00  1.076709E+00
  8.673184E+00  1.113823E+00
  8.723464E+00  1.052611E+00
  8.773743E+00  1.063194E+00
  8.824022E+00  1.007052E+00
  8.874302E+00  1.023643E+00
  8.924581E+00  9.918766E-01
  8.974860E+00  9.657063E-01
OW      HW      
  2.513966E-02  0.000000E+00
  7.541899E-02  0.000000E+00
  1.256983E-01  0.000000E+00
  1.759777E-01  0.000000E+00
  2.262570E-01  0.000000E+00
  2.765363E-01  0.000000E+00
  3.268156E-01  0.000000E+00
  3.770950E-01  0.000000E+00
  4.273743E-01  0.000000E+00
  4.776536E-01  0.000000E+00
  5.279330E-01  0.000000E+00
  5.782123E-01  0.000000E+00
  6.284916E-01  0.000000E+00
  6.787709E-01  0.000000E+00
  7.290503E-01  0.000000E+00
  7.793296E-01  0.000000E+00
  8.296089E-01  0.000000E+00
  8.798883E-01  0.000000E+00
  9.301676E-01  0.000000E+00
  9.804469E-01  0.000000E+00
  1.030726E+00  0.000000E+00
  1.081006E+00  0.000000E+00
  1.131285E+00  0.000000E+00
  1.181564E+00  0.000000E+00
  1.231844E+00  0.000000E+00
  1.282123E+00  0.000000E+00
  1.332402E+00  0.000000E+00
  1.382682E+00  2.482871E-03
  1.432961E+00  5.393987E-03
  1.483240E+00  7.192179E-03
  1.533520E+00  4.642550E-02
  1.583799E+00  2.315019E-01
  1.634078E+00  6.613165E-01
  1.684358E+00  1.216410E+00
  1.734637E+00  1.970431E+00
  1.784916E+00  2.920868E+00
  1.835196E+00  3.679645E+00
  1.885475E+00  4.209758E+00
  1.935754E+00  4.141720E+00
  1.986034E+00  4.233951E+00
  2.036313E+00  4.204905E+00
  2.086592E+00  4.215504E+00
  2.136872E+00  3.857638E+00
  2.187151E+00  3.712423E+00
  2.237430E+00  3.484869E+00
  2.287709E+00  3.379032E+00
  2.337989E+00  3.313715E+00
  2.388268E+00  3.132386E+00
  2.438547E+00  3.072674E+00
  2.488827E+00  3.103825E+00
  2.539106E+00  3.055755E+00
  2.589385E+00  2.984025E+00
  2.639665E+00  3.191643E+00
  2.689944E+00  3.378081E+00
  2.740223E+00  3.458617E+00
  2.790503E+00  3.535475E+00
  2.840782E+00  3.669872E+00
  2.891061E+00  3.939019E+00
  2.941341E+00  4.214297E+00
  2.991620E+00  4.572079E+00
  3.041899E+00  4.792599E+00
  3.092179E+00  4.931105E+00
  3.142458E+00  5.091855E+00
  3.192737E+00  5.102730E+00
  3.243017E+00  5.146598E+00
  3.293296E+00  5.227886E+00
  3.343575E+00  5.154646E+00
  3.393855E+00  5.284271E+00
  3.444134E+00  5.062947E+00
  3.494413E+00  5.046336E+00
  3.544693E+00  4.921197E+00
  3.594972E+00  4.838992E+00
  3.645251E+00  4.690110E+00
  3.695531E+00  4.385964E+00
  3.745810E+00  4.131873E+00
  3.796089E+00  3.897083E+00
  3.846369E+00  3.705806E+00
  3.896648E+00  3.483647E+00
  3.946927E+00  3.266657E+00
  3.997207E+00  3.123491E+00
  4.047486E+00  2.925823E+00
  4.097765E+00  2.833073E+00
  4.148045E+00  2.727839E+00
  4.198324E+00  2.705448E+00
  4.248603E+00  2.577359E+00
  4.298883E+00  2.470414E+00
  4.349162E+00  2.338835E+00
  4.399441E+00  2.301053E+00
  4.449721E+00  2.248147E+00
  4.500000E+00  2.246483E+00
  4.550279E+00  2.199252E+00
  4.600559E+00  2.183219E+00
  4.650838E+00  2.126613E+00
  4.701117E+00  2.133923E+00
  4.751397E+00  2.109327E+00
  4.801676E+00  2.048569E+00
  4.851955E+00  2.065888E+00
  4.902235E+00  1.988829E+00
  4.952514E+00  1.918459E+00
  5.002793E+00  1.897605E+00
  5.053073E+00  1.888290E+00
  5.103352E+00  1.890091E+00
  5.153631E+00  1.921788E+00
  5.203911E+00  1.902479E+00
  5.254190E+00  1.876961E+00
  5.304469E+00  1.833618E+00
  5.354749E+00  1.872194E+00
  5.405028E+00  1.821979E+00
  5.455307E+00  1.824600E+00
  5.505587E+00  1.828909E+00
  5.555866E+00  1.786319E+00
  5.606145E+00  1.805375E+00
  5.656425E+00  1.768031E+00
  5.706704E+00  1.790075E+00
  5.756983E+00  1.770069E+00
  5.807263E+00  1.731199E+00
  5.857542E+00  1.690907E+00
  5.907821E+00  1.685280E+00
  5.958101E+00  1.709245E+00
  6.008380E+00  1.712011E+00
  6.058659E+00  1.700872E+00
  6.108939E+00  1.673668E+00
  6.159218E+00  1.629811E+00
  6.209497E+00  1.656548E+00
  6.259777E+00  1.656414E+00
  6.310056E+00  1.621975E+00
  6.360335E+00  1.600345E+00
  6.410615E+00  1.538759E+00
  6.460894E+00  1.521386E+00
  6.511173E+00  1.467187E+00
  6.561453E+00  1.483969E+00
  6.611732E+00  1.490806E+00
  6.662011E+00  1.428134E+00
  6.712291E+00  1.400287E+00
  6.762570E+00  1.391549E+00
  6.812849E+00  1.358028E+00
  6.863128E+00  1.310621E+00
  6.913408E+00  1.322947E+00
  6.963687E+00  1.330083E+00
  7.013966E+00  1.323177E+00
  7.064246E+00  1.289156E+00
  7.114525E+00  1.253680E+00
  7.164804E+00  1.234728E+00
  7.215084E+00  1.223750E+00
  7.265363E+00  1.228605E+00
  7.315642E+00  1.218872E+00
  7.365922E+00  1.235596E+00
  7.416201E+00  1.201895E+00
  7.466480E+00  1.177843E+00
  7.516760E+00  1.156845E+00
  7.567039E+00  1.137599E+00
  7.617318E+00  1.158330E+00
  7.667598E+00  1.142166E+00
  7.717877E+00  1.121727E+00
  7.768156E+00  1.096921E+00
  7.818436E+00  1.104785E+00
  7.868715E+00  1.110978E+00
  7.918994E+00  1.105091E+00
  7.969274E+00  1.104222E+00
  8.019553E+00  1.094627E+00
  8.069832E+00  1.086594E+00
  8.120112E+00  1.054748E+00
  8.170391E+00  1.059680E+00
  8.220670E+00  1.041184E+00
  8.270950E+00  1.055073E+00
  8.321229E+00  1.037151E+00
  8.371508E+00  1.025340E+00
  8.421788E+00  1.027903E+00
  8.472067E+00  1.018495E+00
  8.522346E+00  1.010827E+00
  8.572626E+00  1.018297E+00
  8.622905E+00  1.021929E+00
  8.673184E+00  1.026355E+00
  8.723464E+00  1.021940E+00
  8.773743E+00  1.010446E+00
  8.824022E+00  1.014185E+00
  8.874302E+00  1.000797E+00
  8.924581E+00  9.844262E-01
  8.974860E+00  9.694587E-01
HW      HW      
  2.513966E-02  0.000000E+00
  7.541899E-02  0.000000E+00
  1.256983E-01  0.000000E+00
  1.759777E-01  0.000000E+00
  2.262570E-01  0.000000E+00
  2.765363E-01  0.000000E+00
  3.268156E-01  0.000000E+00
  3.770950E-01  0.000000E+00
  4.273743E-01  0.000000E+00
  4.776536E-01  0.000000E+00
  5.279330E-01  0.000000E+00
  5.782123E-01  0.000000E+00
  6.284916E-01  0.000000E+00
  6.787709E-01  0.000000E+00
  7.290503E-01  0.000000E+00
  7.793296E-01  0.000000E+00
  8.296089E-01  0.000000E+00
  8.798883E-01  0.000000E+00
  9.301676E-01  0.000000E+00
  9.804469E-01  0.000000E+00
  1.030726E+00  0.000000E+00
  1.081006E+00  0.000000E+00
  1.131285E+00  0.000000E+00
  1.181564E+00  0.000000E+00
  1.231844E+00  0.000000E+00
  1.282123E+00  0.000000E+00
  1.332402E+00  7.130054E-03
  1.382682E+00  9.103860E-03
  1.432961E+00  1.155854E-02
  1.483240E+00  3.236481E-02
  1.533520E+00  9.285101E-02
  1.583799E+00  1.349902E-01
  1.634078E+00  1.771807E-01
  1.684358E+00  2.905775E-01
  1.734637E+00  4.853770E-01
  1.784916E+00  6.272838E-01
  1.835196E+00  8.339338E-01
  1.885475E+00  1.120317E+00
  1.935754E+00  1.322158E+00
  1.986034E+00  1.508400E+00
  2.036313E+00  1.832467E+00
  2.086592E+00  2.347802E+00
  2.136872E+00  2.763624E+00
  2.187151E+00  3.078635E+00
  2.237430E+00  3.330934E+00
  2.287709E+00  3.574045E+00
  2.337989E+00  3.960710E+00
  2.388268E+00  4.247073E+00
  2.438547E+00  4.461191E+00
  2.488827E+00  4.778358E+00
  2.539106E+00  4.895835E+00
  2.589385E+00  5.047166E+00
  2.639665E+00  5.251654E+00
  2.689944E+00  5.212877E+00
  2.740223E+00  5.231969E+00
  2.790503E+00  5.043101E+00
  2.840782E+00  5.104212E+00
  2.891061E+00  4.885626E+00
  2.941341E+00  4.748012E+00
  2.991620E+00  4.549094E+00
  3.041899E+00  4.500682E+00
  3.092179E+00  4.334659E+00
  3.142458E+00  4.189532E+00
  3.192737E+00  4.096031E+00
  3.243017E+00  4.125735E+00
  3.293296E+00  3.995761E+00
  3.343575E+00  4.093482E+00
  3.393855E+00  4.124902E+00
  3.444134E+00  4.019355E+00
  3.494413E+00  4.013120E+00
  3.544693E+00  4.009775E+00
  3.594972E+00  4.015086E+00
  3.645251E+00  3.966063E+00
  3.695531E+00  3.803841E+00
  3.745810E+00  3.777748E+00
  3.796089E+00  3.719848E+00
  3.846369E+00  3.692543E+00
  3.896648E+00  3.581298E+00
  3.946927E+00  3.477838E+00
  3.997207E+00  3.389807E+00
  4.047486E+00  3.226906E+00
  4.097765E+00  3.090248E+00
  4.148045E+00  2.974035E+00
  4.198324E+00  2.889402E+00
  4.248603E+00  2.794682E+00
  4.298883E+00  2.667356E+00
  4.349162E+00  2.613486E+00
  4.399441E+00  2.537658E+00
  4.449721E+00  2.417417E+00
  4.500000E+00  2.340100E+00
  4.550279E+00  2.291346E+00
  4.600559E+00  2.205724E+00
  4.650838E+00  2.193260E+00
  4.701117E+00  2.146811E+00
  4.751397E+00  2.091664E+00
  4.801676E+00  2.049461E+00
  4.851955E+00  2.052982E+00
  4.902235E+00  2.051515E+00
  4.952514E+00  2.066717E+00
  5.002793E+00  2.042456E+00
  5.053073E+00  1.990361E+00
  5.103352E+00  1.998059E+00
  5.153631E+00  2.002458E+00
  5.203911E+00  1.945953E+00
  5.254190E+00  1.889915E+00
  5.304469E+00  1.874166E+00
  5.354749E+00  1.855913E+00
  5.405028E+00  1.823929E+00
  5.455307E+00  1.789559E+00
  5.505587E+00  1.821862E+00
  5.555866E+00  1.766890E+00
  5.606145E+00  1.743345E+00
  5.656425E+00  1.761107E+00
  5.706704E+00  1.762087E+00
  5.756983E+00  1.779045E+00
  5.807263E+00  1.749827E+00
  5.857542E+00  1.719639E+00
  5.907821E+00  1.696977E+00
  5.958101E+00  1.708754E+00
  6.008380E+00  1.685930E+00
  6.058659E+00  1.668885E+00
  6.108939E+00  1.648184E+00
  6.159218E+00  1.600653E+00
  6.209497E+00  1.580213E+00
  6.259777E+00  1.580574E+00
  6.310056E+00  1.546822E+00
  6.360335E+00  1.516987E+00
  6.410615E+00  1.498329E+00
  6.460894E+00  1.484349E+00
  6.511173E+00  1.494845E+00
  6.561453E+00  1.475037E+00
  6.611732E+00  1.450372E+00
  6.662011E+00  1.428919E+00
  6.712291E+00  1.442187E+00
  6.762570E+00  1.409161E+00
  6.812849E+00  1.375995E+00
  6.863128E+00  1.368472E+00
  6.913408E+00  1.353010E+00
  6.963687E+00  1.331454E+00
  7.013966E+00  1.319767E+00
  7.064246E+00  1.301523E+00
  7.114525E+00  1.297323E+00
  7.164804E+00  1.313026E+00
  7.215084E+00  1.261109E+00
  7.265363E+00  1.232293E+00
  7.315642E+00  1.202136E+00
  7.365922E+00  1.197010E+00
  7.416201E+00  1.195335E+00
  7.466480E+00  1.196520E+00
  7.516760E+00  1.194598E+00
  7.567039E+00  1.174382E+00
  7.617318E+00  1.152903E+00
  7.667598E+00  1.157454E+00
  7.717877E+00  1.140430E+00
  7.768156E+00  1.138302E+00
  7.818436E+00  1.154825E+00
  7.868715E+00  1.141085E+00
  7.918994E+00  1.134135E+00
  7.969274E+00  1.115858E+00
  8.019553E+00  1.098736E+00
  8.069832E+00  1.101417E+00
  8.120112E+00  1.088443E+00
  8.170391E+00  1.065037E+00
  8.220670E+00  1.062703E+00
  8.270950E+00  1.043970E+00
  8.321229E+00  1.042110E+00
  8.371508E+00  1.039633E+00
  8.421788E+00  1.023999E+00
  8.472067E+00  1.012674E+00
  8.522346E+00  1.002460E+00
  8.572626E+00  1.001007E+00
  8.622905E+00  9.976673E-01
  8.673184E+00  1.009252E+00
  8.723464E+00  9.949903E-01
  8.773743E+00  9.852636E-01
  8.824022E+00  9.815668E-01
  8.874302E+00  9.764636E-01
  8.924581E+00  9.848434E-01
  8.974860E+00  9.645669E-01
