amber                                                                           
         2       128
OW      
 -6.350000E+00  7.551314E-04
 -6.250000E+00  8.628301E-04
 -6.150000E+00  8.426666E-04
 -6.050000E+00  1.128916E-03
 -5.950000E+00  1.185926E-03
 -5.850000E+00  8.510681E-04
 -5.750000E+00  7.360881E-04
 -5.650000E+00  7.271265E-04
 -5.550000E+00  5.250914E-04
 -5.450000E+00  6.906802E-04
 -5.350000E+00  7.584920E-04
 -5.250000E+00  6.778780E-04
 -5.150000E+00  7.580919E-04
 -5.050000E+00  6.467125E-04
 -4.950000E+00  6.418317E-04
 -4.850000E+00  5.833815E-04
 -4.750000E+00  5.474953E-04
 -4.650000E+00  6.073857E-04
 -4.550000E+00  6.790782E-04
 -4.450000E+00  6.122665E-04
 -4.350000E+00  5.659785E-04
 -4.250000E+00  6.537938E-04
 -4.150000E+00  5.975040E-04
 -4.050000E+00  7.651331E-04
 -3.950000E+00  7.919778E-04
 -3.850000E+00  6.103062E-04
 -3.750000E+00  6.843591E-04
 -3.650000E+00  7.998192E-04
 -3.550000E+00  8.432267E-04
 -3.450000E+00  8.132215E-04
 -3.350000E+00  8.343452E-04
 -3.250000E+00  6.413116E-04
 -3.150000E+00  6.764777E-04
 -3.050000E+00  6.845991E-04
 -2.950000E+00  7.165647E-04
 -2.850000E+00  5.396939E-04
 -2.750000E+00  5.914229E-04
 -2.650000E+00  7.195252E-04
 -2.550000E+00  8.476275E-04
 -2.450000E+00  6.656758E-04
 -2.350000E+00  5.805810E-04
 -2.250000E+00  6.195878E-04
 -2.150000E+00  6.619152E-04
 -2.050000E+00  6.770778E-04
 -1.950000E+00  6.955210E-04
 -1.850000E+00  7.306471E-04
 -1.750000E+00  5.913429E-04
 -1.650000E+00  7.164047E-04
 -1.550000E+00  9.147592E-04
 -1.450000E+00  8.067004E-04
 -1.350000E+00  7.349279E-04
 -1.250000E+00  6.611150E-04
 -1.150000E+00  5.774205E-04
 -1.050000E+00  7.372083E-04
 -9.500000E-01  9.166795E-04
 -8.500000E-01  9.282415E-04
 -7.500000E-01  9.850114E-04
 -6.500000E-01  8.359055E-04
 -5.500000E-01  1.008896E-03
 -4.500000E-01  9.503254E-04
 -3.500000E-01  1.115754E-03
 -2.500000E-01  9.929328E-04
 -1.500000E-01  9.435242E-04
 -5.000000E-02  9.875318E-04
  5.000000E-02  9.563664E-04
  1.500000E-01  8.899949E-04
  2.500000E-01  8.228632E-04
  3.500000E-01  7.389286E-04
  4.500000E-01  6.183076E-04
  5.500000E-01  6.366708E-04
  6.500000E-01  8.024996E-04
  7.500000E-01  9.247609E-04
  8.500000E-01  7.783354E-04
  9.500000E-01  7.843365E-04
  1.050000E+00  6.483528E-04
  1.150000E+00  5.418543E-04
  1.250000E+00  6.747574E-04
  1.350000E+00  8.495078E-04
  1.450000E+00  6.603949E-04
  1.550000E+00  5.664986E-04
  1.650000E+00  6.539938E-04
  1.750000E+00  5.825414E-04
  1.850000E+00  7.564116E-04
  1.950000E+00  7.366082E-04
  2.050000E+00  7.252462E-04
  2.150000E+00  7.601323E-04
  2.250000E+00  6.849992E-04
  2.350000E+00  6.301096E-04
  2.450000E+00  5.538964E-04
  2.550000E+00  4.574396E-04
  2.650000E+00  4.870447E-04
  2.750000E+00  5.088085E-04
  2.850000E+00  4.516786E-04
  2.950000E+00  5.336529E-04
  3.050000E+00  5.104488E-04
  3.150000E+00  5.725396E-04
  3.250000E+00  6.343104E-04
  3.350000E+00  5.826614E-04
  3.450000E+00  5.400540E-04
  3.550000E+00  5.464951E-04
  3.650000E+00  5.209707E-04
  3.750000E+00  4.578797E-04
  3.850000E+00  5.408541E-04
  3.950000E+00  5.454149E-04
  4.050000E+00  5.972639E-04
  4.150000E+00  5.431745E-04
  4.250000E+00  4.799635E-04
  4.350000E+00  6.102662E-04
  4.450000E+00  6.148270E-04
  4.550000E+00  5.836616E-04
  4.650000E+00  5.801009E-04
  4.750000E+00  5.855819E-04
  4.850000E+00  5.963038E-04
  4.950000E+00  6.573944E-04
  5.050000E+00  4.007897E-04
  5.150000E+00  3.399792E-04
  5.250000E+00  3.531414E-04
  5.350000E+00  3.717047E-04
  5.450000E+00  3.067734E-04
  5.550000E+00  3.212959E-04
  5.650000E+00  2.983319E-04
  5.750000E+00  3.487807E-04
  5.850000E+00  3.934685E-04
  5.950000E+00  3.731449E-04
  6.050000E+00  5.230510E-04
  6.150000E+00  6.044252E-04
  6.250000E+00  6.916804E-04
  6.350000E+00  6.172274E-04
HW      
 -6.350000E+00  1.469056E-03
 -6.250000E+00  1.556791E-03
 -6.150000E+00  1.487219E-03
 -6.050000E+00  1.437370E-03
 -5.950000E+00  1.498421E-03
 -5.850000E+00  1.529346E-03
 -5.750000E+00  1.561632E-03
 -5.650000E+00  1.482578E-03
 -5.550000E+00  1.517464E-03
 -5.450000E+00  1.543789E-03
 -5.350000E+00  1.561952E-03
 -5.250000E+00  1.451533E-03
 -5.150000E+00  1.444931E-03
 -5.050000E+00  1.226693E-03
 -4.950000E+00  1.297826E-03
 -4.850000E+00  1.235855E-03
 -4.750000E+00  1.353195E-03
 -4.650000E+00  1.263060E-03
 -4.550000E+00  1.360597E-03
 -4.450000E+00  1.357996E-03
 -4.350000E+00  1.255939E-03
 -4.250000E+00  1.086469E-03
 -4.150000E+00  1.254938E-03
 -4.050000E+00  1.314629E-03
 -3.950000E+00  1.517864E-03
 -3.850000E+00  1.405004E-03
 -3.750000E+00  1.346594E-03
 -3.650000E+00  1.291505E-03
 -3.550000E+00  1.385761E-03
 -3.450000E+00  1.457254E-03
 -3.350000E+00  1.399564E-03
 -3.250000E+00  1.422408E-03
 -3.150000E+00  1.607360E-03
 -3.050000E+00  1.499341E-03
 -2.950000E+00  1.486739E-03
 -2.850000E+00  1.508342E-03
 -2.750000E+00  1.408885E-03
 -2.650000E+00  1.368598E-03
 -2.550000E+00  1.486139E-03
 -2.450000E+00  1.331472E-03
 -2.350000E+00  1.284023E-03
 -2.250000E+00  1.392882E-03
 -2.150000E+00  1.244737E-03
 -2.050000E+00  1.199129E-03
 -1.950000E+00  1.143319E-03
 -1.850000E+00  1.347915E-03
 -1.750000E+00  1.390602E-03
 -1.650000E+00  1.414046E-03
 -1.550000E+00  1.559071E-03
 -1.450000E+00  1.405885E-03
 -1.350000E+00  1.670011E-03
 -1.250000E+00  1.640846E-03
 -1.150000E+00  1.833959E-03
 -1.050000E+00  1.712858E-03
 -9.500000E-01  1.678812E-03
 -8.500000E-01  1.620962E-03
 -7.500000E-01  1.668650E-03
 -6.500000E-01  1.571233E-03
 -5.500000E-01  1.601599E-03
 -4.500000E-01  1.640966E-03
 -3.500000E-01  1.851562E-03
 -2.500000E-01  1.858483E-03
 -1.500000E-01  1.846761E-03
 -5.000000E-02  1.805034E-03
  5.000000E-02  1.779190E-03
  1.500000E-01  1.683693E-03
  2.500000E-01  1.815076E-03
  3.500000E-01  1.836039E-03
  4.500000E-01  1.844121E-03
  5.500000E-01  1.779790E-03
  6.500000E-01  1.555031E-03
  7.500000E-01  1.407605E-03
  8.500000E-01  1.510063E-03
  9.500000E-01  1.406325E-03
  1.050000E+00  1.418327E-03
  1.150000E+00  1.460334E-03
  1.250000E+00  1.525225E-03
  1.350000E+00  1.417607E-03
  1.450000E+00  1.460374E-03
  1.550000E+00  1.501141E-03
  1.650000E+00  1.360077E-03
  1.750000E+00  1.334752E-03
  1.850000E+00  1.257779E-03
  1.950000E+00  1.176525E-03
  2.050000E+00  1.061745E-03
  2.150000E+00  1.110633E-03
  2.250000E+00  1.082588E-03
  2.350000E+00  1.142999E-03
  2.450000E+00  1.102632E-03
  2.550000E+00  1.236455E-03
  2.650000E+00  1.221373E-03
  2.750000E+00  1.240376E-03
  2.850000E+00  1.202689E-03
  2.950000E+00  1.208170E-03
  3.050000E+00  1.179965E-03
  3.150000E+00  1.103992E-03
  3.250000E+00  9.996940E-04
  3.350000E+00  9.539660E-04
  3.450000E+00  1.079468E-03
  3.550000E+00  1.224333E-03
  3.650000E+00  1.173284E-03
  3.750000E+00  1.267140E-03
  3.850000E+00  1.246857E-03
  3.950000E+00  1.309948E-03
  4.050000E+00  1.194688E-03
  4.150000E+00  1.050543E-03
  4.250000E+00  9.704089E-04
  4.350000E+00  8.767526E-04
  4.450000E+00  1.020898E-03
  4.550000E+00  9.751297E-04
  4.650000E+00  9.710090E-04
  4.750000E+00  9.337625E-04
  4.850000E+00  8.429067E-04
  4.950000E+00  1.049343E-03
  5.050000E+00  1.008095E-03
  5.150000E+00  1.001334E-03
  5.250000E+00  1.047142E-03
  5.350000E+00  1.079268E-03
  5.450000E+00  1.070346E-03
  5.550000E+00  9.101584E-04
  5.650000E+00  9.074779E-04
  5.750000E+00  9.251610E-04
  5.850000E+00  9.584468E-04
  5.950000E+00  1.058664E-03
  6.050000E+00  9.426040E-04
  6.150000E+00  8.491878E-04
  6.250000E+00  8.417065E-04
  6.350000E+00  9.890121E-04
