amber                                                                           
         2         2        60  -19893.1115796    
     25.196959335562      0.000000000000      0.000000000000
      0.000000000000     25.196959335562      0.000000000000
      0.000000000000      0.000000000000     25.196959335562
OW               1
     4.316064944         6.681156360         9.778578705    
  -1.08846980243      -2.18573343248       5.10096734831    
   1127.25527257       878.349032883      -1060.13551739    
HW               2
     3.500712683         6.855107344         10.23403643    
  -6.94269602695      -9.23020145421      -2.68870053945    
  -2419.42556135       582.222873070       412.136388006    
HW               3
     4.784742424         6.072306267         10.33727628    
   8.73367137089       19.5481104858       20.5462403931    
  -181.963505202      -459.273691299       127.365365741    
OW               4
    -4.639330106         7.827874772        -3.157885370    
  -3.05846341018      -5.04889191621       2.42448407362    
   206.686702270       279.454328642      -361.901923132    
HW               5
    -5.498423718         7.555502926        -3.458337933    
  -6.88082412028       4.29711969622       4.88136184335    
  -33.4419977497      -125.512487693       135.142592676    
HW               6
    -4.647171642         8.775969568        -3.217507189    
   11.1561000435      -5.62423465766      -8.59402356692    
  -113.710725512      -188.003694430       183.161087448    
OW               7
    -3.281779679         2.908079971        -7.796544676    
   9.35423770946       5.29312505028       10.1140681424    
   55.6573121857      -75.4088434229      -211.774829324    
HW               8
    -3.491017192         2.214846177        -8.411480908    
  -43.8472615529       26.1685923701       4.68288711840    
  -40.2674952434       18.5810842762       72.1466877349    
HW               9
    -2.804419428         3.552590908        -8.305693804    
 -0.154463038632       4.13471196058     -0.267341537279    
  -48.4707781544       26.2595325301       120.290114434    
OW              10
    -12.43400847        -7.208639752        -6.281497565    
  -6.02962854128     -0.333598411109       6.57799796724    
   194.779130024       76.9658464325      -151.567648185    
HW              11
     12.52517615        -6.338376070        -5.983832809    
   12.4716106082     -0.198946167463       20.9631203920    
  -81.2802767106      -34.2790986513       70.0052367931    
HW              12
     12.35166890        -7.800958489        -5.663027155    
  -8.16178251900      -1.45249587219       4.08853301014    
  -110.805892363      -64.2293860159       79.8794418490    
OW              13
     5.466549573         12.15082553       -0.8132482811    
   3.43852809193     -0.470608384800       5.46858909159    
   7181.14374687       1464.44665236      -549.812682381    
HW              14
     4.892045520         12.35425081        -1.541989145    
   9.82496424984       12.8283379526       4.14618272257    
  -2800.55703378      -262.351700405      -249.378205277    
HW              15
     4.913048463         11.70986930       -0.1794548484    
  0.883560623899      -24.0004290626      -13.1333682196    
  -4290.12277799      -909.006321617       989.199507375    
OW              16
     3.309438374         10.47351241         5.715974507    
  -1.17907975762      -3.66203595525       12.0019570804    
   5612.17671896      -6120.70796371      -5130.69083151    
HW              17
     3.256206081         11.38948566         5.962265685    
  -16.8440334271      -3.50368872381       8.02729895019    
  -2482.19166730       2424.53036149       1466.06938225    
HW              18
     2.625612099         10.04417015         6.216521045    
  -8.86154565345      -9.40943513425      -3.42332872620    
  -6832.42120051       3442.10846768       2143.18256480    
OW              19
     7.670994246        -1.721562935         1.814479407    
   2.18911883319       6.41731812505      -5.17351820664    
  -8.13770054674      -62.0979228949       60.2564093996    
HW              20
     6.817226257        -1.850146734         1.418188572    
   6.30601067463      -5.36479064003      -10.2200194106    
  -5.73325308212       41.1632670842      -32.3823935802    
HW              21
     7.524472753        -1.100127991         2.517935201    
  -10.0722812257       6.39265944429      -7.70563877197    
   4.81952893377       22.1227783352      -47.4264850555    
OW              22
     10.27685040         5.324754412         9.419715447    
  -4.55346970823       5.32103205086      -1.27585518432    
  -43.4423409566      -242.937259195       309.141868927    
HW              23
     10.17722771         6.186373241         9.032174081    
   23.9570163396       9.95147304361       1.68997979439    
  -73.0501785343       149.794362456      -185.944745666    
HW              24
     9.683532429         4.765672217         8.931964616    
  -38.6976946989       31.0868049937       10.7245292677    
   23.6566966296       156.507960784      -161.772169421    
OW              25
     4.731382389         8.937260321         7.623613643    
  -7.66554911339       1.23567822475       10.9040393361    
   2958.52348134       1133.57683042       2723.55525304    
HW              26
     4.321485684         9.262369179         6.830651525    
  0.438340181468      -17.0603802305     -0.786264640957    
  -711.764735114       1915.04207192      -3198.98762559    
HW              27
     4.129416231         8.284771405         7.961836870    
   5.57620796550      -16.2052336028      0.825157310683    
   85.2865005496      -2657.93533083       1486.06137521    
OW              28
     1.107621906        -10.12170704         6.193680478    
  -3.83917306513      -2.52574531645      -4.38819536044    
   1586.06840323       4151.36618251       2739.65386443    
HW              29
     1.596067888        -9.482932966         5.687826546    
  -13.2966499869       1.07172161565      -8.97746082947    
  -54.8425666211      -683.750801176      -398.014562431    
HW              30
    0.5565255407        -10.56709508         5.560891189    
  -10.5396757510      -2.81627217527       1.65176127688    
  -106.311485292      -4217.69052505      -1056.58091718    
OW              31
    -4.694456326         9.277776335         2.232339742    
   2.04737213044      -3.43193990051      -6.60184011906    
   131.373018561       666.901785290       333.795354863    
HW              32
    -4.395011908         9.174118909         3.127933498    
   14.8626193015       16.5253463859      -8.57676825113    
  -97.0260283250      -331.564611120      -119.205971367    
HW              33
    -4.787764279         10.21539538         2.111244139    
  -39.7539453613      -8.42186790483      -13.0286314884    
  -154.942749871      -340.291701993      -156.865092655    
OW              34
     5.729265107        -6.692050121        -11.60726413    
  -1.68616568458      -3.10069946455      -11.8181394972    
  -103.011188638       80.5176756632       59.5349119775    
HW              35
     5.601024871        -5.802315237        -11.91455272    
   5.93186516999      0.106766645934      -5.71034219486    
   49.8475010292      -53.0660424063      -22.6126493722    
HW              36
     6.172213558        -7.136979977        -12.32023965    
  -9.84245320089      -3.28161117070      -16.7724777885    
   50.5782645778      -34.0816366446      -21.8996565602    
OW              37
     4.333366600         10.16193725         10.72907257    
   5.15594771489      -3.64612916364      -3.73569250593    
  -5133.79117360       244.600037766       2845.86508999    
HW              38
     4.958855121         9.448496665         10.77668187    
   15.2137270397       6.91993154507       22.4615217252    
   2718.17645015      -711.620750426      -2438.92533678    
HW              39
     4.738679755         10.80680013         10.16129348    
   18.8639235714       4.02189033549       14.7589019905    
   2072.49621630      -165.001132101      -1807.35753094    
OW              40
     3.351346571         11.60773038         1.824350092    
   3.02996660101      -5.51932255943      -8.61305468681    
  -2512.64310863       12020.9964816      -8065.80870577    
HW              41
     4.280882211         11.49913172         1.987659072    
  0.786791818148       9.22817146980       13.9617547910    
  -69.6020947350      -2974.28461362       3410.16585497    
HW              42
     2.940183296         10.85581191         2.234305417    
   2.88455916165      0.895059131499E-01   1.52852727232    
   3096.35376032      -4631.86043228       870.167022317    
OW              43
     8.359669529         11.84681408        -1.695856281    
   7.38230542469     -0.369119268074      -8.56336448134    
   3247.59831098       118.278350695      -1696.95638890    
HW              44
     7.418581199         11.76003283        -1.792405587    
   6.86468109840      -7.64932023110       3.02568988194    
  -2756.71481634       209.644467973       2125.08187594    
HW              45
     8.526726846         11.69937590       -0.7723554268    
   24.5364026978      -41.0217018715      -18.1567071964    
  -1044.78915394       91.3867011748       421.770555170    
OW              46
     3.892471444         9.299055126         3.020939845    
   5.26868194214      -4.45075302753       1.52625457417    
   179.077819111      -3839.79552278      -4454.18244969    
HW              47
     3.425693891         9.730323453         3.727074637    
   14.0299923404       11.4010432581      -2.36364670205    
   666.125118847       482.532748846       7451.50818837    
HW              48
     4.544714076         8.758781436         3.451269813    
   9.22375835765       3.59509329218       5.63307901273    
   92.9179093461      -65.6282470141       2063.67940132    
OW              49
   -0.4069557911        -12.27892308         5.060476751    
  -4.56977149171       6.37823946156      -6.55417239135    
  -277.863269709       2646.07082683       422.145596129    
HW              50
    -1.221268486        -11.80304756         5.174219090    
  -13.0962755273      -14.6255651271       20.2780176272    
  -1524.02218043      -712.883385518      -307.922710456    
HW              51
   -0.4955636197         12.47534667         4.224609192    
  -1.20060370674       42.8492595050      -26.2269963025    
   185.445349442      -1209.48094110      -809.159698154    
OW              52
    0.5953898862         10.75439029         7.145796520    
  -3.59174824524       6.52132674758       1.19086425364    
   4409.22732619      -4146.78284672      -811.091978019    
HW              53
    0.6485560958         10.50587358         8.061172286    
   18.5762445669       46.0224701390       10.6275423075    
  -1333.99144292       504.303944340       1583.24387224    
HW              54
    0.6498813361E-01     11.54246737         7.135380680    
   14.9003015713       18.7183679317      -17.6273049947    
  -728.185560144       2516.74983852      -1014.49604042    
OW              55
     6.842805399        -11.34225767         1.077266967    
  -1.60621046942       1.65645727261       2.88824514331    
   2196.15398228       1484.97256679       4132.19659991    
HW              56
     6.797518018        -10.49667999        0.6466308839    
  -7.27714050330      -5.65833495066      -10.8783752659    
  -270.673014561      -610.959153016      -829.044190047    
HW              57
     6.574026015        -11.96949479        0.4163348742    
   2.65183973204      -10.9119122322       13.0842575007    
  -2558.82465083      -1579.47537317      -4069.20383293    
OW              58
     1.995714598         8.609238392         10.87436678    
 -0.753524844258     -0.695976834475     -0.689582122685    
  -5362.39506644      -7614.67316699      -1499.52377263    
HW              59
     2.307811566         8.280275918         11.70915967    
   17.7942068649      -30.5607092892      -19.3925050644    
   489.714618966       2917.29862163       699.072900859    
HW              60
     2.578547155         9.328149877         10.65995484    
   16.8613122264      -16.4120212235      -5.50248702828    
   5745.27753147       4377.88890326       1385.15217665    
