amber                                                                           
         2       128
OW      
 -6.350000E+00  3.624631E-04
 -6.250000E+00  5.048879E-04
 -6.150000E+00  4.984867E-04
 -6.050000E+00  5.376936E-04
 -5.950000E+00  5.809011E-04
 -5.850000E+00  5.280919E-04
 -5.750000E+00  6.265090E-04
 -5.650000E+00  5.472952E-04
 -5.550000E+00  4.624805E-04
 -5.450000E+00  3.432597E-04
 -5.350000E+00  3.760654E-04
 -5.250000E+00  3.712646E-04
 -5.150000E+00  4.696817E-04
 -5.050000E+00  3.560620E-04
 -4.950000E+00  4.352757E-04
 -4.850000E+00  5.168899E-04
 -4.750000E+00  5.809011E-04
 -4.650000E+00  5.376936E-04
 -4.550000E+00  4.776831E-04
 -4.450000E+00  5.753001E-04
 -4.350000E+00  5.961037E-04
 -4.250000E+00  4.688816E-04
 -4.150000E+00  4.856845E-04
 -4.050000E+00  5.056880E-04
 -3.950000E+00  5.040877E-04
 -3.850000E+00  4.176727E-04
 -3.750000E+00  4.696817E-04
 -3.650000E+00  4.072709E-04
 -3.550000E+00  4.176727E-04
 -3.450000E+00  3.848670E-04
 -3.350000E+00  3.504610E-04
 -3.250000E+00  3.496608E-04
 -3.150000E+00  4.120717E-04
 -3.050000E+00  5.176901E-04
 -2.950000E+00  4.224735E-04
 -2.850000E+00  4.480780E-04
 -2.750000E+00  4.344756E-04
 -2.650000E+00  5.849018E-04
 -2.550000E+00  1.309028E-03
 -2.450000E+00  6.785181E-04
 -2.350000E+00  6.025048E-04
 -2.250000E+00  8.025396E-04
 -2.150000E+00  7.129241E-04
 -2.050000E+00  6.913203E-04
 -1.950000E+00  5.704993E-04
 -1.850000E+00  7.657332E-04
 -1.750000E+00  8.033398E-04
 -1.650000E+00  7.065229E-04
 -1.550000E+00  6.185076E-04
 -1.450000E+00  5.000870E-04
 -1.350000E+00  6.169073E-04
 -1.250000E+00  6.601149E-04
 -1.150000E+00  6.673161E-04
 -1.050000E+00  1.008976E-03
 -9.500000E-01  7.769352E-04
 -8.500000E-01  6.665160E-04
 -7.500000E-01  9.321622E-04
 -6.500000E-01  9.769700E-04
 -5.500000E-01  9.889721E-04
 -4.500000E-01  8.889547E-04
 -3.500000E-01  9.753697E-04
 -2.500000E-01  1.015377E-03
 -1.500000E-01  9.849714E-04
 -5.000000E-02  9.889721E-04
  5.000000E-02  1.123395E-03
  1.500000E-01  9.569665E-04
  2.500000E-01  8.865543E-04
  3.500000E-01  8.905550E-04
  4.500000E-01  6.633154E-04
  5.500000E-01  7.857367E-04
  6.500000E-01  7.353280E-04
  7.500000E-01  7.433293E-04
  8.500000E-01  7.081232E-04
  9.500000E-01  5.937033E-04
  1.050000E+00  6.745174E-04
  1.150000E+00  7.681337E-04
  1.250000E+00  6.937207E-04
  1.350000E+00  8.193426E-04
  1.450000E+00  8.417465E-04
  1.550000E+00  8.521483E-04
  1.650000E+00  7.753349E-04
  1.750000E+00  8.273440E-04
  1.850000E+00  7.761351E-04
  1.950000E+00  7.569317E-04
  2.050000E+00  7.417291E-04
  2.150000E+00  8.345452E-04
  2.250000E+00  7.553314E-04
  2.350000E+00  7.649331E-04
  2.450000E+00  7.097235E-04
  2.550000E+00  6.233085E-04
  2.650000E+00  5.753001E-04
  2.750000E+00  6.361107E-04
  2.850000E+00  5.416943E-04
  2.950000E+00  5.745000E-04
  3.050000E+00  4.904853E-04
  3.150000E+00  5.897026E-04
  3.250000E+00  5.688990E-04
  3.350000E+00  6.201079E-04
  3.450000E+00  7.113238E-04
  3.550000E+00  5.937033E-04
  3.650000E+00  5.913029E-04
  3.750000E+00  5.736998E-04
  3.850000E+00  5.456950E-04
  3.950000E+00  8.673509E-04
  4.050000E+00  9.921726E-04
  4.150000E+00  9.489651E-04
  4.250000E+00  8.185424E-04
  4.350000E+00  6.257089E-04
  4.450000E+00  9.505654E-04
  4.550000E+00  8.729519E-04
  4.650000E+00  7.657332E-04
  4.750000E+00  6.873196E-04
  4.850000E+00  7.585320E-04
  4.950000E+00  7.641330E-04
  5.050000E+00  9.257611E-04
  5.150000E+00  6.585146E-04
  5.250000E+00  5.849018E-04
  5.350000E+00  6.073057E-04
  5.450000E+00  6.729171E-04
  5.550000E+00  5.688990E-04
  5.650000E+00  6.185076E-04
  5.750000E+00  4.880849E-04
  5.850000E+00  6.401114E-04
  5.950000E+00  7.657332E-04
  6.050000E+00  7.449296E-04
  6.150000E+00  6.953210E-04
  6.250000E+00  7.849366E-04
  6.350000E+00  8.489477E-04
HW      
 -6.350000E+00  8.505480E-04
 -6.250000E+00  8.409463E-04
 -6.150000E+00  8.385459E-04
 -6.050000E+00  8.745522E-04
 -5.950000E+00  8.849540E-04
 -5.850000E+00  1.019377E-03
 -5.750000E+00  1.061785E-03
 -5.650000E+00  1.004175E-03
 -5.550000E+00  9.497653E-04
 -5.450000E+00  9.001566E-04
 -5.350000E+00  8.337451E-04
 -5.250000E+00  9.329623E-04
 -5.150000E+00  1.073787E-03
 -5.050000E+00  1.003375E-03
 -4.950000E+00  9.121587E-04
 -4.850000E+00  1.069786E-03
 -4.750000E+00  1.205010E-03
 -4.650000E+00  1.107393E-03
 -4.550000E+00  9.609672E-04
 -4.450000E+00  9.353628E-04
 -4.350000E+00  9.441643E-04
 -4.250000E+00  9.289616E-04
 -4.150000E+00  9.361629E-04
 -4.050000E+00  9.657681E-04
 -3.950000E+00  8.873544E-04
 -3.850000E+00  9.585668E-04
 -3.750000E+00  8.937555E-04
 -3.650000E+00  9.321622E-04
 -3.550000E+00  9.833711E-04
 -3.450000E+00  9.529658E-04
 -3.350000E+00  8.841539E-04
 -3.250000E+00  9.425640E-04
 -3.150000E+00  1.000174E-03
 -3.050000E+00  1.057784E-03
 -2.950000E+00  1.197008E-03
 -2.850000E+00  1.191407E-03
 -2.750000E+00  1.050583E-03
 -2.650000E+00  1.173004E-03
 -2.550000E+00  1.265020E-03
 -2.450000E+00  1.304227E-03
 -2.350000E+00  1.213811E-03
 -2.250000E+00  1.288224E-03
 -2.150000E+00  1.345034E-03
 -2.050000E+00  1.313028E-03
 -1.950000E+00  1.424248E-03
 -1.850000E+00  1.364237E-03
 -1.750000E+00  1.462655E-03
 -1.650000E+00  1.501861E-03
 -1.550000E+00  1.473856E-03
 -1.450000E+00  1.435450E-03
 -1.350000E+00  1.405845E-03
 -1.250000E+00  1.263420E-03
 -1.150000E+00  1.479457E-03
 -1.050000E+00  1.441851E-03
 -9.500000E-01  1.717099E-03
 -8.500000E-01  1.701896E-03
 -7.500000E-01  1.554671E-03
 -6.500000E-01  1.808315E-03
 -5.500000E-01  1.785111E-03
 -4.500000E-01  1.805914E-03
 -3.500000E-01  1.801113E-03
 -2.500000E-01  1.781110E-03
 -1.500000E-01  1.733102E-03
 -5.000000E-02  1.672291E-03
  5.000000E-02  1.729101E-03
  1.500000E-01  1.770708E-03
  2.500000E-01  1.762707E-03
  3.500000E-01  1.789911E-03
  4.500000E-01  1.613881E-03
  5.500000E-01  1.717899E-03
  6.500000E-01  1.834719E-03
  7.500000E-01  1.680292E-03
  8.500000E-01  1.771508E-03
  9.500000E-01  1.837920E-03
  1.050000E+00  1.527466E-03
  1.150000E+00  1.397043E-03
  1.250000E+00  1.457854E-03
  1.350000E+00  1.349035E-03
  1.450000E+00  1.414646E-03
  1.550000E+00  1.497061E-03
  1.650000E+00  1.348235E-03
  1.750000E+00  1.428249E-03
  1.850000E+00  1.533867E-03
  1.950000E+00  1.558671E-03
  2.050000E+00  1.405044E-03
  2.150000E+00  1.544269E-03
  2.250000E+00  1.489859E-03
  2.350000E+00  1.369838E-03
  2.450000E+00  1.373039E-03
  2.550000E+00  1.230614E-03
  2.650000E+00  1.194608E-03
  2.750000E+00  1.239416E-03
  2.850000E+00  1.224213E-03
  2.950000E+00  1.278622E-03
  3.050000E+00  1.355436E-03
  3.150000E+00  1.306627E-03
  3.250000E+00  1.252218E-03
  3.350000E+00  1.280223E-03
  3.450000E+00  1.472256E-03
  3.550000E+00  1.453053E-03
  3.650000E+00  1.508262E-03
  3.750000E+00  1.412246E-03
  3.850000E+00  1.523465E-03
  3.950000E+00  1.631484E-03
  4.050000E+00  1.637885E-03
  4.150000E+00  1.489059E-03
  4.250000E+00  1.580275E-03
  4.350000E+00  1.584276E-03
  4.450000E+00  1.470656E-03
  4.550000E+00  1.558671E-03
  4.650000E+00  1.471456E-03
  4.750000E+00  1.491460E-03
  4.850000E+00  1.325031E-03
  4.950000E+00  1.445051E-03
  5.050000E+00  1.346634E-03
  5.150000E+00  1.269821E-03
  5.250000E+00  1.250618E-03
  5.350000E+00  1.388242E-03
  5.450000E+00  1.480258E-03
  5.550000E+00  1.590677E-03
  5.650000E+00  1.617882E-03
  5.750000E+00  1.503462E-03
  5.850000E+00  1.393843E-03
  5.950000E+00  1.497061E-03
  6.050000E+00  1.634684E-03
  6.150000E+00  1.527466E-03
  6.250000E+00  1.646687E-03
  6.350000E+00  1.492260E-03
