8.000000E-03 -9.849623E+01
1.600000E-02 -1.331119E+02
2.400000E-02 -2.006383E+02
3.200000E-02 -2.655729E+02
4.000000E-02 -2.403925E+02
4.800000E-02 -2.200603E+02
5.600000E-02 -2.856505E+02
6.400000E-02 -2.571769E+02
7.200000E-02 -2.386142E+02
8.000000E-02 -2.587994E+02
8.800000E-02 -3.085432E+02
9.600000E-02 -3.528730E+02
1.040000E-01 -3.445818E+02
1.120000E-01 -3.537433E+02
1.200000E-01 -3.858724E+02
1.280000E-01 -3.618596E+02
1.360000E-01 -3.549590E+02
1.440000E-01 -3.423116E+02
1.520000E-01 -3.401194E+02
1.600000E-01 -3.608190E+02
1.680000E-01 -3.523904E+02
1.760000E-01 -3.458806E+02
1.840000E-01 -3.664279E+02
1.920000E-01 -3.746687E+02
2.000000E-01 -3.948529E+02
2.080000E-01 -4.126457E+02
2.160000E-01 -3.824195E+02
2.240000E-01 -3.683738E+02
2.320000E-01 -4.013724E+02
2.400000E-01 -4.318173E+02
2.480000E-01 -4.244733E+02
2.560000E-01 -4.263647E+02
2.640000E-01 -4.337385E+02
2.720000E-01 -4.275951E+02
2.800000E-01 -4.301889E+02
2.880000E-01 -4.474881E+02
2.960000E-01 -4.583825E+02
3.040000E-01 -4.509926E+02
3.120000E-01 -4.656229E+02
3.200000E-01 -4.944254E+02
3.280000E-01 -4.906904E+02
3.360000E-01 -4.886740E+02
3.440000E-01 -4.899273E+02
3.520000E-01 -4.930927E+02
3.600000E-01 -5.075297E+02
3.680000E-01 -5.133852E+02
3.760000E-01 -5.190506E+02
3.840000E-01 -5.219285E+02
3.920000E-01 -5.245709E+02
4.000000E-01 -5.375957E+02
4.080000E-01 -5.404098E+02
4.160000E-01 -5.356027E+02
4.240000E-01 -5.482886E+02
4.320000E-01 -5.491418E+02
4.400000E-01 -5.451964E+02
4.480000E-01 -5.558383E+02
4.560000E-01 -5.465663E+02
4.640000E-01 -5.582099E+02
4.720000E-01 -5.823338E+02
4.800000E-01 -5.890718E+02
4.880000E-01 -5.964548E+02
4.960000E-01 -6.024405E+02
5.040000E-01 -6.061699E+02
5.120000E-01 -6.139518E+02
5.200000E-01 -6.055365E+02
5.280000E-01 -5.942756E+02
5.360000E-01 -6.035538E+02
5.440000E-01 -6.065266E+02
5.520000E-01 -5.970047E+02
5.600000E-01 -6.125870E+02
5.680000E-01 -6.193040E+02
5.760000E-01 -6.025083E+02
5.840000E-01 -6.209723E+02
5.920000E-01 -6.371679E+02
6.000000E-01 -6.210921E+02
6.080000E-01 -6.222597E+02
6.160000E-01 -6.282102E+02
6.240000E-01 -6.209273E+02
6.320000E-01 -6.289621E+02
6.400000E-01 -6.333176E+02
6.480000E-01 -6.268896E+02
6.560000E-01 -6.299533E+02
6.640000E-01 -6.379883E+02
6.720000E-01 -6.374726E+02
6.800000E-01 -6.349055E+02
6.880000E-01 -6.344939E+02
6.960000E-01 -6.374631E+02
7.040000E-01 -6.386311E+02
7.120000E-01 -6.297861E+02
7.200000E-01 -6.363975E+02
7.280000E-01 -6.490701E+02
7.360000E-01 -6.514455E+02
7.440000E-01 -6.593607E+02
7.520000E-01 -6.552610E+02
7.600000E-01 -6.478750E+02
7.680000E-01 -6.409109E+02
7.760000E-01 -6.395775E+02
7.840000E-01 -6.391136E+02
7.920000E-01 -6.365651E+02
8.000000E-01 -6.466765E+02
8.080000E-01 -6.449816E+02
8.160000E-01 -6.438974E+02
8.240000E-01 -6.509120E+02
8.320000E-01 -6.511764E+02
8.400000E-01 -6.494537E+02
8.480000E-01 -6.436242E+02
8.560000E-01 -6.356371E+02
8.640000E-01 -6.368142E+02
8.720000E-01 -6.369218E+02
8.800000E-01 -6.338918E+02
8.880000E-01 -6.266182E+02
8.960000E-01 -6.309939E+02
9.040000E-01 -6.365583E+02
9.120000E-01 -6.263691E+02
9.200000E-01 -6.321545E+02
9.280000E-01 -6.258729E+02
9.360000E-01 -6.193609E+02
9.440000E-01 -6.212146E+02
9.520000E-01 -6.183500E+02
9.600000E-01 -6.204876E+02
9.680000E-01 -6.281519E+02
9.760000E-01 -6.283620E+02
9.840000E-01 -6.312609E+02
9.920000E-01 -6.349443E+02
1.000000E+00 -6.335439E+02
1.008000E+00 -6.284101E+02
1.016000E+00 -6.202165E+02
1.024000E+00 -6.118208E+02
1.032000E+00 -6.106796E+02
1.040000E+00 -6.166148E+02
1.048000E+00 -6.074156E+02
1.056000E+00 -5.975495E+02
1.064000E+00 -6.054207E+02
1.072000E+00 -5.982396E+02
1.080000E+00 -6.003629E+02
1.088000E+00 -5.942710E+02
1.096000E+00 -5.813023E+02
1.104000E+00 -5.806906E+02
1.112000E+00 -5.770310E+02
1.120000E+00 -5.696985E+02
1.128000E+00 -5.646541E+02
1.136000E+00 -5.694859E+02
1.144000E+00 -5.680501E+02
1.152000E+00 -5.543881E+02
1.160000E+00 -5.473034E+02
1.168000E+00 -5.444586E+02
1.176000E+00 -5.584969E+02
1.184000E+00 -5.688513E+02
1.192000E+00 -5.515315E+02
1.200000E+00 -5.326847E+02
1.208000E+00 -5.343459E+02
1.216000E+00 -5.350841E+02
1.224000E+00 -5.334654E+02
1.232000E+00 -5.358163E+02
1.240000E+00 -5.320232E+02
1.248000E+00 -5.319653E+02
1.256000E+00 -5.240167E+02
1.264000E+00 -5.306180E+02
1.272000E+00 -5.254462E+02
1.280000E+00 -5.169143E+02
1.288000E+00 -5.140952E+02
1.296000E+00 -5.011015E+02
1.304000E+00 -4.989271E+02
1.312000E+00 -5.050140E+02
1.320000E+00 -4.897067E+02
1.328000E+00 -4.866491E+02
1.336000E+00 -4.721116E+02
1.344000E+00 -4.653232E+02
1.352000E+00 -4.861295E+02
1.360000E+00 -4.912094E+02
1.368000E+00 -4.777252E+02
1.376000E+00 -4.550400E+02
1.384000E+00 -4.415936E+02
1.392000E+00 -4.456258E+02
1.400000E+00 -4.401390E+02
1.408000E+00 -4.202593E+02
1.416000E+00 -4.471176E+02
1.424000E+00 -4.607178E+02
1.432000E+00 -4.588629E+02
1.440000E+00 -4.707125E+02
1.448000E+00 -4.661954E+02
1.456000E+00 -4.602153E+02
1.464000E+00 -4.656493E+02
1.472000E+00 -4.620417E+02
1.480000E+00 -4.638731E+02
1.488000E+00 -4.556362E+02
1.496000E+00 -4.354462E+02
1.504000E+00 -4.450959E+02
1.512000E+00 -4.586939E+02
1.520000E+00 -4.624377E+02
1.528000E+00 -4.611698E+02
1.536000E+00 -4.762963E+02
1.544000E+00 -4.776664E+02
1.552000E+00 -4.774886E+02
1.560000E+00 -4.911071E+02
1.568000E+00 -4.897304E+02
1.576000E+00 -4.809087E+02
1.584000E+00 -4.707842E+02
1.592000E+00 -4.547563E+02
1.600000E+00 -4.452643E+02
1.608000E+00 -4.570668E+02
1.616000E+00 -4.748219E+02
1.624000E+00 -4.850250E+02
1.632000E+00 -5.050182E+02
1.640000E+00 -5.020598E+02
1.648000E+00 -4.812601E+02
1.656000E+00 -4.930665E+02
1.664000E+00 -4.975957E+02
1.672000E+00 -4.959114E+02
1.680000E+00 -5.042135E+02
1.688000E+00 -5.130640E+02
1.696000E+00 -5.066081E+02
1.704000E+00 -5.020184E+02
1.712000E+00 -5.180193E+02
1.720000E+00 -5.250086E+02
1.728000E+00 -5.238812E+02
1.736000E+00 -5.347379E+02
1.744000E+00 -5.429977E+02
1.752000E+00 -5.360697E+02
1.760000E+00 -5.293703E+02
1.768000E+00 -5.463973E+02
1.776000E+00 -5.574806E+02
1.784000E+00 -5.506140E+02
1.792000E+00 -5.649215E+02
1.800000E+00 -5.587549E+02
1.808000E+00 -5.539182E+02
1.816000E+00 -5.675189E+02
1.824000E+00 -5.564448E+02
1.832000E+00 -5.600228E+02
1.840000E+00 -5.657386E+02
1.848000E+00 -5.554468E+02
1.856000E+00 -5.544585E+02
1.864000E+00 -5.464547E+02
1.872000E+00 -5.433885E+02
1.880000E+00 -5.602294E+02
1.888000E+00 -5.773322E+02
1.896000E+00 -5.787657E+02
1.904000E+00 -5.727656E+02
1.912000E+00 -5.853242E+02
1.920000E+00 -5.829262E+02
1.928000E+00 -5.661528E+02
1.936000E+00 -5.670911E+02
1.944000E+00 -5.721314E+02
1.952000E+00 -5.782787E+02
1.960000E+00 -5.776528E+02
1.968000E+00 -5.812732E+02
1.976000E+00 -5.927909E+02
1.984000E+00 -5.904587E+02
1.992000E+00 -5.916904E+02
2.000000E+00 -5.893382E+02
2.008000E+00 -5.805288E+02
2.016000E+00 -5.765322E+02
2.024000E+00 -5.788007E+02
2.032000E+00 -5.820195E+02
2.040000E+00 -5.865292E+02
2.048000E+00 -5.874181E+02
2.056000E+00 -5.899062E+02
2.064000E+00 -6.040356E+02
2.072000E+00 -6.074777E+02
2.080000E+00 -5.985858E+02
2.088000E+00 -6.018161E+02
2.096000E+00 -6.057586E+02
2.104000E+00 -5.906732E+02
2.112000E+00 -5.753885E+02
2.120000E+00 -5.900895E+02
2.128000E+00 -5.933414E+02
2.136000E+00 -5.922758E+02
2.144000E+00 -5.963036E+02
2.152000E+00 -6.056711E+02
2.160000E+00 -6.044283E+02
2.168000E+00 -5.860729E+02
2.176000E+00 -5.863848E+02
2.184000E+00 -5.835725E+02
2.192000E+00 -5.843190E+02
2.200000E+00 -5.842509E+02
2.208000E+00 -5.685987E+02
2.216000E+00 -5.761721E+02
2.224000E+00 -5.886410E+02
2.232000E+00 -5.855416E+02
2.240000E+00 -5.847369E+02
2.248000E+00 -5.883082E+02
2.256000E+00 -5.827034E+02
2.264000E+00 -5.803718E+02
2.272000E+00 -5.901187E+02
2.280000E+00 -5.943814E+02
2.288000E+00 -5.940553E+02
2.296000E+00 -5.800765E+02
2.304000E+00 -5.672748E+02
2.312000E+00 -5.745815E+02
2.320000E+00 -5.860347E+02
2.328000E+00 -5.768965E+02
2.336000E+00 -5.663203E+02
2.344000E+00 -5.795618E+02
2.352000E+00 -5.851996E+02
2.360000E+00 -5.815177E+02
2.368000E+00 -5.902474E+02
2.376000E+00 -6.024600E+02
2.384000E+00 -5.963129E+02
2.392000E+00 -5.912252E+02
2.400000E+00 -5.973307E+02
2.408000E+00 -5.953948E+02
2.416000E+00 -5.846662E+02
2.424000E+00 -5.763650E+02
2.432000E+00 -5.543525E+02
2.440000E+00 -5.488942E+02
2.448000E+00 -5.591464E+02
2.456000E+00 -5.579738E+02
2.464000E+00 -5.490299E+02
2.472000E+00 -5.486764E+02
2.480000E+00 -5.534497E+02
2.488000E+00 -5.570957E+02
2.496000E+00 -5.485850E+02
2.504000E+00 -5.313373E+02
2.512000E+00 -5.397494E+02
2.520000E+00 -5.634200E+02
2.528000E+00 -5.640338E+02
2.536000E+00 -5.541370E+02
2.544000E+00 -5.439037E+02
2.552000E+00 -5.352296E+02
2.560000E+00 -5.175203E+02
2.568000E+00 -5.132053E+02
2.576000E+00 -5.322908E+02
2.584000E+00 -5.498818E+02
2.592000E+00 -5.490106E+02
2.600000E+00 -5.296450E+02
2.608000E+00 -5.211279E+02
2.616000E+00 -5.310224E+02
2.624000E+00 -5.303314E+02
2.632000E+00 -5.370445E+02
2.640000E+00 -5.431205E+02
2.648000E+00 -5.518180E+02
2.656000E+00 -5.469803E+02
2.664000E+00 -5.254053E+02
2.672000E+00 -5.156167E+02
2.680000E+00 -5.214301E+02
2.688000E+00 -5.261999E+02
2.696000E+00 -5.207857E+02
2.704000E+00 -5.214947E+02
2.712000E+00 -5.336759E+02
2.720000E+00 -5.384755E+02
2.728000E+00 -5.177616E+02
2.736000E+00 -5.168863E+02
2.744000E+00 -5.366135E+02
2.752000E+00 -5.338281E+02
2.760000E+00 -5.424549E+02
2.768000E+00 -5.561990E+02
2.776000E+00 -5.596044E+02
2.784000E+00 -5.577625E+02
2.792000E+00 -5.336374E+02
2.800000E+00 -5.106384E+02
2.808000E+00 -5.195928E+02
2.816000E+00 -5.460887E+02
2.824000E+00 -5.579863E+02
2.832000E+00 -5.282899E+02
2.840000E+00 -5.381417E+02
2.848000E+00 -5.425682E+02
2.856000E+00 -5.287271E+02
2.864000E+00 -5.347100E+02
2.872000E+00 -5.318539E+02
2.880000E+00 -5.462710E+02
2.888000E+00 -5.344642E+02
2.896000E+00 -5.358797E+02
2.904000E+00 -5.386103E+02
2.912000E+00 -5.388128E+02
2.920000E+00 -5.669932E+02
2.928000E+00 -5.832425E+02
2.936000E+00 -5.563847E+02
2.944000E+00 -5.491664E+02
2.952000E+00 -5.622297E+02
2.960000E+00 -5.747338E+02
2.968000E+00 -5.767289E+02
2.976000E+00 -5.798441E+02
2.984000E+00 -5.843514E+02
2.992000E+00 -5.766175E+02
3.000000E+00 -5.663453E+02
3.008000E+00 -5.604698E+02
3.016000E+00 -5.644503E+02
3.024000E+00 -5.727260E+02
3.032000E+00 -5.826544E+02
3.040000E+00 -6.007247E+02
3.048000E+00 -5.964693E+02
3.056000E+00 -5.831044E+02
3.064000E+00 -5.880565E+02
3.072000E+00 -6.028888E+02
3.080000E+00 -5.964537E+02
3.088000E+00 -5.559155E+02
3.096000E+00 -5.768424E+02
3.104000E+00 -6.057648E+02
3.112000E+00 -6.018203E+02
3.120000E+00 -6.057273E+02
3.128000E+00 -5.888375E+02
3.136000E+00 -5.881985E+02
3.144000E+00 -5.962327E+02
3.152000E+00 -5.925181E+02
3.160000E+00 -6.198568E+02
3.168000E+00 -6.184618E+02
3.176000E+00 -6.121471E+02
3.184000E+00 -6.083598E+02
3.192000E+00 -6.051055E+02
3.200000E+00 -6.139312E+02
3.208000E+00 -6.107627E+02
3.216000E+00 -6.137984E+02
3.224000E+00 -6.179203E+02
3.232000E+00 -6.081165E+02
3.240000E+00 -6.056986E+02
3.248000E+00 -6.201389E+02
3.256000E+00 -6.169998E+02
3.264000E+00 -6.231849E+02
3.272000E+00 -6.287035E+02
3.280000E+00 -6.134256E+02
3.288000E+00 -6.124097E+02
3.296000E+00 -6.050215E+02
3.304000E+00 -6.074584E+02
3.312000E+00 -6.112458E+02
3.320000E+00 -6.151163E+02
3.328000E+00 -6.146456E+02
3.336000E+00 -6.289403E+02
3.344000E+00 -6.375524E+02
3.352000E+00 -6.202031E+02
3.360000E+00 -6.246812E+02
3.368000E+00 -6.411860E+02
3.376000E+00 -6.532032E+02
3.384000E+00 -6.402328E+02
3.392000E+00 -6.198346E+02
3.400000E+00 -6.320213E+02
3.408000E+00 -6.329404E+02
3.416000E+00 -6.347013E+02
3.424000E+00 -6.372117E+02
3.432000E+00 -6.442152E+02
3.440000E+00 -6.481595E+02
3.448000E+00 -6.390116E+02
3.456000E+00 -6.500305E+02
3.464000E+00 -6.535471E+02
3.472000E+00 -6.412971E+02
3.480000E+00 -6.334522E+02
3.488000E+00 -6.243195E+02
3.496000E+00 -6.270931E+02
3.504000E+00 -6.365561E+02
3.512000E+00 -6.421297E+02
3.520000E+00 -6.484411E+02
3.528000E+00 -6.378090E+02
3.536000E+00 -6.475721E+02
3.544000E+00 -6.544670E+02
3.552000E+00 -6.485152E+02
3.560000E+00 -6.513421E+02
3.568000E+00 -6.387477E+02
3.576000E+00 -6.323755E+02
3.584000E+00 -6.475685E+02
3.592000E+00 -6.566204E+02
3.600000E+00 -6.622344E+02
3.608000E+00 -6.398533E+02
3.616000E+00 -6.328892E+02
3.624000E+00 -6.428915E+02
3.632000E+00 -6.313236E+02
3.640000E+00 -6.314475E+02
3.648000E+00 -6.326503E+02
3.656000E+00 -6.399519E+02
3.664000E+00 -6.385093E+02
3.672000E+00 -6.215900E+02
3.680000E+00 -6.169247E+02
3.688000E+00 -6.427541E+02
3.696000E+00 -6.326554E+02
3.704000E+00 -6.159932E+02
3.712000E+00 -6.245716E+02
3.720000E+00 -5.991246E+02
3.728000E+00 -6.050841E+02
3.736000E+00 -6.322633E+02
3.744000E+00 -6.262685E+02
3.752000E+00 -6.135191E+02
3.760000E+00 -6.097962E+02
3.768000E+00 -6.116813E+02
3.776000E+00 -6.140218E+02
3.784000E+00 -6.169918E+02
3.792000E+00 -6.065909E+02
3.800000E+00 -6.015275E+02
3.808000E+00 -6.098791E+02
3.816000E+00 -6.159834E+02
3.824000E+00 -6.287899E+02
3.832000E+00 -6.329658E+02
3.840000E+00 -6.129196E+02
3.848000E+00 -5.975654E+02
3.856000E+00 -6.134543E+02
3.864000E+00 -6.103539E+02
3.872000E+00 -6.106417E+02
3.880000E+00 -6.298324E+02
3.888000E+00 -6.149845E+02
3.896000E+00 -6.020095E+02
3.904000E+00 -6.081871E+02
3.912000E+00 -5.980921E+02
3.920000E+00 -5.874476E+02
3.928000E+00 -5.929384E+02
3.936000E+00 -5.973424E+02
3.944000E+00 -5.823159E+02
3.952000E+00 -5.752297E+02
3.960000E+00 -5.767719E+02
3.968000E+00 -5.808827E+02
3.976000E+00 -5.812500E+02
3.984000E+00 -5.947777E+02
3.992000E+00 -5.797052E+02
4.000000E+00 -5.641918E+02
4.008000E+00 -5.913212E+02
4.016000E+00 -6.018420E+02
4.024000E+00 -6.029268E+02
4.032000E+00 -5.995104E+02
4.040000E+00 -5.857841E+02
4.048000E+00 -5.836735E+02
4.056000E+00 -5.993734E+02
4.064000E+00 -5.953660E+02
4.072000E+00 -5.886122E+02
4.080000E+00 -6.112381E+02
4.088000E+00 -5.763074E+02
4.096000E+00 -5.500197E+02
4.104000E+00 -5.671511E+02
4.112000E+00 -5.723106E+02
4.120000E+00 -5.694178E+02
4.128000E+00 -5.683768E+02
4.136000E+00 -5.733713E+02
4.144000E+00 -5.686632E+02
4.152000E+00 -5.560845E+02
4.160000E+00 -5.679698E+02
4.168000E+00 -5.689544E+02
4.176000E+00 -5.468148E+02
4.184000E+00 -5.363910E+02
4.192000E+00 -5.358599E+02
4.200000E+00 -5.257906E+02
4.208000E+00 -5.330665E+02
4.216000E+00 -5.413797E+02
4.224000E+00 -5.434141E+02
4.232000E+00 -5.349000E+02
4.240000E+00 -5.328842E+02
4.248000E+00 -5.493300E+02
4.256000E+00 -5.658285E+02
4.264000E+00 -5.626478E+02
4.272000E+00 -5.539980E+02
4.280000E+00 -5.582470E+02
4.288000E+00 -5.509682E+02
4.296000E+00 -5.568962E+02
4.304000E+00 -5.758548E+02
4.312000E+00 -5.516960E+02
4.320000E+00 -5.489254E+02
4.328000E+00 -5.497421E+02
4.336000E+00 -5.376112E+02
4.344000E+00 -5.369757E+02
4.352000E+00 -5.285266E+02
4.360000E+00 -5.486233E+02
4.368000E+00 -5.624137E+02
4.376000E+00 -5.379317E+02
4.384000E+00 -5.416233E+02
4.392000E+00 -5.456159E+02
4.400000E+00 -5.556867E+02
4.408000E+00 -5.409056E+02
4.416000E+00 -5.206817E+02
4.424000E+00 -5.411036E+02
4.432000E+00 -5.317866E+02
4.440000E+00 -5.225907E+02
4.448000E+00 -5.264992E+02
4.456000E+00 -5.269471E+02
4.464000E+00 -5.288455E+02
4.472000E+00 -5.385553E+02
4.480000E+00 -5.472963E+02
4.488000E+00 -5.261714E+02
4.496000E+00 -5.215424E+02
4.504000E+00 -5.260326E+02
4.512000E+00 -5.168007E+02
4.520000E+00 -5.267490E+02
4.528000E+00 -5.290695E+02
4.536000E+00 -5.231562E+02
4.544000E+00 -5.388365E+02
4.552000E+00 -5.495602E+02
4.560000E+00 -5.353245E+02
4.568000E+00 -5.281211E+02
4.576000E+00 -5.178342E+02
4.584000E+00 -5.174702E+02
4.592000E+00 -5.286234E+02
4.600000E+00 -5.352667E+02
4.608000E+00 -5.371868E+02
4.616000E+00 -5.415387E+02
4.624000E+00 -5.553728E+02
4.632000E+00 -5.536967E+02
4.640000E+00 -5.262587E+02
4.648000E+00 -5.259224E+02
4.656000E+00 -5.395672E+02
4.664000E+00 -5.414056E+02
4.672000E+00 -5.369371E+02
4.680000E+00 -5.721385E+02
4.688000E+00 -5.758856E+02
4.696000E+00 -5.406075E+02
4.704000E+00 -5.422955E+02
4.712000E+00 -5.650160E+02
4.720000E+00 -5.856180E+02
4.728000E+00 -5.625999E+02
4.736000E+00 -5.631343E+02
4.744000E+00 -5.650376E+02
4.752000E+00 -5.433183E+02
4.760000E+00 -5.557319E+02
4.768000E+00 -5.380688E+02
4.776000E+00 -5.364176E+02
4.784000E+00 -5.603090E+02
4.792000E+00 -5.679137E+02
4.800000E+00 -5.582169E+02
4.808000E+00 -5.624808E+02
4.816000E+00 -5.357660E+02
4.824000E+00 -5.544486E+02
4.832000E+00 -5.884043E+02
4.840000E+00 -5.728836E+02
4.848000E+00 -5.747904E+02
4.856000E+00 -5.564669E+02
4.864000E+00 -5.620908E+02
4.872000E+00 -5.848544E+02
4.880000E+00 -5.666875E+02
4.888000E+00 -5.471219E+02
4.896000E+00 -5.584549E+02
4.904000E+00 -5.553462E+02
4.912000E+00 -5.636540E+02
4.920000E+00 -5.855483E+02
4.928000E+00 -5.672673E+02
4.936000E+00 -5.502145E+02
4.944000E+00 -5.596671E+02
4.952000E+00 -5.813631E+02
4.960000E+00 -5.949228E+02
4.968000E+00 -5.829025E+02
4.976000E+00 -5.794079E+02
4.984000E+00 -5.799674E+02
4.992000E+00 -5.549537E+02
5.000000E+00 -5.763445E+02
5.008000E+00 -5.937716E+02
5.016000E+00 -5.830633E+02
5.024000E+00 -5.892943E+02
5.032000E+00 -5.864891E+02
5.040000E+00 -5.877850E+02
5.048000E+00 -5.720957E+02
5.056000E+00 -5.586329E+02
5.064000E+00 -5.626963E+02
5.072000E+00 -5.676726E+02
5.080000E+00 -6.021377E+02
5.088000E+00 -6.173019E+02
5.096000E+00 -6.107442E+02
5.104000E+00 -5.897842E+02
5.112000E+00 -5.989470E+02
5.120000E+00 -5.933655E+02
5.128000E+00 -5.871020E+02
5.136000E+00 -5.972350E+02
5.144000E+00 -5.944513E+02
5.152000E+00 -5.887120E+02
5.160000E+00 -5.856107E+02
5.168000E+00 -5.718873E+02
5.176000E+00 -5.728653E+02
5.184000E+00 -5.634869E+02
5.192000E+00 -5.554925E+02
5.200000E+00 -5.862411E+02
5.208000E+00 -5.983570E+02
5.216000E+00 -5.926032E+02
5.224000E+00 -5.838197E+02
5.232000E+00 -5.964351E+02
5.240000E+00 -6.086753E+02
5.248000E+00 -5.859943E+02
5.256000E+00 -5.979251E+02
5.264000E+00 -6.152737E+02
5.272000E+00 -6.170061E+02
5.280000E+00 -6.216260E+02
5.288000E+00 -6.030885E+02
5.296000E+00 -6.072522E+02
5.304000E+00 -6.191704E+02
5.312000E+00 -6.051484E+02
5.320000E+00 -6.103594E+02
5.328000E+00 -6.213444E+02
5.336000E+00 -6.219060E+02
5.344000E+00 -6.258351E+02
5.352000E+00 -6.335893E+02
5.360000E+00 -6.170945E+02
5.368000E+00 -6.216543E+02
5.376000E+00 -6.258251E+02
5.384000E+00 -6.068032E+02
5.392000E+00 -6.087979E+02
5.400000E+00 -6.374576E+02
5.408000E+00 -6.329195E+02
5.416000E+00 -6.171480E+02
5.424000E+00 -6.065811E+02
5.432000E+00 -6.168144E+02
5.440000E+00 -6.233819E+02
5.448000E+00 -6.202994E+02
5.456000E+00 -6.261551E+02
5.464000E+00 -6.018656E+02
5.472000E+00 -5.965901E+02
5.480000E+00 -6.008346E+02
5.488000E+00 -5.751796E+02
5.496000E+00 -5.763723E+02
5.504000E+00 -5.828984E+02
5.512000E+00 -5.870606E+02
5.520000E+00 -6.102627E+02
5.528000E+00 -6.076091E+02
5.536000E+00 -5.980153E+02
5.544000E+00 -6.026925E+02
5.552000E+00 -6.273594E+02
5.560000E+00 -6.248026E+02
5.568000E+00 -5.993028E+02
5.576000E+00 -6.023112E+02
5.584000E+00 -6.049807E+02
5.592000E+00 -5.909134E+02
5.600000E+00 -5.830446E+02
5.608000E+00 -5.846142E+02
5.616000E+00 -5.892354E+02
5.624000E+00 -6.013096E+02
5.632000E+00 -6.096208E+02
5.640000E+00 -5.951421E+02
5.648000E+00 -5.929347E+02
5.656000E+00 -6.040155E+02
5.664000E+00 -6.170261E+02
5.672000E+00 -6.075807E+02
5.680000E+00 -5.779733E+02
5.688000E+00 -5.902030E+02
5.696000E+00 -6.071123E+02
5.704000E+00 -5.978997E+02
5.712000E+00 -5.944445E+02
5.720000E+00 -6.190852E+02
5.728000E+00 -6.127678E+02
5.736000E+00 -5.894801E+02
5.744000E+00 -5.997389E+02
5.752000E+00 -6.177796E+02
5.760000E+00 -6.134039E+02
5.768000E+00 -6.058929E+02
5.776000E+00 -6.115319E+02
5.784000E+00 -6.022103E+02
5.792000E+00 -5.835146E+02
5.800000E+00 -5.826398E+02
5.808000E+00 -5.952392E+02
5.816000E+00 -5.943054E+02
5.824000E+00 -5.807939E+02
5.832000E+00 -5.772413E+02
5.840000E+00 -5.756608E+02
5.848000E+00 -5.835333E+02
5.856000E+00 -5.729330E+02
5.864000E+00 -5.755515E+02
5.872000E+00 -5.902737E+02
5.880000E+00 -5.830149E+02
5.888000E+00 -5.850355E+02
5.896000E+00 -5.864189E+02
5.904000E+00 -5.714927E+02
5.912000E+00 -5.724494E+02
5.920000E+00 -5.595044E+02
5.928000E+00 -5.730933E+02
5.936000E+00 -5.821819E+02
5.944000E+00 -5.485811E+02
5.952000E+00 -5.599160E+02
5.960000E+00 -5.795702E+02
5.968000E+00 -5.473634E+02
5.976000E+00 -5.574329E+02
5.984000E+00 -5.881135E+02
5.992000E+00 -5.724898E+02
6.000000E+00 -5.714355E+02
6.008000E+00 -5.794845E+02
6.016000E+00 -5.540840E+02
6.024000E+00 -5.557436E+02
6.032000E+00 -5.767507E+02
6.040000E+00 -5.866203E+02
6.048000E+00 -5.719050E+02
6.056000E+00 -5.749110E+02
6.064000E+00 -5.691969E+02
6.072000E+00 -5.683507E+02
6.080000E+00 -5.811561E+02
6.088000E+00 -5.556205E+02
6.096000E+00 -5.447185E+02
6.104000E+00 -5.459705E+02
6.112000E+00 -5.482963E+02
6.120000E+00 -5.477169E+02
6.128000E+00 -5.553571E+02
6.136000E+00 -5.482806E+02
6.144000E+00 -5.460547E+02
6.152000E+00 -5.488936E+02
6.160000E+00 -5.376002E+02
6.168000E+00 -5.339653E+02
6.176000E+00 -5.448257E+02
6.184000E+00 -5.461628E+02
6.192000E+00 -5.276681E+02
6.200000E+00 -5.485472E+02
6.208000E+00 -5.537676E+02
6.216000E+00 -5.338822E+02
6.224000E+00 -5.494797E+02
6.232000E+00 -5.415796E+02
6.240000E+00 -5.380972E+02
6.248000E+00 -5.634871E+02
6.256000E+00 -5.530026E+02
6.264000E+00 -5.299813E+02
6.272000E+00 -5.301555E+02
6.280000E+00 -5.522414E+02
6.288000E+00 -5.490143E+02
6.296000E+00 -5.233269E+02
6.304000E+00 -5.312830E+02
6.312000E+00 -5.259285E+02
6.320000E+00 -5.226129E+02
6.328000E+00 -5.563570E+02
6.336000E+00 -5.516076E+02
6.344000E+00 -5.283022E+02
6.352000E+00 -5.238513E+02
6.360000E+00 -5.375707E+02
6.368000E+00 -5.342205E+02
6.376000E+00 -5.357242E+02
6.384000E+00 -5.493249E+02
6.392000E+00 -5.466626E+02
6.400000E+00 -5.255192E+02
6.408000E+00 -5.405715E+02
6.416000E+00 -5.327711E+02
6.424000E+00 -5.157734E+02
6.432000E+00 -5.286140E+02
6.440000E+00 -5.148299E+02
6.448000E+00 -5.325229E+02
6.456000E+00 -5.474932E+02
6.464000E+00 -5.234975E+02
6.472000E+00 -5.284782E+02
6.480000E+00 -5.556257E+02
6.488000E+00 -5.427969E+02
6.496000E+00 -5.405014E+02
6.504000E+00 -5.563040E+02
6.512000E+00 -5.461388E+02
6.520000E+00 -5.273505E+02
6.528000E+00 -5.287894E+02
6.536000E+00 -5.451602E+02
6.544000E+00 -5.612650E+02
6.552000E+00 -5.615356E+02
6.560000E+00 -5.434788E+02
6.568000E+00 -5.403570E+02
6.576000E+00 -5.408487E+02
6.584000E+00 -5.425795E+02
6.592000E+00 -5.353503E+02
6.600000E+00 -5.321013E+02
6.608000E+00 -5.453055E+02
6.616000E+00 -5.686392E+02
6.624000E+00 -5.712681E+02
6.632000E+00 -5.449181E+02
6.640000E+00 -5.592089E+02
6.648000E+00 -5.776740E+02
6.656000E+00 -5.545433E+02
6.664000E+00 -5.478214E+02
6.672000E+00 -5.277158E+02
6.680000E+00 -5.268674E+02
6.688000E+00 -5.517553E+02
6.696000E+00 -5.388433E+02
6.704000E+00 -5.572889E+02
6.712000E+00 -5.600936E+02
6.720000E+00 -5.380795E+02
6.728000E+00 -5.448408E+02
6.736000E+00 -5.582129E+02
6.744000E+00 -5.424459E+02
6.752000E+00 -5.402825E+02
6.760000E+00 -5.655872E+02
6.768000E+00 -5.718231E+02
6.776000E+00 -5.458685E+02
6.784000E+00 -5.425694E+02
6.792000E+00 -5.569846E+02
6.800000E+00 -5.632742E+02
6.808000E+00 -5.495860E+02
6.816000E+00 -5.381889E+02
6.824000E+00 -5.560856E+02
6.832000E+00 -5.483927E+02
6.840000E+00 -5.491527E+02
6.848000E+00 -5.737442E+02
6.856000E+00 -5.774025E+02
6.864000E+00 -5.538371E+02
6.872000E+00 -5.599576E+02
6.880000E+00 -5.692705E+02
6.888000E+00 -5.632954E+02
6.896000E+00 -5.665720E+02
6.904000E+00 -5.659201E+02
6.912000E+00 -5.888402E+02
6.920000E+00 -5.876492E+02
6.928000E+00 -5.707633E+02
6.936000E+00 -5.946022E+02
6.944000E+00 -5.776523E+02
6.952000E+00 -5.685450E+02
6.960000E+00 -5.935608E+02
6.968000E+00 -5.898067E+02
6.976000E+00 -5.862212E+02
6.984000E+00 -5.709190E+02
6.992000E+00 -5.780555E+02
7.000000E+00 -5.936980E+02
7.008000E+00 -5.871244E+02
7.016000E+00 -5.837480E+02
7.024000E+00 -5.763017E+02
7.032000E+00 -5.775743E+02
7.040000E+00 -5.717478E+02
7.048000E+00 -5.621432E+02
7.056000E+00 -5.884205E+02
7.064000E+00 -6.049695E+02
7.072000E+00 -6.033131E+02
7.080000E+00 -6.078156E+02
7.088000E+00 -6.117494E+02
7.096000E+00 -6.051769E+02
7.104000E+00 -5.902590E+02
7.112000E+00 -5.980278E+02
7.120000E+00 -6.034040E+02
7.128000E+00 -5.905831E+02
7.136000E+00 -5.834737E+02
7.144000E+00 -5.828743E+02
7.152000E+00 -5.805655E+02
7.160000E+00 -5.885260E+02
7.168000E+00 -6.033799E+02
7.176000E+00 -6.002985E+02
7.184000E+00 -5.962937E+02
7.192000E+00 -5.947242E+02
7.200000E+00 -5.832928E+02
7.208000E+00 -5.886457E+02
7.216000E+00 -5.991360E+02
7.224000E+00 -5.976841E+02
7.232000E+00 -6.096954E+02
7.240000E+00 -6.231558E+02
7.248000E+00 -6.042453E+02
7.256000E+00 -5.968637E+02
7.264000E+00 -6.108878E+02
7.272000E+00 -5.990033E+02
7.280000E+00 -5.916493E+02
7.288000E+00 -5.916289E+02
7.296000E+00 -5.995436E+02
7.304000E+00 -6.049877E+02
7.312000E+00 -6.093090E+02
7.320000E+00 -6.167994E+02
7.328000E+00 -6.158281E+02
7.336000E+00 -6.022415E+02
7.344000E+00 -6.024142E+02
7.352000E+00 -6.051658E+02
7.360000E+00 -5.924452E+02
7.368000E+00 -5.853756E+02
7.376000E+00 -5.829151E+02
7.384000E+00 -5.694484E+02
7.392000E+00 -5.747182E+02
7.400000E+00 -5.928315E+02
7.408000E+00 -6.157095E+02
7.416000E+00 -6.160329E+02
7.424000E+00 -5.939209E+02
7.432000E+00 -5.816218E+02
7.440000E+00 -5.885118E+02
7.448000E+00 -5.889339E+02
7.456000E+00 -5.785599E+02
7.464000E+00 -5.748059E+02
7.472000E+00 -5.829771E+02
7.480000E+00 -5.891163E+02
7.488000E+00 -5.840956E+02
7.496000E+00 -5.779066E+02
7.504000E+00 -6.008599E+02
7.512000E+00 -6.123321E+02
7.520000E+00 -5.960782E+02
7.528000E+00 -5.971662E+02
7.536000E+00 -6.047726E+02
7.544000E+00 -5.946003E+02
7.552000E+00 -5.991360E+02
7.560000E+00 -5.977364E+02
7.568000E+00 -5.878651E+02
7.576000E+00 -6.014285E+02
7.584000E+00 -6.200992E+02
7.592000E+00 -6.186666E+02
7.600000E+00 -5.891427E+02
7.608000E+00 -5.861240E+02
7.616000E+00 -5.979325E+02
7.624000E+00 -5.894645E+02
7.632000E+00 -5.815310E+02
7.640000E+00 -5.842508E+02
7.648000E+00 -5.836475E+02
7.656000E+00 -5.935727E+02
7.664000E+00 -5.900796E+02
7.672000E+00 -5.815297E+02
7.680000E+00 -5.943318E+02
7.688000E+00 -6.104733E+02
7.696000E+00 -6.062323E+02
7.704000E+00 -5.917342E+02
7.712000E+00 -5.958412E+02
7.720000E+00 -5.888383E+02
7.728000E+00 -5.680274E+02
7.736000E+00 -5.843275E+02
7.744000E+00 -5.999758E+02
7.752000E+00 -5.911528E+02
7.760000E+00 -5.812000E+02
7.768000E+00 -5.773552E+02
7.776000E+00 -5.649949E+02
7.784000E+00 -5.782859E+02
7.792000E+00 -5.816172E+02
7.800000E+00 -5.689323E+02
7.808000E+00 -5.730019E+02
7.816000E+00 -5.703412E+02
7.824000E+00 -5.638916E+02
7.832000E+00 -5.615289E+02
7.840000E+00 -5.589195E+02
7.848000E+00 -5.484042E+02
7.856000E+00 -5.560710E+02
7.864000E+00 -5.749609E+02
7.872000E+00 -5.603513E+02
7.880000E+00 -5.544196E+02
7.888000E+00 -5.704990E+02
7.896000E+00 -5.717897E+02
7.904000E+00 -5.727964E+02
7.912000E+00 -5.559462E+02
7.920000E+00 -5.516518E+02
7.928000E+00 -5.623241E+02
7.936000E+00 -5.571101E+02
7.944000E+00 -5.493426E+02
7.952000E+00 -5.513237E+02
7.960000E+00 -5.608044E+02
7.968000E+00 -5.762091E+02
7.976000E+00 -5.543960E+02
7.984000E+00 -5.405433E+02
7.992000E+00 -5.584898E+02
8.000000E+00 -5.669897E+02
8.008000E+00 -5.579128E+02
8.016000E+00 -5.501433E+02
8.024000E+00 -5.653349E+02
8.032000E+00 -5.615486E+02
8.040000E+00 -5.448019E+02
8.048000E+00 -5.657761E+02
8.056000E+00 -5.756218E+02
8.064000E+00 -5.867232E+02
8.072000E+00 -5.708300E+02
8.080000E+00 -5.471712E+02
8.088000E+00 -5.487475E+02
8.096000E+00 -5.590137E+02
8.104000E+00 -5.731865E+02
8.112000E+00 -5.558118E+02
8.120000E+00 -5.654281E+02
8.128000E+00 -5.777153E+02
8.136000E+00 -5.455758E+02
8.144000E+00 -5.460683E+02
8.152000E+00 -5.626023E+02
8.160000E+00 -5.592017E+02
8.168000E+00 -5.465239E+02
8.176000E+00 -5.310563E+02
8.184000E+00 -5.459103E+02
8.192000E+00 -5.701386E+02
8.200000E+00 -5.603853E+02
8.208000E+00 -5.467770E+02
8.216000E+00 -5.473704E+02
8.224000E+00 -5.719971E+02
8.232000E+00 -5.759750E+02
8.240000E+00 -5.570068E+02
8.248000E+00 -5.438967E+02
8.256000E+00 -5.485462E+02
8.264000E+00 -5.721306E+02
8.272000E+00 -5.715793E+02
8.280000E+00 -5.634214E+02
8.288000E+00 -5.701578E+02
8.296000E+00 -5.806923E+02
8.304000E+00 -5.758629E+02
8.312000E+00 -5.722929E+02
8.320000E+00 -5.751420E+02
8.328000E+00 -5.764725E+02
8.336000E+00 -5.681821E+02
8.344000E+00 -5.661903E+02
8.352000E+00 -5.697089E+02
8.360000E+00 -5.744550E+02
8.368000E+00 -5.779480E+02
8.376000E+00 -5.535343E+02
8.384000E+00 -5.522313E+02
8.392000E+00 -5.703239E+02
8.400000E+00 -5.630823E+02
8.408000E+00 -5.538392E+02
8.416000E+00 -5.579452E+02
8.424000E+00 -5.574876E+02
8.432000E+00 -5.678870E+02
8.440000E+00 -5.810745E+02
8.448000E+00 -5.646966E+02
8.456000E+00 -5.660149E+02
8.464000E+00 -5.868015E+02
8.472000E+00 -5.850868E+02
8.480000E+00 -5.712264E+02
8.488000E+00 -5.791561E+02
8.496000E+00 -5.972171E+02
8.504000E+00 -5.850550E+02
8.512000E+00 -5.655687E+02
8.520000E+00 -5.809600E+02
8.528000E+00 -5.718646E+02
8.536000E+00 -5.641255E+02
8.544000E+00 -5.942613E+02
8.552000E+00 -5.872869E+02
8.560000E+00 -5.769331E+02
8.568000E+00 -5.690448E+02
8.576000E+00 -5.607887E+02
8.584000E+00 -5.753657E+02
8.592000E+00 -6.017489E+02
8.600000E+00 -5.950092E+02
8.608000E+00 -6.021399E+02
8.616000E+00 -6.152106E+02
8.624000E+00 -5.936007E+02
8.632000E+00 -5.685891E+02
8.640000E+00 -5.831036E+02
8.648000E+00 -6.113233E+02
8.656000E+00 -5.981268E+02
8.664000E+00 -5.794091E+02
8.672000E+00 -5.741446E+02
8.680000E+00 -5.838135E+02
8.688000E+00 -5.943204E+02
8.696000E+00 -5.887751E+02
8.704000E+00 -5.866605E+02
8.712000E+00 -5.895449E+02
8.720000E+00 -5.967277E+02
8.728000E+00 -6.051070E+02
8.736000E+00 -6.002151E+02
8.744000E+00 -5.851828E+02
8.752000E+00 -5.870484E+02
8.760000E+00 -5.966349E+02
8.768000E+00 -5.945422E+02
8.776000E+00 -6.084445E+02
8.784000E+00 -6.237709E+02
8.792000E+00 -6.149111E+02
8.800000E+00 -6.069305E+02
8.808000E+00 -6.071282E+02
8.816000E+00 -6.045431E+02
8.824000E+00 -6.043673E+02
8.832000E+00 -6.158200E+02
8.840000E+00 -6.317953E+02
8.848000E+00 -6.224799E+02
8.856000E+00 -5.935369E+02
8.864000E+00 -5.879630E+02
8.872000E+00 -6.182861E+02
8.880000E+00 -6.242916E+02
8.888000E+00 -6.231243E+02
8.896000E+00 -6.106139E+02
8.904000E+00 -5.953725E+02
8.912000E+00 -6.016428E+02
8.920000E+00 -6.077142E+02
8.928000E+00 -6.005575E+02
8.936000E+00 -5.981550E+02
8.944000E+00 -5.934951E+02
8.952000E+00 -5.868013E+02
8.960000E+00 -5.912460E+02
8.968000E+00 -5.906550E+02
8.976000E+00 -5.811217E+02
8.984000E+00 -5.676079E+02
8.992000E+00 -5.581568E+02
9.000000E+00 -5.629623E+02
9.008000E+00 -5.688117E+02
9.016000E+00 -5.746833E+02
9.024000E+00 -5.816879E+02
9.032000E+00 -5.870536E+02
9.040000E+00 -6.080319E+02
9.048000E+00 -6.311302E+02
9.056000E+00 -6.161524E+02
9.064000E+00 -6.149460E+02
9.072000E+00 -6.255106E+02
9.080000E+00 -6.038935E+02
9.088000E+00 -5.948521E+02
9.096000E+00 -5.995491E+02
9.104000E+00 -6.080020E+02
9.112000E+00 -6.089566E+02
9.120000E+00 -6.111283E+02
9.128000E+00 -6.081863E+02
9.136000E+00 -5.870282E+02
9.144000E+00 -5.853600E+02
9.152000E+00 -6.029218E+02
9.160000E+00 -5.964595E+02
9.168000E+00 -6.041560E+02
9.176000E+00 -6.019294E+02
9.184000E+00 -5.770150E+02
9.192000E+00 -5.798511E+02
9.200000E+00 -5.908073E+02
9.208000E+00 -5.897835E+02
9.216000E+00 -5.954975E+02
9.224000E+00 -5.862900E+02
9.232000E+00 -5.770054E+02
9.240000E+00 -5.729668E+02
9.248000E+00 -5.642863E+02
9.256000E+00 -5.662190E+02
9.264000E+00 -5.770801E+02
9.272000E+00 -5.819092E+02
9.280000E+00 -5.604703E+02
9.288000E+00 -5.692500E+02
9.296000E+00 -5.751215E+02
9.304000E+00 -5.420847E+02
9.312000E+00 -5.581010E+02
9.320000E+00 -5.843099E+02
9.328000E+00 -5.603517E+02
9.336000E+00 -5.485865E+02
9.344000E+00 -5.441264E+02
9.352000E+00 -5.214584E+02
9.360000E+00 -5.282964E+02
9.368000E+00 -5.344923E+02
9.376000E+00 -5.313924E+02
9.384000E+00 -5.457212E+02
9.392000E+00 -5.615570E+02
9.400000E+00 -5.711518E+02
9.408000E+00 -5.596127E+02
9.416000E+00 -5.345014E+02
9.424000E+00 -5.411904E+02
9.432000E+00 -5.605699E+02
9.440000E+00 -5.531232E+02
9.448000E+00 -5.390508E+02
9.456000E+00 -5.517619E+02
9.464000E+00 -5.529704E+02
9.472000E+00 -5.493134E+02
9.480000E+00 -5.526413E+02
9.488000E+00 -5.323776E+02
9.496000E+00 -5.336188E+02
9.504000E+00 -5.451939E+02
9.512000E+00 -5.278932E+02
9.520000E+00 -5.173134E+02
9.528000E+00 -5.154066E+02
9.536000E+00 -5.056968E+02
9.544000E+00 -5.009940E+02
9.552000E+00 -5.189716E+02
9.560000E+00 -5.376982E+02
9.568000E+00 -5.386148E+02
9.576000E+00 -5.462591E+02
9.584000E+00 -5.605539E+02
9.592000E+00 -5.393207E+02
9.600000E+00 -5.433800E+02
9.608000E+00 -5.297007E+02
9.616000E+00 -5.171546E+02
9.624000E+00 -5.392346E+02
9.632000E+00 -5.161497E+02
9.640000E+00 -5.078065E+02
9.648000E+00 -5.524616E+02
9.656000E+00 -5.535508E+02
9.664000E+00 -5.327165E+02
9.672000E+00 -5.395069E+02
9.680000E+00 -5.321511E+02
9.688000E+00 -5.161641E+02
9.696000E+00 -4.951727E+02
9.704000E+00 -5.058146E+02
9.712000E+00 -5.225480E+02
9.720000E+00 -5.114458E+02
9.728000E+00 -5.231386E+02
9.736000E+00 -5.517253E+02
9.744000E+00 -5.443489E+02
9.752000E+00 -5.278390E+02
9.760000E+00 -5.273264E+02
9.768000E+00 -5.103424E+02
9.776000E+00 -4.885043E+02
9.784000E+00 -4.918687E+02
9.792000E+00 -5.087238E+02
9.800000E+00 -5.164968E+02
9.808000E+00 -5.264430E+02
9.816000E+00 -5.249105E+02
9.824000E+00 -5.018000E+02
9.832000E+00 -4.902155E+02
9.840000E+00 -4.951092E+02
9.848000E+00 -5.011088E+02
9.856000E+00 -5.047919E+02
9.864000E+00 -5.119865E+02
9.872000E+00 -5.069368E+02
9.880000E+00 -5.156567E+02
9.888000E+00 -5.282085E+02
9.896000E+00 -5.192288E+02
9.904000E+00 -5.165773E+02
9.912000E+00 -5.383935E+02
9.920000E+00 -5.359925E+02
9.928000E+00 -5.142221E+02
9.936000E+00 -5.113915E+02
9.944000E+00 -5.148567E+02
9.952000E+00 -5.239849E+02
9.960000E+00 -5.240741E+02
9.968000E+00 -5.146114E+02
9.976000E+00 -5.249089E+02
9.984000E+00 -5.357021E+02
9.992000E+00 -5.284201E+02
1.000000E+01 -5.231525E+02
1.000800E+01 -5.003801E+02
1.001600E+01 -5.124854E+02
1.002400E+01 -5.485009E+02
1.003200E+01 -5.441381E+02
1.004000E+01 -5.289569E+02
1.004800E+01 -5.088906E+02
1.005600E+01 -5.035380E+02
1.006400E+01 -5.229662E+02
1.007200E+01 -5.271069E+02
1.008000E+01 -5.296808E+02
1.008800E+01 -5.239326E+02
1.009600E+01 -5.303458E+02
1.010400E+01 -5.377842E+02
1.011200E+01 -5.360593E+02
1.012000E+01 -5.354063E+02
1.012800E+01 -5.321271E+02
1.013600E+01 -5.313268E+02
1.014400E+01 -5.350057E+02
1.015200E+01 -5.415523E+02
1.016000E+01 -5.272008E+02
1.016800E+01 -5.285310E+02
1.017600E+01 -5.374662E+02
1.018400E+01 -5.351590E+02
1.019200E+01 -5.322827E+02
1.020000E+01 -5.358401E+02
1.020800E+01 -5.324679E+02
1.021600E+01 -5.355528E+02
1.022400E+01 -5.347880E+02
1.023200E+01 -5.368318E+02
1.024000E+01 -5.288667E+02
1.024800E+01 -5.252063E+02
1.025600E+01 -5.411206E+02
1.026400E+01 -5.507432E+02
1.027200E+01 -5.391178E+02
1.028000E+01 -5.336128E+02
1.028800E+01 -5.381187E+02
1.029600E+01 -5.565153E+02
1.030400E+01 -5.477842E+02
1.031200E+01 -5.347567E+02
1.032000E+01 -5.456488E+02
1.032800E+01 -5.458029E+02
1.033600E+01 -5.353046E+02
1.034400E+01 -5.371288E+02
1.035200E+01 -5.563901E+02
1.036000E+01 -5.568104E+02
1.036800E+01 -5.358732E+02
1.037600E+01 -5.333095E+02
1.038400E+01 -5.361963E+02
1.039200E+01 -5.464571E+02
1.040000E+01 -5.526234E+02
1.040800E+01 -5.412377E+02
1.041600E+01 -5.559551E+02
1.042400E+01 -5.585930E+02
1.043200E+01 -5.394268E+02
1.044000E+01 -5.443907E+02
1.044800E+01 -5.519136E+02
1.045600E+01 -5.402199E+02
1.046400E+01 -5.376511E+02
1.047200E+01 -5.370994E+02
1.048000E+01 -5.371356E+02
1.048800E+01 -5.262846E+02
1.049600E+01 -5.212256E+02
1.050400E+01 -5.345114E+02
1.051200E+01 -5.462682E+02
1.052000E+01 -5.367082E+02
1.052800E+01 -5.374744E+02
1.053600E+01 -5.472275E+02
1.054400E+01 -5.454530E+02
1.055200E+01 -5.447833E+02
1.056000E+01 -5.516267E+02
1.056800E+01 -5.315763E+02
1.057600E+01 -5.342468E+02
1.058400E+01 -5.633486E+02
1.059200E+01 -5.798380E+02
1.060000E+01 -5.706018E+02
1.060800E+01 -5.502552E+02
1.061600E+01 -5.519354E+02
1.062400E+01 -5.517459E+02
1.063200E+01 -5.541404E+02
1.064000E+01 -5.415695E+02
1.064800E+01 -5.452972E+02
1.065600E+01 -5.517734E+02
1.066400E+01 -5.534218E+02
1.067200E+01 -5.604145E+02
1.068000E+01 -5.661422E+02
1.068800E+01 -5.711525E+02
1.069600E+01 -5.714034E+02
1.070400E+01 -5.776502E+02
1.071200E+01 -5.853724E+02
1.072000E+01 -5.735770E+02
1.072800E+01 -5.573299E+02
1.073600E+01 -5.666341E+02
1.074400E+01 -5.796510E+02
1.075200E+01 -5.628542E+02
1.076000E+01 -5.628835E+02
1.076800E+01 -5.658437E+02
1.077600E+01 -5.422105E+02
1.078400E+01 -5.541666E+02
1.079200E+01 -5.808576E+02
1.080000E+01 -5.638525E+02
1.080800E+01 -5.606569E+02
1.081600E+01 -5.737629E+02
1.082400E+01 -5.680027E+02
1.083200E+01 -5.719502E+02
1.084000E+01 -5.792551E+02
1.084800E+01 -5.497680E+02
1.085600E+01 -5.394411E+02
1.086400E+01 -5.583470E+02
1.087200E+01 -5.537198E+02
1.088000E+01 -5.525647E+02
1.088800E+01 -5.729605E+02
1.089600E+01 -5.782102E+02
1.090400E+01 -5.742278E+02
1.091200E+01 -5.844414E+02
1.092000E+01 -5.781523E+02
1.092800E+01 -5.629632E+02
1.093600E+01 -5.600284E+02
1.094400E+01 -5.583318E+02
1.095200E+01 -5.442425E+02
1.096000E+01 -5.588941E+02
1.096800E+01 -5.756879E+02
1.097600E+01 -5.752985E+02
1.098400E+01 -5.934246E+02
1.099200E+01 -5.772979E+02
1.100000E+01 -5.442311E+02
1.100800E+01 -5.548529E+02
1.101600E+01 -5.501097E+02
1.102400E+01 -5.433903E+02
1.103200E+01 -5.787284E+02
1.104000E+01 -5.855134E+02
1.104800E+01 -5.796579E+02
1.105600E+01 -5.854712E+02
1.106400E+01 -5.681852E+02
1.107200E+01 -5.397357E+02
1.108000E+01 -5.465840E+02
1.108800E+01 -5.810606E+02
1.109600E+01 -5.875408E+02
1.110400E+01 -5.737301E+02
1.111200E+01 -5.819907E+02
1.112000E+01 -5.751601E+02
1.112800E+01 -5.670914E+02
1.113600E+01 -5.837744E+02
1.114400E+01 -5.811220E+02
1.115200E+01 -5.683158E+02
1.116000E+01 -5.703992E+02
1.116800E+01 -5.851614E+02
1.117600E+01 -5.877181E+02
1.118400E+01 -5.916831E+02
1.119200E+01 -5.845989E+02
1.120000E+01 -5.881047E+02
1.120800E+01 -5.951649E+02
1.121600E+01 -5.899654E+02
1.122400E+01 -5.930632E+02
1.123200E+01 -5.837643E+02
1.124000E+01 -5.823831E+02
1.124800E+01 -5.895146E+02
1.125600E+01 -5.634825E+02
1.126400E+01 -5.578414E+02
1.127200E+01 -5.565772E+02
1.128000E+01 -5.589469E+02
1.128800E+01 -5.863409E+02
1.129600E+01 -5.901642E+02
1.130400E+01 -5.788810E+02
1.131200E+01 -5.612998E+02
1.132000E+01 -5.521453E+02
1.132800E+01 -5.561558E+02
1.133600E+01 -5.587853E+02
1.134400E+01 -5.613686E+02
1.135200E+01 -5.735217E+02
1.136000E+01 -5.671696E+02
1.136800E+01 -5.543543E+02
1.137600E+01 -5.704460E+02
1.138400E+01 -5.902900E+02
1.139200E+01 -5.697438E+02
1.140000E+01 -5.607736E+02
1.140800E+01 -5.683499E+02
1.141600E+01 -5.643742E+02
1.142400E+01 -5.699470E+02
1.143200E+01 -5.820163E+02
1.144000E+01 -5.716954E+02
1.144800E+01 -5.650033E+02
1.145600E+01 -5.712351E+02
1.146400E+01 -5.757568E+02
1.147200E+01 -5.592678E+02
1.148000E+01 -5.510452E+02
1.148800E+01 -5.765008E+02
1.149600E+01 -5.708306E+02
1.150400E+01 -5.390268E+02
1.151200E+01 -5.419651E+02
1.152000E+01 -5.651696E+02
1.152800E+01 -5.575521E+02
1.153600E+01 -5.641310E+02
1.154400E+01 -5.847807E+02
1.155200E+01 -5.705032E+02
1.156000E+01 -5.485668E+02
1.156800E+01 -5.606021E+02
1.157600E+01 -5.492130E+02
1.158400E+01 -5.479024E+02
1.159200E+01 -5.545899E+02
1.160000E+01 -5.444225E+02
1.160800E+01 -5.485884E+02
1.161600E+01 -5.513044E+02
1.162400E+01 -5.318910E+02
1.163200E+01 -5.324041E+02
1.164000E+01 -5.477848E+02
1.164800E+01 -5.304754E+02
1.165600E+01 -5.306172E+02
1.166400E+01 -5.365703E+02
1.167200E+01 -5.324807E+02
1.168000E+01 -5.469010E+02
1.168800E+01 -5.348393E+02
1.169600E+01 -5.381709E+02
1.170400E+01 -5.373786E+02
1.171200E+01 -5.128008E+02
1.172000E+01 -5.161554E+02
1.172800E+01 -5.209494E+02
1.173600E+01 -5.252234E+02
1.174400E+01 -5.372683E+02
1.175200E+01 -5.411061E+02
1.176000E+01 -5.401748E+02
1.176800E+01 -5.399703E+02
1.177600E+01 -5.419643E+02
1.178400E+01 -5.414984E+02
1.179200E+01 -5.258095E+02
1.180000E+01 -5.092747E+02
1.180800E+01 -5.062621E+02
1.181600E+01 -5.167956E+02
1.182400E+01 -5.201530E+02
1.183200E+01 -5.070640E+02
1.184000E+01 -5.115871E+02
1.184800E+01 -5.186143E+02
1.185600E+01 -5.094366E+02
1.186400E+01 -5.234289E+02
1.187200E+01 -5.450032E+02
1.188000E+01 -5.550681E+02
1.188800E+01 -5.361647E+02
1.189600E+01 -5.370923E+02
1.190400E+01 -5.387939E+02
1.191200E+01 -5.191549E+02
1.192000E+01 -5.145381E+02
1.192800E+01 -5.275653E+02
1.193600E+01 -5.068383E+02
1.194400E+01 -4.833850E+02
1.195200E+01 -5.062277E+02
1.196000E+01 -5.462285E+02
1.196800E+01 -5.424607E+02
1.197600E+01 -5.291073E+02
1.198400E+01 -5.204335E+02
1.199200E+01 -5.085771E+02
1.200000E+01 -5.101009E+02
1.200800E+01 -5.113501E+02
1.201600E+01 -5.372092E+02
1.202400E+01 -5.386884E+02
1.203200E+01 -5.184059E+02
1.204000E+01 -5.295465E+02
1.204800E+01 -5.479988E+02
1.205600E+01 -5.509954E+02
1.206400E+01 -5.361677E+02
1.207200E+01 -5.310178E+02
1.208000E+01 -5.269764E+02
1.208800E+01 -5.189380E+02
1.209600E+01 -5.268194E+02
1.210400E+01 -5.185599E+02
1.211200E+01 -5.162619E+02
1.212000E+01 -5.251229E+02
1.212800E+01 -5.334815E+02
1.213600E+01 -5.362682E+02
1.214400E+01 -5.354210E+02
1.215200E+01 -5.463504E+02
1.216000E+01 -5.374010E+02
1.216800E+01 -5.260852E+02
1.217600E+01 -5.311325E+02
1.218400E+01 -5.398770E+02
1.219200E+01 -5.441835E+02
1.220000E+01 -5.491860E+02
1.220800E+01 -5.617393E+02
1.221600E+01 -5.608229E+02
1.222400E+01 -5.499096E+02
1.223200E+01 -5.399748E+02
1.224000E+01 -5.401755E+02
1.224800E+01 -5.483408E+02
1.225600E+01 -5.638233E+02
1.226400E+01 -5.684553E+02
1.227200E+01 -5.833180E+02
1.228000E+01 -5.795676E+02
1.228800E+01 -5.671311E+02
1.229600E+01 -5.854089E+02
1.230400E+01 -5.947306E+02
1.231200E+01 -5.746974E+02
1.232000E+01 -5.549629E+02
1.232800E+01 -5.610763E+02
1.233600E+01 -5.670228E+02
1.234400E+01 -5.570496E+02
1.235200E+01 -5.484570E+02
1.236000E+01 -5.595996E+02
1.236800E+01 -5.569160E+02
1.237600E+01 -5.538903E+02
1.238400E+01 -5.772030E+02
1.239200E+01 -5.715986E+02
1.240000E+01 -5.621411E+02
1.240800E+01 -5.621884E+02
1.241600E+01 -5.639542E+02
1.242400E+01 -5.855444E+02
1.243200E+01 -5.599749E+02
1.244000E+01 -5.615063E+02
1.244800E+01 -5.868931E+02
1.245600E+01 -5.811904E+02
1.246400E+01 -5.838110E+02
1.247200E+01 -5.672823E+02
1.248000E+01 -5.682005E+02
1.248800E+01 -5.599038E+02
1.249600E+01 -5.616522E+02
1.250400E+01 -5.907611E+02
1.251200E+01 -5.897243E+02
1.252000E+01 -6.003548E+02
1.252800E+01 -5.893490E+02
1.253600E+01 -5.737897E+02
1.254400E+01 -5.999415E+02
1.255200E+01 -5.937240E+02
1.256000E+01 -5.878376E+02
1.256800E+01 -6.122742E+02
1.257600E+01 -6.138688E+02
1.258400E+01 -6.202346E+02
1.259200E+01 -6.256471E+02
1.260000E+01 -6.043970E+02
1.260800E+01 -6.040241E+02
1.261600E+01 -6.175262E+02
1.262400E+01 -6.087389E+02
1.263200E+01 -5.922439E+02
1.264000E+01 -6.078594E+02
1.264800E+01 -6.025495E+02
1.265600E+01 -5.913572E+02
1.266400E+01 -6.019578E+02
1.267200E+01 -6.096925E+02
1.268000E+01 -6.211625E+02
1.268800E+01 -6.213595E+02
1.269600E+01 -5.966365E+02
1.270400E+01 -5.691086E+02
1.271200E+01 -5.831152E+02
1.272000E+01 -6.023579E+02
1.272800E+01 -5.848781E+02
1.273600E+01 -5.953263E+02
1.274400E+01 -6.184036E+02
1.275200E+01 -6.088700E+02
1.276000E+01 -5.899829E+02
1.276800E+01 -6.240741E+02
1.277600E+01 -6.315291E+02
1.278400E+01 -6.005245E+02
1.279200E+01 -6.058687E+02
1.280000E+01 -6.065601E+02
1.280800E+01 -5.869702E+02
1.281600E+01 -5.966908E+02
1.282400E+01 -6.104344E+02
1.283200E+01 -6.122629E+02
1.284000E+01 -6.095553E+02
1.284800E+01 -6.055375E+02
1.285600E+01 -5.885933E+02
1.286400E+01 -6.063772E+02
1.287200E+01 -6.299577E+02
1.288000E+01 -6.072315E+02
1.288800E+01 -5.908837E+02
1.289600E+01 -5.964008E+02
1.290400E+01 -5.959134E+02
1.291200E+01 -5.880505E+02
1.292000E+01 -5.838777E+02
1.292800E+01 -5.863947E+02
1.293600E+01 -5.951152E+02
1.294400E+01 -5.859452E+02
1.295200E+01 -5.835920E+02
1.296000E+01 -5.786074E+02
1.296800E+01 -5.776888E+02
1.297600E+01 -6.041820E+02
1.298400E+01 -6.196950E+02
1.299200E+01 -6.219699E+02
1.300000E+01 -6.088819E+02
1.300800E+01 -5.809672E+02
1.301600E+01 -5.986727E+02
1.302400E+01 -6.054322E+02
1.303200E+01 -5.855689E+02
1.304000E+01 -5.993319E+02
1.304800E+01 -6.078537E+02
1.305600E+01 -6.016005E+02
1.306400E+01 -5.869285E+02
1.307200E+01 -5.942086E+02
1.308000E+01 -6.072250E+02
1.308800E+01 -6.018661E+02
1.309600E+01 -5.804013E+02
1.310400E+01 -5.804805E+02
1.311200E+01 -6.056508E+02
1.312000E+01 -6.080924E+02
1.312800E+01 -5.934180E+02
1.313600E+01 -5.959761E+02
1.314400E+01 -6.127832E+02
1.315200E+01 -5.935279E+02
1.316000E+01 -5.791885E+02
1.316800E+01 -5.971674E+02
1.317600E+01 -6.022141E+02
1.318400E+01 -5.966047E+02
1.319200E+01 -5.904305E+02
1.320000E+01 -5.850378E+02
1.320800E+01 -5.792580E+02
1.321600E+01 -5.772476E+02
1.322400E+01 -5.777848E+02
1.323200E+01 -5.575533E+02
1.324000E+01 -5.533503E+02
1.324800E+01 -5.662381E+02
1.325600E+01 -5.587555E+02
1.326400E+01 -5.699982E+02
1.327200E+01 -5.872885E+02
1.328000E+01 -5.646076E+02
1.328800E+01 -5.520601E+02
1.329600E+01 -5.563951E+02
1.330400E+01 -5.665031E+02
1.331200E+01 -5.629417E+02
1.332000E+01 -5.427890E+02
1.332800E+01 -5.468865E+02
1.333600E+01 -5.642040E+02
1.334400E+01 -5.447792E+02
1.335200E+01 -5.558577E+02
1.336000E+01 -5.648721E+02
1.336800E+01 -5.622119E+02
1.337600E+01 -5.601021E+02
1.338400E+01 -5.428437E+02
1.339200E+01 -5.641696E+02
1.340000E+01 -5.684228E+02
1.340800E+01 -5.431496E+02
1.341600E+01 -5.482839E+02
1.342400E+01 -5.617079E+02
1.343200E+01 -5.748930E+02
1.344000E+01 -5.781833E+02
1.344800E+01 -5.724370E+02
1.345600E+01 -5.610605E+02
1.346400E+01 -5.486732E+02
1.347200E+01 -5.416031E+02
1.348000E+01 -5.455396E+02
1.348800E+01 -5.563515E+02
1.349600E+01 -5.690918E+02
1.350400E+01 -5.840782E+02
1.351200E+01 -5.809188E+02
1.352000E+01 -5.644860E+02
1.352800E+01 -5.706221E+02
1.353600E+01 -5.677166E+02
1.354400E+01 -5.592259E+02
1.355200E+01 -5.668341E+02
1.356000E+01 -5.732539E+02
1.356800E+01 -5.695345E+02
1.357600E+01 -5.731794E+02
1.358400E+01 -5.563506E+02
1.359200E+01 -5.346824E+02
1.360000E+01 -5.277142E+02
1.360800E+01 -5.341667E+02
1.361600E+01 -5.572926E+02
1.362400E+01 -5.638257E+02
1.363200E+01 -5.573994E+02
1.364000E+01 -5.584874E+02
1.364800E+01 -5.676113E+02
1.365600E+01 -5.531931E+02
1.366400E+01 -5.426524E+02
1.367200E+01 -5.462229E+02
1.368000E+01 -5.512945E+02
1.368800E+01 -5.540592E+02
1.369600E+01 -5.537079E+02
1.370400E+01 -5.357210E+02
1.371200E+01 -5.357699E+02
1.372000E+01 -5.576574E+02
1.372800E+01 -5.531488E+02
1.373600E+01 -5.639933E+02
1.374400E+01 -5.665668E+02
1.375200E+01 -5.546502E+02
1.376000E+01 -5.605646E+02
1.376800E+01 -5.606358E+02
1.377600E+01 -5.553280E+02
1.378400E+01 -5.576007E+02
1.379200E+01 -5.525161E+02
1.380000E+01 -5.446413E+02
1.380800E+01 -5.538966E+02
1.381600E+01 -5.535452E+02
1.382400E+01 -5.573719E+02
1.383200E+01 -5.757240E+02
1.384000E+01 -5.540701E+02
1.384800E+01 -5.241676E+02
1.385600E+01 -5.303058E+02
1.386400E+01 -5.531440E+02
1.387200E+01 -5.616252E+02
1.388000E+01 -5.579509E+02
1.388800E+01 -5.475244E+02
1.389600E+01 -5.342622E+02
1.390400E+01 -5.497575E+02
1.391200E+01 -5.581876E+02
1.392000E+01 -5.527606E+02
1.392800E+01 -5.529859E+02
1.393600E+01 -5.480381E+02
1.394400E+01 -5.291178E+02
1.395200E+01 -5.319243E+02
1.396000E+01 -5.510318E+02
1.396800E+01 -5.471105E+02
1.397600E+01 -5.413461E+02
1.398400E+01 -5.622747E+02
1.399200E+01 -5.854587E+02
1.400000E+01 -5.802946E+02
1.400800E+01 -5.697912E+02
1.401600E+01 -5.845163E+02
1.402400E+01 -5.858556E+02
1.403200E+01 -5.736168E+02
1.404000E+01 -5.630087E+02
1.404800E+01 -5.451040E+02
1.405600E+01 -5.430077E+02
1.406400E+01 -5.605281E+02
1.407200E+01 -5.688282E+02
1.408000E+01 -5.612367E+02
1.408800E+01 -5.575585E+02
1.409600E+01 -5.493166E+02
1.410400E+01 -5.394590E+02
1.411200E+01 -5.482978E+02
1.412000E+01 -5.579935E+02
1.412800E+01 -5.465615E+02
1.413600E+01 -5.525679E+02
1.414400E+01 -5.712299E+02
1.415200E+01 -5.629075E+02
1.416000E+01 -5.460510E+02
1.416800E+01 -5.371561E+02
1.417600E+01 -5.404365E+02
1.418400E+01 -5.683196E+02
1.419200E+01 -5.689152E+02
1.420000E+01 -5.553228E+02
1.420800E+01 -5.749067E+02
1.421600E+01 -5.643361E+02
1.422400E+01 -5.407897E+02
1.423200E+01 -5.587867E+02
1.424000E+01 -5.650723E+02
1.424800E+01 -5.645629E+02
1.425600E+01 -5.872771E+02
1.426400E+01 -5.845874E+02
1.427200E+01 -5.795886E+02
1.428000E+01 -5.741625E+02
1.428800E+01 -5.625688E+02
1.429600E+01 -5.706280E+02
1.430400E+01 -5.801647E+02
1.431200E+01 -5.656799E+02
1.432000E+01 -5.355557E+02
1.432800E+01 -5.527490E+02
1.433600E+01 -5.415835E+02
1.434400E+01 -5.593355E+02
1.435200E+01 -5.891502E+02
1.436000E+01 -5.799825E+02
1.436800E+01 -5.844115E+02
1.437600E+01 -5.926459E+02
1.438400E+01 -5.793243E+02
1.439200E+01 -5.707551E+02
1.440000E+01 -5.598086E+02
1.440800E+01 -5.541048E+02
1.441600E+01 -5.570243E+02
1.442400E+01 -5.639622E+02
1.443200E+01 -5.807061E+02
1.444000E+01 -5.919545E+02
1.444800E+01 -5.789388E+02
1.445600E+01 -5.739743E+02
1.446400E+01 -5.783087E+02
1.447200E+01 -5.818397E+02
1.448000E+01 -5.734823E+02
1.448800E+01 -5.619445E+02
1.449600E+01 -5.678237E+02
1.450400E+01 -5.622584E+02
1.451200E+01 -5.583667E+02
1.452000E+01 -5.559883E+02
1.452800E+01 -5.539088E+02
1.453600E+01 -5.398429E+02
1.454400E+01 -5.438421E+02
1.455200E+01 -5.648348E+02
1.456000E+01 -5.581330E+02
1.456800E+01 -5.478352E+02
1.457600E+01 -5.455090E+02
1.458400E+01 -5.352793E+02
1.459200E+01 -5.454181E+02
1.460000E+01 -5.656599E+02
1.460800E+01 -5.577940E+02
1.461600E+01 -5.511992E+02
1.462400E+01 -5.529080E+02
1.463200E+01 -5.377573E+02
1.464000E+01 -5.472777E+02
1.464800E+01 -5.728051E+02
1.465600E+01 -5.668292E+02
1.466400E+01 -5.630516E+02
1.467200E+01 -5.755667E+02
1.468000E+01 -5.658065E+02
1.468800E+01 -5.735548E+02
1.469600E+01 -5.947113E+02
1.470400E+01 -5.747651E+02
1.471200E+01 -5.517442E+02
1.472000E+01 -5.547202E+02
1.472800E+01 -5.792805E+02
1.473600E+01 -5.908272E+02
1.474400E+01 -5.745465E+02
1.475200E+01 -5.773696E+02
1.476000E+01 -5.875431E+02
1.476800E+01 -5.770582E+02
1.477600E+01 -5.695584E+02
1.478400E+01 -5.511408E+02
1.479200E+01 -5.612536E+02
1.480000E+01 -5.607624E+02
1.480800E+01 -5.366614E+02
1.481600E+01 -5.516932E+02
1.482400E+01 -5.468843E+02
1.483200E+01 -5.736304E+02
1.484000E+01 -5.732360E+02
1.484800E+01 -5.391124E+02
1.485600E+01 -5.493803E+02
1.486400E+01 -5.514971E+02
1.487200E+01 -5.469319E+02
1.488000E+01 -5.427135E+02
1.488800E+01 -5.338129E+02
1.489600E+01 -5.397773E+02
1.490400E+01 -5.484155E+02
1.491200E+01 -5.429693E+02
1.492000E+01 -5.536419E+02
1.492800E+01 -5.559059E+02
1.493600E+01 -5.411251E+02
1.494400E+01 -5.376571E+02
1.495200E+01 -5.399281E+02
1.496000E+01 -5.413857E+02
1.496800E+01 -5.375777E+02
1.497600E+01 -5.249675E+02
1.498400E+01 -5.192379E+02
1.499200E+01 -5.371774E+02
1.500000E+01 -5.344714E+02
1.500800E+01 -5.345967E+02
1.501600E+01 -5.560359E+02
1.502400E+01 -5.593940E+02
1.503200E+01 -5.559929E+02
1.504000E+01 -5.627747E+02
1.504800E+01 -5.543865E+02
1.505600E+01 -5.400216E+02
1.506400E+01 -5.608737E+02
1.507200E+01 -5.673887E+02
1.508000E+01 -5.587951E+02
1.508800E+01 -5.589437E+02
1.509600E+01 -5.562268E+02
1.510400E+01 -5.788522E+02
1.511200E+01 -5.767990E+02
1.512000E+01 -5.644037E+02
1.512800E+01 -5.792815E+02
1.513600E+01 -5.730778E+02
1.514400E+01 -5.545721E+02
1.515200E+01 -5.609712E+02
1.516000E+01 -5.775503E+02
1.516800E+01 -5.662253E+02
1.517600E+01 -5.499412E+02
1.518400E+01 -5.463619E+02
1.519200E+01 -5.527603E+02
1.520000E+01 -5.449892E+02
1.520800E+01 -5.404124E+02
1.521600E+01 -5.361919E+02
1.522400E+01 -5.392289E+02
1.523200E+01 -5.464151E+02
1.524000E+01 -5.442054E+02
1.524800E+01 -5.502134E+02
1.525600E+01 -5.524231E+02
1.526400E+01 -5.646045E+02
1.527200E+01 -5.735459E+02
1.528000E+01 -5.671473E+02
1.528800E+01 -5.577899E+02
1.529600E+01 -5.527433E+02
1.530400E+01 -5.590720E+02
1.531200E+01 -5.423358E+02
1.532000E+01 -5.316264E+02
1.532800E+01 -5.369639E+02
1.533600E+01 -5.408008E+02
1.534400E+01 -5.363868E+02
1.535200E+01 -5.654160E+02
1.536000E+01 -5.729523E+02
1.536800E+01 -5.692686E+02
1.537600E+01 -5.693567E+02
1.538400E+01 -5.610729E+02
1.539200E+01 -5.638448E+02
1.540000E+01 -5.560772E+02
1.540800E+01 -5.534944E+02
1.541600E+01 -5.465159E+02
1.542400E+01 -5.647789E+02
1.543200E+01 -5.785735E+02
1.544000E+01 -5.820049E+02
1.544800E+01 -6.037352E+02
1.545600E+01 -5.944534E+02
1.546400E+01 -5.804762E+02
1.547200E+01 -6.171832E+02
1.548000E+01 -6.394043E+02
1.548800E+01 -6.181956E+02
1.549600E+01 -6.134848E+02
1.550400E+01 -6.043675E+02
1.551200E+01 -5.921332E+02
1.552000E+01 -5.982553E+02
1.552800E+01 -5.962315E+02
1.553600E+01 -5.900642E+02
1.554400E+01 -5.958679E+02
1.555200E+01 -6.000298E+02
1.556000E+01 -6.024730E+02
1.556800E+01 -6.175434E+02
1.557600E+01 -5.926123E+02
1.558400E+01 -5.909955E+02
1.559200E+01 -5.834012E+02
1.560000E+01 -5.876099E+02
1.560800E+01 -6.095419E+02
1.561600E+01 -6.000446E+02
1.562400E+01 -5.927278E+02
1.563200E+01 -5.949196E+02
1.564000E+01 -6.136482E+02
1.564800E+01 -6.142088E+02
1.565600E+01 -6.040935E+02
1.566400E+01 -5.877035E+02
1.567200E+01 -5.785088E+02
1.568000E+01 -6.003245E+02
1.568800E+01 -6.144671E+02
1.569600E+01 -6.133264E+02
1.570400E+01 -6.224824E+02
1.571200E+01 -6.288409E+02
1.572000E+01 -6.222413E+02
1.572800E+01 -6.110187E+02
1.573600E+01 -5.970935E+02
1.574400E+01 -5.849018E+02
1.575200E+01 -6.103069E+02
1.576000E+01 -6.269277E+02
1.576800E+01 -6.159634E+02
1.577600E+01 -6.163742E+02
1.578400E+01 -6.175996E+02
1.579200E+01 -6.145053E+02
1.580000E+01 -5.990009E+02
1.580800E+01 -6.127385E+02
1.581600E+01 -6.297656E+02
1.582400E+01 -6.229794E+02
1.583200E+01 -6.201928E+02
1.584000E+01 -6.139230E+02
1.584800E+01 -6.008126E+02
1.585600E+01 -6.081907E+02
1.586400E+01 -6.091523E+02
1.587200E+01 -6.013761E+02
1.588000E+01 -6.107894E+02
1.588800E+01 -6.121414E+02
1.589600E+01 -6.195473E+02
1.590400E+01 -6.166985E+02
1.591200E+01 -6.137845E+02
1.592000E+01 -6.168399E+02
1.592800E+01 -6.067929E+02
1.593600E+01 -6.162454E+02
1.594400E+01 -6.239344E+02
1.595200E+01 -6.156399E+02
1.596000E+01 -6.044440E+02
1.596800E+01 -6.032008E+02
1.597600E+01 -6.188641E+02
1.598400E+01 -6.203848E+02
1.599200E+01 -6.147678E+02
1.600000E+01 -6.226418E+02
1.600800E+01 -6.275942E+02
1.601600E+01 -6.175015E+02
1.602400E+01 -6.172008E+02
1.603200E+01 -6.412659E+02
1.604000E+01 -6.487473E+02
1.604800E+01 -6.472961E+02
1.605600E+01 -6.419015E+02
1.606400E+01 -6.319954E+02
1.607200E+01 -6.263074E+02
1.608000E+01 -6.201511E+02
1.608800E+01 -6.248108E+02
1.609600E+01 -6.358198E+02
1.610400E+01 -6.380798E+02
1.611200E+01 -6.356781E+02
1.612000E+01 -6.528711E+02
1.612800E+01 -6.578702E+02
1.613600E+01 -6.323805E+02
1.614400E+01 -6.222666E+02
1.615200E+01 -6.253593E+02
1.616000E+01 -6.089711E+02
1.616800E+01 -6.286986E+02
1.617600E+01 -6.269118E+02
1.618400E+01 -6.087545E+02
1.619200E+01 -6.086238E+02
1.620000E+01 -6.040720E+02
1.620800E+01 -6.095553E+02
1.621600E+01 -5.954819E+02
1.622400E+01 -6.003946E+02
1.623200E+01 -6.158146E+02
1.624000E+01 -6.119156E+02
1.624800E+01 -6.136234E+02
1.625600E+01 -6.058946E+02
1.626400E+01 -6.195482E+02
1.627200E+01 -6.161342E+02
1.628000E+01 -5.707303E+02
1.628800E+01 -5.915711E+02
1.629600E+01 -6.184131E+02
1.630400E+01 -6.044357E+02
1.631200E+01 -6.184579E+02
1.632000E+01 -6.012392E+02
1.632800E+01 -6.010735E+02
1.633600E+01 -6.223552E+02
1.634400E+01 -6.129187E+02
1.635200E+01 -6.035506E+02
1.636000E+01 -5.956143E+02
1.636800E+01 -6.166980E+02
1.637600E+01 -6.257770E+02
1.638400E+01 -6.235841E+02
1.639200E+01 -6.046585E+02
1.640000E+01 -5.861300E+02
1.640800E+01 -6.151056E+02
1.641600E+01 -5.950132E+02
1.642400E+01 -5.754615E+02
1.643200E+01 -5.962339E+02
1.644000E+01 -6.065300E+02
1.644800E+01 -6.124970E+02
1.645600E+01 -5.948257E+02
1.646400E+01 -5.704717E+02
1.647200E+01 -5.705246E+02
1.648000E+01 -5.842270E+02
1.648800E+01 -5.986130E+02
1.649600E+01 -6.005870E+02
1.650400E+01 -6.056654E+02
1.651200E+01 -6.073611E+02
1.652000E+01 -5.981980E+02
1.652800E+01 -5.729047E+02
1.653600E+01 -5.575354E+02
1.654400E+01 -5.770265E+02
1.655200E+01 -5.826920E+02
1.656000E+01 -5.793843E+02
1.656800E+01 -5.868067E+02
1.657600E+01 -5.785701E+02
1.658400E+01 -5.748534E+02
1.659200E+01 -5.881625E+02
1.660000E+01 -5.813653E+02
1.660800E+01 -5.797660E+02
1.661600E+01 -5.955699E+02
1.662400E+01 -5.991227E+02
1.663200E+01 -5.935334E+02
1.664000E+01 -5.825792E+02
1.664800E+01 -5.865611E+02
1.665600E+01 -5.719665E+02
1.666400E+01 -5.500095E+02
1.667200E+01 -5.604315E+02
1.668000E+01 -5.733388E+02
1.668800E+01 -5.741405E+02
1.669600E+01 -5.679717E+02
1.670400E+01 -5.768412E+02
1.671200E+01 -5.764734E+02
1.672000E+01 -5.652570E+02
1.672800E+01 -5.720756E+02
1.673600E+01 -5.829636E+02
1.674400E+01 -5.655230E+02
1.675200E+01 -5.465636E+02
1.676000E+01 -5.540946E+02
1.676800E+01 -5.577865E+02
1.677600E+01 -5.429901E+02
1.678400E+01 -5.391631E+02
1.679200E+01 -5.428798E+02
1.680000E+01 -5.551187E+02
1.680800E+01 -5.553098E+02
1.681600E+01 -5.451927E+02
1.682400E+01 -5.713420E+02
1.683200E+01 -5.806580E+02
1.684000E+01 -5.593559E+02
1.684800E+01 -5.600684E+02
1.685600E+01 -5.683050E+02
1.686400E+01 -5.854363E+02
1.687200E+01 -6.001315E+02
1.688000E+01 -5.754659E+02
1.688800E+01 -5.676995E+02
1.689600E+01 -5.600367E+02
1.690400E+01 -5.732206E+02
1.691200E+01 -5.889218E+02
1.692000E+01 -5.887487E+02
1.692800E+01 -5.938348E+02
1.693600E+01 -5.812448E+02
1.694400E+01 -5.550928E+02
1.695200E+01 -5.540788E+02
1.696000E+01 -5.722343E+02
1.696800E+01 -5.687294E+02
1.697600E+01 -5.479595E+02
1.698400E+01 -5.414991E+02
1.699200E+01 -5.545446E+02
1.700000E+01 -5.728260E+02
1.700800E+01 -5.711723E+02
1.701600E+01 -5.552314E+02
1.702400E+01 -5.668664E+02
1.703200E+01 -5.605630E+02
1.704000E+01 -5.435624E+02
1.704800E+01 -5.629194E+02
1.705600E+01 -5.719282E+02
1.706400E+01 -5.592243E+02
1.707200E+01 -5.539051E+02
1.708000E+01 -5.408327E+02
1.708800E+01 -5.391396E+02
1.709600E+01 -5.591342E+02
1.710400E+01 -5.679561E+02
1.711200E+01 -5.592711E+02
1.712000E+01 -5.432985E+02
1.712800E+01 -5.480686E+02
1.713600E+01 -5.713951E+02
1.714400E+01 -5.852301E+02
1.715200E+01 -5.732256E+02
1.716000E+01 -5.629477E+02
1.716800E+01 -5.562194E+02
1.717600E+01 -5.401944E+02
1.718400E+01 -5.510877E+02
1.719200E+01 -5.528398E+02
1.720000E+01 -5.437742E+02
1.720800E+01 -5.734703E+02
1.721600E+01 -5.799602E+02
1.722400E+01 -5.650397E+02
1.723200E+01 -5.791441E+02
1.724000E+01 -5.729848E+02
1.724800E+01 -5.612760E+02
1.725600E+01 -5.578377E+02
1.726400E+01 -5.505257E+02
1.727200E+01 -5.547172E+02
1.728000E+01 -5.573093E+02
1.728800E+01 -5.514308E+02
1.729600E+01 -5.526015E+02
1.730400E+01 -5.606479E+02
1.731200E+01 -5.623926E+02
1.732000E+01 -5.651156E+02
1.732800E+01 -5.729647E+02
1.733600E+01 -5.658027E+02
1.734400E+01 -5.548195E+02
1.735200E+01 -5.569504E+02
1.736000E+01 -5.572219E+02
1.736800E+01 -5.582212E+02
1.737600E+01 -5.575566E+02
1.738400E+01 -5.553932E+02
1.739200E+01 -5.633535E+02
1.740000E+01 -5.787977E+02
1.740800E+01 -5.857913E+02
1.741600E+01 -5.802797E+02
1.742400E+01 -5.808861E+02
1.743200E+01 -5.915325E+02
1.744000E+01 -6.018717E+02
1.744800E+01 -5.991716E+02
1.745600E+01 -5.869938E+02
1.746400E+01 -5.791335E+02
1.747200E+01 -5.719562E+02
1.748000E+01 -5.608469E+02
1.748800E+01 -5.534993E+02
1.749600E+01 -5.736942E+02
1.750400E+01 -5.875121E+02
1.751200E+01 -5.834168E+02
1.752000E+01 -5.822143E+02
1.752800E+01 -5.928604E+02
1.753600E+01 -5.987000E+02
1.754400E+01 -5.780787E+02
1.755200E+01 -5.565721E+02
1.756000E+01 -5.690605E+02
1.756800E+01 -5.807717E+02
1.757600E+01 -5.782393E+02
1.758400E+01 -5.835129E+02
1.759200E+01 -5.742254E+02
1.760000E+01 -5.790527E+02
1.760800E+01 -6.021926E+02
1.761600E+01 -5.964680E+02
1.762400E+01 -5.768461E+02
1.763200E+01 -5.728445E+02
1.764000E+01 -5.664124E+02
1.764800E+01 -5.701173E+02
1.765600E+01 -5.632684E+02
1.766400E+01 -5.627499E+02
1.767200E+01 -5.783764E+02
1.768000E+01 -5.741856E+02
1.768800E+01 -5.689631E+02
1.769600E+01 -5.681305E+02
1.770400E+01 -5.598973E+02
1.771200E+01 -5.622674E+02
1.772000E+01 -5.662034E+02
1.772800E+01 -5.600191E+02
1.773600E+01 -5.610448E+02
1.774400E+01 -5.532661E+02
1.775200E+01 -5.495757E+02
1.776000E+01 -5.601149E+02
1.776800E+01 -5.751725E+02
1.777600E+01 -5.865752E+02
1.778400E+01 -5.870709E+02
1.779200E+01 -5.621038E+02
1.780000E+01 -5.521875E+02
1.780800E+01 -5.624556E+02
1.781600E+01 -5.554743E+02
1.782400E+01 -5.690326E+02
1.783200E+01 -6.102540E+02
1.784000E+01 -6.128486E+02
1.784800E+01 -6.070900E+02
1.785600E+01 -6.112389E+02
1.786400E+01 -5.945670E+02
1.787200E+01 -5.761716E+02
1.788000E+01 -6.002207E+02
1.788800E+01 -5.996165E+02
1.789600E+01 -5.864585E+02
1.790400E+01 -6.124075E+02
1.791200E+01 -6.029638E+02
1.792000E+01 -5.699609E+02
1.792800E+01 -5.843950E+02
1.793600E+01 -5.945775E+02
1.794400E+01 -5.684532E+02
1.795200E+01 -5.563222E+02
1.796000E+01 -5.563113E+02
1.796800E+01 -5.643005E+02
1.797600E+01 -5.572697E+02
1.798400E+01 -5.353938E+02
1.799200E+01 -5.388412E+02
1.800000E+01 -5.437050E+02
1.800800E+01 -5.241632E+02
1.801600E+01 -5.273414E+02
1.802400E+01 -5.331545E+02
1.803200E+01 -5.274045E+02
1.804000E+01 -5.270082E+02
1.804800E+01 -5.344347E+02
1.805600E+01 -5.343050E+02
1.806400E+01 -5.216122E+02
1.807200E+01 -5.316754E+02
1.808000E+01 -5.398943E+02
1.808800E+01 -5.263513E+02
1.809600E+01 -5.283186E+02
1.810400E+01 -5.257019E+02
1.811200E+01 -5.286912E+02
1.812000E+01 -5.268438E+02
1.812800E+01 -5.202963E+02
1.813600E+01 -5.253997E+02
1.814400E+01 -5.308376E+02
1.815200E+01 -5.285033E+02
1.816000E+01 -5.482307E+02
1.816800E+01 -5.639039E+02
1.817600E+01 -5.541347E+02
1.818400E+01 -5.565957E+02
1.819200E+01 -5.610038E+02
1.820000E+01 -5.562779E+02
1.820800E+01 -5.508676E+02
1.821600E+01 -5.389807E+02
1.822400E+01 -5.543393E+02
1.823200E+01 -5.705912E+02
1.824000E+01 -5.493962E+02
1.824800E+01 -5.401915E+02
1.825600E+01 -5.650720E+02
1.826400E+01 -5.586109E+02
1.827200E+01 -5.475121E+02
1.828000E+01 -5.752198E+02
1.828800E+01 -5.864327E+02
1.829600E+01 -5.711732E+02
1.830400E+01 -5.750647E+02
1.831200E+01 -5.730915E+02
1.832000E+01 -5.543196E+02
1.832800E+01 -5.521009E+02
1.833600E+01 -5.575884E+02
1.834400E+01 -5.622813E+02
1.835200E+01 -5.812673E+02
1.836000E+01 -5.650794E+02
1.836800E+01 -5.631935E+02
1.837600E+01 -5.724710E+02
1.838400E+01 -5.662356E+02
1.839200E+01 -5.608600E+02
1.840000E+01 -5.647394E+02
1.840800E+01 -5.537196E+02
1.841600E+01 -5.392405E+02
1.842400E+01 -5.320342E+02
1.843200E+01 -5.224112E+02
1.844000E+01 -5.366307E+02
1.844800E+01 -5.502988E+02
1.845600E+01 -5.490882E+02
1.846400E+01 -5.506562E+02
1.847200E+01 -5.454897E+02
1.848000E+01 -5.419088E+02
1.848800E+01 -5.458863E+02
1.849600E+01 -5.448662E+02
1.850400E+01 -5.524161E+02
1.851200E+01 -5.418409E+02
1.852000E+01 -5.392307E+02
1.852800E+01 -5.618319E+02
1.853600E+01 -5.505709E+02
1.854400E+01 -5.386526E+02
1.855200E+01 -5.667249E+02
1.856000E+01 -5.674923E+02
1.856800E+01 -5.492034E+02
1.857600E+01 -5.704057E+02
1.858400E+01 -5.873554E+02
1.859200E+01 -5.662518E+02
1.860000E+01 -5.637935E+02
1.860800E+01 -5.692913E+02
1.861600E+01 -5.551078E+02
1.862400E+01 -5.659915E+02
1.863200E+01 -5.707503E+02
1.864000E+01 -5.854752E+02
1.864800E+01 -5.791057E+02
1.865600E+01 -5.755686E+02
1.866400E+01 -5.934792E+02
1.867200E+01 -5.792401E+02
1.868000E+01 -5.767008E+02
1.868800E+01 -5.764070E+02
1.869600E+01 -5.958816E+02
1.870400E+01 -5.969259E+02
1.871200E+01 -5.817233E+02
1.872000E+01 -5.764548E+02
1.872800E+01 -5.870523E+02
1.873600E+01 -6.002872E+02
1.874400E+01 -5.893156E+02
1.875200E+01 -5.962624E+02
1.876000E+01 -6.029732E+02
1.876800E+01 -5.861091E+02
1.877600E+01 -5.845991E+02
1.878400E+01 -5.832520E+02
1.879200E+01 -5.981133E+02
1.880000E+01 -5.840800E+02
1.880800E+01 -5.748486E+02
1.881600E+01 -5.961477E+02
1.882400E+01 -5.986447E+02
1.883200E+01 -5.816891E+02
1.884000E+01 -5.933682E+02
1.884800E+01 -5.962923E+02
1.885600E+01 -5.875203E+02
1.886400E+01 -5.992586E+02
1.887200E+01 -5.998477E+02
1.888000E+01 -5.946538E+02
1.888800E+01 -5.982631E+02
1.889600E+01 -5.963096E+02
1.890400E+01 -6.022811E+02
1.891200E+01 -6.022936E+02
1.892000E+01 -5.908491E+02
1.892800E+01 -6.066992E+02
1.893600E+01 -6.158773E+02
1.894400E+01 -5.987553E+02
1.895200E+01 -5.886202E+02
1.896000E+01 -6.105460E+02
1.896800E+01 -6.187229E+02
1.897600E+01 -6.091145E+02
1.898400E+01 -6.289200E+02
1.899200E+01 -6.236855E+02
1.900000E+01 -6.157822E+02
1.900800E+01 -6.155705E+02
1.901600E+01 -6.215800E+02
1.902400E+01 -6.184594E+02
1.903200E+01 -6.028645E+02
1.904000E+01 -6.197650E+02
1.904800E+01 -6.187153E+02
1.905600E+01 -5.983899E+02
1.906400E+01 -6.148590E+02
1.907200E+01 -6.197498E+02
1.908000E+01 -6.171319E+02
1.908800E+01 -6.069238E+02
1.909600E+01 -5.706461E+02
1.910400E+01 -5.803402E+02
1.911200E+01 -6.090791E+02
1.912000E+01 -6.040868E+02
1.912800E+01 -5.912185E+02
1.913600E+01 -5.984979E+02
1.914400E+01 -6.045612E+02
1.915200E+01 -5.944814E+02
1.916000E+01 -5.812449E+02
1.916800E+01 -5.901882E+02
1.917600E+01 -6.063095E+02
1.918400E+01 -6.065529E+02
1.919200E+01 -6.059564E+02
1.920000E+01 -6.159769E+02
1.920800E+01 -6.096622E+02
1.921600E+01 -6.067428E+02
1.922400E+01 -6.213780E+02
1.923200E+01 -6.209775E+02
1.924000E+01 -6.085089E+02
1.924800E+01 -5.928156E+02
1.925600E+01 -6.148336E+02
1.926400E+01 -6.228661E+02
1.927200E+01 -5.959519E+02
1.928000E+01 -5.926502E+02
1.928800E+01 -5.998622E+02
1.929600E+01 -5.924129E+02
1.930400E+01 -5.908605E+02
1.931200E+01 -5.936224E+02
1.932000E+01 -6.093589E+02
1.932800E+01 -6.082584E+02
1.933600E+01 -5.856589E+02
1.934400E+01 -5.976190E+02
1.935200E+01 -6.016811E+02
1.936000E+01 -5.686965E+02
1.936800E+01 -5.652814E+02
1.937600E+01 -5.662723E+02
1.938400E+01 -5.503708E+02
1.939200E+01 -5.752519E+02
1.940000E+01 -5.739270E+02
1.940800E+01 -5.561964E+02
1.941600E+01 -5.869484E+02
1.942400E+01 -5.829607E+02
1.943200E+01 -5.636716E+02
1.944000E+01 -5.791182E+02
1.944800E+01 -5.601734E+02
1.945600E+01 -5.487761E+02
1.946400E+01 -5.673776E+02
1.947200E+01 -5.560146E+02
1.948000E+01 -5.527468E+02
1.948800E+01 -5.599010E+02
1.949600E+01 -5.434438E+02
1.950400E+01 -5.555369E+02
1.951200E+01 -5.856774E+02
1.952000E+01 -5.694979E+02
1.952800E+01 -5.656863E+02
1.953600E+01 -5.724775E+02
1.954400E+01 -5.522886E+02
1.955200E+01 -5.511047E+02
1.956000E+01 -5.554636E+02
1.956800E+01 -5.574050E+02
1.957600E+01 -5.537210E+02
1.958400E+01 -5.462610E+02
1.959200E+01 -5.469841E+02
1.960000E+01 -5.483302E+02
1.960800E+01 -5.401549E+02
1.961600E+01 -5.398728E+02
1.962400E+01 -5.523054E+02
1.963200E+01 -5.625431E+02
1.964000E+01 -5.558352E+02
1.964800E+01 -5.596284E+02
1.965600E+01 -5.705456E+02
1.966400E+01 -5.459618E+02
1.967200E+01 -5.582956E+02
1.968000E+01 -5.546095E+02
1.968800E+01 -5.404075E+02
1.969600E+01 -5.539654E+02
1.970400E+01 -5.349756E+02
1.971200E+01 -5.227750E+02
1.972000E+01 -5.565247E+02
1.972800E+01 -5.770422E+02
1.973600E+01 -5.663659E+02
1.974400E+01 -5.515574E+02
1.975200E+01 -5.259677E+02
1.976000E+01 -5.496341E+02
1.976800E+01 -5.607319E+02
1.977600E+01 -5.316006E+02
1.978400E+01 -5.408388E+02
1.979200E+01 -5.584758E+02
1.980000E+01 -5.326989E+02
1.980800E+01 -5.356077E+02
1.981600E+01 -5.443422E+02
1.982400E+01 -5.477179E+02
1.983200E+01 -5.421873E+02
1.984000E+01 -5.039704E+02
1.984800E+01 -5.010354E+02
1.985600E+01 -5.121560E+02
1.986400E+01 -5.262310E+02
1.987200E+01 -5.607466E+02
1.988000E+01 -5.656188E+02
1.988800E+01 -5.587254E+02
1.989600E+01 -5.619989E+02
1.990400E+01 -5.249982E+02
1.991200E+01 -5.266157E+02
1.992000E+01 -5.763300E+02
1.992800E+01 -5.709957E+02
1.993600E+01 -5.534553E+02
1.994400E+01 -5.421986E+02
1.995200E+01 -5.200871E+02
1.996000E+01 -5.193548E+02
1.996800E+01 -5.329113E+02
1.997600E+01 -5.477988E+02
1.998400E+01 -5.454933E+02
1.999200E+01 -5.368825E+02
2.000000E+01 -5.609991E+02
