8.000000E-03 6.968867E+01
1.600000E-02 6.971607E+01
2.400000E-02 6.970347E+01
3.200000E-02 6.965306E+01
4.000000E-02 6.974255E+01
4.800000E-02 6.985549E+01
5.600000E-02 6.967847E+01
6.400000E-02 6.984578E+01
7.200000E-02 6.987266E+01
8.000000E-02 6.989678E+01
8.800000E-02 6.989299E+01
9.600000E-02 6.985335E+01
1.040000E-01 6.992590E+01
1.120000E-01 6.998681E+01
1.200000E-01 6.993810E+01
1.280000E-01 7.007245E+01
1.360000E-01 7.005869E+01
1.440000E-01 7.008315E+01
1.520000E-01 7.011332E+01
1.600000E-01 7.008906E+01
1.680000E-01 7.012926E+01
1.760000E-01 7.015779E+01
1.840000E-01 7.011945E+01
1.920000E-01 7.014197E+01
2.000000E-01 7.013802E+01
2.080000E-01 7.009320E+01
2.160000E-01 7.017413E+01
2.240000E-01 7.020520E+01
2.320000E-01 7.016825E+01
2.400000E-01 7.013131E+01
2.480000E-01 7.017747E+01
2.560000E-01 7.017099E+01
2.640000E-01 7.015303E+01
2.720000E-01 7.016345E+01
2.800000E-01 7.015899E+01
2.880000E-01 7.013947E+01
2.960000E-01 7.012847E+01
3.040000E-01 7.015404E+01
3.120000E-01 7.013292E+01
3.200000E-01 7.007924E+01
3.280000E-01 7.011019E+01
3.360000E-01 7.010480E+01
3.440000E-01 7.009410E+01
3.520000E-01 7.009534E+01
3.600000E-01 7.005836E+01
3.680000E-01 7.005975E+01
3.760000E-01 7.004323E+01
3.840000E-01 7.003477E+01
3.920000E-01 7.003344E+01
4.000000E-01 7.000424E+01
4.080000E-01 6.998998E+01
4.160000E-01 6.999854E+01
4.240000E-01 6.995924E+01
4.320000E-01 6.995015E+01
4.400000E-01 6.995459E+01
4.480000E-01 6.990862E+01
4.560000E-01 6.993749E+01
4.640000E-01 6.991421E+01
4.720000E-01 6.988001E+01
4.800000E-01 6.989216E+01
4.880000E-01 6.987916E+01
4.960000E-01 6.986749E+01
5.040000E-01 6.986665E+01
5.120000E-01 6.983660E+01
5.200000E-01 6.983834E+01
5.280000E-01 6.984594E+01
5.360000E-01 6.981517E+01
5.440000E-01 6.978965E+01
5.520000E-01 6.981011E+01
5.600000E-01 6.976441E+01
5.680000E-01 6.973725E+01
5.760000E-01 6.977995E+01
5.840000E-01 6.973111E+01
5.920000E-01 6.969426E+01
6.000000E-01 6.972967E+01
6.080000E-01 6.969985E+01
6.160000E-01 6.966649E+01
6.240000E-01 6.968222E+01
6.320000E-01 6.965840E+01
6.400000E-01 6.964068E+01
6.480000E-01 6.964520E+01
6.560000E-01 6.963781E+01
6.640000E-01 6.961610E+01
6.720000E-01 6.960650E+01
6.800000E-01 6.959115E+01
6.880000E-01 6.958080E+01
6.960000E-01 6.956539E+01
7.040000E-01 6.953332E+01
7.120000E-01 6.954280E+01
7.200000E-01 6.952090E+01
7.280000E-01 6.949162E+01
7.360000E-01 6.949652E+01
7.440000E-01 6.946665E+01
7.520000E-01 6.946803E+01
7.600000E-01 6.945314E+01
7.680000E-01 6.944630E+01
7.760000E-01 6.943007E+01
7.840000E-01 6.940916E+01
7.920000E-01 6.940969E+01
8.000000E-01 6.937166E+01
8.080000E-01 6.937804E+01
8.160000E-01 6.937793E+01
8.240000E-01 6.935780E+01
8.320000E-01 6.935345E+01
8.400000E-01 6.934236E+01
8.480000E-01 6.933462E+01
8.560000E-01 6.933061E+01
8.640000E-01 6.931263E+01
8.720000E-01 6.930511E+01
8.800000E-01 6.928697E+01
8.880000E-01 6.928819E+01
8.960000E-01 6.926826E+01
9.040000E-01 6.923881E+01
9.120000E-01 6.926339E+01
9.200000E-01 6.922049E+01
9.280000E-01 6.922122E+01
9.360000E-01 6.921380E+01
9.440000E-01 6.919305E+01
9.520000E-01 6.919332E+01
9.600000E-01 6.918309E+01
9.680000E-01 6.916271E+01
9.760000E-01 6.916478E+01
9.840000E-01 6.915201E+01
9.920000E-01 6.914018E+01
1.000000E+00 6.913977E+01
1.008000E+00 6.913490E+01
1.016000E+00 6.913184E+01
1.024000E+00 6.912372E+01
1.032000E+00 6.912384E+01
1.040000E+00 6.910311E+01
1.048000E+00 6.911360E+01
1.056000E+00 6.913196E+01
1.064000E+00 6.909700E+01
1.072000E+00 6.912872E+01
1.080000E+00 6.911168E+01
1.088000E+00 6.911150E+01
1.096000E+00 6.912858E+01
1.104000E+00 6.911081E+01
1.112000E+00 6.911103E+01
1.120000E+00 6.910772E+01
1.128000E+00 6.910589E+01
1.136000E+00 6.909603E+01
1.144000E+00 6.909506E+01
1.152000E+00 6.911592E+01
1.160000E+00 6.910702E+01
1.168000E+00 6.911424E+01
1.176000E+00 6.910346E+01
1.184000E+00 6.908409E+01
1.192000E+00 6.910458E+01
1.200000E+00 6.913418E+01
1.208000E+00 6.911929E+01
1.216000E+00 6.912192E+01
1.224000E+00 6.914426E+01
1.232000E+00 6.914489E+01
1.240000E+00 6.917318E+01
1.248000E+00 6.917556E+01
1.256000E+00 6.922134E+01
1.264000E+00 6.920261E+01
1.272000E+00 6.923311E+01
1.280000E+00 6.925977E+01
1.288000E+00 6.926947E+01
1.296000E+00 6.930242E+01
1.304000E+00 6.932698E+01
1.312000E+00 6.931579E+01
1.320000E+00 6.937294E+01
1.328000E+00 6.936162E+01
1.336000E+00 6.939246E+01
1.344000E+00 6.942610E+01
1.352000E+00 6.940176E+01
1.360000E+00 6.942331E+01
1.368000E+00 6.944594E+01
1.376000E+00 6.947844E+01
1.384000E+00 6.950310E+01
1.392000E+00 6.950230E+01
1.400000E+00 6.949424E+01
1.408000E+00 6.956081E+01
1.416000E+00 6.951265E+01
1.424000E+00 6.953541E+01
1.432000E+00 6.958231E+01
1.440000E+00 6.956629E+01
1.448000E+00 6.959244E+01
1.456000E+00 6.961797E+01
1.464000E+00 6.960825E+01
1.472000E+00 6.964205E+01
1.480000E+00 6.964340E+01
1.488000E+00 6.963704E+01
1.496000E+00 6.968737E+01
1.504000E+00 6.966894E+01
1.512000E+00 6.966923E+01
1.520000E+00 6.967856E+01
1.528000E+00 6.971507E+01
1.536000E+00 6.969359E+01
1.544000E+00 6.970850E+01
1.552000E+00 6.973279E+01
1.560000E+00 6.971518E+01
1.568000E+00 6.973342E+01
1.576000E+00 6.973765E+01
1.584000E+00 6.972555E+01
1.592000E+00 6.972975E+01
1.600000E+00 6.973750E+01
1.608000E+00 6.971674E+01
1.616000E+00 6.970205E+01
1.624000E+00 6.972450E+01
1.632000E+00 6.969417E+01
1.640000E+00 6.969217E+01
1.648000E+00 6.974250E+01
1.656000E+00 6.970578E+01
1.664000E+00 6.971382E+01
1.672000E+00 6.972744E+01
1.680000E+00 6.971786E+01
1.688000E+00 6.970610E+01
1.696000E+00 6.971091E+01
1.704000E+00 6.972493E+01
1.712000E+00 6.969662E+01
1.720000E+00 6.969404E+01
1.728000E+00 6.970094E+01
1.736000E+00 6.968414E+01
1.744000E+00 6.967012E+01
1.752000E+00 6.967380E+01
1.760000E+00 6.969446E+01
1.768000E+00 6.966723E+01
1.776000E+00 6.964275E+01
1.784000E+00 6.968366E+01
1.792000E+00 6.964037E+01
1.800000E+00 6.966336E+01
1.808000E+00 6.968168E+01
1.816000E+00 6.963305E+01
1.824000E+00 6.967313E+01
1.832000E+00 6.964951E+01
1.840000E+00 6.961871E+01
1.848000E+00 6.964159E+01
1.856000E+00 6.961765E+01
1.864000E+00 6.961006E+01
1.872000E+00 6.961131E+01
1.880000E+00 6.958853E+01
1.888000E+00 6.957324E+01
1.896000E+00 6.958134E+01
1.904000E+00 6.960341E+01
1.912000E+00 6.956818E+01
1.920000E+00 6.956218E+01
1.928000E+00 6.958497E+01
1.936000E+00 6.955892E+01
1.944000E+00 6.956007E+01
1.952000E+00 6.954640E+01
1.960000E+00 6.954879E+01
1.968000E+00 6.954807E+01
1.976000E+00 6.952303E+01
1.984000E+00 6.953515E+01
1.992000E+00 6.952010E+01
2.000000E+00 6.951437E+01
2.008000E+00 6.951594E+01
2.016000E+00 6.949939E+01
2.024000E+00 6.949062E+01
2.032000E+00 6.948405E+01
2.040000E+00 6.946294E+01
2.048000E+00 6.946265E+01
2.056000E+00 6.946277E+01
2.064000E+00 6.944191E+01
2.072000E+00 6.943638E+01
2.080000E+00 6.945356E+01
2.088000E+00 6.943614E+01
2.096000E+00 6.941664E+01
2.104000E+00 6.942554E+01
2.112000E+00 6.945021E+01
2.120000E+00 6.939750E+01
2.128000E+00 6.940721E+01
2.136000E+00 6.940344E+01
2.144000E+00 6.939800E+01
2.152000E+00 6.937995E+01
2.160000E+00 6.936688E+01
2.168000E+00 6.939561E+01
2.176000E+00 6.936684E+01
2.184000E+00 6.937792E+01
2.192000E+00 6.936721E+01
2.200000E+00 6.934301E+01
2.208000E+00 6.937856E+01
2.216000E+00 6.935404E+01
2.224000E+00 6.933702E+01
2.232000E+00 6.934576E+01
2.240000E+00 6.934310E+01
2.248000E+00 6.932393E+01
2.256000E+00 6.932942E+01
2.264000E+00 6.933110E+01
2.272000E+00 6.931120E+01
2.280000E+00 6.930683E+01
2.288000E+00 6.929767E+01
2.296000E+00 6.931486E+01
2.304000E+00 6.932178E+01
2.312000E+00 6.930149E+01
2.320000E+00 6.927663E+01
2.328000E+00 6.929647E+01
2.336000E+00 6.931752E+01
2.344000E+00 6.928787E+01
2.352000E+00 6.928231E+01
2.360000E+00 6.929799E+01
2.368000E+00 6.929639E+01
2.376000E+00 6.927950E+01
2.384000E+00 6.929783E+01
2.392000E+00 6.930068E+01
2.400000E+00 6.929328E+01
2.408000E+00 6.929727E+01
2.416000E+00 6.931575E+01
2.424000E+00 6.930180E+01
2.432000E+00 6.933697E+01
2.440000E+00 6.932093E+01
2.448000E+00 6.930128E+01
2.456000E+00 6.930299E+01
2.464000E+00 6.931402E+01
2.472000E+00 6.931172E+01
2.480000E+00 6.931081E+01
2.488000E+00 6.931194E+01
2.496000E+00 6.931622E+01
2.504000E+00 6.934599E+01
2.512000E+00 6.933634E+01
2.520000E+00 6.929998E+01
2.528000E+00 6.932069E+01
2.536000E+00 6.932896E+01
2.544000E+00 6.933867E+01
2.552000E+00 6.932970E+01
2.560000E+00 6.934995E+01
2.568000E+00 6.935189E+01
2.576000E+00 6.932594E+01
2.584000E+00 6.931532E+01
2.592000E+00 6.931949E+01
2.600000E+00 6.934564E+01
2.608000E+00 6.935432E+01
2.616000E+00 6.932564E+01
2.624000E+00 6.934719E+01
2.632000E+00 6.933080E+01
2.640000E+00 6.933577E+01
2.648000E+00 6.932786E+01
2.656000E+00 6.932825E+01
2.664000E+00 6.935512E+01
2.672000E+00 6.935958E+01
2.680000E+00 6.934340E+01
2.688000E+00 6.933610E+01
2.696000E+00 6.935014E+01
2.704000E+00 6.935029E+01
2.712000E+00 6.933587E+01
2.720000E+00 6.931964E+01
2.728000E+00 6.936302E+01
2.736000E+00 6.936234E+01
2.744000E+00 6.932351E+01
2.752000E+00 6.935862E+01
2.760000E+00 6.934205E+01
2.768000E+00 6.934068E+01
2.776000E+00 6.936146E+01
2.784000E+00 6.935131E+01
2.792000E+00 6.937216E+01
2.800000E+00 6.939537E+01
2.808000E+00 6.937521E+01
2.816000E+00 6.935763E+01
2.824000E+00 6.933274E+01
2.832000E+00 6.942616E+01
2.840000E+00 6.937651E+01
2.848000E+00 6.937801E+01
2.856000E+00 6.941737E+01
2.864000E+00 6.937849E+01
2.872000E+00 6.942213E+01
2.880000E+00 6.936735E+01
2.888000E+00 6.941877E+01
2.896000E+00 6.940346E+01
2.904000E+00 6.939788E+01
2.912000E+00 6.942227E+01
2.920000E+00 6.939390E+01
2.928000E+00 6.936678E+01
2.936000E+00 6.942909E+01
2.944000E+00 6.942207E+01
2.952000E+00 6.941171E+01
2.960000E+00 6.940902E+01
2.968000E+00 6.942273E+01
2.976000E+00 6.942263E+01
2.984000E+00 6.941054E+01
2.992000E+00 6.942529E+01
3.000000E+00 6.943686E+01
3.008000E+00 6.943688E+01
3.016000E+00 6.941805E+01
3.024000E+00 6.941669E+01
3.032000E+00 6.942800E+01
3.040000E+00 6.940091E+01
3.048000E+00 6.941314E+01
3.056000E+00 6.943316E+01
3.064000E+00 6.942674E+01
3.072000E+00 6.941303E+01
3.080000E+00 6.938872E+01
3.088000E+00 6.947904E+01
3.096000E+00 6.942201E+01
3.104000E+00 6.939099E+01
3.112000E+00 6.944103E+01
3.120000E+00 6.941121E+01
3.128000E+00 6.944388E+01
3.136000E+00 6.942915E+01
3.144000E+00 6.939958E+01
3.152000E+00 6.945244E+01
3.160000E+00 6.938978E+01
3.168000E+00 6.942085E+01
3.176000E+00 6.942397E+01
3.184000E+00 6.941450E+01
3.192000E+00 6.941648E+01
3.200000E+00 6.939272E+01
3.208000E+00 6.941231E+01
3.216000E+00 6.939951E+01
3.224000E+00 6.937663E+01
3.232000E+00 6.938831E+01
3.240000E+00 6.939441E+01
3.248000E+00 6.935670E+01
3.256000E+00 6.938119E+01
3.264000E+00 6.936608E+01
3.272000E+00 6.934275E+01
3.280000E+00 6.938053E+01
3.288000E+00 6.934415E+01
3.296000E+00 6.935667E+01
3.304000E+00 6.933178E+01
3.312000E+00 6.932859E+01
3.320000E+00 6.931625E+01
3.328000E+00 6.933418E+01
3.336000E+00 6.931259E+01
3.344000E+00 6.928671E+01
3.352000E+00 6.932914E+01
3.360000E+00 6.930275E+01
3.368000E+00 6.928451E+01
3.376000E+00 6.926133E+01
3.384000E+00 6.926999E+01
3.392000E+00 6.930438E+01
3.400000E+00 6.925908E+01
3.408000E+00 6.926793E+01
3.416000E+00 6.925864E+01
3.424000E+00 6.926699E+01
3.432000E+00 6.926763E+01
3.440000E+00 6.924628E+01
3.448000E+00 6.928086E+01
3.456000E+00 6.924901E+01
3.464000E+00 6.924613E+01
3.472000E+00 6.926353E+01
3.480000E+00 6.925542E+01
3.488000E+00 6.926130E+01
3.496000E+00 6.924763E+01
3.504000E+00 6.923393E+01
3.512000E+00 6.923634E+01
3.520000E+00 6.921957E+01
3.528000E+00 6.925137E+01
3.536000E+00 6.923016E+01
3.544000E+00 6.921872E+01
3.552000E+00 6.923398E+01
3.560000E+00 6.921281E+01
3.568000E+00 6.923248E+01
3.576000E+00 6.925395E+01
3.584000E+00 6.922944E+01
3.592000E+00 6.924044E+01
3.600000E+00 6.921134E+01
3.608000E+00 6.925782E+01
3.616000E+00 6.925443E+01
3.624000E+00 6.921142E+01
3.632000E+00 6.924398E+01
3.640000E+00 6.922496E+01
3.648000E+00 6.923468E+01
3.656000E+00 6.921684E+01
3.664000E+00 6.921957E+01
3.672000E+00 6.923589E+01
3.680000E+00 6.926077E+01
3.688000E+00 6.919524E+01
3.696000E+00 6.922165E+01
3.704000E+00 6.925782E+01
3.712000E+00 6.919542E+01
3.720000E+00 6.926067E+01
3.728000E+00 6.924443E+01
3.736000E+00 6.919270E+01
3.744000E+00 6.922105E+01
3.752000E+00 6.922809E+01
3.760000E+00 6.923074E+01
3.768000E+00 6.921702E+01
3.776000E+00 6.921528E+01
3.784000E+00 6.920019E+01
3.792000E+00 6.921155E+01
3.800000E+00 6.920957E+01
3.808000E+00 6.919728E+01
3.816000E+00 6.920160E+01
3.824000E+00 6.918880E+01
3.832000E+00 6.918674E+01
3.840000E+00 6.920835E+01
3.848000E+00 6.924108E+01
3.856000E+00 6.918639E+01
3.864000E+00 6.921662E+01
3.872000E+00 6.923651E+01
3.880000E+00 6.918763E+01
3.888000E+00 6.923142E+01
3.896000E+00 6.924830E+01
3.904000E+00 6.921686E+01
3.912000E+00 6.923913E+01
3.920000E+00 6.925514E+01
3.928000E+00 6.924464E+01
3.936000E+00 6.922363E+01
3.944000E+00 6.925011E+01
3.952000E+00 6.924300E+01
3.960000E+00 6.923397E+01
3.968000E+00 6.922394E+01
3.976000E+00 6.924820E+01
3.984000E+00 6.920689E+01
3.992000E+00 6.924285E+01
4.000000E+00 6.928054E+01
4.008000E+00 6.922277E+01
4.016000E+00 6.924667E+01
4.024000E+00 6.924719E+01
4.032000E+00 6.925113E+01
4.040000E+00 6.927609E+01
4.048000E+00 6.928101E+01
4.056000E+00 6.925090E+01
4.064000E+00 6.926585E+01
4.072000E+00 6.931376E+01
4.080000E+00 6.924729E+01
4.088000E+00 6.932239E+01
4.096000E+00 6.934496E+01
4.104000E+00 6.930703E+01
4.112000E+00 6.932500E+01
4.120000E+00 6.933893E+01
4.128000E+00 6.934904E+01
4.136000E+00 6.933987E+01
4.144000E+00 6.934813E+01
4.152000E+00 6.938367E+01
4.160000E+00 6.934616E+01
4.168000E+00 6.933882E+01
4.176000E+00 6.937529E+01
4.184000E+00 6.937535E+01
4.192000E+00 6.935436E+01
4.200000E+00 6.938219E+01
4.208000E+00 6.936481E+01
4.216000E+00 6.936200E+01
4.224000E+00 6.935234E+01
4.232000E+00 6.936884E+01
4.240000E+00 6.937650E+01
4.248000E+00 6.936042E+01
4.256000E+00 6.934933E+01
4.264000E+00 6.936329E+01
4.272000E+00 6.938539E+01
4.280000E+00 6.936018E+01
4.288000E+00 6.937616E+01
4.296000E+00 6.938174E+01
4.304000E+00 6.931904E+01
4.312000E+00 6.939223E+01
4.320000E+00 6.936055E+01
4.328000E+00 6.935744E+01
4.336000E+00 6.938048E+01
4.344000E+00 6.935428E+01
4.352000E+00 6.939715E+01
4.360000E+00 6.936486E+01
4.368000E+00 6.934102E+01
4.376000E+00 6.940804E+01
4.384000E+00 6.938275E+01
4.392000E+00 6.940667E+01
4.400000E+00 6.938208E+01
4.408000E+00 6.939741E+01
4.416000E+00 6.943887E+01
4.424000E+00 6.936355E+01
4.432000E+00 6.940370E+01
4.440000E+00 6.941863E+01
4.448000E+00 6.940061E+01
4.456000E+00 6.940465E+01
4.464000E+00 6.940101E+01
4.472000E+00 6.939905E+01
4.480000E+00 6.937318E+01
4.488000E+00 6.941707E+01
4.496000E+00 6.940983E+01
4.504000E+00 6.939114E+01
4.512000E+00 6.942358E+01
4.520000E+00 6.939372E+01
4.528000E+00 6.939741E+01
4.536000E+00 6.942019E+01
4.544000E+00 6.939355E+01
4.552000E+00 6.937533E+01
4.560000E+00 6.941783E+01
4.568000E+00 6.939775E+01
4.576000E+00 6.940988E+01
4.584000E+00 6.940205E+01
4.592000E+00 6.938979E+01
4.600000E+00 6.938874E+01
4.608000E+00 6.939841E+01
4.616000E+00 6.940915E+01
4.624000E+00 6.939733E+01
4.632000E+00 6.938805E+01
4.640000E+00 6.943778E+01
4.648000E+00 6.941610E+01
4.656000E+00 6.939802E+01
4.664000E+00 6.938979E+01
4.672000E+00 6.942663E+01
4.680000E+00 6.936789E+01
4.688000E+00 6.937194E+01
4.696000E+00 6.943735E+01
4.704000E+00 6.941785E+01
4.712000E+00 6.941491E+01
4.720000E+00 6.938144E+01
4.728000E+00 6.945049E+01
4.736000E+00 6.942743E+01
4.744000E+00 6.940749E+01
4.752000E+00 6.947274E+01
4.760000E+00 6.939897E+01
4.768000E+00 6.945249E+01
4.776000E+00 6.944592E+01
4.784000E+00 6.941866E+01
4.792000E+00 6.941043E+01
4.800000E+00 6.946787E+01
4.808000E+00 6.942428E+01
4.816000E+00 6.949703E+01
4.824000E+00 6.946784E+01
4.832000E+00 6.942306E+01
4.840000E+00 6.949659E+01
4.848000E+00 6.944826E+01
4.856000E+00 6.950746E+01
4.864000E+00 6.950433E+01
4.872000E+00 6.944639E+01
4.880000E+00 6.949216E+01
4.888000E+00 6.952381E+01
4.896000E+00 6.946720E+01
4.904000E+00 6.949233E+01
4.912000E+00 6.949353E+01
4.920000E+00 6.944590E+01
4.928000E+00 6.948567E+01
4.936000E+00 6.950002E+01
4.944000E+00 6.948596E+01
4.952000E+00 6.946506E+01
4.960000E+00 6.944504E+01
4.968000E+00 6.947511E+01
4.976000E+00 6.947548E+01
4.984000E+00 6.944775E+01
4.992000E+00 6.951213E+01
5.000000E+00 6.945728E+01
5.008000E+00 6.943503E+01
5.016000E+00 6.947600E+01
5.024000E+00 6.944600E+01
5.032000E+00 6.945735E+01
5.040000E+00 6.942764E+01
5.048000E+00 6.943647E+01
5.056000E+00 6.945338E+01
5.064000E+00 6.942042E+01
5.072000E+00 6.945185E+01
5.080000E+00 6.940245E+01
5.088000E+00 6.941285E+01
5.096000E+00 6.940631E+01
5.104000E+00 6.945839E+01
5.112000E+00 6.941331E+01
5.120000E+00 6.943216E+01
5.128000E+00 6.943810E+01
5.136000E+00 6.941644E+01
5.144000E+00 6.942662E+01
5.152000E+00 6.943806E+01
5.160000E+00 6.941690E+01
5.168000E+00 6.943737E+01
5.176000E+00 6.940788E+01
5.184000E+00 6.940901E+01
5.192000E+00 6.943616E+01
5.200000E+00 6.937112E+01
5.208000E+00 6.937594E+01
5.216000E+00 6.938017E+01
5.224000E+00 6.939101E+01
5.232000E+00 6.937167E+01
5.240000E+00 6.933637E+01
5.248000E+00 6.939553E+01
5.256000E+00 6.935630E+01
5.264000E+00 6.933572E+01
5.272000E+00 6.934935E+01
5.280000E+00 6.931570E+01
5.288000E+00 6.935374E+01
5.296000E+00 6.933632E+01
5.304000E+00 6.929779E+01
5.312000E+00 6.933786E+01
5.320000E+00 6.931686E+01
5.328000E+00 6.931156E+01
5.336000E+00 6.931730E+01
5.344000E+00 6.932146E+01
5.352000E+00 6.929321E+01
5.360000E+00 6.934711E+01
5.368000E+00 6.931601E+01
5.376000E+00 6.930291E+01
5.384000E+00 6.934377E+01
5.392000E+00 6.934702E+01
5.400000E+00 6.929582E+01
5.408000E+00 6.932493E+01
5.416000E+00 6.933520E+01
5.424000E+00 6.935005E+01
5.432000E+00 6.932682E+01
5.440000E+00 6.932673E+01
5.448000E+00 6.934980E+01
5.456000E+00 6.931082E+01
5.464000E+00 6.935433E+01
5.472000E+00 6.933562E+01
5.480000E+00 6.929647E+01
5.488000E+00 6.934418E+01
5.496000E+00 6.930595E+01
5.504000E+00 6.928302E+01
5.512000E+00 6.930854E+01
5.520000E+00 6.926427E+01
5.528000E+00 6.928457E+01
5.536000E+00 6.929262E+01
5.544000E+00 6.930187E+01
5.552000E+00 6.926769E+01
5.560000E+00 6.927950E+01
5.568000E+00 6.932469E+01
5.576000E+00 6.929385E+01
5.584000E+00 6.928319E+01
5.592000E+00 6.930488E+01
5.600000E+00 6.930202E+01
5.608000E+00 6.928657E+01
5.616000E+00 6.928814E+01
5.624000E+00 6.927872E+01
5.632000E+00 6.925907E+01
5.640000E+00 6.929579E+01
5.648000E+00 6.929339E+01
5.656000E+00 6.928647E+01
5.664000E+00 6.926664E+01
5.672000E+00 6.926281E+01
5.680000E+00 6.931892E+01
5.688000E+00 6.927813E+01
5.696000E+00 6.925621E+01
5.704000E+00 6.928186E+01
5.712000E+00 6.929870E+01
5.720000E+00 6.924608E+01
5.728000E+00 6.927302E+01
5.736000E+00 6.930925E+01
5.744000E+00 6.929294E+01
5.752000E+00 6.927302E+01
5.760000E+00 6.927928E+01
5.768000E+00 6.931004E+01
5.776000E+00 6.929118E+01
5.784000E+00 6.930599E+01
5.792000E+00 6.932952E+01
5.800000E+00 6.932162E+01
5.808000E+00 6.930963E+01
5.816000E+00 6.930424E+01
5.824000E+00 6.933265E+01
5.832000E+00 6.932212E+01
5.840000E+00 6.933360E+01
5.848000E+00 6.929547E+01
5.856000E+00 6.933570E+01
5.864000E+00 6.932522E+01
5.872000E+00 6.930391E+01
5.880000E+00 6.933244E+01
5.888000E+00 6.931831E+01
5.896000E+00 6.931070E+01
5.904000E+00 6.934593E+01
5.912000E+00 6.929617E+01
5.920000E+00 6.934772E+01
5.928000E+00 6.932721E+01
5.936000E+00 6.928545E+01
5.944000E+00 6.936559E+01
5.952000E+00 6.933482E+01
5.960000E+00 6.927357E+01
5.968000E+00 6.936053E+01
5.976000E+00 6.933697E+01
5.984000E+00 6.927752E+01
5.992000E+00 6.933596E+01
6.000000E+00 6.933147E+01
6.008000E+00 6.927816E+01
6.016000E+00 6.934493E+01
6.024000E+00 6.932488E+01
6.032000E+00 6.930180E+01
6.040000E+00 6.929331E+01
6.048000E+00 6.933473E+01
6.056000E+00 6.932583E+01
6.064000E+00 6.934830E+01
6.072000E+00 6.936404E+01
6.080000E+00 6.931499E+01
6.088000E+00 6.938912E+01
6.096000E+00 6.937839E+01
6.104000E+00 6.936981E+01
6.112000E+00 6.936875E+01
6.120000E+00 6.937650E+01
6.128000E+00 6.935282E+01
6.136000E+00 6.937585E+01
6.144000E+00 6.937033E+01
6.152000E+00 6.935256E+01
6.160000E+00 6.937636E+01
6.168000E+00 6.936963E+01
6.176000E+00 6.934395E+01
6.184000E+00 6.933095E+01
6.192000E+00 6.939287E+01
6.200000E+00 6.934379E+01
6.208000E+00 6.933008E+01
6.216000E+00 6.938731E+01
6.224000E+00 6.932892E+01
6.232000E+00 6.936328E+01
6.240000E+00 6.938219E+01
6.248000E+00 6.931580E+01
6.256000E+00 6.935798E+01
6.264000E+00 6.937832E+01
6.272000E+00 6.937862E+01
6.280000E+00 6.933594E+01
6.288000E+00 6.934395E+01
6.296000E+00 6.939233E+01
6.304000E+00 6.934132E+01
6.312000E+00 6.935617E+01
6.320000E+00 6.939236E+01
6.328000E+00 6.932245E+01
6.336000E+00 6.935275E+01
6.344000E+00 6.938048E+01
6.352000E+00 6.938570E+01
6.360000E+00 6.935102E+01
6.368000E+00 6.936994E+01
6.376000E+00 6.937744E+01
6.384000E+00 6.935425E+01
6.392000E+00 6.935189E+01
6.400000E+00 6.942287E+01
6.408000E+00 6.935887E+01
6.416000E+00 6.937200E+01
6.424000E+00 6.940634E+01
6.432000E+00 6.934683E+01
6.440000E+00 6.940381E+01
6.448000E+00 6.936562E+01
6.456000E+00 6.934050E+01
6.464000E+00 6.940584E+01
6.472000E+00 6.940706E+01
6.480000E+00 6.934214E+01
6.488000E+00 6.939569E+01
6.496000E+00 6.940115E+01
6.504000E+00 6.937133E+01
6.512000E+00 6.939931E+01
6.520000E+00 6.942411E+01
6.528000E+00 6.941782E+01
6.536000E+00 6.940414E+01
6.544000E+00 6.940656E+01
6.552000E+00 6.941075E+01
6.560000E+00 6.944655E+01
6.568000E+00 6.942724E+01
6.576000E+00 6.942954E+01
6.584000E+00 6.942108E+01
6.592000E+00 6.943260E+01
6.600000E+00 6.943493E+01
6.608000E+00 6.942160E+01
6.616000E+00 6.940233E+01
6.624000E+00 6.939710E+01
6.632000E+00 6.947266E+01
6.640000E+00 6.944435E+01
6.648000E+00 6.940392E+01
6.656000E+00 6.947008E+01
6.664000E+00 6.942613E+01
6.672000E+00 6.945591E+01
6.680000E+00 6.946207E+01
6.688000E+00 6.939835E+01
6.696000E+00 6.948464E+01
6.704000E+00 6.943456E+01
6.712000E+00 6.943580E+01
6.720000E+00 6.947448E+01
6.728000E+00 6.945708E+01
6.736000E+00 6.943683E+01
6.744000E+00 6.947339E+01
6.752000E+00 6.948220E+01
6.760000E+00 6.943946E+01
6.768000E+00 6.942609E+01
6.776000E+00 6.947225E+01
6.784000E+00 6.946233E+01
6.792000E+00 6.943775E+01
6.800000E+00 6.942783E+01
6.808000E+00 6.943844E+01
6.816000E+00 6.946390E+01
6.824000E+00 6.939518E+01
6.832000E+00 6.942831E+01
6.840000E+00 6.943322E+01
6.848000E+00 6.940030E+01
6.856000E+00 6.937784E+01
6.864000E+00 6.942854E+01
6.872000E+00 6.940328E+01
6.880000E+00 6.937913E+01
6.888000E+00 6.941133E+01
6.896000E+00 6.938528E+01
6.904000E+00 6.941594E+01
6.912000E+00 6.936527E+01
6.920000E+00 6.937458E+01
6.928000E+00 6.942851E+01
6.936000E+00 6.934801E+01
6.944000E+00 6.940837E+01
6.952000E+00 6.942907E+01
6.960000E+00 6.936061E+01
6.968000E+00 6.940085E+01
6.976000E+00 6.937974E+01
6.984000E+00 6.941342E+01
6.992000E+00 6.939139E+01
7.000000E+00 6.936268E+01
7.008000E+00 6.938886E+01
7.016000E+00 6.937896E+01
7.024000E+00 6.938596E+01
7.032000E+00 6.936636E+01
7.040000E+00 6.936709E+01
7.048000E+00 6.939847E+01
7.056000E+00 6.935292E+01
7.064000E+00 6.934573E+01
7.072000E+00 6.936577E+01
7.080000E+00 6.936151E+01
7.088000E+00 6.935495E+01
7.096000E+00 6.934701E+01
7.104000E+00 6.937525E+01
7.112000E+00 6.934807E+01
7.120000E+00 6.933628E+01
7.128000E+00 6.935724E+01
7.136000E+00 6.935165E+01
7.144000E+00 6.934511E+01
7.152000E+00 6.935264E+01
7.160000E+00 6.934714E+01
7.168000E+00 6.932118E+01
7.176000E+00 6.933677E+01
7.184000E+00 6.933629E+01
7.192000E+00 6.932186E+01
7.200000E+00 6.934491E+01
7.208000E+00 6.933574E+01
7.216000E+00 6.931834E+01
7.224000E+00 6.934292E+01
7.232000E+00 6.933492E+01
7.240000E+00 6.930253E+01
7.248000E+00 6.934329E+01
7.256000E+00 6.935375E+01
7.264000E+00 6.930659E+01
7.272000E+00 6.933836E+01
7.280000E+00 6.932859E+01
7.288000E+00 6.933295E+01
7.296000E+00 6.932277E+01
7.304000E+00 6.933489E+01
7.312000E+00 6.933577E+01
7.320000E+00 6.932599E+01
7.328000E+00 6.930325E+01
7.336000E+00 6.933586E+01
7.344000E+00 6.932676E+01
7.352000E+00 6.930963E+01
7.360000E+00 6.932777E+01
7.368000E+00 6.932603E+01
7.376000E+00 6.930650E+01
7.384000E+00 6.933049E+01
7.392000E+00 6.931331E+01
7.400000E+00 6.930615E+01
7.408000E+00 6.928280E+01
7.416000E+00 6.928213E+01
7.424000E+00 6.930725E+01
7.432000E+00 6.931113E+01
7.440000E+00 6.928573E+01
7.448000E+00 6.928102E+01
7.456000E+00 6.929392E+01
7.464000E+00 6.929411E+01
7.472000E+00 6.927518E+01
7.480000E+00 6.926771E+01
7.488000E+00 6.926707E+01
7.496000E+00 6.929129E+01
7.504000E+00 6.925582E+01
7.512000E+00 6.924369E+01
7.520000E+00 6.927858E+01
7.528000E+00 6.927304E+01
7.536000E+00 6.925069E+01
7.544000E+00 6.928731E+01
7.552000E+00 6.926614E+01
7.560000E+00 6.925929E+01
7.568000E+00 6.928955E+01
7.576000E+00 6.926974E+01
7.584000E+00 6.925763E+01
7.592000E+00 6.925018E+01
7.600000E+00 6.929918E+01
7.608000E+00 6.928846E+01
7.616000E+00 6.926095E+01
7.624000E+00 6.927320E+01
7.632000E+00 6.928490E+01
7.640000E+00 6.926368E+01
7.648000E+00 6.928388E+01
7.656000E+00 6.926120E+01
7.664000E+00 6.927936E+01
7.672000E+00 6.930268E+01
7.680000E+00 6.928093E+01
7.688000E+00 6.926537E+01
7.696000E+00 6.925762E+01
7.704000E+00 6.929314E+01
7.712000E+00 6.927864E+01
7.720000E+00 6.927571E+01
7.728000E+00 6.933127E+01
7.736000E+00 6.928818E+01
7.744000E+00 6.927461E+01
7.752000E+00 6.929354E+01
7.760000E+00 6.930376E+01
7.768000E+00 6.929252E+01
7.776000E+00 6.932673E+01
7.784000E+00 6.929469E+01
7.792000E+00 6.929661E+01
7.800000E+00 6.932722E+01
7.808000E+00 6.929969E+01
7.816000E+00 6.930162E+01
7.824000E+00 6.929969E+01
7.832000E+00 6.929873E+01
7.840000E+00 6.928194E+01
7.848000E+00 6.929950E+01
7.856000E+00 6.929110E+01
7.864000E+00 6.924688E+01
7.872000E+00 6.928576E+01
7.880000E+00 6.929176E+01
7.888000E+00 6.925074E+01
7.896000E+00 6.928050E+01
7.904000E+00 6.925764E+01
7.912000E+00 6.929263E+01
7.920000E+00 6.928573E+01
7.928000E+00 6.925276E+01
7.936000E+00 6.927712E+01
7.944000E+00 6.928760E+01
7.952000E+00 6.927744E+01
7.960000E+00 6.928656E+01
7.968000E+00 6.924704E+01
7.976000E+00 6.929418E+01
7.984000E+00 6.931716E+01
7.992000E+00 6.928170E+01
8.000000E+00 6.928030E+01
8.008000E+00 6.928942E+01
8.016000E+00 6.931149E+01
8.024000E+00 6.928401E+01
8.032000E+00 6.928145E+01
8.040000E+00 6.933730E+01
8.048000E+00 6.928419E+01
8.056000E+00 6.930462E+01
8.064000E+00 6.927736E+01
8.072000E+00 6.931009E+01
8.080000E+00 6.933562E+01
8.088000E+00 6.931960E+01
8.096000E+00 6.932639E+01
8.104000E+00 6.929121E+01
8.112000E+00 6.935009E+01
8.120000E+00 6.932646E+01
8.128000E+00 6.928162E+01
8.136000E+00 6.937204E+01
8.144000E+00 6.934780E+01
8.152000E+00 6.932006E+01
8.160000E+00 6.934486E+01
8.168000E+00 6.934532E+01
8.176000E+00 6.936611E+01
8.184000E+00 6.934257E+01
8.192000E+00 6.931104E+01
8.200000E+00 6.935491E+01
8.208000E+00 6.935160E+01
8.216000E+00 6.936669E+01
8.224000E+00 6.933656E+01
8.232000E+00 6.934751E+01
8.240000E+00 6.937584E+01
8.248000E+00 6.938275E+01
8.256000E+00 6.938404E+01
8.264000E+00 6.933531E+01
8.272000E+00 6.936431E+01
8.280000E+00 6.938699E+01
8.288000E+00 6.937945E+01
8.296000E+00 6.935621E+01
8.304000E+00 6.937777E+01
8.312000E+00 6.938402E+01
8.320000E+00 6.938642E+01
8.328000E+00 6.937872E+01
8.336000E+00 6.941157E+01
8.344000E+00 6.940919E+01
8.352000E+00 6.940135E+01
8.360000E+00 6.941014E+01
8.368000E+00 6.938615E+01
8.376000E+00 6.944003E+01
8.384000E+00 6.943895E+01
8.392000E+00 6.940246E+01
8.400000E+00 6.942140E+01
8.408000E+00 6.944090E+01
8.416000E+00 6.942629E+01
8.424000E+00 6.944271E+01
8.432000E+00 6.943780E+01
8.440000E+00 6.939945E+01
8.448000E+00 6.944545E+01
8.456000E+00 6.943759E+01
8.464000E+00 6.940666E+01
8.472000E+00 6.941065E+01
8.480000E+00 6.943915E+01
8.488000E+00 6.943088E+01
8.496000E+00 6.939253E+01
8.504000E+00 6.941093E+01
8.512000E+00 6.945405E+01
8.520000E+00 6.939393E+01
8.528000E+00 6.941157E+01
8.536000E+00 6.945687E+01
8.544000E+00 6.936450E+01
8.552000E+00 6.942204E+01
8.560000E+00 6.942059E+01
8.568000E+00 6.941141E+01
8.576000E+00 6.943192E+01
8.584000E+00 6.943282E+01
8.592000E+00 6.939336E+01
8.600000E+00 6.944437E+01
8.608000E+00 6.943377E+01
8.616000E+00 6.940142E+01
8.624000E+00 6.942465E+01
8.632000E+00 6.945196E+01
8.640000E+00 6.943017E+01
8.648000E+00 6.937418E+01
8.656000E+00 6.941977E+01
8.664000E+00 6.942601E+01
8.672000E+00 6.942474E+01
8.680000E+00 6.941436E+01
8.688000E+00 6.939205E+01
8.696000E+00 6.940461E+01
8.704000E+00 6.940369E+01
8.712000E+00 6.940091E+01
8.720000E+00 6.939168E+01
8.728000E+00 6.937939E+01
8.736000E+00 6.937377E+01
8.744000E+00 6.939165E+01
8.752000E+00 6.937787E+01
8.760000E+00 6.935878E+01
8.768000E+00 6.937986E+01
8.776000E+00 6.936709E+01
8.784000E+00 6.934194E+01
8.792000E+00 6.936146E+01
8.800000E+00 6.936639E+01
8.808000E+00 6.934699E+01
8.816000E+00 6.935176E+01
8.824000E+00 6.935919E+01
8.832000E+00 6.934896E+01
8.840000E+00 6.932233E+01
8.848000E+00 6.933341E+01
8.856000E+00 6.936198E+01
8.864000E+00 6.937302E+01
8.872000E+00 6.930700E+01
8.880000E+00 6.934594E+01
8.888000E+00 6.934300E+01
8.896000E+00 6.934909E+01
8.904000E+00 6.936778E+01
8.912000E+00 6.935164E+01
8.920000E+00 6.933883E+01
8.928000E+00 6.935700E+01
8.936000E+00 6.934968E+01
8.944000E+00 6.935176E+01
8.952000E+00 6.936700E+01
8.960000E+00 6.935218E+01
8.968000E+00 6.935110E+01
8.976000E+00 6.934707E+01
8.984000E+00 6.934698E+01
8.992000E+00 6.934738E+01
9.000000E+00 6.932660E+01
9.008000E+00 6.931716E+01
9.016000E+00 6.930375E+01
9.024000E+00 6.929422E+01
9.032000E+00 6.930524E+01
9.040000E+00 6.929049E+01
9.048000E+00 6.925657E+01
9.056000E+00 6.931195E+01
9.064000E+00 6.930134E+01
9.072000E+00 6.925435E+01
9.080000E+00 6.929688E+01
9.088000E+00 6.928049E+01
9.096000E+00 6.927553E+01
9.104000E+00 6.926894E+01
9.112000E+00 6.928417E+01
9.120000E+00 6.928166E+01
9.128000E+00 6.927354E+01
9.136000E+00 6.930609E+01
9.144000E+00 6.930757E+01
9.152000E+00 6.926712E+01
9.160000E+00 6.932147E+01
9.168000E+00 6.929748E+01
9.176000E+00 6.929275E+01
9.184000E+00 6.934025E+01
9.192000E+00 6.932073E+01
9.200000E+00 6.931243E+01
9.208000E+00 6.933052E+01
9.216000E+00 6.931581E+01
9.224000E+00 6.933615E+01
9.232000E+00 6.935249E+01
9.240000E+00 6.934049E+01
9.248000E+00 6.935256E+01
9.256000E+00 6.934761E+01
9.264000E+00 6.933932E+01
9.272000E+00 6.931989E+01
9.280000E+00 6.937866E+01
9.288000E+00 6.934697E+01
9.296000E+00 6.930375E+01
9.304000E+00 6.938449E+01
9.312000E+00 6.934619E+01
9.320000E+00 6.929239E+01
9.328000E+00 6.935899E+01
9.336000E+00 6.934904E+01
9.344000E+00 6.932037E+01
9.352000E+00 6.937377E+01
9.360000E+00 6.933830E+01
9.368000E+00 6.933219E+01
9.376000E+00 6.934561E+01
9.384000E+00 6.932404E+01
9.392000E+00 6.932054E+01
9.400000E+00 6.931119E+01
9.408000E+00 6.931911E+01
9.416000E+00 6.936437E+01
9.424000E+00 6.934501E+01
9.432000E+00 6.931933E+01
9.440000E+00 6.933426E+01
9.448000E+00 6.936666E+01
9.456000E+00 6.933044E+01
9.464000E+00 6.933664E+01
9.472000E+00 6.936375E+01
9.480000E+00 6.933491E+01
9.488000E+00 6.938371E+01
9.496000E+00 6.936325E+01
9.504000E+00 6.932593E+01
9.512000E+00 6.936634E+01
9.520000E+00 6.936598E+01
9.528000E+00 6.935495E+01
9.536000E+00 6.936227E+01
9.544000E+00 6.937604E+01
9.552000E+00 6.935886E+01
9.560000E+00 6.934246E+01
9.568000E+00 6.937033E+01
9.576000E+00 6.937916E+01
9.584000E+00 6.933930E+01
9.592000E+00 6.941045E+01
9.600000E+00 6.936326E+01
9.608000E+00 6.938070E+01
9.616000E+00 6.941784E+01
9.624000E+00 6.934064E+01
9.632000E+00 6.940290E+01
9.640000E+00 6.943834E+01
9.648000E+00 6.934397E+01
9.656000E+00 6.938847E+01
9.664000E+00 6.944830E+01
9.672000E+00 6.940614E+01
9.680000E+00 6.942287E+01
9.688000E+00 6.942199E+01
9.696000E+00 6.945972E+01
9.704000E+00 6.943902E+01
9.712000E+00 6.940905E+01
9.720000E+00 6.945842E+01
9.728000E+00 6.945211E+01
9.736000E+00 6.941780E+01
9.744000E+00 6.946242E+01
9.752000E+00 6.949217E+01
9.760000E+00 6.946119E+01
9.768000E+00 6.948236E+01
9.776000E+00 6.950541E+01
9.784000E+00 6.949247E+01
9.792000E+00 6.947044E+01
9.800000E+00 6.949006E+01
9.808000E+00 6.948358E+01
9.816000E+00 6.948480E+01
9.824000E+00 6.951139E+01
9.832000E+00 6.951180E+01
9.840000E+00 6.949932E+01
9.848000E+00 6.949872E+01
9.856000E+00 6.950302E+01
9.864000E+00 6.947599E+01
9.872000E+00 6.950255E+01
9.880000E+00 6.949743E+01
9.888000E+00 6.947867E+01
9.896000E+00 6.950209E+01
9.904000E+00 6.952344E+01
9.912000E+00 6.948100E+01
9.920000E+00 6.948904E+01
9.928000E+00 6.952077E+01
9.936000E+00 6.950812E+01
9.944000E+00 6.951333E+01
9.952000E+00 6.949965E+01
9.960000E+00 6.950078E+01
9.968000E+00 6.952839E+01
9.976000E+00 6.951771E+01
9.984000E+00 6.949982E+01
9.992000E+00 6.952664E+01
1.000000E+01 6.949926E+01
1.000800E+01 6.954013E+01
1.001600E+01 6.953046E+01
1.002400E+01 6.947689E+01
1.003200E+01 6.951474E+01
1.004000E+01 6.951176E+01
1.004800E+01 6.952583E+01
1.005600E+01 6.954204E+01
1.006400E+01 6.949887E+01
1.007200E+01 6.952072E+01
1.008000E+01 6.950753E+01
1.008800E+01 6.953045E+01
1.009600E+01 6.951585E+01
1.010400E+01 6.951223E+01
1.011200E+01 6.952974E+01
1.012000E+01 6.952120E+01
1.012800E+01 6.953117E+01
1.013600E+01 6.952081E+01
1.014400E+01 6.952154E+01
1.015200E+01 6.949376E+01
1.016000E+01 6.953463E+01
1.016800E+01 6.951735E+01
1.017600E+01 6.950183E+01
1.018400E+01 6.951338E+01
1.019200E+01 6.953097E+01
1.020000E+01 6.950913E+01
1.020800E+01 6.952552E+01
1.021600E+01 6.951065E+01
1.022400E+01 6.952596E+01
1.023200E+01 6.950710E+01
1.024000E+01 6.951979E+01
1.024800E+01 6.952997E+01
1.025600E+01 6.951308E+01
1.026400E+01 6.950057E+01
1.027200E+01 6.952304E+01
1.028000E+01 6.951790E+01
1.028800E+01 6.952312E+01
1.029600E+01 6.948372E+01
1.030400E+01 6.950680E+01
1.031200E+01 6.952930E+01
1.032000E+01 6.950363E+01
1.032800E+01 6.949821E+01
1.033600E+01 6.950886E+01
1.034400E+01 6.951512E+01
1.035200E+01 6.948046E+01
1.036000E+01 6.948069E+01
1.036800E+01 6.951264E+01
1.037600E+01 6.949461E+01
1.038400E+01 6.949886E+01
1.039200E+01 6.948806E+01
1.040000E+01 6.946415E+01
1.040800E+01 6.950405E+01
1.041600E+01 6.946196E+01
1.042400E+01 6.945879E+01
1.043200E+01 6.949512E+01
1.044000E+01 6.947188E+01
1.044800E+01 6.944869E+01
1.045600E+01 6.948130E+01
1.046400E+01 6.946839E+01
1.047200E+01 6.947727E+01
1.048000E+01 6.946361E+01
1.048800E+01 6.947616E+01
1.049600E+01 6.947705E+01
1.050400E+01 6.945831E+01
1.051200E+01 6.944079E+01
1.052000E+01 6.947152E+01
1.052800E+01 6.946716E+01
1.053600E+01 6.944338E+01
1.054400E+01 6.944875E+01
1.055200E+01 6.945780E+01
1.056000E+01 6.941821E+01
1.056800E+01 6.946739E+01
1.057600E+01 6.946587E+01
1.058400E+01 6.943582E+01
1.059200E+01 6.943390E+01
1.060000E+01 6.945507E+01
1.060800E+01 6.949246E+01
1.061600E+01 6.945614E+01
1.062400E+01 6.947444E+01
1.063200E+01 6.945164E+01
1.064000E+01 6.948776E+01
1.064800E+01 6.947610E+01
1.065600E+01 6.948429E+01
1.066400E+01 6.949368E+01
1.067200E+01 6.948827E+01
1.068000E+01 6.950175E+01
1.068800E+01 6.950026E+01
1.069600E+01 6.951590E+01
1.070400E+01 6.952054E+01
1.071200E+01 6.951751E+01
1.072000E+01 6.954036E+01
1.072800E+01 6.956599E+01
1.073600E+01 6.955208E+01
1.074400E+01 6.952851E+01
1.075200E+01 6.958090E+01
1.076000E+01 6.957421E+01
1.076800E+01 6.954463E+01
1.077600E+01 6.960284E+01
1.078400E+01 6.958423E+01
1.079200E+01 6.952421E+01
1.080000E+01 6.958602E+01
1.080800E+01 6.957811E+01
1.081600E+01 6.954851E+01
1.082400E+01 6.959292E+01
1.083200E+01 6.958835E+01
1.084000E+01 6.955470E+01
1.084800E+01 6.960639E+01
1.085600E+01 6.961159E+01
1.086400E+01 6.955989E+01
1.087200E+01 6.958410E+01
1.088000E+01 6.959684E+01
1.088800E+01 6.956545E+01
1.089600E+01 6.957581E+01
1.090400E+01 6.959657E+01
1.091200E+01 6.957730E+01
1.092000E+01 6.958991E+01
1.092800E+01 6.959886E+01
1.093600E+01 6.958861E+01
1.094400E+01 6.956837E+01
1.095200E+01 6.960390E+01
1.096000E+01 6.957123E+01
1.096800E+01 6.955644E+01
1.097600E+01 6.959782E+01
1.098400E+01 6.955032E+01
1.099200E+01 6.956589E+01
1.100000E+01 6.961362E+01
1.100800E+01 6.955071E+01
1.101600E+01 6.955407E+01
1.102400E+01 6.959397E+01
1.103200E+01 6.953156E+01
1.104000E+01 6.955090E+01
1.104800E+01 6.956935E+01
1.105600E+01 6.953840E+01
1.106400E+01 6.954745E+01
1.107200E+01 6.957140E+01
1.108000E+01 6.956189E+01
1.108800E+01 6.951277E+01
1.109600E+01 6.951324E+01
1.110400E+01 6.955061E+01
1.111200E+01 6.950868E+01
1.112000E+01 6.951885E+01
1.112800E+01 6.954450E+01
1.113600E+01 6.949059E+01
1.114400E+01 6.949765E+01
1.115200E+01 6.950845E+01
1.116000E+01 6.950282E+01
1.116800E+01 6.946811E+01
1.117600E+01 6.949108E+01
1.118400E+01 6.947231E+01
1.119200E+01 6.949749E+01
1.120000E+01 6.948972E+01
1.120800E+01 6.946847E+01
1.121600E+01 6.948526E+01
1.122400E+01 6.946950E+01
1.123200E+01 6.948906E+01
1.124000E+01 6.949346E+01
1.124800E+01 6.944877E+01
1.125600E+01 6.950843E+01
1.126400E+01 6.948189E+01
1.127200E+01 6.948047E+01
1.128000E+01 6.949771E+01
1.128800E+01 6.944074E+01
1.129600E+01 6.945122E+01
1.130400E+01 6.945369E+01
1.131200E+01 6.946552E+01
1.132000E+01 6.946479E+01
1.132800E+01 6.944625E+01
1.133600E+01 6.944078E+01
1.134400E+01 6.945331E+01
1.135200E+01 6.941671E+01
1.136000E+01 6.942159E+01
1.136800E+01 6.944365E+01
1.137600E+01 6.943246E+01
1.138400E+01 6.938437E+01
1.139200E+01 6.942604E+01
1.140000E+01 6.941427E+01
1.140800E+01 6.938291E+01
1.141600E+01 6.940444E+01
1.142400E+01 6.940041E+01
1.143200E+01 6.937097E+01
1.144000E+01 6.940053E+01
1.144800E+01 6.940415E+01
1.145600E+01 6.939497E+01
1.146400E+01 6.938032E+01
1.147200E+01 6.939766E+01
1.148000E+01 6.942055E+01
1.148800E+01 6.935845E+01
1.149600E+01 6.936755E+01
1.150400E+01 6.941518E+01
1.151200E+01 6.940713E+01
1.152000E+01 6.935982E+01
1.152800E+01 6.940905E+01
1.153600E+01 6.940217E+01
1.154400E+01 6.936753E+01
1.155200E+01 6.937776E+01
1.156000E+01 6.942039E+01
1.156800E+01 6.936377E+01
1.157600E+01 6.940499E+01
1.158400E+01 6.940009E+01
1.159200E+01 6.938423E+01
1.160000E+01 6.941425E+01
1.160800E+01 6.939834E+01
1.161600E+01 6.938172E+01
1.162400E+01 6.942247E+01
1.163200E+01 6.941865E+01
1.164000E+01 6.937042E+01
1.164800E+01 6.941736E+01
1.165600E+01 6.940078E+01
1.166400E+01 6.938367E+01
1.167200E+01 6.941345E+01
1.168000E+01 6.936482E+01
1.168800E+01 6.941211E+01
1.169600E+01 6.939223E+01
1.170400E+01 6.937517E+01
1.171200E+01 6.941926E+01
1.172000E+01 6.938643E+01
1.172800E+01 6.938763E+01
1.173600E+01 6.938919E+01
1.174400E+01 6.937645E+01
1.175200E+01 6.938175E+01
1.176000E+01 6.939095E+01
1.176800E+01 6.939230E+01
1.177600E+01 6.939791E+01
1.178400E+01 6.938522E+01
1.179200E+01 6.940545E+01
1.180000E+01 6.942169E+01
1.180800E+01 6.941881E+01
1.181600E+01 6.940422E+01
1.182400E+01 6.938578E+01
1.183200E+01 6.941662E+01
1.184000E+01 6.940409E+01
1.184800E+01 6.938152E+01
1.185600E+01 6.942630E+01
1.186400E+01 6.940642E+01
1.187200E+01 6.939426E+01
1.188000E+01 6.936923E+01
1.188800E+01 6.942991E+01
1.189600E+01 6.941094E+01
1.190400E+01 6.940637E+01
1.191200E+01 6.944112E+01
1.192000E+01 6.944790E+01
1.192800E+01 6.939915E+01
1.193600E+01 6.943962E+01
1.194400E+01 6.947600E+01
1.195200E+01 6.945182E+01
1.196000E+01 6.939931E+01
1.196800E+01 6.943655E+01
1.197600E+01 6.945152E+01
1.198400E+01 6.945168E+01
1.199200E+01 6.947671E+01
1.200000E+01 6.945578E+01
1.200800E+01 6.948328E+01
1.201600E+01 6.943882E+01
1.202400E+01 6.944681E+01
1.203200E+01 6.949819E+01
1.204000E+01 6.948172E+01
1.204800E+01 6.946672E+01
1.205600E+01 6.946780E+01
1.206400E+01 6.949152E+01
1.207200E+01 6.948416E+01
1.208000E+01 6.948060E+01
1.208800E+01 6.950522E+01
1.209600E+01 6.947518E+01
1.210400E+01 6.950168E+01
1.211200E+01 6.950255E+01
1.212000E+01 6.949126E+01
1.212800E+01 6.948480E+01
1.213600E+01 6.948480E+01
1.214400E+01 6.950533E+01
1.215200E+01 6.947483E+01
1.216000E+01 6.949234E+01
1.216800E+01 6.950707E+01
1.217600E+01 6.948593E+01
1.218400E+01 6.948549E+01
1.219200E+01 6.948963E+01
1.220000E+01 6.949799E+01
1.220800E+01 6.948166E+01
1.221600E+01 6.949152E+01
1.222400E+01 6.950098E+01
1.223200E+01 6.950872E+01
1.224000E+01 6.950352E+01
1.224800E+01 6.951101E+01
1.225600E+01 6.949221E+01
1.226400E+01 6.952088E+01
1.227200E+01 6.949330E+01
1.228000E+01 6.950240E+01
1.228800E+01 6.953768E+01
1.229600E+01 6.950382E+01
1.230400E+01 6.949249E+01
1.231200E+01 6.952047E+01
1.232000E+01 6.953885E+01
1.232800E+01 6.950899E+01
1.233600E+01 6.949754E+01
1.234400E+01 6.950435E+01
1.235200E+01 6.951819E+01
1.236000E+01 6.948534E+01
1.236800E+01 6.948751E+01
1.237600E+01 6.951057E+01
1.238400E+01 6.945309E+01
1.239200E+01 6.947732E+01
1.240000E+01 6.949361E+01
1.240800E+01 6.947897E+01
1.241600E+01 6.949784E+01
1.242400E+01 6.942863E+01
1.243200E+01 6.950367E+01
1.244000E+01 6.949022E+01
1.244800E+01 6.942893E+01
1.245600E+01 6.947435E+01
1.246400E+01 6.943433E+01
1.247200E+01 6.947111E+01
1.248000E+01 6.942909E+01
1.248800E+01 6.943474E+01
1.249600E+01 6.944693E+01
1.250400E+01 6.938414E+01
1.251200E+01 6.943484E+01
1.252000E+01 6.939846E+01
1.252800E+01 6.941546E+01
1.253600E+01 6.945896E+01
1.254400E+01 6.938848E+01
1.255200E+01 6.941987E+01
1.256000E+01 6.943806E+01
1.256800E+01 6.938467E+01
1.257600E+01 6.942149E+01
1.258400E+01 6.941503E+01
1.259200E+01 6.938933E+01
1.260000E+01 6.942792E+01
1.260800E+01 6.940895E+01
1.261600E+01 6.938603E+01
1.262400E+01 6.939150E+01
1.263200E+01 6.943035E+01
1.264000E+01 6.937710E+01
1.264800E+01 6.939408E+01
1.265600E+01 6.941452E+01
1.266400E+01 6.938763E+01
1.267200E+01 6.939470E+01
1.268000E+01 6.937760E+01
1.268800E+01 6.937070E+01
1.269600E+01 6.938254E+01
1.270400E+01 6.941689E+01
1.271200E+01 6.938196E+01
1.272000E+01 6.933816E+01
1.272800E+01 6.939913E+01
1.273600E+01 6.937823E+01
1.274400E+01 6.933927E+01
1.275200E+01 6.934552E+01
1.276000E+01 6.940039E+01
1.276800E+01 6.932375E+01
1.277600E+01 6.932063E+01
1.278400E+01 6.939532E+01
1.279200E+01 6.935385E+01
1.280000E+01 6.933628E+01
1.280800E+01 6.937845E+01
1.281600E+01 6.935770E+01
1.282400E+01 6.935097E+01
1.283200E+01 6.936225E+01
1.284000E+01 6.936758E+01
1.284800E+01 6.934549E+01
1.285600E+01 6.939538E+01
1.286400E+01 6.936713E+01
1.287200E+01 6.932282E+01
1.288000E+01 6.938057E+01
1.288800E+01 6.938900E+01
1.289600E+01 6.936714E+01
1.290400E+01 6.936438E+01
1.291200E+01 6.936852E+01
1.292000E+01 6.936407E+01
1.292800E+01 6.936363E+01
1.293600E+01 6.933455E+01
1.294400E+01 6.936575E+01
1.295200E+01 6.935439E+01
1.296000E+01 6.935284E+01
1.296800E+01 6.937522E+01
1.297600E+01 6.933591E+01
1.298400E+01 6.932970E+01
1.299200E+01 6.933920E+01
1.300000E+01 6.933646E+01
1.300800E+01 6.939363E+01
1.301600E+01 6.934446E+01
1.302400E+01 6.932917E+01
1.303200E+01 6.939370E+01
1.304000E+01 6.935524E+01
1.304800E+01 6.935689E+01
1.305600E+01 6.935833E+01
1.306400E+01 6.938918E+01
1.307200E+01 6.937159E+01
1.308000E+01 6.935838E+01
1.308800E+01 6.935826E+01
1.309600E+01 6.939001E+01
1.310400E+01 6.938392E+01
1.311200E+01 6.935018E+01
1.312000E+01 6.937160E+01
1.312800E+01 6.940328E+01
1.313600E+01 6.940713E+01
1.314400E+01 6.936328E+01
1.315200E+01 6.940464E+01
1.316000E+01 6.943334E+01
1.316800E+01 6.939715E+01
1.317600E+01 6.941166E+01
1.318400E+01 6.942473E+01
1.319200E+01 6.943375E+01
1.320000E+01 6.943460E+01
1.320800E+01 6.943621E+01
1.321600E+01 6.943882E+01
1.322400E+01 6.942570E+01
1.323200E+01 6.946757E+01
1.324000E+01 6.946468E+01
1.324800E+01 6.942939E+01
1.325600E+01 6.946458E+01
1.326400E+01 6.946310E+01
1.327200E+01 6.941313E+01
1.328000E+01 6.945744E+01
1.328800E+01 6.945565E+01
1.329600E+01 6.945162E+01
1.330400E+01 6.943430E+01
1.331200E+01 6.942789E+01
1.332000E+01 6.945596E+01
1.332800E+01 6.944982E+01
1.333600E+01 6.939238E+01
1.334400E+01 6.946050E+01
1.335200E+01 6.941588E+01
1.336000E+01 6.940777E+01
1.336800E+01 6.942342E+01
1.337600E+01 6.939827E+01
1.338400E+01 6.945345E+01
1.339200E+01 6.939650E+01
1.340000E+01 6.938409E+01
1.340800E+01 6.943938E+01
1.341600E+01 6.940917E+01
1.342400E+01 6.940441E+01
1.343200E+01 6.939928E+01
1.344000E+01 6.940681E+01
1.344800E+01 6.941669E+01
1.345600E+01 6.942393E+01
1.346400E+01 6.942330E+01
1.347200E+01 6.942816E+01
1.348000E+01 6.942369E+01
1.348800E+01 6.941689E+01
1.349600E+01 6.941600E+01
1.350400E+01 6.940674E+01
1.351200E+01 6.941885E+01
1.352000E+01 6.945172E+01
1.352800E+01 6.941691E+01
1.353600E+01 6.942459E+01
1.354400E+01 6.943852E+01
1.355200E+01 6.942514E+01
1.356000E+01 6.942386E+01
1.356800E+01 6.945297E+01
1.357600E+01 6.942272E+01
1.358400E+01 6.944307E+01
1.359200E+01 6.946193E+01
1.360000E+01 6.945863E+01
1.360800E+01 6.946566E+01
1.361600E+01 6.943460E+01
1.362400E+01 6.944420E+01
1.363200E+01 6.946324E+01
1.364000E+01 6.946948E+01
1.364800E+01 6.944060E+01
1.365600E+01 6.947675E+01
1.366400E+01 6.948050E+01
1.367200E+01 6.946537E+01
1.368000E+01 6.945313E+01
1.368800E+01 6.946383E+01
1.369600E+01 6.945924E+01
1.370400E+01 6.948789E+01
1.371200E+01 6.949214E+01
1.372000E+01 6.944352E+01
1.372800E+01 6.949533E+01
1.373600E+01 6.946232E+01
1.374400E+01 6.945985E+01
1.375200E+01 6.949597E+01
1.376000E+01 6.947267E+01
1.376800E+01 6.947837E+01
1.377600E+01 6.949075E+01
1.378400E+01 6.947941E+01
1.379200E+01 6.948620E+01
1.380000E+01 6.950351E+01
1.380800E+01 6.947989E+01
1.381600E+01 6.949573E+01
1.382400E+01 6.951116E+01
1.383200E+01 6.947063E+01
1.384000E+01 6.950813E+01
1.384800E+01 6.953830E+01
1.385600E+01 6.951860E+01
1.386400E+01 6.950197E+01
1.387200E+01 6.951415E+01
1.388000E+01 6.952209E+01
1.388800E+01 6.951951E+01
1.389600E+01 6.955218E+01
1.390400E+01 6.951474E+01
1.391200E+01 6.951122E+01
1.392000E+01 6.953167E+01
1.392800E+01 6.952569E+01
1.393600E+01 6.951167E+01
1.394400E+01 6.954117E+01
1.395200E+01 6.953247E+01
1.396000E+01 6.949302E+01
1.396800E+01 6.950472E+01
1.397600E+01 6.951357E+01
1.398400E+01 6.948796E+01
1.399200E+01 6.945811E+01
1.400000E+01 6.947598E+01
1.400800E+01 6.951209E+01
1.401600E+01 6.947744E+01
1.402400E+01 6.948823E+01
1.403200E+01 6.951017E+01
1.404000E+01 6.949975E+01
1.404800E+01 6.951857E+01
1.405600E+01 6.952174E+01
1.406400E+01 6.949469E+01
1.407200E+01 6.949681E+01
1.408000E+01 6.951257E+01
1.408800E+01 6.950365E+01
1.409600E+01 6.950276E+01
1.410400E+01 6.951363E+01
1.411200E+01 6.949631E+01
1.412000E+01 6.947507E+01
1.412800E+01 6.950875E+01
1.413600E+01 6.950159E+01
1.414400E+01 6.946595E+01
1.415200E+01 6.947816E+01
1.416000E+01 6.948870E+01
1.416800E+01 6.947250E+01
1.417600E+01 6.949244E+01
1.418400E+01 6.944020E+01
1.419200E+01 6.945573E+01
1.420000E+01 6.949984E+01
1.420800E+01 6.943598E+01
1.421600E+01 6.945965E+01
1.422400E+01 6.949739E+01
1.423200E+01 6.944875E+01
1.424000E+01 6.945473E+01
1.424800E+01 6.948030E+01
1.425600E+01 6.943049E+01
1.426400E+01 6.946361E+01
1.427200E+01 6.946498E+01
1.428000E+01 6.946119E+01
1.428800E+01 6.948897E+01
1.429600E+01 6.947580E+01
1.430400E+01 6.945936E+01
1.431200E+01 6.945197E+01
1.432000E+01 6.952209E+01
1.432800E+01 6.942519E+01
1.433600E+01 6.949734E+01
1.434400E+01 6.947156E+01
1.435200E+01 6.942902E+01
1.436000E+01 6.948169E+01
1.436800E+01 6.946620E+01
1.437600E+01 6.944775E+01
1.438400E+01 6.948515E+01
1.439200E+01 6.946909E+01
1.440000E+01 6.948003E+01
1.440800E+01 6.948051E+01
1.441600E+01 6.947613E+01
1.442400E+01 6.948395E+01
1.443200E+01 6.947308E+01
1.444000E+01 6.945853E+01
1.444800E+01 6.949626E+01
1.445600E+01 6.949944E+01
1.446400E+01 6.949150E+01
1.447200E+01 6.948596E+01
1.448000E+01 6.948846E+01
1.448800E+01 6.950763E+01
1.449600E+01 6.946919E+01
1.450400E+01 6.948892E+01
1.451200E+01 6.948017E+01
1.452000E+01 6.948793E+01
1.452800E+01 6.947082E+01
1.453600E+01 6.949123E+01
1.454400E+01 6.948724E+01
1.455200E+01 6.944081E+01
1.456000E+01 6.946520E+01
1.456800E+01 6.947851E+01
1.457600E+01 6.945923E+01
1.458400E+01 6.948172E+01
1.459200E+01 6.946514E+01
1.460000E+01 6.942571E+01
1.460800E+01 6.945678E+01
1.461600E+01 6.946201E+01
1.462400E+01 6.942826E+01
1.463200E+01 6.945807E+01
1.464000E+01 6.944272E+01
1.464800E+01 6.939902E+01
1.465600E+01 6.941952E+01
1.466400E+01 6.943521E+01
1.467200E+01 6.939080E+01
1.468000E+01 6.943263E+01
1.468800E+01 6.943518E+01
1.469600E+01 6.938141E+01
1.470400E+01 6.942635E+01
1.471200E+01 6.943827E+01
1.472000E+01 6.943289E+01
1.472800E+01 6.941148E+01
1.473600E+01 6.939569E+01
1.474400E+01 6.944262E+01
1.475200E+01 6.943352E+01
1.476000E+01 6.940682E+01
1.476800E+01 6.943573E+01
1.477600E+01 6.941350E+01
1.478400E+01 6.946003E+01
1.479200E+01 6.942418E+01
1.480000E+01 6.941378E+01
1.480800E+01 6.948055E+01
1.481600E+01 6.940485E+01
1.482400E+01 6.946701E+01
1.483200E+01 6.941436E+01
1.484000E+01 6.941135E+01
1.484800E+01 6.948646E+01
1.485600E+01 6.943291E+01
1.486400E+01 6.944299E+01
1.487200E+01 6.944245E+01
1.488000E+01 6.943059E+01
1.488800E+01 6.944316E+01
1.489600E+01 6.943057E+01
1.490400E+01 6.941312E+01
1.491200E+01 6.943840E+01
1.492000E+01 6.941391E+01
1.492800E+01 6.940710E+01
1.493600E+01 6.943126E+01
1.494400E+01 6.942018E+01
1.495200E+01 6.941387E+01
1.496000E+01 6.939706E+01
1.496800E+01 6.939424E+01
1.497600E+01 6.940463E+01
1.498400E+01 6.941523E+01
1.499200E+01 6.936583E+01
1.500000E+01 6.939583E+01
1.500800E+01 6.941347E+01
1.501600E+01 6.937063E+01
1.502400E+01 6.939044E+01
1.503200E+01 6.940706E+01
1.504000E+01 6.938594E+01
1.504800E+01 6.938838E+01
1.505600E+01 6.942714E+01
1.506400E+01 6.937975E+01
1.507200E+01 6.939281E+01
1.508000E+01 6.940939E+01
1.508800E+01 6.938930E+01
1.509600E+01 6.943030E+01
1.510400E+01 6.938814E+01
1.511200E+01 6.939974E+01
1.512000E+01 6.944231E+01
1.512800E+01 6.940008E+01
1.513600E+01 6.941668E+01
1.514400E+01 6.945569E+01
1.515200E+01 6.945038E+01
1.516000E+01 6.941401E+01
1.516800E+01 6.944256E+01
1.517600E+01 6.946334E+01
1.518400E+01 6.946407E+01
1.519200E+01 6.944059E+01
1.520000E+01 6.945936E+01
1.520800E+01 6.945963E+01
1.521600E+01 6.947394E+01
1.522400E+01 6.947109E+01
1.523200E+01 6.944905E+01
1.524000E+01 6.946903E+01
1.524800E+01 6.945013E+01
1.525600E+01 6.946420E+01
1.526400E+01 6.944999E+01
1.527200E+01 6.943909E+01
1.528000E+01 6.945696E+01
1.528800E+01 6.945533E+01
1.529600E+01 6.946983E+01
1.530400E+01 6.942828E+01
1.531200E+01 6.945909E+01
1.532000E+01 6.946260E+01
1.532800E+01 6.945136E+01
1.533600E+01 6.943174E+01
1.534400E+01 6.947079E+01
1.535200E+01 6.941717E+01
1.536000E+01 6.944165E+01
1.536800E+01 6.945917E+01
1.537600E+01 6.945418E+01
1.538400E+01 6.947439E+01
1.539200E+01 6.944743E+01
1.540000E+01 6.947041E+01
1.540800E+01 6.945262E+01
1.541600E+01 6.947863E+01
1.542400E+01 6.944190E+01
1.543200E+01 6.943954E+01
1.544000E+01 6.946829E+01
1.544800E+01 6.942152E+01
1.545600E+01 6.945078E+01
1.546400E+01 6.950115E+01
1.547200E+01 6.944448E+01
1.548000E+01 6.942358E+01
1.548800E+01 6.948561E+01
1.549600E+01 6.946261E+01
1.550400E+01 6.947061E+01
1.551200E+01 6.948598E+01
1.552000E+01 6.945651E+01
1.552800E+01 6.946318E+01
1.553600E+01 6.947212E+01
1.554400E+01 6.946634E+01
1.555200E+01 6.946321E+01
1.556000E+01 6.949265E+01
1.556800E+01 6.943678E+01
1.557600E+01 6.950507E+01
1.558400E+01 6.946316E+01
1.559200E+01 6.948808E+01
1.560000E+01 6.948815E+01
1.560800E+01 6.943210E+01
1.561600E+01 6.947779E+01
1.562400E+01 6.947478E+01
1.563200E+01 6.948766E+01
1.564000E+01 6.944650E+01
1.564800E+01 6.945286E+01
1.565600E+01 6.946288E+01
1.566400E+01 6.946598E+01
1.567200E+01 6.947902E+01
1.568000E+01 6.944279E+01
1.568800E+01 6.943161E+01
1.569600E+01 6.945005E+01
1.570400E+01 6.943920E+01
1.571200E+01 6.943915E+01
1.572000E+01 6.944408E+01
1.572800E+01 6.944472E+01
1.573600E+01 6.942877E+01
1.574400E+01 6.945561E+01
1.575200E+01 6.941165E+01
1.576000E+01 6.939096E+01
1.576800E+01 6.943103E+01
1.577600E+01 6.941067E+01
1.578400E+01 6.940773E+01
1.579200E+01 6.938683E+01
1.580000E+01 6.942104E+01
1.580800E+01 6.938450E+01
1.581600E+01 6.936142E+01
1.582400E+01 6.938390E+01
1.583200E+01 6.937287E+01
1.584000E+01 6.936184E+01
1.584800E+01 6.937344E+01
1.585600E+01 6.934662E+01
1.586400E+01 6.934315E+01
1.587200E+01 6.936299E+01
1.588000E+01 6.933109E+01
1.588800E+01 6.934384E+01
1.589600E+01 6.931472E+01
1.590400E+01 6.932213E+01
1.591200E+01 6.932003E+01
1.592000E+01 6.929675E+01
1.592800E+01 6.933370E+01
1.593600E+01 6.930557E+01
1.594400E+01 6.929506E+01
1.595200E+01 6.930530E+01
1.596000E+01 6.931238E+01
1.596800E+01 6.931638E+01
1.597600E+01 6.928247E+01
1.598400E+01 6.929351E+01
1.599200E+01 6.930407E+01
1.600000E+01 6.929746E+01
1.600800E+01 6.928845E+01
1.601600E+01 6.930635E+01
1.602400E+01 6.932100E+01
1.603200E+01 6.928233E+01
1.604000E+01 6.929601E+01
1.604800E+01 6.930471E+01
1.605600E+01 6.929776E+01
1.606400E+01 6.931007E+01
1.607200E+01 6.930389E+01
1.608000E+01 6.931489E+01
1.608800E+01 6.931747E+01
1.609600E+01 6.930754E+01
1.610400E+01 6.931970E+01
1.611200E+01 6.934863E+01
1.612000E+01 6.932465E+01
1.612800E+01 6.932558E+01
1.613600E+01 6.936988E+01
1.614400E+01 6.937527E+01
1.615200E+01 6.933808E+01
1.616000E+01 6.940401E+01
1.616800E+01 6.934300E+01
1.617600E+01 6.935043E+01
1.618400E+01 6.938691E+01
1.619200E+01 6.935629E+01
1.620000E+01 6.938007E+01
1.620800E+01 6.935160E+01
1.621600E+01 6.938723E+01
1.622400E+01 6.937417E+01
1.623200E+01 6.934617E+01
1.624000E+01 6.937069E+01
1.624800E+01 6.934855E+01
1.625600E+01 6.938611E+01
1.626400E+01 6.936087E+01
1.627200E+01 6.933051E+01
1.628000E+01 6.943359E+01
1.628800E+01 6.937204E+01
1.629600E+01 6.932730E+01
1.630400E+01 6.940027E+01
1.631200E+01 6.933071E+01
1.632000E+01 6.938641E+01
1.632800E+01 6.938987E+01
1.633600E+01 6.934109E+01
1.634400E+01 6.937365E+01
1.635200E+01 6.936117E+01
1.636000E+01 6.938654E+01
1.636800E+01 6.934843E+01
1.637600E+01 6.936060E+01
1.638400E+01 6.935665E+01
1.639200E+01 6.937028E+01
1.640000E+01 6.941979E+01
1.640800E+01 6.932059E+01
1.641600E+01 6.937965E+01
1.642400E+01 6.941000E+01
1.643200E+01 6.936081E+01
1.644000E+01 6.937729E+01
1.644800E+01 6.935365E+01
1.645600E+01 6.937272E+01
1.646400E+01 6.940037E+01
1.647200E+01 6.937914E+01
1.648000E+01 6.937220E+01
1.648800E+01 6.935984E+01
1.649600E+01 6.938116E+01
1.650400E+01 6.937227E+01
1.651200E+01 6.937291E+01
1.652000E+01 6.936638E+01
1.652800E+01 6.937931E+01
1.653600E+01 6.939245E+01
1.654400E+01 6.934356E+01
1.655200E+01 6.935298E+01
1.656000E+01 6.936740E+01
1.656800E+01 6.933795E+01
1.657600E+01 6.935578E+01
1.658400E+01 6.936731E+01
1.659200E+01 6.932636E+01
1.660000E+01 6.934950E+01
1.660800E+01 6.936469E+01
1.661600E+01 6.933214E+01
1.662400E+01 6.933637E+01
1.663200E+01 6.933909E+01
1.664000E+01 6.936347E+01
1.664800E+01 6.933431E+01
1.665600E+01 6.934518E+01
1.666400E+01 6.937991E+01
1.667200E+01 6.935206E+01
1.668000E+01 6.934040E+01
1.668800E+01 6.933971E+01
1.669600E+01 6.937394E+01
1.670400E+01 6.934326E+01
1.671200E+01 6.935026E+01
1.672000E+01 6.938050E+01
1.672800E+01 6.936978E+01
1.673600E+01 6.934896E+01
1.674400E+01 6.937658E+01
1.675200E+01 6.939856E+01
1.676000E+01 6.936856E+01
1.676800E+01 6.935361E+01
1.677600E+01 6.937769E+01
1.678400E+01 6.937047E+01
1.679200E+01 6.937288E+01
1.680000E+01 6.935034E+01
1.680800E+01 6.934275E+01
1.681600E+01 6.939000E+01
1.682400E+01 6.934033E+01
1.683200E+01 6.932479E+01
1.684000E+01 6.937144E+01
1.684800E+01 6.935113E+01
1.685600E+01 6.935397E+01
1.686400E+01 6.934437E+01
1.687200E+01 6.930076E+01
1.688000E+01 6.937110E+01
1.688800E+01 6.935511E+01
1.689600E+01 6.937527E+01
1.690400E+01 6.934712E+01
1.691200E+01 6.934294E+01
1.692000E+01 6.938120E+01
1.692800E+01 6.935620E+01
1.693600E+01 6.936866E+01
1.694400E+01 6.940681E+01
1.695200E+01 6.940810E+01
1.696000E+01 6.938096E+01
1.696800E+01 6.939318E+01
1.697600E+01 6.942336E+01
1.698400E+01 6.943336E+01
1.699200E+01 6.942188E+01
1.700000E+01 6.940286E+01
1.700800E+01 6.940104E+01
1.701600E+01 6.944904E+01
1.702400E+01 6.940611E+01
1.703200E+01 6.941626E+01
1.704000E+01 6.947240E+01
1.704800E+01 6.943424E+01
1.705600E+01 6.943171E+01
1.706400E+01 6.946040E+01
1.707200E+01 6.944211E+01
1.708000E+01 6.945980E+01
1.708800E+01 6.946725E+01
1.709600E+01 6.943025E+01
1.710400E+01 6.943585E+01
1.711200E+01 6.944227E+01
1.712000E+01 6.947659E+01
1.712800E+01 6.947215E+01
1.713600E+01 6.944831E+01
1.714400E+01 6.942350E+01
1.715200E+01 6.945981E+01
1.716000E+01 6.945985E+01
1.716800E+01 6.944775E+01
1.717600E+01 6.948499E+01
1.718400E+01 6.944923E+01
1.719200E+01 6.944593E+01
1.720000E+01 6.948971E+01
1.720800E+01 6.943497E+01
1.721600E+01 6.943045E+01
1.722400E+01 6.947615E+01
1.723200E+01 6.943049E+01
1.724000E+01 6.944384E+01
1.724800E+01 6.945853E+01
1.725600E+01 6.943929E+01
1.726400E+01 6.945592E+01
1.727200E+01 6.943922E+01
1.728000E+01 6.943218E+01
1.728800E+01 6.944412E+01
1.729600E+01 6.943873E+01
1.730400E+01 6.942887E+01
1.731200E+01 6.943616E+01
1.732000E+01 6.943843E+01
1.732800E+01 6.941909E+01
1.733600E+01 6.942960E+01
1.734400E+01 6.944317E+01
1.735200E+01 6.942064E+01
1.736000E+01 6.942188E+01
1.736800E+01 6.941614E+01
1.737600E+01 6.941271E+01
1.738400E+01 6.941391E+01
1.739200E+01 6.940496E+01
1.740000E+01 6.939093E+01
1.740800E+01 6.939128E+01
1.741600E+01 6.940220E+01
1.742400E+01 6.940326E+01
1.743200E+01 6.938813E+01
1.744000E+01 6.938080E+01
1.744800E+01 6.938916E+01
1.745600E+01 6.939522E+01
1.746400E+01 6.939115E+01
1.747200E+01 6.938828E+01
1.748000E+01 6.938252E+01
1.748800E+01 6.940091E+01
1.749600E+01 6.937323E+01
1.750400E+01 6.936461E+01
1.751200E+01 6.938207E+01
1.752000E+01 6.938097E+01
1.752800E+01 6.936780E+01
1.753600E+01 6.935284E+01
1.754400E+01 6.937402E+01
1.755200E+01 6.939876E+01
1.756000E+01 6.935855E+01
1.756800E+01 6.934630E+01
1.757600E+01 6.936838E+01
1.758400E+01 6.933620E+01
1.759200E+01 6.935749E+01
1.760000E+01 6.936467E+01
1.760800E+01 6.933289E+01
1.761600E+01 6.935097E+01
1.762400E+01 6.937824E+01
1.763200E+01 6.935220E+01
1.764000E+01 6.936495E+01
1.764800E+01 6.934303E+01
1.765600E+01 6.936154E+01
1.766400E+01 6.936421E+01
1.767200E+01 6.933479E+01
1.768000E+01 6.935577E+01
1.768800E+01 6.935834E+01
1.769600E+01 6.934192E+01
1.770400E+01 6.935573E+01
1.771200E+01 6.935114E+01
1.772000E+01 6.933731E+01
1.772800E+01 6.935277E+01
1.773600E+01 6.933464E+01
1.774400E+01 6.934593E+01
1.775200E+01 6.935009E+01
1.776000E+01 6.934361E+01
1.776800E+01 6.933129E+01
1.777600E+01 6.933877E+01
1.778400E+01 6.932230E+01
1.779200E+01 6.935698E+01
1.780000E+01 6.936179E+01
1.780800E+01 6.932581E+01
1.781600E+01 6.935393E+01
1.782400E+01 6.935227E+01
1.783200E+01 6.929891E+01
1.784000E+01 6.934803E+01
1.784800E+01 6.936394E+01
1.785600E+01 6.935343E+01
1.786400E+01 6.936176E+01
1.787200E+01 6.941422E+01
1.788000E+01 6.936104E+01
1.788800E+01 6.938187E+01
1.789600E+01 6.943526E+01
1.790400E+01 6.936786E+01
1.791200E+01 6.939899E+01
1.792000E+01 6.946216E+01
1.792800E+01 6.941398E+01
1.793600E+01 6.939281E+01
1.794400E+01 6.944085E+01
1.795200E+01 6.943755E+01
1.796000E+01 6.944410E+01
1.796800E+01 6.942233E+01
1.797600E+01 6.942963E+01
1.798400E+01 6.945406E+01
1.799200E+01 6.942660E+01
1.800000E+01 6.940586E+01
1.800800E+01 6.946088E+01
1.801600E+01 6.943362E+01
1.802400E+01 6.942385E+01
1.803200E+01 6.942896E+01
1.804000E+01 6.943157E+01
1.804800E+01 6.941971E+01
1.805600E+01 6.941689E+01
1.806400E+01 6.944036E+01
1.807200E+01 6.941999E+01
1.808000E+01 6.940223E+01
1.808800E+01 6.943693E+01
1.809600E+01 6.940925E+01
1.810400E+01 6.942091E+01
1.811200E+01 6.940576E+01
1.812000E+01 6.940050E+01
1.812800E+01 6.941131E+01
1.813600E+01 6.939643E+01
1.814400E+01 6.937930E+01
1.815200E+01 6.940751E+01
1.816000E+01 6.938723E+01
1.816800E+01 6.936396E+01
1.817600E+01 6.940277E+01
1.818400E+01 6.939137E+01
1.819200E+01 6.938523E+01
1.820000E+01 6.940373E+01
1.820800E+01 6.939343E+01
1.821600E+01 6.943331E+01
1.822400E+01 6.941242E+01
1.823200E+01 6.937819E+01
1.824000E+01 6.941937E+01
1.824800E+01 6.944338E+01
1.825600E+01 6.938620E+01
1.826400E+01 6.940803E+01
1.827200E+01 6.944837E+01
1.828000E+01 6.940704E+01
1.828800E+01 6.941022E+01
1.829600E+01 6.946439E+01
1.830400E+01 6.945083E+01
1.831200E+01 6.945139E+01
1.832000E+01 6.948125E+01
1.832800E+01 6.948241E+01
1.833600E+01 6.947534E+01
1.834400E+01 6.950761E+01
1.835200E+01 6.946086E+01
1.836000E+01 6.952406E+01
1.836800E+01 6.951875E+01
1.837600E+01 6.950670E+01
1.838400E+01 6.952010E+01
1.839200E+01 6.953012E+01
1.840000E+01 6.951716E+01
1.840800E+01 6.952562E+01
1.841600E+01 6.953505E+01
1.842400E+01 6.951695E+01
1.843200E+01 6.954590E+01
1.844000E+01 6.952004E+01
1.844800E+01 6.951355E+01
1.845600E+01 6.953567E+01
1.846400E+01 6.952838E+01
1.847200E+01 6.953412E+01
1.848000E+01 6.953553E+01
1.848800E+01 6.952614E+01
1.849600E+01 6.954172E+01
1.850400E+01 6.950894E+01
1.851200E+01 6.953247E+01
1.852000E+01 6.954573E+01
1.852800E+01 6.949168E+01
1.853600E+01 6.952314E+01
1.854400E+01 6.955371E+01
1.855200E+01 6.948562E+01
1.856000E+01 6.949545E+01
1.856800E+01 6.954029E+01
1.857600E+01 6.949742E+01
1.858400E+01 6.947030E+01
1.859200E+01 6.951904E+01
1.860000E+01 6.950358E+01
1.860800E+01 6.946915E+01
1.861600E+01 6.951982E+01
1.862400E+01 6.947664E+01
1.863200E+01 6.949960E+01
1.864000E+01 6.946498E+01
1.864800E+01 6.949432E+01
1.865600E+01 6.950607E+01
1.866400E+01 6.944899E+01
1.867200E+01 6.950529E+01
1.868000E+01 6.947331E+01
1.868800E+01 6.949631E+01
1.869600E+01 6.945299E+01
1.870400E+01 6.946781E+01
1.871200E+01 6.949002E+01
1.872000E+01 6.950042E+01
1.872800E+01 6.949896E+01
1.873600E+01 6.947187E+01
1.874400E+01 6.951289E+01
1.875200E+01 6.949839E+01
1.876000E+01 6.947684E+01
1.876800E+01 6.952105E+01
1.877600E+01 6.949368E+01
1.878400E+01 6.952146E+01
1.879200E+01 6.946508E+01
1.880000E+01 6.949636E+01
1.880800E+01 6.952005E+01
1.881600E+01 6.947650E+01
1.882400E+01 6.947232E+01
1.883200E+01 6.951271E+01
1.884000E+01 6.948255E+01
1.884800E+01 6.948109E+01
1.885600E+01 6.950544E+01
1.886400E+01 6.947092E+01
1.887200E+01 6.947952E+01
1.888000E+01 6.948795E+01
1.888800E+01 6.946164E+01
1.889600E+01 6.947037E+01
1.890400E+01 6.945287E+01
1.891200E+01 6.944118E+01
1.892000E+01 6.947444E+01
1.892800E+01 6.943862E+01
1.893600E+01 6.942517E+01
1.894400E+01 6.944879E+01
1.895200E+01 6.946371E+01
1.896000E+01 6.942350E+01
1.896800E+01 6.941265E+01
1.897600E+01 6.946158E+01
1.898400E+01 6.940493E+01
1.899200E+01 6.943385E+01
1.900000E+01 6.943494E+01
1.900800E+01 6.943822E+01
1.901600E+01 6.942101E+01
1.902400E+01 6.941973E+01
1.903200E+01 6.945884E+01
1.904000E+01 6.940656E+01
1.904800E+01 6.942234E+01
1.905600E+01 6.947698E+01
1.906400E+01 6.943133E+01
1.907200E+01 6.943500E+01
1.908000E+01 6.943310E+01
1.908800E+01 6.941152E+01
1.909600E+01 6.947681E+01
1.910400E+01 6.944774E+01
1.911200E+01 6.939553E+01
1.912000E+01 6.941770E+01
1.912800E+01 6.944233E+01
1.913600E+01 6.942320E+01
1.914400E+01 6.940875E+01
1.915200E+01 6.940713E+01
1.916000E+01 6.942305E+01
1.916800E+01 6.940512E+01
1.917600E+01 6.938081E+01
1.918400E+01 6.938536E+01
1.919200E+01 6.938634E+01
1.920000E+01 6.935942E+01
1.920800E+01 6.938395E+01
1.921600E+01 6.939450E+01
1.922400E+01 6.935329E+01
1.923200E+01 6.936519E+01
1.924000E+01 6.936798E+01
1.924800E+01 6.940763E+01
1.925600E+01 6.936152E+01
1.926400E+01 6.934559E+01
1.927200E+01 6.939888E+01
1.928000E+01 6.938367E+01
1.928800E+01 6.935513E+01
1.929600E+01 6.936993E+01
1.930400E+01 6.936281E+01
1.931200E+01 6.938579E+01
1.932000E+01 6.935569E+01
1.932800E+01 6.934819E+01
1.933600E+01 6.940263E+01
1.934400E+01 6.936676E+01
1.935200E+01 6.934067E+01
1.936000E+01 6.940421E+01
1.936800E+01 6.937810E+01
1.937600E+01 6.935445E+01
1.938400E+01 6.940379E+01
1.939200E+01 6.933398E+01
1.940000E+01 6.934612E+01
1.940800E+01 6.940524E+01
1.941600E+01 6.932412E+01
1.942400E+01 6.934453E+01
1.943200E+01 6.938929E+01
1.944000E+01 6.931883E+01
1.944800E+01 6.935333E+01
1.945600E+01 6.937240E+01
1.946400E+01 6.931810E+01
1.947200E+01 6.935660E+01
1.948000E+01 6.935319E+01
1.948800E+01 6.932242E+01
1.949600E+01 6.936722E+01
1.950400E+01 6.936165E+01
1.951200E+01 6.930741E+01
1.952000E+01 6.937100E+01
1.952800E+01 6.936466E+01
1.953600E+01 6.932868E+01
1.954400E+01 6.937715E+01
1.955200E+01 6.935312E+01
1.956000E+01 6.935181E+01
1.956800E+01 6.935270E+01
1.957600E+01 6.935549E+01
1.958400E+01 6.936700E+01
1.959200E+01 6.936418E+01
1.960000E+01 6.934813E+01
1.960800E+01 6.935909E+01
1.961600E+01 6.935907E+01
1.962400E+01 6.934597E+01
1.963200E+01 6.934350E+01
1.964000E+01 6.935654E+01
1.964800E+01 6.936102E+01
1.965600E+01 6.932071E+01
1.966400E+01 6.939315E+01
1.967200E+01 6.934283E+01
1.968000E+01 6.935092E+01
1.968800E+01 6.938646E+01
1.969600E+01 6.933083E+01
1.970400E+01 6.937578E+01
1.971200E+01 6.941372E+01
1.972000E+01 6.935592E+01
1.972800E+01 6.935171E+01
1.973600E+01 6.938917E+01
1.974400E+01 6.937536E+01
1.975200E+01 6.943512E+01
1.976000E+01 6.937561E+01
1.976800E+01 6.936013E+01
1.977600E+01 6.943716E+01
1.978400E+01 6.941585E+01
1.979200E+01 6.936619E+01
1.980000E+01 6.945042E+01
1.980800E+01 6.942859E+01
1.981600E+01 6.944048E+01
1.982400E+01 6.945102E+01
1.983200E+01 6.942937E+01
1.984000E+01 6.950278E+01
1.984800E+01 6.947471E+01
1.985600E+01 6.946243E+01
1.986400E+01 6.947937E+01
1.987200E+01 6.943126E+01
1.988000E+01 6.946213E+01
1.988800E+01 6.949121E+01
1.989600E+01 6.944912E+01
1.990400E+01 6.952458E+01
1.991200E+01 6.953476E+01
1.992000E+01 6.943821E+01
1.992800E+01 6.948813E+01
1.993600E+01 6.950023E+01
1.994400E+01 6.949304E+01
1.995200E+01 6.953134E+01
1.996000E+01 6.951839E+01
1.996800E+01 6.950829E+01
1.997600E+01 6.949518E+01
1.998400E+01 6.951389E+01
1.999200E+01 6.954467E+01
2.000000E+01 6.950618E+01
