amber                                                                           
         3       179
OW      OW      
  2.513966E-02  0.000000E+00
  7.541899E-02  0.000000E+00
  1.256983E-01  0.000000E+00
  1.759777E-01  0.000000E+00
  2.262570E-01  0.000000E+00
  2.765363E-01  0.000000E+00
  3.268156E-01  0.000000E+00
  3.770950E-01  0.000000E+00
  4.273743E-01  0.000000E+00
  4.776536E-01  0.000000E+00
  5.279330E-01  0.000000E+00
  5.782123E-01  0.000000E+00
  6.284916E-01  0.000000E+00
  6.787709E-01  0.000000E+00
  7.290503E-01  0.000000E+00
  7.793296E-01  0.000000E+00
  8.296089E-01  0.000000E+00
  8.798883E-01  0.000000E+00
  9.301676E-01  0.000000E+00
  9.804469E-01  0.000000E+00
  1.030726E+00  0.000000E+00
  1.081006E+00  0.000000E+00
  1.131285E+00  0.000000E+00
  1.181564E+00  0.000000E+00
  1.231844E+00  0.000000E+00
  1.282123E+00  0.000000E+00
  1.332402E+00  0.000000E+00
  1.382682E+00  0.000000E+00
  1.432961E+00  0.000000E+00
  1.483240E+00  0.000000E+00
  1.533520E+00  0.000000E+00
  1.583799E+00  0.000000E+00
  1.634078E+00  0.000000E+00
  1.684358E+00  0.000000E+00
  1.734637E+00  0.000000E+00
  1.784916E+00  0.000000E+00
  1.835196E+00  0.000000E+00
  1.885475E+00  0.000000E+00
  1.935754E+00  0.000000E+00
  1.986034E+00  0.000000E+00
  2.036313E+00  0.000000E+00
  2.086592E+00  0.000000E+00
  2.136872E+00  0.000000E+00
  2.187151E+00  0.000000E+00
  2.237430E+00  0.000000E+00
  2.287709E+00  0.000000E+00
  2.337989E+00  0.000000E+00
  2.388268E+00  0.000000E+00
  2.438547E+00  7.663722E-02
  2.488827E+00  3.923848E-01
  2.539106E+00  3.267326E+00
  2.589385E+00  1.106383E+01
  2.639665E+00  2.344384E+01
  2.689944E+00  3.687963E+01
  2.740223E+00  4.569454E+01
  2.790503E+00  4.784088E+01
  2.840782E+00  4.444945E+01
  2.891061E+00  4.029969E+01
  2.941341E+00  3.436259E+01
  2.991620E+00  2.961888E+01
  3.041899E+00  2.444508E+01
  3.092179E+00  2.037846E+01
  3.142458E+00  1.741897E+01
  3.192737E+00  1.422201E+01
  3.243017E+00  1.296595E+01
  3.293296E+00  1.139187E+01
  3.343575E+00  1.071213E+01
  3.393855E+00  9.988239E+00
  3.444134E+00  9.037080E+00
  3.494413E+00  9.330427E+00
  3.544693E+00  8.918504E+00
  3.594972E+00  9.058677E+00
  3.645251E+00  9.271613E+00
  3.695531E+00  9.239804E+00
  3.745810E+00  9.054776E+00
  3.796089E+00  8.422943E+00
  3.846369E+00  8.683354E+00
  3.896648E+00  8.964291E+00
  3.946927E+00  8.786117E+00
  3.997207E+00  8.861215E+00
  4.047486E+00  9.090626E+00
  4.097765E+00  8.835743E+00
  4.148045E+00  9.184947E+00
  4.198324E+00  9.244938E+00
  4.248603E+00  9.159269E+00
  4.298883E+00  9.064094E+00
  4.349162E+00  9.051160E+00
  4.399441E+00  9.073072E+00
  4.449721E+00  8.879421E+00
  4.500000E+00  8.874656E+00
  4.550279E+00  8.660051E+00
  4.600559E+00  8.797175E+00
  4.650838E+00  8.837417E+00
  4.701117E+00  8.729587E+00
  4.751397E+00  8.303570E+00
  4.801676E+00  8.387549E+00
  4.851955E+00  8.061896E+00
  4.902235E+00  7.981656E+00
  4.952514E+00  7.620158E+00
  5.002793E+00  7.599270E+00
  5.053073E+00  7.325838E+00
  5.103352E+00  7.446621E+00
  5.153631E+00  7.374480E+00
  5.203911E+00  6.901700E+00
  5.254190E+00  7.043547E+00
  5.304469E+00  7.013234E+00
  5.354749E+00  6.754997E+00
  5.405028E+00  6.815372E+00
  5.455307E+00  6.894503E+00
  5.505587E+00  6.852681E+00
  5.555866E+00  6.753819E+00
  5.606145E+00  6.325484E+00
  5.656425E+00  6.234106E+00
  5.706704E+00  5.921047E+00
  5.756983E+00  5.569034E+00
  5.807263E+00  5.391937E+00
  5.857542E+00  5.194984E+00
  5.907821E+00  5.234609E+00
  5.958101E+00  5.122385E+00
  6.008380E+00  4.940229E+00
  6.058659E+00  4.559225E+00
  6.108939E+00  4.682589E+00
  6.159218E+00  4.706562E+00
  6.209497E+00  4.853911E+00
  6.259777E+00  4.668991E+00
  6.310056E+00  4.479151E+00
  6.360335E+00  4.438656E+00
  6.410615E+00  4.435841E+00
  6.460894E+00  4.335530E+00
  6.511173E+00  4.371550E+00
  6.561453E+00  4.340096E+00
  6.611732E+00  4.244221E+00
  6.662011E+00  4.247715E+00
  6.712291E+00  4.116882E+00
  6.762570E+00  3.752503E+00
  6.812849E+00  3.811873E+00
  6.863128E+00  3.626145E+00
  6.913408E+00  3.559820E+00
  6.963687E+00  3.501291E+00
  7.013966E+00  3.401867E+00
  7.064246E+00  3.339408E+00
  7.114525E+00  3.304380E+00
  7.164804E+00  3.322283E+00
  7.215084E+00  3.409405E+00
  7.265363E+00  3.181070E+00
  7.315642E+00  3.050447E+00
  7.365922E+00  3.086408E+00
  7.416201E+00  2.884502E+00
  7.466480E+00  2.767668E+00
  7.516760E+00  2.580202E+00
  7.567039E+00  2.530110E+00
  7.617318E+00  2.487220E+00
  7.667598E+00  2.414226E+00
  7.717877E+00  2.221351E+00
  7.768156E+00  2.355483E+00
  7.818436E+00  2.225050E+00
  7.868715E+00  2.198342E+00
  7.918994E+00  2.106724E+00
  7.969274E+00  2.021222E+00
  8.019553E+00  1.881003E+00
  8.069832E+00  1.861525E+00
  8.120112E+00  1.760977E+00
  8.170391E+00  1.649102E+00
  8.220670E+00  1.755624E+00
  8.270950E+00  1.676607E+00
  8.321229E+00  1.624229E+00
  8.371508E+00  1.571541E+00
  8.421788E+00  1.392194E+00
  8.472067E+00  1.362314E+00
  8.522346E+00  1.303061E+00
  8.572626E+00  1.242344E+00
  8.622905E+00  1.282381E+00
  8.673184E+00  1.195528E+00
  8.723464E+00  1.156500E+00
  8.773743E+00  1.120917E+00
  8.824022E+00  1.084117E+00
  8.874302E+00  1.050649E+00
  8.924581E+00  1.089705E+00
  8.974860E+00  9.888883E-01
OW      HW      
  2.513966E-02  0.000000E+00
  7.541899E-02  0.000000E+00
  1.256983E-01  0.000000E+00
  1.759777E-01  0.000000E+00
  2.262570E-01  0.000000E+00
  2.765363E-01  0.000000E+00
  3.268156E-01  0.000000E+00
  3.770950E-01  0.000000E+00
  4.273743E-01  0.000000E+00
  4.776536E-01  0.000000E+00
  5.279330E-01  0.000000E+00
  5.782123E-01  0.000000E+00
  6.284916E-01  0.000000E+00
  6.787709E-01  0.000000E+00
  7.290503E-01  0.000000E+00
  7.793296E-01  0.000000E+00
  8.296089E-01  0.000000E+00
  8.798883E-01  0.000000E+00
  9.301676E-01  0.000000E+00
  9.804469E-01  0.000000E+00
  1.030726E+00  0.000000E+00
  1.081006E+00  0.000000E+00
  1.131285E+00  0.000000E+00
  1.181564E+00  0.000000E+00
  1.231844E+00  0.000000E+00
  1.282123E+00  0.000000E+00
  1.332402E+00  0.000000E+00
  1.382682E+00  0.000000E+00
  1.432961E+00  0.000000E+00
  1.483240E+00  0.000000E+00
  1.533520E+00  8.074001E-02
  1.583799E+00  7.720936E-01
  1.634078E+00  3.204659E+00
  1.684358E+00  7.785915E+00
  1.734637E+00  1.395446E+01
  1.784916E+00  1.878573E+01
  1.835196E+00  2.108936E+01
  1.885475E+00  2.141822E+01
  1.935754E+00  1.986066E+01
  1.986034E+00  1.751349E+01
  2.036313E+00  1.536189E+01
  2.086592E+00  1.287729E+01
  2.136872E+00  1.035172E+01
  2.187151E+00  8.918019E+00
  2.237430E+00  7.216918E+00
  2.287709E+00  6.114668E+00
  2.337989E+00  5.641450E+00
  2.388268E+00  4.862675E+00
  2.438547E+00  4.413027E+00
  2.488827E+00  4.549211E+00
  2.539106E+00  4.502391E+00
  2.589385E+00  5.063686E+00
  2.639665E+00  5.566640E+00
  2.689944E+00  6.446937E+00
  2.740223E+00  7.510669E+00
  2.790503E+00  8.908795E+00
  2.840782E+00  1.058686E+01
  2.891061E+00  1.239979E+01
  2.941341E+00  1.432214E+01
  2.991620E+00  1.653509E+01
  3.041899E+00  1.786318E+01
  3.092179E+00  1.905847E+01
  3.142458E+00  1.980209E+01
  3.192737E+00  1.998061E+01
  3.243017E+00  1.989549E+01
  3.293296E+00  1.954709E+01
  3.343575E+00  1.892061E+01
  3.393855E+00  1.815424E+01
  3.444134E+00  1.764514E+01
  3.494413E+00  1.673568E+01
  3.544693E+00  1.600535E+01
  3.594972E+00  1.507396E+01
  3.645251E+00  1.436852E+01
  3.695531E+00  1.341106E+01
  3.745810E+00  1.249407E+01
  3.796089E+00  1.160043E+01
  3.846369E+00  1.083280E+01
  3.896648E+00  1.037413E+01
  3.946927E+00  9.849845E+00
  3.997207E+00  9.414249E+00
  4.047486E+00  9.238994E+00
  4.097765E+00  9.087546E+00
  4.148045E+00  8.822228E+00
  4.198324E+00  8.569810E+00
  4.248603E+00  8.434803E+00
  4.298883E+00  8.249614E+00
  4.349162E+00  8.310282E+00
  4.399441E+00  8.116187E+00
  4.449721E+00  8.128174E+00
  4.500000E+00  8.191365E+00
  4.550279E+00  7.835255E+00
  4.600559E+00  7.816255E+00
  4.650838E+00  7.885785E+00
  4.701117E+00  7.768416E+00
  4.751397E+00  7.649737E+00
  4.801676E+00  7.589205E+00
  4.851955E+00  7.446176E+00
  4.902235E+00  7.465419E+00
  4.952514E+00  7.361060E+00
  5.002793E+00  7.185518E+00
  5.053073E+00  7.047202E+00
  5.103352E+00  6.970271E+00
  5.153631E+00  7.039883E+00
  5.203911E+00  6.853083E+00
  5.254190E+00  6.816558E+00
  5.304469E+00  6.796376E+00
  5.354749E+00  6.686122E+00
  5.405028E+00  6.530676E+00
  5.455307E+00  6.445731E+00
  5.505587E+00  6.321022E+00
  5.555866E+00  6.201801E+00
  5.606145E+00  6.233244E+00
  5.656425E+00  6.145081E+00
  5.706704E+00  6.007733E+00
  5.756983E+00  5.964367E+00
  5.807263E+00  5.830755E+00
  5.857542E+00  5.707842E+00
  5.907821E+00  5.614728E+00
  5.958101E+00  5.516799E+00
  6.008380E+00  5.302471E+00
  6.058659E+00  5.265525E+00
  6.108939E+00  5.119843E+00
  6.159218E+00  4.951501E+00
  6.209497E+00  4.798096E+00
  6.259777E+00  4.741035E+00
  6.310056E+00  4.654972E+00
  6.360335E+00  4.516264E+00
  6.410615E+00  4.421055E+00
  6.460894E+00  4.284884E+00
  6.511173E+00  4.112064E+00
  6.561453E+00  4.098391E+00
  6.611732E+00  3.946233E+00
  6.662011E+00  3.865785E+00
  6.712291E+00  3.822418E+00
  6.762570E+00  3.693819E+00
  6.812849E+00  3.691047E+00
  6.863128E+00  3.618620E+00
  6.913408E+00  3.540220E+00
  6.963687E+00  3.492937E+00
  7.013966E+00  3.428371E+00
  7.064246E+00  3.342452E+00
  7.114525E+00  3.258111E+00
  7.164804E+00  3.201939E+00
  7.215084E+00  3.140446E+00
  7.265363E+00  3.034056E+00
  7.315642E+00  2.972388E+00
  7.365922E+00  2.920048E+00
  7.416201E+00  2.785989E+00
  7.466480E+00  2.755406E+00
  7.516760E+00  2.701639E+00
  7.567039E+00  2.579633E+00
  7.617318E+00  2.523001E+00
  7.667598E+00  2.427576E+00
  7.717877E+00  2.413265E+00
  7.768156E+00  2.321078E+00
  7.818436E+00  2.238719E+00
  7.868715E+00  2.174829E+00
  7.918994E+00  2.137610E+00
  7.969274E+00  2.060291E+00
  8.019553E+00  1.972533E+00
  8.069832E+00  1.921204E+00
  8.120112E+00  1.859471E+00
  8.170391E+00  1.760610E+00
  8.220670E+00  1.720032E+00
  8.270950E+00  1.678087E+00
  8.321229E+00  1.604667E+00
  8.371508E+00  1.561244E+00
  8.421788E+00  1.544265E+00
  8.472067E+00  1.504119E+00
  8.522346E+00  1.451041E+00
  8.572626E+00  1.360687E+00
  8.622905E+00  1.334990E+00
  8.673184E+00  1.300035E+00
  8.723464E+00  1.260971E+00
  8.773743E+00  1.203638E+00
  8.824022E+00  1.195163E+00
  8.874302E+00  1.155135E+00
  8.924581E+00  1.134845E+00
  8.974860E+00  1.076273E+00
HW      HW      
  2.513966E-02  0.000000E+00
  7.541899E-02  0.000000E+00
  1.256983E-01  0.000000E+00
  1.759777E-01  0.000000E+00
  2.262570E-01  0.000000E+00
  2.765363E-01  0.000000E+00
  3.268156E-01  0.000000E+00
  3.770950E-01  0.000000E+00
  4.273743E-01  0.000000E+00
  4.776536E-01  0.000000E+00
  5.279330E-01  0.000000E+00
  5.782123E-01  0.000000E+00
  6.284916E-01  0.000000E+00
  6.787709E-01  0.000000E+00
  7.290503E-01  0.000000E+00
  7.793296E-01  0.000000E+00
  8.296089E-01  0.000000E+00
  8.798883E-01  0.000000E+00
  9.301676E-01  0.000000E+00
  9.804469E-01  0.000000E+00
  1.030726E+00  0.000000E+00
  1.081006E+00  0.000000E+00
  1.131285E+00  0.000000E+00
  1.181564E+00  0.000000E+00
  1.231844E+00  0.000000E+00
  1.282123E+00  0.000000E+00
  1.332402E+00  0.000000E+00
  1.382682E+00  0.000000E+00
  1.432961E+00  0.000000E+00
  1.483240E+00  1.726123E-02
  1.533520E+00  3.229600E-02
  1.583799E+00  9.083454E-02
  1.634078E+00  9.955302E-02
  1.684358E+00  3.346382E-01
  1.734637E+00  6.689053E-01
  1.784916E+00  1.172122E+00
  1.835196E+00  2.052182E+00
  1.885475E+00  2.962587E+00
  1.935754E+00  4.368062E+00
  1.986034E+00  5.802527E+00
  2.036313E+00  7.787794E+00
  2.086592E+00  9.824424E+00
  2.136872E+00  1.135529E+01
  2.187151E+00  1.338497E+01
  2.237430E+00  1.508371E+01
  2.287709E+00  1.628079E+01
  2.337989E+00  1.738521E+01
  2.388268E+00  1.901792E+01
  2.438547E+00  1.902306E+01
  2.488827E+00  1.929430E+01
  2.539106E+00  1.914645E+01
  2.589385E+00  1.908794E+01
  2.639665E+00  1.786085E+01
  2.689944E+00  1.704196E+01
  2.740223E+00  1.611043E+01
  2.790503E+00  1.464911E+01
  2.840782E+00  1.364417E+01
  2.891061E+00  1.270876E+01
  2.941341E+00  1.180537E+01
  2.991620E+00  1.103424E+01
  3.041899E+00  1.075321E+01
  3.092179E+00  1.059966E+01
  3.142458E+00  1.044394E+01
  3.192737E+00  1.055226E+01
  3.243017E+00  1.048639E+01
  3.293296E+00  1.074874E+01
  3.343575E+00  1.105863E+01
  3.393855E+00  1.150384E+01
  3.444134E+00  1.184596E+01
  3.494413E+00  1.235763E+01
  3.544693E+00  1.270373E+01
  3.594972E+00  1.304144E+01
  3.645251E+00  1.317385E+01
  3.695531E+00  1.323494E+01
  3.745810E+00  1.341706E+01
  3.796089E+00  1.338025E+01
  3.846369E+00  1.285219E+01
  3.896648E+00  1.248514E+01
  3.946927E+00  1.214389E+01
  3.997207E+00  1.150754E+01
  4.047486E+00  1.105341E+01
  4.097765E+00  1.042648E+01
  4.148045E+00  1.005827E+01
  4.198324E+00  9.518580E+00
  4.248603E+00  9.290416E+00
  4.298883E+00  8.933257E+00
  4.349162E+00  8.719203E+00
  4.399441E+00  8.437329E+00
  4.449721E+00  8.311670E+00
  4.500000E+00  8.107594E+00
  4.550279E+00  8.077986E+00
  4.600559E+00  7.915543E+00
  4.650838E+00  7.887541E+00
  4.701117E+00  7.702543E+00
  4.751397E+00  7.708055E+00
  4.801676E+00  7.635327E+00
  4.851955E+00  7.587603E+00
  4.902235E+00  7.483330E+00
  4.952514E+00  7.552028E+00
  5.002793E+00  7.250768E+00
  5.053073E+00  7.130991E+00
  5.103352E+00  6.946453E+00
  5.153631E+00  6.999369E+00
  5.203911E+00  6.707701E+00
  5.254190E+00  6.623961E+00
  5.304469E+00  6.558823E+00
  5.354749E+00  6.555437E+00
  5.405028E+00  6.330045E+00
  5.455307E+00  6.303655E+00
  5.505587E+00  6.154800E+00
  5.555866E+00  5.984028E+00
  5.606145E+00  5.946454E+00
  5.656425E+00  5.792148E+00
  5.706704E+00  5.854964E+00
  5.756983E+00  5.761544E+00
  5.807263E+00  5.539086E+00
  5.857542E+00  5.601949E+00
  5.907821E+00  5.321659E+00
  5.958101E+00  5.263604E+00
  6.008380E+00  5.145371E+00
  6.058659E+00  5.125162E+00
  6.108939E+00  5.061158E+00
  6.159218E+00  4.988209E+00
  6.209497E+00  4.799738E+00
  6.259777E+00  4.797895E+00
  6.310056E+00  4.664511E+00
  6.360335E+00  4.577912E+00
  6.410615E+00  4.474039E+00
  6.460894E+00  4.457444E+00
  6.511173E+00  4.310337E+00
  6.561453E+00  4.190427E+00
  6.611732E+00  4.089291E+00
  6.662011E+00  3.994711E+00
  6.712291E+00  3.868498E+00
  6.762570E+00  3.826690E+00
  6.812849E+00  3.705776E+00
  6.863128E+00  3.586100E+00
  6.913408E+00  3.571474E+00
  6.963687E+00  3.483017E+00
  7.013966E+00  3.326984E+00
  7.064246E+00  3.334588E+00
  7.114525E+00  3.216843E+00
  7.164804E+00  3.099104E+00
  7.215084E+00  3.086946E+00
  7.265363E+00  2.989688E+00
  7.315642E+00  2.909704E+00
  7.365922E+00  2.844218E+00
  7.416201E+00  2.774710E+00
  7.466480E+00  2.672294E+00
  7.516760E+00  2.609553E+00
  7.567039E+00  2.488324E+00
  7.617318E+00  2.477838E+00
  7.667598E+00  2.418533E+00
  7.717877E+00  2.393499E+00
  7.768156E+00  2.317512E+00
  7.818436E+00  2.221115E+00
  7.868715E+00  2.204271E+00
  7.918994E+00  2.139023E+00
  7.969274E+00  2.118695E+00
  8.019553E+00  1.996351E+00
  8.069832E+00  1.963971E+00
  8.120112E+00  1.893646E+00
  8.170391E+00  1.858653E+00
  8.220670E+00  1.801332E+00
  8.270950E+00  1.758586E+00
  8.321229E+00  1.660429E+00
  8.371508E+00  1.654633E+00
  8.421788E+00  1.586209E+00
  8.472067E+00  1.566379E+00
  8.522346E+00  1.495662E+00
  8.572626E+00  1.424423E+00
  8.622905E+00  1.389813E+00
  8.673184E+00  1.343959E+00
  8.723464E+00  1.292080E+00
  8.773743E+00  1.263828E+00
  8.824022E+00  1.213535E+00
  8.874302E+00  1.183909E+00
  8.924581E+00  1.132143E+00
  8.974860E+00  1.121536E+00
