amber                                                                           
         2       128
OW      
 -6.350000E+00  1.376239E-05
 -6.250000E+00  1.216212E-05
 -6.150000E+00  1.312228E-05
 -6.050000E+00  1.632284E-05
 -5.950000E+00  1.280223E-05
 -5.850000E+00  1.152200E-05
 -5.750000E+00  7.713342E-05
 -5.650000E+00  8.769526E-05
 -5.550000E+00  6.689164E-05
 -5.450000E+00  9.505654E-05
 -5.350000E+00  1.280223E-04
 -5.250000E+00  2.304401E-04
 -5.150000E+00  1.555471E-04
 -5.050000E+00  1.949139E-04
 -4.950000E+00  2.835693E-04
 -4.850000E+00  2.682067E-04
 -4.750000E+00  3.142947E-04
 -4.650000E+00  2.784485E-04
 -4.550000E+00  3.565420E-04
 -4.450000E+00  4.439172E-04
 -4.350000E+00  4.115916E-04
 -4.250000E+00  4.804036E-04
 -4.150000E+00  5.050479E-04
 -4.050000E+00  5.706593E-04
 -3.950000E+00  5.789807E-04
 -3.850000E+00  4.935259E-04
 -3.750000E+00  5.418543E-04
 -3.650000E+00  6.669961E-04
 -3.550000E+00  6.705167E-04
 -3.450000E+00  7.985390E-04
 -3.350000E+00  8.382259E-04
 -3.250000E+00  9.736094E-04
 -3.150000E+00  1.243416E-03
 -3.050000E+00  1.101952E-03
 -2.950000E+00  1.112834E-03
 -2.850000E+00  1.293345E-03
 -2.750000E+00  1.682533E-03
 -2.650000E+00  1.581075E-03
 -2.550000E+00  1.542348E-03
 -2.450000E+00  1.854403E-03
 -2.350000E+00  1.964182E-03
 -2.250000E+00  1.896010E-03
 -2.150000E+00  1.943378E-03
 -2.050000E+00  2.354010E-03
 -1.950000E+00  2.211585E-03
 -1.850000E+00  2.164857E-03
 -1.750000E+00  1.975704E-03
 -1.650000E+00  2.076841E-03
 -1.550000E+00  1.946899E-03
 -1.450000E+00  2.276876E-03
 -1.350000E+00  2.374493E-03
 -1.250000E+00  2.357850E-03
 -1.150000E+00  2.401698E-03
 -1.050000E+00  2.593411E-03
 -9.500000E-01  2.875700E-03
 -8.500000E-01  2.652622E-03
 -7.500000E-01  2.726554E-03
 -6.500000E-01  2.842095E-03
 -5.500000E-01  2.596612E-03
 -4.500000E-01  2.568127E-03
 -3.500000E-01  2.731035E-03
 -2.500000E-01  2.605253E-03
 -1.500000E-01  3.102300E-03
 -5.000000E-02  3.094618E-03
  5.000000E-02  2.407139E-03
  1.500000E-01  2.354970E-03
  2.500000E-01  2.204864E-03
  3.500000E-01  2.134131E-03
  4.500000E-01  2.487153E-03
  5.500000E-01  2.700630E-03
  6.500000E-01  2.535481E-03
  7.500000E-01  2.335126E-03
  8.500000E-01  2.228548E-03
  9.500000E-01  2.315283E-03
  1.050000E+00  2.720473E-03
  1.150000E+00  2.743197E-03
  1.250000E+00  2.540922E-03
  1.350000E+00  2.406819E-03
  1.450000E+00  2.678226E-03
  1.550000E+00  2.646861E-03
  1.650000E+00  2.648141E-03
  1.750000E+00  2.819371E-03
  1.850000E+00  2.265034E-03
  1.950000E+00  2.236869E-03
  2.050000E+00  1.834879E-03
  2.150000E+00  1.433209E-03
  2.250000E+00  1.284383E-03
  2.350000E+00  1.485699E-03
  2.450000E+00  1.443451E-03
  2.550000E+00  1.534027E-03
  2.650000E+00  1.194448E-03
  2.750000E+00  1.011696E-03
  2.850000E+00  1.061305E-03
  2.950000E+00  1.476737E-03
  3.050000E+00  1.347434E-03
  3.150000E+00  1.176205E-03
  3.250000E+00  1.008175E-03
  3.350000E+00  1.268701E-03
  3.450000E+00  1.187087E-03
  3.550000E+00  9.982537E-04
  3.650000E+00  8.647905E-04
  3.750000E+00  8.244635E-04
  3.850000E+00  6.413916E-04
  3.950000E+00  7.124440E-04
  4.050000E+00  6.138668E-04
  4.150000E+00  6.721170E-04
  4.250000E+00  5.552966E-04
  4.350000E+00  4.676014E-04
  4.450000E+00  4.644008E-04
  4.550000E+00  3.469404E-04
  4.650000E+00  4.026301E-04
  4.750000E+00  2.461228E-04
  4.850000E+00  2.547643E-04
  4.950000E+00  2.880501E-04
  5.050000E+00  3.559019E-04
  5.150000E+00  2.483632E-04
  5.250000E+00  2.704471E-04
  5.350000E+00  2.365212E-04
  5.450000E+00  2.077161E-04
  5.550000E+00  1.075387E-04
  5.650000E+00  1.184206E-04
  5.750000E+00  9.953732E-05
  5.850000E+00  1.062585E-04
  5.950000E+00  8.289442E-05
  6.050000E+00  2.688468E-05
  6.150000E+00  0.000000E+00
  6.250000E+00  0.000000E+00
  6.350000E+00  0.000000E+00
HW      
 -6.350000E+00  5.953036E-05
 -6.250000E+00  7.201253E-05
 -6.150000E+00  1.785911E-04
 -6.050000E+00  1.945939E-04
 -5.950000E+00  1.693095E-04
 -5.850000E+00  1.389042E-04
 -5.750000E+00  1.821117E-04
 -5.650000E+00  3.229362E-04
 -5.550000E+00  2.618056E-04
 -5.450000E+00  2.845295E-04
 -5.350000E+00  3.027727E-04
 -5.250000E+00  3.283771E-04
 -5.150000E+00  3.693443E-04
 -5.050000E+00  4.874448E-04
 -4.950000E+00  4.666412E-04
 -4.850000E+00  5.757802E-04
 -4.750000E+00  7.220456E-04
 -4.650000E+00  6.173874E-04
 -4.550000E+00  8.382259E-04
 -4.450000E+00  7.636529E-04
 -4.350000E+00  7.895774E-04
 -4.250000E+00  8.321448E-04
 -4.150000E+00  9.233607E-04
 -4.050000E+00  1.161802E-03
 -3.950000E+00  1.228374E-03
 -3.850000E+00  1.299746E-03
 -3.750000E+00  1.401524E-03
 -3.650000E+00  1.628123E-03
 -3.550000E+00  1.651487E-03
 -3.450000E+00  1.771188E-03
 -3.350000E+00  2.081962E-03
 -3.250000E+00  2.310482E-03
 -3.150000E+00  2.299280E-03
 -3.050000E+00  2.443625E-03
 -2.950000E+00  2.398817E-03
 -2.850000E+00  2.609734E-03
 -2.750000E+00  2.724634E-03
 -2.650000E+00  3.256247E-03
 -2.550000E+00  3.317057E-03
 -2.450000E+00  3.254326E-03
 -2.350000E+00  3.163751E-03
 -2.250000E+00  3.266808E-03
 -2.150000E+00  3.542696E-03
 -2.050000E+00  3.620790E-03
 -1.950000E+00  4.279785E-03
 -1.850000E+00  4.277224E-03
 -1.750000E+00  4.588638E-03
 -1.650000E+00  4.559193E-03
 -1.550000E+00  4.649129E-03
 -1.450000E+00  4.852684E-03
 -1.350000E+00  4.886930E-03
 -1.250000E+00  4.962784E-03
 -1.150000E+00  5.142655E-03
 -1.050000E+00  5.212107E-03
 -9.500000E-01  5.388138E-03
 -8.500000E-01  5.195784E-03
 -7.500000E-01  5.196424E-03
 -6.500000E-01  5.209867E-03
 -5.500000E-01  4.987748E-03
 -4.500000E-01  5.066482E-03
 -3.500000E-01  4.720501E-03
 -2.500000E-01  4.848524E-03
 -1.500000E-01  4.809157E-03
 -5.000000E-02  5.018153E-03
  5.000000E-02  5.270357E-03
  1.500000E-01  5.275798E-03
  2.500000E-01  5.245393E-03
  3.500000E-01  5.202185E-03
  4.500000E-01  5.035116E-03
  5.500000E-01  4.863566E-03
  6.500000E-01  5.082804E-03
  7.500000E-01  4.887250E-03
  8.500000E-01  5.180421E-03
  9.500000E-01  5.102648E-03
  1.050000E+00  4.875088E-03
  1.150000E+00  5.193864E-03
  1.250000E+00  4.910614E-03
  1.350000E+00  4.801796E-03
  1.450000E+00  4.765949E-03
  1.550000E+00  4.791234E-03
  1.650000E+00  4.338355E-03
  1.750000E+00  4.242338E-03
  1.850000E+00  4.062467E-03
  1.950000E+00  3.880675E-03
  2.050000E+00  3.637433E-03
  2.150000E+00  3.579503E-03
  2.250000E+00  3.354504E-03
  2.350000E+00  3.327299E-03
  2.450000E+00  3.159270E-03
  2.550000E+00  3.074775E-03
  2.650000E+00  2.949313E-03
  2.750000E+00  2.795686E-03
  2.850000E+00  2.610694E-03
  2.950000E+00  2.460268E-03
  3.050000E+00  2.630538E-03
  3.150000E+00  2.616775E-03
  3.250000E+00  2.368412E-03
  3.350000E+00  2.150134E-03
  3.450000E+00  1.795192E-03
  3.550000E+00  1.791992E-03
  3.650000E+00  1.703977E-03
  3.750000E+00  1.678692E-03
  3.850000E+00  1.563152E-03
  3.950000E+00  1.390322E-03
  4.050000E+00  1.223573E-03
  4.150000E+00  1.161482E-03
  4.250000E+00  1.088189E-03
  4.350000E+00  9.246409E-04
  4.450000E+00  9.944130E-04
  4.550000E+00  9.985738E-04
  4.650000E+00  8.887947E-04
  4.750000E+00  7.156445E-04
  4.850000E+00  7.073231E-04
  4.950000E+00  6.093860E-04
  5.050000E+00  5.264916E-04
  5.150000E+00  6.385111E-04
  5.250000E+00  4.772030E-04
  5.350000E+00  3.696643E-04
  5.450000E+00  3.693443E-04
  5.550000E+00  3.504610E-04
  5.650000E+00  3.491808E-04
  5.750000E+00  3.139746E-04
  5.850000E+00  2.397217E-04
  5.950000E+00  2.483632E-04
  6.050000E+00  1.865925E-04
  6.150000E+00  1.424248E-04
  6.250000E+00  1.469056E-04
  6.350000E+00  1.075387E-04
