1.000000E-02 -1.049385E+02
2.000000E-02 -1.614835E+02
3.000000E-02 -2.527840E+02
4.000000E-02 -2.419226E+02
5.000000E-02 -2.347334E+02
6.000000E-02 -2.818187E+02
7.000000E-02 -2.376436E+02
8.000000E-02 -2.579400E+02
9.000000E-02 -3.225656E+02
1.000000E-01 -3.529312E+02
1.100000E-01 -3.456451E+02
1.200000E-01 -3.827399E+02
1.300000E-01 -3.581686E+02
1.400000E-01 -3.502063E+02
1.500000E-01 -3.354516E+02
1.600000E-01 -3.621939E+02
1.700000E-01 -3.569913E+02
1.800000E-01 -3.593207E+02
1.900000E-01 -3.763283E+02
2.000000E-01 -3.913023E+02
2.100000E-01 -4.015886E+02
2.200000E-01 -3.849122E+02
2.300000E-01 -3.899634E+02
2.400000E-01 -4.251126E+02
2.500000E-01 -4.292260E+02
2.600000E-01 -4.185680E+02
2.700000E-01 -4.376145E+02
2.800000E-01 -4.583688E+02
2.900000E-01 -4.666330E+02
3.000000E-01 -4.700144E+02
3.100000E-01 -4.399366E+02
3.200000E-01 -4.593240E+02
3.300000E-01 -4.757957E+02
3.400000E-01 -4.697740E+02
3.500000E-01 -4.949127E+02
3.600000E-01 -4.936061E+02
3.700000E-01 -4.992844E+02
3.800000E-01 -5.238332E+02
3.900000E-01 -5.171329E+02
4.000000E-01 -5.291100E+02
4.100000E-01 -5.373204E+02
4.200000E-01 -5.298412E+02
4.300000E-01 -5.414275E+02
4.400000E-01 -5.533124E+02
4.500000E-01 -5.478813E+02
4.600000E-01 -5.599124E+02
4.700000E-01 -5.785243E+02
4.800000E-01 -5.691521E+02
4.900000E-01 -5.800387E+02
5.000000E-01 -5.931182E+02
5.100000E-01 -5.978130E+02
5.200000E-01 -6.120543E+02
5.300000E-01 -6.054712E+02
5.400000E-01 -5.872769E+02
5.500000E-01 -6.033517E+02
5.600000E-01 -6.146092E+02
5.700000E-01 -6.175772E+02
5.800000E-01 -6.222621E+02
5.900000E-01 -6.175596E+02
6.000000E-01 -6.243644E+02
6.100000E-01 -6.292149E+02
6.200000E-01 -6.281592E+02
6.300000E-01 -6.350718E+02
6.400000E-01 -6.357875E+02
6.500000E-01 -6.344600E+02
6.600000E-01 -6.310821E+02
6.700000E-01 -6.362064E+02
6.800000E-01 -6.359748E+02
6.900000E-01 -6.312825E+02
7.000000E-01 -6.371513E+02
7.100000E-01 -6.384048E+02
7.200000E-01 -6.398070E+02
7.300000E-01 -6.486303E+02
7.400000E-01 -6.309958E+02
7.500000E-01 -6.428302E+02
7.600000E-01 -6.423048E+02
7.700000E-01 -6.458409E+02
7.800000E-01 -6.482473E+02
7.900000E-01 -6.358916E+02
8.000000E-01 -6.422995E+02
8.100000E-01 -6.397066E+02
8.200000E-01 -6.415112E+02
8.300000E-01 -6.448300E+02
8.400000E-01 -6.398358E+02
8.500000E-01 -6.400828E+02
8.600000E-01 -6.525042E+02
8.700000E-01 -6.446761E+02
8.800000E-01 -6.399387E+02
8.900000E-01 -6.414848E+02
9.000000E-01 -6.379115E+02
9.100000E-01 -6.263609E+02
9.200000E-01 -6.392816E+02
9.300000E-01 -6.560601E+02
9.400000E-01 -6.364196E+02
9.500000E-01 -6.498465E+02
9.600000E-01 -6.380778E+02
9.700000E-01 -6.652074E+02
9.800000E-01 -6.404563E+02
9.900000E-01 -6.259209E+02
1.000000E+00 -6.331873E+02
1.010000E+00 -6.410987E+02
1.020000E+00 -6.205655E+02
1.030000E+00 -6.201786E+02
1.040000E+00 -6.294600E+02
1.050000E+00 -6.303463E+02
1.060000E+00 -6.247705E+02
1.070000E+00 -6.312265E+02
1.080000E+00 -6.149680E+02
1.090000E+00 -6.200502E+02
1.100000E+00 -6.007106E+02
1.110000E+00 -5.917401E+02
1.120000E+00 -5.983089E+02
1.130000E+00 -5.914935E+02
1.140000E+00 -5.699405E+02
1.150000E+00 -6.053833E+02
1.160000E+00 -5.885158E+02
1.170000E+00 -5.802712E+02
1.180000E+00 -5.699957E+02
1.190000E+00 -5.488907E+02
1.200000E+00 -5.625941E+02
1.210000E+00 -5.328699E+02
1.220000E+00 -5.633899E+02
1.230000E+00 -5.451416E+02
1.240000E+00 -5.553589E+02
1.250000E+00 -5.345975E+02
1.260000E+00 -5.462815E+02
1.270000E+00 -5.369883E+02
1.280000E+00 -5.349301E+02
1.290000E+00 -5.371129E+02
1.300000E+00 -5.151408E+02
1.310000E+00 -5.232177E+02
1.320000E+00 -4.993307E+02
1.330000E+00 -4.965537E+02
1.340000E+00 -4.909806E+02
1.350000E+00 -5.065383E+02
1.360000E+00 -5.219150E+02
1.370000E+00 -5.017484E+02
1.380000E+00 -4.817491E+02
1.390000E+00 -4.903520E+02
1.400000E+00 -4.982063E+02
1.410000E+00 -4.901398E+02
1.420000E+00 -4.803425E+02
1.430000E+00 -4.972223E+02
1.440000E+00 -4.880735E+02
1.450000E+00 -4.747944E+02
1.460000E+00 -4.712564E+02
1.470000E+00 -4.705814E+02
1.480000E+00 -4.870777E+02
1.490000E+00 -5.069731E+02
1.500000E+00 -5.044484E+02
1.510000E+00 -5.029802E+02
1.520000E+00 -5.003589E+02
1.530000E+00 -4.926929E+02
1.540000E+00 -4.923931E+02
1.550000E+00 -4.878448E+02
1.560000E+00 -4.903520E+02
1.570000E+00 -4.867867E+02
1.580000E+00 -4.953595E+02
1.590000E+00 -4.787876E+02
1.600000E+00 -4.858279E+02
1.610000E+00 -4.851222E+02
1.620000E+00 -4.959496E+02
1.630000E+00 -4.982131E+02
1.640000E+00 -4.954698E+02
1.650000E+00 -4.969242E+02
1.660000E+00 -4.985233E+02
1.670000E+00 -5.105081E+02
1.680000E+00 -5.132673E+02
1.690000E+00 -5.098468E+02
1.700000E+00 -4.981402E+02
1.710000E+00 -4.768850E+02
1.720000E+00 -5.044684E+02
1.730000E+00 -5.312472E+02
1.740000E+00 -5.378897E+02
1.750000E+00 -5.271905E+02
1.760000E+00 -5.370820E+02
1.770000E+00 -5.276833E+02
1.780000E+00 -5.217887E+02
1.790000E+00 -5.202091E+02
1.800000E+00 -5.149901E+02
1.810000E+00 -5.249033E+02
1.820000E+00 -5.329334E+02
1.830000E+00 -5.284681E+02
1.840000E+00 -5.314377E+02
1.850000E+00 -5.400295E+02
1.860000E+00 -5.342207E+02
1.870000E+00 -5.318250E+02
1.880000E+00 -5.234530E+02
1.890000E+00 -5.524812E+02
1.900000E+00 -5.546473E+02
1.910000E+00 -5.523135E+02
1.920000E+00 -5.446445E+02
1.930000E+00 -5.451576E+02
1.940000E+00 -5.369697E+02
1.950000E+00 -5.537182E+02
1.960000E+00 -5.605288E+02
1.970000E+00 -5.755918E+02
1.980000E+00 -5.526191E+02
1.990000E+00 -5.605139E+02
2.000000E+00 -5.577430E+02
2.010000E+00 -5.536323E+02
2.020000E+00 -5.477003E+02
2.030000E+00 -5.594123E+02
2.040000E+00 -5.427403E+02
2.050000E+00 -5.459433E+02
2.060000E+00 -5.701331E+02
2.070000E+00 -5.615385E+02
2.080000E+00 -5.585457E+02
2.090000E+00 -5.659900E+02
2.100000E+00 -5.608610E+02
2.110000E+00 -5.640744E+02
2.120000E+00 -5.749829E+02
2.130000E+00 -5.782312E+02
2.140000E+00 -5.615018E+02
2.150000E+00 -5.619458E+02
2.160000E+00 -5.374009E+02
2.170000E+00 -5.589176E+02
2.180000E+00 -5.643802E+02
2.190000E+00 -5.796293E+02
2.200000E+00 -5.763123E+02
2.210000E+00 -5.647661E+02
2.220000E+00 -5.711798E+02
2.230000E+00 -5.687784E+02
2.240000E+00 -5.515681E+02
2.250000E+00 -5.649593E+02
2.260000E+00 -5.649111E+02
2.270000E+00 -5.598934E+02
2.280000E+00 -5.678678E+02
2.290000E+00 -5.584714E+02
2.300000E+00 -5.849041E+02
2.310000E+00 -6.010723E+02
2.320000E+00 -6.022638E+02
2.330000E+00 -5.961314E+02
2.340000E+00 -5.750880E+02
2.350000E+00 -5.834239E+02
2.360000E+00 -5.679425E+02
2.370000E+00 -5.753942E+02
2.380000E+00 -6.061902E+02
2.390000E+00 -5.882801E+02
2.400000E+00 -5.731431E+02
2.410000E+00 -5.635796E+02
2.420000E+00 -5.550623E+02
2.430000E+00 -5.605512E+02
2.440000E+00 -5.692183E+02
2.450000E+00 -5.712722E+02
2.460000E+00 -5.506948E+02
2.470000E+00 -5.447821E+02
2.480000E+00 -5.517064E+02
2.490000E+00 -5.572929E+02
2.500000E+00 -5.594503E+02
2.510000E+00 -5.539131E+02
2.520000E+00 -5.472086E+02
2.530000E+00 -5.604055E+02
2.540000E+00 -5.556426E+02
2.550000E+00 -5.568834E+02
2.560000E+00 -5.589766E+02
2.570000E+00 -5.503061E+02
2.580000E+00 -5.410880E+02
2.590000E+00 -5.367112E+02
2.600000E+00 -5.658182E+02
2.610000E+00 -5.595845E+02
2.620000E+00 -5.640743E+02
2.630000E+00 -5.544472E+02
2.640000E+00 -5.576735E+02
2.650000E+00 -5.424885E+02
2.660000E+00 -5.589319E+02
2.670000E+00 -5.424389E+02
2.680000E+00 -5.686349E+02
2.690000E+00 -5.718018E+02
2.700000E+00 -5.704461E+02
2.710000E+00 -5.782455E+02
2.720000E+00 -5.624720E+02
2.730000E+00 -5.782708E+02
2.740000E+00 -5.680565E+02
2.750000E+00 -5.525300E+02
2.760000E+00 -5.742805E+02
2.770000E+00 -5.884624E+02
2.780000E+00 -5.762997E+02
2.790000E+00 -5.732325E+02
2.800000E+00 -5.711005E+02
2.810000E+00 -5.885818E+02
2.820000E+00 -5.828144E+02
2.830000E+00 -5.708505E+02
2.840000E+00 -5.641435E+02
2.850000E+00 -5.749227E+02
2.860000E+00 -5.704941E+02
2.870000E+00 -5.674219E+02
2.880000E+00 -5.675051E+02
2.890000E+00 -5.740884E+02
2.900000E+00 -5.618782E+02
2.910000E+00 -5.702279E+02
2.920000E+00 -5.700588E+02
2.930000E+00 -5.765602E+02
2.940000E+00 -5.720771E+02
2.950000E+00 -5.778889E+02
2.960000E+00 -5.628701E+02
2.970000E+00 -5.566015E+02
2.980000E+00 -5.704141E+02
2.990000E+00 -5.788354E+02
3.000000E+00 -5.767740E+02
3.010000E+00 -5.614543E+02
3.020000E+00 -5.555230E+02
3.030000E+00 -5.600244E+02
3.040000E+00 -5.659233E+02
3.050000E+00 -5.772386E+02
3.060000E+00 -5.639442E+02
3.070000E+00 -5.464480E+02
3.080000E+00 -5.517953E+02
3.090000E+00 -5.541367E+02
3.100000E+00 -5.601977E+02
3.110000E+00 -5.505779E+02
3.120000E+00 -5.726873E+02
3.130000E+00 -5.705604E+02
3.140000E+00 -5.701941E+02
3.150000E+00 -5.726999E+02
3.160000E+00 -5.874433E+02
3.170000E+00 -5.852366E+02
3.180000E+00 -5.591266E+02
3.190000E+00 -5.784235E+02
3.200000E+00 -5.767502E+02
3.210000E+00 -5.912660E+02
3.220000E+00 -5.942936E+02
3.230000E+00 -5.757002E+02
3.240000E+00 -5.809802E+02
3.250000E+00 -5.844609E+02
3.260000E+00 -5.692117E+02
3.270000E+00 -5.657785E+02
3.280000E+00 -5.682805E+02
3.290000E+00 -5.647532E+02
3.300000E+00 -5.793274E+02
3.310000E+00 -6.004587E+02
3.320000E+00 -5.840780E+02
3.330000E+00 -5.809378E+02
3.340000E+00 -5.756942E+02
3.350000E+00 -5.837587E+02
3.360000E+00 -5.963543E+02
3.370000E+00 -5.901021E+02
3.380000E+00 -5.751363E+02
3.390000E+00 -5.789935E+02
3.400000E+00 -5.779864E+02
3.410000E+00 -5.643723E+02
3.420000E+00 -5.610272E+02
3.430000E+00 -5.408958E+02
3.440000E+00 -5.367297E+02
3.450000E+00 -5.691014E+02
3.460000E+00 -5.597289E+02
3.470000E+00 -5.687999E+02
3.480000E+00 -5.679835E+02
3.490000E+00 -5.369992E+02
3.500000E+00 -5.569398E+02
3.510000E+00 -5.367383E+02
3.520000E+00 -5.517727E+02
3.530000E+00 -5.590262E+02
3.540000E+00 -5.428262E+02
3.550000E+00 -5.689787E+02
3.560000E+00 -5.750929E+02
3.570000E+00 -5.704082E+02
3.580000E+00 -5.593681E+02
3.590000E+00 -5.614681E+02
3.600000E+00 -5.815712E+02
3.610000E+00 -5.593989E+02
3.620000E+00 -5.688006E+02
3.630000E+00 -5.829214E+02
3.640000E+00 -5.772236E+02
3.650000E+00 -5.787182E+02
3.660000E+00 -5.859762E+02
3.670000E+00 -5.622196E+02
3.680000E+00 -5.670829E+02
3.690000E+00 -5.657674E+02
3.700000E+00 -5.718171E+02
3.710000E+00 -5.768243E+02
3.720000E+00 -5.776286E+02
3.730000E+00 -5.711189E+02
3.740000E+00 -5.636380E+02
3.750000E+00 -5.568866E+02
3.760000E+00 -5.443632E+02
3.770000E+00 -5.600445E+02
3.780000E+00 -5.467574E+02
3.790000E+00 -5.343134E+02
3.800000E+00 -5.228059E+02
3.810000E+00 -5.395965E+02
3.820000E+00 -5.636306E+02
3.830000E+00 -5.631155E+02
3.840000E+00 -5.503111E+02
3.850000E+00 -5.753278E+02
3.860000E+00 -5.823102E+02
3.870000E+00 -5.604543E+02
3.880000E+00 -5.648262E+02
3.890000E+00 -5.880983E+02
3.900000E+00 -5.821128E+02
3.910000E+00 -5.656561E+02
3.920000E+00 -5.539182E+02
3.930000E+00 -5.545775E+02
3.940000E+00 -5.715729E+02
3.950000E+00 -5.571026E+02
3.960000E+00 -5.424923E+02
3.970000E+00 -5.618092E+02
3.980000E+00 -5.575377E+02
3.990000E+00 -5.535523E+02
4.000000E+00 -5.617079E+02
4.010000E+00 -5.896625E+02
4.020000E+00 -5.867639E+02
4.030000E+00 -5.493653E+02
4.040000E+00 -5.673924E+02
4.050000E+00 -5.816025E+02
4.060000E+00 -5.808115E+02
4.070000E+00 -5.901047E+02
4.080000E+00 -5.744432E+02
4.090000E+00 -5.785672E+02
4.100000E+00 -5.522172E+02
4.110000E+00 -5.589968E+02
4.120000E+00 -5.847415E+02
4.130000E+00 -5.887053E+02
4.140000E+00 -5.683094E+02
4.150000E+00 -5.589111E+02
4.160000E+00 -5.541405E+02
4.170000E+00 -5.704812E+02
4.180000E+00 -5.834788E+02
4.190000E+00 -5.776508E+02
4.200000E+00 -5.923744E+02
4.210000E+00 -5.806727E+02
4.220000E+00 -5.703074E+02
4.230000E+00 -5.776290E+02
4.240000E+00 -5.975989E+02
4.250000E+00 -5.917539E+02
4.260000E+00 -5.814049E+02
4.270000E+00 -6.194755E+02
4.280000E+00 -5.964010E+02
4.290000E+00 -6.035311E+02
4.300000E+00 -5.960447E+02
4.310000E+00 -5.955033E+02
4.320000E+00 -5.929039E+02
4.330000E+00 -5.697340E+02
4.340000E+00 -5.790821E+02
4.350000E+00 -6.032045E+02
4.360000E+00 -6.374616E+02
4.370000E+00 -5.983475E+02
4.380000E+00 -6.007932E+02
4.390000E+00 -5.983623E+02
4.400000E+00 -6.085672E+02
4.410000E+00 -5.974657E+02
4.420000E+00 -5.617325E+02
4.430000E+00 -5.952370E+02
4.440000E+00 -5.901735E+02
4.450000E+00 -5.801076E+02
4.460000E+00 -5.819669E+02
4.470000E+00 -5.723855E+02
4.480000E+00 -5.871524E+02
4.490000E+00 -5.848946E+02
4.500000E+00 -5.879767E+02
4.510000E+00 -5.769037E+02
4.520000E+00 -5.756251E+02
4.530000E+00 -5.766718E+02
4.540000E+00 -5.788800E+02
4.550000E+00 -5.989295E+02
4.560000E+00 -5.777815E+02
4.570000E+00 -5.804613E+02
4.580000E+00 -6.214807E+02
4.590000E+00 -5.944691E+02
4.600000E+00 -5.983967E+02
4.610000E+00 -6.224813E+02
4.620000E+00 -6.150718E+02
4.630000E+00 -6.190292E+02
4.640000E+00 -6.129323E+02
4.650000E+00 -5.775520E+02
4.660000E+00 -5.882584E+02
4.670000E+00 -5.948898E+02
4.680000E+00 -5.815950E+02
4.690000E+00 -6.142930E+02
4.700000E+00 -6.036682E+02
4.710000E+00 -6.109655E+02
4.720000E+00 -6.107838E+02
4.730000E+00 -5.917320E+02
4.740000E+00 -6.005727E+02
4.750000E+00 -5.980575E+02
4.760000E+00 -5.799623E+02
4.770000E+00 -5.770059E+02
4.780000E+00 -5.608002E+02
4.790000E+00 -5.612508E+02
4.800000E+00 -5.669944E+02
4.810000E+00 -5.769643E+02
4.820000E+00 -5.855233E+02
4.830000E+00 -5.769810E+02
4.840000E+00 -5.791681E+02
4.850000E+00 -5.788290E+02
4.860000E+00 -5.923378E+02
4.870000E+00 -5.887003E+02
4.880000E+00 -5.994576E+02
4.890000E+00 -5.806169E+02
4.900000E+00 -5.800852E+02
4.910000E+00 -5.807733E+02
4.920000E+00 -5.952125E+02
4.930000E+00 -5.551733E+02
4.940000E+00 -5.790658E+02
4.950000E+00 -5.818523E+02
4.960000E+00 -5.713703E+02
4.970000E+00 -5.813030E+02
4.980000E+00 -5.901544E+02
4.990000E+00 -5.833005E+02
5.000000E+00 -5.804249E+02
5.010000E+00 -5.651740E+02
5.020000E+00 -5.680316E+02
5.030000E+00 -5.701405E+02
5.040000E+00 -5.657710E+02
5.050000E+00 -5.732587E+02
5.060000E+00 -5.667787E+02
5.070000E+00 -5.536670E+02
5.080000E+00 -5.596616E+02
5.090000E+00 -5.537431E+02
5.100000E+00 -5.486649E+02
5.110000E+00 -5.673131E+02
5.120000E+00 -5.577603E+02
5.130000E+00 -5.516097E+02
5.140000E+00 -5.433391E+02
5.150000E+00 -5.618622E+02
5.160000E+00 -5.477390E+02
5.170000E+00 -5.496430E+02
5.180000E+00 -5.800854E+02
5.190000E+00 -5.669126E+02
5.200000E+00 -5.687409E+02
5.210000E+00 -5.916015E+02
5.220000E+00 -5.770529E+02
5.230000E+00 -5.551613E+02
5.240000E+00 -5.431131E+02
5.250000E+00 -5.583191E+02
5.260000E+00 -5.505423E+02
5.270000E+00 -5.607219E+02
5.280000E+00 -5.582022E+02
5.290000E+00 -5.553324E+02
5.300000E+00 -5.583206E+02
5.310000E+00 -5.717945E+02
5.320000E+00 -5.501867E+02
5.330000E+00 -5.598666E+02
5.340000E+00 -5.586882E+02
5.350000E+00 -5.791756E+02
5.360000E+00 -5.623233E+02
5.370000E+00 -5.497562E+02
5.380000E+00 -5.637530E+02
5.390000E+00 -5.829213E+02
5.400000E+00 -5.645434E+02
5.410000E+00 -5.645550E+02
5.420000E+00 -5.662539E+02
5.430000E+00 -5.569436E+02
5.440000E+00 -5.632706E+02
5.450000E+00 -5.769787E+02
5.460000E+00 -5.719560E+02
5.470000E+00 -5.826168E+02
5.480000E+00 -5.843753E+02
5.490000E+00 -5.981757E+02
5.500000E+00 -5.856678E+02
5.510000E+00 -5.807629E+02
5.520000E+00 -5.816159E+02
5.530000E+00 -5.750302E+02
5.540000E+00 -5.720201E+02
5.550000E+00 -5.950774E+02
5.560000E+00 -5.680992E+02
5.570000E+00 -5.955230E+02
5.580000E+00 -5.771779E+02
5.590000E+00 -5.759494E+02
5.600000E+00 -5.643347E+02
5.610000E+00 -5.650107E+02
5.620000E+00 -5.908189E+02
5.630000E+00 -5.868459E+02
5.640000E+00 -5.861769E+02
5.650000E+00 -5.699354E+02
5.660000E+00 -5.791946E+02
5.670000E+00 -5.676457E+02
5.680000E+00 -5.825053E+02
5.690000E+00 -5.653012E+02
5.700000E+00 -5.800391E+02
5.710000E+00 -5.827462E+02
5.720000E+00 -5.837112E+02
5.730000E+00 -5.795192E+02
5.740000E+00 -5.659275E+02
5.750000E+00 -5.678460E+02
5.760000E+00 -5.706068E+02
5.770000E+00 -5.780724E+02
5.780000E+00 -6.001337E+02
5.790000E+00 -5.810517E+02
5.800000E+00 -5.824302E+02
5.810000E+00 -5.922835E+02
5.820000E+00 -5.791448E+02
5.830000E+00 -5.800402E+02
5.840000E+00 -5.683859E+02
5.850000E+00 -5.650460E+02
5.860000E+00 -5.766105E+02
5.870000E+00 -5.912087E+02
5.880000E+00 -5.887547E+02
5.890000E+00 -5.990109E+02
5.900000E+00 -5.912759E+02
5.910000E+00 -5.885039E+02
5.920000E+00 -5.954101E+02
5.930000E+00 -5.679539E+02
5.940000E+00 -5.687308E+02
5.950000E+00 -5.767876E+02
5.960000E+00 -5.686928E+02
5.970000E+00 -5.747143E+02
5.980000E+00 -5.804868E+02
5.990000E+00 -5.827131E+02
6.000000E+00 -5.551901E+02
6.010000E+00 -5.460039E+02
6.020000E+00 -5.733291E+02
6.030000E+00 -5.692314E+02
6.040000E+00 -5.858767E+02
6.050000E+00 -5.709376E+02
6.060000E+00 -5.692576E+02
6.070000E+00 -5.754582E+02
6.080000E+00 -5.761658E+02
6.090000E+00 -6.025937E+02
6.100000E+00 -5.908994E+02
6.110000E+00 -5.965031E+02
6.120000E+00 -6.004092E+02
6.130000E+00 -5.759591E+02
6.140000E+00 -6.013851E+02
6.150000E+00 -5.782129E+02
6.160000E+00 -6.239888E+02
6.170000E+00 -6.191867E+02
6.180000E+00 -6.172290E+02
6.190000E+00 -5.842113E+02
6.200000E+00 -5.725882E+02
6.210000E+00 -5.993336E+02
6.220000E+00 -5.515313E+02
6.230000E+00 -5.916690E+02
6.240000E+00 -5.705793E+02
6.250000E+00 -5.509928E+02
6.260000E+00 -5.886694E+02
6.270000E+00 -5.932464E+02
6.280000E+00 -5.857624E+02
6.290000E+00 -5.873801E+02
6.300000E+00 -5.486531E+02
6.310000E+00 -5.684767E+02
6.320000E+00 -5.931443E+02
6.330000E+00 -5.656674E+02
6.340000E+00 -5.543740E+02
6.350000E+00 -5.657861E+02
6.360000E+00 -5.604627E+02
6.370000E+00 -5.579390E+02
6.380000E+00 -5.584453E+02
6.390000E+00 -5.707255E+02
6.400000E+00 -5.479650E+02
6.410000E+00 -5.497170E+02
6.420000E+00 -5.591079E+02
6.430000E+00 -5.702815E+02
6.440000E+00 -5.693052E+02
6.450000E+00 -5.630912E+02
6.460000E+00 -5.746477E+02
6.470000E+00 -5.892165E+02
6.480000E+00 -6.109075E+02
6.490000E+00 -5.533821E+02
6.500000E+00 -5.844910E+02
6.510000E+00 -5.830761E+02
6.520000E+00 -5.633734E+02
6.530000E+00 -5.342353E+02
6.540000E+00 -5.610338E+02
6.550000E+00 -5.864634E+02
6.560000E+00 -5.833603E+02
6.570000E+00 -5.553302E+02
6.580000E+00 -5.609442E+02
6.590000E+00 -5.829600E+02
6.600000E+00 -5.798087E+02
6.610000E+00 -6.028928E+02
6.620000E+00 -5.816707E+02
6.630000E+00 -5.852453E+02
6.640000E+00 -6.019333E+02
6.650000E+00 -5.690158E+02
6.660000E+00 -5.662770E+02
6.670000E+00 -5.670196E+02
6.680000E+00 -5.788096E+02
6.690000E+00 -5.737651E+02
6.700000E+00 -5.689093E+02
6.710000E+00 -5.550432E+02
6.720000E+00 -5.793794E+02
6.730000E+00 -5.645431E+02
6.740000E+00 -5.639060E+02
6.750000E+00 -5.554756E+02
6.760000E+00 -5.467248E+02
6.770000E+00 -5.752170E+02
6.780000E+00 -5.743930E+02
6.790000E+00 -5.783753E+02
6.800000E+00 -5.629694E+02
6.810000E+00 -5.672082E+02
6.820000E+00 -5.573570E+02
6.830000E+00 -5.456669E+02
6.840000E+00 -5.652875E+02
6.850000E+00 -5.758014E+02
6.860000E+00 -5.839230E+02
6.870000E+00 -5.791073E+02
6.880000E+00 -5.874762E+02
6.890000E+00 -5.693172E+02
6.900000E+00 -5.661074E+02
6.910000E+00 -5.699202E+02
6.920000E+00 -5.896022E+02
6.930000E+00 -5.869961E+02
6.940000E+00 -6.049130E+02
6.950000E+00 -5.883014E+02
6.960000E+00 -5.623220E+02
6.970000E+00 -5.652505E+02
6.980000E+00 -5.543269E+02
6.990000E+00 -5.744657E+02
7.000000E+00 -5.764857E+02
7.010000E+00 -5.793907E+02
7.020000E+00 -5.376547E+02
7.030000E+00 -5.346239E+02
7.040000E+00 -5.598990E+02
7.050000E+00 -5.706269E+02
7.060000E+00 -5.765766E+02
7.070000E+00 -5.644141E+02
7.080000E+00 -5.718358E+02
7.090000E+00 -5.605551E+02
7.100000E+00 -5.592472E+02
7.110000E+00 -5.555631E+02
7.120000E+00 -5.645915E+02
7.130000E+00 -5.527037E+02
7.140000E+00 -5.794797E+02
7.150000E+00 -5.669223E+02
7.160000E+00 -5.494187E+02
7.170000E+00 -5.691306E+02
7.180000E+00 -5.464757E+02
7.190000E+00 -5.694588E+02
7.200000E+00 -5.566414E+02
7.210000E+00 -5.506546E+02
7.220000E+00 -5.701253E+02
7.230000E+00 -5.465230E+02
7.240000E+00 -5.515071E+02
7.250000E+00 -5.599920E+02
7.260000E+00 -5.517553E+02
7.270000E+00 -5.463228E+02
7.280000E+00 -5.389386E+02
7.290000E+00 -5.382846E+02
7.300000E+00 -5.484216E+02
7.310000E+00 -5.387120E+02
7.320000E+00 -5.391945E+02
7.330000E+00 -5.376079E+02
7.340000E+00 -5.393424E+02
7.350000E+00 -5.480952E+02
7.360000E+00 -5.293916E+02
7.370000E+00 -5.424947E+02
7.380000E+00 -5.391841E+02
7.390000E+00 -5.226542E+02
7.400000E+00 -5.329672E+02
7.410000E+00 -5.262395E+02
7.420000E+00 -5.323218E+02
7.430000E+00 -5.298896E+02
7.440000E+00 -5.356561E+02
7.450000E+00 -5.635198E+02
7.460000E+00 -5.448096E+02
7.470000E+00 -5.514503E+02
7.480000E+00 -5.400599E+02
7.490000E+00 -5.280606E+02
7.500000E+00 -5.321003E+02
7.510000E+00 -5.317962E+02
7.520000E+00 -5.176551E+02
7.530000E+00 -5.244707E+02
7.540000E+00 -5.242196E+02
7.550000E+00 -5.301554E+02
7.560000E+00 -5.254335E+02
7.570000E+00 -5.378706E+02
7.580000E+00 -5.362531E+02
7.590000E+00 -5.268578E+02
7.600000E+00 -5.130344E+02
7.610000E+00 -5.200163E+02
7.620000E+00 -5.432878E+02
7.630000E+00 -5.433864E+02
7.640000E+00 -5.326470E+02
7.650000E+00 -5.336073E+02
7.660000E+00 -5.299577E+02
7.670000E+00 -5.287173E+02
7.680000E+00 -5.285369E+02
7.690000E+00 -5.473360E+02
7.700000E+00 -5.439053E+02
7.710000E+00 -5.331615E+02
7.720000E+00 -5.312858E+02
7.730000E+00 -5.182614E+02
7.740000E+00 -5.208798E+02
7.750000E+00 -5.373097E+02
7.760000E+00 -5.258690E+02
7.770000E+00 -5.183846E+02
7.780000E+00 -5.136779E+02
7.790000E+00 -4.974961E+02
7.800000E+00 -4.982927E+02
7.810000E+00 -4.951896E+02
7.820000E+00 -5.193223E+02
7.830000E+00 -5.313466E+02
7.840000E+00 -5.211244E+02
7.850000E+00 -5.218294E+02
7.860000E+00 -5.124082E+02
7.870000E+00 -5.115608E+02
7.880000E+00 -5.140549E+02
7.890000E+00 -5.118674E+02
7.900000E+00 -5.249541E+02
7.910000E+00 -5.035272E+02
7.920000E+00 -5.025995E+02
7.930000E+00 -4.955274E+02
7.940000E+00 -4.943792E+02
7.950000E+00 -5.124964E+02
7.960000E+00 -5.140008E+02
7.970000E+00 -5.155050E+02
7.980000E+00 -5.194354E+02
7.990000E+00 -5.109377E+02
8.000000E+00 -5.445876E+02
8.010000E+00 -5.448685E+02
8.020000E+00 -5.182406E+02
8.030000E+00 -5.135614E+02
8.040000E+00 -5.186800E+02
8.050000E+00 -5.359014E+02
8.060000E+00 -5.241690E+02
8.070000E+00 -5.251115E+02
8.080000E+00 -5.321122E+02
8.090000E+00 -5.228635E+02
8.100000E+00 -5.400650E+02
8.110000E+00 -5.396958E+02
8.120000E+00 -5.146812E+02
8.130000E+00 -5.320654E+02
8.140000E+00 -5.163396E+02
8.150000E+00 -4.996612E+02
8.160000E+00 -4.990211E+02
8.170000E+00 -5.160629E+02
8.180000E+00 -5.248742E+02
8.190000E+00 -5.279651E+02
8.200000E+00 -5.274772E+02
8.210000E+00 -5.133312E+02
8.220000E+00 -5.122418E+02
8.230000E+00 -5.368385E+02
8.240000E+00 -5.277268E+02
8.250000E+00 -5.196675E+02
8.260000E+00 -5.267989E+02
8.270000E+00 -5.114619E+02
8.280000E+00 -4.995143E+02
8.290000E+00 -5.252636E+02
8.300000E+00 -5.052247E+02
8.310000E+00 -4.998038E+02
8.320000E+00 -4.933487E+02
8.330000E+00 -4.993013E+02
8.340000E+00 -5.116208E+02
8.350000E+00 -5.236750E+02
8.360000E+00 -5.260494E+02
8.370000E+00 -5.379592E+02
8.380000E+00 -5.514790E+02
8.390000E+00 -5.408496E+02
8.400000E+00 -5.467911E+02
8.410000E+00 -5.470385E+02
8.420000E+00 -5.378270E+02
8.430000E+00 -5.342115E+02
8.440000E+00 -5.545604E+02
8.450000E+00 -5.401963E+02
8.460000E+00 -5.435422E+02
8.470000E+00 -5.297820E+02
8.480000E+00 -5.603552E+02
8.490000E+00 -5.518879E+02
8.500000E+00 -5.662618E+02
8.510000E+00 -5.456963E+02
8.520000E+00 -5.412291E+02
8.530000E+00 -5.347320E+02
8.540000E+00 -5.427426E+02
8.550000E+00 -5.104838E+02
8.560000E+00 -5.183011E+02
8.570000E+00 -5.384354E+02
8.580000E+00 -5.381777E+02
8.590000E+00 -5.242180E+02
8.600000E+00 -5.479295E+02
8.610000E+00 -5.481432E+02
8.620000E+00 -5.400877E+02
8.630000E+00 -5.269715E+02
8.640000E+00 -5.328090E+02
8.650000E+00 -5.390876E+02
8.660000E+00 -5.533250E+02
8.670000E+00 -5.445767E+02
8.680000E+00 -5.440129E+02
8.690000E+00 -5.543726E+02
8.700000E+00 -5.621960E+02
8.710000E+00 -5.415484E+02
8.720000E+00 -5.273945E+02
8.730000E+00 -5.339545E+02
8.740000E+00 -5.250759E+02
8.750000E+00 -5.470635E+02
8.760000E+00 -5.408396E+02
8.770000E+00 -5.404225E+02
8.780000E+00 -5.380284E+02
8.790000E+00 -5.414211E+02
8.800000E+00 -5.562612E+02
8.810000E+00 -5.424396E+02
8.820000E+00 -5.284253E+02
8.830000E+00 -5.274885E+02
8.840000E+00 -5.541773E+02
8.850000E+00 -5.572832E+02
8.860000E+00 -5.431491E+02
8.870000E+00 -5.572084E+02
8.880000E+00 -5.572872E+02
8.890000E+00 -5.581300E+02
8.900000E+00 -5.512701E+02
8.910000E+00 -5.693760E+02
8.920000E+00 -5.565447E+02
8.930000E+00 -5.631804E+02
8.940000E+00 -5.471700E+02
8.950000E+00 -5.436370E+02
8.960000E+00 -5.558762E+02
8.970000E+00 -5.634591E+02
8.980000E+00 -5.733073E+02
8.990000E+00 -5.659234E+02
9.000000E+00 -5.891594E+02
9.010000E+00 -5.848037E+02
9.020000E+00 -5.529465E+02
9.030000E+00 -5.536215E+02
9.040000E+00 -5.798368E+02
9.050000E+00 -5.698406E+02
9.060000E+00 -5.593329E+02
9.070000E+00 -5.563060E+02
9.080000E+00 -5.578349E+02
9.090000E+00 -5.554138E+02
9.100000E+00 -5.575895E+02
9.110000E+00 -5.413116E+02
9.120000E+00 -5.316814E+02
9.130000E+00 -5.558141E+02
9.140000E+00 -5.319752E+02
9.150000E+00 -5.496798E+02
9.160000E+00 -5.590878E+02
9.170000E+00 -5.327684E+02
9.180000E+00 -5.432096E+02
9.190000E+00 -5.464966E+02
9.200000E+00 -5.415612E+02
9.210000E+00 -5.348820E+02
9.220000E+00 -5.453638E+02
9.230000E+00 -5.538072E+02
9.240000E+00 -5.609386E+02
9.250000E+00 -5.649820E+02
9.260000E+00 -5.565343E+02
9.270000E+00 -5.686670E+02
9.280000E+00 -5.548443E+02
9.290000E+00 -5.413362E+02
9.300000E+00 -5.682487E+02
9.310000E+00 -5.722423E+02
9.320000E+00 -5.530378E+02
9.330000E+00 -5.862108E+02
9.340000E+00 -5.969768E+02
9.350000E+00 -5.737051E+02
9.360000E+00 -5.633434E+02
9.370000E+00 -5.865146E+02
9.380000E+00 -5.756661E+02
9.390000E+00 -5.869631E+02
9.400000E+00 -5.601853E+02
9.410000E+00 -5.289595E+02
9.420000E+00 -5.439865E+02
9.430000E+00 -5.455825E+02
9.440000E+00 -5.406914E+02
9.450000E+00 -5.325123E+02
9.460000E+00 -5.304193E+02
9.470000E+00 -5.395888E+02
9.480000E+00 -5.492084E+02
9.490000E+00 -5.473650E+02
9.500000E+00 -5.365274E+02
9.510000E+00 -5.555720E+02
9.520000E+00 -5.584509E+02
9.530000E+00 -5.628736E+02
9.540000E+00 -5.611261E+02
9.550000E+00 -5.611512E+02
9.560000E+00 -5.651253E+02
9.570000E+00 -5.584347E+02
9.580000E+00 -5.534320E+02
9.590000E+00 -5.693335E+02
9.600000E+00 -5.812352E+02
9.610000E+00 -5.649077E+02
9.620000E+00 -5.768704E+02
9.630000E+00 -5.628775E+02
9.640000E+00 -5.601971E+02
9.650000E+00 -5.604158E+02
9.660000E+00 -5.591242E+02
9.670000E+00 -5.550278E+02
9.680000E+00 -5.359090E+02
9.690000E+00 -5.377094E+02
9.700000E+00 -5.486599E+02
9.710000E+00 -5.457861E+02
9.720000E+00 -5.394229E+02
9.730000E+00 -5.444138E+02
9.740000E+00 -5.521467E+02
9.750000E+00 -5.649375E+02
9.760000E+00 -5.687610E+02
9.770000E+00 -5.361732E+02
9.780000E+00 -5.518291E+02
9.790000E+00 -5.506534E+02
9.800000E+00 -5.522855E+02
9.810000E+00 -5.536894E+02
9.820000E+00 -5.425343E+02
9.830000E+00 -5.411503E+02
9.840000E+00 -5.583004E+02
9.850000E+00 -5.437930E+02
9.860000E+00 -5.581876E+02
9.870000E+00 -6.007541E+02
9.880000E+00 -5.706091E+02
9.890000E+00 -5.490314E+02
9.900000E+00 -5.784371E+02
9.910000E+00 -5.510399E+02
9.920000E+00 -5.548875E+02
9.930000E+00 -5.605321E+02
9.940000E+00 -5.665619E+02
9.950000E+00 -5.739210E+02
9.960000E+00 -5.450235E+02
9.970000E+00 -5.774185E+02
9.980000E+00 -5.411035E+02
9.990000E+00 -5.461618E+02
1.000000E+01 -5.360517E+02
1.001000E+01 -5.645699E+02
1.002000E+01 -5.489880E+02
1.003000E+01 -5.363900E+02
1.004000E+01 -5.499493E+02
1.005000E+01 -5.496042E+02
1.006000E+01 -5.476283E+02
1.007000E+01 -5.338401E+02
1.008000E+01 -5.356660E+02
1.009000E+01 -5.403343E+02
1.010000E+01 -5.471594E+02
1.011000E+01 -5.644675E+02
1.012000E+01 -5.556616E+02
1.013000E+01 -5.853989E+02
1.014000E+01 -5.764570E+02
1.015000E+01 -5.636094E+02
1.016000E+01 -5.531275E+02
1.017000E+01 -5.583022E+02
1.018000E+01 -5.762185E+02
1.019000E+01 -5.522725E+02
1.020000E+01 -5.570855E+02
1.021000E+01 -5.324612E+02
1.022000E+01 -5.338832E+02
1.023000E+01 -5.718679E+02
1.024000E+01 -5.648777E+02
1.025000E+01 -5.494153E+02
1.026000E+01 -5.272337E+02
1.027000E+01 -5.375072E+02
1.028000E+01 -5.522965E+02
1.029000E+01 -5.371637E+02
1.030000E+01 -5.344849E+02
1.031000E+01 -5.308337E+02
1.032000E+01 -5.428616E+02
1.033000E+01 -5.467131E+02
1.034000E+01 -5.589654E+02
1.035000E+01 -5.594735E+02
1.036000E+01 -5.747864E+02
1.037000E+01 -5.671531E+02
1.038000E+01 -5.420114E+02
1.039000E+01 -5.550324E+02
1.040000E+01 -5.509432E+02
1.041000E+01 -5.400443E+02
1.042000E+01 -5.463187E+02
1.043000E+01 -5.471475E+02
1.044000E+01 -5.487045E+02
1.045000E+01 -5.439757E+02
1.046000E+01 -5.571180E+02
1.047000E+01 -5.641788E+02
1.048000E+01 -5.628966E+02
1.049000E+01 -5.453021E+02
1.050000E+01 -5.281712E+02
1.051000E+01 -5.209264E+02
1.052000E+01 -5.274699E+02
1.053000E+01 -5.083624E+02
1.054000E+01 -5.122625E+02
1.055000E+01 -5.137931E+02
1.056000E+01 -5.073109E+02
1.057000E+01 -5.275282E+02
1.058000E+01 -5.232714E+02
1.059000E+01 -5.408386E+02
1.060000E+01 -5.453584E+02
1.061000E+01 -5.480558E+02
1.062000E+01 -5.178409E+02
1.063000E+01 -5.225860E+02
1.064000E+01 -5.146295E+02
1.065000E+01 -5.310085E+02
1.066000E+01 -5.319030E+02
1.067000E+01 -5.427798E+02
1.068000E+01 -5.551841E+02
1.069000E+01 -5.519192E+02
1.070000E+01 -5.453402E+02
1.071000E+01 -5.321198E+02
1.072000E+01 -5.292887E+02
1.073000E+01 -5.333486E+02
1.074000E+01 -5.260074E+02
1.075000E+01 -5.360300E+02
1.076000E+01 -5.298576E+02
1.077000E+01 -5.154237E+02
1.078000E+01 -5.131916E+02
1.079000E+01 -5.265765E+02
1.080000E+01 -5.296375E+02
1.081000E+01 -5.477509E+02
1.082000E+01 -5.539960E+02
1.083000E+01 -5.451015E+02
1.084000E+01 -5.475999E+02
1.085000E+01 -5.498849E+02
1.086000E+01 -5.505777E+02
1.087000E+01 -5.496710E+02
1.088000E+01 -5.537907E+02
1.089000E+01 -5.532288E+02
1.090000E+01 -5.552680E+02
1.091000E+01 -5.542328E+02
1.092000E+01 -5.813251E+02
1.093000E+01 -5.518899E+02
1.094000E+01 -5.369990E+02
1.095000E+01 -5.492386E+02
1.096000E+01 -5.569969E+02
1.097000E+01 -5.524943E+02
1.098000E+01 -5.631222E+02
1.099000E+01 -5.518791E+02
1.100000E+01 -5.609684E+02
1.101000E+01 -5.597040E+02
1.102000E+01 -5.581363E+02
1.103000E+01 -5.425520E+02
1.104000E+01 -5.383577E+02
1.105000E+01 -5.340892E+02
1.106000E+01 -5.531122E+02
1.107000E+01 -5.595119E+02
1.108000E+01 -5.555754E+02
1.109000E+01 -5.742591E+02
1.110000E+01 -5.719968E+02
1.111000E+01 -5.602871E+02
1.112000E+01 -5.970788E+02
1.113000E+01 -5.908519E+02
1.114000E+01 -5.675395E+02
1.115000E+01 -5.766034E+02
1.116000E+01 -6.038444E+02
1.117000E+01 -5.971737E+02
1.118000E+01 -5.805099E+02
1.119000E+01 -5.792573E+02
1.120000E+01 -5.781162E+02
1.121000E+01 -5.906772E+02
1.122000E+01 -5.881552E+02
1.123000E+01 -5.518833E+02
1.124000E+01 -5.917758E+02
1.125000E+01 -5.880894E+02
1.126000E+01 -5.774445E+02
1.127000E+01 -5.832880E+02
1.128000E+01 -5.817210E+02
1.129000E+01 -5.733614E+02
1.130000E+01 -5.855806E+02
1.131000E+01 -5.851297E+02
1.132000E+01 -5.677285E+02
1.133000E+01 -5.795421E+02
1.134000E+01 -5.957500E+02
1.135000E+01 -5.877500E+02
1.136000E+01 -5.929585E+02
1.137000E+01 -5.810943E+02
1.138000E+01 -6.020663E+02
1.139000E+01 -6.102757E+02
1.140000E+01 -5.993694E+02
1.141000E+01 -6.103416E+02
1.142000E+01 -6.247038E+02
1.143000E+01 -5.977870E+02
1.144000E+01 -5.810079E+02
1.145000E+01 -6.195976E+02
1.146000E+01 -6.239627E+02
1.147000E+01 -6.502814E+02
1.148000E+01 -6.239651E+02
1.149000E+01 -6.060537E+02
1.150000E+01 -6.194791E+02
1.151000E+01 -6.159825E+02
1.152000E+01 -6.175542E+02
1.153000E+01 -6.277495E+02
1.154000E+01 -6.207151E+02
1.155000E+01 -6.036889E+02
1.156000E+01 -6.259153E+02
1.157000E+01 -5.976097E+02
1.158000E+01 -5.996339E+02
1.159000E+01 -6.215979E+02
1.160000E+01 -6.154692E+02
1.161000E+01 -6.084699E+02
1.162000E+01 -6.067680E+02
1.163000E+01 -6.140008E+02
1.164000E+01 -6.077147E+02
1.165000E+01 -6.076660E+02
1.166000E+01 -6.115647E+02
1.167000E+01 -6.111493E+02
1.168000E+01 -6.033025E+02
1.169000E+01 -6.081276E+02
1.170000E+01 -6.211420E+02
1.171000E+01 -6.395571E+02
1.172000E+01 -5.969492E+02
1.173000E+01 -6.032124E+02
1.174000E+01 -5.924101E+02
1.175000E+01 -6.070920E+02
1.176000E+01 -5.911964E+02
1.177000E+01 -5.841322E+02
1.178000E+01 -6.064056E+02
1.179000E+01 -6.225540E+02
1.180000E+01 -6.035012E+02
1.181000E+01 -5.966412E+02
1.182000E+01 -6.120352E+02
1.183000E+01 -5.868371E+02
1.184000E+01 -5.767215E+02
1.185000E+01 -5.674945E+02
1.186000E+01 -5.528408E+02
1.187000E+01 -5.679214E+02
1.188000E+01 -5.844342E+02
1.189000E+01 -5.749042E+02
1.190000E+01 -5.752898E+02
1.191000E+01 -5.900559E+02
1.192000E+01 -5.852678E+02
1.193000E+01 -6.081671E+02
1.194000E+01 -6.159194E+02
1.195000E+01 -6.047961E+02
1.196000E+01 -5.829271E+02
1.197000E+01 -5.836036E+02
1.198000E+01 -5.827759E+02
1.199000E+01 -6.188367E+02
1.200000E+01 -5.970423E+02
1.201000E+01 -5.999204E+02
1.202000E+01 -5.981938E+02
1.203000E+01 -5.604353E+02
1.204000E+01 -5.611510E+02
1.205000E+01 -5.496377E+02
1.206000E+01 -5.590210E+02
1.207000E+01 -5.746704E+02
1.208000E+01 -5.775878E+02
1.209000E+01 -5.683590E+02
1.210000E+01 -5.809361E+02
1.211000E+01 -5.589508E+02
1.212000E+01 -5.427445E+02
1.213000E+01 -5.368119E+02
1.214000E+01 -5.548208E+02
1.215000E+01 -5.593356E+02
1.216000E+01 -5.553396E+02
1.217000E+01 -5.563974E+02
1.218000E+01 -5.529387E+02
1.219000E+01 -5.343691E+02
1.220000E+01 -5.369392E+02
1.221000E+01 -5.221111E+02
1.222000E+01 -5.464056E+02
1.223000E+01 -5.532751E+02
1.224000E+01 -5.623102E+02
1.225000E+01 -5.486587E+02
1.226000E+01 -5.389694E+02
1.227000E+01 -5.304834E+02
1.228000E+01 -5.328369E+02
1.229000E+01 -5.224155E+02
1.230000E+01 -5.357455E+02
1.231000E+01 -5.545892E+02
1.232000E+01 -5.483609E+02
1.233000E+01 -5.522558E+02
1.234000E+01 -5.465700E+02
1.235000E+01 -5.189078E+02
1.236000E+01 -5.174401E+02
1.237000E+01 -5.192798E+02
1.238000E+01 -5.394029E+02
1.239000E+01 -5.475167E+02
1.240000E+01 -5.332245E+02
1.241000E+01 -5.211997E+02
1.242000E+01 -5.451840E+02
1.243000E+01 -5.006611E+02
1.244000E+01 -5.267984E+02
1.245000E+01 -5.501667E+02
1.246000E+01 -5.297074E+02
1.247000E+01 -5.328712E+02
1.248000E+01 -5.073356E+02
1.249000E+01 -5.209939E+02
1.250000E+01 -5.279083E+02
1.251000E+01 -5.320777E+02
1.252000E+01 -5.186273E+02
1.253000E+01 -5.203565E+02
1.254000E+01 -5.282846E+02
1.255000E+01 -5.209467E+02
1.256000E+01 -5.202470E+02
1.257000E+01 -5.243332E+02
1.258000E+01 -4.941612E+02
1.259000E+01 -5.140285E+02
1.260000E+01 -5.232596E+02
1.261000E+01 -5.059949E+02
1.262000E+01 -5.197094E+02
1.263000E+01 -5.163340E+02
1.264000E+01 -5.002715E+02
1.265000E+01 -5.066880E+02
1.266000E+01 -4.929703E+02
1.267000E+01 -5.082732E+02
1.268000E+01 -5.494537E+02
1.269000E+01 -5.442863E+02
1.270000E+01 -5.427794E+02
1.271000E+01 -5.399479E+02
1.272000E+01 -5.255719E+02
1.273000E+01 -5.111151E+02
1.274000E+01 -5.208637E+02
1.275000E+01 -5.312461E+02
1.276000E+01 -5.347743E+02
1.277000E+01 -5.202297E+02
1.278000E+01 -5.354995E+02
1.279000E+01 -5.353237E+02
1.280000E+01 -5.458762E+02
1.281000E+01 -5.417304E+02
1.282000E+01 -5.503550E+02
1.283000E+01 -5.329846E+02
1.284000E+01 -5.509996E+02
1.285000E+01 -5.304372E+02
1.286000E+01 -5.479761E+02
1.287000E+01 -5.278381E+02
1.288000E+01 -5.506336E+02
1.289000E+01 -5.067464E+02
1.290000E+01 -5.232486E+02
1.291000E+01 -5.352920E+02
1.292000E+01 -5.377967E+02
1.293000E+01 -5.286402E+02
1.294000E+01 -5.163898E+02
1.295000E+01 -5.307623E+02
1.296000E+01 -5.342310E+02
1.297000E+01 -5.227692E+02
1.298000E+01 -5.493650E+02
1.299000E+01 -5.429219E+02
1.300000E+01 -5.535780E+02
1.301000E+01 -5.483444E+02
1.302000E+01 -5.481919E+02
1.303000E+01 -5.559263E+02
1.304000E+01 -5.422305E+02
1.305000E+01 -5.237451E+02
1.306000E+01 -5.404077E+02
1.307000E+01 -5.724033E+02
1.308000E+01 -5.456793E+02
1.309000E+01 -5.792642E+02
1.310000E+01 -5.800160E+02
1.311000E+01 -5.773147E+02
1.312000E+01 -5.754058E+02
1.313000E+01 -5.496425E+02
1.314000E+01 -5.915895E+02
1.315000E+01 -6.038025E+02
1.316000E+01 -5.731813E+02
1.317000E+01 -5.651956E+02
1.318000E+01 -5.828067E+02
1.319000E+01 -5.969392E+02
1.320000E+01 -5.960064E+02
1.321000E+01 -5.796142E+02
1.322000E+01 -5.827193E+02
1.323000E+01 -5.542682E+02
1.324000E+01 -5.774104E+02
1.325000E+01 -5.854157E+02
1.326000E+01 -5.622944E+02
1.327000E+01 -5.674684E+02
1.328000E+01 -5.727587E+02
1.329000E+01 -5.774080E+02
1.330000E+01 -5.859565E+02
1.331000E+01 -5.725036E+02
1.332000E+01 -5.744345E+02
1.333000E+01 -5.678478E+02
1.334000E+01 -5.942703E+02
1.335000E+01 -5.856538E+02
1.336000E+01 -5.734943E+02
1.337000E+01 -5.847494E+02
1.338000E+01 -5.978729E+02
1.339000E+01 -5.963237E+02
1.340000E+01 -6.010129E+02
1.341000E+01 -6.141170E+02
1.342000E+01 -6.194198E+02
1.343000E+01 -6.323383E+02
1.344000E+01 -6.346142E+02
1.345000E+01 -5.843864E+02
1.346000E+01 -5.926335E+02
1.347000E+01 -6.143185E+02
1.348000E+01 -6.090380E+02
1.349000E+01 -6.299900E+02
1.350000E+01 -6.128140E+02
1.351000E+01 -6.028359E+02
1.352000E+01 -6.268198E+02
1.353000E+01 -6.099210E+02
1.354000E+01 -6.121200E+02
1.355000E+01 -6.079230E+02
1.356000E+01 -6.008084E+02
1.357000E+01 -5.912623E+02
1.358000E+01 -5.997748E+02
1.359000E+01 -6.061270E+02
1.360000E+01 -6.370200E+02
1.361000E+01 -6.215115E+02
1.362000E+01 -6.331107E+02
1.363000E+01 -6.094003E+02
1.364000E+01 -6.017020E+02
1.365000E+01 -5.966175E+02
1.366000E+01 -6.029381E+02
1.367000E+01 -5.964819E+02
1.368000E+01 -6.221198E+02
1.369000E+01 -6.199766E+02
1.370000E+01 -6.338210E+02
1.371000E+01 -6.349790E+02
1.372000E+01 -6.407587E+02
1.373000E+01 -6.108645E+02
1.374000E+01 -6.209053E+02
1.375000E+01 -6.298491E+02
1.376000E+01 -6.152448E+02
1.377000E+01 -5.999716E+02
1.378000E+01 -6.084450E+02
1.379000E+01 -6.029138E+02
1.380000E+01 -6.054999E+02
1.381000E+01 -6.132356E+02
1.382000E+01 -6.402992E+02
1.383000E+01 -6.425211E+02
1.384000E+01 -6.346258E+02
1.385000E+01 -5.998800E+02
1.386000E+01 -6.187492E+02
1.387000E+01 -6.356078E+02
1.388000E+01 -6.142746E+02
1.389000E+01 -5.940602E+02
1.390000E+01 -6.223425E+02
1.391000E+01 -6.356642E+02
1.392000E+01 -6.297657E+02
1.393000E+01 -6.215569E+02
1.394000E+01 -6.275037E+02
1.395000E+01 -6.319202E+02
1.396000E+01 -6.132221E+02
1.397000E+01 -6.129201E+02
1.398000E+01 -6.431049E+02
1.399000E+01 -6.421048E+02
1.400000E+01 -6.180445E+02
1.401000E+01 -6.281589E+02
1.402000E+01 -6.538909E+02
1.403000E+01 -6.165357E+02
1.404000E+01 -6.146770E+02
1.405000E+01 -6.433656E+02
1.406000E+01 -6.299756E+02
1.407000E+01 -6.393206E+02
1.408000E+01 -6.193837E+02
1.409000E+01 -6.211984E+02
1.410000E+01 -6.266539E+02
1.411000E+01 -6.074157E+02
1.412000E+01 -6.076601E+02
1.413000E+01 -5.984545E+02
1.414000E+01 -5.961834E+02
1.415000E+01 -6.002138E+02
1.416000E+01 -6.154570E+02
1.417000E+01 -6.014498E+02
1.418000E+01 -6.154077E+02
1.419000E+01 -5.959308E+02
1.420000E+01 -6.106346E+02
1.421000E+01 -6.314177E+02
1.422000E+01 -6.343594E+02
1.423000E+01 -6.223081E+02
1.424000E+01 -6.278905E+02
1.425000E+01 -6.294116E+02
1.426000E+01 -6.100479E+02
1.427000E+01 -6.071774E+02
1.428000E+01 -6.069457E+02
1.429000E+01 -6.022799E+02
1.430000E+01 -6.090830E+02
1.431000E+01 -6.128766E+02
1.432000E+01 -6.159842E+02
1.433000E+01 -5.941544E+02
1.434000E+01 -5.910684E+02
1.435000E+01 -6.196243E+02
1.436000E+01 -6.170079E+02
1.437000E+01 -5.846603E+02
1.438000E+01 -6.066193E+02
1.439000E+01 -6.265893E+02
1.440000E+01 -6.172074E+02
1.441000E+01 -6.064659E+02
1.442000E+01 -6.053554E+02
1.443000E+01 -5.890295E+02
1.444000E+01 -6.109045E+02
1.445000E+01 -6.069027E+02
1.446000E+01 -5.834767E+02
1.447000E+01 -6.042901E+02
1.448000E+01 -6.108638E+02
1.449000E+01 -6.033140E+02
1.450000E+01 -5.923043E+02
1.451000E+01 -5.875665E+02
1.452000E+01 -5.872718E+02
1.453000E+01 -6.119795E+02
1.454000E+01 -5.930615E+02
1.455000E+01 -5.734639E+02
1.456000E+01 -5.871647E+02
1.457000E+01 -5.693196E+02
1.458000E+01 -5.875041E+02
1.459000E+01 -5.727570E+02
1.460000E+01 -5.716284E+02
1.461000E+01 -5.819198E+02
1.462000E+01 -6.053692E+02
1.463000E+01 -5.778311E+02
1.464000E+01 -5.849220E+02
1.465000E+01 -5.800874E+02
1.466000E+01 -5.830265E+02
1.467000E+01 -5.747092E+02
1.468000E+01 -5.721957E+02
1.469000E+01 -5.580896E+02
1.470000E+01 -5.679578E+02
1.471000E+01 -5.796263E+02
1.472000E+01 -5.916910E+02
1.473000E+01 -5.727556E+02
1.474000E+01 -5.873282E+02
1.475000E+01 -5.980868E+02
1.476000E+01 -5.744918E+02
1.477000E+01 -5.849607E+02
1.478000E+01 -5.751218E+02
1.479000E+01 -5.621462E+02
1.480000E+01 -5.758986E+02
1.481000E+01 -5.823549E+02
1.482000E+01 -5.712951E+02
1.483000E+01 -6.048440E+02
1.484000E+01 -5.816743E+02
1.485000E+01 -5.670459E+02
1.486000E+01 -5.747083E+02
1.487000E+01 -5.622487E+02
1.488000E+01 -5.419603E+02
1.489000E+01 -5.745915E+02
1.490000E+01 -5.462012E+02
1.491000E+01 -5.416812E+02
1.492000E+01 -5.659822E+02
1.493000E+01 -5.469556E+02
1.494000E+01 -5.583453E+02
1.495000E+01 -5.561060E+02
1.496000E+01 -5.546699E+02
1.497000E+01 -5.646241E+02
1.498000E+01 -5.733848E+02
1.499000E+01 -5.648707E+02
1.500000E+01 -5.713000E+02
1.501000E+01 -5.768019E+02
1.502000E+01 -5.787961E+02
1.503000E+01 -5.727154E+02
1.504000E+01 -5.583025E+02
1.505000E+01 -5.514670E+02
1.506000E+01 -5.481564E+02
1.507000E+01 -5.735004E+02
1.508000E+01 -5.948736E+02
1.509000E+01 -5.614052E+02
1.510000E+01 -5.396867E+02
1.511000E+01 -5.450488E+02
1.512000E+01 -5.721545E+02
1.513000E+01 -5.739118E+02
1.514000E+01 -5.633582E+02
1.515000E+01 -5.475367E+02
1.516000E+01 -5.386326E+02
1.517000E+01 -5.515331E+02
1.518000E+01 -5.591005E+02
1.519000E+01 -5.717016E+02
1.520000E+01 -5.476346E+02
1.521000E+01 -5.409357E+02
1.522000E+01 -5.749453E+02
1.523000E+01 -5.606861E+02
1.524000E+01 -5.567843E+02
1.525000E+01 -5.559100E+02
1.526000E+01 -5.616584E+02
1.527000E+01 -5.506057E+02
1.528000E+01 -5.596238E+02
1.529000E+01 -5.662177E+02
1.530000E+01 -5.569462E+02
1.531000E+01 -5.433490E+02
1.532000E+01 -5.244459E+02
1.533000E+01 -5.462182E+02
1.534000E+01 -5.508535E+02
1.535000E+01 -5.401607E+02
1.536000E+01 -5.506373E+02
1.537000E+01 -5.464262E+02
1.538000E+01 -5.481069E+02
1.539000E+01 -5.607948E+02
1.540000E+01 -5.802253E+02
1.541000E+01 -5.583618E+02
1.542000E+01 -5.614275E+02
1.543000E+01 -5.706622E+02
1.544000E+01 -5.843326E+02
1.545000E+01 -5.724196E+02
1.546000E+01 -5.612507E+02
1.547000E+01 -5.538069E+02
1.548000E+01 -5.599097E+02
1.549000E+01 -5.661422E+02
1.550000E+01 -5.753731E+02
1.551000E+01 -5.773088E+02
1.552000E+01 -5.518864E+02
1.553000E+01 -5.531762E+02
1.554000E+01 -5.722937E+02
1.555000E+01 -5.508298E+02
1.556000E+01 -5.479274E+02
1.557000E+01 -5.726217E+02
1.558000E+01 -5.386368E+02
1.559000E+01 -5.518332E+02
1.560000E+01 -5.627673E+02
1.561000E+01 -5.835417E+02
1.562000E+01 -5.622409E+02
1.563000E+01 -5.623107E+02
1.564000E+01 -5.599918E+02
1.565000E+01 -5.976995E+02
1.566000E+01 -5.753911E+02
1.567000E+01 -5.684006E+02
1.568000E+01 -5.732627E+02
1.569000E+01 -5.834772E+02
1.570000E+01 -5.728341E+02
1.571000E+01 -5.576022E+02
1.572000E+01 -5.568363E+02
1.573000E+01 -5.628993E+02
1.574000E+01 -5.758238E+02
1.575000E+01 -5.602825E+02
1.576000E+01 -5.569350E+02
1.577000E+01 -5.445845E+02
1.578000E+01 -5.563190E+02
1.579000E+01 -5.469276E+02
1.580000E+01 -5.667516E+02
1.581000E+01 -5.548559E+02
1.582000E+01 -5.326610E+02
1.583000E+01 -5.350030E+02
1.584000E+01 -5.605107E+02
1.585000E+01 -5.663709E+02
1.586000E+01 -5.508377E+02
1.587000E+01 -5.441934E+02
1.588000E+01 -5.375235E+02
1.589000E+01 -5.532083E+02
1.590000E+01 -5.390529E+02
1.591000E+01 -5.599135E+02
1.592000E+01 -5.481288E+02
1.593000E+01 -5.624375E+02
1.594000E+01 -5.771990E+02
1.595000E+01 -5.656065E+02
1.596000E+01 -5.592560E+02
1.597000E+01 -5.706964E+02
1.598000E+01 -5.536593E+02
1.599000E+01 -5.700726E+02
1.600000E+01 -5.474600E+02
1.601000E+01 -5.395434E+02
1.602000E+01 -5.576786E+02
1.603000E+01 -5.344253E+02
1.604000E+01 -5.496071E+02
1.605000E+01 -5.677641E+02
1.606000E+01 -5.495633E+02
1.607000E+01 -5.456026E+02
1.608000E+01 -5.561068E+02
1.609000E+01 -5.555849E+02
1.610000E+01 -5.444107E+02
1.611000E+01 -5.307548E+02
1.612000E+01 -5.521580E+02
1.613000E+01 -5.382517E+02
1.614000E+01 -5.567374E+02
1.615000E+01 -5.339910E+02
1.616000E+01 -5.388334E+02
1.617000E+01 -5.278710E+02
1.618000E+01 -5.373153E+02
1.619000E+01 -5.584474E+02
1.620000E+01 -5.438004E+02
1.621000E+01 -5.481501E+02
1.622000E+01 -5.505932E+02
1.623000E+01 -5.529291E+02
1.624000E+01 -5.615688E+02
1.625000E+01 -5.368258E+02
1.626000E+01 -5.532634E+02
1.627000E+01 -5.483377E+02
1.628000E+01 -5.623647E+02
1.629000E+01 -5.379445E+02
1.630000E+01 -5.560321E+02
1.631000E+01 -5.624673E+02
1.632000E+01 -5.402260E+02
1.633000E+01 -5.542349E+02
1.634000E+01 -5.635245E+02
1.635000E+01 -5.571682E+02
1.636000E+01 -5.544533E+02
1.637000E+01 -5.528748E+02
1.638000E+01 -5.678517E+02
1.639000E+01 -5.538391E+02
1.640000E+01 -5.611346E+02
1.641000E+01 -5.684597E+02
1.642000E+01 -5.467825E+02
1.643000E+01 -5.819235E+02
1.644000E+01 -5.962302E+02
1.645000E+01 -5.603234E+02
1.646000E+01 -5.734263E+02
1.647000E+01 -5.636813E+02
1.648000E+01 -5.511545E+02
1.649000E+01 -5.714164E+02
1.650000E+01 -5.737589E+02
1.651000E+01 -5.633235E+02
1.652000E+01 -5.626775E+02
1.653000E+01 -5.688297E+02
1.654000E+01 -5.788245E+02
1.655000E+01 -5.685646E+02
1.656000E+01 -5.743112E+02
1.657000E+01 -5.672548E+02
1.658000E+01 -5.800109E+02
1.659000E+01 -5.784618E+02
1.660000E+01 -5.509930E+02
1.661000E+01 -5.652835E+02
1.662000E+01 -5.641634E+02
1.663000E+01 -5.714636E+02
1.664000E+01 -5.651005E+02
1.665000E+01 -5.540593E+02
1.666000E+01 -5.708445E+02
1.667000E+01 -5.628560E+02
1.668000E+01 -5.573129E+02
1.669000E+01 -5.696992E+02
1.670000E+01 -5.924319E+02
1.671000E+01 -5.740565E+02
1.672000E+01 -5.856480E+02
1.673000E+01 -5.737717E+02
1.674000E+01 -5.824275E+02
1.675000E+01 -5.820575E+02
1.676000E+01 -5.824258E+02
1.677000E+01 -5.800816E+02
1.678000E+01 -5.775445E+02
1.679000E+01 -5.738141E+02
1.680000E+01 -5.661178E+02
1.681000E+01 -5.826571E+02
1.682000E+01 -5.739703E+02
1.683000E+01 -5.894894E+02
1.684000E+01 -5.918698E+02
1.685000E+01 -5.817962E+02
1.686000E+01 -6.054523E+02
1.687000E+01 -5.874633E+02
1.688000E+01 -6.088348E+02
1.689000E+01 -6.161089E+02
1.690000E+01 -6.058048E+02
1.691000E+01 -5.908130E+02
1.692000E+01 -6.009279E+02
1.693000E+01 -5.896475E+02
1.694000E+01 -6.109016E+02
1.695000E+01 -6.059622E+02
1.696000E+01 -6.183289E+02
1.697000E+01 -6.111219E+02
1.698000E+01 -6.161120E+02
1.699000E+01 -5.985191E+02
1.700000E+01 -5.965770E+02
1.701000E+01 -5.874262E+02
1.702000E+01 -5.879330E+02
1.703000E+01 -5.973759E+02
1.704000E+01 -6.036143E+02
1.705000E+01 -6.069468E+02
1.706000E+01 -5.903696E+02
1.707000E+01 -5.967155E+02
1.708000E+01 -5.782660E+02
1.709000E+01 -6.003227E+02
1.710000E+01 -6.151919E+02
1.711000E+01 -5.981490E+02
1.712000E+01 -5.995027E+02
1.713000E+01 -5.865097E+02
1.714000E+01 -6.137468E+02
1.715000E+01 -6.041454E+02
1.716000E+01 -6.041753E+02
1.717000E+01 -6.015421E+02
1.718000E+01 -6.158481E+02
1.719000E+01 -6.051700E+02
1.720000E+01 -6.197356E+02
1.721000E+01 -6.129500E+02
1.722000E+01 -6.064136E+02
1.723000E+01 -6.206105E+02
1.724000E+01 -6.290008E+02
1.725000E+01 -6.214706E+02
1.726000E+01 -6.156346E+02
1.727000E+01 -6.311523E+02
1.728000E+01 -6.247856E+02
1.729000E+01 -5.919541E+02
1.730000E+01 -6.050975E+02
1.731000E+01 -6.002623E+02
1.732000E+01 -6.082005E+02
1.733000E+01 -5.941954E+02
1.734000E+01 -6.109042E+02
1.735000E+01 -6.218735E+02
1.736000E+01 -6.091464E+02
1.737000E+01 -6.231220E+02
1.738000E+01 -6.227267E+02
1.739000E+01 -6.239211E+02
1.740000E+01 -5.925197E+02
1.741000E+01 -5.974118E+02
1.742000E+01 -6.152518E+02
1.743000E+01 -6.152474E+02
1.744000E+01 -6.137082E+02
1.745000E+01 -5.994732E+02
1.746000E+01 -6.195714E+02
1.747000E+01 -6.157254E+02
1.748000E+01 -6.075518E+02
1.749000E+01 -6.066752E+02
1.750000E+01 -5.990369E+02
1.751000E+01 -6.083172E+02
1.752000E+01 -6.148438E+02
1.753000E+01 -6.110606E+02
1.754000E+01 -6.131257E+02
1.755000E+01 -6.053287E+02
1.756000E+01 -6.097266E+02
1.757000E+01 -6.296789E+02
1.758000E+01 -6.219296E+02
1.759000E+01 -6.174321E+02
1.760000E+01 -5.992656E+02
1.761000E+01 -5.835434E+02
1.762000E+01 -5.857844E+02
1.763000E+01 -6.030321E+02
1.764000E+01 -5.953575E+02
1.765000E+01 -5.915808E+02
1.766000E+01 -6.058700E+02
1.767000E+01 -5.898470E+02
1.768000E+01 -5.777416E+02
1.769000E+01 -6.055184E+02
1.770000E+01 -6.076665E+02
1.771000E+01 -6.137821E+02
1.772000E+01 -6.108236E+02
1.773000E+01 -5.975232E+02
1.774000E+01 -6.033772E+02
1.775000E+01 -6.012358E+02
1.776000E+01 -5.922600E+02
1.777000E+01 -6.199633E+02
1.778000E+01 -6.097332E+02
1.779000E+01 -6.118835E+02
1.780000E+01 -6.149092E+02
1.781000E+01 -6.225431E+02
1.782000E+01 -6.147483E+02
1.783000E+01 -5.969892E+02
1.784000E+01 -6.051528E+02
1.785000E+01 -5.920584E+02
1.786000E+01 -5.899032E+02
1.787000E+01 -5.914754E+02
1.788000E+01 -5.799408E+02
1.789000E+01 -6.020409E+02
1.790000E+01 -5.955603E+02
1.791000E+01 -5.842511E+02
1.792000E+01 -5.782428E+02
1.793000E+01 -5.788418E+02
1.794000E+01 -5.918903E+02
1.795000E+01 -6.021857E+02
1.796000E+01 -6.038656E+02
1.797000E+01 -5.909810E+02
1.798000E+01 -6.025416E+02
1.799000E+01 -5.955587E+02
1.800000E+01 -5.739982E+02
1.801000E+01 -5.965259E+02
1.802000E+01 -6.022440E+02
1.803000E+01 -5.948291E+02
1.804000E+01 -5.842806E+02
1.805000E+01 -5.809740E+02
1.806000E+01 -5.835802E+02
1.807000E+01 -5.954195E+02
1.808000E+01 -5.817938E+02
1.809000E+01 -5.888006E+02
1.810000E+01 -5.816452E+02
1.811000E+01 -5.849676E+02
1.812000E+01 -5.866257E+02
1.813000E+01 -5.701510E+02
1.814000E+01 -5.738740E+02
1.815000E+01 -5.743379E+02
1.816000E+01 -5.636376E+02
1.817000E+01 -5.600541E+02
1.818000E+01 -5.710693E+02
1.819000E+01 -5.600963E+02
1.820000E+01 -5.636632E+02
1.821000E+01 -5.873945E+02
1.822000E+01 -5.650269E+02
1.823000E+01 -5.515949E+02
1.824000E+01 -5.598398E+02
1.825000E+01 -5.824530E+02
1.826000E+01 -5.915223E+02
1.827000E+01 -5.840760E+02
1.828000E+01 -5.884069E+02
1.829000E+01 -5.979944E+02
1.830000E+01 -5.675096E+02
1.831000E+01 -5.728006E+02
1.832000E+01 -5.896451E+02
1.833000E+01 -5.901879E+02
1.834000E+01 -5.855569E+02
1.835000E+01 -5.894434E+02
1.836000E+01 -5.842659E+02
1.837000E+01 -5.767070E+02
1.838000E+01 -5.697356E+02
1.839000E+01 -5.596338E+02
1.840000E+01 -5.450367E+02
1.841000E+01 -5.521931E+02
1.842000E+01 -5.657790E+02
1.843000E+01 -5.726813E+02
1.844000E+01 -5.725813E+02
1.845000E+01 -5.793706E+02
1.846000E+01 -5.845415E+02
1.847000E+01 -5.633463E+02
1.848000E+01 -5.761772E+02
1.849000E+01 -5.676777E+02
1.850000E+01 -5.694731E+02
1.851000E+01 -5.691479E+02
1.852000E+01 -5.613194E+02
1.853000E+01 -5.624871E+02
1.854000E+01 -5.622150E+02
1.855000E+01 -5.810248E+02
1.856000E+01 -5.754965E+02
1.857000E+01 -5.585934E+02
1.858000E+01 -5.563421E+02
1.859000E+01 -5.614169E+02
1.860000E+01 -5.651414E+02
1.861000E+01 -5.776897E+02
1.862000E+01 -5.697971E+02
1.863000E+01 -5.681511E+02
1.864000E+01 -5.610879E+02
1.865000E+01 -5.835597E+02
1.866000E+01 -5.682053E+02
1.867000E+01 -5.655962E+02
1.868000E+01 -5.568487E+02
1.869000E+01 -5.666351E+02
1.870000E+01 -5.665118E+02
1.871000E+01 -5.557423E+02
1.872000E+01 -5.526918E+02
1.873000E+01 -5.488443E+02
1.874000E+01 -5.574211E+02
1.875000E+01 -5.427865E+02
1.876000E+01 -5.623976E+02
1.877000E+01 -5.606944E+02
1.878000E+01 -5.791649E+02
1.879000E+01 -5.717850E+02
1.880000E+01 -5.480835E+02
1.881000E+01 -5.478555E+02
1.882000E+01 -5.361006E+02
1.883000E+01 -5.509579E+02
1.884000E+01 -5.530212E+02
1.885000E+01 -5.539725E+02
1.886000E+01 -5.581041E+02
1.887000E+01 -5.462859E+02
1.888000E+01 -5.479369E+02
1.889000E+01 -5.650189E+02
1.890000E+01 -5.634333E+02
1.891000E+01 -5.506166E+02
1.892000E+01 -5.536311E+02
1.893000E+01 -5.463060E+02
1.894000E+01 -5.723625E+02
1.895000E+01 -5.683778E+02
1.896000E+01 -5.787315E+02
1.897000E+01 -5.569269E+02
1.898000E+01 -5.587485E+02
1.899000E+01 -5.869568E+02
1.900000E+01 -5.829550E+02
1.901000E+01 -5.730740E+02
1.902000E+01 -5.717324E+02
1.903000E+01 -5.693484E+02
1.904000E+01 -5.649911E+02
1.905000E+01 -5.733335E+02
1.906000E+01 -5.807610E+02
1.907000E+01 -5.877617E+02
1.908000E+01 -5.700044E+02
1.909000E+01 -5.711697E+02
1.910000E+01 -5.845111E+02
1.911000E+01 -5.798311E+02
1.912000E+01 -5.608261E+02
1.913000E+01 -5.567489E+02
1.914000E+01 -5.651118E+02
1.915000E+01 -5.740283E+02
1.916000E+01 -5.690899E+02
1.917000E+01 -5.727384E+02
1.918000E+01 -5.562366E+02
1.919000E+01 -5.569122E+02
1.920000E+01 -5.635213E+02
1.921000E+01 -5.601383E+02
1.922000E+01 -5.753364E+02
1.923000E+01 -5.717817E+02
1.924000E+01 -5.697417E+02
1.925000E+01 -5.458233E+02
1.926000E+01 -5.508096E+02
1.927000E+01 -5.710568E+02
1.928000E+01 -5.681397E+02
1.929000E+01 -5.645643E+02
1.930000E+01 -5.835621E+02
1.931000E+01 -5.733828E+02
1.932000E+01 -5.809327E+02
1.933000E+01 -5.828153E+02
1.934000E+01 -5.830808E+02
1.935000E+01 -5.849977E+02
1.936000E+01 -5.767033E+02
1.937000E+01 -5.473844E+02
1.938000E+01 -5.631188E+02
1.939000E+01 -5.881254E+02
1.940000E+01 -5.752697E+02
1.941000E+01 -5.852646E+02
1.942000E+01 -6.010002E+02
1.943000E+01 -5.766358E+02
1.944000E+01 -5.893714E+02
1.945000E+01 -5.814547E+02
1.946000E+01 -5.661328E+02
1.947000E+01 -5.667345E+02
1.948000E+01 -5.725314E+02
1.949000E+01 -5.664339E+02
1.950000E+01 -5.674823E+02
1.951000E+01 -5.808829E+02
1.952000E+01 -5.718237E+02
1.953000E+01 -5.840520E+02
1.954000E+01 -5.869987E+02
1.955000E+01 -5.822680E+02
1.956000E+01 -5.791038E+02
1.957000E+01 -5.876938E+02
1.958000E+01 -6.039999E+02
1.959000E+01 -5.797194E+02
1.960000E+01 -5.848189E+02
1.961000E+01 -5.753904E+02
1.962000E+01 -5.901100E+02
1.963000E+01 -6.003229E+02
1.964000E+01 -6.235742E+02
1.965000E+01 -6.019038E+02
1.966000E+01 -6.038473E+02
1.967000E+01 -6.014366E+02
1.968000E+01 -6.142930E+02
1.969000E+01 -6.071540E+02
1.970000E+01 -5.947077E+02
1.971000E+01 -6.155587E+02
1.972000E+01 -5.893270E+02
1.973000E+01 -5.945494E+02
1.974000E+01 -6.009087E+02
1.975000E+01 -6.059217E+02
1.976000E+01 -5.957866E+02
1.977000E+01 -5.873031E+02
1.978000E+01 -5.804329E+02
1.979000E+01 -5.717393E+02
1.980000E+01 -5.849083E+02
1.981000E+01 -5.759136E+02
1.982000E+01 -5.598966E+02
1.983000E+01 -5.815501E+02
1.984000E+01 -5.886076E+02
1.985000E+01 -5.834743E+02
1.986000E+01 -5.835105E+02
1.987000E+01 -5.895423E+02
1.988000E+01 -6.080573E+02
1.989000E+01 -6.101148E+02
1.990000E+01 -5.864721E+02
1.991000E+01 -5.782183E+02
1.992000E+01 -5.679420E+02
1.993000E+01 -5.833112E+02
1.994000E+01 -5.871157E+02
1.995000E+01 -5.939864E+02
1.996000E+01 -5.871105E+02
1.997000E+01 -5.826523E+02
1.998000E+01 -5.838139E+02
1.999000E+01 -6.053496E+02
2.000000E+01 -5.948968E+02
