1.000000E-02 6.995681E+01
2.000000E-02 6.998935E+01
3.000000E-02 6.990605E+01
4.000000E-02 6.999509E+01
5.000000E-02 7.010647E+01
6.000000E-02 6.998834E+01
7.000000E-02 7.018569E+01
8.000000E-02 7.020646E+01
9.000000E-02 7.017320E+01
1.000000E-01 7.015236E+01
1.100000E-01 7.030496E+01
1.200000E-01 7.023165E+01
1.300000E-01 7.041156E+01
1.400000E-01 7.038721E+01
1.500000E-01 7.046900E+01
1.600000E-01 7.042511E+01
1.700000E-01 7.048692E+01
1.800000E-01 7.048519E+01
1.900000E-01 7.047512E+01
2.000000E-01 7.047351E+01
2.100000E-01 7.047046E+01
2.200000E-01 7.052562E+01
2.300000E-01 7.054439E+01
2.400000E-01 7.047841E+01
2.500000E-01 7.050536E+01
2.600000E-01 7.053361E+01
2.700000E-01 7.049760E+01
2.800000E-01 7.047028E+01
2.900000E-01 7.048155E+01
3.000000E-01 7.044219E+01
3.100000E-01 7.051489E+01
3.200000E-01 7.044692E+01
3.300000E-01 7.041238E+01
3.400000E-01 7.044861E+01
3.500000E-01 7.037827E+01
3.600000E-01 7.038799E+01
3.700000E-01 7.038385E+01
3.800000E-01 7.030448E+01
3.900000E-01 7.034341E+01
4.000000E-01 7.028767E+01
4.100000E-01 7.026448E+01
4.200000E-01 7.027216E+01
4.300000E-01 7.023818E+01
4.400000E-01 7.021461E+01
4.500000E-01 7.021416E+01
4.600000E-01 7.019134E+01
4.700000E-01 7.013168E+01
4.800000E-01 7.015839E+01
4.900000E-01 7.011813E+01
5.000000E-01 7.008974E+01
5.100000E-01 7.009157E+01
5.200000E-01 7.004462E+01
5.300000E-01 7.002788E+01
5.400000E-01 7.004788E+01
5.500000E-01 6.999020E+01
5.600000E-01 6.997740E+01
5.700000E-01 6.996083E+01
5.800000E-01 6.993076E+01
5.900000E-01 6.991893E+01
6.000000E-01 6.988814E+01
6.100000E-01 6.985482E+01
6.200000E-01 6.985550E+01
6.300000E-01 6.981914E+01
6.400000E-01 6.980494E+01
6.500000E-01 6.978693E+01
6.600000E-01 6.977099E+01
6.700000E-01 6.973827E+01
6.800000E-01 6.971353E+01
6.900000E-01 6.970773E+01
7.000000E-01 6.967112E+01
7.100000E-01 6.965311E+01
7.200000E-01 6.964027E+01
7.300000E-01 6.957464E+01
7.400000E-01 6.960959E+01
7.500000E-01 6.953844E+01
7.600000E-01 6.954067E+01
7.700000E-01 6.951240E+01
7.800000E-01 6.946944E+01
7.900000E-01 6.947931E+01
8.000000E-01 6.943035E+01
8.100000E-01 6.941769E+01
8.200000E-01 6.938563E+01
8.300000E-01 6.936669E+01
8.400000E-01 6.935846E+01
8.500000E-01 6.935502E+01
8.600000E-01 6.930633E+01
8.700000E-01 6.932391E+01
8.800000E-01 6.930206E+01
8.900000E-01 6.928207E+01
9.000000E-01 6.926355E+01
9.100000E-01 6.927440E+01
9.200000E-01 6.924721E+01
9.300000E-01 6.918889E+01
9.400000E-01 6.926674E+01
9.500000E-01 6.916444E+01
9.600000E-01 6.924975E+01
9.700000E-01 6.911479E+01
9.800000E-01 6.920973E+01
9.900000E-01 6.918672E+01
1.000000E+00 6.917180E+01
1.010000E+00 6.913302E+01
1.020000E+00 6.918144E+01
1.030000E+00 6.916346E+01
1.040000E+00 6.915459E+01
1.050000E+00 6.915816E+01
1.060000E+00 6.918781E+01
1.070000E+00 6.914519E+01
1.080000E+00 6.920683E+01
1.090000E+00 6.916943E+01
1.100000E+00 6.922057E+01
1.110000E+00 6.921560E+01
1.120000E+00 6.921189E+01
1.130000E+00 6.921644E+01
1.140000E+00 6.928857E+01
1.150000E+00 6.918760E+01
1.160000E+00 6.929164E+01
1.170000E+00 6.927931E+01
1.180000E+00 6.928046E+01
1.190000E+00 6.933594E+01
1.200000E+00 6.924878E+01
1.210000E+00 6.938929E+01
1.220000E+00 6.925090E+01
1.230000E+00 6.940720E+01
1.240000E+00 6.935065E+01
1.250000E+00 6.944699E+01
1.260000E+00 6.939117E+01
1.270000E+00 6.945646E+01
1.280000E+00 6.944712E+01
1.290000E+00 6.945999E+01
1.300000E+00 6.953897E+01
1.310000E+00 6.946242E+01
1.320000E+00 6.954886E+01
1.330000E+00 6.952644E+01
1.340000E+00 6.957496E+01
1.350000E+00 6.957657E+01
1.360000E+00 6.956952E+01
1.370000E+00 6.960845E+01
1.380000E+00 6.965428E+01
1.390000E+00 6.962253E+01
1.400000E+00 6.963194E+01
1.410000E+00 6.964609E+01
1.420000E+00 6.969423E+01
1.430000E+00 6.964887E+01
1.440000E+00 6.970075E+01
1.450000E+00 6.971491E+01
1.460000E+00 6.972519E+01
1.470000E+00 6.975218E+01
1.480000E+00 6.974343E+01
1.490000E+00 6.971754E+01
1.500000E+00 6.975515E+01
1.510000E+00 6.976531E+01
1.520000E+00 6.976807E+01
1.530000E+00 6.980274E+01
1.540000E+00 6.979433E+01
1.550000E+00 6.981979E+01
1.560000E+00 6.979210E+01
1.570000E+00 6.983076E+01
1.580000E+00 6.977863E+01
1.590000E+00 6.984570E+01
1.600000E+00 6.980307E+01
1.610000E+00 6.982456E+01
1.620000E+00 6.980768E+01
1.630000E+00 6.983011E+01
1.640000E+00 6.983487E+01
1.650000E+00 6.983630E+01
1.660000E+00 6.984236E+01
1.670000E+00 6.981960E+01
1.680000E+00 6.982696E+01
1.690000E+00 6.982030E+01
1.700000E+00 6.979397E+01
1.710000E+00 6.985254E+01
1.720000E+00 6.978063E+01
1.730000E+00 6.976989E+01
1.740000E+00 6.976815E+01
1.750000E+00 6.980361E+01
1.760000E+00 6.976242E+01
1.770000E+00 6.979997E+01
1.780000E+00 6.978941E+01
1.790000E+00 6.977538E+01
1.800000E+00 6.978884E+01
1.810000E+00 6.976621E+01
1.820000E+00 6.975540E+01
1.830000E+00 6.977363E+01
1.840000E+00 6.977386E+01
1.850000E+00 6.974531E+01
1.860000E+00 6.977919E+01
1.870000E+00 6.974889E+01
1.880000E+00 6.978170E+01
1.890000E+00 6.969326E+01
1.900000E+00 6.972358E+01
1.910000E+00 6.970789E+01
1.920000E+00 6.973291E+01
1.930000E+00 6.968456E+01
1.940000E+00 6.971729E+01
1.950000E+00 6.965839E+01
1.960000E+00 6.970533E+01
1.970000E+00 6.964118E+01
1.980000E+00 6.973360E+01
1.990000E+00 6.967408E+01
2.000000E+00 6.969161E+01
2.010000E+00 6.967740E+01
2.020000E+00 6.970351E+01
2.030000E+00 6.963619E+01
2.040000E+00 6.968990E+01
2.050000E+00 6.968491E+01
2.060000E+00 6.962583E+01
2.070000E+00 6.966492E+01
2.080000E+00 6.965397E+01
2.090000E+00 6.963862E+01
2.100000E+00 6.964119E+01
2.110000E+00 6.963443E+01
2.120000E+00 6.962541E+01
2.130000E+00 6.960114E+01
2.140000E+00 6.964299E+01
2.150000E+00 6.956936E+01
2.160000E+00 6.965388E+01
2.170000E+00 6.954972E+01
2.180000E+00 6.960901E+01
2.190000E+00 6.956727E+01
2.200000E+00 6.958541E+01
2.210000E+00 6.960177E+01
2.220000E+00 6.957809E+01
2.230000E+00 6.957559E+01
2.240000E+00 6.961274E+01
2.250000E+00 6.956087E+01
2.260000E+00 6.956807E+01
2.270000E+00 6.957920E+01
2.280000E+00 6.952348E+01
2.290000E+00 6.959151E+01
2.300000E+00 6.953676E+01
2.310000E+00 6.953193E+01
2.320000E+00 6.956675E+01
2.330000E+00 6.955552E+01
2.340000E+00 6.961677E+01
2.350000E+00 6.955344E+01
2.360000E+00 6.961290E+01
2.370000E+00 6.961396E+01
2.380000E+00 6.955278E+01
2.390000E+00 6.961959E+01
2.400000E+00 6.961840E+01
2.410000E+00 6.962580E+01
2.420000E+00 6.963167E+01
2.430000E+00 6.963531E+01
2.440000E+00 6.962623E+01
2.450000E+00 6.960083E+01
2.460000E+00 6.963957E+01
2.470000E+00 6.962249E+01
2.480000E+00 6.961342E+01
2.490000E+00 6.960788E+01
2.500000E+00 6.959910E+01
2.510000E+00 6.958839E+01
2.520000E+00 6.960349E+01
2.530000E+00 6.955436E+01
2.540000E+00 6.958256E+01
2.550000E+00 6.956967E+01
2.560000E+00 6.954115E+01
2.570000E+00 6.954876E+01
2.580000E+00 6.953849E+01
2.590000E+00 6.957044E+01
2.600000E+00 6.948901E+01
2.610000E+00 6.955505E+01
2.620000E+00 6.950332E+01
2.630000E+00 6.954347E+01
2.640000E+00 6.949087E+01
2.650000E+00 6.954492E+01
2.660000E+00 6.946367E+01
2.670000E+00 6.955931E+01
2.680000E+00 6.947839E+01
2.690000E+00 6.951664E+01
2.700000E+00 6.953210E+01
2.710000E+00 6.949466E+01
2.720000E+00 6.954651E+01
2.730000E+00 6.948761E+01
2.740000E+00 6.951634E+01
2.750000E+00 6.955592E+01
2.760000E+00 6.951169E+01
2.770000E+00 6.950532E+01
2.780000E+00 6.956453E+01
2.790000E+00 6.954095E+01
2.800000E+00 6.956992E+01
2.810000E+00 6.952270E+01
2.820000E+00 6.956575E+01
2.830000E+00 6.957637E+01
2.840000E+00 6.959323E+01
2.850000E+00 6.956482E+01
2.860000E+00 6.959153E+01
2.870000E+00 6.958423E+01
2.880000E+00 6.960960E+01
2.890000E+00 6.955956E+01
2.900000E+00 6.961312E+01
2.910000E+00 6.957558E+01
2.920000E+00 6.960178E+01
2.930000E+00 6.958651E+01
2.940000E+00 6.961680E+01
2.950000E+00 6.959177E+01
2.960000E+00 6.961512E+01
2.970000E+00 6.962558E+01
2.980000E+00 6.960794E+01
2.990000E+00 6.960830E+01
3.000000E+00 6.961352E+01
3.010000E+00 6.963518E+01
3.020000E+00 6.963694E+01
3.030000E+00 6.961302E+01
3.040000E+00 6.962234E+01
3.050000E+00 6.958999E+01
3.060000E+00 6.960609E+01
3.070000E+00 6.963625E+01
3.080000E+00 6.959852E+01
3.090000E+00 6.961243E+01
3.100000E+00 6.956668E+01
3.110000E+00 6.962278E+01
3.120000E+00 6.955435E+01
3.130000E+00 6.958950E+01
3.140000E+00 6.957126E+01
3.150000E+00 6.957876E+01
3.160000E+00 6.953721E+01
3.170000E+00 6.952265E+01
3.180000E+00 6.959409E+01
3.190000E+00 6.951331E+01
3.200000E+00 6.955950E+01
3.210000E+00 6.953053E+01
3.220000E+00 6.953070E+01
3.230000E+00 6.957616E+01
3.240000E+00 6.953865E+01
3.250000E+00 6.952990E+01
3.260000E+00 6.955816E+01
3.270000E+00 6.954204E+01
3.280000E+00 6.953401E+01
3.290000E+00 6.954348E+01
3.300000E+00 6.954431E+01
3.310000E+00 6.950005E+01
3.320000E+00 6.956149E+01
3.330000E+00 6.954414E+01
3.340000E+00 6.956171E+01
3.350000E+00 6.954593E+01
3.360000E+00 6.954395E+01
3.370000E+00 6.955309E+01
3.380000E+00 6.959208E+01
3.390000E+00 6.956208E+01
3.400000E+00 6.955452E+01
3.410000E+00 6.958888E+01
3.420000E+00 6.955949E+01
3.430000E+00 6.957517E+01
3.440000E+00 6.958260E+01
3.450000E+00 6.950014E+01
3.460000E+00 6.957274E+01
3.470000E+00 6.953865E+01
3.480000E+00 6.951524E+01
3.490000E+00 6.959712E+01
3.500000E+00 6.948330E+01
3.510000E+00 6.957219E+01
3.520000E+00 6.951508E+01
3.530000E+00 6.950232E+01
3.540000E+00 6.955770E+01
3.550000E+00 6.948406E+01
3.560000E+00 6.951523E+01
3.570000E+00 6.951565E+01
3.580000E+00 6.952847E+01
3.590000E+00 6.953932E+01
3.600000E+00 6.947338E+01
3.610000E+00 6.953722E+01
3.620000E+00 6.950231E+01
3.630000E+00 6.949540E+01
3.640000E+00 6.952499E+01
3.650000E+00 6.954389E+01
3.660000E+00 6.947565E+01
3.670000E+00 6.957506E+01
3.680000E+00 6.952698E+01
3.690000E+00 6.955227E+01
3.700000E+00 6.954868E+01
3.710000E+00 6.956250E+01
3.720000E+00 6.957667E+01
3.730000E+00 6.957825E+01
3.740000E+00 6.959598E+01
3.750000E+00 6.958602E+01
3.760000E+00 6.961475E+01
3.770000E+00 6.954824E+01
3.780000E+00 6.960771E+01
3.790000E+00 6.958565E+01
3.800000E+00 6.961519E+01
3.810000E+00 6.959156E+01
3.820000E+00 6.956902E+01
3.830000E+00 6.956392E+01
3.840000E+00 6.961204E+01
3.850000E+00 6.955811E+01
3.860000E+00 6.953272E+01
3.870000E+00 6.960149E+01
3.880000E+00 6.961050E+01
3.890000E+00 6.954927E+01
3.900000E+00 6.958711E+01
3.910000E+00 6.961361E+01
3.920000E+00 6.961356E+01
3.930000E+00 6.962935E+01
3.940000E+00 6.959653E+01
3.950000E+00 6.962645E+01
3.960000E+00 6.966926E+01
3.970000E+00 6.960302E+01
3.980000E+00 6.963847E+01
3.990000E+00 6.963161E+01
4.000000E+00 6.963168E+01
4.010000E+00 6.959290E+01
4.020000E+00 6.958748E+01
4.030000E+00 6.966959E+01
4.040000E+00 6.960918E+01
4.050000E+00 6.959519E+01
4.060000E+00 6.962898E+01
4.070000E+00 6.958116E+01
4.080000E+00 6.964170E+01
4.090000E+00 6.956584E+01
4.100000E+00 6.964202E+01
4.110000E+00 6.961557E+01
4.120000E+00 6.959235E+01
4.130000E+00 6.959281E+01
4.140000E+00 6.963099E+01
4.150000E+00 6.959938E+01
4.160000E+00 6.961423E+01
4.170000E+00 6.958963E+01
4.180000E+00 6.956632E+01
4.190000E+00 6.962318E+01
4.200000E+00 6.953930E+01
4.210000E+00 6.958483E+01
4.220000E+00 6.958325E+01
4.230000E+00 6.957289E+01
4.240000E+00 6.954826E+01
4.250000E+00 6.957838E+01
4.260000E+00 6.961532E+01
4.270000E+00 6.948291E+01
4.280000E+00 6.961796E+01
4.290000E+00 6.954424E+01
4.300000E+00 6.959122E+01
4.310000E+00 6.955969E+01
4.320000E+00 6.956288E+01
4.330000E+00 6.959150E+01
4.340000E+00 6.956194E+01
4.350000E+00 6.959431E+01
4.360000E+00 6.948295E+01
4.370000E+00 6.961836E+01
4.380000E+00 6.954529E+01
4.390000E+00 6.958406E+01
4.400000E+00 6.955361E+01
4.410000E+00 6.954247E+01
4.420000E+00 6.963357E+01
4.430000E+00 6.951929E+01
4.440000E+00 6.955230E+01
4.450000E+00 6.957172E+01
4.460000E+00 6.954103E+01
4.470000E+00 6.957947E+01
4.480000E+00 6.951677E+01
4.490000E+00 6.953937E+01
4.500000E+00 6.950137E+01
4.510000E+00 6.952033E+01
4.520000E+00 6.949882E+01
4.530000E+00 6.947963E+01
4.540000E+00 6.949591E+01
4.550000E+00 6.943151E+01
4.560000E+00 6.949722E+01
4.570000E+00 6.949772E+01
4.580000E+00 6.937027E+01
4.590000E+00 6.947921E+01
4.600000E+00 6.945937E+01
4.610000E+00 6.940952E+01
4.620000E+00 6.946925E+01
4.630000E+00 6.944251E+01
4.640000E+00 6.943814E+01
4.650000E+00 6.951368E+01
4.660000E+00 6.946400E+01
4.670000E+00 6.944033E+01
4.680000E+00 6.952057E+01
4.690000E+00 6.942125E+01
4.700000E+00 6.950315E+01
4.710000E+00 6.946910E+01
4.720000E+00 6.946866E+01
4.730000E+00 6.952459E+01
4.740000E+00 6.949785E+01
4.750000E+00 6.949882E+01
4.760000E+00 6.953577E+01
4.770000E+00 6.949820E+01
4.780000E+00 6.951967E+01
4.790000E+00 6.948142E+01
4.800000E+00 6.949042E+01
4.810000E+00 6.948892E+01
4.820000E+00 6.947075E+01
4.830000E+00 6.951261E+01
4.840000E+00 6.947312E+01
4.850000E+00 6.950531E+01
4.860000E+00 6.942592E+01
4.870000E+00 6.950045E+01
4.880000E+00 6.946284E+01
4.890000E+00 6.949421E+01
4.900000E+00 6.945338E+01
4.910000E+00 6.951408E+01
4.920000E+00 6.942261E+01
4.930000E+00 6.957324E+01
4.940000E+00 6.947771E+01
4.950000E+00 6.950712E+01
4.960000E+00 6.952423E+01
4.970000E+00 6.951339E+01
4.980000E+00 6.951192E+01
4.990000E+00 6.953149E+01
5.000000E+00 6.950986E+01
5.010000E+00 6.955643E+01
5.020000E+00 6.953804E+01
5.030000E+00 6.952653E+01
5.040000E+00 6.955345E+01
5.050000E+00 6.953180E+01
5.060000E+00 6.953528E+01
5.070000E+00 6.956559E+01
5.080000E+00 6.953044E+01
5.090000E+00 6.953639E+01
5.100000E+00 6.957114E+01
5.110000E+00 6.951241E+01
5.120000E+00 6.956690E+01
5.130000E+00 6.954474E+01
5.140000E+00 6.958481E+01
5.150000E+00 6.950829E+01
5.160000E+00 6.956377E+01
5.170000E+00 6.956086E+01
5.180000E+00 6.948212E+01
5.190000E+00 6.954310E+01
5.200000E+00 6.953939E+01
5.210000E+00 6.950433E+01
5.220000E+00 6.956107E+01
5.230000E+00 6.955943E+01
5.240000E+00 6.959283E+01
5.250000E+00 6.952629E+01
5.260000E+00 6.958301E+01
5.270000E+00 6.953374E+01
5.280000E+00 6.956286E+01
5.290000E+00 6.955445E+01
5.300000E+00 6.957388E+01
5.310000E+00 6.951198E+01
5.320000E+00 6.958298E+01
5.330000E+00 6.952286E+01
5.340000E+00 6.957722E+01
5.350000E+00 6.950122E+01
5.360000E+00 6.956388E+01
5.370000E+00 6.956722E+01
5.380000E+00 6.957215E+01
5.390000E+00 6.951305E+01
5.400000E+00 6.957772E+01
5.410000E+00 6.956379E+01
5.420000E+00 6.955456E+01
5.430000E+00 6.958864E+01
5.440000E+00 6.956763E+01
5.450000E+00 6.954759E+01
5.460000E+00 6.959141E+01
5.470000E+00 6.954821E+01
5.480000E+00 6.960918E+01
5.490000E+00 6.955474E+01
5.500000E+00 6.961109E+01
5.510000E+00 6.959807E+01
5.520000E+00 6.960265E+01
5.530000E+00 6.962084E+01
5.540000E+00 6.965704E+01
5.550000E+00 6.955655E+01
5.560000E+00 6.969903E+01
5.570000E+00 6.956888E+01
5.580000E+00 6.967326E+01
5.590000E+00 6.962834E+01
5.600000E+00 6.966293E+01
5.610000E+00 6.967197E+01
5.620000E+00 6.960520E+01
5.630000E+00 6.964953E+01
5.640000E+00 6.962205E+01
5.650000E+00 6.966071E+01
5.660000E+00 6.959552E+01
5.670000E+00 6.965617E+01
5.680000E+00 6.958455E+01
5.690000E+00 6.965838E+01
5.700000E+00 6.957998E+01
5.710000E+00 6.961376E+01
5.720000E+00 6.959610E+01
5.730000E+00 6.959768E+01
5.740000E+00 6.959855E+01
5.750000E+00 6.958253E+01
5.760000E+00 6.957034E+01
5.770000E+00 6.957902E+01
5.780000E+00 6.951571E+01
5.790000E+00 6.957128E+01
5.800000E+00 6.955833E+01
5.810000E+00 6.952142E+01
5.820000E+00 6.956070E+01
5.830000E+00 6.952672E+01
5.840000E+00 6.955061E+01
5.850000E+00 6.953957E+01
5.860000E+00 6.952746E+01
5.870000E+00 6.950755E+01
5.880000E+00 6.953534E+01
5.890000E+00 6.949935E+01
5.900000E+00 6.951592E+01
5.910000E+00 6.952498E+01
5.920000E+00 6.947685E+01
5.930000E+00 6.953122E+01
5.940000E+00 6.950484E+01
5.950000E+00 6.948003E+01
5.960000E+00 6.949510E+01
5.970000E+00 6.947908E+01
5.980000E+00 6.946861E+01
5.990000E+00 6.944291E+01
6.000000E+00 6.948192E+01
6.010000E+00 6.949170E+01
6.020000E+00 6.940207E+01
6.030000E+00 6.947166E+01
6.040000E+00 6.940536E+01
6.050000E+00 6.945114E+01
6.060000E+00 6.944595E+01
6.070000E+00 6.942846E+01
6.080000E+00 6.947550E+01
6.090000E+00 6.938320E+01
6.100000E+00 6.944362E+01
6.110000E+00 6.943691E+01
6.120000E+00 6.939136E+01
6.130000E+00 6.951805E+01
6.140000E+00 6.935133E+01
6.150000E+00 6.953214E+01
6.160000E+00 6.938659E+01
6.170000E+00 6.948634E+01
6.180000E+00 6.947192E+01
6.190000E+00 6.952058E+01
6.200000E+00 6.955729E+01
6.210000E+00 6.941770E+01
6.220000E+00 6.961354E+01
6.230000E+00 6.944878E+01
6.240000E+00 6.956163E+01
6.250000E+00 6.959528E+01
6.260000E+00 6.952293E+01
6.270000E+00 6.952905E+01
6.280000E+00 6.960445E+01
6.290000E+00 6.954625E+01
6.300000E+00 6.965222E+01
6.310000E+00 6.960833E+01
6.320000E+00 6.957419E+01
6.330000E+00 6.966101E+01
6.340000E+00 6.965171E+01
6.350000E+00 6.961571E+01
6.360000E+00 6.964468E+01
6.370000E+00 6.963195E+01
6.380000E+00 6.965679E+01
6.390000E+00 6.961136E+01
6.400000E+00 6.966359E+01
6.410000E+00 6.963081E+01
6.420000E+00 6.961542E+01
6.430000E+00 6.960621E+01
6.440000E+00 6.960818E+01
6.450000E+00 6.963793E+01
6.460000E+00 6.960892E+01
6.470000E+00 6.962336E+01
6.480000E+00 6.952148E+01
6.490000E+00 6.971227E+01
6.500000E+00 6.955344E+01
6.510000E+00 6.960603E+01
6.520000E+00 6.958284E+01
6.530000E+00 6.966441E+01
6.540000E+00 6.955343E+01
6.550000E+00 6.956634E+01
6.560000E+00 6.954843E+01
6.570000E+00 6.960084E+01
6.580000E+00 6.960617E+01
6.590000E+00 6.953433E+01
6.600000E+00 6.959492E+01
6.610000E+00 6.952383E+01
6.620000E+00 6.958118E+01
6.630000E+00 6.956388E+01
6.640000E+00 6.946274E+01
6.650000E+00 6.956321E+01
6.660000E+00 6.955253E+01
6.670000E+00 6.955938E+01
6.680000E+00 6.952344E+01
6.690000E+00 6.956691E+01
6.700000E+00 6.953185E+01
6.710000E+00 6.958897E+01
6.720000E+00 6.948995E+01
6.730000E+00 6.956388E+01
6.740000E+00 6.953809E+01
6.750000E+00 6.953705E+01
6.760000E+00 6.956265E+01
6.770000E+00 6.949669E+01
6.780000E+00 6.953581E+01
6.790000E+00 6.950812E+01
6.800000E+00 6.955923E+01
6.810000E+00 6.950387E+01
6.820000E+00 6.952028E+01
6.830000E+00 6.955084E+01
6.840000E+00 6.950066E+01
6.850000E+00 6.950540E+01
6.860000E+00 6.948287E+01
6.870000E+00 6.952318E+01
6.880000E+00 6.947841E+01
6.890000E+00 6.953221E+01
6.900000E+00 6.951129E+01
6.910000E+00 6.954669E+01
6.920000E+00 6.948339E+01
6.930000E+00 6.953593E+01
6.940000E+00 6.947929E+01
6.950000E+00 6.952085E+01
6.960000E+00 6.954797E+01
6.970000E+00 6.949820E+01
6.980000E+00 6.955632E+01
6.990000E+00 6.947874E+01
7.000000E+00 6.954027E+01
7.010000E+00 6.948167E+01
7.020000E+00 6.956083E+01
7.030000E+00 6.953309E+01
7.040000E+00 6.948814E+01
7.050000E+00 6.950291E+01
7.060000E+00 6.949405E+01
7.070000E+00 6.954019E+01
7.080000E+00 6.950278E+01
7.090000E+00 6.952543E+01
7.100000E+00 6.950766E+01
7.110000E+00 6.954297E+01
7.120000E+00 6.948954E+01
7.130000E+00 6.957258E+01
7.140000E+00 6.948466E+01
7.150000E+00 6.953340E+01
7.160000E+00 6.956337E+01
7.170000E+00 6.947731E+01
7.180000E+00 6.959348E+01
7.190000E+00 6.949602E+01
7.200000E+00 6.956342E+01
7.210000E+00 6.958811E+01
7.220000E+00 6.952161E+01
7.230000E+00 6.960562E+01
7.240000E+00 6.956493E+01
7.250000E+00 6.955620E+01
7.260000E+00 6.957072E+01
7.270000E+00 6.955524E+01
7.280000E+00 6.956475E+01
7.290000E+00 6.956981E+01
7.300000E+00 6.954359E+01
7.310000E+00 6.958511E+01
7.320000E+00 6.956206E+01
7.330000E+00 6.956363E+01
7.340000E+00 6.956677E+01
7.350000E+00 6.952359E+01
7.360000E+00 6.959448E+01
7.370000E+00 6.953528E+01
7.380000E+00 6.954140E+01
7.390000E+00 6.958758E+01
7.400000E+00 6.953375E+01
7.410000E+00 6.956788E+01
7.420000E+00 6.954054E+01
7.430000E+00 6.955031E+01
7.440000E+00 6.957724E+01
7.450000E+00 6.948507E+01
7.460000E+00 6.958101E+01
7.470000E+00 6.953378E+01
7.480000E+00 6.955739E+01
7.490000E+00 6.956992E+01
7.500000E+00 6.955602E+01
7.510000E+00 6.954164E+01
7.520000E+00 6.959238E+01
7.530000E+00 6.956281E+01
7.540000E+00 6.959449E+01
7.550000E+00 6.955819E+01
7.560000E+00 6.959632E+01
7.570000E+00 6.956035E+01
7.580000E+00 6.959111E+01
7.590000E+00 6.960005E+01
7.600000E+00 6.962551E+01
7.610000E+00 6.961818E+01
7.620000E+00 6.959713E+01
7.630000E+00 6.961211E+01
7.640000E+00 6.963687E+01
7.650000E+00 6.961096E+01
7.660000E+00 6.963721E+01
7.670000E+00 6.963383E+01
7.680000E+00 6.965177E+01
7.690000E+00 6.961276E+01
7.700000E+00 6.965535E+01
7.710000E+00 6.967743E+01
7.720000E+00 6.964996E+01
7.730000E+00 6.968000E+01
7.740000E+00 6.968855E+01
7.750000E+00 6.966120E+01
7.760000E+00 6.971160E+01
7.770000E+00 6.970186E+01
7.780000E+00 6.968865E+01
7.790000E+00 6.971184E+01
7.800000E+00 6.967603E+01
7.810000E+00 6.971155E+01
7.820000E+00 6.967577E+01
7.830000E+00 6.967309E+01
7.840000E+00 6.970915E+01
7.850000E+00 6.967961E+01
7.860000E+00 6.969729E+01
7.870000E+00 6.969645E+01
7.880000E+00 6.968804E+01
7.890000E+00 6.971360E+01
7.900000E+00 6.965524E+01
7.910000E+00 6.972454E+01
7.920000E+00 6.967972E+01
7.930000E+00 6.969285E+01
7.940000E+00 6.969362E+01
7.950000E+00 6.967044E+01
7.960000E+00 6.967375E+01
7.970000E+00 6.969320E+01
7.980000E+00 6.966034E+01
7.990000E+00 6.972781E+01
8.000000E+00 6.963145E+01
8.010000E+00 6.964676E+01
8.020000E+00 6.970473E+01
8.030000E+00 6.968069E+01
8.040000E+00 6.970661E+01
8.050000E+00 6.966869E+01
8.060000E+00 6.972208E+01
8.070000E+00 6.970821E+01
8.080000E+00 6.969700E+01
8.090000E+00 6.975222E+01
8.100000E+00 6.971434E+01
8.110000E+00 6.971375E+01
8.120000E+00 6.978613E+01
8.130000E+00 6.970439E+01
8.140000E+00 6.974846E+01
8.150000E+00 6.975877E+01
8.160000E+00 6.976880E+01
8.170000E+00 6.973741E+01
8.180000E+00 6.974304E+01
8.190000E+00 6.973637E+01
8.200000E+00 6.972684E+01
8.210000E+00 6.975716E+01
8.220000E+00 6.977058E+01
8.230000E+00 6.971655E+01
8.240000E+00 6.975088E+01
8.250000E+00 6.977059E+01
8.260000E+00 6.973244E+01
8.270000E+00 6.975787E+01
8.280000E+00 6.977886E+01
8.290000E+00 6.967683E+01
8.300000E+00 6.975812E+01
8.310000E+00 6.970883E+01
8.320000E+00 6.973944E+01
8.330000E+00 6.971221E+01
8.340000E+00 6.971255E+01
8.350000E+00 6.968835E+01
8.360000E+00 6.972441E+01
8.370000E+00 6.971859E+01
8.380000E+00 6.969587E+01
8.390000E+00 6.974054E+01
8.400000E+00 6.972348E+01
8.410000E+00 6.972055E+01
8.420000E+00 6.972328E+01
8.430000E+00 6.976067E+01
8.440000E+00 6.967723E+01
8.450000E+00 6.973446E+01
8.460000E+00 6.968813E+01
8.470000E+00 6.977968E+01
8.480000E+00 6.966104E+01
8.490000E+00 6.977934E+01
8.500000E+00 6.970038E+01
8.510000E+00 6.981176E+01
8.520000E+00 6.975403E+01
8.530000E+00 6.980484E+01
8.540000E+00 6.973226E+01
8.550000E+00 6.981104E+01
8.560000E+00 6.975792E+01
8.570000E+00 6.975079E+01
8.580000E+00 6.974237E+01
8.590000E+00 6.979639E+01
8.600000E+00 6.972318E+01
8.610000E+00 6.975780E+01
8.620000E+00 6.975739E+01
8.630000E+00 6.978431E+01
8.640000E+00 6.974876E+01
8.650000E+00 6.975728E+01
8.660000E+00 6.973470E+01
8.670000E+00 6.977364E+01
8.680000E+00 6.977531E+01
8.690000E+00 6.976172E+01
8.700000E+00 6.974070E+01
8.710000E+00 6.976535E+01
8.720000E+00 6.977407E+01
8.730000E+00 6.973513E+01
8.740000E+00 6.978545E+01
8.750000E+00 6.970491E+01
8.760000E+00 6.974892E+01
8.770000E+00 6.972882E+01
8.780000E+00 6.973030E+01
8.790000E+00 6.973719E+01
8.800000E+00 6.969683E+01
8.810000E+00 6.972587E+01
8.820000E+00 6.972042E+01
8.830000E+00 6.973480E+01
8.840000E+00 6.967531E+01
8.850000E+00 6.967939E+01
8.860000E+00 6.971375E+01
8.870000E+00 6.967096E+01
8.880000E+00 6.968882E+01
8.890000E+00 6.967214E+01
8.900000E+00 6.973780E+01
8.910000E+00 6.965812E+01
8.920000E+00 6.973719E+01
8.930000E+00 6.967156E+01
8.940000E+00 6.972530E+01
8.950000E+00 6.971979E+01
8.960000E+00 6.969085E+01
8.970000E+00 6.971067E+01
8.980000E+00 6.968304E+01
8.990000E+00 6.973989E+01
9.000000E+00 6.968435E+01
9.010000E+00 6.969598E+01
9.020000E+00 6.975288E+01
9.030000E+00 6.975426E+01
9.040000E+00 6.969366E+01
9.050000E+00 6.974892E+01
9.060000E+00 6.973561E+01
9.070000E+00 6.973630E+01
9.080000E+00 6.973109E+01
9.090000E+00 6.974695E+01
9.100000E+00 6.971894E+01
9.110000E+00 6.971387E+01
9.120000E+00 6.975398E+01
9.130000E+00 6.966158E+01
9.140000E+00 6.976007E+01
9.150000E+00 6.968183E+01
9.160000E+00 6.964971E+01
9.170000E+00 6.973189E+01
9.180000E+00 6.968184E+01
9.190000E+00 6.967230E+01
9.200000E+00 6.966515E+01
9.210000E+00 6.968833E+01
9.220000E+00 6.965512E+01
9.230000E+00 6.966279E+01
9.240000E+00 6.966941E+01
9.250000E+00 6.964863E+01
9.260000E+00 6.967558E+01
9.270000E+00 6.962079E+01
9.280000E+00 6.964611E+01
9.290000E+00 6.967378E+01
9.300000E+00 6.961485E+01
9.310000E+00 6.960108E+01
9.320000E+00 6.967193E+01
9.330000E+00 6.959049E+01
9.340000E+00 6.960649E+01
9.350000E+00 6.963077E+01
9.360000E+00 6.967927E+01
9.370000E+00 6.959446E+01
9.380000E+00 6.969855E+01
9.390000E+00 6.964343E+01
9.400000E+00 6.967002E+01
9.410000E+00 6.971215E+01
9.420000E+00 6.966113E+01
9.430000E+00 6.967425E+01
9.440000E+00 6.966965E+01
9.450000E+00 6.967112E+01
9.460000E+00 6.966759E+01
9.470000E+00 6.965171E+01
9.480000E+00 6.963187E+01
9.490000E+00 6.962227E+01
9.500000E+00 6.966525E+01
9.510000E+00 6.960108E+01
9.520000E+00 6.963712E+01
9.530000E+00 6.962271E+01
9.540000E+00 6.961622E+01
9.550000E+00 6.962112E+01
9.560000E+00 6.960571E+01
9.570000E+00 6.960814E+01
9.580000E+00 6.962695E+01
9.590000E+00 6.962586E+01
9.600000E+00 6.960716E+01
9.610000E+00 6.967153E+01
9.620000E+00 6.960388E+01
9.630000E+00 6.967038E+01
9.640000E+00 6.963967E+01
9.650000E+00 6.964837E+01
9.660000E+00 6.965736E+01
9.670000E+00 6.964430E+01
9.680000E+00 6.967733E+01
9.690000E+00 6.965826E+01
9.700000E+00 6.963238E+01
9.710000E+00 6.964165E+01
9.720000E+00 6.964998E+01
9.730000E+00 6.963790E+01
9.740000E+00 6.963423E+01
9.750000E+00 6.963538E+01
9.760000E+00 6.959584E+01
9.770000E+00 6.969322E+01
9.780000E+00 6.961055E+01
9.790000E+00 6.964876E+01
9.800000E+00 6.963725E+01
9.810000E+00 6.963077E+01
9.820000E+00 6.963561E+01
9.830000E+00 6.965493E+01
9.840000E+00 6.958834E+01
9.850000E+00 6.964040E+01
9.860000E+00 6.964833E+01
9.870000E+00 6.956665E+01
9.880000E+00 6.966230E+01
9.890000E+00 6.970101E+01
9.900000E+00 6.958909E+01
9.910000E+00 6.969115E+01
9.920000E+00 6.965454E+01
9.930000E+00 6.964620E+01
9.940000E+00 6.964820E+01
9.950000E+00 6.960451E+01
9.960000E+00 6.973241E+01
9.970000E+00 6.957752E+01
9.980000E+00 6.972638E+01
9.990000E+00 6.963617E+01
1.000000E+01 6.972306E+01
1.001000E+01 6.961808E+01
1.002000E+01 6.969901E+01
1.003000E+01 6.969552E+01
1.004000E+01 6.965953E+01
1.005000E+01 6.967405E+01
1.006000E+01 6.965849E+01
1.007000E+01 6.967134E+01
1.008000E+01 6.966188E+01
1.009000E+01 6.963621E+01
1.010000E+01 6.964885E+01
1.011000E+01 6.959258E+01
1.012000E+01 6.966935E+01
1.013000E+01 6.958992E+01
1.014000E+01 6.963088E+01
1.015000E+01 6.962172E+01
1.016000E+01 6.963738E+01
1.017000E+01 6.963514E+01
1.018000E+01 6.958885E+01
1.019000E+01 6.968990E+01
1.020000E+01 6.960043E+01
1.021000E+01 6.965639E+01
1.022000E+01 6.964658E+01
1.023000E+01 6.957252E+01
1.024000E+01 6.962471E+01
1.025000E+01 6.961431E+01
1.026000E+01 6.965361E+01
1.027000E+01 6.961793E+01
1.028000E+01 6.960920E+01
1.029000E+01 6.964123E+01
1.030000E+01 6.962454E+01
1.031000E+01 6.964288E+01
1.032000E+01 6.959772E+01
1.033000E+01 6.962812E+01
1.034000E+01 6.960407E+01
1.035000E+01 6.964757E+01
1.036000E+01 6.961332E+01
1.037000E+01 6.962058E+01
1.038000E+01 6.968443E+01
1.039000E+01 6.961516E+01
1.040000E+01 6.964238E+01
1.041000E+01 6.966156E+01
1.042000E+01 6.964365E+01
1.043000E+01 6.965665E+01
1.044000E+01 6.964550E+01
1.045000E+01 6.968419E+01
1.046000E+01 6.965292E+01
1.047000E+01 6.966180E+01
1.048000E+01 6.966841E+01
1.049000E+01 6.969542E+01
1.050000E+01 6.968926E+01
1.051000E+01 6.970807E+01
1.052000E+01 6.965398E+01
1.053000E+01 6.969638E+01
1.054000E+01 6.967441E+01
1.055000E+01 6.963320E+01
1.056000E+01 6.967883E+01
1.057000E+01 6.961104E+01
1.058000E+01 6.965549E+01
1.059000E+01 6.962285E+01
1.060000E+01 6.964845E+01
1.061000E+01 6.960906E+01
1.062000E+01 6.968370E+01
1.063000E+01 6.960014E+01
1.064000E+01 6.965291E+01
1.065000E+01 6.957971E+01
1.066000E+01 6.963659E+01
1.067000E+01 6.961306E+01
1.068000E+01 6.959944E+01
1.069000E+01 6.960432E+01
1.070000E+01 6.958695E+01
1.071000E+01 6.961710E+01
1.072000E+01 6.961293E+01
1.073000E+01 6.960718E+01
1.074000E+01 6.964724E+01
1.075000E+01 6.961487E+01
1.076000E+01 6.963914E+01
1.077000E+01 6.965756E+01
1.078000E+01 6.965410E+01
1.079000E+01 6.962932E+01
1.080000E+01 6.966552E+01
1.081000E+01 6.964943E+01
1.082000E+01 6.966432E+01
1.083000E+01 6.969102E+01
1.084000E+01 6.967735E+01
1.085000E+01 6.968154E+01
1.086000E+01 6.970345E+01
1.087000E+01 6.971756E+01
1.088000E+01 6.971163E+01
1.089000E+01 6.971890E+01
1.090000E+01 6.971053E+01
1.091000E+01 6.974924E+01
1.092000E+01 6.966198E+01
1.093000E+01 6.975693E+01
1.094000E+01 6.974839E+01
1.095000E+01 6.971554E+01
1.096000E+01 6.971136E+01
1.097000E+01 6.977778E+01
1.098000E+01 6.973138E+01
1.099000E+01 6.979488E+01
1.100000E+01 6.974594E+01
1.101000E+01 6.977376E+01
1.102000E+01 6.975608E+01
1.103000E+01 6.978436E+01
1.104000E+01 6.974980E+01
1.105000E+01 6.978028E+01
1.106000E+01 6.972076E+01
1.107000E+01 6.973518E+01
1.108000E+01 6.974612E+01
1.109000E+01 6.970048E+01
1.110000E+01 6.971054E+01
1.111000E+01 6.975449E+01
1.112000E+01 6.966686E+01
1.113000E+01 6.968502E+01
1.114000E+01 6.971703E+01
1.115000E+01 6.971685E+01
1.116000E+01 6.966284E+01
1.117000E+01 6.969168E+01
1.118000E+01 6.970713E+01
1.119000E+01 6.969188E+01
1.120000E+01 6.968561E+01
1.121000E+01 6.967078E+01
1.122000E+01 6.962374E+01
1.123000E+01 6.975843E+01
1.124000E+01 6.959687E+01
1.125000E+01 6.965684E+01
1.126000E+01 6.967668E+01
1.127000E+01 6.964832E+01
1.128000E+01 6.964100E+01
1.129000E+01 6.966704E+01
1.130000E+01 6.962709E+01
1.131000E+01 6.961553E+01
1.132000E+01 6.965153E+01
1.133000E+01 6.961773E+01
1.134000E+01 6.958086E+01
1.135000E+01 6.962108E+01
1.136000E+01 6.956418E+01
1.137000E+01 6.960991E+01
1.138000E+01 6.955514E+01
1.139000E+01 6.954410E+01
1.140000E+01 6.958237E+01
1.141000E+01 6.956239E+01
1.142000E+01 6.953171E+01
1.143000E+01 6.956115E+01
1.144000E+01 6.959341E+01
1.145000E+01 6.949564E+01
1.146000E+01 6.957066E+01
1.147000E+01 6.948703E+01
1.148000E+01 6.956256E+01
1.149000E+01 6.958029E+01
1.150000E+01 6.953827E+01
1.151000E+01 6.956102E+01
1.152000E+01 6.955869E+01
1.153000E+01 6.955060E+01
1.154000E+01 6.956260E+01
1.155000E+01 6.960950E+01
1.156000E+01 6.951596E+01
1.157000E+01 6.960731E+01
1.158000E+01 6.958122E+01
1.159000E+01 6.953587E+01
1.160000E+01 6.956927E+01
1.161000E+01 6.956650E+01
1.162000E+01 6.957110E+01
1.163000E+01 6.954095E+01
1.164000E+01 6.956402E+01
1.165000E+01 6.954573E+01
1.166000E+01 6.953350E+01
1.167000E+01 6.952918E+01
1.168000E+01 6.954595E+01
1.169000E+01 6.951788E+01
1.170000E+01 6.955567E+01
1.171000E+01 6.946898E+01
1.172000E+01 6.959245E+01
1.173000E+01 6.950267E+01
1.174000E+01 6.957644E+01
1.175000E+01 6.950251E+01
1.176000E+01 6.955555E+01
1.177000E+01 6.955851E+01
1.178000E+01 6.954052E+01
1.179000E+01 6.950969E+01
1.180000E+01 6.956017E+01
1.181000E+01 6.957497E+01
1.182000E+01 6.951885E+01
1.183000E+01 6.958731E+01
1.184000E+01 6.955999E+01
1.185000E+01 6.955703E+01
1.186000E+01 6.958197E+01
1.187000E+01 6.954386E+01
1.188000E+01 6.950749E+01
1.189000E+01 6.952937E+01
1.190000E+01 6.953204E+01
1.191000E+01 6.947208E+01
1.192000E+01 6.952374E+01
1.193000E+01 6.947051E+01
1.194000E+01 6.949912E+01
1.195000E+01 6.950170E+01
1.196000E+01 6.952179E+01
1.197000E+01 6.948075E+01
1.198000E+01 6.956198E+01
1.199000E+01 6.946519E+01
1.200000E+01 6.955770E+01
1.201000E+01 6.955633E+01
1.202000E+01 6.951412E+01
1.203000E+01 6.958306E+01
1.204000E+01 6.953276E+01
1.205000E+01 6.956315E+01
1.206000E+01 6.955698E+01
1.207000E+01 6.954835E+01
1.208000E+01 6.954967E+01
1.209000E+01 6.958709E+01
1.210000E+01 6.951933E+01
1.211000E+01 6.958427E+01
1.212000E+01 6.957320E+01
1.213000E+01 6.959092E+01
1.214000E+01 6.955758E+01
1.215000E+01 6.957303E+01
1.216000E+01 6.958183E+01
1.217000E+01 6.958475E+01
1.218000E+01 6.956538E+01
1.219000E+01 6.960552E+01
1.220000E+01 6.954049E+01
1.221000E+01 6.961136E+01
1.222000E+01 6.953498E+01
1.223000E+01 6.958347E+01
1.224000E+01 6.955277E+01
1.225000E+01 6.959167E+01
1.226000E+01 6.959175E+01
1.227000E+01 6.961964E+01
1.228000E+01 6.958738E+01
1.229000E+01 6.963649E+01
1.230000E+01 6.962096E+01
1.231000E+01 6.959942E+01
1.232000E+01 6.964584E+01
1.233000E+01 6.961837E+01
1.234000E+01 6.961549E+01
1.235000E+01 6.968402E+01
1.236000E+01 6.964835E+01
1.237000E+01 6.967171E+01
1.238000E+01 6.965307E+01
1.239000E+01 6.965714E+01
1.240000E+01 6.966036E+01
1.241000E+01 6.971393E+01
1.242000E+01 6.956585E+01
1.243000E+01 6.973905E+01
1.244000E+01 6.964127E+01
1.245000E+01 6.960364E+01
1.246000E+01 6.970192E+01
1.247000E+01 6.964104E+01
1.248000E+01 6.974503E+01
1.249000E+01 6.968643E+01
1.250000E+01 6.970713E+01
1.251000E+01 6.968961E+01
1.252000E+01 6.971765E+01
1.253000E+01 6.971808E+01
1.254000E+01 6.970854E+01
1.255000E+01 6.974418E+01
1.256000E+01 6.975856E+01
1.257000E+01 6.970734E+01
1.258000E+01 6.981252E+01
1.259000E+01 6.974038E+01
1.260000E+01 6.973638E+01
1.261000E+01 6.977281E+01
1.262000E+01 6.971117E+01
1.263000E+01 6.972495E+01
1.264000E+01 6.973128E+01
1.265000E+01 6.969401E+01
1.266000E+01 6.974820E+01
1.267000E+01 6.973917E+01
1.268000E+01 6.967872E+01
1.269000E+01 6.973725E+01
1.270000E+01 6.974579E+01
1.271000E+01 6.974899E+01
1.272000E+01 6.975082E+01
1.273000E+01 6.978005E+01
1.274000E+01 6.976518E+01
1.275000E+01 6.976389E+01
1.276000E+01 6.973918E+01
1.277000E+01 6.979951E+01
1.278000E+01 6.973958E+01
1.279000E+01 6.980337E+01
1.280000E+01 6.974007E+01
1.281000E+01 6.979589E+01
1.282000E+01 6.973210E+01
1.283000E+01 6.984751E+01
1.284000E+01 6.974113E+01
1.285000E+01 6.986846E+01
1.286000E+01 6.975260E+01
1.287000E+01 6.986628E+01
1.288000E+01 6.972347E+01
1.289000E+01 6.986780E+01
1.290000E+01 6.979705E+01
1.291000E+01 6.979350E+01
1.292000E+01 6.978164E+01
1.293000E+01 6.978897E+01
1.294000E+01 6.980775E+01
1.295000E+01 6.977034E+01
1.296000E+01 6.974952E+01
1.297000E+01 6.981277E+01
1.298000E+01 6.972545E+01
1.299000E+01 6.980614E+01
1.300000E+01 6.974420E+01
1.301000E+01 6.978111E+01
1.302000E+01 6.977364E+01
1.303000E+01 6.972641E+01
1.304000E+01 6.974094E+01
1.305000E+01 6.976818E+01
1.306000E+01 6.975828E+01
1.307000E+01 6.965357E+01
1.308000E+01 6.977782E+01
1.309000E+01 6.966521E+01
1.310000E+01 6.971868E+01
1.311000E+01 6.971106E+01
1.312000E+01 6.968118E+01
1.313000E+01 6.978068E+01
1.314000E+01 6.967513E+01
1.315000E+01 6.968304E+01
1.316000E+01 6.974368E+01
1.317000E+01 6.974349E+01
1.318000E+01 6.970812E+01
1.319000E+01 6.972503E+01
1.320000E+01 6.971484E+01
1.321000E+01 6.975567E+01
1.322000E+01 6.969580E+01
1.323000E+01 6.979457E+01
1.324000E+01 6.972116E+01
1.325000E+01 6.970943E+01
1.326000E+01 6.975878E+01
1.327000E+01 6.970979E+01
1.328000E+01 6.970365E+01
1.329000E+01 6.971420E+01
1.330000E+01 6.968488E+01
1.331000E+01 6.973381E+01
1.332000E+01 6.968705E+01
1.333000E+01 6.971866E+01
1.334000E+01 6.963802E+01
1.335000E+01 6.967972E+01
1.336000E+01 6.969167E+01
1.337000E+01 6.965821E+01
1.338000E+01 6.964097E+01
1.339000E+01 6.966369E+01
1.340000E+01 6.966620E+01
1.341000E+01 6.965750E+01
1.342000E+01 6.966848E+01
1.343000E+01 6.967278E+01
1.344000E+01 6.962236E+01
1.345000E+01 6.973165E+01
1.346000E+01 6.968816E+01
1.347000E+01 6.962894E+01
1.348000E+01 6.969943E+01
1.349000E+01 6.963676E+01
1.350000E+01 6.969284E+01
1.351000E+01 6.971653E+01
1.352000E+01 6.963956E+01
1.353000E+01 6.970723E+01
1.354000E+01 6.966413E+01
1.355000E+01 6.967777E+01
1.356000E+01 6.965505E+01
1.357000E+01 6.968442E+01
1.358000E+01 6.964073E+01
1.359000E+01 6.968405E+01
1.360000E+01 6.957991E+01
1.361000E+01 6.968624E+01
1.362000E+01 6.960121E+01
1.363000E+01 6.967617E+01
1.364000E+01 6.962508E+01
1.365000E+01 6.964312E+01
1.366000E+01 6.958458E+01
1.367000E+01 6.964467E+01
1.368000E+01 6.956224E+01
1.369000E+01 6.961355E+01
1.370000E+01 6.955771E+01
1.371000E+01 6.961427E+01
1.372000E+01 6.953571E+01
1.373000E+01 6.964415E+01
1.374000E+01 6.955646E+01
1.375000E+01 6.955829E+01
1.376000E+01 6.957819E+01
1.377000E+01 6.957670E+01
1.378000E+01 6.954412E+01
1.379000E+01 6.955685E+01
1.380000E+01 6.954005E+01
1.381000E+01 6.957146E+01
1.382000E+01 6.949990E+01
1.383000E+01 6.954195E+01
1.384000E+01 6.951283E+01
1.385000E+01 6.958996E+01
1.386000E+01 6.952811E+01
1.387000E+01 6.951034E+01
1.388000E+01 6.953988E+01
1.389000E+01 6.957803E+01
1.390000E+01 6.949293E+01
1.391000E+01 6.950735E+01
1.392000E+01 6.951575E+01
1.393000E+01 6.952735E+01
1.394000E+01 6.951942E+01
1.395000E+01 6.950297E+01
1.396000E+01 6.953986E+01
1.397000E+01 6.955167E+01
1.398000E+01 6.948188E+01
1.399000E+01 6.949233E+01
1.400000E+01 6.954819E+01
1.401000E+01 6.952227E+01
1.402000E+01 6.948186E+01
1.403000E+01 6.957058E+01
1.404000E+01 6.955753E+01
1.405000E+01 6.951519E+01
1.406000E+01 6.957537E+01
1.407000E+01 6.951620E+01
1.408000E+01 6.958498E+01
1.409000E+01 6.955871E+01
1.410000E+01 6.954918E+01
1.411000E+01 6.959507E+01
1.412000E+01 6.957186E+01
1.413000E+01 6.959856E+01
1.414000E+01 6.957364E+01
1.415000E+01 6.960560E+01
1.416000E+01 6.954583E+01
1.417000E+01 6.961515E+01
1.418000E+01 6.953672E+01
1.419000E+01 6.962264E+01
1.420000E+01 6.957366E+01
1.421000E+01 6.956811E+01
1.422000E+01 6.956796E+01
1.423000E+01 6.960172E+01
1.424000E+01 6.957894E+01
1.425000E+01 6.956850E+01
1.426000E+01 6.959878E+01
1.427000E+01 6.959438E+01
1.428000E+01 6.959123E+01
1.429000E+01 6.958533E+01
1.430000E+01 6.956237E+01
1.431000E+01 6.959464E+01
1.432000E+01 6.956318E+01
1.433000E+01 6.961818E+01
1.434000E+01 6.962198E+01
1.435000E+01 6.957547E+01
1.436000E+01 6.956624E+01
1.437000E+01 6.964809E+01
1.438000E+01 6.958719E+01
1.439000E+01 6.957475E+01
1.440000E+01 6.959862E+01
1.441000E+01 6.962649E+01
1.442000E+01 6.958936E+01
1.443000E+01 6.964816E+01
1.444000E+01 6.959940E+01
1.445000E+01 6.956885E+01
1.446000E+01 6.963078E+01
1.447000E+01 6.958580E+01
1.448000E+01 6.959757E+01
1.449000E+01 6.959240E+01
1.450000E+01 6.960243E+01
1.451000E+01 6.960573E+01
1.452000E+01 6.962101E+01
1.453000E+01 6.955938E+01
1.454000E+01 6.960622E+01
1.455000E+01 6.965061E+01
1.456000E+01 6.954741E+01
1.457000E+01 6.963238E+01
1.458000E+01 6.955106E+01
1.459000E+01 6.961305E+01
1.460000E+01 6.959144E+01
1.461000E+01 6.961203E+01
1.462000E+01 6.954712E+01
1.463000E+01 6.963768E+01
1.464000E+01 6.957788E+01
1.465000E+01 6.962481E+01
1.466000E+01 6.958939E+01
1.467000E+01 6.962910E+01
1.468000E+01 6.957808E+01
1.469000E+01 6.962258E+01
1.470000E+01 6.959189E+01
1.471000E+01 6.960734E+01
1.472000E+01 6.957523E+01
1.473000E+01 6.964207E+01
1.474000E+01 6.960500E+01
1.475000E+01 6.958255E+01
1.476000E+01 6.966396E+01
1.477000E+01 6.959902E+01
1.478000E+01 6.964106E+01
1.479000E+01 6.965924E+01
1.480000E+01 6.963579E+01
1.481000E+01 6.962749E+01
1.482000E+01 6.970612E+01
1.483000E+01 6.959584E+01
1.484000E+01 6.968941E+01
1.485000E+01 6.968794E+01
1.486000E+01 6.967367E+01
1.487000E+01 6.966299E+01
1.488000E+01 6.974241E+01
1.489000E+01 6.962466E+01
1.490000E+01 6.972820E+01
1.491000E+01 6.972114E+01
1.492000E+01 6.964719E+01
1.493000E+01 6.973074E+01
1.494000E+01 6.966307E+01
1.495000E+01 6.969461E+01
1.496000E+01 6.970011E+01
1.497000E+01 6.969946E+01
1.498000E+01 6.967438E+01
1.499000E+01 6.971986E+01
1.500000E+01 6.970094E+01
1.501000E+01 6.970295E+01
1.502000E+01 6.972088E+01
1.503000E+01 6.971660E+01
1.504000E+01 6.974738E+01
1.505000E+01 6.975629E+01
1.506000E+01 6.977757E+01
1.507000E+01 6.976947E+01
1.508000E+01 6.972494E+01
1.509000E+01 6.981071E+01
1.510000E+01 6.981642E+01
1.511000E+01 6.982138E+01
1.512000E+01 6.977917E+01
1.513000E+01 6.980373E+01
1.514000E+01 6.980385E+01
1.515000E+01 6.981103E+01
1.516000E+01 6.981967E+01
1.517000E+01 6.978892E+01
1.518000E+01 6.980841E+01
1.519000E+01 6.975721E+01
1.520000E+01 6.980415E+01
1.521000E+01 6.983043E+01
1.522000E+01 6.974774E+01
1.523000E+01 6.981701E+01
1.524000E+01 6.979319E+01
1.525000E+01 6.980853E+01
1.526000E+01 6.977601E+01
1.527000E+01 6.982592E+01
1.528000E+01 6.980271E+01
1.529000E+01 6.979067E+01
1.530000E+01 6.979738E+01
1.531000E+01 6.978605E+01
1.532000E+01 6.982948E+01
1.533000E+01 6.977241E+01
1.534000E+01 6.977023E+01
1.535000E+01 6.980602E+01
1.536000E+01 6.975049E+01
1.537000E+01 6.977102E+01
1.538000E+01 6.976159E+01
1.539000E+01 6.977339E+01
1.540000E+01 6.970809E+01
1.541000E+01 6.978115E+01
1.542000E+01 6.975408E+01
1.543000E+01 6.975389E+01
1.544000E+01 6.972470E+01
1.545000E+01 6.976753E+01
1.546000E+01 6.975551E+01
1.547000E+01 6.978166E+01
1.548000E+01 6.976709E+01
1.549000E+01 6.978264E+01
1.550000E+01 6.977013E+01
1.551000E+01 6.975647E+01
1.552000E+01 6.982785E+01
1.553000E+01 6.982597E+01
1.554000E+01 6.975890E+01
1.555000E+01 6.982288E+01
1.556000E+01 6.983804E+01
1.557000E+01 6.973489E+01
1.558000E+01 6.985682E+01
1.559000E+01 6.978003E+01
1.560000E+01 6.983070E+01
1.561000E+01 6.973719E+01
1.562000E+01 6.982981E+01
1.563000E+01 6.976750E+01
1.564000E+01 6.984634E+01
1.565000E+01 6.972287E+01
1.566000E+01 6.981820E+01
1.567000E+01 6.980624E+01
1.568000E+01 6.980747E+01
1.569000E+01 6.980731E+01
1.570000E+01 6.982596E+01
1.571000E+01 6.983756E+01
1.572000E+01 6.983618E+01
1.573000E+01 6.984832E+01
1.574000E+01 6.981288E+01
1.575000E+01 6.986685E+01
1.576000E+01 6.982096E+01
1.577000E+01 6.987508E+01
1.578000E+01 6.980520E+01
1.579000E+01 6.987966E+01
1.580000E+01 6.980944E+01
1.581000E+01 6.983269E+01
1.582000E+01 6.985403E+01
1.583000E+01 6.984500E+01
1.584000E+01 6.980816E+01
1.585000E+01 6.980102E+01
1.586000E+01 6.982340E+01
1.587000E+01 6.979397E+01
1.588000E+01 6.982347E+01
1.589000E+01 6.974780E+01
1.590000E+01 6.981683E+01
1.591000E+01 6.971722E+01
1.592000E+01 6.978968E+01
1.593000E+01 6.975214E+01
1.594000E+01 6.971307E+01
1.595000E+01 6.975227E+01
1.596000E+01 6.977662E+01
1.597000E+01 6.970619E+01
1.598000E+01 6.979147E+01
1.599000E+01 6.970486E+01
1.600000E+01 6.979369E+01
1.601000E+01 6.978915E+01
1.602000E+01 6.972427E+01
1.603000E+01 6.980992E+01
1.604000E+01 6.978451E+01
1.605000E+01 6.973492E+01
1.606000E+01 6.979879E+01
1.607000E+01 6.979303E+01
1.608000E+01 6.974545E+01
1.609000E+01 6.977446E+01
1.610000E+01 6.975975E+01
1.611000E+01 6.982219E+01
1.612000E+01 6.970768E+01
1.613000E+01 6.983855E+01
1.614000E+01 6.972757E+01
1.615000E+01 6.981645E+01
1.616000E+01 6.976218E+01
1.617000E+01 6.980005E+01
1.618000E+01 6.978322E+01
1.619000E+01 6.972494E+01
1.620000E+01 6.979587E+01
1.621000E+01 6.975569E+01
1.622000E+01 6.975393E+01
1.623000E+01 6.978102E+01
1.624000E+01 6.973176E+01
1.625000E+01 6.982444E+01
1.626000E+01 6.973651E+01
1.627000E+01 6.981185E+01
1.628000E+01 6.974374E+01
1.629000E+01 6.982528E+01
1.630000E+01 6.978789E+01
1.631000E+01 6.978283E+01
1.632000E+01 6.984259E+01
1.633000E+01 6.980006E+01
1.634000E+01 6.977618E+01
1.635000E+01 6.980126E+01
1.636000E+01 6.980519E+01
1.637000E+01 6.984273E+01
1.638000E+01 6.978265E+01
1.639000E+01 6.985509E+01
1.640000E+01 6.983687E+01
1.641000E+01 6.980732E+01
1.642000E+01 6.989769E+01
1.643000E+01 6.983877E+01
1.644000E+01 6.981563E+01
1.645000E+01 6.992565E+01
1.646000E+01 6.986833E+01
1.647000E+01 6.989673E+01
1.648000E+01 6.993232E+01
1.649000E+01 6.987799E+01
1.650000E+01 6.988727E+01
1.651000E+01 6.991492E+01
1.652000E+01 6.990847E+01
1.653000E+01 6.993471E+01
1.654000E+01 6.987112E+01
1.655000E+01 6.992406E+01
1.656000E+01 6.989721E+01
1.657000E+01 6.992752E+01
1.658000E+01 6.991268E+01
1.659000E+01 6.989356E+01
1.660000E+01 6.996674E+01
1.661000E+01 6.988591E+01
1.662000E+01 6.992218E+01
1.663000E+01 6.988550E+01
1.664000E+01 6.988905E+01
1.665000E+01 6.993017E+01
1.666000E+01 6.984696E+01
1.667000E+01 6.989715E+01
1.668000E+01 6.990225E+01
1.669000E+01 6.990452E+01
1.670000E+01 6.983715E+01
1.671000E+01 6.991793E+01
1.672000E+01 6.983614E+01
1.673000E+01 6.989732E+01
1.674000E+01 6.984669E+01
1.675000E+01 6.986252E+01
1.676000E+01 6.987110E+01
1.677000E+01 6.985563E+01
1.678000E+01 6.985465E+01
1.679000E+01 6.983942E+01
1.680000E+01 6.987143E+01
1.681000E+01 6.981211E+01
1.682000E+01 6.986578E+01
1.683000E+01 6.982127E+01
1.684000E+01 6.981656E+01
1.685000E+01 6.986845E+01
1.686000E+01 6.977217E+01
1.687000E+01 6.987252E+01
1.688000E+01 6.978645E+01
1.689000E+01 6.979701E+01
1.690000E+01 6.978192E+01
1.691000E+01 6.983500E+01
1.692000E+01 6.978357E+01
1.693000E+01 6.984948E+01
1.694000E+01 6.977309E+01
1.695000E+01 6.984634E+01
1.696000E+01 6.979452E+01
1.697000E+01 6.985989E+01
1.698000E+01 6.981823E+01
1.699000E+01 6.986927E+01
1.700000E+01 6.982847E+01
1.701000E+01 6.983919E+01
1.702000E+01 6.984400E+01
1.703000E+01 6.981595E+01
1.704000E+01 6.982058E+01
1.705000E+01 6.980062E+01
1.706000E+01 6.983988E+01
1.707000E+01 6.976401E+01
1.708000E+01 6.983387E+01
1.709000E+01 6.977158E+01
1.710000E+01 6.974853E+01
1.711000E+01 6.982444E+01
1.712000E+01 6.976937E+01
1.713000E+01 6.984113E+01
1.714000E+01 6.974561E+01
1.715000E+01 6.982007E+01
1.716000E+01 6.976833E+01
1.717000E+01 6.982037E+01
1.718000E+01 6.976819E+01
1.719000E+01 6.981371E+01
1.720000E+01 6.976267E+01
1.721000E+01 6.977757E+01
1.722000E+01 6.980055E+01
1.723000E+01 6.977685E+01
1.724000E+01 6.976341E+01
1.725000E+01 6.979637E+01
1.726000E+01 6.981714E+01
1.727000E+01 6.978737E+01
1.728000E+01 6.977807E+01
1.729000E+01 6.985980E+01
1.730000E+01 6.977012E+01
1.731000E+01 6.981061E+01
1.732000E+01 6.976555E+01
1.733000E+01 6.982177E+01
1.734000E+01 6.977878E+01
1.735000E+01 6.975226E+01
1.736000E+01 6.981229E+01
1.737000E+01 6.976095E+01
1.738000E+01 6.980050E+01
1.739000E+01 6.974024E+01
1.740000E+01 6.981284E+01
1.741000E+01 6.979767E+01
1.742000E+01 6.977016E+01
1.743000E+01 6.981073E+01
1.744000E+01 6.978563E+01
1.745000E+01 6.984508E+01
1.746000E+01 6.977055E+01
1.747000E+01 6.980341E+01
1.748000E+01 6.980773E+01
1.749000E+01 6.978510E+01
1.750000E+01 6.980005E+01
1.751000E+01 6.977384E+01
1.752000E+01 6.979096E+01
1.753000E+01 6.978342E+01
1.754000E+01 6.976855E+01
1.755000E+01 6.979947E+01
1.756000E+01 6.979223E+01
1.757000E+01 6.975299E+01
1.758000E+01 6.978418E+01
1.759000E+01 6.976777E+01
1.760000E+01 6.979193E+01
1.761000E+01 6.980061E+01
1.762000E+01 6.979135E+01
1.763000E+01 6.975052E+01
1.764000E+01 6.978289E+01
1.765000E+01 6.978317E+01
1.766000E+01 6.973558E+01
1.767000E+01 6.974928E+01
1.768000E+01 6.978260E+01
1.769000E+01 6.971063E+01
1.770000E+01 6.973551E+01
1.771000E+01 6.970700E+01
1.772000E+01 6.971287E+01
1.773000E+01 6.972959E+01
1.774000E+01 6.970392E+01
1.775000E+01 6.969344E+01
1.776000E+01 6.973982E+01
1.777000E+01 6.964842E+01
1.778000E+01 6.970508E+01
1.779000E+01 6.970282E+01
1.780000E+01 6.971237E+01
1.781000E+01 6.969072E+01
1.782000E+01 6.970899E+01
1.783000E+01 6.974843E+01
1.784000E+01 6.970765E+01
1.785000E+01 6.973174E+01
1.786000E+01 6.973199E+01
1.787000E+01 6.971295E+01
1.788000E+01 6.977202E+01
1.789000E+01 6.970328E+01
1.790000E+01 6.975154E+01
1.791000E+01 6.975078E+01
1.792000E+01 6.975585E+01
1.793000E+01 6.975560E+01
1.794000E+01 6.973538E+01
1.795000E+01 6.973146E+01
1.796000E+01 6.970445E+01
1.797000E+01 6.976937E+01
1.798000E+01 6.971895E+01
1.799000E+01 6.972123E+01
1.800000E+01 6.978800E+01
1.801000E+01 6.972021E+01
1.802000E+01 6.973689E+01
1.803000E+01 6.975526E+01
1.804000E+01 6.977713E+01
1.805000E+01 6.976105E+01
1.806000E+01 6.977716E+01
1.807000E+01 6.973152E+01
1.808000E+01 6.978011E+01
1.809000E+01 6.975560E+01
1.810000E+01 6.979242E+01
1.811000E+01 6.978071E+01
1.812000E+01 6.976881E+01
1.813000E+01 6.980433E+01
1.814000E+01 6.977813E+01
1.815000E+01 6.976983E+01
1.816000E+01 6.977892E+01
1.817000E+01 6.978115E+01
1.818000E+01 6.973758E+01
1.819000E+01 6.977277E+01
1.820000E+01 6.977006E+01
1.821000E+01 6.969991E+01
1.822000E+01 6.976053E+01
1.823000E+01 6.975147E+01
1.824000E+01 6.973965E+01
1.825000E+01 6.971234E+01
1.826000E+01 6.971403E+01
1.827000E+01 6.973916E+01
1.828000E+01 6.976126E+01
1.829000E+01 6.971456E+01
1.830000E+01 6.980009E+01
1.831000E+01 6.976918E+01
1.832000E+01 6.975919E+01
1.833000E+01 6.978097E+01
1.834000E+01 6.979056E+01
1.835000E+01 6.977998E+01
1.836000E+01 6.979063E+01
1.837000E+01 6.979821E+01
1.838000E+01 6.979155E+01
1.839000E+01 6.979775E+01
1.840000E+01 6.981203E+01
1.841000E+01 6.979052E+01
1.842000E+01 6.976728E+01
1.843000E+01 6.976787E+01
1.844000E+01 6.979447E+01
1.845000E+01 6.978166E+01
1.846000E+01 6.975861E+01
1.847000E+01 6.982624E+01
1.848000E+01 6.975557E+01
1.849000E+01 6.980396E+01
1.850000E+01 6.978327E+01
1.851000E+01 6.977816E+01
1.852000E+01 6.979178E+01
1.853000E+01 6.977488E+01
1.854000E+01 6.980208E+01
1.855000E+01 6.975901E+01
1.856000E+01 6.978175E+01
1.857000E+01 6.979527E+01
1.858000E+01 6.977820E+01
1.859000E+01 6.976452E+01
1.860000E+01 6.978780E+01
1.861000E+01 6.974158E+01
1.862000E+01 6.978413E+01
1.863000E+01 6.975297E+01
1.864000E+01 6.980972E+01
1.865000E+01 6.972892E+01
1.866000E+01 6.978825E+01
1.867000E+01 6.975316E+01
1.868000E+01 6.979357E+01
1.869000E+01 6.975805E+01
1.870000E+01 6.975885E+01
1.871000E+01 6.978168E+01
1.872000E+01 6.976879E+01
1.873000E+01 6.978481E+01
1.874000E+01 6.973848E+01
1.875000E+01 6.981391E+01
1.876000E+01 6.973540E+01
1.877000E+01 6.978914E+01
1.878000E+01 6.974017E+01
1.879000E+01 6.976219E+01
1.880000E+01 6.979242E+01
1.881000E+01 6.975909E+01
1.882000E+01 6.980616E+01
1.883000E+01 6.976003E+01
1.884000E+01 6.976752E+01
1.885000E+01 6.978134E+01
1.886000E+01 6.976100E+01
1.887000E+01 6.979322E+01
1.888000E+01 6.978286E+01
1.889000E+01 6.975685E+01
1.890000E+01 6.976285E+01
1.891000E+01 6.979303E+01
1.892000E+01 6.976992E+01
1.893000E+01 6.982788E+01
1.894000E+01 6.974529E+01
1.895000E+01 6.982256E+01
1.896000E+01 6.978297E+01
1.897000E+01 6.983617E+01
1.898000E+01 6.984052E+01
1.899000E+01 6.979118E+01
1.900000E+01 6.982560E+01
1.901000E+01 6.986170E+01
1.902000E+01 6.984543E+01
1.903000E+01 6.984667E+01
1.904000E+01 6.987291E+01
1.905000E+01 6.986196E+01
1.906000E+01 6.989249E+01
1.907000E+01 6.985827E+01
1.908000E+01 6.992465E+01
1.909000E+01 6.991701E+01
1.910000E+01 6.989384E+01
1.911000E+01 6.992241E+01
1.912000E+01 6.994198E+01
1.913000E+01 6.993786E+01
1.914000E+01 6.994052E+01
1.915000E+01 6.991825E+01
1.916000E+01 6.995534E+01
1.917000E+01 6.991913E+01
1.918000E+01 6.996102E+01
1.919000E+01 6.994099E+01
1.920000E+01 6.991661E+01
1.921000E+01 6.994989E+01
1.922000E+01 6.989239E+01
1.923000E+01 6.992174E+01
1.924000E+01 6.987848E+01
1.925000E+01 6.993658E+01
1.926000E+01 6.991931E+01
1.927000E+01 6.988618E+01
1.928000E+01 6.989463E+01
1.929000E+01 6.991843E+01
1.930000E+01 6.985886E+01
1.931000E+01 6.991581E+01
1.932000E+01 6.987749E+01
1.933000E+01 6.989267E+01
1.934000E+01 6.988216E+01
1.935000E+01 6.986640E+01
1.936000E+01 6.982712E+01
1.937000E+01 6.988569E+01
1.938000E+01 6.984027E+01
1.939000E+01 6.979778E+01
1.940000E+01 6.986209E+01
1.941000E+01 6.984166E+01
1.942000E+01 6.980861E+01
1.943000E+01 6.989277E+01
1.944000E+01 6.982388E+01
1.945000E+01 6.984791E+01
1.946000E+01 6.985324E+01
1.947000E+01 6.983908E+01
1.948000E+01 6.981266E+01
1.949000E+01 6.982882E+01
1.950000E+01 6.983390E+01
1.951000E+01 6.979095E+01
1.952000E+01 6.982958E+01
1.953000E+01 6.979097E+01
1.954000E+01 6.979218E+01
1.955000E+01 6.979789E+01
1.956000E+01 6.980886E+01
1.957000E+01 6.981675E+01
1.958000E+01 6.974789E+01
1.959000E+01 6.983432E+01
1.960000E+01 6.976032E+01
1.961000E+01 6.981029E+01
1.962000E+01 6.976426E+01
1.963000E+01 6.980494E+01
1.964000E+01 6.974411E+01
1.965000E+01 6.982691E+01
1.966000E+01 6.977895E+01
1.967000E+01 6.981692E+01
1.968000E+01 6.976743E+01
1.969000E+01 6.979988E+01
1.970000E+01 6.985953E+01
1.971000E+01 6.976483E+01
1.972000E+01 6.986183E+01
1.973000E+01 6.981606E+01
1.974000E+01 6.982781E+01
1.975000E+01 6.980607E+01
1.976000E+01 6.983377E+01
1.977000E+01 6.982508E+01
1.978000E+01 6.981599E+01
1.979000E+01 6.984153E+01
1.980000E+01 6.978899E+01
1.981000E+01 6.981925E+01
1.982000E+01 6.985419E+01
1.983000E+01 6.979994E+01
1.984000E+01 6.979763E+01
1.985000E+01 6.981786E+01
1.986000E+01 6.982025E+01
1.987000E+01 6.983252E+01
1.988000E+01 6.980448E+01
1.989000E+01 6.979462E+01
1.990000E+01 6.983425E+01
1.991000E+01 6.978694E+01
1.992000E+01 6.983453E+01
1.993000E+01 6.976838E+01
1.994000E+01 6.981334E+01
1.995000E+01 6.979320E+01
1.996000E+01 6.980515E+01
1.997000E+01 6.981710E+01
1.998000E+01 6.983905E+01
1.999000E+01 6.978580E+01
2.000000E+01 6.984001E+01
