amber                                                                           
         2         2        60  -59489.6832876    
     25.196959335562      0.000000000000      0.000000000000
      0.000000000000     25.196959335562      0.000000000000
      0.000000000000      0.000000000000     25.196959335562
OW               1
     9.449232070         5.981474032         2.432278392    
   2.59777975617      -4.95712721506       9.63446629907    
   4288.13377033       2540.09013976      -8558.43160116    
HW               2
     8.570029529         6.063595008         2.782648251    
   6.71549906291      -14.4352895345       22.1888145245    
  -3881.92991657      -1231.37547641       5815.73308682    
HW               3
     9.931140562         5.493086789         3.089349238    
   11.6205301473      -18.4184470760      -6.98851583573    
  -962.790947165      -230.753707672       2852.94306270    
OW               4
     8.853565788         12.24820812       -0.8550737852    
   1.91286820805       2.68487605043       2.19171643551    
  -4302.91726129       3784.44780096      -2348.35711634    
HW               5
     9.498557100         12.05706408       -0.1842905398    
   4.91205757410       13.8234685931       2.48186156802    
   2661.66417461      -3398.38581061       4368.41909134    
HW               6
     8.924813915         11.53253275        -1.475744763    
   16.0577824323       5.04284239716       1.09654715398    
   895.611135950      -1153.96482205       539.795166333    
OW               7
     9.838132162         11.27674883         1.766214487    
 -0.335517046414       3.32268088810       2.43150091041    
   991.718201295       12184.4379775      -9489.76697864    
HW               8
     9.878986335         10.36211373         2.019736823    
   13.0627401779       6.66686789907       12.3372793501    
  -274.983738857      -8612.47520044       5760.43375732    
HW               9
     9.925032363         11.76123823         2.578752711    
  -11.4910349070       13.3433780097      -2.35043391586    
  -385.845844038      -1975.99642664       1573.78037285    
OW              10
     9.983394377         8.805261672         2.836687555    
   1.15374599148      -3.67946782080       2.70428325783    
   3530.84062644       8961.29464288      -5312.55492846    
HW              11
     9.781362747         8.812181127         3.764930702    
  -4.53100127872      -6.47141569789       1.48781319562    
  -1197.04054806      -5203.92989678       4495.16743936    
HW              12
     9.690471827         7.956041404         2.527622341    
  -2.17858983960     -0.527647279875      -2.79770628973    
  -1128.97834563      -6384.37457818       1638.94576721    
OW              13
     9.153828833         6.102594649       -0.7844671514    
   3.84528895216     -0.747975758288E-01  0.303268253038E-01
  -4408.66759068       1537.14457535      -4876.09412719    
HW              14
     9.757065009         6.604115288       -0.2486657281    
   14.5936812979      -25.0448972788       11.3016691359    
   2606.14209020      -366.843900919       3538.75578985    
HW              15
     8.990170872         5.307118829       -0.2915835116    
   2.80393533795      -16.7963751221      -27.3027703614    
   1393.28714971      -386.871399023       2826.80560374    
OW              16
     2.253911053         11.97043021       -0.3455398786    
  -3.73292969902      0.931166576001      -5.73141832884    
   1075.60519149       5489.05009151       5839.69697385    
HW              17
     2.460547615         11.30733957       -0.9937004591    
  -4.00465760305       15.4762163953      -20.6981342187    
  -1897.40207222      -5039.01003027      -4789.42739696    
HW              18
     1.557498652         12.48616983       -0.7347986553    
   12.2619613124       24.1722101412      -3.55475136610    
  -693.674319732      -1390.76433647      -1591.78683907    
OW              19
     11.61932856         7.293389154        -2.920669319    
  -3.12132145342       2.69433894954      -1.42405957679    
   4934.16603529      -2707.42044488      -8251.09421090    
HW              20
     11.50279729         7.718393316        -2.079068509    
  -13.7739778574       38.5695371282      -21.0158612436    
  -415.633414393       4299.93629098       7270.06287941    
HW              21
     12.45818615         7.605116335        -3.239486023    
   2.35356282610      -13.3158166075      -2.67290381571    
   833.048432255       736.266384844       1558.57945738    
OW              22
     4.477092767         9.138214430        -4.032471301    
  -3.18618842121      -4.09770199826      -3.14540896513    
  -8615.42686425       3128.98696119       7928.02861363    
HW              23
     4.202032773         9.672607808        -4.768178931    
  -24.4198574909      -7.54042932794       2.29256941368    
   1846.44730210      -57.3149528130      -2461.26553831    
HW              24
     5.117698007         8.535844694        -4.392020492    
  -5.87434528018       1.12074198323      -16.6775770894    
   6972.41064682      -4138.08674729      -3720.43477019    
OW              25
     7.199837827        -11.68332812         1.184799812    
   1.36702249868       4.38207870847      0.425453093432    
  -6314.52179125       1907.00774982       5460.33746308    
HW              26
     7.554245766        -12.40943302        0.6851332301    
   15.4391664168      -3.33281619902       21.6177898977    
   4339.70659795      -1010.30714757      -4519.73943842    
HW              27
     7.766360423        -10.94744326        0.9847357900    
   9.16934175047      0.396403175982       7.85903289464    
   1205.05166418      -1347.04956669      -1869.02077639    
OW              28
     9.095567482         6.948775210        -3.387708001    
  -2.69657720928      -2.19200948111     -0.872897420301    
  -21906.6761273       2598.37497530      -14424.2504560    
HW              29
     9.036801614         6.751325308        -2.460313745    
   3.62250312529       7.90857388947       1.67801922424    
   4727.73094147      -3823.41820535       7999.26720062    
HW              30
     10.00781587         7.169377166        -3.534805403    
  -8.34928481879       18.3894625373      -5.06304921590    
   10067.1558779      -924.874580717       4813.73663303    
OW              31
     7.613939812         9.250157132        0.3488532759    
 -0.315401614588      0.602928616068      -1.11170383086    
   10125.5541435      -2208.02883300       4477.94233483    
HW              32
     7.091803561         9.976448674        0.6688131661    
 -0.763157457641E-01   7.75260880103      -16.9509292971    
  -2302.20689828       2063.35677421      -564.510938941    
HW              33
     7.154863432         8.938157017       -0.4221232464    
   13.2810804904      0.298642845994      -9.08456215369    
  -7107.79017215      -54.1218958242      -4706.19766630    
OW              34
     6.599289890         7.335487585        -4.585686942    
  -2.06882867684     -0.534769047738      -2.96703643188    
  -13238.8921160       4573.25931685      -1880.74347602    
HW              35
     6.540438242         6.653968463        -5.244904789    
  -3.83223309050     -0.446149913869      -2.90122568106    
   3226.99925319      -1684.76320505       78.2908632969    
HW              36
     7.489821115         7.285054945        -4.258714958    
  -2.53259187749      -3.54636706805      -2.16845800863    
   9834.82628026      -2682.88282679       2515.96966465    
OW              37
     2.282271218         9.623819081        -2.176970129    
   1.66995914689       4.67405664535      0.457655724361    
  -3716.15402806       5588.85091549       3043.08612808    
HW              38
     2.945079633         9.565690670        -2.855060161    
  0.563401882754       6.26004808743     -0.759920985239    
   4573.37772927      -2646.45604307      -3154.12234806    
HW              39
     2.318269825         8.788612378        -1.725712048    
  -35.2106581257      -16.9178289600      -36.5633692800    
   838.143455862      -1626.00267787       761.431695037    
OW              40
     5.856179433         8.253239363        -1.529216890    
  -3.18137065572      -4.74082583136      -3.51102357763    
   2828.68605807       3213.43097777       5924.94639187    
HW              41
     6.467060392         7.615293643        -1.879002126    
   4.46216112283       10.7002509310      -18.3237723208    
   135.814197472      -2731.50699135      -4308.01387812    
HW              42
     5.181565544         8.337237746        -2.192798358    
  -18.9858408028      -18.3795842858       10.8297648041    
  -620.080965112      -127.658147725      -6845.17041235    
OW              43
     4.103418144         8.831812784        0.4764593523    
   6.20113285350      -6.46853133692       2.02364105749    
  -6133.09069220      -11241.9997461       5064.76970810    
HW              44
     4.257635311         9.650669475        0.9327386354    
   5.90396777825      -2.82261217890      -4.41903002174    
   1451.43389695       8721.31404182      -507.494250619    
HW              45
     4.510889806         8.943908158       -0.3743646388    
  -10.5151166590      -5.94341642971      -5.91282416653    
   4543.38317749       1239.16439014      -1593.20922570    
OW              46
     9.434545093         7.475479581         5.511740019    
   3.43856804938      0.603762031674      -2.33561146654    
   4687.57960578       3749.65083055      -1437.57329515    
HW              47
     8.551083251         7.135951242         5.429790776    
   5.19869864318      -6.04917130664       6.25325606377    
  -4313.30706426      -2931.89631882      -1270.43671501    
HW              48
     9.613915356         7.471552326         6.444644557    
   24.2974895964      -28.0685752111      -6.46687428542    
  -939.827447974      -619.876161585       540.136919216    
OW              49
     6.429988244         7.366819944         2.185541888    
  -7.48614255407      -2.90759650017       1.77518805579    
  -1139.59312782      -5620.48615485       4565.77068709    
HW              50
     5.629026415         7.776277312         1.880083526    
  -8.46608470738      -4.42138157114       2.31557532122    
  -3037.27570065       3062.60528557      -4543.19096393    
HW              51
     7.060934247         7.511924443         1.490306806    
  -14.3426858244      -20.7809763878      -8.17772798450    
   711.406138012       5232.92985748      -5059.17098631    
OW              52
     4.585512404         11.47784227        0.9933188195    
   2.70948515154       4.69212010981      -1.34279107637    
   9411.81183193      -8223.35020889       4208.42406286    
HW              53
     5.057765146         12.26790091         1.228445810    
  -2.27832300061       2.60836803258       15.6769154967    
   646.561052084       4096.64521365       134.143353330    
HW              54
     3.706758177         11.77038576        0.7818730627    
 -0.966323478516       2.87145269486       11.4146556293    
  -7204.70857372       4327.32754018      -3666.59950530    
OW              55
     10.93477667         8.638737005       -0.5444906689    
  0.772765315971       3.88926237010       5.16447308777    
   3542.58897815      -4223.19960444      -4914.76231773    
HW              56
     10.00749575         8.783929732       -0.3976262201    
  0.438565613107       2.61873730361       4.31044742377    
  -3704.55707506       2767.05357658       2968.40657913    
HW              57
     11.36932720         9.071132499        0.1812503062    
 -0.548044671665       3.42968426315       6.22914796902    
  -1224.19495747       1760.81542626       3202.98128170    
OW              58
     7.177363026         5.982820325         4.212060533    
   1.65317363024       1.95862276262     -0.723630979622    
   10848.9779840      -8875.06263685       15069.4119086    
HW              59
     6.743350637         6.447803370         3.506423224    
  -2.14446405924       3.49467720834       2.62435112038    
  -6340.80699100       6971.12460483      -8893.56301130    
HW              60
     6.625092698         5.229794402         4.386558203    
  -11.2459987303       15.8846254725       18.5477488871    
  -2366.88902882       345.942341546      -1279.21676740    
