amber                                                                           
         2       128
OW      
 -6.350000E+00  1.328231E-04
 -6.250000E+00  1.788311E-04
 -6.150000E+00  1.596278E-04
 -6.050000E+00  2.200383E-04
 -5.950000E+00  1.432249E-04
 -5.850000E+00  2.328405E-04
 -5.750000E+00  3.688642E-04
 -5.650000E+00  4.376762E-04
 -5.550000E+00  5.392938E-04
 -5.450000E+00  2.636459E-04
 -5.350000E+00  2.572448E-04
 -5.250000E+00  2.220386E-04
 -5.150000E+00  2.204384E-04
 -5.050000E+00  2.240390E-04
 -4.950000E+00  2.752479E-04
 -4.850000E+00  3.128544E-04
 -4.750000E+00  3.536615E-04
 -4.650000E+00  4.192730E-04
 -4.550000E+00  4.476779E-04
 -4.450000E+00  3.560620E-04
 -4.350000E+00  3.924683E-04
 -4.250000E+00  3.548617E-04
 -4.150000E+00  4.524787E-04
 -4.050000E+00  5.724996E-04
 -3.950000E+00  8.281441E-04
 -3.850000E+00  1.139398E-03
 -3.750000E+00  1.166603E-03
 -3.650000E+00  1.289824E-03
 -3.550000E+00  1.410245E-03
 -3.450000E+00  1.218612E-03
 -3.350000E+00  1.008175E-03
 -3.250000E+00  9.837712E-04
 -3.150000E+00  9.929728E-04
 -3.050000E+00  1.101792E-03
 -2.950000E+00  1.074187E-03
 -2.850000E+00  1.140598E-03
 -2.750000E+00  1.267821E-03
 -2.650000E+00  1.222213E-03
 -2.550000E+00  1.515464E-03
 -2.450000E+00  1.630684E-03
 -2.350000E+00  1.398643E-03
 -2.250000E+00  1.290225E-03
 -2.150000E+00  1.519464E-03
 -2.050000E+00  1.429449E-03
 -1.950000E+00  1.598278E-03
 -1.850000E+00  1.424248E-03
 -1.750000E+00  1.709097E-03
 -1.650000E+00  2.130771E-03
 -1.550000E+00  1.801513E-03
 -1.450000E+00  1.909132E-03
 -1.350000E+00  2.003549E-03
 -1.250000E+00  1.988346E-03
 -1.150000E+00  2.112768E-03
 -1.050000E+00  2.439224E-03
 -9.500000E-01  2.406419E-03
 -8.500000E-01  2.554444E-03
 -7.500000E-01  2.595652E-03
 -6.500000E-01  2.483632E-03
 -5.500000E-01  2.281197E-03
 -4.500000E-01  2.383215E-03
 -3.500000E-01  2.846095E-03
 -2.500000E-01  2.843695E-03
 -1.500000E-01  2.758880E-03
 -5.000000E-02  2.708871E-03
  5.000000E-02  2.698069E-03
  1.500000E-01  2.656062E-03
  2.500000E-01  3.052931E-03
  3.500000E-01  3.016925E-03
  4.500000E-01  2.568047E-03
  5.500000E-01  2.593651E-03
  6.500000E-01  2.254792E-03
  7.500000E-01  2.375613E-03
  8.500000E-01  1.998348E-03
  9.500000E-01  2.030753E-03
  1.050000E+00  1.967542E-03
  1.150000E+00  2.089564E-03
  1.250000E+00  1.917934E-03
  1.350000E+00  2.220786E-03
  1.450000E+00  2.028753E-03
  1.550000E+00  2.104366E-03
  1.650000E+00  1.949139E-03
  1.750000E+00  1.907132E-03
  1.850000E+00  1.984345E-03
  1.950000E+00  1.850722E-03
  2.050000E+00  2.110367E-03
  2.150000E+00  2.372813E-03
  2.250000E+00  1.789511E-03
  2.350000E+00  1.722700E-03
  2.450000E+00  1.583075E-03
  2.550000E+00  1.616281E-03
  2.650000E+00  1.493460E-03
  2.750000E+00  1.695495E-03
  2.850000E+00  1.617081E-03
  2.950000E+00  1.596278E-03
  3.050000E+00  1.544269E-03
  3.150000E+00  1.351035E-03
  3.250000E+00  1.337033E-03
  3.350000E+00  1.055784E-03
  3.450000E+00  1.002574E-03
  3.550000E+00  1.001374E-03
  3.650000E+00  9.669683E-04
  3.750000E+00  1.006975E-03
  3.850000E+00  9.525658E-04
  3.950000E+00  8.829536E-04
  4.050000E+00  7.817360E-04
  4.150000E+00  8.381458E-04
  4.250000E+00  8.297444E-04
  4.350000E+00  8.405463E-04
  4.450000E+00  6.373109E-04
  4.550000E+00  4.896852E-04
  4.650000E+00  4.688816E-04
  4.750000E+00  4.396765E-04
  4.850000E+00  2.624457E-04
  4.950000E+00  1.920334E-04
  5.050000E+00  1.212211E-04
  5.150000E+00  1.552270E-04
  5.250000E+00  1.308228E-04
  5.350000E+00  1.008175E-04
  5.450000E+00  1.104192E-04
  5.550000E+00  1.224213E-04
  5.650000E+00  9.481650E-05
  5.750000E+00  1.028179E-04
  5.850000E+00  1.308228E-04
  5.950000E+00  1.368238E-04
  6.050000E+00  1.456253E-04
  6.150000E+00  7.841364E-05
  6.250000E+00  9.441643E-05
  6.350000E+00  1.596278E-04
HW      
 -6.350000E+00  3.200557E-04
 -6.250000E+00  3.756654E-04
 -6.150000E+00  3.904679E-04
 -6.050000E+00  3.188555E-04
 -5.950000E+00  4.196730E-04
 -5.850000E+00  4.212733E-04
 -5.750000E+00  5.376936E-04
 -5.650000E+00  5.965038E-04
 -5.550000E+00  5.941034E-04
 -5.450000E+00  6.429119E-04
 -5.350000E+00  6.025048E-04
 -5.250000E+00  6.013046E-04
 -5.150000E+00  5.977040E-04
 -5.050000E+00  7.201253E-04
 -4.950000E+00  7.581319E-04
 -4.850000E+00  6.841190E-04
 -4.750000E+00  8.673509E-04
 -4.650000E+00  1.098191E-03
 -4.550000E+00  1.071386E-03
 -4.450000E+00  1.106192E-03
 -4.350000E+00  1.240216E-03
 -4.250000E+00  1.340633E-03
 -4.150000E+00  1.239816E-03
 -4.050000E+00  1.489459E-03
 -3.950000E+00  1.505062E-03
 -3.850000E+00  1.603079E-03
 -3.750000E+00  1.455053E-03
 -3.650000E+00  1.599878E-03
 -3.550000E+00  1.909532E-03
 -3.450000E+00  2.135172E-03
 -3.350000E+00  2.091564E-03
 -3.250000E+00  2.492034E-03
 -3.150000E+00  2.642460E-03
 -3.050000E+00  2.694069E-03
 -2.950000E+00  2.611254E-03
 -2.850000E+00  2.574848E-03
 -2.750000E+00  2.475631E-03
 -2.650000E+00  2.454827E-03
 -2.550000E+00  2.473230E-03
 -2.450000E+00  2.454427E-03
 -2.350000E+00  2.649261E-03
 -2.250000E+00  2.949713E-03
 -2.150000E+00  2.919308E-03
 -2.050000E+00  3.103340E-03
 -1.950000E+00  3.175353E-03
 -1.850000E+00  3.208958E-03
 -1.750000E+00  3.466603E-03
 -1.650000E+00  3.503810E-03
 -1.550000E+00  4.107115E-03
 -1.450000E+00  4.007097E-03
 -1.350000E+00  3.948687E-03
 -1.250000E+00  4.275544E-03
 -1.150000E+00  4.245539E-03
 -1.050000E+00  4.461176E-03
 -9.500000E-01  4.652410E-03
 -8.500000E-01  4.573196E-03
 -7.500000E-01  4.717621E-03
 -6.500000E-01  5.166099E-03
 -5.500000E-01  4.984067E-03
 -4.500000E-01  4.822039E-03
 -3.500000E-01  5.026875E-03
 -2.500000E-01  5.087685E-03
 -1.500000E-01  5.260515E-03
 -5.000000E-02  5.648983E-03
  5.000000E-02  5.584172E-03
  1.500000E-01  5.589373E-03
  2.500000E-01  5.101288E-03
  3.500000E-01  4.875248E-03
  4.500000E-01  4.886050E-03
  5.500000E-01  4.742025E-03
  6.500000E-01  4.633606E-03
  7.500000E-01  5.052079E-03
  8.500000E-01  4.998070E-03
  9.500000E-01  4.935259E-03
  1.050000E+00  4.515186E-03
  1.150000E+00  4.102714E-03
  1.250000E+00  3.954688E-03
  1.350000E+00  4.046704E-03
  1.450000E+00  3.901479E-03
  1.550000E+00  3.893077E-03
  1.650000E+00  3.690642E-03
  1.750000E+00  3.843069E-03
  1.850000E+00  4.026701E-03
  1.950000E+00  3.958289E-03
  2.050000E+00  3.800661E-03
  2.150000E+00  3.662637E-03
  2.250000E+00  3.424596E-03
  2.350000E+00  3.565420E-03
  2.450000E+00  3.483406E-03
  2.550000E+00  3.300574E-03
  2.650000E+00  3.340181E-03
  2.750000E+00  3.468604E-03
  2.850000E+00  3.544217E-03
  2.950000E+00  3.589825E-03
  3.050000E+00  2.824892E-03
  3.150000E+00  2.785285E-03
  3.250000E+00  2.420421E-03
  3.350000E+00  2.219586E-03
  3.450000E+00  2.093564E-03
  3.550000E+00  1.905932E-03
  3.650000E+00  1.790712E-03
  3.750000E+00  1.881127E-03
  3.850000E+00  1.599878E-03
  3.950000E+00  1.434250E-03
  4.050000E+00  1.389442E-03
  4.150000E+00  1.297426E-03
  4.250000E+00  1.429849E-03
  4.350000E+00  1.347434E-03
  4.450000E+00  1.229814E-03
  4.550000E+00  1.098991E-03
  4.650000E+00  1.022978E-03
  4.750000E+00  1.023778E-03
  4.850000E+00  9.521657E-04
  4.950000E+00  8.125414E-04
  5.050000E+00  6.425118E-04
  5.150000E+00  4.808837E-04
  5.250000E+00  5.112890E-04
  5.350000E+00  4.708819E-04
  5.450000E+00  4.324753E-04
  5.550000E+00  3.576622E-04
  5.650000E+00  1.956340E-04
  5.750000E+00  2.040355E-04
  5.850000E+00  2.360411E-04
  5.950000E+00  2.200383E-04
  6.050000E+00  2.288398E-04
  6.150000E+00  2.308402E-04
  6.250000E+00  2.664464E-04
  6.350000E+00  2.196382E-04
