2.000000E-02 -1.734759E+02
4.000000E-02 -2.580621E+02
6.000000E-02 -3.355448E+02
8.000000E-02 -3.136608E+02
1.000000E-01 -3.936640E+02
1.200000E-01 -4.123317E+02
1.400000E-01 -4.447854E+02
1.600000E-01 -4.830400E+02
1.800000E-01 -5.063336E+02
2.000000E-01 -5.238310E+02
2.200000E-01 -5.639194E+02
2.400000E-01 -5.949999E+02
2.600000E-01 -6.136168E+02
2.800000E-01 -6.253228E+02
3.000000E-01 -6.483058E+02
3.200000E-01 -6.619377E+02
3.400000E-01 -6.770908E+02
3.600000E-01 -6.851377E+02
3.800000E-01 -6.945768E+02
4.000000E-01 -6.985178E+02
4.200000E-01 -7.063391E+02
4.400000E-01 -7.086327E+02
4.600000E-01 -7.102853E+02
4.800000E-01 -7.114206E+02
5.000000E-01 -7.122018E+02
5.200000E-01 -7.143845E+02
5.400000E-01 -7.155296E+02
5.600000E-01 -7.168148E+02
5.800000E-01 -7.179539E+02
6.000000E-01 -7.190992E+02
6.200000E-01 -7.196200E+02
6.400000E-01 -7.205345E+02
6.600000E-01 -7.214514E+02
6.800000E-01 -7.226803E+02
7.000000E-01 -7.231915E+02
7.200000E-01 -7.241897E+02
7.400000E-01 -7.252012E+02
7.600000E-01 -7.258106E+02
7.800000E-01 -7.267797E+02
8.000000E-01 -7.275417E+02
8.200000E-01 -7.282964E+02
8.400000E-01 -7.288433E+02
8.600000E-01 -7.294822E+02
8.800000E-01 -7.299735E+02
9.000000E-01 -7.306093E+02
9.200000E-01 -7.314444E+02
9.400000E-01 -7.322239E+02
9.600000E-01 -7.329695E+02
9.800000E-01 -7.332089E+02
1.000000E+00 -7.333545E+02
1.020000E+00 -7.339823E+02
1.040000E+00 -7.349975E+02
1.060000E+00 -7.361420E+02
1.080000E+00 -7.364050E+02
1.100000E+00 -7.357608E+02
1.120000E+00 -7.348770E+02
1.140000E+00 -7.343620E+02
1.160000E+00 -7.326906E+02
1.180000E+00 -7.308475E+02
1.200000E+00 -7.291597E+02
1.220000E+00 -7.279131E+02
1.240000E+00 -7.267323E+02
1.260000E+00 -7.246879E+02
1.280000E+00 -7.228168E+02
1.300000E+00 -7.235304E+02
1.320000E+00 -7.257482E+02
1.340000E+00 -7.267909E+02
1.360000E+00 -7.172083E+02
1.380000E+00 -7.189857E+02
1.400000E+00 -7.207708E+02
1.420000E+00 -7.132392E+02
1.440000E+00 -7.104549E+02
1.460000E+00 -6.934854E+02
1.480000E+00 -7.052436E+02
1.500000E+00 -7.117889E+02
1.520000E+00 -7.013388E+02
1.540000E+00 -6.971513E+02
1.560000E+00 -6.957060E+02
1.580000E+00 -6.986951E+02
1.600000E+00 -7.079904E+02
1.620000E+00 -7.023176E+02
1.640000E+00 -7.145263E+02
1.660000E+00 -7.099266E+02
1.680000E+00 -7.108229E+02
1.700000E+00 -7.130519E+02
1.720000E+00 -7.208609E+02
1.740000E+00 -7.321080E+02
1.760000E+00 -7.383627E+02
1.780000E+00 -7.350191E+02
1.800000E+00 -7.401341E+02
1.820000E+00 -7.398342E+02
1.840000E+00 -7.401831E+02
1.860000E+00 -7.423714E+02
1.880000E+00 -7.474076E+02
1.900000E+00 -7.457679E+02
1.920000E+00 -7.492649E+02
1.940000E+00 -7.484542E+02
1.960000E+00 -7.502419E+02
1.980000E+00 -7.469276E+02
2.000000E+00 -7.513129E+02
2.020000E+00 -7.528734E+02
2.040000E+00 -7.541025E+02
2.060000E+00 -7.534232E+02
2.080000E+00 -7.520821E+02
2.100000E+00 -7.504863E+02
2.120000E+00 -7.550094E+02
2.140000E+00 -7.559243E+02
2.160000E+00 -7.569692E+02
2.180000E+00 -7.548403E+02
2.200000E+00 -7.562359E+02
2.220000E+00 -7.572557E+02
2.240000E+00 -7.584150E+02
2.260000E+00 -7.505616E+02
2.280000E+00 -7.516765E+02
2.300000E+00 -7.424135E+02
2.320000E+00 -7.406347E+02
2.340000E+00 -7.389112E+02
2.360000E+00 -7.408813E+02
2.380000E+00 -7.397819E+02
2.400000E+00 -7.345934E+02
2.420000E+00 -7.288257E+02
2.440000E+00 -7.241021E+02
2.460000E+00 -7.157891E+02
2.480000E+00 -7.208721E+02
2.500000E+00 -7.199529E+02
2.520000E+00 -7.181068E+02
2.540000E+00 -7.081899E+02
2.560000E+00 -7.071033E+02
2.580000E+00 -7.083830E+02
2.600000E+00 -7.069445E+02
2.620000E+00 -6.984034E+02
2.640000E+00 -6.931827E+02
2.660000E+00 -6.859999E+02
2.680000E+00 -6.984733E+02
2.700000E+00 -6.998956E+02
2.720000E+00 -7.050708E+02
2.740000E+00 -6.978222E+02
2.760000E+00 -6.883118E+02
2.780000E+00 -6.855496E+02
2.800000E+00 -6.938958E+02
2.820000E+00 -6.959280E+02
2.840000E+00 -6.942481E+02
2.860000E+00 -6.918156E+02
2.880000E+00 -6.851754E+02
2.900000E+00 -6.949894E+02
2.920000E+00 -7.103698E+02
2.940000E+00 -7.191999E+02
2.960000E+00 -7.159021E+02
2.980000E+00 -7.323498E+02
3.000000E+00 -7.307170E+02
3.020000E+00 -7.317660E+02
3.040000E+00 -7.331525E+02
3.060000E+00 -7.417988E+02
3.080000E+00 -7.420015E+02
3.100000E+00 -7.397615E+02
3.120000E+00 -7.405346E+02
3.140000E+00 -7.464455E+02
3.160000E+00 -7.462918E+02
3.180000E+00 -7.486914E+02
3.200000E+00 -7.537835E+02
3.220000E+00 -7.547834E+02
3.240000E+00 -7.518958E+02
3.260000E+00 -7.514209E+02
3.280000E+00 -7.527035E+02
3.300000E+00 -7.562576E+02
3.320000E+00 -7.603370E+02
3.340000E+00 -7.582824E+02
3.360000E+00 -7.554555E+02
3.380000E+00 -7.574625E+02
3.400000E+00 -7.574948E+02
3.420000E+00 -7.550962E+02
3.440000E+00 -7.588232E+02
3.460000E+00 -7.564161E+02
3.480000E+00 -7.560851E+02
3.500000E+00 -7.546781E+02
3.520000E+00 -7.610371E+02
3.540000E+00 -7.574346E+02
3.560000E+00 -7.612394E+02
3.580000E+00 -7.539614E+02
3.600000E+00 -7.572265E+02
3.620000E+00 -7.529686E+02
3.640000E+00 -7.487561E+02
3.660000E+00 -7.486111E+02
3.680000E+00 -7.444210E+02
3.700000E+00 -7.394097E+02
3.720000E+00 -7.361578E+02
3.740000E+00 -7.391856E+02
3.760000E+00 -7.312164E+02
3.780000E+00 -7.275721E+02
3.800000E+00 -7.311646E+02
3.820000E+00 -7.231270E+02
3.840000E+00 -7.230687E+02
3.860000E+00 -7.136250E+02
3.880000E+00 -7.160312E+02
3.900000E+00 -7.046503E+02
3.920000E+00 -7.085060E+02
3.940000E+00 -7.031911E+02
3.960000E+00 -7.055899E+02
3.980000E+00 -6.948872E+02
4.000000E+00 -6.922576E+02
4.020000E+00 -6.866693E+02
4.040000E+00 -6.902369E+02
4.060000E+00 -6.904277E+02
4.080000E+00 -7.054629E+02
4.100000E+00 -7.055608E+02
4.120000E+00 -7.204509E+02
4.140000E+00 -7.220014E+02
4.160000E+00 -7.026899E+02
4.180000E+00 -7.040071E+02
4.200000E+00 -7.133101E+02
4.220000E+00 -7.201751E+02
4.240000E+00 -7.097720E+02
4.260000E+00 -7.076776E+02
4.280000E+00 -7.136533E+02
4.300000E+00 -7.228284E+02
4.320000E+00 -7.267688E+02
4.340000E+00 -7.281166E+02
4.360000E+00 -7.385258E+02
4.380000E+00 -7.354726E+02
4.400000E+00 -7.358040E+02
4.420000E+00 -7.382376E+02
4.440000E+00 -7.433773E+02
4.460000E+00 -7.428429E+02
4.480000E+00 -7.431333E+02
4.500000E+00 -7.459444E+02
4.520000E+00 -7.506260E+02
4.540000E+00 -7.536164E+02
4.560000E+00 -7.445763E+02
4.580000E+00 -7.485604E+02
4.600000E+00 -7.548760E+02
4.620000E+00 -7.640871E+02
4.640000E+00 -7.571398E+02
4.660000E+00 -7.553964E+02
4.680000E+00 -7.524761E+02
4.700000E+00 -7.606834E+02
4.720000E+00 -7.577147E+02
4.740000E+00 -7.513180E+02
4.760000E+00 -7.567573E+02
4.780000E+00 -7.590702E+02
4.800000E+00 -7.597479E+02
4.820000E+00 -7.555054E+02
4.840000E+00 -7.644138E+02
4.860000E+00 -7.616999E+02
4.880000E+00 -7.570364E+02
4.900000E+00 -7.603422E+02
4.920000E+00 -7.580543E+02
4.940000E+00 -7.513500E+02
4.960000E+00 -7.519969E+02
4.980000E+00 -7.507250E+02
5.000000E+00 -7.408749E+02
5.020000E+00 -7.429564E+02
5.040000E+00 -7.392245E+02
5.060000E+00 -7.400550E+02
5.080000E+00 -7.414650E+02
5.100000E+00 -7.317921E+02
5.120000E+00 -7.346140E+02
5.140000E+00 -7.358538E+02
5.160000E+00 -7.302757E+02
5.180000E+00 -7.293386E+02
5.200000E+00 -7.201449E+02
5.220000E+00 -7.180971E+02
5.240000E+00 -7.262187E+02
5.260000E+00 -7.253415E+02
5.280000E+00 -7.228007E+02
5.300000E+00 -7.179066E+02
5.320000E+00 -7.194035E+02
5.340000E+00 -7.193929E+02
5.360000E+00 -7.124162E+02
5.380000E+00 -7.136312E+02
5.400000E+00 -7.072308E+02
5.420000E+00 -7.171432E+02
5.440000E+00 -7.098206E+02
5.460000E+00 -7.138529E+02
5.480000E+00 -7.173007E+02
5.500000E+00 -7.117636E+02
5.520000E+00 -7.162800E+02
5.540000E+00 -7.120905E+02
5.560000E+00 -7.196872E+02
5.580000E+00 -7.295795E+02
5.600000E+00 -7.333702E+02
5.620000E+00 -7.175903E+02
5.640000E+00 -7.210710E+02
5.660000E+00 -7.339184E+02
5.680000E+00 -7.304446E+02
5.700000E+00 -7.262638E+02
5.720000E+00 -7.285750E+02
5.740000E+00 -7.290811E+02
5.760000E+00 -7.284164E+02
5.780000E+00 -7.317733E+02
5.800000E+00 -7.325544E+02
5.820000E+00 -7.360879E+02
5.840000E+00 -7.336021E+02
5.860000E+00 -7.364905E+02
5.880000E+00 -7.434752E+02
5.900000E+00 -7.402998E+02
5.920000E+00 -7.382689E+02
5.940000E+00 -7.421315E+02
5.960000E+00 -7.467013E+02
5.980000E+00 -7.413743E+02
6.000000E+00 -7.433417E+02
6.020000E+00 -7.449438E+02
6.040000E+00 -7.430709E+02
6.060000E+00 -7.415078E+02
6.080000E+00 -7.439671E+02
6.100000E+00 -7.431736E+02
6.120000E+00 -7.379473E+02
6.140000E+00 -7.377640E+02
6.160000E+00 -7.438767E+02
6.180000E+00 -7.373279E+02
6.200000E+00 -7.432754E+02
6.220000E+00 -7.431232E+02
6.240000E+00 -7.349377E+02
6.260000E+00 -7.399598E+02
6.280000E+00 -7.418074E+02
6.300000E+00 -7.334571E+02
6.320000E+00 -7.297951E+02
6.340000E+00 -7.449835E+02
6.360000E+00 -7.349469E+02
6.380000E+00 -7.310081E+02
6.400000E+00 -7.369189E+02
6.420000E+00 -7.293146E+02
6.440000E+00 -7.258989E+02
6.460000E+00 -7.283219E+02
6.480000E+00 -7.278617E+02
6.500000E+00 -7.242974E+02
6.520000E+00 -7.229396E+02
6.540000E+00 -7.194111E+02
6.560000E+00 -7.294574E+02
6.580000E+00 -7.238151E+02
6.600000E+00 -7.259565E+02
6.620000E+00 -7.251825E+02
6.640000E+00 -7.270602E+02
6.660000E+00 -7.350015E+02
6.680000E+00 -7.231702E+02
6.700000E+00 -7.358973E+02
6.720000E+00 -7.289442E+02
6.740000E+00 -7.217633E+02
6.760000E+00 -7.290354E+02
6.780000E+00 -7.366769E+02
6.800000E+00 -7.249519E+02
6.820000E+00 -7.251897E+02
6.840000E+00 -7.300218E+02
6.860000E+00 -7.366298E+02
6.880000E+00 -7.341042E+02
6.900000E+00 -7.277000E+02
6.920000E+00 -7.334218E+02
6.940000E+00 -7.317549E+02
6.960000E+00 -7.346367E+02
6.980000E+00 -7.432338E+02
7.000000E+00 -7.382262E+02
7.020000E+00 -7.465866E+02
7.040000E+00 -7.449463E+02
7.060000E+00 -7.461244E+02
7.080000E+00 -7.501072E+02
7.100000E+00 -7.434299E+02
7.120000E+00 -7.512679E+02
7.140000E+00 -7.577754E+02
7.160000E+00 -7.493555E+02
7.180000E+00 -7.430152E+02
7.200000E+00 -7.473517E+02
7.220000E+00 -7.482005E+02
7.240000E+00 -7.454121E+02
7.260000E+00 -7.439488E+02
7.280000E+00 -7.558231E+02
7.300000E+00 -7.533240E+02
7.320000E+00 -7.446809E+02
7.340000E+00 -7.474670E+02
7.360000E+00 -7.504925E+02
7.380000E+00 -7.533682E+02
7.400000E+00 -7.492194E+02
7.420000E+00 -7.456083E+02
7.440000E+00 -7.568558E+02
7.460000E+00 -7.548590E+02
7.480000E+00 -7.480048E+02
7.500000E+00 -7.456316E+02
7.520000E+00 -7.585809E+02
7.540000E+00 -7.519629E+02
7.560000E+00 -7.363296E+02
7.580000E+00 -7.479585E+02
7.600000E+00 -7.475271E+02
7.620000E+00 -7.393791E+02
7.640000E+00 -7.392399E+02
7.660000E+00 -7.365986E+02
7.680000E+00 -7.417639E+02
7.700000E+00 -7.387775E+02
7.720000E+00 -7.385344E+02
7.740000E+00 -7.305890E+02
7.760000E+00 -7.454866E+02
7.780000E+00 -7.355246E+02
7.800000E+00 -7.374647E+02
7.820000E+00 -7.325126E+02
7.840000E+00 -7.357343E+02
7.860000E+00 -7.316287E+02
7.880000E+00 -7.310201E+02
7.900000E+00 -7.309220E+02
7.920000E+00 -7.265865E+02
7.940000E+00 -7.279549E+02
7.960000E+00 -7.344210E+02
7.980000E+00 -7.379261E+02
8.000000E+00 -7.227377E+02
8.020000E+00 -7.333431E+02
8.040000E+00 -7.257717E+02
8.060000E+00 -7.339717E+02
8.080000E+00 -7.237753E+02
8.100000E+00 -7.281409E+02
8.120000E+00 -7.225490E+02
8.140000E+00 -7.206233E+02
8.160000E+00 -7.206938E+02
8.180000E+00 -7.247805E+02
8.200000E+00 -7.322637E+02
8.220000E+00 -7.219020E+02
8.240000E+00 -7.294721E+02
8.260000E+00 -7.404201E+02
8.280000E+00 -7.414839E+02
8.300000E+00 -7.371522E+02
8.320000E+00 -7.361295E+02
8.340000E+00 -7.427394E+02
8.360000E+00 -7.335916E+02
8.380000E+00 -7.367675E+02
8.400000E+00 -7.456357E+02
8.420000E+00 -7.469087E+02
8.440000E+00 -7.457427E+02
8.460000E+00 -7.399283E+02
8.480000E+00 -7.497853E+02
8.500000E+00 -7.500691E+02
8.520000E+00 -7.548351E+02
8.540000E+00 -7.520671E+02
8.560000E+00 -7.518094E+02
8.580000E+00 -7.476209E+02
8.600000E+00 -7.525375E+02
8.620000E+00 -7.543996E+02
8.640000E+00 -7.522733E+02
8.660000E+00 -7.539318E+02
8.680000E+00 -7.608920E+02
8.700000E+00 -7.564399E+02
8.720000E+00 -7.541926E+02
8.740000E+00 -7.561036E+02
8.760000E+00 -7.615617E+02
8.780000E+00 -7.612280E+02
8.800000E+00 -7.561353E+02
8.820000E+00 -7.581823E+02
8.840000E+00 -7.555829E+02
8.860000E+00 -7.595589E+02
8.880000E+00 -7.610279E+02
8.900000E+00 -7.649964E+02
8.920000E+00 -7.626364E+02
8.940000E+00 -7.564350E+02
8.960000E+00 -7.563978E+02
8.980000E+00 -7.627132E+02
9.000000E+00 -7.585785E+02
9.020000E+00 -7.532369E+02
9.040000E+00 -7.542667E+02
9.060000E+00 -7.496121E+02
9.080000E+00 -7.564986E+02
9.100000E+00 -7.503311E+02
9.120000E+00 -7.491478E+02
9.140000E+00 -7.555125E+02
9.160000E+00 -7.498871E+02
9.180000E+00 -7.519866E+02
9.200000E+00 -7.526153E+02
9.220000E+00 -7.483779E+02
9.240000E+00 -7.437013E+02
9.260000E+00 -7.426680E+02
9.280000E+00 -7.461497E+02
9.300000E+00 -7.387754E+02
9.320000E+00 -7.416159E+02
9.340000E+00 -7.458705E+02
9.360000E+00 -7.428032E+02
9.380000E+00 -7.346636E+02
9.400000E+00 -7.386031E+02
9.420000E+00 -7.374667E+02
9.440000E+00 -7.293110E+02
9.460000E+00 -7.335651E+02
9.480000E+00 -7.334646E+02
9.500000E+00 -7.298357E+02
9.520000E+00 -7.289058E+02
9.540000E+00 -7.358341E+02
9.560000E+00 -7.497230E+02
9.580000E+00 -7.395153E+02
9.600000E+00 -7.349301E+02
9.620000E+00 -7.441634E+02
9.640000E+00 -7.350695E+02
9.660000E+00 -7.376879E+02
9.680000E+00 -7.368358E+02
9.700000E+00 -7.451555E+02
9.720000E+00 -7.433883E+02
9.740000E+00 -7.536033E+02
9.760000E+00 -7.507217E+02
9.780000E+00 -7.494369E+02
9.800000E+00 -7.486731E+02
9.820000E+00 -7.620686E+02
9.840000E+00 -7.543245E+02
9.860000E+00 -7.545383E+02
9.880000E+00 -7.603459E+02
9.900000E+00 -7.560205E+02
9.920000E+00 -7.535903E+02
9.940000E+00 -7.583008E+02
9.960000E+00 -7.580266E+02
9.980000E+00 -7.540511E+02
1.000000E+01 -7.592641E+02
1.002000E+01 -7.657350E+02
1.004000E+01 -7.672762E+02
1.006000E+01 -7.584053E+02
1.008000E+01 -7.678236E+02
1.010000E+01 -7.682995E+02
1.012000E+01 -7.662572E+02
1.014000E+01 -7.665448E+02
1.016000E+01 -7.693775E+02
1.018000E+01 -7.667628E+02
1.020000E+01 -7.582971E+02
1.022000E+01 -7.616899E+02
1.024000E+01 -7.664298E+02
1.026000E+01 -7.597828E+02
1.028000E+01 -7.582371E+02
1.030000E+01 -7.639621E+02
1.032000E+01 -7.650381E+02
1.034000E+01 -7.604582E+02
1.036000E+01 -7.699826E+02
1.038000E+01 -7.628527E+02
1.040000E+01 -7.629012E+02
1.042000E+01 -7.703439E+02
1.044000E+01 -7.561300E+02
1.046000E+01 -7.603272E+02
1.048000E+01 -7.538798E+02
1.050000E+01 -7.529931E+02
1.052000E+01 -7.551172E+02
1.054000E+01 -7.483544E+02
1.056000E+01 -7.431109E+02
1.058000E+01 -7.457623E+02
1.060000E+01 -7.418304E+02
1.062000E+01 -7.479772E+02
1.064000E+01 -7.424561E+02
1.066000E+01 -7.395483E+02
1.068000E+01 -7.394248E+02
1.070000E+01 -7.455935E+02
1.072000E+01 -7.376979E+02
1.074000E+01 -7.417661E+02
1.076000E+01 -7.459730E+02
1.078000E+01 -7.410027E+02
1.080000E+01 -7.348079E+02
1.082000E+01 -7.334103E+02
1.084000E+01 -7.362100E+02
1.086000E+01 -7.354526E+02
1.088000E+01 -7.226933E+02
1.090000E+01 -7.240405E+02
1.092000E+01 -7.239322E+02
1.094000E+01 -7.336644E+02
1.096000E+01 -7.338518E+02
1.098000E+01 -7.351530E+02
1.100000E+01 -7.355338E+02
1.102000E+01 -7.537769E+02
1.104000E+01 -7.398365E+02
1.106000E+01 -7.348259E+02
1.108000E+01 -7.461319E+02
1.110000E+01 -7.480836E+02
1.112000E+01 -7.553594E+02
1.114000E+01 -7.454182E+02
1.116000E+01 -7.432096E+02
1.118000E+01 -7.471476E+02
1.120000E+01 -7.513063E+02
1.122000E+01 -7.526480E+02
1.124000E+01 -7.623045E+02
1.126000E+01 -7.596323E+02
1.128000E+01 -7.586772E+02
1.130000E+01 -7.512739E+02
1.132000E+01 -7.665627E+02
1.134000E+01 -7.682464E+02
1.136000E+01 -7.646344E+02
1.138000E+01 -7.617261E+02
1.140000E+01 -7.622142E+02
1.142000E+01 -7.620204E+02
1.144000E+01 -7.599770E+02
1.146000E+01 -7.611079E+02
1.148000E+01 -7.625206E+02
1.150000E+01 -7.692070E+02
1.152000E+01 -7.693949E+02
1.154000E+01 -7.707943E+02
1.156000E+01 -7.653658E+02
1.158000E+01 -7.673561E+02
1.160000E+01 -7.644031E+02
1.162000E+01 -7.669301E+02
1.164000E+01 -7.685786E+02
1.166000E+01 -7.613447E+02
1.168000E+01 -7.573431E+02
1.170000E+01 -7.633420E+02
1.172000E+01 -7.616975E+02
1.174000E+01 -7.630096E+02
1.176000E+01 -7.607457E+02
1.178000E+01 -7.604015E+02
1.180000E+01 -7.569728E+02
1.182000E+01 -7.514108E+02
1.184000E+01 -7.484580E+02
1.186000E+01 -7.529401E+02
1.188000E+01 -7.494808E+02
1.190000E+01 -7.536807E+02
1.192000E+01 -7.620836E+02
1.194000E+01 -7.510156E+02
1.196000E+01 -7.354493E+02
1.198000E+01 -7.430374E+02
1.200000E+01 -7.490367E+02
1.202000E+01 -7.410756E+02
1.204000E+01 -7.448285E+02
1.206000E+01 -7.325862E+02
1.208000E+01 -7.398999E+02
1.210000E+01 -7.339841E+02
1.212000E+01 -7.370342E+02
1.214000E+01 -7.423507E+02
1.216000E+01 -7.403176E+02
1.218000E+01 -7.292904E+02
1.220000E+01 -7.385173E+02
1.222000E+01 -7.386774E+02
1.224000E+01 -7.343875E+02
1.226000E+01 -7.268199E+02
1.228000E+01 -7.298705E+02
1.230000E+01 -7.404963E+02
1.232000E+01 -7.407051E+02
1.234000E+01 -7.380348E+02
1.236000E+01 -7.351639E+02
1.238000E+01 -7.332666E+02
1.240000E+01 -7.325082E+02
1.242000E+01 -7.388787E+02
1.244000E+01 -7.389132E+02
1.246000E+01 -7.503882E+02
1.248000E+01 -7.497516E+02
1.250000E+01 -7.488288E+02
1.252000E+01 -7.516443E+02
1.254000E+01 -7.582980E+02
1.256000E+01 -7.505589E+02
1.258000E+01 -7.503467E+02
1.260000E+01 -7.503628E+02
1.262000E+01 -7.569565E+02
1.264000E+01 -7.540556E+02
1.266000E+01 -7.574768E+02
1.268000E+01 -7.609590E+02
1.270000E+01 -7.597699E+02
1.272000E+01 -7.692869E+02
1.274000E+01 -7.688304E+02
1.276000E+01 -7.698150E+02
1.278000E+01 -7.614049E+02
1.280000E+01 -7.644891E+02
1.282000E+01 -7.622581E+02
1.284000E+01 -7.649737E+02
1.286000E+01 -7.691157E+02
1.288000E+01 -7.651123E+02
1.290000E+01 -7.735684E+02
1.292000E+01 -7.698079E+02
1.294000E+01 -7.714743E+02
1.296000E+01 -7.680577E+02
1.298000E+01 -7.674668E+02
1.300000E+01 -7.653531E+02
1.302000E+01 -7.672191E+02
1.304000E+01 -7.698111E+02
1.306000E+01 -7.595636E+02
1.308000E+01 -7.656712E+02
1.310000E+01 -7.619942E+02
1.312000E+01 -7.650926E+02
1.314000E+01 -7.580579E+02
1.316000E+01 -7.648415E+02
1.318000E+01 -7.650921E+02
1.320000E+01 -7.561066E+02
1.322000E+01 -7.567398E+02
1.324000E+01 -7.551886E+02
1.326000E+01 -7.614627E+02
1.328000E+01 -7.519839E+02
1.330000E+01 -7.433730E+02
1.332000E+01 -7.412480E+02
1.334000E+01 -7.482703E+02
1.336000E+01 -7.485353E+02
1.338000E+01 -7.491749E+02
1.340000E+01 -7.515037E+02
1.342000E+01 -7.429771E+02
1.344000E+01 -7.460816E+02
1.346000E+01 -7.432331E+02
1.348000E+01 -7.451494E+02
1.350000E+01 -7.452707E+02
1.352000E+01 -7.414437E+02
1.354000E+01 -7.349083E+02
1.356000E+01 -7.396471E+02
1.358000E+01 -7.313214E+02
1.360000E+01 -7.377988E+02
1.362000E+01 -7.388844E+02
1.364000E+01 -7.352246E+02
1.366000E+01 -7.229395E+02
1.368000E+01 -7.436861E+02
1.370000E+01 -7.377141E+02
1.372000E+01 -7.361058E+02
1.374000E+01 -7.287005E+02
1.376000E+01 -7.329218E+02
1.378000E+01 -7.330836E+02
1.380000E+01 -7.432454E+02
1.382000E+01 -7.425601E+02
1.384000E+01 -7.443781E+02
1.386000E+01 -7.448721E+02
1.388000E+01 -7.439855E+02
1.390000E+01 -7.450572E+02
1.392000E+01 -7.492458E+02
1.394000E+01 -7.511523E+02
1.396000E+01 -7.503410E+02
1.398000E+01 -7.445343E+02
1.400000E+01 -7.439406E+02
1.402000E+01 -7.426510E+02
1.404000E+01 -7.453748E+02
1.406000E+01 -7.555002E+02
1.408000E+01 -7.545077E+02
1.410000E+01 -7.519306E+02
1.412000E+01 -7.577235E+02
1.414000E+01 -7.651282E+02
1.416000E+01 -7.531869E+02
1.418000E+01 -7.564204E+02
1.420000E+01 -7.577997E+02
1.422000E+01 -7.480026E+02
1.424000E+01 -7.584386E+02
1.426000E+01 -7.538697E+02
1.428000E+01 -7.519168E+02
1.430000E+01 -7.577034E+02
1.432000E+01 -7.521842E+02
1.434000E+01 -7.576850E+02
1.436000E+01 -7.660801E+02
1.438000E+01 -7.625276E+02
1.440000E+01 -7.598009E+02
1.442000E+01 -7.575175E+02
1.444000E+01 -7.575189E+02
1.446000E+01 -7.665658E+02
1.448000E+01 -7.603050E+02
1.450000E+01 -7.554191E+02
1.452000E+01 -7.442300E+02
1.454000E+01 -7.470657E+02
1.456000E+01 -7.508495E+02
1.458000E+01 -7.497361E+02
1.460000E+01 -7.491509E+02
1.462000E+01 -7.479247E+02
1.464000E+01 -7.558065E+02
1.466000E+01 -7.507840E+02
1.468000E+01 -7.518559E+02
1.470000E+01 -7.512456E+02
1.472000E+01 -7.411420E+02
1.474000E+01 -7.402337E+02
1.476000E+01 -7.533287E+02
1.478000E+01 -7.462598E+02
1.480000E+01 -7.466610E+02
1.482000E+01 -7.505213E+02
1.484000E+01 -7.609127E+02
1.486000E+01 -7.511740E+02
1.488000E+01 -7.559772E+02
1.490000E+01 -7.572668E+02
1.492000E+01 -7.609017E+02
1.494000E+01 -7.529506E+02
1.496000E+01 -7.555690E+02
1.498000E+01 -7.607344E+02
1.500000E+01 -7.615708E+02
1.502000E+01 -7.506022E+02
1.504000E+01 -7.540413E+02
1.506000E+01 -7.520094E+02
1.508000E+01 -7.608055E+02
1.510000E+01 -7.587566E+02
1.512000E+01 -7.570136E+02
1.514000E+01 -7.560551E+02
1.516000E+01 -7.620248E+02
1.518000E+01 -7.546530E+02
1.520000E+01 -7.589720E+02
1.522000E+01 -7.636140E+02
1.524000E+01 -7.666821E+02
1.526000E+01 -7.660503E+02
1.528000E+01 -7.683601E+02
1.530000E+01 -7.721063E+02
1.532000E+01 -7.779142E+02
1.534000E+01 -7.721125E+02
1.536000E+01 -7.679552E+02
1.538000E+01 -7.751434E+02
1.540000E+01 -7.737420E+02
1.542000E+01 -7.752784E+02
1.544000E+01 -7.725548E+02
1.546000E+01 -7.751204E+02
1.548000E+01 -7.788190E+02
1.550000E+01 -7.704807E+02
1.552000E+01 -7.703454E+02
1.554000E+01 -7.721439E+02
1.556000E+01 -7.740904E+02
1.558000E+01 -7.745432E+02
1.560000E+01 -7.689806E+02
1.562000E+01 -7.679033E+02
1.564000E+01 -7.716303E+02
1.566000E+01 -7.661419E+02
1.568000E+01 -7.644008E+02
1.570000E+01 -7.634635E+02
1.572000E+01 -7.673568E+02
1.574000E+01 -7.645323E+02
1.576000E+01 -7.690572E+02
1.578000E+01 -7.724022E+02
1.580000E+01 -7.710256E+02
1.582000E+01 -7.585798E+02
1.584000E+01 -7.659633E+02
1.586000E+01 -7.646039E+02
1.588000E+01 -7.599709E+02
1.590000E+01 -7.637678E+02
1.592000E+01 -7.519383E+02
1.594000E+01 -7.549727E+02
1.596000E+01 -7.536965E+02
1.598000E+01 -7.536330E+02
1.600000E+01 -7.462465E+02
1.602000E+01 -7.487805E+02
1.604000E+01 -7.436796E+02
1.606000E+01 -7.398988E+02
1.608000E+01 -7.510409E+02
1.610000E+01 -7.513271E+02
1.612000E+01 -7.507245E+02
1.614000E+01 -7.540564E+02
1.616000E+01 -7.537005E+02
1.618000E+01 -7.429063E+02
1.620000E+01 -7.593068E+02
1.622000E+01 -7.682960E+02
1.624000E+01 -7.433209E+02
1.626000E+01 -7.565170E+02
1.628000E+01 -7.490459E+02
1.630000E+01 -7.519792E+02
1.632000E+01 -7.507272E+02
1.634000E+01 -7.584925E+02
1.636000E+01 -7.604057E+02
1.638000E+01 -7.463120E+02
1.640000E+01 -7.553192E+02
1.642000E+01 -7.654264E+02
1.644000E+01 -7.596368E+02
1.646000E+01 -7.640997E+02
1.648000E+01 -7.623046E+02
1.650000E+01 -7.660021E+02
1.652000E+01 -7.664179E+02
1.654000E+01 -7.625430E+02
1.656000E+01 -7.722252E+02
1.658000E+01 -7.723313E+02
1.660000E+01 -7.674960E+02
1.662000E+01 -7.693039E+02
1.664000E+01 -7.693134E+02
1.666000E+01 -7.693339E+02
1.668000E+01 -7.733972E+02
1.670000E+01 -7.734735E+02
1.672000E+01 -7.722964E+02
1.674000E+01 -7.707537E+02
1.676000E+01 -7.726989E+02
1.678000E+01 -7.751208E+02
1.680000E+01 -7.743463E+02
1.682000E+01 -7.728674E+02
1.684000E+01 -7.681770E+02
1.686000E+01 -7.670707E+02
1.688000E+01 -7.645463E+02
1.690000E+01 -7.679482E+02
1.692000E+01 -7.713849E+02
1.694000E+01 -7.706495E+02
1.696000E+01 -7.618530E+02
1.698000E+01 -7.682180E+02
1.700000E+01 -7.752971E+02
1.702000E+01 -7.670961E+02
1.704000E+01 -7.704700E+02
1.706000E+01 -7.599449E+02
1.708000E+01 -7.651547E+02
1.710000E+01 -7.598769E+02
1.712000E+01 -7.656859E+02
1.714000E+01 -7.614336E+02
1.716000E+01 -7.682487E+02
1.718000E+01 -7.626184E+02
1.720000E+01 -7.635778E+02
1.722000E+01 -7.607284E+02
1.724000E+01 -7.619544E+02
1.726000E+01 -7.598523E+02
1.728000E+01 -7.585798E+02
1.730000E+01 -7.468654E+02
1.732000E+01 -7.513357E+02
1.734000E+01 -7.503061E+02
1.736000E+01 -7.445640E+02
1.738000E+01 -7.518926E+02
1.740000E+01 -7.472496E+02
1.742000E+01 -7.507302E+02
1.744000E+01 -7.457820E+02
1.746000E+01 -7.494794E+02
1.748000E+01 -7.564981E+02
1.750000E+01 -7.577088E+02
1.752000E+01 -7.576267E+02
1.754000E+01 -7.537080E+02
1.756000E+01 -7.587999E+02
1.758000E+01 -7.587202E+02
1.760000E+01 -7.561833E+02
1.762000E+01 -7.394072E+02
1.764000E+01 -7.427662E+02
1.766000E+01 -7.442978E+02
1.768000E+01 -7.638139E+02
1.770000E+01 -7.508606E+02
1.772000E+01 -7.568695E+02
1.774000E+01 -7.527594E+02
1.776000E+01 -7.514098E+02
1.778000E+01 -7.575850E+02
1.780000E+01 -7.623213E+02
1.782000E+01 -7.596073E+02
1.784000E+01 -7.616768E+02
1.786000E+01 -7.541926E+02
1.788000E+01 -7.590533E+02
1.790000E+01 -7.571092E+02
1.792000E+01 -7.572980E+02
1.794000E+01 -7.531235E+02
1.796000E+01 -7.602115E+02
1.798000E+01 -7.532736E+02
1.800000E+01 -7.608357E+02
1.802000E+01 -7.523035E+02
1.804000E+01 -7.619554E+02
1.806000E+01 -7.585512E+02
1.808000E+01 -7.673704E+02
1.810000E+01 -7.572478E+02
1.812000E+01 -7.593414E+02
1.814000E+01 -7.534279E+02
1.816000E+01 -7.635142E+02
1.818000E+01 -7.654461E+02
1.820000E+01 -7.625354E+02
1.822000E+01 -7.589104E+02
1.824000E+01 -7.600872E+02
1.826000E+01 -7.543002E+02
1.828000E+01 -7.598629E+02
1.830000E+01 -7.566447E+02
1.832000E+01 -7.618954E+02
1.834000E+01 -7.543594E+02
1.836000E+01 -7.563554E+02
1.838000E+01 -7.565828E+02
1.840000E+01 -7.687570E+02
1.842000E+01 -7.574743E+02
1.844000E+01 -7.529845E+02
1.846000E+01 -7.503809E+02
1.848000E+01 -7.587963E+02
1.850000E+01 -7.621632E+02
1.852000E+01 -7.573143E+02
1.854000E+01 -7.563199E+02
1.856000E+01 -7.597937E+02
1.858000E+01 -7.539563E+02
1.860000E+01 -7.580789E+02
1.862000E+01 -7.595542E+02
1.864000E+01 -7.660159E+02
1.866000E+01 -7.600493E+02
1.868000E+01 -7.649178E+02
1.870000E+01 -7.574065E+02
1.872000E+01 -7.633180E+02
1.874000E+01 -7.599266E+02
1.876000E+01 -7.551383E+02
1.878000E+01 -7.511127E+02
1.880000E+01 -7.624577E+02
1.882000E+01 -7.653289E+02
1.884000E+01 -7.680176E+02
1.886000E+01 -7.634550E+02
1.888000E+01 -7.688521E+02
1.890000E+01 -7.648992E+02
1.892000E+01 -7.655788E+02
1.894000E+01 -7.705973E+02
1.896000E+01 -7.644461E+02
1.898000E+01 -7.631177E+02
1.900000E+01 -7.692708E+02
1.902000E+01 -7.634821E+02
1.904000E+01 -7.726791E+02
1.906000E+01 -7.691045E+02
1.908000E+01 -7.696816E+02
1.910000E+01 -7.746001E+02
1.912000E+01 -7.685008E+02
1.914000E+01 -7.640630E+02
1.916000E+01 -7.643809E+02
1.918000E+01 -7.666580E+02
1.920000E+01 -7.593227E+02
1.922000E+01 -7.680319E+02
1.924000E+01 -7.639215E+02
1.926000E+01 -7.636533E+02
1.928000E+01 -7.570471E+02
1.930000E+01 -7.630668E+02
1.932000E+01 -7.700383E+02
1.934000E+01 -7.673517E+02
1.936000E+01 -7.679082E+02
1.938000E+01 -7.625547E+02
1.940000E+01 -7.663685E+02
1.942000E+01 -7.604217E+02
1.944000E+01 -7.618465E+02
1.946000E+01 -7.590581E+02
1.948000E+01 -7.583237E+02
1.950000E+01 -7.528399E+02
1.952000E+01 -7.580231E+02
1.954000E+01 -7.572551E+02
1.956000E+01 -7.555479E+02
1.958000E+01 -7.577995E+02
1.960000E+01 -7.531868E+02
1.962000E+01 -7.543645E+02
1.964000E+01 -7.494764E+02
1.966000E+01 -7.554264E+02
1.968000E+01 -7.530317E+02
1.970000E+01 -7.448676E+02
1.972000E+01 -7.520844E+02
1.974000E+01 -7.452653E+02
1.976000E+01 -7.529546E+02
1.978000E+01 -7.617548E+02
1.980000E+01 -7.534328E+02
1.982000E+01 -7.494239E+02
1.984000E+01 -7.557085E+02
1.986000E+01 -7.427287E+02
1.988000E+01 -7.484487E+02
1.990000E+01 -7.548480E+02
1.992000E+01 -7.484516E+02
1.994000E+01 -7.446426E+02
1.996000E+01 -7.540955E+02
1.998000E+01 -7.540340E+02
2.000000E+01 -7.571184E+02
