2.000000E-02 3.000520E+02
4.000000E-02 4.556338E+02
6.000000E-02 5.628026E+02
8.000000E-02 4.213976E+02
1.000000E-01 4.562690E+02
1.200000E-01 3.681243E+02
1.400000E-01 3.077444E+02
1.600000E-01 2.647983E+02
1.800000E-01 2.098700E+02
2.000000E-01 1.597078E+02
2.200000E-01 1.588267E+02
2.400000E-01 1.430684E+02
2.600000E-01 1.175294E+02
2.800000E-01 8.639583E+01
3.000000E-01 9.103597E+01
3.200000E-01 7.636430E+01
3.400000E-01 6.788341E+01
3.600000E-01 5.577063E+01
3.800000E-01 4.876050E+01
4.000000E-01 3.814145E+01
4.200000E-01 3.551648E+01
4.400000E-01 2.703033E+01
4.600000E-01 1.969792E+01
4.800000E-01 1.494667E+01
5.000000E-01 1.081649E+01
5.200000E-01 1.121546E+01
5.400000E-01 9.693770E+00
5.600000E-01 9.142419E+00
5.800000E-01 8.382332E+00
6.000000E-01 8.141591E+00
6.200000E-01 6.940116E+00
6.400000E-01 6.841913E+00
6.600000E-01 6.913750E+00
6.800000E-01 7.674134E+00
7.000000E-01 7.064594E+00
7.200000E-01 7.549052E+00
7.400000E-01 8.218336E+00
7.600000E-01 8.075275E+00
7.800000E-01 8.765297E+00
8.000000E-01 9.140624E+00
8.200000E-01 9.615280E+00
8.400000E-01 9.798495E+00
8.600000E-01 1.028623E+01
8.800000E-01 1.065690E+01
9.000000E-01 1.148013E+01
9.200000E-01 1.288224E+01
9.400000E-01 1.437166E+01
9.600000E-01 1.603841E+01
9.800000E-01 1.695557E+01
1.000000E+00 1.798845E+01
1.020000E+00 2.037567E+01
1.040000E+00 2.412336E+01
1.060000E+00 2.884085E+01
1.080000E+00 3.258170E+01
1.100000E+00 3.523202E+01
1.120000E+00 3.820412E+01
1.140000E+00 4.292233E+01
1.160000E+00 4.632949E+01
1.180000E+00 5.051704E+01
1.200000E+00 5.636887E+01
1.220000E+00 6.481023E+01
1.240000E+00 7.564895E+01
1.260000E+00 8.743370E+01
1.280000E+00 1.021953E+02
1.300000E+00 1.258650E+02
1.320000E+00 1.574943E+02
1.340000E+00 1.910324E+02
1.360000E+00 2.036418E+02
1.380000E+00 2.375026E+02
1.400000E+00 2.704584E+02
1.420000E+00 2.768674E+02
1.440000E+00 2.835911E+02
1.460000E+00 2.514118E+02
1.480000E+00 2.687778E+02
1.500000E+00 2.669207E+02
1.520000E+00 2.240936E+02
1.540000E+00 1.913150E+02
1.560000E+00 1.650655E+02
1.580000E+00 1.481863E+02
1.600000E+00 1.446071E+02
1.620000E+00 1.122303E+02
1.640000E+00 1.178116E+02
1.660000E+00 9.077635E+01
1.680000E+00 7.777761E+01
1.700000E+00 7.040056E+01
1.720000E+00 7.500780E+01
1.740000E+00 8.586615E+01
1.760000E+00 8.565779E+01
1.780000E+00 6.724024E+01
1.800000E+00 6.798124E+01
1.820000E+00 5.869429E+01
1.840000E+00 5.246487E+01
1.860000E+00 5.102642E+01
1.880000E+00 5.549601E+01
1.900000E+00 4.720546E+01
1.920000E+00 5.013356E+01
1.940000E+00 4.499066E+01
1.960000E+00 4.540153E+01
1.980000E+00 3.637468E+01
2.000000E+00 4.380860E+01
2.020000E+00 4.567416E+01
2.040000E+00 4.722551E+01
2.060000E+00 4.538966E+01
2.080000E+00 4.270865E+01
2.100000E+00 3.997369E+01
2.120000E+00 5.031935E+01
2.140000E+00 5.401152E+01
2.160000E+00 5.859239E+01
2.180000E+00 5.729482E+01
2.200000E+00 6.380648E+01
2.220000E+00 7.045151E+01
2.240000E+00 7.808851E+01
2.260000E+00 6.803504E+01
2.280000E+00 7.622686E+01
2.300000E+00 6.351743E+01
2.320000E+00 6.596354E+01
2.340000E+00 6.918057E+01
2.360000E+00 8.144991E+01
2.380000E+00 8.921931E+01
2.400000E+00 8.878961E+01
2.420000E+00 8.743721E+01
2.440000E+00 8.830884E+01
2.460000E+00 8.162517E+01
2.480000E+00 1.036390E+02
2.500000E+00 1.154653E+02
2.520000E+00 1.264431E+02
2.540000E+00 1.205996E+02
2.560000E+00 1.326911E+02
2.580000E+00 1.500812E+02
2.600000E+00 1.613312E+02
2.620000E+00 1.578520E+02
2.640000E+00 1.583870E+02
2.660000E+00 1.529620E+02
2.680000E+00 1.863442E+02
2.700000E+00 1.953448E+02
2.720000E+00 2.084633E+02
2.740000E+00 1.925287E+02
2.760000E+00 1.693967E+02
2.780000E+00 1.580144E+02
2.800000E+00 1.671307E+02
2.820000E+00 1.609974E+02
2.840000E+00 1.465174E+02
2.860000E+00 1.291887E+02
2.880000E+00 1.044894E+02
2.900000E+00 1.142149E+02
2.920000E+00 1.338239E+02
2.940000E+00 1.369690E+02
2.960000E+00 1.151978E+02
2.980000E+00 1.333267E+02
3.000000E+00 1.153640E+02
3.020000E+00 1.030024E+02
3.040000E+00 9.315133E+01
3.060000E+00 9.852537E+01
3.080000E+00 8.733776E+01
3.100000E+00 7.306659E+01
3.120000E+00 6.660708E+01
3.140000E+00 7.169342E+01
3.160000E+00 6.460916E+01
3.180000E+00 6.286719E+01
3.200000E+00 6.735831E+01
3.220000E+00 6.393878E+01
3.240000E+00 5.359532E+01
3.260000E+00 4.905540E+01
3.280000E+00 4.888014E+01
3.300000E+00 5.371568E+01
3.320000E+00 5.996311E+01
3.340000E+00 5.413742E+01
3.360000E+00 4.744688E+01
3.380000E+00 5.114707E+01
3.400000E+00 5.121510E+01
3.420000E+00 4.675193E+01
3.440000E+00 5.537661E+01
3.460000E+00 5.191121E+01
3.480000E+00 5.312424E+01
3.500000E+00 5.269123E+01
3.520000E+00 6.906484E+01
3.540000E+00 6.588442E+01
3.560000E+00 7.889506E+01
3.580000E+00 6.968778E+01
3.600000E+00 8.221695E+01
3.620000E+00 8.060492E+01
3.640000E+00 7.900564E+01
3.660000E+00 8.563437E+01
3.680000E+00 8.557342E+01
3.700000E+00 8.354493E+01
3.720000E+00 8.528894E+01
3.740000E+00 1.009260E+02
3.760000E+00 9.437165E+01
3.780000E+00 9.794063E+01
3.800000E+00 1.169005E+02
3.820000E+00 1.115465E+02
3.840000E+00 1.237209E+02
3.860000E+00 1.163156E+02
3.880000E+00 1.320469E+02
3.900000E+00 1.206416E+02
3.920000E+00 1.393501E+02
3.940000E+00 1.390274E+02
3.960000E+00 1.540931E+02
3.980000E+00 1.401506E+02
4.000000E+00 1.419760E+02
4.020000E+00 1.367096E+02
4.040000E+00 1.488954E+02
4.060000E+00 1.531097E+02
4.080000E+00 1.853953E+02
4.100000E+00 1.844819E+02
4.120000E+00 2.097455E+02
4.140000E+00 2.038722E+02
4.160000E+00 1.533870E+02
4.180000E+00 1.444844E+02
4.200000E+00 1.508554E+02
4.220000E+00 1.500267E+02
4.240000E+00 1.141354E+02
4.260000E+00 9.843140E+01
4.280000E+00 9.913149E+01
4.300000E+00 1.062871E+02
4.320000E+00 1.027977E+02
4.340000E+00 9.494504E+01
4.360000E+00 1.056974E+02
4.380000E+00 8.816337E+01
4.400000E+00 7.981625E+01
4.420000E+00 7.664175E+01
4.440000E+00 7.958298E+01
4.460000E+00 7.141861E+01
4.480000E+00 6.584366E+01
4.500000E+00 6.645576E+01
4.520000E+00 7.101711E+01
4.540000E+00 7.214681E+01
4.560000E+00 4.968381E+01
4.580000E+00 5.496778E+01
4.600000E+00 6.500586E+01
4.620000E+00 8.117542E+01
4.640000E+00 6.453147E+01
4.660000E+00 5.922124E+01
4.680000E+00 5.219869E+01
4.700000E+00 6.836579E+01
4.720000E+00 6.204549E+01
4.740000E+00 4.916996E+01
4.760000E+00 6.103919E+01
4.780000E+00 6.707714E+01
4.800000E+00 7.033253E+01
4.820000E+00 6.398194E+01
4.840000E+00 8.540803E+01
4.860000E+00 8.347314E+01
4.880000E+00 7.771648E+01
4.900000E+00 8.875605E+01
4.920000E+00 8.891597E+01
4.940000E+00 8.004378E+01
4.960000E+00 8.635158E+01
4.980000E+00 8.944386E+01
5.000000E+00 7.494607E+01
5.020000E+00 8.498917E+01
5.040000E+00 8.376258E+01
5.060000E+00 9.192488E+01
5.080000E+00 1.022808E+02
5.100000E+00 8.968256E+01
5.120000E+00 1.034726E+02
5.140000E+00 1.137234E+02
5.160000E+00 1.105556E+02
5.180000E+00 1.172880E+02
5.200000E+00 1.062716E+02
5.220000E+00 1.100642E+02
5.240000E+00 1.342991E+02
5.260000E+00 1.406275E+02
5.280000E+00 1.428383E+02
5.300000E+00 1.387771E+02
5.320000E+00 1.472268E+02
5.340000E+00 1.512347E+02
5.360000E+00 1.390804E+02
5.380000E+00 1.425602E+02
5.400000E+00 1.295586E+02
5.420000E+00 1.489896E+02
5.440000E+00 1.319776E+02
5.460000E+00 1.373278E+02
5.480000E+00 1.401296E+02
5.500000E+00 1.238024E+02
5.520000E+00 1.275298E+02
5.540000E+00 1.133285E+02
5.560000E+00 1.229814E+02
5.580000E+00 1.356952E+02
5.600000E+00 1.356577E+02
5.620000E+00 9.547039E+01
5.640000E+00 9.589885E+01
5.660000E+00 1.152393E+02
5.680000E+00 1.011224E+02
5.700000E+00 8.625355E+01
5.720000E+00 8.546136E+01
5.740000E+00 8.175801E+01
5.760000E+00 7.581387E+01
5.780000E+00 7.870864E+01
5.800000E+00 7.630016E+01
5.820000E+00 8.014237E+01
5.840000E+00 7.198009E+01
5.860000E+00 7.529307E+01
5.880000E+00 8.722079E+01
5.900000E+00 7.877284E+01
5.920000E+00 7.288544E+01
5.940000E+00 7.918998E+01
5.960000E+00 8.723932E+01
5.980000E+00 7.536980E+01
6.000000E+00 7.868504E+01
6.020000E+00 8.161158E+01
6.040000E+00 7.777059E+01
6.060000E+00 7.480369E+01
6.080000E+00 8.044297E+01
6.100000E+00 7.982329E+01
6.120000E+00 7.047992E+01
6.140000E+00 7.154223E+01
6.160000E+00 8.621964E+01
6.180000E+00 7.533003E+01
6.200000E+00 9.044980E+01
6.220000E+00 9.334247E+01
6.240000E+00 7.995027E+01
6.260000E+00 9.372633E+01
6.280000E+00 1.015759E+02
6.300000E+00 8.855733E+01
6.320000E+00 8.524164E+01
6.340000E+00 1.213282E+02
6.360000E+00 1.054570E+02
6.380000E+00 1.015749E+02
6.400000E+00 1.180376E+02
6.420000E+00 1.062915E+02
6.440000E+00 1.029690E+02
6.460000E+00 1.114985E+02
6.480000E+00 1.140392E+02
6.500000E+00 1.097882E+02
6.520000E+00 1.095229E+02
6.540000E+00 1.048350E+02
6.560000E+00 1.275968E+02
6.580000E+00 1.179825E+02
6.600000E+00 1.239385E+02
6.620000E+00 1.234176E+02
6.640000E+00 1.277236E+02
6.660000E+00 1.436216E+02
6.680000E+00 1.183249E+02
6.700000E+00 1.422936E+02
6.720000E+00 1.252606E+02
6.740000E+00 1.075450E+02
6.760000E+00 1.191578E+02
6.780000E+00 1.309379E+02
6.800000E+00 1.027860E+02
6.820000E+00 9.958315E+01
6.840000E+00 1.057485E+02
6.860000E+00 1.147939E+02
6.880000E+00 1.050762E+02
6.900000E+00 8.826415E+01
6.920000E+00 9.649005E+01
6.940000E+00 8.932101E+01
6.960000E+00 9.169665E+01
6.980000E+00 1.060467E+02
7.000000E+00 9.238241E+01
7.020000E+00 1.060766E+02
7.040000E+00 9.961003E+01
7.060000E+00 9.907100E+01
7.080000E+00 1.040713E+02
7.100000E+00 8.735615E+01
7.120000E+00 1.006118E+02
7.140000E+00 1.106405E+02
7.160000E+00 9.040263E+01
7.180000E+00 7.543463E+01
7.200000E+00 8.251919E+01
7.220000E+00 8.255488E+01
7.240000E+00 7.540454E+01
7.260000E+00 7.152424E+01
7.280000E+00 9.519089E+01
7.300000E+00 8.956157E+01
7.320000E+00 7.165175E+01
7.340000E+00 7.753669E+01
7.360000E+00 8.434696E+01
7.380000E+00 9.110377E+01
7.400000E+00 8.355079E+01
7.420000E+00 7.745520E+01
7.440000E+00 1.022533E+02
7.460000E+00 1.000992E+02
7.480000E+00 8.801868E+01
7.500000E+00 8.539275E+01
7.520000E+00 1.146035E+02
7.540000E+00 1.036020E+02
7.560000E+00 7.397244E+01
7.580000E+00 1.003132E+02
7.600000E+00 1.025135E+02
7.620000E+00 8.887586E+01
7.640000E+00 9.126733E+01
7.660000E+00 8.849133E+01
7.680000E+00 1.023641E+02
7.700000E+00 9.997207E+01
7.720000E+00 1.029364E+02
7.740000E+00 9.015302E+01
7.760000E+00 1.243086E+02
7.780000E+00 1.075387E+02
7.800000E+00 1.147097E+02
7.820000E+00 1.078873E+02
7.840000E+00 1.174386E+02
7.860000E+00 1.115980E+02
7.880000E+00 1.122754E+02
7.900000E+00 1.136462E+02
7.920000E+00 1.057400E+02
7.940000E+00 1.093733E+02
7.960000E+00 1.233394E+02
7.980000E+00 1.310025E+02
8.000000E+00 9.962360E+01
8.020000E+00 1.208555E+02
8.040000E+00 1.047757E+02
8.060000E+00 1.205422E+02
8.080000E+00 9.835611E+01
8.100000E+00 1.059255E+02
8.120000E+00 9.338464E+01
8.140000E+00 8.844914E+01
8.160000E+00 8.780166E+01
8.180000E+00 9.571777E+01
8.200000E+00 1.106045E+02
8.220000E+00 8.895642E+01
8.240000E+00 1.039698E+02
8.260000E+00 1.255885E+02
8.280000E+00 1.265197E+02
8.300000E+00 1.155110E+02
8.320000E+00 1.109227E+02
8.340000E+00 1.214727E+02
8.360000E+00 9.987362E+01
8.380000E+00 1.031109E+02
8.400000E+00 1.175138E+02
8.420000E+00 1.163274E+02
8.440000E+00 1.099443E+02
8.460000E+00 9.413365E+01
8.480000E+00 1.107096E+02
8.500000E+00 1.073336E+02
8.520000E+00 1.128986E+02
8.540000E+00 1.028172E+02
8.560000E+00 9.785472E+01
8.580000E+00 8.557660E+01
8.600000E+00 9.193191E+01
8.620000E+00 9.228828E+01
8.640000E+00 8.488567E+01
8.660000E+00 8.533897E+01
8.680000E+00 9.695019E+01
8.700000E+00 8.513177E+01
8.720000E+00 7.822473E+01
8.740000E+00 8.056565E+01
8.760000E+00 9.018898E+01
8.780000E+00 8.823471E+01
8.800000E+00 7.684422E+01
8.820000E+00 8.032216E+01
8.840000E+00 7.462717E+01
8.860000E+00 8.267761E+01
8.880000E+00 8.595072E+01
8.900000E+00 9.474388E+01
8.920000E+00 9.059931E+01
8.940000E+00 7.866798E+01
8.960000E+00 7.969921E+01
8.980000E+00 9.396649E+01
9.000000E+00 8.717670E+01
9.020000E+00 7.813815E+01
9.040000E+00 8.203559E+01
9.060000E+00 7.486414E+01
9.080000E+00 9.212769E+01
9.100000E+00 8.305519E+01
9.120000E+00 8.400463E+01
9.140000E+00 1.011287E+02
9.160000E+00 9.414445E+01
9.180000E+00 1.027604E+02
9.200000E+00 1.085200E+02
9.220000E+00 1.043570E+02
9.240000E+00 9.896108E+01
9.260000E+00 1.005652E+02
9.280000E+00 1.117861E+02
9.300000E+00 1.005787E+02
9.320000E+00 1.102817E+02
9.340000E+00 1.227786E+02
9.360000E+00 1.205087E+02
9.380000E+00 1.072185E+02
9.400000E+00 1.187132E+02
9.420000E+00 1.194780E+02
9.440000E+00 1.046024E+02
9.460000E+00 1.148991E+02
9.480000E+00 1.160436E+02
9.500000E+00 1.095522E+02
9.520000E+00 1.084021E+02
9.540000E+00 1.231324E+02
9.560000E+00 1.511174E+02
9.580000E+00 1.288443E+02
9.600000E+00 1.175882E+02
9.620000E+00 1.342247E+02
9.640000E+00 1.126179E+02
9.660000E+00 1.144501E+02
9.680000E+00 1.088997E+02
9.700000E+00 1.215106E+02
9.720000E+00 1.132031E+02
9.740000E+00 1.291304E+02
9.760000E+00 1.174602E+02
9.780000E+00 1.090104E+02
9.800000E+00 1.027921E+02
9.820000E+00 1.241372E+02
9.840000E+00 1.021086E+02
9.860000E+00 9.666209E+01
9.880000E+00 1.030299E+02
9.900000E+00 8.904193E+01
9.920000E+00 7.939853E+01
9.940000E+00 8.489528E+01
9.960000E+00 8.081788E+01
9.980000E+00 6.936888E+01
1.000000E+01 7.730612E+01
1.002000E+01 8.783220E+01
1.004000E+01 8.838159E+01
1.006000E+01 6.782698E+01
1.008000E+01 8.532197E+01
1.010000E+01 8.473048E+01
1.012000E+01 7.924308E+01
1.014000E+01 7.890158E+01
1.016000E+01 8.409354E+01
1.018000E+01 7.852894E+01
1.020000E+01 6.139015E+01
1.022000E+01 6.893628E+01
1.024000E+01 7.967261E+01
1.026000E+01 6.758638E+01
1.028000E+01 6.660096E+01
1.030000E+01 8.079097E+01
1.032000E+01 8.571393E+01
1.034000E+01 7.953823E+01
1.036000E+01 1.026291E+02
1.038000E+01 9.224879E+01
1.040000E+01 9.660045E+01
1.042000E+01 1.162972E+02
1.044000E+01 9.189199E+01
1.046000E+01 1.050597E+02
1.048000E+01 9.592382E+01
1.050000E+01 9.888910E+01
1.052000E+01 1.078090E+02
1.054000E+01 9.844837E+01
1.056000E+01 9.239055E+01
1.058000E+01 1.020002E+02
1.060000E+01 9.849891E+01
1.062000E+01 1.158266E+02
1.064000E+01 1.094386E+02
1.066000E+01 1.082834E+02
1.068000E+01 1.127748E+02
1.070000E+01 1.298563E+02
1.072000E+01 1.177707E+02
1.074000E+01 1.301149E+02
1.076000E+01 1.421232E+02
1.078000E+01 1.345891E+02
1.080000E+01 1.233676E+02
1.082000E+01 1.211951E+02
1.084000E+01 1.269158E+02
1.086000E+01 1.245347E+02
1.088000E+01 9.750538E+01
1.090000E+01 9.945629E+01
1.092000E+01 9.827118E+01
1.094000E+01 1.169021E+02
1.096000E+01 1.158578E+02
1.098000E+01 1.166845E+02
1.100000E+01 1.151555E+02
1.102000E+01 1.489167E+02
1.104000E+01 1.163180E+02
1.106000E+01 1.013982E+02
1.108000E+01 1.195072E+02
1.110000E+01 1.172395E+02
1.112000E+01 1.256645E+02
1.114000E+01 9.883258E+01
1.116000E+01 8.913298E+01
1.118000E+01 9.188474E+01
1.120000E+01 9.578016E+01
1.122000E+01 9.300320E+01
1.124000E+01 1.074212E+02
1.126000E+01 9.649935E+01
1.128000E+01 8.961053E+01
1.130000E+01 7.044570E+01
1.132000E+01 9.782682E+01
1.134000E+01 9.698608E+01
1.136000E+01 8.573714E+01
1.138000E+01 7.685710E+01
1.140000E+01 7.518311E+01
1.142000E+01 7.278356E+01
1.144000E+01 6.709641E+01
1.146000E+01 6.831542E+01
1.148000E+01 7.063505E+01
1.150000E+01 8.404496E+01
1.152000E+01 8.421417E+01
1.154000E+01 8.713236E+01
1.156000E+01 7.648484E+01
1.158000E+01 8.113640E+01
1.160000E+01 7.592235E+01
1.162000E+01 8.243316E+01
1.164000E+01 8.745573E+01
1.166000E+01 7.450558E+01
1.168000E+01 6.817713E+01
1.170000E+01 8.295912E+01
1.172000E+01 8.270392E+01
1.174000E+01 8.903649E+01
1.176000E+01 8.806819E+01
1.178000E+01 9.153670E+01
1.180000E+01 8.831473E+01
1.182000E+01 8.103443E+01
1.184000E+01 7.898143E+01
1.186000E+01 9.305612E+01
1.188000E+01 9.138882E+01
1.190000E+01 1.056559E+02
1.192000E+01 1.299172E+02
1.194000E+01 1.133515E+02
1.196000E+01 8.681096E+01
1.198000E+01 1.073408E+02
1.200000E+01 1.256334E+02
1.202000E+01 1.148120E+02
1.204000E+01 1.275622E+02
1.206000E+01 1.068915E+02
1.208000E+01 1.258454E+02
1.210000E+01 1.173640E+02
1.212000E+01 1.266514E+02
1.214000E+01 1.407504E+02
1.216000E+01 1.385196E+02
1.218000E+01 1.168609E+02
1.220000E+01 1.365488E+02
1.222000E+01 1.365787E+02
1.224000E+01 1.260487E+02
1.226000E+01 1.083589E+02
1.228000E+01 1.124814E+02
1.230000E+01 1.317466E+02
1.232000E+01 1.284000E+02
1.234000E+01 1.187600E+02
1.236000E+01 1.084871E+02
1.238000E+01 1.002693E+02
1.240000E+01 9.442993E+01
1.242000E+01 1.033791E+02
1.244000E+01 9.922121E+01
1.246000E+01 1.179517E+02
1.248000E+01 1.114316E+02
1.250000E+01 1.046171E+02
1.252000E+01 1.050432E+02
1.254000E+01 1.129256E+02
1.256000E+01 9.225463E+01
1.258000E+01 8.690310E+01
1.260000E+01 8.266878E+01
1.262000E+01 9.188448E+01
1.264000E+01 8.203964E+01
1.266000E+01 8.536774E+01
1.268000E+01 8.861959E+01
1.270000E+01 8.315562E+01
1.272000E+01 9.978595E+01
1.274000E+01 9.550777E+01
1.276000E+01 9.449243E+01
1.278000E+01 7.485389E+01
1.280000E+01 7.916566E+01
1.282000E+01 7.278890E+01
1.284000E+01 7.689859E+01
1.286000E+01 8.429646E+01
1.288000E+01 7.533592E+01
1.290000E+01 9.218476E+01
1.292000E+01 8.430820E+01
1.294000E+01 8.784594E+01
1.296000E+01 8.126025E+01
1.298000E+01 8.072312E+01
1.300000E+01 7.730890E+01
1.302000E+01 8.230362E+01
1.304000E+01 8.922075E+01
1.306000E+01 6.999893E+01
1.308000E+01 8.450406E+01
1.310000E+01 7.942518E+01
1.312000E+01 8.844902E+01
1.314000E+01 7.748056E+01
1.316000E+01 9.510912E+01
1.318000E+01 1.000948E+02
1.320000E+01 8.598515E+01
1.322000E+01 9.126824E+01
1.324000E+01 9.246457E+01
1.326000E+01 1.105534E+02
1.328000E+01 9.628312E+01
1.330000E+01 8.306104E+01
1.332000E+01 8.280404E+01
1.334000E+01 1.019090E+02
1.336000E+01 1.076451E+02
1.338000E+01 1.149548E+02
1.340000E+01 1.249620E+02
1.342000E+01 1.128396E+02
1.344000E+01 1.244505E+02
1.346000E+01 1.230618E+02
1.348000E+01 1.317006E+02
1.350000E+01 1.353114E+02
1.352000E+01 1.298031E+02
1.354000E+01 1.182360E+02
1.356000E+01 1.289600E+02
1.358000E+01 1.121454E+02
1.360000E+01 1.253436E+02
1.362000E+01 1.273507E+02
1.364000E+01 1.187236E+02
1.366000E+01 9.199092E+01
1.368000E+01 1.330496E+02
1.370000E+01 1.189505E+02
1.372000E+01 1.134094E+02
1.374000E+01 9.572227E+01
1.376000E+01 1.022826E+02
1.378000E+01 1.001743E+02
1.380000E+01 1.182870E+02
1.382000E+01 1.138497E+02
1.384000E+01 1.145129E+02
1.386000E+01 1.120013E+02
1.388000E+01 1.063752E+02
1.390000E+01 1.047666E+02
1.392000E+01 1.091653E+02
1.394000E+01 1.090196E+02
1.396000E+01 1.033006E+02
1.398000E+01 8.748582E+01
1.400000E+01 8.297596E+01
1.402000E+01 7.739937E+01
1.404000E+01 8.056944E+01
1.406000E+01 9.893543E+01
1.408000E+01 9.433681E+01
1.410000E+01 8.657010E+01
1.412000E+01 9.627649E+01
1.414000E+01 1.091720E+02
1.416000E+01 8.272826E+01
1.418000E+01 8.713785E+01
1.420000E+01 8.820952E+01
1.422000E+01 6.687771E+01
1.424000E+01 8.717622E+01
1.426000E+01 7.709745E+01
1.428000E+01 7.252771E+01
1.430000E+01 8.407998E+01
1.432000E+01 7.296473E+01
1.434000E+01 8.487432E+01
1.436000E+01 1.031385E+02
1.438000E+01 9.722107E+01
1.440000E+01 9.297076E+01
1.442000E+01 8.968629E+01
1.444000E+01 9.102026E+01
1.446000E+01 1.112044E+02
1.448000E+01 1.004224E+02
1.450000E+01 9.226361E+01
1.452000E+01 7.096273E+01
1.454000E+01 7.875304E+01
1.456000E+01 8.865962E+01
1.458000E+01 8.898299E+01
1.460000E+01 9.072322E+01
1.462000E+01 9.152160E+01
1.464000E+01 1.110428E+02
1.466000E+01 1.041488E+02
1.468000E+01 1.097023E+02
1.470000E+01 1.117269E+02
1.472000E+01 9.417675E+01
1.474000E+01 9.527086E+01
1.476000E+01 1.250820E+02
1.478000E+01 1.136606E+02
1.480000E+01 1.171889E+02
1.482000E+01 1.275216E+02
1.484000E+01 1.507253E+02
1.486000E+01 1.314542E+02
1.488000E+01 1.410298E+02
1.490000E+01 1.424724E+02
1.492000E+01 1.474545E+02
1.494000E+01 1.277528E+02
1.496000E+01 1.294259E+02
1.498000E+01 1.358268E+02
1.500000E+01 1.321414E+02
1.502000E+01 1.041308E+02
1.504000E+01 1.060619E+02
1.506000E+01 9.689118E+01
1.508000E+01 1.096204E+02
1.510000E+01 9.993014E+01
1.512000E+01 9.121285E+01
1.514000E+01 8.481071E+01
1.516000E+01 9.268590E+01
1.518000E+01 7.392052E+01
1.520000E+01 7.942177E+01
1.522000E+01 8.555649E+01
1.524000E+01 8.872082E+01
1.526000E+01 8.478925E+01
1.528000E+01 8.666776E+01
1.530000E+01 9.171844E+01
1.532000E+01 1.011825E+02
1.534000E+01 8.704346E+01
1.536000E+01 7.667410E+01
1.538000E+01 8.969399E+01
1.540000E+01 8.551164E+01
1.542000E+01 8.760404E+01
1.544000E+01 8.113809E+01
1.546000E+01 8.556770E+01
1.548000E+01 9.267055E+01
1.550000E+01 7.553824E+01
1.552000E+01 7.535168E+01
1.554000E+01 7.937504E+01
1.556000E+01 8.413192E+01
1.558000E+01 8.607816E+01
1.560000E+01 7.591538E+01
1.562000E+01 7.514740E+01
1.564000E+01 8.456189E+01
1.566000E+01 7.567049E+01
1.568000E+01 7.485642E+01
1.570000E+01 7.596560E+01
1.572000E+01 8.708503E+01
1.574000E+01 8.464548E+01
1.576000E+01 9.828647E+01
1.578000E+01 1.102679E+02
1.580000E+01 1.125401E+02
1.582000E+01 9.179534E+01
1.584000E+01 1.118007E+02
1.586000E+01 1.139528E+02
1.588000E+01 1.095887E+02
1.590000E+01 1.219907E+02
1.592000E+01 1.022126E+02
1.594000E+01 1.129573E+02
1.596000E+01 1.143845E+02
1.598000E+01 1.179954E+02
1.600000E+01 1.063284E+02
1.602000E+01 1.143717E+02
1.604000E+01 1.067770E+02
1.606000E+01 1.014427E+02
1.608000E+01 1.262501E+02
1.610000E+01 1.287761E+02
1.612000E+01 1.290719E+02
1.614000E+01 1.365389E+02
1.616000E+01 1.355860E+02
1.618000E+01 1.125949E+02
1.620000E+01 1.440844E+02
1.622000E+01 1.593582E+02
1.624000E+01 1.045208E+02
1.626000E+01 1.272089E+02
1.628000E+01 1.075987E+02
1.630000E+01 1.091432E+02
1.632000E+01 1.022253E+02
1.634000E+01 1.131318E+02
1.636000E+01 1.123110E+02
1.638000E+01 7.882614E+01
1.640000E+01 9.285758E+01
1.642000E+01 1.092293E+02
1.644000E+01 9.331729E+01
1.646000E+01 9.862890E+01
1.648000E+01 9.137224E+01
1.650000E+01 9.501183E+01
1.652000E+01 9.219015E+01
1.654000E+01 8.106785E+01
1.656000E+01 9.789115E+01
1.658000E+01 9.533776E+01
1.660000E+01 8.268773E+01
1.662000E+01 8.424619E+01
1.664000E+01 8.249791E+01
1.666000E+01 8.092273E+01
1.668000E+01 8.788155E+01
1.670000E+01 8.686635E+01
1.672000E+01 8.363740E+01
1.674000E+01 8.006404E+01
1.676000E+01 8.415939E+01
1.678000E+01 8.961489E+01
1.680000E+01 8.868563E+01
1.682000E+01 8.646489E+01
1.684000E+01 7.774918E+01
1.686000E+01 7.683588E+01
1.688000E+01 7.331316E+01
1.690000E+01 8.226341E+01
1.692000E+01 9.172388E+01
1.694000E+01 9.331596E+01
1.696000E+01 7.800730E+01
1.698000E+01 9.395952E+01
1.700000E+01 1.119644E+02
1.702000E+01 9.886981E+01
1.704000E+01 1.093090E+02
1.706000E+01 9.147746E+01
1.708000E+01 1.056142E+02
1.710000E+01 9.839007E+01
1.712000E+01 1.138961E+02
1.714000E+01 1.083140E+02
1.716000E+01 1.254416E+02
1.718000E+01 1.167358E+02
1.720000E+01 1.212436E+02
1.722000E+01 1.175108E+02
1.724000E+01 1.217038E+02
1.726000E+01 1.187470E+02
1.728000E+01 1.170787E+02
1.730000E+01 9.368652E+01
1.732000E+01 1.031068E+02
1.734000E+01 1.014227E+02
1.736000E+01 9.021135E+01
1.738000E+01 1.056403E+02
1.740000E+01 9.682564E+01
1.742000E+01 1.047055E+02
1.744000E+01 9.523747E+01
1.746000E+01 1.034774E+02
1.748000E+01 1.184957E+02
1.750000E+01 1.214174E+02
1.752000E+01 1.213453E+02
1.754000E+01 1.128828E+02
1.756000E+01 1.226224E+02
1.758000E+01 1.211762E+02
1.760000E+01 1.143547E+02
1.762000E+01 7.880315E+01
1.764000E+01 8.447444E+01
1.766000E+01 8.645028E+01
1.768000E+01 1.250560E+02
1.770000E+01 9.737135E+01
1.772000E+01 1.083174E+02
1.774000E+01 9.842389E+01
1.776000E+01 9.393631E+01
1.778000E+01 1.050738E+02
1.780000E+01 1.131160E+02
1.782000E+01 1.058442E+02
1.784000E+01 1.080238E+02
1.786000E+01 9.062735E+01
1.788000E+01 9.881689E+01
1.790000E+01 9.316618E+01
1.792000E+01 9.220778E+01
1.794000E+01 8.263563E+01
1.796000E+01 9.618271E+01
1.798000E+01 8.109682E+01
1.800000E+01 9.602333E+01
1.802000E+01 7.830670E+01
1.804000E+01 9.818930E+01
1.806000E+01 9.153398E+01
1.808000E+01 1.099388E+02
1.810000E+01 8.962048E+01
1.812000E+01 9.420956E+01
1.814000E+01 8.268180E+01
1.816000E+01 1.040566E+02
1.818000E+01 1.089079E+02
1.820000E+01 1.036696E+02
1.822000E+01 9.710060E+01
1.824000E+01 1.002487E+02
1.826000E+01 8.905531E+01
1.828000E+01 1.011508E+02
1.830000E+01 9.540012E+01
1.832000E+01 1.070975E+02
1.834000E+01 9.268740E+01
1.836000E+01 9.763629E+01
1.838000E+01 9.917048E+01
1.840000E+01 1.251395E+02
1.842000E+01 1.029286E+02
1.844000E+01 9.437680E+01
1.846000E+01 8.973752E+01
1.848000E+01 1.075997E+02
1.850000E+01 1.148245E+02
1.852000E+01 1.047710E+02
1.854000E+01 1.023363E+02
1.856000E+01 1.090752E+02
1.858000E+01 9.669781E+01
1.860000E+01 1.044618E+02
1.862000E+01 1.068054E+02
1.864000E+01 1.189638E+02
1.866000E+01 1.050617E+02
1.868000E+01 1.129458E+02
1.870000E+01 9.542516E+01
1.872000E+01 1.053026E+02
1.874000E+01 9.621545E+01
1.876000E+01 8.451846E+01
1.878000E+01 7.463382E+01
1.880000E+01 9.645878E+01
1.882000E+01 1.010822E+02
1.884000E+01 1.053809E+02
1.886000E+01 9.484021E+01
1.888000E+01 1.047169E+02
1.890000E+01 9.563514E+01
1.892000E+01 9.625783E+01
1.894000E+01 1.055813E+02
1.896000E+01 9.192707E+01
1.898000E+01 8.812542E+01
1.900000E+01 9.966817E+01
1.902000E+01 8.691797E+01
1.904000E+01 1.049315E+02
1.906000E+01 9.684108E+01
1.908000E+01 9.720724E+01
1.910000E+01 1.064861E+02
1.912000E+01 9.319653E+01
1.914000E+01 8.345846E+01
1.916000E+01 8.373996E+01
1.918000E+01 8.838719E+01
1.920000E+01 7.370140E+01
1.922000E+01 9.207407E+01
1.924000E+01 8.450640E+01
1.926000E+01 8.507854E+01
1.928000E+01 7.293989E+01
1.930000E+01 8.690054E+01
1.932000E+01 1.031566E+02
1.934000E+01 9.990768E+01
1.936000E+01 1.030135E+02
1.938000E+01 9.406087E+01
1.940000E+01 1.040088E+02
1.942000E+01 9.405197E+01
1.944000E+01 9.927651E+01
1.946000E+01 9.571683E+01
1.948000E+01 9.617121E+01
1.950000E+01 8.700307E+01
1.952000E+01 1.000023E+02
1.954000E+01 1.008321E+02
1.956000E+01 9.982231E+01
1.958000E+01 1.071553E+02
1.960000E+01 1.001876E+02
1.962000E+01 1.049968E+02
1.964000E+01 9.769879E+01
1.966000E+01 1.125161E+02
1.968000E+01 1.100366E+02
1.970000E+01 9.513766E+01
1.972000E+01 1.117807E+02
1.974000E+01 9.975120E+01
1.976000E+01 1.170753E+02
1.978000E+01 1.363134E+02
1.980000E+01 1.203990E+02
1.982000E+01 1.124511E+02
1.984000E+01 1.249980E+02
1.986000E+01 9.794168E+01
1.988000E+01 1.090210E+02
1.990000E+01 1.213241E+02
1.992000E+01 1.071274E+02
1.994000E+01 9.793250E+01
1.996000E+01 1.158642E+02
1.998000E+01 1.138873E+02
2.000000E+01 1.178486E+02
