2.000000E-02 -2.688777E+01
4.000000E-02 -2.697564E+01
6.000000E-02 -2.721451E+01
8.000000E-02 -2.640832E+01
1.000000E-01 -2.686760E+01
1.200000E-01 -2.688401E+01
1.400000E-01 -2.679643E+01
1.600000E-01 -2.690113E+01
1.800000E-01 -2.695051E+01
2.000000E-01 -2.686602E+01
2.200000E-01 -2.701599E+01
2.400000E-01 -2.712080E+01
2.600000E-01 -2.718007E+01
2.800000E-01 -2.722908E+01
3.000000E-01 -2.733675E+01
3.200000E-01 -2.733909E+01
3.400000E-01 -2.745284E+01
3.600000E-01 -2.751759E+01
3.800000E-01 -2.759299E+01
4.000000E-01 -2.762005E+01
4.200000E-01 -2.768414E+01
4.400000E-01 -2.773602E+01
4.600000E-01 -2.778472E+01
4.800000E-01 -2.782901E+01
5.000000E-01 -2.788390E+01
5.200000E-01 -2.794220E+01
5.400000E-01 -2.798827E+01
5.600000E-01 -2.803369E+01
5.800000E-01 -2.807903E+01
6.000000E-01 -2.812748E+01
6.200000E-01 -2.817181E+01
6.400000E-01 -2.821906E+01
6.600000E-01 -2.826607E+01
6.800000E-01 -2.831447E+01
7.000000E-01 -2.835832E+01
7.200000E-01 -2.841199E+01
7.400000E-01 -2.845897E+01
7.600000E-01 -2.850134E+01
7.800000E-01 -2.854692E+01
8.000000E-01 -2.859215E+01
8.200000E-01 -2.863619E+01
8.400000E-01 -2.867994E+01
8.600000E-01 -2.873300E+01
8.800000E-01 -2.877642E+01
9.000000E-01 -2.882009E+01
9.200000E-01 -2.886464E+01
9.400000E-01 -2.890631E+01
9.600000E-01 -2.894701E+01
9.800000E-01 -2.898725E+01
1.000000E+00 -2.902880E+01
1.020000E+00 -2.907262E+01
1.040000E+00 -2.910953E+01
1.060000E+00 -2.914974E+01
1.080000E+00 -2.918360E+01
1.100000E+00 -2.921912E+01
1.120000E+00 -2.924823E+01
1.140000E+00 -2.928004E+01
1.160000E+00 -2.930066E+01
1.180000E+00 -2.932806E+01
1.200000E+00 -2.935564E+01
1.220000E+00 -2.937764E+01
1.240000E+00 -2.940055E+01
1.260000E+00 -2.941406E+01
1.280000E+00 -2.943271E+01
1.300000E+00 -2.942787E+01
1.320000E+00 -2.941018E+01
1.340000E+00 -2.938916E+01
1.360000E+00 -2.933338E+01
1.380000E+00 -2.930371E+01
1.400000E+00 -2.922375E+01
1.420000E+00 -2.912161E+01
1.440000E+00 -2.908069E+01
1.460000E+00 -2.890753E+01
1.480000E+00 -2.891546E+01
1.500000E+00 -2.893601E+01
1.520000E+00 -2.878866E+01
1.540000E+00 -2.874438E+01
1.560000E+00 -2.871967E+01
1.580000E+00 -2.868907E+01
1.600000E+00 -2.871788E+01
1.620000E+00 -2.866040E+01
1.640000E+00 -2.871339E+01
1.660000E+00 -2.867289E+01
1.680000E+00 -2.870353E+01
1.700000E+00 -2.873074E+01
1.720000E+00 -2.875660E+01
1.740000E+00 -2.878804E+01
1.760000E+00 -2.880524E+01
1.780000E+00 -2.878947E+01
1.800000E+00 -2.884071E+01
1.820000E+00 -2.885697E+01
1.840000E+00 -2.890037E+01
1.860000E+00 -2.892114E+01
1.880000E+00 -2.896061E+01
1.900000E+00 -2.898311E+01
1.920000E+00 -2.903285E+01
1.940000E+00 -2.904187E+01
1.960000E+00 -2.908192E+01
1.980000E+00 -2.911602E+01
2.000000E+00 -2.916077E+01
2.020000E+00 -2.916675E+01
2.040000E+00 -2.919108E+01
2.060000E+00 -2.921625E+01
2.080000E+00 -2.923132E+01
2.100000E+00 -2.925227E+01
2.120000E+00 -2.929753E+01
2.140000E+00 -2.931414E+01
2.160000E+00 -2.933177E+01
2.180000E+00 -2.933276E+01
2.200000E+00 -2.935802E+01
2.220000E+00 -2.937932E+01
2.240000E+00 -2.939286E+01
2.260000E+00 -2.936503E+01
2.280000E+00 -2.941009E+01
2.300000E+00 -2.938644E+01
2.320000E+00 -2.941726E+01
2.340000E+00 -2.941909E+01
2.360000E+00 -2.941860E+01
2.380000E+00 -2.941417E+01
2.400000E+00 -2.941512E+01
2.420000E+00 -2.941089E+01
2.440000E+00 -2.941500E+01
2.460000E+00 -2.938273E+01
2.480000E+00 -2.940917E+01
2.500000E+00 -2.938819E+01
2.520000E+00 -2.938259E+01
2.540000E+00 -2.932419E+01
2.560000E+00 -2.930656E+01
2.580000E+00 -2.931555E+01
2.600000E+00 -2.926008E+01
2.620000E+00 -2.916837E+01
2.640000E+00 -2.915673E+01
2.660000E+00 -2.911416E+01
2.680000E+00 -2.916718E+01
2.700000E+00 -2.910599E+01
2.720000E+00 -2.914309E+01
2.740000E+00 -2.910291E+01
2.760000E+00 -2.899244E+01
2.780000E+00 -2.889862E+01
2.800000E+00 -2.887868E+01
2.820000E+00 -2.888467E+01
2.840000E+00 -2.880617E+01
2.860000E+00 -2.878068E+01
2.880000E+00 -2.877785E+01
2.900000E+00 -2.881967E+01
2.920000E+00 -2.881787E+01
2.940000E+00 -2.879609E+01
2.960000E+00 -2.875048E+01
2.980000E+00 -2.887590E+01
3.000000E+00 -2.884743E+01
3.020000E+00 -2.883875E+01
3.040000E+00 -2.886398E+01
3.060000E+00 -2.892193E+01
3.080000E+00 -2.894034E+01
3.100000E+00 -2.895222E+01
3.120000E+00 -2.898039E+01
3.140000E+00 -2.901336E+01
3.160000E+00 -2.898130E+01
3.180000E+00 -2.899719E+01
3.200000E+00 -2.905079E+01
3.220000E+00 -2.907782E+01
3.240000E+00 -2.908456E+01
3.260000E+00 -2.911777E+01
3.280000E+00 -2.915935E+01
3.300000E+00 -2.919372E+01
3.320000E+00 -2.923532E+01
3.340000E+00 -2.925254E+01
3.360000E+00 -2.924482E+01
3.380000E+00 -2.924613E+01
3.400000E+00 -2.926383E+01
3.420000E+00 -2.928184E+01
3.440000E+00 -2.933542E+01
3.460000E+00 -2.936784E+01
3.480000E+00 -2.940090E+01
3.500000E+00 -2.941127E+01
3.520000E+00 -2.947141E+01
3.540000E+00 -2.944631E+01
3.560000E+00 -2.946144E+01
3.580000E+00 -2.944787E+01
3.600000E+00 -2.947556E+01
3.620000E+00 -2.945633E+01
3.640000E+00 -2.948616E+01
3.660000E+00 -2.951113E+01
3.680000E+00 -2.947912E+01
3.700000E+00 -2.948243E+01
3.720000E+00 -2.948264E+01
3.740000E+00 -2.952032E+01
3.760000E+00 -2.944685E+01
3.780000E+00 -2.939832E+01
3.800000E+00 -2.946541E+01
3.820000E+00 -2.942839E+01
3.840000E+00 -2.938973E+01
3.860000E+00 -2.938170E+01
3.880000E+00 -2.938813E+01
3.900000E+00 -2.925762E+01
3.920000E+00 -2.928232E+01
3.940000E+00 -2.920500E+01
3.960000E+00 -2.925406E+01
3.980000E+00 -2.920322E+01
4.000000E+00 -2.914117E+01
4.020000E+00 -2.907666E+01
4.040000E+00 -2.903583E+01
4.060000E+00 -2.897046E+01
4.080000E+00 -2.903910E+01
4.100000E+00 -2.894858E+01
4.120000E+00 -2.899087E+01
4.140000E+00 -2.902037E+01
4.160000E+00 -2.886952E+01
4.180000E+00 -2.885238E+01
4.200000E+00 -2.885037E+01
4.220000E+00 -2.881862E+01
4.240000E+00 -2.880307E+01
4.260000E+00 -2.882226E+01
4.280000E+00 -2.883504E+01
4.300000E+00 -2.890079E+01
4.320000E+00 -2.893690E+01
4.340000E+00 -2.896529E+01
4.360000E+00 -2.898559E+01
4.380000E+00 -2.897594E+01
4.400000E+00 -2.901141E+01
4.420000E+00 -2.903453E+01
4.440000E+00 -2.906861E+01
4.460000E+00 -2.907077E+01
4.480000E+00 -2.909629E+01
4.500000E+00 -2.913263E+01
4.520000E+00 -2.914186E+01
4.540000E+00 -2.915870E+01
4.560000E+00 -2.913464E+01
4.580000E+00 -2.918469E+01
4.600000E+00 -2.923472E+01
4.620000E+00 -2.929426E+01
4.640000E+00 -2.925767E+01
4.660000E+00 -2.926840E+01
4.680000E+00 -2.927064E+01
4.700000E+00 -2.932157E+01
4.720000E+00 -2.932678E+01
4.740000E+00 -2.931819E+01
4.760000E+00 -2.937488E+01
4.780000E+00 -2.940741E+01
4.800000E+00 -2.942445E+01
4.820000E+00 -2.938720E+01
4.840000E+00 -2.943356E+01
4.860000E+00 -2.943842E+01
4.880000E+00 -2.941458E+01
4.900000E+00 -2.942837E+01
4.920000E+00 -2.942984E+01
4.940000E+00 -2.941484E+01
4.960000E+00 -2.943153E+01
4.980000E+00 -2.941595E+01
5.000000E+00 -2.936137E+01
5.020000E+00 -2.939047E+01
5.040000E+00 -2.939345E+01
5.060000E+00 -2.941823E+01
5.080000E+00 -2.943452E+01
5.100000E+00 -2.936825E+01
5.120000E+00 -2.939903E+01
5.140000E+00 -2.944945E+01
5.160000E+00 -2.938166E+01
5.180000E+00 -2.937320E+01
5.200000E+00 -2.930459E+01
5.220000E+00 -2.929245E+01
5.240000E+00 -2.934543E+01
5.260000E+00 -2.930544E+01
5.280000E+00 -2.930134E+01
5.300000E+00 -2.924948E+01
5.320000E+00 -2.918832E+01
5.340000E+00 -2.918122E+01
5.360000E+00 -2.917890E+01
5.380000E+00 -2.918610E+01
5.400000E+00 -2.911677E+01
5.420000E+00 -2.914965E+01
5.440000E+00 -2.907669E+01
5.460000E+00 -2.905813E+01
5.480000E+00 -2.906066E+01
5.500000E+00 -2.903921E+01
5.520000E+00 -2.907737E+01
5.540000E+00 -2.904876E+01
5.560000E+00 -2.906502E+01
5.580000E+00 -2.910865E+01
5.600000E+00 -2.913573E+01
5.620000E+00 -2.901980E+01
5.640000E+00 -2.905743E+01
5.660000E+00 -2.913861E+01
5.680000E+00 -2.911186E+01
5.700000E+00 -2.910135E+01
5.720000E+00 -2.912971E+01
5.740000E+00 -2.913322E+01
5.760000E+00 -2.911791E+01
5.780000E+00 -2.913322E+01
5.800000E+00 -2.913758E+01
5.820000E+00 -2.918279E+01
5.840000E+00 -2.916842E+01
5.860000E+00 -2.920931E+01
5.880000E+00 -2.926608E+01
5.900000E+00 -2.921157E+01
5.920000E+00 -2.916058E+01
5.940000E+00 -2.919721E+01
5.960000E+00 -2.925258E+01
5.980000E+00 -2.921775E+01
6.000000E+00 -2.925416E+01
6.020000E+00 -2.928546E+01
6.040000E+00 -2.927038E+01
6.060000E+00 -2.929451E+01
6.080000E+00 -2.933281E+01
6.100000E+00 -2.931878E+01
6.120000E+00 -2.930458E+01
6.140000E+00 -2.934047E+01
6.160000E+00 -2.937400E+01
6.180000E+00 -2.932313E+01
6.200000E+00 -2.936175E+01
6.220000E+00 -2.937771E+01
6.240000E+00 -2.933263E+01
6.260000E+00 -2.938148E+01
6.280000E+00 -2.938843E+01
6.300000E+00 -2.936159E+01
6.320000E+00 -2.928292E+01
6.340000E+00 -2.935226E+01
6.360000E+00 -2.932506E+01
6.380000E+00 -2.928854E+01
6.400000E+00 -2.932826E+01
6.420000E+00 -2.931791E+01
6.440000E+00 -2.926663E+01
6.460000E+00 -2.924688E+01
6.480000E+00 -2.921940E+01
6.500000E+00 -2.922798E+01
6.520000E+00 -2.923151E+01
6.540000E+00 -2.919428E+01
6.560000E+00 -2.927530E+01
6.580000E+00 -2.923636E+01
6.600000E+00 -2.921578E+01
6.620000E+00 -2.918078E+01
6.640000E+00 -2.917911E+01
6.660000E+00 -2.922726E+01
6.680000E+00 -2.911164E+01
6.700000E+00 -2.919849E+01
6.720000E+00 -2.915408E+01
6.740000E+00 -2.909166E+01
6.760000E+00 -2.911464E+01
6.780000E+00 -2.915791E+01
6.800000E+00 -2.909964E+01
6.820000E+00 -2.910958E+01
6.840000E+00 -2.909510E+01
6.860000E+00 -2.913355E+01
6.880000E+00 -2.916409E+01
6.900000E+00 -2.913539E+01
6.920000E+00 -2.912683E+01
6.940000E+00 -2.910485E+01
6.960000E+00 -2.916157E+01
6.980000E+00 -2.921265E+01
7.000000E+00 -2.916562E+01
7.020000E+00 -2.922649E+01
7.040000E+00 -2.923127E+01
7.060000E+00 -2.920163E+01
7.080000E+00 -2.919265E+01
7.100000E+00 -2.916051E+01
7.120000E+00 -2.918326E+01
7.140000E+00 -2.923256E+01
7.160000E+00 -2.924850E+01
7.180000E+00 -2.921159E+01
7.200000E+00 -2.918832E+01
7.220000E+00 -2.918806E+01
7.240000E+00 -2.921465E+01
7.260000E+00 -2.921731E+01
7.280000E+00 -2.928566E+01
7.300000E+00 -2.928729E+01
7.320000E+00 -2.926142E+01
7.340000E+00 -2.928924E+01
7.360000E+00 -2.928810E+01
7.380000E+00 -2.932348E+01
7.400000E+00 -2.934605E+01
7.420000E+00 -2.931929E+01
7.440000E+00 -2.938407E+01
7.460000E+00 -2.939110E+01
7.480000E+00 -2.935427E+01
7.500000E+00 -2.929638E+01
7.520000E+00 -2.936711E+01
7.540000E+00 -2.935358E+01
7.560000E+00 -2.926488E+01
7.580000E+00 -2.934169E+01
7.600000E+00 -2.930608E+01
7.620000E+00 -2.925152E+01
7.640000E+00 -2.932717E+01
7.660000E+00 -2.935891E+01
7.680000E+00 -2.935103E+01
7.700000E+00 -2.931983E+01
7.720000E+00 -2.932527E+01
7.740000E+00 -2.925686E+01
7.760000E+00 -2.934231E+01
7.780000E+00 -2.928920E+01
7.800000E+00 -2.928481E+01
7.820000E+00 -2.920274E+01
7.840000E+00 -2.917344E+01
7.860000E+00 -2.914553E+01
7.880000E+00 -2.914017E+01
7.900000E+00 -2.915477E+01
7.920000E+00 -2.918348E+01
7.940000E+00 -2.921583E+01
7.960000E+00 -2.924545E+01
7.980000E+00 -2.919771E+01
8.000000E+00 -2.913024E+01
8.020000E+00 -2.921013E+01
8.040000E+00 -2.911366E+01
8.060000E+00 -2.916394E+01
8.080000E+00 -2.912023E+01
8.100000E+00 -2.920351E+01
8.120000E+00 -2.915766E+01
8.140000E+00 -2.915669E+01
8.160000E+00 -2.919055E+01
8.180000E+00 -2.918955E+01
8.200000E+00 -2.921314E+01
8.220000E+00 -2.911507E+01
8.240000E+00 -2.914131E+01
8.260000E+00 -2.920184E+01
8.280000E+00 -2.914297E+01
8.300000E+00 -2.909628E+01
8.320000E+00 -2.911432E+01
8.340000E+00 -2.917377E+01
8.360000E+00 -2.908457E+01
8.380000E+00 -2.907752E+01
8.400000E+00 -2.918609E+01
8.420000E+00 -2.918878E+01
8.440000E+00 -2.919257E+01
8.460000E+00 -2.918504E+01
8.480000E+00 -2.924744E+01
8.500000E+00 -2.922175E+01
8.520000E+00 -2.919563E+01
8.540000E+00 -2.915700E+01
8.560000E+00 -2.917204E+01
8.580000E+00 -2.915246E+01
8.600000E+00 -2.918278E+01
8.620000E+00 -2.921118E+01
8.640000E+00 -2.919720E+01
8.660000E+00 -2.921482E+01
8.680000E+00 -2.925523E+01
8.700000E+00 -2.922442E+01
8.720000E+00 -2.927204E+01
8.740000E+00 -2.928726E+01
8.760000E+00 -2.930477E+01
8.780000E+00 -2.932052E+01
8.800000E+00 -2.926225E+01
8.820000E+00 -2.928810E+01
8.840000E+00 -2.928375E+01
8.860000E+00 -2.933071E+01
8.880000E+00 -2.934316E+01
8.900000E+00 -2.932361E+01
8.920000E+00 -2.933105E+01
8.940000E+00 -2.931729E+01
8.960000E+00 -2.932807E+01
8.980000E+00 -2.940811E+01
9.000000E+00 -2.937429E+01
9.020000E+00 -2.937967E+01
9.040000E+00 -2.944195E+01
9.060000E+00 -2.938483E+01
9.080000E+00 -2.938240E+01
9.100000E+00 -2.934972E+01
9.120000E+00 -2.937313E+01
9.140000E+00 -2.938088E+01
9.160000E+00 -2.932378E+01
9.180000E+00 -2.934323E+01
9.200000E+00 -2.934788E+01
9.220000E+00 -2.930869E+01
9.240000E+00 -2.931931E+01
9.260000E+00 -2.933813E+01
9.280000E+00 -2.936039E+01
9.300000E+00 -2.931945E+01
9.320000E+00 -2.937281E+01
9.340000E+00 -2.940613E+01
9.360000E+00 -2.935375E+01
9.380000E+00 -2.928174E+01
9.400000E+00 -2.919827E+01
9.420000E+00 -2.915177E+01
9.440000E+00 -2.917408E+01
9.460000E+00 -2.920089E+01
9.480000E+00 -2.920306E+01
9.500000E+00 -2.918467E+01
9.520000E+00 -2.915906E+01
9.540000E+00 -2.914429E+01
9.560000E+00 -2.924921E+01
9.580000E+00 -2.921862E+01
9.600000E+00 -2.919728E+01
9.620000E+00 -2.920453E+01
9.640000E+00 -2.908649E+01
9.660000E+00 -2.909245E+01
9.680000E+00 -2.908216E+01
9.700000E+00 -2.913357E+01
9.720000E+00 -2.914958E+01
9.740000E+00 -2.919091E+01
9.760000E+00 -2.915206E+01
9.780000E+00 -2.920601E+01
9.800000E+00 -2.917053E+01
9.820000E+00 -2.920209E+01
9.840000E+00 -2.914357E+01
9.860000E+00 -2.915915E+01
9.880000E+00 -2.920191E+01
9.900000E+00 -2.916221E+01
9.920000E+00 -2.916201E+01
9.940000E+00 -2.922956E+01
9.960000E+00 -2.921211E+01
9.980000E+00 -2.918960E+01
1.000000E+01 -2.923871E+01
1.002000E+01 -2.926439E+01
1.004000E+01 -2.925499E+01
1.006000E+01 -2.922731E+01
1.008000E+01 -2.933838E+01
1.010000E+01 -2.934224E+01
1.012000E+01 -2.935186E+01
1.014000E+01 -2.936345E+01
1.016000E+01 -2.940223E+01
1.018000E+01 -2.939614E+01
1.020000E+01 -2.935204E+01
1.022000E+01 -2.938927E+01
1.024000E+01 -2.944967E+01
1.026000E+01 -2.938436E+01
1.028000E+01 -2.932548E+01
1.030000E+01 -2.939033E+01
1.032000E+01 -2.945070E+01
1.034000E+01 -2.942260E+01
1.036000E+01 -2.950134E+01
1.038000E+01 -2.942604E+01
1.040000E+01 -2.944173E+01
1.042000E+01 -2.949639E+01
1.044000E+01 -2.936921E+01
1.046000E+01 -2.942816E+01
1.048000E+01 -2.940852E+01
1.050000E+01 -2.936966E+01
1.052000E+01 -2.940808E+01
1.054000E+01 -2.934696E+01
1.056000E+01 -2.933126E+01
1.058000E+01 -2.939411E+01
1.060000E+01 -2.937202E+01
1.062000E+01 -2.940278E+01
1.064000E+01 -2.934155E+01
1.066000E+01 -2.929144E+01
1.068000E+01 -2.930459E+01
1.070000E+01 -2.938043E+01
1.072000E+01 -2.930797E+01
1.074000E+01 -2.929381E+01
1.076000E+01 -2.928547E+01
1.078000E+01 -2.922170E+01
1.080000E+01 -2.918718E+01
1.082000E+01 -2.915588E+01
1.084000E+01 -2.915788E+01
1.086000E+01 -2.923292E+01
1.088000E+01 -2.915388E+01
1.090000E+01 -2.913350E+01
1.092000E+01 -2.909538E+01
1.094000E+01 -2.918798E+01
1.096000E+01 -2.917154E+01
1.098000E+01 -2.912799E+01
1.100000E+01 -2.905685E+01
1.102000E+01 -2.918208E+01
1.104000E+01 -2.903987E+01
1.106000E+01 -2.896619E+01
1.108000E+01 -2.901651E+01
1.110000E+01 -2.902729E+01
1.112000E+01 -2.910520E+01
1.114000E+01 -2.908903E+01
1.116000E+01 -2.907232E+01
1.118000E+01 -2.909949E+01
1.120000E+01 -2.909209E+01
1.122000E+01 -2.907843E+01
1.124000E+01 -2.917275E+01
1.126000E+01 -2.916226E+01
1.128000E+01 -2.918818E+01
1.130000E+01 -2.914754E+01
1.132000E+01 -2.924231E+01
1.134000E+01 -2.926215E+01
1.136000E+01 -2.929448E+01
1.138000E+01 -2.927996E+01
1.140000E+01 -2.928800E+01
1.142000E+01 -2.930001E+01
1.144000E+01 -2.929724E+01
1.146000E+01 -2.932608E+01
1.148000E+01 -2.931580E+01
1.150000E+01 -2.932152E+01
1.152000E+01 -2.935527E+01
1.154000E+01 -2.939168E+01
1.156000E+01 -2.932493E+01
1.158000E+01 -2.937886E+01
1.160000E+01 -2.938972E+01
1.162000E+01 -2.939341E+01
1.164000E+01 -2.940554E+01
1.166000E+01 -2.940045E+01
1.168000E+01 -2.940605E+01
1.170000E+01 -2.943798E+01
1.172000E+01 -2.940894E+01
1.174000E+01 -2.942174E+01
1.176000E+01 -2.941538E+01
1.178000E+01 -2.941954E+01
1.180000E+01 -2.943826E+01
1.182000E+01 -2.942735E+01
1.184000E+01 -2.943607E+01
1.186000E+01 -2.945302E+01
1.188000E+01 -2.942765E+01
1.190000E+01 -2.941144E+01
1.192000E+01 -2.942710E+01
1.194000E+01 -2.939775E+01
1.196000E+01 -2.929130E+01
1.198000E+01 -2.931583E+01
1.200000E+01 -2.933867E+01
1.202000E+01 -2.927397E+01
1.204000E+01 -2.930769E+01
1.206000E+01 -2.923957E+01
1.208000E+01 -2.927120E+01
1.210000E+01 -2.926741E+01
1.212000E+01 -2.927380E+01
1.214000E+01 -2.919890E+01
1.216000E+01 -2.923397E+01
1.218000E+01 -2.919058E+01
1.220000E+01 -2.910418E+01
1.222000E+01 -2.902139E+01
1.224000E+01 -2.905274E+01
1.226000E+01 -2.909054E+01
1.228000E+01 -2.912722E+01
1.230000E+01 -2.910465E+01
1.232000E+01 -2.907473E+01
1.234000E+01 -2.907515E+01
1.236000E+01 -2.903437E+01
1.238000E+01 -2.900207E+01
1.240000E+01 -2.903859E+01
1.242000E+01 -2.908668E+01
1.244000E+01 -2.904704E+01
1.246000E+01 -2.909027E+01
1.248000E+01 -2.909308E+01
1.250000E+01 -2.905561E+01
1.252000E+01 -2.903962E+01
1.254000E+01 -2.911789E+01
1.256000E+01 -2.906693E+01
1.258000E+01 -2.905055E+01
1.260000E+01 -2.906132E+01
1.262000E+01 -2.910154E+01
1.264000E+01 -2.909618E+01
1.266000E+01 -2.909187E+01
1.268000E+01 -2.917003E+01
1.270000E+01 -2.919940E+01
1.272000E+01 -2.920525E+01
1.274000E+01 -2.917393E+01
1.276000E+01 -2.922406E+01
1.278000E+01 -2.916997E+01
1.280000E+01 -2.916181E+01
1.282000E+01 -2.915752E+01
1.284000E+01 -2.920867E+01
1.286000E+01 -2.925086E+01
1.288000E+01 -2.924457E+01
1.290000E+01 -2.931063E+01
1.292000E+01 -2.929324E+01
1.294000E+01 -2.929573E+01
1.296000E+01 -2.926552E+01
1.298000E+01 -2.926063E+01
1.300000E+01 -2.926863E+01
1.302000E+01 -2.930047E+01
1.304000E+01 -2.932813E+01
1.306000E+01 -2.929579E+01
1.308000E+01 -2.936261E+01
1.310000E+01 -2.937933E+01
1.312000E+01 -2.939652E+01
1.314000E+01 -2.931598E+01
1.316000E+01 -2.934558E+01
1.318000E+01 -2.932180E+01
1.320000E+01 -2.929857E+01
1.322000E+01 -2.935851E+01
1.324000E+01 -2.933123E+01
1.326000E+01 -2.932195E+01
1.328000E+01 -2.927596E+01
1.330000E+01 -2.926693E+01
1.332000E+01 -2.930536E+01
1.334000E+01 -2.935825E+01
1.336000E+01 -2.932835E+01
1.338000E+01 -2.932541E+01
1.340000E+01 -2.939869E+01
1.342000E+01 -2.927454E+01
1.344000E+01 -2.926243E+01
1.346000E+01 -2.919481E+01
1.348000E+01 -2.913038E+01
1.350000E+01 -2.917782E+01
1.352000E+01 -2.916311E+01
1.354000E+01 -2.906898E+01
1.356000E+01 -2.908637E+01
1.358000E+01 -2.909031E+01
1.360000E+01 -2.914690E+01
1.362000E+01 -2.905359E+01
1.364000E+01 -2.901374E+01
1.366000E+01 -2.901808E+01
1.368000E+01 -2.916530E+01
1.370000E+01 -2.905494E+01
1.372000E+01 -2.900563E+01
1.374000E+01 -2.899048E+01
1.376000E+01 -2.901697E+01
1.378000E+01 -2.898777E+01
1.380000E+01 -2.906384E+01
1.382000E+01 -2.905540E+01
1.384000E+01 -2.904109E+01
1.386000E+01 -2.900441E+01
1.388000E+01 -2.901360E+01
1.390000E+01 -2.903109E+01
1.392000E+01 -2.907648E+01
1.394000E+01 -2.909195E+01
1.396000E+01 -2.904224E+01
1.398000E+01 -2.901296E+01
1.400000E+01 -2.904145E+01
1.402000E+01 -2.904617E+01
1.404000E+01 -2.907182E+01
1.406000E+01 -2.909873E+01
1.408000E+01 -2.907094E+01
1.410000E+01 -2.909351E+01
1.412000E+01 -2.915563E+01
1.414000E+01 -2.917133E+01
1.416000E+01 -2.903974E+01
1.418000E+01 -2.906099E+01
1.420000E+01 -2.912130E+01
1.422000E+01 -2.904679E+01
1.424000E+01 -2.913450E+01
1.426000E+01 -2.908987E+01
1.428000E+01 -2.911474E+01
1.430000E+01 -2.923261E+01
1.432000E+01 -2.923086E+01
1.434000E+01 -2.926573E+01
1.436000E+01 -2.928985E+01
1.438000E+01 -2.923915E+01
1.440000E+01 -2.919209E+01
1.442000E+01 -2.919679E+01
1.444000E+01 -2.924088E+01
1.446000E+01 -2.931462E+01
1.448000E+01 -2.922041E+01
1.450000E+01 -2.919361E+01
1.452000E+01 -2.914785E+01
1.454000E+01 -2.915627E+01
1.456000E+01 -2.921814E+01
1.458000E+01 -2.921725E+01
1.460000E+01 -2.918720E+01
1.462000E+01 -2.917428E+01
1.464000E+01 -2.923949E+01
1.466000E+01 -2.921262E+01
1.468000E+01 -2.924831E+01
1.470000E+01 -2.922884E+01
1.472000E+01 -2.913134E+01
1.474000E+01 -2.912362E+01
1.476000E+01 -2.921740E+01
1.478000E+01 -2.916009E+01
1.480000E+01 -2.913253E+01
1.482000E+01 -2.910949E+01
1.484000E+01 -2.914129E+01
1.486000E+01 -2.911072E+01
1.488000E+01 -2.913886E+01
1.490000E+01 -2.911118E+01
1.492000E+01 -2.910759E+01
1.494000E+01 -2.907832E+01
1.496000E+01 -2.911303E+01
1.498000E+01 -2.905960E+01
1.500000E+01 -2.901237E+01
1.502000E+01 -2.897011E+01
1.504000E+01 -2.900646E+01
1.506000E+01 -2.896053E+01
1.508000E+01 -2.899735E+01
1.510000E+01 -2.898459E+01
1.512000E+01 -2.900810E+01
1.514000E+01 -2.902693E+01
1.516000E+01 -2.906617E+01
1.518000E+01 -2.900952E+01
1.520000E+01 -2.902341E+01
1.522000E+01 -2.906258E+01
1.524000E+01 -2.909266E+01
1.526000E+01 -2.906863E+01
1.528000E+01 -2.906900E+01
1.530000E+01 -2.913332E+01
1.532000E+01 -2.917452E+01
1.534000E+01 -2.913433E+01
1.536000E+01 -2.909844E+01
1.538000E+01 -2.917130E+01
1.540000E+01 -2.917373E+01
1.542000E+01 -2.915489E+01
1.544000E+01 -2.912347E+01
1.546000E+01 -2.917955E+01
1.548000E+01 -2.922889E+01
1.550000E+01 -2.913251E+01
1.552000E+01 -2.914484E+01
1.554000E+01 -2.919262E+01
1.556000E+01 -2.920332E+01
1.558000E+01 -2.922144E+01
1.560000E+01 -2.921795E+01
1.562000E+01 -2.924955E+01
1.564000E+01 -2.930035E+01
1.566000E+01 -2.923348E+01
1.568000E+01 -2.920284E+01
1.570000E+01 -2.923207E+01
1.572000E+01 -2.933172E+01
1.574000E+01 -2.933534E+01
1.576000E+01 -2.930950E+01
1.578000E+01 -2.932569E+01
1.580000E+01 -2.932235E+01
1.582000E+01 -2.924033E+01
1.584000E+01 -2.929492E+01
1.586000E+01 -2.928143E+01
1.588000E+01 -2.924206E+01
1.590000E+01 -2.928044E+01
1.592000E+01 -2.917329E+01
1.594000E+01 -2.916108E+01
1.596000E+01 -2.917891E+01
1.598000E+01 -2.916435E+01
1.600000E+01 -2.910772E+01
1.602000E+01 -2.911446E+01
1.604000E+01 -2.906368E+01
1.606000E+01 -2.905910E+01
1.608000E+01 -2.916981E+01
1.610000E+01 -2.913649E+01
1.612000E+01 -2.907954E+01
1.614000E+01 -2.909654E+01
1.616000E+01 -2.907487E+01
1.618000E+01 -2.894570E+01
1.620000E+01 -2.904742E+01
1.622000E+01 -2.912140E+01
1.624000E+01 -2.891084E+01
1.626000E+01 -2.902703E+01
1.628000E+01 -2.898913E+01
1.630000E+01 -2.898584E+01
1.632000E+01 -2.894781E+01
1.634000E+01 -2.899672E+01
1.636000E+01 -2.901224E+01
1.638000E+01 -2.891726E+01
1.640000E+01 -2.902714E+01
1.642000E+01 -2.912901E+01
1.644000E+01 -2.909955E+01
1.646000E+01 -2.911120E+01
1.648000E+01 -2.905039E+01
1.650000E+01 -2.904719E+01
1.652000E+01 -2.908219E+01
1.654000E+01 -2.906480E+01
1.656000E+01 -2.914501E+01
1.658000E+01 -2.912170E+01
1.660000E+01 -2.912726E+01
1.662000E+01 -2.918015E+01
1.664000E+01 -2.915386E+01
1.666000E+01 -2.915333E+01
1.668000E+01 -2.918298E+01
1.670000E+01 -2.923989E+01
1.672000E+01 -2.928826E+01
1.674000E+01 -2.931118E+01
1.676000E+01 -2.928581E+01
1.678000E+01 -2.923835E+01
1.680000E+01 -2.921624E+01
1.682000E+01 -2.922611E+01
1.684000E+01 -2.924016E+01
1.686000E+01 -2.921734E+01
1.688000E+01 -2.921168E+01
1.690000E+01 -2.926100E+01
1.692000E+01 -2.925706E+01
1.694000E+01 -2.922357E+01
1.696000E+01 -2.920588E+01
1.698000E+01 -2.928491E+01
1.700000E+01 -2.931090E+01
1.702000E+01 -2.925403E+01
1.704000E+01 -2.924585E+01
1.706000E+01 -2.914659E+01
1.708000E+01 -2.917684E+01
1.710000E+01 -2.912272E+01
1.712000E+01 -2.916272E+01
1.714000E+01 -2.917073E+01
1.716000E+01 -2.920964E+01
1.718000E+01 -2.917168E+01
1.720000E+01 -2.916375E+01
1.722000E+01 -2.913516E+01
1.724000E+01 -2.914053E+01
1.726000E+01 -2.911594E+01
1.728000E+01 -2.908614E+01
1.730000E+01 -2.901418E+01
1.732000E+01 -2.910926E+01
1.734000E+01 -2.910396E+01
1.736000E+01 -2.905574E+01
1.738000E+01 -2.915131E+01
1.740000E+01 -2.908904E+01
1.742000E+01 -2.909508E+01
1.744000E+01 -2.906962E+01
1.746000E+01 -2.909065E+01
1.748000E+01 -2.913606E+01
1.750000E+01 -2.912833E+01
1.752000E+01 -2.908737E+01
1.754000E+01 -2.907558E+01
1.756000E+01 -2.907297E+01
1.758000E+01 -2.905013E+01
1.760000E+01 -2.909264E+01
1.762000E+01 -2.893737E+01
1.764000E+01 -2.892241E+01
1.766000E+01 -2.896568E+01
1.768000E+01 -2.914471E+01
1.770000E+01 -2.903467E+01
1.772000E+01 -2.904553E+01
1.774000E+01 -2.900273E+01
1.776000E+01 -2.902589E+01
1.778000E+01 -2.910097E+01
1.780000E+01 -2.910324E+01
1.782000E+01 -2.905443E+01
1.784000E+01 -2.905010E+01
1.786000E+01 -2.904924E+01
1.788000E+01 -2.910675E+01
1.790000E+01 -2.911116E+01
1.792000E+01 -2.912570E+01
1.794000E+01 -2.906527E+01
1.796000E+01 -2.910252E+01
1.798000E+01 -2.909866E+01
1.800000E+01 -2.917952E+01
1.802000E+01 -2.914232E+01
1.804000E+01 -2.917178E+01
1.806000E+01 -2.911764E+01
1.808000E+01 -2.915831E+01
1.810000E+01 -2.908082E+01
1.812000E+01 -2.913211E+01
1.814000E+01 -2.909446E+01
1.816000E+01 -2.916066E+01
1.818000E+01 -2.916932E+01
1.820000E+01 -2.916865E+01
1.822000E+01 -2.910783E+01
1.824000E+01 -2.910797E+01
1.826000E+01 -2.909053E+01
1.828000E+01 -2.913731E+01
1.830000E+01 -2.913604E+01
1.832000E+01 -2.914957E+01
1.834000E+01 -2.910173E+01
1.836000E+01 -2.914253E+01
1.838000E+01 -2.913193E+01
1.840000E+01 -2.919216E+01
1.842000E+01 -2.909806E+01
1.844000E+01 -2.905319E+01
1.846000E+01 -2.900313E+01
1.848000E+01 -2.901962E+01
1.850000E+01 -2.902934E+01
1.852000E+01 -2.902986E+01
1.854000E+01 -2.907032E+01
1.856000E+01 -2.908921E+01
1.858000E+01 -2.901100E+01
1.860000E+01 -2.904703E+01
1.862000E+01 -2.902869E+01
1.864000E+01 -2.900707E+01
1.866000E+01 -2.898308E+01
1.868000E+01 -2.903477E+01
1.870000E+01 -2.901721E+01
1.872000E+01 -2.908840E+01
1.874000E+01 -2.906229E+01
1.876000E+01 -2.902950E+01
1.878000E+01 -2.903078E+01
1.880000E+01 -2.913798E+01
1.882000E+01 -2.916498E+01
1.884000E+01 -2.917198E+01
1.886000E+01 -2.914148E+01
1.888000E+01 -2.920456E+01
1.890000E+01 -2.916287E+01
1.892000E+01 -2.909920E+01
1.894000E+01 -2.908228E+01
1.896000E+01 -2.903296E+01
1.898000E+01 -2.902808E+01
1.900000E+01 -2.909826E+01
1.902000E+01 -2.907442E+01
1.904000E+01 -2.913396E+01
1.906000E+01 -2.910399E+01
1.908000E+01 -2.911656E+01
1.910000E+01 -2.915785E+01
1.912000E+01 -2.913453E+01
1.914000E+01 -2.914668E+01
1.916000E+01 -2.918292E+01
1.918000E+01 -2.920047E+01
1.920000E+01 -2.913155E+01
1.922000E+01 -2.919649E+01
1.924000E+01 -2.917443E+01
1.926000E+01 -2.916012E+01
1.928000E+01 -2.909826E+01
1.930000E+01 -2.913604E+01
1.932000E+01 -2.917766E+01
1.934000E+01 -2.916546E+01
1.936000E+01 -2.922413E+01
1.938000E+01 -2.918908E+01
1.940000E+01 -2.920514E+01
1.942000E+01 -2.913737E+01
1.944000E+01 -2.912200E+01
1.946000E+01 -2.913607E+01
1.948000E+01 -2.917614E+01
1.950000E+01 -2.914108E+01
1.952000E+01 -2.917310E+01
1.954000E+01 -2.919445E+01
1.956000E+01 -2.917335E+01
1.958000E+01 -2.916640E+01
1.960000E+01 -2.918885E+01
1.962000E+01 -2.918217E+01
1.964000E+01 -2.909955E+01
1.966000E+01 -2.911506E+01
1.968000E+01 -2.910908E+01
1.970000E+01 -2.909534E+01
1.972000E+01 -2.911844E+01
1.974000E+01 -2.902904E+01
1.976000E+01 -2.912557E+01
1.978000E+01 -2.919876E+01
1.980000E+01 -2.905269E+01
1.982000E+01 -2.903025E+01
1.984000E+01 -2.911303E+01
1.986000E+01 -2.903280E+01
1.988000E+01 -2.905928E+01
1.990000E+01 -2.907260E+01
1.992000E+01 -2.898620E+01
1.994000E+01 -2.897675E+01
1.996000E+01 -2.902336E+01
1.998000E+01 -2.900210E+01
2.000000E+01 -2.900814E+01
