amber                                                                           
         2         2        60  -75711.8413172    
     25.196959335562      0.000000000000      0.000000000000
      0.000000000000     25.196959335562      0.000000000000
      0.000000000000      0.000000000000     25.196959335562
OW               1
     2.538278198         6.663032558        0.4747361735    
 -0.178748587192      0.768169064447      -1.93952380859    
   7168.98789998      -7940.07158061      -4751.18836834    
HW               2
     1.882368557         6.035144767        0.7540916158    
   12.3160915612      -8.87213993263       5.72975151393    
  -2172.13113706       1522.85839136       901.740772756    
HW               3
     2.220449739         7.503845127        0.7821760654    
  -10.9410794696      -3.37587079591      -1.73204990686    
  -3752.18788357       7345.60493379       3874.86433333    
OW               4
     1.954120312         9.249813877         1.552374165    
  -1.42460744719     -0.827250651380      -2.64208884953    
  -12588.0863015      -10182.3340102       5835.71224603    
HW               5
     2.699729958         9.598442520         1.078006876    
   2.67144858970      -10.1917331955      -3.08619189158    
   9133.88599034       5880.15000281      -4789.20581970    
HW               6
     1.775896247         9.887683322         2.233445927    
   8.30292668873      0.383948537830      -1.23093986210    
   1611.66234823       1742.32418122      -895.050656816    
OW               7
     4.145573569         10.03259502        0.3049481401    
   5.23930855248      -2.96939953992       1.50248159241    
  -9313.96521876       3733.18184168       2924.28605418    
HW               8
     4.922769404         9.938021309        0.8430210409    
   3.47663808041       14.1740711759       7.06169442916    
   7400.96338407      -1737.39379904       1789.61703438    
HW               9
     4.434577431         9.842962393       -0.5799339012    
   15.7978972009       3.61509782160       3.53985751515    
   4677.65098508      -1118.26469345      -5610.17249267    
OW              10
     6.445826371         9.274163750         1.750636018    
  0.337592225392      0.678308371349      -2.47871836084    
  -4568.91353360       10504.3858645      -6412.58183172    
HW              11
     7.084978423         9.354077309         2.448918536    
  -4.48637241022       1.55318804506       1.83662975558    
   4488.88894463      -3329.68917650       5247.49833579    
HW              12
     6.300573598         8.340118667         1.655971306    
   16.0830360543     -0.398284051307      -16.0157956328    
  -664.260566349      -8361.34305009       1634.02956937    
OW              13
     8.133147029         6.140963705         2.826284259    
  0.762730902867      -2.51375166242      -1.28975329145    
   4527.50321266       6763.73221669       9658.64714352    
HW              14
     7.257609225         6.259751018         2.477252559    
  0.398689433357       10.0775691063       3.90868922592    
  -5970.58352460      -1893.03820050      -5438.30201242    
HW              15
     8.506154849         5.430331789         2.317985687    
  -14.9183940538      -12.4352436199       1.07371314182    
   1613.87890497      -4333.89368077      -4770.96047054    
OW              16
     4.848750486         6.900000691        -1.169098586    
 -0.992374409175     -0.325930377031       1.62578286555    
   10267.8851120      -9501.55691247       333.511697512    
HW              17
     4.728751369         7.766187491        -1.540340607    
   5.70149636881      -1.75503755764      -3.87233491358    
  -1916.52412621       5744.82850365      -1104.39748768    
HW              18
     4.028921298         6.704663892       -0.7306654331    
  0.613577852783       12.4123052632       10.3040789489    
  -8726.91888974       2017.46398331       2417.10489343    
OW              19
     5.662588572         6.540616106         1.555403734    
   3.96172751128      0.588766245664       5.71670871220    
   7518.61758604       3042.55834532       9488.08157254    
HW              20
     4.884985985         6.189180156         1.972928571    
   5.49630904507      -7.18348619960       2.03272582732    
  -3726.25640057      -837.871026796      -1983.32959179    
HW              21
     5.525917917         6.402827283        0.6254384850    
   5.97669636748       6.87160220826       4.48968255348    
  -2871.55733242      -257.372507931      -6025.78242945    
OW              22
     5.296989297         9.483490525        -2.222803424    
  -2.04288981456       2.15347409014      -1.33207546819    
  -13330.4980036      -4716.75293778       9048.21726026    
HW              23
     5.763464818         10.30774331        -2.297018913    
  -2.79111100288       1.82746471740      -9.65568831308    
   5843.39870528       3425.92343603      -4361.37534968    
HW              24
     5.693472859         8.917055719        -2.874303530    
  -8.81056419290     -0.613864830042      -3.04466853331    
   6034.01046720       648.564090785      -4559.83636569    
OW              25
     8.126548174         10.14577467       -0.1886881361    
   2.36808311525      0.478506342856     -0.278847154234    
   2245.09397034       1511.07869499      -14045.5932496    
HW              26
     8.902956223         10.41227869        0.2895023560    
   4.57850287447      0.660242553592      -3.96905252635    
   2736.26709437      -307.664054543       4878.92755062    
HW              27
     7.491487179         9.918846578        0.4804166129    
   9.27796692508      -10.2214359621       2.65055995998    
  -4250.37527842      -2094.90939248       7643.25402010    
OW              28
     8.660180386         8.742113520         3.481270324    
  -6.32859128591     -0.629168529178     -0.190943600200    
   377.848790328       13475.5056661      -1345.02570788    
HW              29
     8.564085466         7.811977223         3.313603291    
  -12.4382460013     -0.105237026906      0.404158901722    
  -1036.54873668      -11501.6366210      -50.3133976964    
HW              30
     8.658147281         8.822824423         4.427833375    
   2.46109887515     -0.880085123140     -0.150669403562    
   89.6241653206      -2555.02354432       1899.06745753    
OW              31
     7.345771975         5.469331434       -0.9229644354    
 -0.904273015292       2.57767016100     -0.397228266952    
   2219.26056685      -14585.1034864       8536.30049685    
HW              32
     7.889335779         6.084594497        -1.400970455    
  -2.70414720040      -4.75859905318      -11.8867947156    
   1706.29961388       8403.45107732      -3489.15907732    
HW              33
     6.452565120         5.731567411        -1.112473799    
  -1.70779383659      -5.77728603560      -8.17130213563    
  -4088.11240480       4860.07561120      -3477.91721400    
OW              34
     8.717833438         7.617814013        -1.693611623    
  -6.39341787462      0.987261940200       4.01526395235    
   7255.28672981      -11081.6131720       5729.55409915    
HW              35
     8.363091661         7.845160488        -2.545064411    
  -6.63650142667       4.33886239954       5.01145124008    
  -3837.18277220       6292.23859973      -6119.11709212    
HW              36
     8.598031610         8.395736588        -1.161649236    
  -1.22699762874      0.754377398254       5.51934159370    
  -2781.09707130       7460.83202329       424.325790543    
OW              37
     7.542444613         8.846143297        -3.844180147    
 -0.100776995846       2.58663420405       3.19394041331    
  -1320.29184340      -12759.6385454      -1830.74575052    
HW              38
     7.717550217         9.716407306        -3.505833311    
   15.5618649880       3.91548629045      -8.32994013242    
   519.636959824       10443.9617329       1625.71113603    
HW              39
     7.738453845         8.899111030        -4.772229064    
   2.63144763432      -13.7231875935       2.84013036391    
   601.066704401       2332.29971498      -1183.36314280    
OW              40
     7.366473369         11.28697444        -2.640826610    
  -2.26040100550       1.32272981227      -1.61841925736    
  -6800.28224921      -11518.6095479      -10342.6262234    
HW              41
     7.524002547         11.08373462        -1.726289498    
   3.56908068300      -4.96739428347      -4.02041822041    
   4728.38284420       959.056390891       7860.38918429    
HW              42
     7.412587379         12.23438383        -2.693637119    
  -5.15681765316       1.83700066989       5.07834722586    
   4504.14534335       9299.82987071       3056.00941725    
OW              43
     8.241766534        -11.37810940        -2.301567350    
 -0.111547727515      -2.64263703313     -0.279309160555    
  -6541.26295813      -1357.67181228      -6919.19716681    
HW              44
     8.347295567        -10.49381954        -2.632316586    
  -15.9921113483     -0.309057264701      0.892879214944    
   1602.65037653       917.340611004       1658.64464523    
HW              45
     8.691311507        -11.38288519        -1.464676376    
   2.11166577487       3.63519759720      -1.43770715246    
   5675.39898612       1862.47599029       6600.24891220    
OW              46
     9.441880184         4.581691277        0.8272305842    
   1.61620508016      0.882928448651     -0.489904346117E-01
   5510.36951063       1563.17681268       8056.16908658    
HW              47
     9.867025441         3.859390863        0.3799793999    
   2.60643333858      -6.36844135485       12.6030906673    
  -1145.58933943      -1194.98327569      -1925.81602151    
HW              48
     8.689593916         4.796082807        0.2881557886    
  -4.62042693066      -16.5181888368       1.73384280716    
  -6714.85285260       108.949006394      -7108.31697931    
OW              49
     10.58156272         7.186871663        0.4076776850    
   2.71366393155      0.935790554405E-01  -2.62696296987    
   6191.40057327       7994.85514665       4476.60794541    
HW              50
     10.05289772         7.115560965       -0.3784063485    
  -2.64230657417       3.76888882432      0.641676385936    
  -3838.19572856      -1962.08275625      -4773.35250619    
HW              51
     10.46296624         6.359719594        0.8596227298    
 -0.282496130358      0.937559025045      -1.86853943052    
  -2746.49637834      -5398.86412199      -252.319032220    
OW              52
     10.45936842         9.644391263         1.593595447    
   3.60270349775      -3.11854520877       1.06338926480    
   3921.85518943       17137.7050711      -4387.00906132    
HW              53
     9.933951663         9.382473116         2.340479720    
  -11.2074624068      0.872152827818      -7.95577649401    
  -4764.02913358      -5656.47460846       4989.38510142    
HW              54
     10.61330916         8.842547293         1.107953100    
   2.69577307238      -3.67898698598       1.70125233817    
   97.9312573003      -11151.4721534      -1800.58594071    
OW              55
     11.61685034         11.98215864        0.8943827202    
  -2.18361050771      -2.14205266600       1.84047826193    
   3104.12985496       10739.8037576      -4092.82872234    
HW              56
     11.13870530         11.18022391         1.069819343    
  -4.36491657735      -2.55297107040      -5.98291913049    
  -1762.28829061      -10222.0949209       4021.07877230    
HW              57
     12.53317191         11.74464843        0.9746552471    
  -2.62791344139      -7.18695885685      -8.01460406130    
   80.4319159935      -2585.40858358       786.863626616    
OW              58
     9.885437013        -11.35952028        0.5837023699E-01
   1.53298989630       4.52372063794      -2.22292935019    
  -12425.5090694       9579.60654122      -7742.46613097    
HW              59
     10.03116107        -10.91624641        0.8858802212    
 -0.619590137511       4.48314729898      -1.82212716917    
   2460.90331664      -2132.66910228       1299.18224316    
HW              60
     10.43487390        -12.13369496        0.9404478163E-01
   4.32728106302       6.49873572879      -2.39896403855    
   7738.67972064      -5038.31683499       4892.90489490    
