1.000000E-02 -1.176815E+02
2.000000E-02 -1.773862E+02
3.000000E-02 -2.277684E+02
4.000000E-02 -2.610005E+02
5.000000E-02 -2.548193E+02
6.000000E-02 -3.432224E+02
7.000000E-02 -3.328407E+02
8.000000E-02 -3.189575E+02
9.000000E-02 -3.867875E+02
1.000000E-01 -3.905420E+02
1.100000E-01 -3.753455E+02
1.200000E-01 -4.043335E+02
1.300000E-01 -4.192642E+02
1.400000E-01 -4.381642E+02
1.500000E-01 -4.579671E+02
1.600000E-01 -4.734549E+02
1.700000E-01 -4.663354E+02
1.800000E-01 -4.749476E+02
1.900000E-01 -4.925042E+02
2.000000E-01 -5.165710E+02
2.100000E-01 -5.267192E+02
2.200000E-01 -5.288864E+02
2.300000E-01 -5.300588E+02
2.400000E-01 -5.550325E+02
2.500000E-01 -5.623522E+02
2.600000E-01 -5.756955E+02
2.700000E-01 -5.746222E+02
2.800000E-01 -5.835845E+02
2.900000E-01 -5.974596E+02
3.000000E-01 -6.033880E+02
3.100000E-01 -6.075714E+02
3.200000E-01 -6.131243E+02
3.300000E-01 -6.280382E+02
3.400000E-01 -6.265215E+02
3.500000E-01 -6.377409E+02
3.600000E-01 -6.484061E+02
3.700000E-01 -6.558181E+02
3.800000E-01 -6.594309E+02
3.900000E-01 -6.605465E+02
4.000000E-01 -6.677544E+02
4.100000E-01 -6.768212E+02
4.200000E-01 -6.795170E+02
4.300000E-01 -6.783562E+02
4.400000E-01 -6.793649E+02
4.500000E-01 -6.821577E+02
4.600000E-01 -6.845944E+02
4.700000E-01 -6.860913E+02
4.800000E-01 -6.873761E+02
4.900000E-01 -6.878827E+02
5.000000E-01 -6.884485E+02
5.100000E-01 -6.901102E+02
5.200000E-01 -6.932219E+02
5.300000E-01 -6.952668E+02
5.400000E-01 -6.955888E+02
5.500000E-01 -6.964048E+02
5.600000E-01 -6.987077E+02
5.700000E-01 -7.016780E+02
5.800000E-01 -7.033088E+02
5.900000E-01 -7.044375E+02
6.000000E-01 -7.060588E+02
6.100000E-01 -7.082336E+02
6.200000E-01 -7.084123E+02
6.300000E-01 -7.081161E+02
6.400000E-01 -7.081926E+02
6.500000E-01 -7.086297E+02
6.600000E-01 -7.084686E+02
6.700000E-01 -7.087457E+02
6.800000E-01 -7.099635E+02
6.900000E-01 -7.107848E+02
7.000000E-01 -7.106919E+02
7.100000E-01 -7.114041E+02
7.200000E-01 -7.125098E+02
7.300000E-01 -7.128828E+02
7.400000E-01 -7.133148E+02
7.500000E-01 -7.141647E+02
7.600000E-01 -7.150496E+02
7.700000E-01 -7.150359E+02
7.800000E-01 -7.152959E+02
7.900000E-01 -7.157441E+02
8.000000E-01 -7.157551E+02
8.100000E-01 -7.159076E+02
8.200000E-01 -7.165248E+02
8.300000E-01 -7.172987E+02
8.400000E-01 -7.176481E+02
8.500000E-01 -7.182906E+02
8.600000E-01 -7.188906E+02
8.700000E-01 -7.191045E+02
8.800000E-01 -7.193690E+02
8.900000E-01 -7.197942E+02
9.000000E-01 -7.200593E+02
9.100000E-01 -7.203484E+02
9.200000E-01 -7.209556E+02
9.300000E-01 -7.213872E+02
9.400000E-01 -7.219137E+02
9.500000E-01 -7.225209E+02
9.600000E-01 -7.230819E+02
9.700000E-01 -7.232254E+02
9.800000E-01 -7.235520E+02
9.900000E-01 -7.240917E+02
1.000000E+00 -7.242510E+02
1.010000E+00 -7.245512E+02
1.020000E+00 -7.250241E+02
1.030000E+00 -7.251832E+02
1.040000E+00 -7.251781E+02
1.050000E+00 -7.252300E+02
1.060000E+00 -7.253589E+02
1.070000E+00 -7.254390E+02
1.080000E+00 -7.253428E+02
1.090000E+00 -7.259928E+02
1.100000E+00 -7.265030E+02
1.110000E+00 -7.267472E+02
1.120000E+00 -7.267012E+02
1.130000E+00 -7.263541E+02
1.140000E+00 -7.257654E+02
1.150000E+00 -7.250707E+02
1.160000E+00 -7.249398E+02
1.170000E+00 -7.246780E+02
1.180000E+00 -7.241584E+02
1.190000E+00 -7.240502E+02
1.200000E+00 -7.239720E+02
1.210000E+00 -7.233880E+02
1.220000E+00 -7.237073E+02
1.230000E+00 -7.237639E+02
1.240000E+00 -7.228646E+02
1.250000E+00 -7.232493E+02
1.260000E+00 -7.227792E+02
1.270000E+00 -7.218336E+02
1.280000E+00 -7.204912E+02
1.290000E+00 -7.193922E+02
1.300000E+00 -7.190148E+02
1.310000E+00 -7.187815E+02
1.320000E+00 -7.184582E+02
1.330000E+00 -7.163949E+02
1.340000E+00 -7.138082E+02
1.350000E+00 -7.107125E+02
1.360000E+00 -7.063577E+02
1.370000E+00 -7.028855E+02
1.380000E+00 -6.939917E+02
1.390000E+00 -6.807758E+02
1.400000E+00 -6.811685E+02
1.410000E+00 -6.827626E+02
1.420000E+00 -6.869709E+02
1.430000E+00 -6.829245E+02
1.440000E+00 -6.773478E+02
1.450000E+00 -6.746283E+02
1.460000E+00 -6.731009E+02
1.470000E+00 -6.731846E+02
1.480000E+00 -6.739677E+02
1.490000E+00 -6.721806E+02
1.500000E+00 -6.680585E+02
1.510000E+00 -6.621780E+02
1.520000E+00 -6.613389E+02
1.530000E+00 -6.597879E+02
1.540000E+00 -6.562495E+02
1.550000E+00 -6.575281E+02
1.560000E+00 -6.575392E+02
1.570000E+00 -6.617276E+02
1.580000E+00 -6.651947E+02
1.590000E+00 -6.632319E+02
1.600000E+00 -6.664900E+02
1.610000E+00 -6.731375E+02
1.620000E+00 -6.771007E+02
1.630000E+00 -6.685443E+02
1.640000E+00 -6.718421E+02
1.650000E+00 -6.826654E+02
1.660000E+00 -6.920594E+02
1.670000E+00 -6.993899E+02
1.680000E+00 -6.906152E+02
1.690000E+00 -6.909463E+02
1.700000E+00 -7.001298E+02
1.710000E+00 -7.011460E+02
1.720000E+00 -6.888139E+02
1.730000E+00 -6.943026E+02
1.740000E+00 -7.023782E+02
1.750000E+00 -7.041750E+02
1.760000E+00 -7.085013E+02
1.770000E+00 -7.046111E+02
1.780000E+00 -7.061998E+02
1.790000E+00 -7.147031E+02
1.800000E+00 -7.177838E+02
1.810000E+00 -7.182849E+02
1.820000E+00 -7.207669E+02
1.830000E+00 -7.325127E+02
1.840000E+00 -7.344600E+02
1.850000E+00 -7.393284E+02
1.860000E+00 -7.402489E+02
1.870000E+00 -7.420213E+02
1.880000E+00 -7.499426E+02
1.890000E+00 -7.493890E+02
1.900000E+00 -7.487146E+02
1.910000E+00 -7.445967E+02
1.920000E+00 -7.484658E+02
1.930000E+00 -7.423529E+02
1.940000E+00 -7.406901E+02
1.950000E+00 -7.436228E+02
1.960000E+00 -7.470694E+02
1.970000E+00 -7.514501E+02
1.980000E+00 -7.499906E+02
1.990000E+00 -7.539228E+02
2.000000E+00 -7.510346E+02
2.010000E+00 -7.489360E+02
2.020000E+00 -7.512239E+02
2.030000E+00 -7.523762E+02
2.040000E+00 -7.521315E+02
2.050000E+00 -7.522646E+02
2.060000E+00 -7.543626E+02
2.070000E+00 -7.509472E+02
2.080000E+00 -7.493688E+02
2.090000E+00 -7.524874E+02
2.100000E+00 -7.579962E+02
2.110000E+00 -7.594276E+02
2.120000E+00 -7.597772E+02
2.130000E+00 -7.611366E+02
2.140000E+00 -7.643901E+02
2.150000E+00 -7.632736E+02
2.160000E+00 -7.620391E+02
2.170000E+00 -7.626965E+02
2.180000E+00 -7.626618E+02
2.190000E+00 -7.619708E+02
2.200000E+00 -7.622824E+02
2.210000E+00 -7.591318E+02
2.220000E+00 -7.608828E+02
2.230000E+00 -7.605127E+02
2.240000E+00 -7.596297E+02
2.250000E+00 -7.593485E+02
2.260000E+00 -7.617223E+02
2.270000E+00 -7.633004E+02
2.280000E+00 -7.598505E+02
2.290000E+00 -7.587985E+02
2.300000E+00 -7.607016E+02
2.310000E+00 -7.612615E+02
2.320000E+00 -7.623635E+02
2.330000E+00 -7.611769E+02
2.340000E+00 -7.604142E+02
2.350000E+00 -7.606378E+02
2.360000E+00 -7.603251E+02
2.370000E+00 -7.567576E+02
2.380000E+00 -7.561244E+02
2.390000E+00 -7.576782E+02
2.400000E+00 -7.610869E+02
2.410000E+00 -7.568692E+02
2.420000E+00 -7.581273E+02
2.430000E+00 -7.541892E+02
2.440000E+00 -7.523573E+02
2.450000E+00 -7.520465E+02
2.460000E+00 -7.536805E+02
2.470000E+00 -7.543771E+02
2.480000E+00 -7.559135E+02
2.490000E+00 -7.522263E+02
2.500000E+00 -7.503548E+02
2.510000E+00 -7.527103E+02
2.520000E+00 -7.541356E+02
2.530000E+00 -7.488840E+02
2.540000E+00 -7.450844E+02
2.550000E+00 -7.510603E+02
2.560000E+00 -7.526600E+02
2.570000E+00 -7.467300E+02
2.580000E+00 -7.459718E+02
2.590000E+00 -7.415627E+02
2.600000E+00 -7.417616E+02
2.610000E+00 -7.395183E+02
2.620000E+00 -7.353726E+02
2.630000E+00 -7.332134E+02
2.640000E+00 -7.263023E+02
2.650000E+00 -7.239259E+02
2.660000E+00 -7.213853E+02
2.670000E+00 -7.170372E+02
2.680000E+00 -7.165628E+02
2.690000E+00 -7.142433E+02
2.700000E+00 -7.109758E+02
2.710000E+00 -7.115852E+02
2.720000E+00 -7.126794E+02
2.730000E+00 -7.161227E+02
2.740000E+00 -7.193017E+02
2.750000E+00 -7.204107E+02
2.760000E+00 -7.208286E+02
2.770000E+00 -7.252987E+02
2.780000E+00 -7.274465E+02
2.790000E+00 -7.151106E+02
2.800000E+00 -7.029516E+02
2.810000E+00 -7.082562E+02
2.820000E+00 -7.092053E+02
2.830000E+00 -7.039053E+02
2.840000E+00 -7.073214E+02
2.850000E+00 -6.971866E+02
2.860000E+00 -6.898768E+02
2.870000E+00 -6.835879E+02
2.880000E+00 -6.993593E+02
2.890000E+00 -6.995508E+02
2.900000E+00 -6.941781E+02
2.910000E+00 -7.019181E+02
2.920000E+00 -7.017547E+02
2.930000E+00 -7.020638E+02
2.940000E+00 -7.102896E+02
2.950000E+00 -7.047251E+02
2.960000E+00 -7.092064E+02
2.970000E+00 -7.182865E+02
2.980000E+00 -7.129743E+02
2.990000E+00 -7.152098E+02
3.000000E+00 -7.220857E+02
3.010000E+00 -7.195852E+02
3.020000E+00 -7.176703E+02
3.030000E+00 -7.207104E+02
3.040000E+00 -7.215372E+02
3.050000E+00 -7.230352E+02
3.060000E+00 -7.248366E+02
3.070000E+00 -7.212509E+02
3.080000E+00 -7.221845E+02
3.090000E+00 -7.301543E+02
3.100000E+00 -7.260999E+02
3.110000E+00 -7.261451E+02
3.120000E+00 -7.291655E+02
3.130000E+00 -7.259139E+02
3.140000E+00 -7.254898E+02
3.150000E+00 -7.249478E+02
3.160000E+00 -7.264313E+02
3.170000E+00 -7.358489E+02
3.180000E+00 -7.328551E+02
3.190000E+00 -7.349751E+02
3.200000E+00 -7.387988E+02
3.210000E+00 -7.391336E+02
3.220000E+00 -7.385431E+02
3.230000E+00 -7.378703E+02
3.240000E+00 -7.383001E+02
3.250000E+00 -7.394960E+02
3.260000E+00 -7.462237E+02
3.270000E+00 -7.458864E+02
3.280000E+00 -7.477534E+02
3.290000E+00 -7.466091E+02
3.300000E+00 -7.472310E+02
3.310000E+00 -7.497057E+02
3.320000E+00 -7.480239E+02
3.330000E+00 -7.479118E+02
3.340000E+00 -7.439120E+02
3.350000E+00 -7.469541E+02
3.360000E+00 -7.496147E+02
3.370000E+00 -7.531353E+02
3.380000E+00 -7.493426E+02
3.390000E+00 -7.530830E+02
3.400000E+00 -7.518676E+02
3.410000E+00 -7.482134E+02
3.420000E+00 -7.479124E+02
3.430000E+00 -7.527096E+02
3.440000E+00 -7.507742E+02
3.450000E+00 -7.492150E+02
3.460000E+00 -7.556463E+02
3.470000E+00 -7.551043E+02
3.480000E+00 -7.558404E+02
3.490000E+00 -7.551431E+02
3.500000E+00 -7.574766E+02
3.510000E+00 -7.516484E+02
3.520000E+00 -7.503965E+02
3.530000E+00 -7.507768E+02
3.540000E+00 -7.535118E+02
3.550000E+00 -7.557910E+02
3.560000E+00 -7.561646E+02
3.570000E+00 -7.529090E+02
3.580000E+00 -7.560173E+02
3.590000E+00 -7.601401E+02
3.600000E+00 -7.571942E+02
3.610000E+00 -7.572466E+02
3.620000E+00 -7.534982E+02
3.630000E+00 -7.523662E+02
3.640000E+00 -7.512279E+02
3.650000E+00 -7.499621E+02
3.660000E+00 -7.500227E+02
3.670000E+00 -7.583207E+02
3.680000E+00 -7.524696E+02
3.690000E+00 -7.550550E+02
3.700000E+00 -7.496537E+02
3.710000E+00 -7.448558E+02
3.720000E+00 -7.471264E+02
3.730000E+00 -7.456797E+02
3.740000E+00 -7.456373E+02
3.750000E+00 -7.412567E+02
3.760000E+00 -7.440785E+02
3.770000E+00 -7.516341E+02
3.780000E+00 -7.467062E+02
3.790000E+00 -7.460122E+02
3.800000E+00 -7.530632E+02
3.810000E+00 -7.422435E+02
3.820000E+00 -7.370042E+02
3.830000E+00 -7.448729E+02
3.840000E+00 -7.466877E+02
3.850000E+00 -7.422515E+02
3.860000E+00 -7.445463E+02
3.870000E+00 -7.398721E+02
3.880000E+00 -7.353466E+02
3.890000E+00 -7.373373E+02
3.900000E+00 -7.398566E+02
3.910000E+00 -7.366750E+02
3.920000E+00 -7.341716E+02
3.930000E+00 -7.360706E+02
3.940000E+00 -7.283700E+02
3.950000E+00 -7.309793E+02
3.960000E+00 -7.365721E+02
3.970000E+00 -7.374659E+02
3.980000E+00 -7.365911E+02
3.990000E+00 -7.302829E+02
4.000000E+00 -7.340260E+02
4.010000E+00 -7.273459E+02
4.020000E+00 -7.222143E+02
4.030000E+00 -7.248778E+02
4.040000E+00 -7.288326E+02
4.050000E+00 -7.271943E+02
4.060000E+00 -7.252046E+02
4.070000E+00 -7.280920E+02
4.080000E+00 -7.269398E+02
4.090000E+00 -7.200372E+02
4.100000E+00 -7.228945E+02
4.110000E+00 -7.235102E+02
4.120000E+00 -7.160236E+02
4.130000E+00 -7.155734E+02
4.140000E+00 -7.181393E+02
4.150000E+00 -7.146441E+02
4.160000E+00 -7.210908E+02
4.170000E+00 -7.289754E+02
4.180000E+00 -7.184218E+02
4.190000E+00 -7.152903E+02
4.200000E+00 -7.237421E+02
4.210000E+00 -7.198924E+02
4.220000E+00 -7.186413E+02
4.230000E+00 -7.159020E+02
4.240000E+00 -7.200185E+02
4.250000E+00 -7.162173E+02
4.260000E+00 -7.103602E+02
4.270000E+00 -7.246517E+02
4.280000E+00 -7.283188E+02
4.290000E+00 -7.201090E+02
4.300000E+00 -7.213203E+02
4.310000E+00 -7.235056E+02
4.320000E+00 -7.217770E+02
4.330000E+00 -7.285944E+02
4.340000E+00 -7.274838E+02
4.350000E+00 -7.300488E+02
4.360000E+00 -7.246000E+02
4.370000E+00 -7.356940E+02
4.380000E+00 -7.346274E+02
4.390000E+00 -7.324964E+02
4.400000E+00 -7.310216E+02
4.410000E+00 -7.345669E+02
4.420000E+00 -7.281926E+02
4.430000E+00 -7.286100E+02
4.440000E+00 -7.293019E+02
4.450000E+00 -7.294916E+02
4.460000E+00 -7.376631E+02
4.470000E+00 -7.367856E+02
4.480000E+00 -7.322311E+02
4.490000E+00 -7.404799E+02
4.500000E+00 -7.308446E+02
4.510000E+00 -7.375317E+02
4.520000E+00 -7.354156E+02
4.530000E+00 -7.360597E+02
4.540000E+00 -7.372713E+02
4.550000E+00 -7.411995E+02
4.560000E+00 -7.414966E+02
4.570000E+00 -7.474715E+02
4.580000E+00 -7.418537E+02
4.590000E+00 -7.412858E+02
4.600000E+00 -7.366719E+02
4.610000E+00 -7.469785E+02
4.620000E+00 -7.463524E+02
4.630000E+00 -7.478462E+02
4.640000E+00 -7.457540E+02
4.650000E+00 -7.536070E+02
4.660000E+00 -7.505516E+02
4.670000E+00 -7.478021E+02
4.680000E+00 -7.458409E+02
4.690000E+00 -7.495333E+02
4.700000E+00 -7.450191E+02
4.710000E+00 -7.436490E+02
4.720000E+00 -7.442243E+02
4.730000E+00 -7.451859E+02
4.740000E+00 -7.464944E+02
4.750000E+00 -7.509741E+02
4.760000E+00 -7.513687E+02
4.770000E+00 -7.515651E+02
4.780000E+00 -7.524638E+02
4.790000E+00 -7.485467E+02
4.800000E+00 -7.507189E+02
4.810000E+00 -7.494206E+02
4.820000E+00 -7.484453E+02
4.830000E+00 -7.485033E+02
4.840000E+00 -7.543909E+02
4.850000E+00 -7.534323E+02
4.860000E+00 -7.505584E+02
4.870000E+00 -7.524886E+02
4.880000E+00 -7.508312E+02
4.890000E+00 -7.518053E+02
4.900000E+00 -7.561131E+02
4.910000E+00 -7.546875E+02
4.920000E+00 -7.524370E+02
4.930000E+00 -7.522612E+02
4.940000E+00 -7.523576E+02
4.950000E+00 -7.489445E+02
4.960000E+00 -7.509763E+02
4.970000E+00 -7.546219E+02
4.980000E+00 -7.475036E+02
4.990000E+00 -7.468824E+02
5.000000E+00 -7.425706E+02
5.010000E+00 -7.457997E+02
5.020000E+00 -7.486115E+02
5.030000E+00 -7.482545E+02
5.040000E+00 -7.529987E+02
5.050000E+00 -7.552133E+02
5.060000E+00 -7.471795E+02
5.070000E+00 -7.426551E+02
5.080000E+00 -7.464488E+02
5.090000E+00 -7.514750E+02
5.100000E+00 -7.510680E+02
5.110000E+00 -7.530958E+02
5.120000E+00 -7.447955E+02
5.130000E+00 -7.462276E+02
5.140000E+00 -7.491785E+02
5.150000E+00 -7.480505E+02
5.160000E+00 -7.418681E+02
5.170000E+00 -7.497842E+02
5.180000E+00 -7.486983E+02
5.190000E+00 -7.441467E+02
5.200000E+00 -7.446485E+02
5.210000E+00 -7.462534E+02
5.220000E+00 -7.481356E+02
5.230000E+00 -7.407377E+02
5.240000E+00 -7.435456E+02
5.250000E+00 -7.411299E+02
5.260000E+00 -7.416239E+02
5.270000E+00 -7.395260E+02
5.280000E+00 -7.452656E+02
5.290000E+00 -7.450634E+02
5.300000E+00 -7.408506E+02
5.310000E+00 -7.403573E+02
5.320000E+00 -7.409514E+02
5.330000E+00 -7.389593E+02
5.340000E+00 -7.346756E+02
5.350000E+00 -7.298016E+02
5.360000E+00 -7.266056E+02
5.370000E+00 -7.290140E+02
5.380000E+00 -7.368615E+02
5.390000E+00 -7.339560E+02
5.400000E+00 -7.331397E+02
5.410000E+00 -7.319163E+02
5.420000E+00 -7.361433E+02
5.430000E+00 -7.362338E+02
5.440000E+00 -7.342572E+02
5.450000E+00 -7.361454E+02
5.460000E+00 -7.252133E+02
5.470000E+00 -7.273599E+02
5.480000E+00 -7.287946E+02
5.490000E+00 -7.232163E+02
5.500000E+00 -7.370694E+02
5.510000E+00 -7.345237E+02
5.520000E+00 -7.348599E+02
5.530000E+00 -7.290513E+02
5.540000E+00 -7.268564E+02
5.550000E+00 -7.293518E+02
5.560000E+00 -7.316769E+02
5.570000E+00 -7.348004E+02
5.580000E+00 -7.317030E+02
5.590000E+00 -7.366449E+02
5.600000E+00 -7.315249E+02
5.610000E+00 -7.302788E+02
5.620000E+00 -7.362565E+02
5.630000E+00 -7.398599E+02
5.640000E+00 -7.325661E+02
5.650000E+00 -7.381324E+02
5.660000E+00 -7.381602E+02
5.670000E+00 -7.329905E+02
5.680000E+00 -7.364984E+02
5.690000E+00 -7.331178E+02
5.700000E+00 -7.378763E+02
5.710000E+00 -7.296756E+02
5.720000E+00 -7.302075E+02
5.730000E+00 -7.319168E+02
5.740000E+00 -7.269701E+02
5.750000E+00 -7.240011E+02
5.760000E+00 -7.331205E+02
5.770000E+00 -7.345159E+02
5.780000E+00 -7.403233E+02
5.790000E+00 -7.358414E+02
5.800000E+00 -7.326633E+02
5.810000E+00 -7.413257E+02
5.820000E+00 -7.419982E+02
5.830000E+00 -7.365574E+02
5.840000E+00 -7.350642E+02
5.850000E+00 -7.403728E+02
5.860000E+00 -7.327760E+02
5.870000E+00 -7.377953E+02
5.880000E+00 -7.344678E+02
5.890000E+00 -7.410177E+02
5.900000E+00 -7.351242E+02
5.910000E+00 -7.315518E+02
5.920000E+00 -7.349911E+02
5.930000E+00 -7.393872E+02
5.940000E+00 -7.461068E+02
5.950000E+00 -7.419976E+02
5.960000E+00 -7.350352E+02
5.970000E+00 -7.400693E+02
5.980000E+00 -7.368213E+02
5.990000E+00 -7.320703E+02
6.000000E+00 -7.323264E+02
6.010000E+00 -7.327203E+02
6.020000E+00 -7.430537E+02
6.030000E+00 -7.407752E+02
6.040000E+00 -7.402243E+02
6.050000E+00 -7.414363E+02
6.060000E+00 -7.328375E+02
6.070000E+00 -7.390236E+02
6.080000E+00 -7.414050E+02
6.090000E+00 -7.437400E+02
6.100000E+00 -7.472701E+02
6.110000E+00 -7.430029E+02
6.120000E+00 -7.477793E+02
6.130000E+00 -7.488924E+02
6.140000E+00 -7.488871E+02
6.150000E+00 -7.508961E+02
6.160000E+00 -7.502580E+02
6.170000E+00 -7.489535E+02
6.180000E+00 -7.467035E+02
6.190000E+00 -7.461873E+02
6.200000E+00 -7.483100E+02
6.210000E+00 -7.427052E+02
6.220000E+00 -7.501940E+02
6.230000E+00 -7.468601E+02
6.240000E+00 -7.380994E+02
6.250000E+00 -7.419694E+02
6.260000E+00 -7.425733E+02
6.270000E+00 -7.395343E+02
6.280000E+00 -7.438375E+02
6.290000E+00 -7.530025E+02
6.300000E+00 -7.512303E+02
6.310000E+00 -7.489047E+02
6.320000E+00 -7.468559E+02
6.330000E+00 -7.528150E+02
6.340000E+00 -7.473059E+02
6.350000E+00 -7.482894E+02
6.360000E+00 -7.526293E+02
6.370000E+00 -7.542388E+02
6.380000E+00 -7.519789E+02
6.390000E+00 -7.489639E+02
6.400000E+00 -7.488381E+02
6.410000E+00 -7.490130E+02
6.420000E+00 -7.419977E+02
6.430000E+00 -7.411440E+02
6.440000E+00 -7.390135E+02
6.450000E+00 -7.459148E+02
6.460000E+00 -7.421158E+02
6.470000E+00 -7.423986E+02
6.480000E+00 -7.496197E+02
6.490000E+00 -7.443791E+02
6.500000E+00 -7.473144E+02
6.510000E+00 -7.401688E+02
6.520000E+00 -7.371108E+02
6.530000E+00 -7.387546E+02
6.540000E+00 -7.413341E+02
6.550000E+00 -7.404597E+02
6.560000E+00 -7.532850E+02
6.570000E+00 -7.514852E+02
6.580000E+00 -7.433098E+02
6.590000E+00 -7.416980E+02
6.600000E+00 -7.425345E+02
6.610000E+00 -7.396212E+02
6.620000E+00 -7.393489E+02
6.630000E+00 -7.458148E+02
6.640000E+00 -7.466447E+02
6.650000E+00 -7.478378E+02
6.660000E+00 -7.477574E+02
6.670000E+00 -7.437717E+02
6.680000E+00 -7.510147E+02
6.690000E+00 -7.531481E+02
6.700000E+00 -7.487271E+02
6.710000E+00 -7.452672E+02
6.720000E+00 -7.490307E+02
6.730000E+00 -7.469407E+02
6.740000E+00 -7.363990E+02
6.750000E+00 -7.363676E+02
6.760000E+00 -7.375691E+02
6.770000E+00 -7.390379E+02
6.780000E+00 -7.320561E+02
6.790000E+00 -7.314816E+02
6.800000E+00 -7.369769E+02
6.810000E+00 -7.409327E+02
6.820000E+00 -7.378905E+02
6.830000E+00 -7.450596E+02
6.840000E+00 -7.349654E+02
6.850000E+00 -7.409820E+02
6.860000E+00 -7.430634E+02
6.870000E+00 -7.385398E+02
6.880000E+00 -7.483185E+02
6.890000E+00 -7.473275E+02
6.900000E+00 -7.414365E+02
6.910000E+00 -7.510369E+02
6.920000E+00 -7.475797E+02
6.930000E+00 -7.448256E+02
6.940000E+00 -7.449435E+02
6.950000E+00 -7.429189E+02
6.960000E+00 -7.365256E+02
6.970000E+00 -7.412477E+02
6.980000E+00 -7.432484E+02
6.990000E+00 -7.438198E+02
7.000000E+00 -7.421454E+02
7.010000E+00 -7.404775E+02
7.020000E+00 -7.523815E+02
7.030000E+00 -7.419625E+02
7.040000E+00 -7.445702E+02
7.050000E+00 -7.442987E+02
7.060000E+00 -7.322484E+02
7.070000E+00 -7.368776E+02
7.080000E+00 -7.427406E+02
7.090000E+00 -7.374382E+02
7.100000E+00 -7.403889E+02
7.110000E+00 -7.465072E+02
7.120000E+00 -7.355160E+02
7.130000E+00 -7.354191E+02
7.140000E+00 -7.424165E+02
7.150000E+00 -7.382573E+02
7.160000E+00 -7.397560E+02
7.170000E+00 -7.378478E+02
7.180000E+00 -7.398939E+02
7.190000E+00 -7.356463E+02
7.200000E+00 -7.402995E+02
7.210000E+00 -7.413095E+02
7.220000E+00 -7.468050E+02
7.230000E+00 -7.375292E+02
7.240000E+00 -7.376363E+02
7.250000E+00 -7.423644E+02
7.260000E+00 -7.433484E+02
7.270000E+00 -7.423001E+02
7.280000E+00 -7.407814E+02
7.290000E+00 -7.442942E+02
7.300000E+00 -7.343434E+02
7.310000E+00 -7.341252E+02
7.320000E+00 -7.420838E+02
7.330000E+00 -7.388011E+02
7.340000E+00 -7.346401E+02
7.350000E+00 -7.435239E+02
7.360000E+00 -7.462457E+02
7.370000E+00 -7.434303E+02
7.380000E+00 -7.404981E+02
7.390000E+00 -7.432824E+02
7.400000E+00 -7.449194E+02
7.410000E+00 -7.400814E+02
7.420000E+00 -7.420544E+02
7.430000E+00 -7.479918E+02
7.440000E+00 -7.448312E+02
7.450000E+00 -7.505424E+02
7.460000E+00 -7.472076E+02
7.470000E+00 -7.390292E+02
7.480000E+00 -7.455431E+02
7.490000E+00 -7.429896E+02
7.500000E+00 -7.419522E+02
7.510000E+00 -7.446775E+02
7.520000E+00 -7.450131E+02
7.530000E+00 -7.486257E+02
7.540000E+00 -7.513950E+02
7.550000E+00 -7.405213E+02
7.560000E+00 -7.389204E+02
7.570000E+00 -7.431488E+02
7.580000E+00 -7.452786E+02
7.590000E+00 -7.449043E+02
7.600000E+00 -7.356760E+02
7.610000E+00 -7.434465E+02
7.620000E+00 -7.500528E+02
7.630000E+00 -7.420126E+02
7.640000E+00 -7.463786E+02
7.650000E+00 -7.467064E+02
7.660000E+00 -7.543169E+02
7.670000E+00 -7.466590E+02
7.680000E+00 -7.524271E+02
7.690000E+00 -7.461391E+02
7.700000E+00 -7.473262E+02
7.710000E+00 -7.482271E+02
7.720000E+00 -7.422140E+02
7.730000E+00 -7.407866E+02
7.740000E+00 -7.515231E+02
7.750000E+00 -7.440987E+02
7.760000E+00 -7.418271E+02
7.770000E+00 -7.380438E+02
7.780000E+00 -7.484267E+02
7.790000E+00 -7.467628E+02
7.800000E+00 -7.355361E+02
7.810000E+00 -7.417234E+02
7.820000E+00 -7.459858E+02
7.830000E+00 -7.405667E+02
7.840000E+00 -7.370558E+02
7.850000E+00 -7.385835E+02
7.860000E+00 -7.412422E+02
7.870000E+00 -7.458038E+02
7.880000E+00 -7.428163E+02
7.890000E+00 -7.357785E+02
7.900000E+00 -7.403900E+02
7.910000E+00 -7.421123E+02
7.920000E+00 -7.422520E+02
7.930000E+00 -7.472191E+02
7.940000E+00 -7.517142E+02
7.950000E+00 -7.539174E+02
7.960000E+00 -7.482632E+02
7.970000E+00 -7.428805E+02
7.980000E+00 -7.376945E+02
7.990000E+00 -7.404514E+02
8.000000E+00 -7.455019E+02
8.010000E+00 -7.454505E+02
8.020000E+00 -7.428089E+02
8.030000E+00 -7.451901E+02
8.040000E+00 -7.443403E+02
8.050000E+00 -7.412612E+02
8.060000E+00 -7.454272E+02
8.070000E+00 -7.406079E+02
8.080000E+00 -7.429432E+02
8.090000E+00 -7.418925E+02
8.100000E+00 -7.457429E+02
8.110000E+00 -7.367056E+02
8.120000E+00 -7.394333E+02
8.130000E+00 -7.451587E+02
8.140000E+00 -7.424203E+02
8.150000E+00 -7.340183E+02
8.160000E+00 -7.426044E+02
8.170000E+00 -7.406980E+02
8.180000E+00 -7.384666E+02
8.190000E+00 -7.354590E+02
8.200000E+00 -7.560554E+02
8.210000E+00 -7.450964E+02
8.220000E+00 -7.392192E+02
8.230000E+00 -7.413509E+02
8.240000E+00 -7.493134E+02
8.250000E+00 -7.430331E+02
8.260000E+00 -7.496707E+02
8.270000E+00 -7.445167E+02
8.280000E+00 -7.414650E+02
8.290000E+00 -7.386009E+02
8.300000E+00 -7.401427E+02
8.310000E+00 -7.512354E+02
8.320000E+00 -7.438124E+02
8.330000E+00 -7.389527E+02
8.340000E+00 -7.405073E+02
8.350000E+00 -7.403805E+02
8.360000E+00 -7.412435E+02
8.370000E+00 -7.360940E+02
8.380000E+00 -7.358763E+02
8.390000E+00 -7.423046E+02
8.400000E+00 -7.347211E+02
8.410000E+00 -7.386891E+02
8.420000E+00 -7.362697E+02
8.430000E+00 -7.392986E+02
8.440000E+00 -7.420977E+02
8.450000E+00 -7.305980E+02
8.460000E+00 -7.383334E+02
8.470000E+00 -7.388440E+02
8.480000E+00 -7.359736E+02
8.490000E+00 -7.415669E+02
8.500000E+00 -7.403274E+02
8.510000E+00 -7.376849E+02
8.520000E+00 -7.401521E+02
8.530000E+00 -7.354493E+02
8.540000E+00 -7.414051E+02
8.550000E+00 -7.459508E+02
8.560000E+00 -7.481177E+02
8.570000E+00 -7.389712E+02
8.580000E+00 -7.385041E+02
8.590000E+00 -7.422038E+02
8.600000E+00 -7.372346E+02
8.610000E+00 -7.354384E+02
8.620000E+00 -7.405027E+02
8.630000E+00 -7.440326E+02
8.640000E+00 -7.424829E+02
8.650000E+00 -7.461566E+02
8.660000E+00 -7.421177E+02
8.670000E+00 -7.398407E+02
8.680000E+00 -7.401992E+02
8.690000E+00 -7.385268E+02
8.700000E+00 -7.373695E+02
8.710000E+00 -7.438288E+02
8.720000E+00 -7.355466E+02
8.730000E+00 -7.431395E+02
8.740000E+00 -7.460290E+02
8.750000E+00 -7.382477E+02
8.760000E+00 -7.429337E+02
8.770000E+00 -7.341478E+02
8.780000E+00 -7.515226E+02
8.790000E+00 -7.447587E+02
8.800000E+00 -7.430342E+02
8.810000E+00 -7.422308E+02
8.820000E+00 -7.392100E+02
8.830000E+00 -7.459292E+02
8.840000E+00 -7.388356E+02
8.850000E+00 -7.420801E+02
8.860000E+00 -7.493097E+02
8.870000E+00 -7.462020E+02
8.880000E+00 -7.466893E+02
8.890000E+00 -7.388917E+02
8.900000E+00 -7.404183E+02
8.910000E+00 -7.513229E+02
8.920000E+00 -7.434758E+02
8.930000E+00 -7.392227E+02
8.940000E+00 -7.404272E+02
8.950000E+00 -7.433874E+02
8.960000E+00 -7.429310E+02
8.970000E+00 -7.468021E+02
8.980000E+00 -7.488675E+02
8.990000E+00 -7.430799E+02
9.000000E+00 -7.437694E+02
9.010000E+00 -7.416090E+02
9.020000E+00 -7.395257E+02
9.030000E+00 -7.461711E+02
9.040000E+00 -7.419807E+02
9.050000E+00 -7.421867E+02
9.060000E+00 -7.477606E+02
9.070000E+00 -7.474784E+02
9.080000E+00 -7.439261E+02
9.090000E+00 -7.392128E+02
9.100000E+00 -7.383871E+02
9.110000E+00 -7.463000E+02
9.120000E+00 -7.461797E+02
9.130000E+00 -7.386116E+02
9.140000E+00 -7.381788E+02
9.150000E+00 -7.433646E+02
9.160000E+00 -7.408062E+02
9.170000E+00 -7.420748E+02
9.180000E+00 -7.371547E+02
9.190000E+00 -7.397829E+02
9.200000E+00 -7.433517E+02
9.210000E+00 -7.487871E+02
9.220000E+00 -7.391824E+02
9.230000E+00 -7.443501E+02
9.240000E+00 -7.447751E+02
9.250000E+00 -7.420616E+02
9.260000E+00 -7.450155E+02
9.270000E+00 -7.463677E+02
9.280000E+00 -7.408192E+02
9.290000E+00 -7.490599E+02
9.300000E+00 -7.430536E+02
9.310000E+00 -7.373959E+02
9.320000E+00 -7.512344E+02
9.330000E+00 -7.387523E+02
9.340000E+00 -7.478268E+02
9.350000E+00 -7.409117E+02
9.360000E+00 -7.459994E+02
9.370000E+00 -7.408233E+02
9.380000E+00 -7.382619E+02
9.390000E+00 -7.421875E+02
9.400000E+00 -7.449246E+02
9.410000E+00 -7.508150E+02
9.420000E+00 -7.436195E+02
9.430000E+00 -7.425969E+02
9.440000E+00 -7.446385E+02
9.450000E+00 -7.483695E+02
9.460000E+00 -7.450810E+02
9.470000E+00 -7.394061E+02
9.480000E+00 -7.487444E+02
9.490000E+00 -7.529312E+02
9.500000E+00 -7.474337E+02
9.510000E+00 -7.389502E+02
9.520000E+00 -7.464676E+02
9.530000E+00 -7.370711E+02
9.540000E+00 -7.375276E+02
9.550000E+00 -7.487540E+02
9.560000E+00 -7.448073E+02
9.570000E+00 -7.503050E+02
9.580000E+00 -7.444771E+02
9.590000E+00 -7.355181E+02
9.600000E+00 -7.375564E+02
9.610000E+00 -7.354555E+02
9.620000E+00 -7.326444E+02
9.630000E+00 -7.434850E+02
9.640000E+00 -7.423856E+02
9.650000E+00 -7.447857E+02
9.660000E+00 -7.476152E+02
9.670000E+00 -7.493356E+02
9.680000E+00 -7.297677E+02
9.690000E+00 -7.403659E+02
9.700000E+00 -7.434707E+02
9.710000E+00 -7.307712E+02
9.720000E+00 -7.431132E+02
9.730000E+00 -7.458456E+02
9.740000E+00 -7.471140E+02
9.750000E+00 -7.426084E+02
9.760000E+00 -7.457343E+02
9.770000E+00 -7.419152E+02
9.780000E+00 -7.419484E+02
9.790000E+00 -7.391551E+02
9.800000E+00 -7.487424E+02
9.810000E+00 -7.451264E+02
9.820000E+00 -7.450628E+02
9.830000E+00 -7.433686E+02
9.840000E+00 -7.429278E+02
9.850000E+00 -7.467304E+02
9.860000E+00 -7.446223E+02
9.870000E+00 -7.420181E+02
9.880000E+00 -7.460759E+02
9.890000E+00 -7.514590E+02
9.900000E+00 -7.490900E+02
9.910000E+00 -7.496995E+02
9.920000E+00 -7.571607E+02
9.930000E+00 -7.501377E+02
9.940000E+00 -7.451348E+02
9.950000E+00 -7.419475E+02
9.960000E+00 -7.505818E+02
9.970000E+00 -7.463606E+02
9.980000E+00 -7.424426E+02
9.990000E+00 -7.417629E+02
1.000000E+01 -7.412450E+02
1.001000E+01 -7.470176E+02
1.002000E+01 -7.346657E+02
1.003000E+01 -7.440150E+02
1.004000E+01 -7.422871E+02
1.005000E+01 -7.454936E+02
1.006000E+01 -7.428896E+02
1.007000E+01 -7.464703E+02
1.008000E+01 -7.373741E+02
1.009000E+01 -7.426546E+02
1.010000E+01 -7.499332E+02
1.011000E+01 -7.460408E+02
1.012000E+01 -7.518478E+02
1.013000E+01 -7.531284E+02
1.014000E+01 -7.457918E+02
1.015000E+01 -7.458872E+02
1.016000E+01 -7.521185E+02
1.017000E+01 -7.443511E+02
1.018000E+01 -7.434131E+02
1.019000E+01 -7.487343E+02
1.020000E+01 -7.499814E+02
1.021000E+01 -7.519023E+02
1.022000E+01 -7.528775E+02
1.023000E+01 -7.561525E+02
1.024000E+01 -7.496202E+02
1.025000E+01 -7.480729E+02
1.026000E+01 -7.494838E+02
1.027000E+01 -7.430936E+02
1.028000E+01 -7.469736E+02
1.029000E+01 -7.455003E+02
1.030000E+01 -7.501806E+02
1.031000E+01 -7.477484E+02
1.032000E+01 -7.557369E+02
1.033000E+01 -7.523371E+02
1.034000E+01 -7.396171E+02
1.035000E+01 -7.488185E+02
1.036000E+01 -7.478185E+02
1.037000E+01 -7.464000E+02
1.038000E+01 -7.421939E+02
1.039000E+01 -7.398237E+02
1.040000E+01 -7.491981E+02
1.041000E+01 -7.501573E+02
1.042000E+01 -7.512509E+02
1.043000E+01 -7.452002E+02
1.044000E+01 -7.436954E+02
1.045000E+01 -7.479481E+02
1.046000E+01 -7.372800E+02
1.047000E+01 -7.437952E+02
1.048000E+01 -7.502363E+02
1.049000E+01 -7.458028E+02
1.050000E+01 -7.507705E+02
1.051000E+01 -7.427236E+02
1.052000E+01 -7.461259E+02
1.053000E+01 -7.488499E+02
1.054000E+01 -7.382172E+02
1.055000E+01 -7.419584E+02
1.056000E+01 -7.440515E+02
1.057000E+01 -7.516712E+02
1.058000E+01 -7.428161E+02
1.059000E+01 -7.400068E+02
1.060000E+01 -7.538877E+02
1.061000E+01 -7.501482E+02
1.062000E+01 -7.419734E+02
1.063000E+01 -7.379111E+02
1.064000E+01 -7.391598E+02
1.065000E+01 -7.499563E+02
1.066000E+01 -7.507019E+02
1.067000E+01 -7.340054E+02
1.068000E+01 -7.476532E+02
1.069000E+01 -7.562591E+02
1.070000E+01 -7.421571E+02
1.071000E+01 -7.354225E+02
1.072000E+01 -7.379816E+02
1.073000E+01 -7.491653E+02
1.074000E+01 -7.390785E+02
1.075000E+01 -7.379576E+02
1.076000E+01 -7.380445E+02
1.077000E+01 -7.462076E+02
1.078000E+01 -7.483924E+02
1.079000E+01 -7.381936E+02
1.080000E+01 -7.366781E+02
1.081000E+01 -7.463705E+02
1.082000E+01 -7.479260E+02
1.083000E+01 -7.422192E+02
1.084000E+01 -7.389937E+02
1.085000E+01 -7.392338E+02
1.086000E+01 -7.378623E+02
1.087000E+01 -7.435056E+02
1.088000E+01 -7.402736E+02
1.089000E+01 -7.356409E+02
1.090000E+01 -7.412661E+02
1.091000E+01 -7.329485E+02
1.092000E+01 -7.309478E+02
1.093000E+01 -7.470046E+02
1.094000E+01 -7.412755E+02
1.095000E+01 -7.322242E+02
1.096000E+01 -7.469986E+02
1.097000E+01 -7.401913E+02
1.098000E+01 -7.394370E+02
1.099000E+01 -7.479280E+02
1.100000E+01 -7.413187E+02
1.101000E+01 -7.341103E+02
1.102000E+01 -7.262415E+02
1.103000E+01 -7.377012E+02
1.104000E+01 -7.388062E+02
1.105000E+01 -7.399928E+02
1.106000E+01 -7.445872E+02
1.107000E+01 -7.406006E+02
1.108000E+01 -7.342206E+02
1.109000E+01 -7.494129E+02
1.110000E+01 -7.423037E+02
1.111000E+01 -7.462767E+02
1.112000E+01 -7.430116E+02
1.113000E+01 -7.407523E+02
1.114000E+01 -7.462633E+02
1.115000E+01 -7.422235E+02
1.116000E+01 -7.495574E+02
1.117000E+01 -7.443378E+02
1.118000E+01 -7.496134E+02
1.119000E+01 -7.476963E+02
1.120000E+01 -7.480427E+02
1.121000E+01 -7.446726E+02
1.122000E+01 -7.479683E+02
1.123000E+01 -7.503728E+02
1.124000E+01 -7.473803E+02
1.125000E+01 -7.478118E+02
1.126000E+01 -7.480471E+02
1.127000E+01 -7.436082E+02
1.128000E+01 -7.534419E+02
1.129000E+01 -7.490692E+02
1.130000E+01 -7.412464E+02
1.131000E+01 -7.471247E+02
1.132000E+01 -7.546462E+02
1.133000E+01 -7.491127E+02
1.134000E+01 -7.396491E+02
1.135000E+01 -7.457330E+02
1.136000E+01 -7.523360E+02
1.137000E+01 -7.486380E+02
1.138000E+01 -7.565942E+02
1.139000E+01 -7.475498E+02
1.140000E+01 -7.497684E+02
1.141000E+01 -7.524618E+02
1.142000E+01 -7.511599E+02
1.143000E+01 -7.485525E+02
1.144000E+01 -7.513713E+02
1.145000E+01 -7.520074E+02
1.146000E+01 -7.470328E+02
1.147000E+01 -7.553893E+02
1.148000E+01 -7.472400E+02
1.149000E+01 -7.558185E+02
1.150000E+01 -7.606239E+02
1.151000E+01 -7.517239E+02
1.152000E+01 -7.594078E+02
1.153000E+01 -7.520542E+02
1.154000E+01 -7.565411E+02
1.155000E+01 -7.610440E+02
1.156000E+01 -7.480862E+02
1.157000E+01 -7.543486E+02
1.158000E+01 -7.536248E+02
1.159000E+01 -7.583744E+02
1.160000E+01 -7.529993E+02
1.161000E+01 -7.517438E+02
1.162000E+01 -7.533427E+02
1.163000E+01 -7.587378E+02
1.164000E+01 -7.528994E+02
1.165000E+01 -7.546511E+02
1.166000E+01 -7.518947E+02
1.167000E+01 -7.503775E+02
1.168000E+01 -7.505893E+02
1.169000E+01 -7.537252E+02
1.170000E+01 -7.525282E+02
1.171000E+01 -7.538665E+02
1.172000E+01 -7.544694E+02
1.173000E+01 -7.554296E+02
1.174000E+01 -7.505248E+02
1.175000E+01 -7.560436E+02
1.176000E+01 -7.576237E+02
1.177000E+01 -7.599603E+02
1.178000E+01 -7.597434E+02
1.179000E+01 -7.472023E+02
1.180000E+01 -7.618916E+02
1.181000E+01 -7.547526E+02
1.182000E+01 -7.439622E+02
1.183000E+01 -7.547238E+02
1.184000E+01 -7.539899E+02
1.185000E+01 -7.459014E+02
1.186000E+01 -7.510183E+02
1.187000E+01 -7.502207E+02
1.188000E+01 -7.526743E+02
1.189000E+01 -7.465540E+02
1.190000E+01 -7.512941E+02
1.191000E+01 -7.476355E+02
1.192000E+01 -7.498059E+02
1.193000E+01 -7.420655E+02
1.194000E+01 -7.494978E+02
1.195000E+01 -7.490714E+02
1.196000E+01 -7.472241E+02
1.197000E+01 -7.484719E+02
1.198000E+01 -7.516400E+02
1.199000E+01 -7.402038E+02
1.200000E+01 -7.422749E+02
1.201000E+01 -7.537428E+02
1.202000E+01 -7.551379E+02
1.203000E+01 -7.517292E+02
1.204000E+01 -7.563829E+02
1.205000E+01 -7.454494E+02
1.206000E+01 -7.393653E+02
1.207000E+01 -7.476409E+02
1.208000E+01 -7.410507E+02
1.209000E+01 -7.481662E+02
1.210000E+01 -7.420825E+02
1.211000E+01 -7.458048E+02
1.212000E+01 -7.422318E+02
1.213000E+01 -7.428786E+02
1.214000E+01 -7.381257E+02
1.215000E+01 -7.453733E+02
1.216000E+01 -7.417675E+02
1.217000E+01 -7.322173E+02
1.218000E+01 -7.382102E+02
1.219000E+01 -7.390779E+02
1.220000E+01 -7.400276E+02
1.221000E+01 -7.403788E+02
1.222000E+01 -7.406348E+02
1.223000E+01 -7.488154E+02
1.224000E+01 -7.458111E+02
1.225000E+01 -7.429870E+02
1.226000E+01 -7.382489E+02
1.227000E+01 -7.452780E+02
1.228000E+01 -7.454340E+02
1.229000E+01 -7.405019E+02
1.230000E+01 -7.422691E+02
1.231000E+01 -7.312889E+02
1.232000E+01 -7.433033E+02
1.233000E+01 -7.420566E+02
1.234000E+01 -7.425465E+02
1.235000E+01 -7.518802E+02
1.236000E+01 -7.501934E+02
1.237000E+01 -7.455369E+02
1.238000E+01 -7.349949E+02
1.239000E+01 -7.373364E+02
1.240000E+01 -7.371656E+02
1.241000E+01 -7.359375E+02
1.242000E+01 -7.376392E+02
1.243000E+01 -7.308309E+02
1.244000E+01 -7.349972E+02
1.245000E+01 -7.406805E+02
1.246000E+01 -7.354047E+02
1.247000E+01 -7.455761E+02
1.248000E+01 -7.430756E+02
1.249000E+01 -7.476571E+02
1.250000E+01 -7.417378E+02
1.251000E+01 -7.356868E+02
1.252000E+01 -7.451427E+02
1.253000E+01 -7.521527E+02
1.254000E+01 -7.434478E+02
1.255000E+01 -7.416348E+02
1.256000E+01 -7.387587E+02
1.257000E+01 -7.485418E+02
1.258000E+01 -7.493886E+02
1.259000E+01 -7.454848E+02
1.260000E+01 -7.455841E+02
1.261000E+01 -7.493474E+02
1.262000E+01 -7.430565E+02
1.263000E+01 -7.423257E+02
1.264000E+01 -7.459329E+02
1.265000E+01 -7.393083E+02
1.266000E+01 -7.301753E+02
1.267000E+01 -7.419754E+02
1.268000E+01 -7.431571E+02
1.269000E+01 -7.394080E+02
1.270000E+01 -7.372417E+02
1.271000E+01 -7.362057E+02
1.272000E+01 -7.419373E+02
1.273000E+01 -7.499173E+02
1.274000E+01 -7.502362E+02
1.275000E+01 -7.503768E+02
1.276000E+01 -7.424291E+02
1.277000E+01 -7.548957E+02
1.278000E+01 -7.489357E+02
1.279000E+01 -7.462884E+02
1.280000E+01 -7.554257E+02
1.281000E+01 -7.539803E+02
1.282000E+01 -7.499891E+02
1.283000E+01 -7.442791E+02
1.284000E+01 -7.535517E+02
1.285000E+01 -7.471553E+02
1.286000E+01 -7.434962E+02
1.287000E+01 -7.517370E+02
1.288000E+01 -7.455989E+02
1.289000E+01 -7.377617E+02
1.290000E+01 -7.478895E+02
1.291000E+01 -7.457501E+02
1.292000E+01 -7.451845E+02
1.293000E+01 -7.525315E+02
1.294000E+01 -7.455670E+02
1.295000E+01 -7.462369E+02
1.296000E+01 -7.546072E+02
1.297000E+01 -7.478179E+02
1.298000E+01 -7.473884E+02
1.299000E+01 -7.572634E+02
1.300000E+01 -7.570286E+02
1.301000E+01 -7.458690E+02
1.302000E+01 -7.474565E+02
1.303000E+01 -7.529984E+02
1.304000E+01 -7.485466E+02
1.305000E+01 -7.465534E+02
1.306000E+01 -7.550110E+02
1.307000E+01 -7.628607E+02
1.308000E+01 -7.514881E+02
1.309000E+01 -7.588555E+02
1.310000E+01 -7.633311E+02
1.311000E+01 -7.568734E+02
1.312000E+01 -7.466129E+02
1.313000E+01 -7.468951E+02
1.314000E+01 -7.527005E+02
1.315000E+01 -7.481094E+02
1.316000E+01 -7.564773E+02
1.317000E+01 -7.579247E+02
1.318000E+01 -7.515287E+02
1.319000E+01 -7.516352E+02
1.320000E+01 -7.526807E+02
1.321000E+01 -7.465612E+02
1.322000E+01 -7.506960E+02
1.323000E+01 -7.485088E+02
1.324000E+01 -7.488488E+02
1.325000E+01 -7.574214E+02
1.326000E+01 -7.620950E+02
1.327000E+01 -7.487767E+02
1.328000E+01 -7.546110E+02
1.329000E+01 -7.611777E+02
1.330000E+01 -7.589524E+02
1.331000E+01 -7.536033E+02
1.332000E+01 -7.571354E+02
1.333000E+01 -7.522801E+02
1.334000E+01 -7.589845E+02
1.335000E+01 -7.554905E+02
1.336000E+01 -7.519127E+02
1.337000E+01 -7.507021E+02
1.338000E+01 -7.526189E+02
1.339000E+01 -7.580022E+02
1.340000E+01 -7.559733E+02
1.341000E+01 -7.534386E+02
1.342000E+01 -7.504979E+02
1.343000E+01 -7.539085E+02
1.344000E+01 -7.591441E+02
1.345000E+01 -7.560743E+02
1.346000E+01 -7.550795E+02
1.347000E+01 -7.637944E+02
1.348000E+01 -7.548905E+02
1.349000E+01 -7.577975E+02
1.350000E+01 -7.668494E+02
1.351000E+01 -7.598065E+02
1.352000E+01 -7.660351E+02
1.353000E+01 -7.602837E+02
1.354000E+01 -7.560272E+02
1.355000E+01 -7.562902E+02
1.356000E+01 -7.562887E+02
1.357000E+01 -7.544950E+02
1.358000E+01 -7.518197E+02
1.359000E+01 -7.583944E+02
1.360000E+01 -7.552078E+02
1.361000E+01 -7.585236E+02
1.362000E+01 -7.555800E+02
1.363000E+01 -7.526853E+02
1.364000E+01 -7.493484E+02
1.365000E+01 -7.507976E+02
1.366000E+01 -7.493573E+02
1.367000E+01 -7.459338E+02
1.368000E+01 -7.507665E+02
1.369000E+01 -7.555404E+02
1.370000E+01 -7.580213E+02
1.371000E+01 -7.619783E+02
1.372000E+01 -7.638069E+02
1.373000E+01 -7.565718E+02
1.374000E+01 -7.605520E+02
1.375000E+01 -7.558936E+02
1.376000E+01 -7.498525E+02
1.377000E+01 -7.546247E+02
1.378000E+01 -7.553528E+02
1.379000E+01 -7.607326E+02
1.380000E+01 -7.587496E+02
1.381000E+01 -7.568662E+02
1.382000E+01 -7.587118E+02
1.383000E+01 -7.627809E+02
1.384000E+01 -7.545427E+02
1.385000E+01 -7.568022E+02
1.386000E+01 -7.588565E+02
1.387000E+01 -7.579353E+02
1.388000E+01 -7.600607E+02
1.389000E+01 -7.527854E+02
1.390000E+01 -7.525658E+02
1.391000E+01 -7.511234E+02
1.392000E+01 -7.543047E+02
1.393000E+01 -7.541747E+02
1.394000E+01 -7.603936E+02
1.395000E+01 -7.612113E+02
1.396000E+01 -7.594750E+02
1.397000E+01 -7.543682E+02
1.398000E+01 -7.491480E+02
1.399000E+01 -7.501640E+02
1.400000E+01 -7.468739E+02
1.401000E+01 -7.552135E+02
1.402000E+01 -7.486218E+02
1.403000E+01 -7.583970E+02
1.404000E+01 -7.574618E+02
1.405000E+01 -7.559259E+02
1.406000E+01 -7.512499E+02
1.407000E+01 -7.559777E+02
1.408000E+01 -7.544523E+02
1.409000E+01 -7.517750E+02
1.410000E+01 -7.500745E+02
1.411000E+01 -7.559266E+02
1.412000E+01 -7.473125E+02
1.413000E+01 -7.481908E+02
1.414000E+01 -7.560992E+02
1.415000E+01 -7.543595E+02
1.416000E+01 -7.578395E+02
1.417000E+01 -7.643806E+02
1.418000E+01 -7.504764E+02
1.419000E+01 -7.538883E+02
1.420000E+01 -7.559728E+02
1.421000E+01 -7.529051E+02
1.422000E+01 -7.501102E+02
1.423000E+01 -7.585423E+02
1.424000E+01 -7.523190E+02
1.425000E+01 -7.515547E+02
1.426000E+01 -7.491177E+02
1.427000E+01 -7.520824E+02
1.428000E+01 -7.507158E+02
1.429000E+01 -7.530894E+02
1.430000E+01 -7.571657E+02
1.431000E+01 -7.530097E+02
1.432000E+01 -7.470885E+02
1.433000E+01 -7.435223E+02
1.434000E+01 -7.458523E+02
1.435000E+01 -7.441410E+02
1.436000E+01 -7.524925E+02
1.437000E+01 -7.493941E+02
1.438000E+01 -7.585079E+02
1.439000E+01 -7.557733E+02
1.440000E+01 -7.540672E+02
1.441000E+01 -7.481149E+02
1.442000E+01 -7.594748E+02
1.443000E+01 -7.508291E+02
1.444000E+01 -7.549672E+02
1.445000E+01 -7.507712E+02
1.446000E+01 -7.573614E+02
1.447000E+01 -7.551257E+02
1.448000E+01 -7.526216E+02
1.449000E+01 -7.486925E+02
1.450000E+01 -7.439628E+02
1.451000E+01 -7.462309E+02
1.452000E+01 -7.486187E+02
1.453000E+01 -7.482012E+02
1.454000E+01 -7.507770E+02
1.455000E+01 -7.580567E+02
1.456000E+01 -7.487232E+02
1.457000E+01 -7.488435E+02
1.458000E+01 -7.529114E+02
1.459000E+01 -7.567208E+02
1.460000E+01 -7.493415E+02
1.461000E+01 -7.520772E+02
1.462000E+01 -7.496974E+02
1.463000E+01 -7.560676E+02
1.464000E+01 -7.473888E+02
1.465000E+01 -7.469152E+02
1.466000E+01 -7.525899E+02
1.467000E+01 -7.540273E+02
1.468000E+01 -7.522046E+02
1.469000E+01 -7.511417E+02
1.470000E+01 -7.578247E+02
1.471000E+01 -7.430220E+02
1.472000E+01 -7.491587E+02
1.473000E+01 -7.498653E+02
1.474000E+01 -7.547067E+02
1.475000E+01 -7.476928E+02
1.476000E+01 -7.474968E+02
1.477000E+01 -7.451546E+02
1.478000E+01 -7.489754E+02
1.479000E+01 -7.496891E+02
1.480000E+01 -7.504265E+02
1.481000E+01 -7.490418E+02
1.482000E+01 -7.533286E+02
1.483000E+01 -7.515943E+02
1.484000E+01 -7.459770E+02
1.485000E+01 -7.506382E+02
1.486000E+01 -7.482341E+02
1.487000E+01 -7.551114E+02
1.488000E+01 -7.543617E+02
1.489000E+01 -7.514650E+02
1.490000E+01 -7.554051E+02
1.491000E+01 -7.543978E+02
1.492000E+01 -7.580830E+02
1.493000E+01 -7.516288E+02
1.494000E+01 -7.539413E+02
1.495000E+01 -7.581301E+02
1.496000E+01 -7.537203E+02
1.497000E+01 -7.469174E+02
1.498000E+01 -7.580493E+02
1.499000E+01 -7.585075E+02
1.500000E+01 -7.466693E+02
1.501000E+01 -7.592812E+02
1.502000E+01 -7.575490E+02
1.503000E+01 -7.457097E+02
1.504000E+01 -7.543575E+02
1.505000E+01 -7.578190E+02
1.506000E+01 -7.517360E+02
1.507000E+01 -7.599137E+02
1.508000E+01 -7.547094E+02
1.509000E+01 -7.584923E+02
1.510000E+01 -7.608911E+02
1.511000E+01 -7.616254E+02
1.512000E+01 -7.611189E+02
1.513000E+01 -7.596290E+02
1.514000E+01 -7.628603E+02
1.515000E+01 -7.634854E+02
1.516000E+01 -7.556955E+02
1.517000E+01 -7.588700E+02
1.518000E+01 -7.527004E+02
1.519000E+01 -7.560142E+02
1.520000E+01 -7.587523E+02
1.521000E+01 -7.598300E+02
1.522000E+01 -7.540974E+02
1.523000E+01 -7.577887E+02
1.524000E+01 -7.610071E+02
1.525000E+01 -7.527303E+02
1.526000E+01 -7.598254E+02
1.527000E+01 -7.625074E+02
1.528000E+01 -7.582560E+02
1.529000E+01 -7.593663E+02
1.530000E+01 -7.535544E+02
1.531000E+01 -7.628792E+02
1.532000E+01 -7.581451E+02
1.533000E+01 -7.648781E+02
1.534000E+01 -7.617808E+02
1.535000E+01 -7.649966E+02
1.536000E+01 -7.664230E+02
1.537000E+01 -7.670790E+02
1.538000E+01 -7.683963E+02
1.539000E+01 -7.578539E+02
1.540000E+01 -7.627966E+02
1.541000E+01 -7.577672E+02
1.542000E+01 -7.618647E+02
1.543000E+01 -7.609438E+02
1.544000E+01 -7.641748E+02
1.545000E+01 -7.686461E+02
1.546000E+01 -7.636857E+02
1.547000E+01 -7.697914E+02
1.548000E+01 -7.640821E+02
1.549000E+01 -7.644118E+02
1.550000E+01 -7.648516E+02
1.551000E+01 -7.672527E+02
1.552000E+01 -7.593753E+02
1.553000E+01 -7.620703E+02
1.554000E+01 -7.586914E+02
1.555000E+01 -7.667821E+02
1.556000E+01 -7.645016E+02
1.557000E+01 -7.734718E+02
1.558000E+01 -7.637175E+02
1.559000E+01 -7.646453E+02
1.560000E+01 -7.593066E+02
1.561000E+01 -7.696997E+02
1.562000E+01 -7.642537E+02
1.563000E+01 -7.632212E+02
1.564000E+01 -7.656531E+02
1.565000E+01 -7.600197E+02
1.566000E+01 -7.672556E+02
1.567000E+01 -7.612803E+02
1.568000E+01 -7.579119E+02
1.569000E+01 -7.583571E+02
1.570000E+01 -7.675366E+02
1.571000E+01 -7.590576E+02
1.572000E+01 -7.614262E+02
1.573000E+01 -7.613908E+02
1.574000E+01 -7.575190E+02
1.575000E+01 -7.628448E+02
1.576000E+01 -7.575422E+02
1.577000E+01 -7.634843E+02
1.578000E+01 -7.544617E+02
1.579000E+01 -7.610349E+02
1.580000E+01 -7.609264E+02
1.581000E+01 -7.618873E+02
1.582000E+01 -7.632838E+02
1.583000E+01 -7.606161E+02
1.584000E+01 -7.561575E+02
1.585000E+01 -7.631079E+02
1.586000E+01 -7.597241E+02
1.587000E+01 -7.554549E+02
1.588000E+01 -7.506672E+02
1.589000E+01 -7.528742E+02
1.590000E+01 -7.487105E+02
1.591000E+01 -7.512224E+02
1.592000E+01 -7.524938E+02
1.593000E+01 -7.507267E+02
1.594000E+01 -7.496030E+02
1.595000E+01 -7.520942E+02
1.596000E+01 -7.544904E+02
1.597000E+01 -7.561638E+02
1.598000E+01 -7.544458E+02
1.599000E+01 -7.433198E+02
1.600000E+01 -7.499086E+02
1.601000E+01 -7.564365E+02
1.602000E+01 -7.589383E+02
1.603000E+01 -7.615521E+02
1.604000E+01 -7.598154E+02
1.605000E+01 -7.525312E+02
1.606000E+01 -7.566612E+02
1.607000E+01 -7.496544E+02
1.608000E+01 -7.540811E+02
1.609000E+01 -7.573205E+02
1.610000E+01 -7.477730E+02
1.611000E+01 -7.531215E+02
1.612000E+01 -7.507215E+02
1.613000E+01 -7.522359E+02
1.614000E+01 -7.453486E+02
1.615000E+01 -7.495334E+02
1.616000E+01 -7.441826E+02
1.617000E+01 -7.475414E+02
1.618000E+01 -7.471225E+02
1.619000E+01 -7.442020E+02
1.620000E+01 -7.465259E+02
1.621000E+01 -7.424224E+02
1.622000E+01 -7.414123E+02
1.623000E+01 -7.372813E+02
1.624000E+01 -7.505544E+02
1.625000E+01 -7.407754E+02
1.626000E+01 -7.437382E+02
1.627000E+01 -7.480214E+02
1.628000E+01 -7.463166E+02
1.629000E+01 -7.496464E+02
1.630000E+01 -7.414907E+02
1.631000E+01 -7.472138E+02
1.632000E+01 -7.469997E+02
1.633000E+01 -7.535691E+02
1.634000E+01 -7.493371E+02
1.635000E+01 -7.475917E+02
1.636000E+01 -7.481955E+02
1.637000E+01 -7.487908E+02
1.638000E+01 -7.506672E+02
1.639000E+01 -7.524473E+02
1.640000E+01 -7.553097E+02
1.641000E+01 -7.549654E+02
1.642000E+01 -7.545225E+02
1.643000E+01 -7.501270E+02
1.644000E+01 -7.561822E+02
1.645000E+01 -7.538220E+02
1.646000E+01 -7.589505E+02
1.647000E+01 -7.567291E+02
1.648000E+01 -7.473065E+02
1.649000E+01 -7.457954E+02
1.650000E+01 -7.475727E+02
1.651000E+01 -7.541070E+02
1.652000E+01 -7.517736E+02
1.653000E+01 -7.597160E+02
1.654000E+01 -7.526693E+02
1.655000E+01 -7.532247E+02
1.656000E+01 -7.548101E+02
1.657000E+01 -7.520477E+02
1.658000E+01 -7.592954E+02
1.659000E+01 -7.598384E+02
1.660000E+01 -7.615189E+02
1.661000E+01 -7.555802E+02
1.662000E+01 -7.588846E+02
1.663000E+01 -7.592866E+02
1.664000E+01 -7.617802E+02
1.665000E+01 -7.568427E+02
1.666000E+01 -7.624669E+02
1.667000E+01 -7.629967E+02
1.668000E+01 -7.641372E+02
1.669000E+01 -7.656628E+02
1.670000E+01 -7.656699E+02
1.671000E+01 -7.706791E+02
1.672000E+01 -7.652002E+02
1.673000E+01 -7.642126E+02
1.674000E+01 -7.612712E+02
1.675000E+01 -7.673187E+02
1.676000E+01 -7.563681E+02
1.677000E+01 -7.562603E+02
1.678000E+01 -7.676167E+02
1.679000E+01 -7.686948E+02
1.680000E+01 -7.611352E+02
1.681000E+01 -7.645472E+02
1.682000E+01 -7.696462E+02
1.683000E+01 -7.641100E+02
1.684000E+01 -7.618009E+02
1.685000E+01 -7.630913E+02
1.686000E+01 -7.676371E+02
1.687000E+01 -7.634677E+02
1.688000E+01 -7.712948E+02
1.689000E+01 -7.771125E+02
1.690000E+01 -7.694027E+02
1.691000E+01 -7.698242E+02
1.692000E+01 -7.743671E+02
1.693000E+01 -7.726592E+02
1.694000E+01 -7.729682E+02
1.695000E+01 -7.793275E+02
1.696000E+01 -7.699660E+02
1.697000E+01 -7.740599E+02
1.698000E+01 -7.773201E+02
1.699000E+01 -7.771304E+02
1.700000E+01 -7.727325E+02
1.701000E+01 -7.683845E+02
1.702000E+01 -7.710425E+02
1.703000E+01 -7.674390E+02
1.704000E+01 -7.662751E+02
1.705000E+01 -7.702050E+02
1.706000E+01 -7.704709E+02
1.707000E+01 -7.693219E+02
1.708000E+01 -7.738488E+02
1.709000E+01 -7.653343E+02
1.710000E+01 -7.651878E+02
1.711000E+01 -7.683960E+02
1.712000E+01 -7.701327E+02
1.713000E+01 -7.756538E+02
1.714000E+01 -7.746514E+02
1.715000E+01 -7.693591E+02
1.716000E+01 -7.732551E+02
1.717000E+01 -7.623379E+02
1.718000E+01 -7.643607E+02
1.719000E+01 -7.665954E+02
1.720000E+01 -7.740900E+02
1.721000E+01 -7.741423E+02
1.722000E+01 -7.637991E+02
1.723000E+01 -7.633582E+02
1.724000E+01 -7.671760E+02
1.725000E+01 -7.638069E+02
1.726000E+01 -7.626403E+02
1.727000E+01 -7.636397E+02
1.728000E+01 -7.613563E+02
1.729000E+01 -7.587437E+02
1.730000E+01 -7.614835E+02
1.731000E+01 -7.567925E+02
1.732000E+01 -7.618255E+02
1.733000E+01 -7.568832E+02
1.734000E+01 -7.657812E+02
1.735000E+01 -7.615102E+02
1.736000E+01 -7.636652E+02
1.737000E+01 -7.674486E+02
1.738000E+01 -7.654554E+02
1.739000E+01 -7.689649E+02
1.740000E+01 -7.682458E+02
1.741000E+01 -7.710352E+02
1.742000E+01 -7.692889E+02
1.743000E+01 -7.606504E+02
1.744000E+01 -7.522421E+02
1.745000E+01 -7.558882E+02
1.746000E+01 -7.588209E+02
1.747000E+01 -7.565662E+02
1.748000E+01 -7.590281E+02
1.749000E+01 -7.509510E+02
1.750000E+01 -7.624820E+02
1.751000E+01 -7.610683E+02
1.752000E+01 -7.601437E+02
1.753000E+01 -7.625806E+02
1.754000E+01 -7.533904E+02
1.755000E+01 -7.569157E+02
1.756000E+01 -7.537050E+02
1.757000E+01 -7.497598E+02
1.758000E+01 -7.507545E+02
1.759000E+01 -7.537989E+02
1.760000E+01 -7.658518E+02
1.761000E+01 -7.626433E+02
1.762000E+01 -7.569011E+02
1.763000E+01 -7.616661E+02
1.764000E+01 -7.506874E+02
1.765000E+01 -7.486464E+02
1.766000E+01 -7.567452E+02
1.767000E+01 -7.555409E+02
1.768000E+01 -7.577547E+02
1.769000E+01 -7.491828E+02
1.770000E+01 -7.574887E+02
1.771000E+01 -7.541540E+02
1.772000E+01 -7.503317E+02
1.773000E+01 -7.420016E+02
1.774000E+01 -7.510108E+02
1.775000E+01 -7.438439E+02
1.776000E+01 -7.527625E+02
1.777000E+01 -7.474487E+02
1.778000E+01 -7.487496E+02
1.779000E+01 -7.564129E+02
1.780000E+01 -7.559695E+02
1.781000E+01 -7.569573E+02
1.782000E+01 -7.620385E+02
1.783000E+01 -7.592114E+02
1.784000E+01 -7.519528E+02
1.785000E+01 -7.564230E+02
1.786000E+01 -7.573934E+02
1.787000E+01 -7.626105E+02
1.788000E+01 -7.613951E+02
1.789000E+01 -7.601521E+02
1.790000E+01 -7.632812E+02
1.791000E+01 -7.602563E+02
1.792000E+01 -7.621655E+02
1.793000E+01 -7.527988E+02
1.794000E+01 -7.571265E+02
1.795000E+01 -7.610065E+02
1.796000E+01 -7.632973E+02
1.797000E+01 -7.619392E+02
1.798000E+01 -7.630189E+02
1.799000E+01 -7.614923E+02
1.800000E+01 -7.576441E+02
1.801000E+01 -7.576749E+02
1.802000E+01 -7.570861E+02
1.803000E+01 -7.592065E+02
1.804000E+01 -7.578395E+02
1.805000E+01 -7.591622E+02
1.806000E+01 -7.614962E+02
1.807000E+01 -7.603653E+02
1.808000E+01 -7.668458E+02
1.809000E+01 -7.665558E+02
1.810000E+01 -7.670602E+02
1.811000E+01 -7.762063E+02
1.812000E+01 -7.638196E+02
1.813000E+01 -7.690528E+02
1.814000E+01 -7.699130E+02
1.815000E+01 -7.649393E+02
1.816000E+01 -7.698058E+02
1.817000E+01 -7.665144E+02
1.818000E+01 -7.683731E+02
1.819000E+01 -7.684792E+02
1.820000E+01 -7.692662E+02
1.821000E+01 -7.653091E+02
1.822000E+01 -7.686791E+02
1.823000E+01 -7.625533E+02
1.824000E+01 -7.749313E+02
1.825000E+01 -7.684646E+02
1.826000E+01 -7.708452E+02
1.827000E+01 -7.677325E+02
1.828000E+01 -7.688802E+02
1.829000E+01 -7.613679E+02
1.830000E+01 -7.684479E+02
1.831000E+01 -7.688386E+02
1.832000E+01 -7.652252E+02
1.833000E+01 -7.662683E+02
1.834000E+01 -7.695223E+02
1.835000E+01 -7.662056E+02
1.836000E+01 -7.695077E+02
1.837000E+01 -7.648369E+02
1.838000E+01 -7.676987E+02
1.839000E+01 -7.695879E+02
1.840000E+01 -7.694078E+02
1.841000E+01 -7.686848E+02
1.842000E+01 -7.736226E+02
1.843000E+01 -7.707306E+02
1.844000E+01 -7.718259E+02
1.845000E+01 -7.709431E+02
1.846000E+01 -7.701187E+02
1.847000E+01 -7.729458E+02
1.848000E+01 -7.628614E+02
1.849000E+01 -7.630961E+02
1.850000E+01 -7.722136E+02
1.851000E+01 -7.713164E+02
1.852000E+01 -7.594244E+02
1.853000E+01 -7.661386E+02
1.854000E+01 -7.737285E+02
1.855000E+01 -7.611535E+02
1.856000E+01 -7.568507E+02
1.857000E+01 -7.606706E+02
1.858000E+01 -7.658350E+02
1.859000E+01 -7.589765E+02
1.860000E+01 -7.617240E+02
1.861000E+01 -7.665790E+02
1.862000E+01 -7.569712E+02
1.863000E+01 -7.556176E+02
1.864000E+01 -7.666309E+02
1.865000E+01 -7.581871E+02
1.866000E+01 -7.666942E+02
1.867000E+01 -7.660642E+02
1.868000E+01 -7.719005E+02
1.869000E+01 -7.662802E+02
1.870000E+01 -7.714199E+02
1.871000E+01 -7.802587E+02
1.872000E+01 -7.706008E+02
1.873000E+01 -7.685339E+02
1.874000E+01 -7.574381E+02
1.875000E+01 -7.568822E+02
1.876000E+01 -7.645183E+02
1.877000E+01 -7.725649E+02
1.878000E+01 -7.709096E+02
1.879000E+01 -7.714477E+02
1.880000E+01 -7.668485E+02
1.881000E+01 -7.631282E+02
1.882000E+01 -7.587711E+02
1.883000E+01 -7.568713E+02
1.884000E+01 -7.625477E+02
1.885000E+01 -7.637466E+02
1.886000E+01 -7.551705E+02
1.887000E+01 -7.681911E+02
1.888000E+01 -7.668073E+02
1.889000E+01 -7.537354E+02
1.890000E+01 -7.507845E+02
1.891000E+01 -7.593707E+02
1.892000E+01 -7.666799E+02
1.893000E+01 -7.560451E+02
1.894000E+01 -7.616447E+02
1.895000E+01 -7.672880E+02
1.896000E+01 -7.632444E+02
1.897000E+01 -7.612008E+02
1.898000E+01 -7.684346E+02
1.899000E+01 -7.678047E+02
1.900000E+01 -7.719813E+02
1.901000E+01 -7.730095E+02
1.902000E+01 -7.566095E+02
1.903000E+01 -7.660649E+02
1.904000E+01 -7.683445E+02
1.905000E+01 -7.718246E+02
1.906000E+01 -7.587472E+02
1.907000E+01 -7.733254E+02
1.908000E+01 -7.723041E+02
1.909000E+01 -7.712166E+02
1.910000E+01 -7.625269E+02
1.911000E+01 -7.633513E+02
1.912000E+01 -7.684686E+02
1.913000E+01 -7.697811E+02
1.914000E+01 -7.721862E+02
1.915000E+01 -7.614686E+02
1.916000E+01 -7.685646E+02
1.917000E+01 -7.702384E+02
1.918000E+01 -7.661606E+02
1.919000E+01 -7.649680E+02
1.920000E+01 -7.731053E+02
1.921000E+01 -7.668652E+02
1.922000E+01 -7.644228E+02
1.923000E+01 -7.631464E+02
1.924000E+01 -7.679197E+02
1.925000E+01 -7.739352E+02
1.926000E+01 -7.750700E+02
1.927000E+01 -7.725772E+02
1.928000E+01 -7.744314E+02
1.929000E+01 -7.714645E+02
1.930000E+01 -7.700067E+02
1.931000E+01 -7.770111E+02
1.932000E+01 -7.754566E+02
1.933000E+01 -7.773603E+02
1.934000E+01 -7.833998E+02
1.935000E+01 -7.755249E+02
1.936000E+01 -7.776527E+02
1.937000E+01 -7.790540E+02
1.938000E+01 -7.792616E+02
1.939000E+01 -7.749271E+02
1.940000E+01 -7.787258E+02
1.941000E+01 -7.721813E+02
1.942000E+01 -7.818944E+02
1.943000E+01 -7.788563E+02
1.944000E+01 -7.777406E+02
1.945000E+01 -7.713211E+02
1.946000E+01 -7.749534E+02
1.947000E+01 -7.773794E+02
1.948000E+01 -7.678434E+02
1.949000E+01 -7.715235E+02
1.950000E+01 -7.750376E+02
1.951000E+01 -7.716621E+02
1.952000E+01 -7.750655E+02
1.953000E+01 -7.747951E+02
1.954000E+01 -7.757790E+02
1.955000E+01 -7.763124E+02
1.956000E+01 -7.720537E+02
1.957000E+01 -7.712182E+02
1.958000E+01 -7.777623E+02
1.959000E+01 -7.798981E+02
1.960000E+01 -7.775604E+02
1.961000E+01 -7.752093E+02
1.962000E+01 -7.830196E+02
1.963000E+01 -7.719618E+02
1.964000E+01 -7.767225E+02
1.965000E+01 -7.734267E+02
1.966000E+01 -7.757014E+02
1.967000E+01 -7.784813E+02
1.968000E+01 -7.791431E+02
1.969000E+01 -7.710166E+02
1.970000E+01 -7.719491E+02
1.971000E+01 -7.702139E+02
1.972000E+01 -7.726028E+02
1.973000E+01 -7.691114E+02
1.974000E+01 -7.761426E+02
1.975000E+01 -7.748082E+02
1.976000E+01 -7.712370E+02
1.977000E+01 -7.711901E+02
1.978000E+01 -7.735268E+02
1.979000E+01 -7.746439E+02
1.980000E+01 -7.686226E+02
1.981000E+01 -7.706910E+02
1.982000E+01 -7.724949E+02
1.983000E+01 -7.762239E+02
1.984000E+01 -7.703408E+02
1.985000E+01 -7.808091E+02
1.986000E+01 -7.687949E+02
1.987000E+01 -7.721009E+02
1.988000E+01 -7.625698E+02
1.989000E+01 -7.723838E+02
1.990000E+01 -7.699922E+02
1.991000E+01 -7.659464E+02
1.992000E+01 -7.635754E+02
1.993000E+01 -7.728846E+02
1.994000E+01 -7.679422E+02
1.995000E+01 -7.595799E+02
1.996000E+01 -7.647436E+02
1.997000E+01 -7.704902E+02
1.998000E+01 -7.626400E+02
1.999000E+01 -7.628170E+02
2.000000E+01 -7.607749E+02
