1.000000E-02 1.846832E+02
2.000000E-02 3.061648E+02
3.000000E-02 4.042390E+02
4.000000E-02 4.592479E+02
5.000000E-02 4.259011E+02
6.000000E-02 5.751104E+02
7.000000E-02 5.044218E+02
8.000000E-02 4.280918E+02
9.000000E-02 5.084176E+02
1.000000E-01 4.453105E+02
1.100000E-01 3.513482E+02
1.200000E-01 3.495824E+02
1.300000E-01 3.180398E+02
1.400000E-01 2.957208E+02
1.500000E-01 2.774917E+02
1.600000E-01 2.508229E+02
1.700000E-01 1.876728E+02
1.800000E-01 1.656146E+02
1.900000E-01 1.637574E+02
2.000000E-01 1.733462E+02
2.100000E-01 1.547338E+02
2.200000E-01 1.247759E+02
2.300000E-01 1.011967E+02
2.400000E-01 1.246811E+02
2.500000E-01 1.107442E+02
2.600000E-01 1.110981E+02
2.700000E-01 8.441623E+01
2.800000E-01 8.342358E+01
2.900000E-01 8.998354E+01
3.000000E-01 8.162829E+01
3.100000E-01 7.125035E+01
3.200000E-01 6.686804E+01
3.300000E-01 7.942140E+01
3.400000E-01 5.974151E+01
3.500000E-01 6.823646E+01
3.600000E-01 7.315641E+01
3.700000E-01 7.157688E+01
3.800000E-01 6.314025E+01
3.900000E-01 5.234362E+01
4.000000E-01 5.515703E+01
4.100000E-01 6.059592E+01
4.200000E-01 5.319502E+01
4.300000E-01 4.051108E+01
4.400000E-01 3.454010E+01
4.500000E-01 3.304392E+01
4.600000E-01 3.123781E+01
4.700000E-01 2.812595E+01
4.800000E-01 2.531362E+01
4.900000E-01 2.161540E+01
5.000000E-01 1.885554E+01
5.100000E-01 1.868728E+01
5.200000E-01 2.134664E+01
5.300000E-01 2.149593E+01
5.400000E-01 1.855585E+01
5.500000E-01 1.710683E+01
5.600000E-01 1.879608E+01
5.700000E-01 2.147463E+01
5.800000E-01 2.128720E+01
5.900000E-01 2.027272E+01
6.000000E-01 2.044084E+01
6.100000E-01 2.167356E+01
6.200000E-01 1.897417E+01
6.300000E-01 1.587043E+01
6.400000E-01 1.394152E+01
6.500000E-01 1.301071E+01
6.600000E-01 1.107943E+01
6.700000E-01 1.031827E+01
6.800000E-01 1.148550E+01
6.900000E-01 1.177575E+01
7.000000E-01 1.032538E+01
7.100000E-01 1.066430E+01
7.200000E-01 1.174686E+01
7.300000E-01 1.134838E+01
7.400000E-01 1.116142E+01
7.500000E-01 1.186945E+01
7.600000E-01 1.260757E+01
7.700000E-01 1.156542E+01
7.800000E-01 1.121447E+01
7.900000E-01 1.129775E+01
8.000000E-01 1.055724E+01
8.100000E-01 1.020079E+01
8.200000E-01 1.083612E+01
8.300000E-01 1.178050E+01
8.400000E-01 1.188536E+01
8.500000E-01 1.262853E+01
8.600000E-01 1.329999E+01
8.700000E-01 1.321931E+01
8.800000E-01 1.330781E+01
8.900000E-01 1.377452E+01
9.000000E-01 1.396260E+01
9.100000E-01 1.425535E+01
9.200000E-01 1.525139E+01
9.300000E-01 1.593828E+01
9.400000E-01 1.687861E+01
9.500000E-01 1.804795E+01
9.600000E-01 1.919339E+01
9.700000E-01 1.955977E+01
9.800000E-01 2.038366E+01
9.900000E-01 2.173684E+01
1.000000E+00 2.240840E+01
1.010000E+00 2.346987E+01
1.020000E+00 2.500662E+01
1.030000E+00 2.602460E+01
1.040000E+00 2.681743E+01
1.050000E+00 2.786393E+01
1.060000E+00 2.921934E+01
1.070000E+00 3.062602E+01
1.080000E+00 3.183042E+01
1.090000E+00 3.477137E+01
1.100000E+00 3.769611E+01
1.110000E+00 4.033242E+01
1.120000E+00 4.263853E+01
1.130000E+00 4.456866E+01
1.140000E+00 4.623078E+01
1.150000E+00 4.790759E+01
1.160000E+00 5.101686E+01
1.170000E+00 5.421696E+01
1.180000E+00 5.722812E+01
1.190000E+00 6.147938E+01
1.200000E+00 6.626116E+01
1.210000E+00 7.045241E+01
1.220000E+00 7.702420E+01
1.230000E+00 8.373142E+01
1.240000E+00 8.900593E+01
1.250000E+00 9.750997E+01
1.260000E+00 1.049812E+02
1.270000E+00 1.120301E+02
1.280000E+00 1.187789E+02
1.290000E+00 1.264832E+02
1.300000E+00 1.362223E+02
1.310000E+00 1.468089E+02
1.320000E+00 1.577032E+02
1.330000E+00 1.652918E+02
1.340000E+00 1.717058E+02
1.350000E+00 1.769109E+02
1.360000E+00 1.790550E+02
1.370000E+00 1.824818E+02
1.380000E+00 1.739727E+02
1.390000E+00 1.551289E+02
1.400000E+00 1.634603E+02
1.410000E+00 1.742725E+02
1.420000E+00 1.903831E+02
1.430000E+00 1.890517E+02
1.440000E+00 1.835353E+02
1.450000E+00 1.830311E+02
1.460000E+00 1.842520E+02
1.470000E+00 1.880464E+02
1.480000E+00 1.925127E+02
1.490000E+00 1.908474E+02
1.500000E+00 1.834951E+02
1.510000E+00 1.717442E+02
1.520000E+00 1.696984E+02
1.530000E+00 1.656022E+02
1.540000E+00 1.569652E+02
1.550000E+00 1.577896E+02
1.560000E+00 1.555745E+02
1.570000E+00 1.614747E+02
1.580000E+00 1.652663E+02
1.590000E+00 1.574833E+02
1.600000E+00 1.600210E+02
1.610000E+00 1.688608E+02
1.620000E+00 1.712924E+02
1.630000E+00 1.479696E+02
1.640000E+00 1.490995E+02
1.650000E+00 1.648322E+02
1.660000E+00 1.765868E+02
1.670000E+00 1.828136E+02
1.680000E+00 1.559302E+02
1.690000E+00 1.483765E+02
1.700000E+00 1.583851E+02
1.710000E+00 1.509298E+02
1.720000E+00 1.172160E+02
1.730000E+00 1.211048E+02
1.740000E+00 1.293938E+02
1.750000E+00 1.247183E+02
1.760000E+00 1.250737E+02
1.770000E+00 1.089914E+02
1.780000E+00 1.049764E+02
1.790000E+00 1.147657E+02
1.800000E+00 1.130233E+02
1.810000E+00 1.062565E+02
1.820000E+00 1.039925E+02
1.830000E+00 1.200744E+02
1.840000E+00 1.154183E+02
1.850000E+00 1.169985E+02
1.860000E+00 1.102980E+02
1.870000E+00 1.060516E+02
1.880000E+00 1.139501E+02
1.890000E+00 1.045229E+02
1.900000E+00 9.549856E+01
1.910000E+00 8.043843E+01
1.920000E+00 8.230695E+01
1.930000E+00 6.420459E+01
1.940000E+00 5.663181E+01
1.950000E+00 5.855516E+01
1.960000E+00 6.166681E+01
1.970000E+00 6.634313E+01
1.980000E+00 5.937363E+01
1.990000E+00 6.361191E+01
2.000000E+00 5.406412E+01
2.010000E+00 4.690712E+01
2.020000E+00 4.893632E+01
2.030000E+00 4.873017E+01
2.040000E+00 4.583176E+01
2.050000E+00 4.402286E+01
2.060000E+00 4.626757E+01
2.070000E+00 3.747810E+01
2.080000E+00 3.289241E+01
2.090000E+00 3.806422E+01
2.100000E+00 4.796271E+01
2.110000E+00 4.944303E+01
2.120000E+00 4.881236E+01
2.130000E+00 5.037970E+01
2.140000E+00 5.585621E+01
2.150000E+00 5.246018E+01
2.160000E+00 4.902667E+01
2.170000E+00 4.963090E+01
2.180000E+00 4.891674E+01
2.190000E+00 4.702458E+01
2.200000E+00 4.729116E+01
2.210000E+00 4.063200E+01
2.220000E+00 4.413599E+01
2.230000E+00 4.342103E+01
2.240000E+00 4.176389E+01
2.250000E+00 4.146415E+01
2.260000E+00 4.675956E+01
2.270000E+00 5.061190E+01
2.280000E+00 4.422933E+01
2.290000E+00 4.281256E+01
2.300000E+00 4.763091E+01
2.310000E+00 4.991784E+01
2.320000E+00 5.349896E+01
2.330000E+00 5.254941E+01
2.340000E+00 5.256214E+01
2.350000E+00 5.475947E+01
2.360000E+00 5.605737E+01
2.370000E+00 5.072641E+01
2.380000E+00 5.142160E+01
2.390000E+00 5.686498E+01
2.400000E+00 6.662275E+01
2.410000E+00 6.091309E+01
2.420000E+00 6.645755E+01
2.430000E+00 6.162180E+01
2.440000E+00 6.091603E+01
2.450000E+00 6.363498E+01
2.460000E+00 7.063751E+01
2.470000E+00 7.625234E+01
2.480000E+00 8.403615E+01
2.490000E+00 8.136194E+01
2.500000E+00 8.231180E+01
2.510000E+00 9.239097E+01
2.520000E+00 1.012528E+02
2.530000E+00 9.647363E+01
2.540000E+00 9.446727E+01
2.550000E+00 1.129039E+02
2.560000E+00 1.235731E+02
2.570000E+00 1.184869E+02
2.580000E+00 1.240884E+02
2.590000E+00 1.219961E+02
2.600000E+00 1.294879E+02
2.610000E+00 1.320184E+02
2.620000E+00 1.305186E+02
2.630000E+00 1.327800E+02
2.640000E+00 1.251324E+02
2.650000E+00 1.262320E+02
2.660000E+00 1.271006E+02
2.670000E+00 1.238585E+02
2.680000E+00 1.285474E+02
2.690000E+00 1.293269E+02
2.700000E+00 1.280346E+02
2.710000E+00 1.344938E+02
2.720000E+00 1.421518E+02
2.730000E+00 1.545559E+02
2.740000E+00 1.665965E+02
2.750000E+00 1.740115E+02
2.760000E+00 1.796744E+02
2.770000E+00 1.930229E+02
2.780000E+00 2.010540E+02
2.790000E+00 1.782300E+02
2.800000E+00 1.548193E+02
2.810000E+00 1.666735E+02
2.820000E+00 1.691770E+02
2.830000E+00 1.582855E+02
2.840000E+00 1.647148E+02
2.850000E+00 1.429571E+02
2.860000E+00 1.267321E+02
2.870000E+00 1.127244E+02
2.880000E+00 1.436799E+02
2.890000E+00 1.422453E+02
2.900000E+00 1.292296E+02
2.910000E+00 1.428856E+02
2.920000E+00 1.398824E+02
2.930000E+00 1.377504E+02
2.940000E+00 1.513183E+02
2.950000E+00 1.363217E+02
2.960000E+00 1.419127E+02
2.970000E+00 1.561272E+02
2.980000E+00 1.405561E+02
2.990000E+00 1.404580E+02
3.000000E+00 1.493817E+02
3.010000E+00 1.386734E+02
3.020000E+00 1.294724E+02
3.030000E+00 1.302350E+02
3.040000E+00 1.264398E+02
3.050000E+00 1.239446E+02
3.060000E+00 1.219996E+02
3.070000E+00 1.091940E+02
3.080000E+00 1.061690E+02
3.090000E+00 1.171467E+02
3.100000E+00 1.034348E+02
3.110000E+00 9.874226E+01
3.120000E+00 9.999099E+01
3.130000E+00 8.882033E+01
3.140000E+00 8.375147E+01
3.150000E+00 7.888277E+01
3.160000E+00 7.833099E+01
3.170000E+00 9.378586E+01
3.180000E+00 8.361954E+01
3.190000E+00 8.438155E+01
3.200000E+00 8.844990E+01
3.210000E+00 8.545509E+01
3.220000E+00 8.075917E+01
3.230000E+00 7.620186E+01
3.240000E+00 7.407776E+01
3.250000E+00 7.377852E+01
3.260000E+00 8.463058E+01
3.270000E+00 8.093448E+01
3.280000E+00 8.191311E+01
3.290000E+00 7.680483E+01
3.300000E+00 7.560762E+01
3.310000E+00 7.819399E+01
3.320000E+00 7.243748E+01
3.330000E+00 7.007787E+01
3.340000E+00 6.005600E+01
3.350000E+00 6.469164E+01
3.360000E+00 6.854540E+01
3.370000E+00 7.412794E+01
3.380000E+00 6.487536E+01
3.390000E+00 7.120649E+01
3.400000E+00 6.740857E+01
3.410000E+00 5.887445E+01
3.420000E+00 5.742192E+01
3.430000E+00 6.650582E+01
3.440000E+00 6.182367E+01
3.450000E+00 5.813148E+01
3.460000E+00 7.088521E+01
3.470000E+00 6.943774E+01
3.480000E+00 7.067058E+01
3.490000E+00 6.909380E+01
3.500000E+00 7.381861E+01
3.510000E+00 6.191122E+01
3.520000E+00 5.947806E+01
3.530000E+00 6.053642E+01
3.540000E+00 6.656722E+01
3.550000E+00 7.181526E+01
3.560000E+00 7.328769E+01
3.570000E+00 6.737590E+01
3.580000E+00 7.463271E+01
3.590000E+00 8.419592E+01
3.600000E+00 7.934916E+01
3.610000E+00 8.066870E+01
3.620000E+00 7.427838E+01
3.630000E+00 7.325329E+01
3.640000E+00 7.230714E+01
3.650000E+00 7.120976E+01
3.660000E+00 7.287349E+01
3.670000E+00 9.187244E+01
3.680000E+00 8.196361E+01
3.690000E+00 8.938759E+01
3.700000E+00 8.047691E+01
3.710000E+00 7.263093E+01
3.720000E+00 7.933251E+01
3.730000E+00 7.868998E+01
3.740000E+00 8.092145E+01
3.750000E+00 7.437050E+01
3.760000E+00 8.256995E+01
3.770000E+00 1.011476E+02
3.780000E+00 9.427790E+01
3.790000E+00 9.593053E+01
3.800000E+00 1.138874E+02
3.810000E+00 9.518648E+01
3.820000E+00 8.733097E+01
3.830000E+00 1.066509E+02
3.840000E+00 1.141587E+02
3.850000E+00 1.086178E+02
3.860000E+00 1.169485E+02
3.870000E+00 1.109103E+02
3.880000E+00 1.049224E+02
3.890000E+00 1.122444E+02
3.900000E+00 1.209384E+02
3.910000E+00 1.178380E+02
3.920000E+00 1.159255E+02
3.930000E+00 1.230244E+02
3.940000E+00 1.103015E+02
3.950000E+00 1.184357E+02
3.960000E+00 1.330737E+02
3.970000E+00 1.379556E+02
3.980000E+00 1.390896E+02
3.990000E+00 1.286489E+02
4.000000E+00 1.386392E+02
4.010000E+00 1.270170E+02
4.020000E+00 1.182148E+02
4.030000E+00 1.252509E+02
4.040000E+00 1.349520E+02
4.050000E+00 1.329535E+02
4.060000E+00 1.300209E+02
4.070000E+00 1.368667E+02
4.080000E+00 1.352109E+02
4.090000E+00 1.215136E+02
4.100000E+00 1.276658E+02
4.110000E+00 1.290532E+02
4.120000E+00 1.136495E+02
4.130000E+00 1.125893E+02
4.140000E+00 1.176439E+02
4.150000E+00 1.101980E+02
4.160000E+00 1.230720E+02
4.170000E+00 1.386548E+02
4.180000E+00 1.162139E+02
4.190000E+00 1.090317E+02
4.200000E+00 1.254532E+02
4.210000E+00 1.165293E+02
4.220000E+00 1.128486E+02
4.230000E+00 1.061398E+02
4.240000E+00 1.133972E+02
4.250000E+00 1.043561E+02
4.260000E+00 9.126467E+01
4.270000E+00 1.194348E+02
4.280000E+00 1.254613E+02
4.290000E+00 1.070881E+02
4.300000E+00 1.081384E+02
4.310000E+00 1.110582E+02
4.320000E+00 1.059953E+02
4.330000E+00 1.182683E+02
4.340000E+00 1.142055E+02
4.350000E+00 1.174742E+02
4.360000E+00 1.044781E+02
4.370000E+00 1.251860E+02
4.380000E+00 1.207222E+02
4.390000E+00 1.139683E+02
4.400000E+00 1.087295E+02
4.410000E+00 1.136006E+02
4.420000E+00 9.825851E+01
4.430000E+00 9.700236E+01
4.440000E+00 9.634659E+01
4.450000E+00 9.475054E+01
4.460000E+00 1.093889E+02
4.470000E+00 1.052260E+02
4.480000E+00 9.380590E+01
4.490000E+00 1.085003E+02
4.500000E+00 8.663235E+01
4.510000E+00 9.841565E+01
4.520000E+00 9.203213E+01
4.530000E+00 9.147085E+01
4.540000E+00 9.210908E+01
4.550000E+00 9.826936E+01
4.560000E+00 9.698877E+01
4.570000E+00 1.071993E+02
4.580000E+00 9.368855E+01
4.590000E+00 9.066239E+01
4.600000E+00 7.962757E+01
4.610000E+00 9.912768E+01
4.620000E+00 9.610222E+01
4.630000E+00 9.740537E+01
4.640000E+00 9.147503E+01
4.650000E+00 1.058602E+02
4.660000E+00 9.777093E+01
4.670000E+00 9.047197E+01
4.680000E+00 8.496505E+01
4.690000E+00 9.107832E+01
4.700000E+00 8.045507E+01
4.710000E+00 7.646494E+01
4.720000E+00 7.660915E+01
4.730000E+00 7.760057E+01
4.740000E+00 7.942060E+01
4.750000E+00 8.772746E+01
4.760000E+00 8.769286E+01
4.770000E+00 8.728630E+01
4.780000E+00 8.837851E+01
4.790000E+00 7.967374E+01
4.800000E+00 8.356028E+01
4.810000E+00 8.038894E+01
4.820000E+00 7.797349E+01
4.830000E+00 7.779383E+01
4.840000E+00 8.961988E+01
4.850000E+00 8.744249E+01
4.860000E+00 8.140504E+01
4.870000E+00 8.528511E+01
4.880000E+00 8.188048E+01
4.890000E+00 8.394879E+01
4.900000E+00 9.292608E+01
4.910000E+00 9.018427E+01
4.920000E+00 8.576547E+01
4.930000E+00 8.567218E+01
4.940000E+00 8.619552E+01
4.950000E+00 7.957295E+01
4.960000E+00 8.418539E+01
4.970000E+00 9.222153E+01
4.980000E+00 7.820996E+01
4.990000E+00 7.750440E+01
5.000000E+00 6.933489E+01
5.010000E+00 7.669410E+01
5.020000E+00 8.342069E+01
5.030000E+00 8.373392E+01
5.040000E+00 9.464110E+01
5.050000E+00 1.005403E+02
5.060000E+00 8.530495E+01
5.070000E+00 7.716535E+01
5.080000E+00 8.616282E+01
5.090000E+00 9.799266E+01
5.100000E+00 9.874191E+01
5.110000E+00 1.045589E+02
5.120000E+00 8.910061E+01
5.130000E+00 9.350757E+01
5.140000E+00 1.012278E+02
5.150000E+00 1.006220E+02
5.160000E+00 8.954158E+01
5.170000E+00 1.074392E+02
5.180000E+00 1.070828E+02
5.190000E+00 9.944888E+01
5.200000E+00 1.021276E+02
5.210000E+00 1.071732E+02
5.220000E+00 1.127912E+02
5.230000E+00 9.930634E+01
5.240000E+00 1.065840E+02
5.250000E+00 1.032935E+02
5.260000E+00 1.058260E+02
5.270000E+00 1.031177E+02
5.280000E+00 1.164474E+02
5.290000E+00 1.176847E+02
5.300000E+00 1.105052E+02
5.310000E+00 1.108658E+02
5.320000E+00 1.134077E+02
5.330000E+00 1.105816E+02
5.340000E+00 1.029186E+02
5.350000E+00 9.393942E+01
5.360000E+00 8.836699E+01
5.370000E+00 9.434925E+01
5.380000E+00 1.116526E+02
5.390000E+00 1.069491E+02
5.400000E+00 1.064015E+02
5.410000E+00 1.049988E+02
5.420000E+00 1.147873E+02
5.430000E+00 1.160798E+02
5.440000E+00 1.130177E+02
5.450000E+00 1.177860E+02
5.460000E+00 9.614456E+01
5.470000E+00 1.012167E+02
5.480000E+00 1.049119E+02
5.490000E+00 9.418620E+01
5.500000E+00 1.233550E+02
5.510000E+00 1.189359E+02
5.520000E+00 1.202074E+02
5.530000E+00 1.087767E+02
5.540000E+00 1.046540E+02
5.550000E+00 1.101547E+02
5.560000E+00 1.152649E+02
5.570000E+00 1.219274E+02
5.580000E+00 1.157183E+02
5.590000E+00 1.258710E+02
5.600000E+00 1.152682E+02
5.610000E+00 1.125100E+02
5.620000E+00 1.244995E+02
5.630000E+00 1.314181E+02
5.640000E+00 1.158491E+02
5.650000E+00 1.265465E+02
5.660000E+00 1.256489E+02
5.670000E+00 1.140685E+02
5.680000E+00 1.201291E+02
5.690000E+00 1.120599E+02
5.700000E+00 1.205093E+02
5.710000E+00 1.023721E+02
5.720000E+00 1.022467E+02
5.730000E+00 1.044847E+02
5.740000E+00 9.310249E+01
5.750000E+00 8.597780E+01
5.760000E+00 1.036032E+02
5.770000E+00 1.052946E+02
5.780000E+00 1.158953E+02
5.790000E+00 1.052859E+02
5.800000E+00 9.751714E+01
5.810000E+00 1.139310E+02
5.820000E+00 1.137838E+02
5.830000E+00 1.010737E+02
5.840000E+00 9.668832E+01
5.850000E+00 1.060952E+02
5.860000E+00 8.915445E+01
5.870000E+00 9.814641E+01
5.880000E+00 9.006641E+01
5.890000E+00 1.022291E+02
5.900000E+00 8.882946E+01
5.910000E+00 8.043699E+01
5.920000E+00 8.652933E+01
5.930000E+00 9.456309E+01
5.940000E+00 1.072662E+02
5.950000E+00 9.765319E+01
5.960000E+00 8.241583E+01
5.970000E+00 9.182947E+01
5.980000E+00 8.431049E+01
5.990000E+00 7.384832E+01
6.000000E+00 7.380045E+01
6.010000E+00 7.417717E+01
6.020000E+00 9.493851E+01
6.030000E+00 8.983366E+01
6.040000E+00 8.834354E+01
6.050000E+00 9.047580E+01
6.060000E+00 7.259643E+01
6.070000E+00 8.514001E+01
6.080000E+00 8.994758E+01
6.090000E+00 9.468546E+01
6.100000E+00 1.018815E+02
6.110000E+00 9.310781E+01
6.120000E+00 1.028790E+02
6.130000E+00 1.051487E+02
6.140000E+00 1.050992E+02
6.150000E+00 1.091153E+02
6.160000E+00 1.076785E+02
6.170000E+00 1.048410E+02
6.180000E+00 1.000198E+02
6.190000E+00 9.881473E+01
6.200000E+00 1.029775E+02
6.210000E+00 9.134418E+01
6.220000E+00 1.065391E+02
6.230000E+00 9.952261E+01
6.240000E+00 8.138783E+01
6.250000E+00 8.923869E+01
6.260000E+00 9.045444E+01
6.270000E+00 8.423517E+01
6.280000E+00 9.317143E+01
6.290000E+00 1.121096E+02
6.300000E+00 1.085706E+02
6.310000E+00 1.038106E+02
6.320000E+00 9.963462E+01
6.330000E+00 1.118199E+02
6.340000E+00 1.004944E+02
6.350000E+00 1.024364E+02
6.360000E+00 1.112908E+02
6.370000E+00 1.144591E+02
6.380000E+00 1.096167E+02
6.390000E+00 1.031507E+02
6.400000E+00 1.026398E+02
6.410000E+00 1.027059E+02
6.420000E+00 8.804665E+01
6.430000E+00 8.607659E+01
6.440000E+00 8.160212E+01
6.450000E+00 9.568684E+01
6.460000E+00 8.786902E+01
6.470000E+00 8.848179E+01
6.480000E+00 1.033501E+02
6.490000E+00 9.269271E+01
6.500000E+00 9.876433E+01
6.510000E+00 8.421958E+01
6.520000E+00 7.806592E+01
6.530000E+00 8.168568E+01
6.540000E+00 8.729407E+01
6.550000E+00 8.592000E+01
6.560000E+00 1.127173E+02
6.570000E+00 1.095708E+02
6.580000E+00 9.319925E+01
6.590000E+00 9.027179E+01
6.600000E+00 9.243650E+01
6.610000E+00 8.692850E+01
6.620000E+00 8.686774E+01
6.630000E+00 1.007551E+02
6.640000E+00 1.031383E+02
6.650000E+00 1.062547E+02
6.660000E+00 1.067122E+02
6.670000E+00 9.915530E+01
6.680000E+00 1.146050E+02
6.690000E+00 1.196058E+02
6.700000E+00 1.109948E+02
6.710000E+00 1.042807E+02
6.720000E+00 1.123452E+02
6.730000E+00 1.083421E+02
6.740000E+00 8.694154E+01
6.750000E+00 8.709549E+01
6.760000E+00 8.988420E+01
6.770000E+00 9.326089E+01
6.780000E+00 7.931386E+01
6.790000E+00 7.856333E+01
6.800000E+00 9.036934E+01
6.810000E+00 9.918394E+01
6.820000E+00 9.360468E+01
6.830000E+00 1.090404E+02
6.840000E+00 8.903997E+01
6.850000E+00 1.020497E+02
6.860000E+00 1.071110E+02
6.870000E+00 9.856192E+01
6.880000E+00 1.193759E+02
6.890000E+00 1.180916E+02
6.900000E+00 1.066049E+02
6.910000E+00 1.268265E+02
6.920000E+00 1.202106E+02
6.930000E+00 1.148325E+02
6.940000E+00 1.152792E+02
6.950000E+00 1.112197E+02
6.960000E+00 9.815878E+01
6.970000E+00 1.078861E+02
6.980000E+00 1.120195E+02
6.990000E+00 1.131502E+02
7.000000E+00 1.095844E+02
7.010000E+00 1.060194E+02
7.020000E+00 1.301718E+02
7.030000E+00 1.084410E+02
7.040000E+00 1.133463E+02
7.050000E+00 1.122445E+02
7.060000E+00 8.702628E+01
7.070000E+00 9.612256E+01
7.080000E+00 1.076999E+02
7.090000E+00 9.637170E+01
7.100000E+00 1.019816E+02
7.110000E+00 1.140209E+02
7.120000E+00 9.092252E+01
7.130000E+00 9.030521E+01
7.140000E+00 1.042213E+02
7.150000E+00 9.526042E+01
7.160000E+00 9.790204E+01
7.170000E+00 9.360621E+01
7.180000E+00 9.741184E+01
7.190000E+00 8.837168E+01
7.200000E+00 9.760250E+01
7.210000E+00 9.940322E+01
7.220000E+00 1.103364E+02
7.230000E+00 9.094365E+01
7.240000E+00 9.087893E+01
7.250000E+00 1.003266E+02
7.260000E+00 1.020850E+02
7.270000E+00 9.965026E+01
7.280000E+00 9.628401E+01
7.290000E+00 1.031910E+02
7.300000E+00 8.255158E+01
7.310000E+00 8.195127E+01
7.320000E+00 9.819699E+01
7.330000E+00 9.136977E+01
7.340000E+00 8.280841E+01
7.350000E+00 1.010689E+02
7.360000E+00 1.066999E+02
7.370000E+00 1.009317E+02
7.380000E+00 9.491717E+01
7.390000E+00 1.006544E+02
7.400000E+00 1.040296E+02
7.410000E+00 9.410601E+01
7.420000E+00 9.819971E+01
7.430000E+00 1.104171E+02
7.440000E+00 1.039397E+02
7.450000E+00 1.156006E+02
7.460000E+00 1.086317E+02
7.470000E+00 9.171736E+01
7.480000E+00 1.049449E+02
7.490000E+00 9.958147E+01
7.500000E+00 9.732871E+01
7.510000E+00 1.028020E+02
7.520000E+00 1.033585E+02
7.530000E+00 1.106325E+02
7.540000E+00 1.160316E+02
7.550000E+00 9.343631E+01
7.560000E+00 8.990300E+01
7.570000E+00 9.838937E+01
7.580000E+00 1.025825E+02
7.590000E+00 1.015693E+02
7.600000E+00 8.245805E+01
7.610000E+00 9.828435E+01
7.620000E+00 1.117053E+02
7.630000E+00 9.507232E+01
7.640000E+00 1.038370E+02
7.650000E+00 1.043829E+02
7.660000E+00 1.197370E+02
7.670000E+00 1.037624E+02
7.680000E+00 1.152002E+02
7.690000E+00 1.019230E+02
7.700000E+00 1.039433E+02
7.710000E+00 1.053455E+02
7.720000E+00 9.257215E+01
7.730000E+00 8.931106E+01
7.740000E+00 1.109479E+02
7.750000E+00 9.534988E+01
7.760000E+00 9.027465E+01
7.770000E+00 8.227686E+01
7.780000E+00 1.033240E+02
7.790000E+00 9.963634E+01
7.800000E+00 7.638081E+01
7.810000E+00 8.894641E+01
7.820000E+00 9.762037E+01
7.830000E+00 8.642972E+01
7.840000E+00 7.921016E+01
7.850000E+00 8.242048E+01
7.860000E+00 8.804767E+01
7.870000E+00 9.763097E+01
7.880000E+00 9.174489E+01
7.890000E+00 7.755613E+01
7.900000E+00 8.735541E+01
7.910000E+00 9.131325E+01
7.920000E+00 9.209158E+01
7.930000E+00 1.028314E+02
7.940000E+00 1.126475E+02
7.950000E+00 1.177284E+02
7.960000E+00 1.065641E+02
7.970000E+00 9.584778E+01
7.980000E+00 8.554568E+01
7.990000E+00 9.158272E+01
8.000000E+00 1.024325E+02
8.010000E+00 1.028081E+02
8.020000E+00 9.785762E+01
8.030000E+00 1.031996E+02
8.040000E+00 1.019258E+02
8.050000E+00 9.606190E+01
8.060000E+00 1.050455E+02
8.070000E+00 9.564996E+01
8.080000E+00 1.008538E+02
8.090000E+00 9.919783E+01
8.100000E+00 1.075183E+02
8.110000E+00 8.945440E+01
8.120000E+00 9.545772E+01
8.130000E+00 1.077358E+02
8.140000E+00 1.026099E+02
8.150000E+00 8.581340E+01
8.160000E+00 1.038762E+02
8.170000E+00 1.005151E+02
8.180000E+00 9.642937E+01
8.190000E+00 9.077904E+01
8.200000E+00 1.336187E+02
8.210000E+00 1.117043E+02
8.220000E+00 9.995156E+01
8.230000E+00 1.046915E+02
8.240000E+00 1.213608E+02
8.250000E+00 1.087639E+02
8.260000E+00 1.225278E+02
8.270000E+00 1.120413E+02
8.280000E+00 1.057406E+02
8.290000E+00 9.984607E+01
8.300000E+00 1.029914E+02
8.310000E+00 1.256668E+02
8.320000E+00 1.102565E+02
8.330000E+00 1.000358E+02
8.340000E+00 1.029986E+02
8.350000E+00 1.024925E+02
8.360000E+00 1.039783E+02
8.370000E+00 9.314717E+01
8.380000E+00 9.249385E+01
8.390000E+00 1.054591E+02
8.400000E+00 8.971612E+01
8.410000E+00 9.764844E+01
8.420000E+00 9.255819E+01
8.430000E+00 9.865052E+01
8.440000E+00 1.042364E+02
8.450000E+00 8.054595E+01
8.460000E+00 9.632576E+01
8.470000E+00 9.736222E+01
8.480000E+00 9.145878E+01
8.490000E+00 1.029613E+02
8.500000E+00 1.004279E+02
8.510000E+00 9.502590E+01
8.520000E+00 1.000964E+02
8.530000E+00 9.050308E+01
8.540000E+00 1.027637E+02
8.550000E+00 1.121790E+02
8.560000E+00 1.166167E+02
8.570000E+00 9.777037E+01
8.580000E+00 9.672247E+01
8.590000E+00 1.042506E+02
8.600000E+00 9.398278E+01
8.610000E+00 9.026429E+01
8.620000E+00 1.006697E+02
8.630000E+00 1.079071E+02
8.640000E+00 1.047186E+02
8.650000E+00 1.121715E+02
8.660000E+00 1.037683E+02
8.670000E+00 9.894429E+01
8.680000E+00 9.954246E+01
8.690000E+00 9.598695E+01
8.700000E+00 9.352829E+01
8.710000E+00 1.066531E+02
8.720000E+00 8.957872E+01
8.730000E+00 1.050905E+02
8.740000E+00 1.109147E+02
8.750000E+00 9.484830E+01
8.760000E+00 1.042800E+02
8.770000E+00 8.618733E+01
8.780000E+00 1.217111E+02
8.790000E+00 1.076611E+02
8.800000E+00 1.038734E+02
8.810000E+00 1.019731E+02
8.820000E+00 9.556342E+01
8.830000E+00 1.090914E+02
8.840000E+00 9.427526E+01
8.850000E+00 1.007057E+02
8.860000E+00 1.152683E+02
8.870000E+00 1.085533E+02
8.880000E+00 1.091341E+02
8.890000E+00 9.272140E+01
8.900000E+00 9.554431E+01
8.910000E+00 1.175009E+02
8.920000E+00 1.009563E+02
8.930000E+00 9.178420E+01
8.940000E+00 9.390826E+01
8.950000E+00 9.961455E+01
8.960000E+00 9.832591E+01
8.970000E+00 1.059123E+02
8.980000E+00 1.097130E+02
8.990000E+00 9.740121E+01
9.000000E+00 9.838802E+01
9.010000E+00 9.353830E+01
9.020000E+00 8.892722E+01
9.030000E+00 1.022274E+02
9.040000E+00 9.331445E+01
9.050000E+00 9.345099E+01
9.060000E+00 1.046211E+02
9.070000E+00 1.037373E+02
9.080000E+00 9.611938E+01
9.090000E+00 8.616558E+01
9.100000E+00 8.431272E+01
9.110000E+00 1.004004E+02
9.120000E+00 1.000166E+02
9.130000E+00 8.434648E+01
9.140000E+00 8.339827E+01
9.150000E+00 9.403899E+01
9.160000E+00 8.885036E+01
9.170000E+00 9.152454E+01
9.180000E+00 8.156522E+01
9.190000E+00 8.713306E+01
9.200000E+00 9.475597E+01
9.210000E+00 1.061897E+02
9.220000E+00 8.680635E+01
9.230000E+00 9.770098E+01
9.240000E+00 9.895110E+01
9.250000E+00 9.374338E+01
9.260000E+00 1.001907E+02
9.270000E+00 1.033560E+02
9.280000E+00 9.238000E+01
9.290000E+00 1.096768E+02
9.300000E+00 9.779403E+01
9.310000E+00 8.654202E+01
9.320000E+00 1.153402E+02
9.330000E+00 9.020595E+01
9.340000E+00 1.091642E+02
9.350000E+00 9.545039E+01
9.360000E+00 1.062273E+02
9.370000E+00 9.602422E+01
9.380000E+00 9.111725E+01
9.390000E+00 9.958306E+01
9.400000E+00 1.056869E+02
9.410000E+00 1.182064E+02
9.420000E+00 1.038124E+02
9.430000E+00 1.020233E+02
9.440000E+00 1.065041E+02
9.450000E+00 1.144435E+02
9.460000E+00 1.079062E+02
9.470000E+00 9.641363E+01
9.480000E+00 1.157302E+02
9.490000E+00 1.244416E+02
9.500000E+00 1.130901E+02
9.510000E+00 9.558577E+01
9.520000E+00 1.108773E+02
9.530000E+00 9.146909E+01
9.540000E+00 9.232977E+01
9.550000E+00 1.152867E+02
9.560000E+00 1.070969E+02
9.570000E+00 1.181501E+02
9.580000E+00 1.059097E+02
9.590000E+00 8.725122E+01
9.600000E+00 9.121001E+01
9.610000E+00 8.672486E+01
9.620000E+00 8.090338E+01
9.630000E+00 1.030995E+02
9.640000E+00 1.008649E+02
9.650000E+00 1.057441E+02
9.660000E+00 1.115181E+02
9.670000E+00 1.148579E+02
9.680000E+00 7.457695E+01
9.690000E+00 9.621974E+01
9.700000E+00 1.025317E+02
9.710000E+00 7.646145E+01
9.720000E+00 1.017944E+02
9.730000E+00 1.074935E+02
9.740000E+00 1.100825E+02
9.750000E+00 1.008240E+02
9.760000E+00 1.071471E+02
9.770000E+00 9.923888E+01
9.780000E+00 9.921193E+01
9.790000E+00 9.344169E+01
9.800000E+00 1.130339E+02
9.810000E+00 1.055255E+02
9.820000E+00 1.052320E+02
9.830000E+00 1.016117E+02
9.840000E+00 1.005300E+02
9.850000E+00 1.081576E+02
9.860000E+00 1.035838E+02
9.870000E+00 9.802115E+01
9.880000E+00 1.061382E+02
9.890000E+00 1.169061E+02
9.900000E+00 1.116587E+02
9.910000E+00 1.125103E+02
9.920000E+00 1.272151E+02
9.930000E+00 1.121227E+02
9.940000E+00 1.011268E+02
9.950000E+00 9.400228E+01
9.960000E+00 1.110500E+02
9.970000E+00 1.016610E+02
9.980000E+00 9.294933E+01
9.990000E+00 9.091214E+01
1.000000E+01 8.934661E+01
1.001000E+01 1.005842E+02
1.002000E+01 7.482302E+01
1.003000E+01 9.356814E+01
1.004000E+01 8.969116E+01
1.005000E+01 9.590866E+01
1.006000E+01 9.028650E+01
1.007000E+01 9.731613E+01
1.008000E+01 7.844664E+01
1.009000E+01 8.913847E+01
1.010000E+01 1.039524E+02
1.011000E+01 9.588192E+01
1.012000E+01 1.076662E+02
1.013000E+01 1.101346E+02
1.014000E+01 9.488890E+01
1.015000E+01 9.493410E+01
1.016000E+01 1.075440E+02
1.017000E+01 9.144212E+01
1.018000E+01 8.938127E+01
1.019000E+01 1.002215E+02
1.020000E+01 1.026951E+02
1.021000E+01 1.065264E+02
1.022000E+01 1.083882E+02
1.023000E+01 1.148899E+02
1.024000E+01 1.012150E+02
1.025000E+01 9.777416E+01
1.026000E+01 1.003951E+02
1.027000E+01 8.707678E+01
1.028000E+01 9.484991E+01
1.029000E+01 9.170975E+01
1.030000E+01 1.011813E+02
1.031000E+01 9.609353E+01
1.032000E+01 1.123732E+02
1.033000E+01 1.052038E+02
1.034000E+01 7.895253E+01
1.035000E+01 9.772377E+01
1.036000E+01 9.562580E+01
1.037000E+01 9.266257E+01
1.038000E+01 8.401192E+01
1.039000E+01 7.922060E+01
1.040000E+01 9.859557E+01
1.041000E+01 1.007618E+02
1.042000E+01 1.031644E+02
1.043000E+01 9.090879E+01
1.044000E+01 8.800420E+01
1.045000E+01 9.693932E+01
1.046000E+01 7.532175E+01
1.047000E+01 8.898016E+01
1.048000E+01 1.026532E+02
1.049000E+01 9.401104E+01
1.050000E+01 1.046501E+02
1.051000E+01 8.860607E+01
1.052000E+01 9.603639E+01
1.053000E+01 1.021530E+02
1.054000E+01 8.083145E+01
1.055000E+01 8.899201E+01
1.056000E+01 9.393121E+01
1.057000E+01 1.102531E+02
1.058000E+01 9.276963E+01
1.059000E+01 8.758530E+01
1.060000E+01 1.168384E+02
1.061000E+01 1.099362E+02
1.062000E+01 9.378349E+01
1.063000E+01 8.599634E+01
1.064000E+01 8.919195E+01
1.065000E+01 1.121174E+02
1.066000E+01 1.144556E+02
1.067000E+01 8.084459E+01
1.068000E+01 1.094933E+02
1.069000E+01 1.279760E+02
1.070000E+01 9.967354E+01
1.071000E+01 8.631147E+01
1.072000E+01 9.211287E+01
1.073000E+01 1.157028E+02
1.074000E+01 9.566004E+01
1.075000E+01 9.387467E+01
1.076000E+01 9.466397E+01
1.077000E+01 1.120775E+02
1.078000E+01 1.172488E+02
1.079000E+01 9.687776E+01
1.080000E+01 9.424747E+01
1.081000E+01 1.146971E+02
1.082000E+01 1.184487E+02
1.083000E+01 1.071814E+02
1.084000E+01 1.009075E+02
1.085000E+01 1.017366E+02
1.086000E+01 9.926844E+01
1.087000E+01 1.111857E+02
1.088000E+01 1.048602E+02
1.089000E+01 9.562362E+01
1.090000E+01 1.074101E+02
1.091000E+01 9.060223E+01
1.092000E+01 8.674997E+01
1.093000E+01 1.200464E+02
1.094000E+01 1.086072E+02
1.095000E+01 9.026565E+01
1.096000E+01 1.207839E+02
1.097000E+01 1.070629E+02
1.098000E+01 1.056319E+02
1.099000E+01 1.231395E+02
1.100000E+01 1.095635E+02
1.101000E+01 9.465338E+01
1.102000E+01 7.850882E+01
1.103000E+01 1.020414E+02
1.104000E+01 1.044128E+02
1.105000E+01 1.068617E+02
1.106000E+01 1.163029E+02
1.107000E+01 1.079976E+02
1.108000E+01 9.483578E+01
1.109000E+01 1.258367E+02
1.110000E+01 1.110597E+02
1.111000E+01 1.188245E+02
1.112000E+01 1.117096E+02
1.113000E+01 1.066182E+02
1.114000E+01 1.173738E+02
1.115000E+01 1.084908E+02
1.116000E+01 1.228108E+02
1.117000E+01 1.112979E+02
1.118000E+01 1.212194E+02
1.119000E+01 1.162542E+02
1.120000E+01 1.158430E+02
1.121000E+01 1.077977E+02
1.122000E+01 1.133599E+02
1.123000E+01 1.169697E+02
1.124000E+01 1.094250E+02
1.125000E+01 1.089627E+02
1.126000E+01 1.079330E+02
1.127000E+01 9.751917E+01
1.128000E+01 1.161953E+02
1.129000E+01 1.056443E+02
1.130000E+01 8.818939E+01
1.131000E+01 9.899228E+01
1.132000E+01 1.129292E+02
1.133000E+01 9.998194E+01
1.134000E+01 7.931970E+01
1.135000E+01 9.066478E+01
1.136000E+01 1.029321E+02
1.137000E+01 9.407967E+01
1.138000E+01 1.090650E+02
1.139000E+01 8.918360E+01
1.140000E+01 9.261005E+01
1.141000E+01 9.691776E+01
1.142000E+01 9.309995E+01
1.143000E+01 8.665505E+01
1.144000E+01 9.147176E+01
1.145000E+01 9.173429E+01
1.146000E+01 8.067230E+01
1.147000E+01 9.694126E+01
1.148000E+01 7.941667E+01
1.149000E+01 9.633055E+01
1.150000E+01 1.053036E+02
1.151000E+01 8.631652E+01
1.152000E+01 1.012885E+02
1.153000E+01 8.552159E+01
1.154000E+01 9.409475E+01
1.155000E+01 1.026152E+02
1.156000E+01 7.546452E+01
1.157000E+01 8.780857E+01
1.158000E+01 8.593591E+01
1.159000E+01 9.525717E+01
1.160000E+01 8.387844E+01
1.161000E+01 8.101247E+01
1.162000E+01 8.412494E+01
1.163000E+01 9.502742E+01
1.164000E+01 8.296072E+01
1.165000E+01 8.648877E+01
1.166000E+01 8.086446E+01
1.167000E+01 7.784482E+01
1.168000E+01 7.846587E+01
1.169000E+01 8.517012E+01
1.170000E+01 8.307955E+01
1.171000E+01 8.623719E+01
1.172000E+01 8.797098E+01
1.173000E+01 9.049594E+01
1.174000E+01 8.101176E+01
1.175000E+01 9.300181E+01
1.176000E+01 9.701528E+01
1.177000E+01 1.026256E+02
1.178000E+01 1.029748E+02
1.179000E+01 7.801093E+01
1.180000E+01 1.089023E+02
1.181000E+01 9.521221E+01
1.182000E+01 7.375619E+01
1.183000E+01 9.666467E+01
1.184000E+01 9.618891E+01
1.185000E+01 8.051020E+01
1.186000E+01 9.196833E+01
1.187000E+01 9.147271E+01
1.188000E+01 9.764385E+01
1.189000E+01 8.625811E+01
1.190000E+01 9.712519E+01
1.191000E+01 9.091105E+01
1.192000E+01 9.660509E+01
1.193000E+01 8.200418E+01
1.194000E+01 9.851929E+01
1.195000E+01 9.917372E+01
1.196000E+01 9.681608E+01
1.197000E+01 1.008617E+02
1.198000E+01 1.089203E+02
1.199000E+01 8.692493E+01
1.200000E+01 9.246317E+01
1.201000E+01 1.176442E+02
1.202000E+01 1.223012E+02
1.203000E+01 1.169575E+02
1.204000E+01 1.280263E+02
1.205000E+01 1.069697E+02
1.206000E+01 9.555918E+01
1.207000E+01 1.136853E+02
1.208000E+01 1.013455E+02
1.209000E+01 1.170284E+02
1.210000E+01 1.056702E+02
1.211000E+01 1.142897E+02
1.212000E+01 1.079485E+02
1.213000E+01 1.101476E+02
1.214000E+01 1.012357E+02
1.215000E+01 1.169056E+02
1.216000E+01 1.103086E+02
1.217000E+01 9.135224E+01
1.218000E+01 1.042628E+02
1.219000E+01 1.067671E+02
1.220000E+01 1.093602E+02
1.221000E+01 1.107059E+02
1.222000E+01 1.118069E+02
1.223000E+01 1.291266E+02
1.224000E+01 1.233660E+02
1.225000E+01 1.177776E+02
1.226000E+01 1.081919E+02
1.227000E+01 1.226658E+02
1.228000E+01 1.229256E+02
1.229000E+01 1.126341E+02
1.230000E+01 1.159395E+02
1.231000E+01 9.314752E+01
1.232000E+01 1.174689E+02
1.233000E+01 1.145095E+02
1.234000E+01 1.150420E+02
1.235000E+01 1.335583E+02
1.236000E+01 1.292123E+02
1.237000E+01 1.186137E+02
1.238000E+01 9.600286E+01
1.239000E+01 9.993359E+01
1.240000E+01 9.867724E+01
1.241000E+01 9.532202E+01
1.242000E+01 9.793115E+01
1.243000E+01 8.321615E+01
1.244000E+01 9.110619E+01
1.245000E+01 1.020379E+02
1.246000E+01 9.054359E+01
1.247000E+01 1.107066E+02
1.248000E+01 1.047776E+02
1.249000E+01 1.133414E+02
1.250000E+01 1.002614E+02
1.251000E+01 8.709346E+01
1.252000E+01 1.057690E+02
1.253000E+01 1.191896E+02
1.254000E+01 1.003906E+02
1.255000E+01 9.571787E+01
1.256000E+01 8.908800E+01
1.257000E+01 1.083062E+02
1.258000E+01 1.091245E+02
1.259000E+01 1.001561E+02
1.260000E+01 9.948582E+01
1.261000E+01 1.062331E+02
1.262000E+01 9.241312E+01
1.263000E+01 9.010188E+01
1.264000E+01 9.670817E+01
1.265000E+01 8.232595E+01
1.266000E+01 6.308583E+01
1.267000E+01 8.686076E+01
1.268000E+01 8.885333E+01
1.269000E+01 8.078224E+01
1.270000E+01 7.606255E+01
1.271000E+01 7.377389E+01
1.272000E+01 8.548024E+01
1.273000E+01 1.018359E+02
1.274000E+01 1.024857E+02
1.275000E+01 1.026967E+02
1.276000E+01 8.637984E+01
1.277000E+01 1.119200E+02
1.278000E+01 9.967758E+01
1.279000E+01 9.419472E+01
1.280000E+01 1.129181E+02
1.281000E+01 1.098760E+02
1.282000E+01 1.015330E+02
1.283000E+01 8.970993E+01
1.284000E+01 1.086066E+02
1.285000E+01 9.537631E+01
1.286000E+01 8.777630E+01
1.287000E+01 1.046195E+02
1.288000E+01 9.196195E+01
1.289000E+01 7.586867E+01
1.290000E+01 9.670193E+01
1.291000E+01 9.244653E+01
1.292000E+01 9.141713E+01
1.293000E+01 1.066708E+02
1.294000E+01 9.255889E+01
1.295000E+01 9.409788E+01
1.296000E+01 1.114852E+02
1.297000E+01 9.774332E+01
1.298000E+01 9.703865E+01
1.299000E+01 1.175104E+02
1.300000E+01 1.171516E+02
1.301000E+01 9.428306E+01
1.302000E+01 9.757430E+01
1.303000E+01 1.089975E+02
1.304000E+01 9.988481E+01
1.305000E+01 9.581394E+01
1.306000E+01 1.132238E+02
1.307000E+01 1.292595E+02
1.308000E+01 1.057792E+02
1.309000E+01 1.206334E+02
1.310000E+01 1.294373E+02
1.311000E+01 1.156011E+02
1.312000E+01 9.400035E+01
1.313000E+01 9.409327E+01
1.314000E+01 1.055119E+02
1.315000E+01 9.563166E+01
1.316000E+01 1.122865E+02
1.317000E+01 1.146392E+02
1.318000E+01 1.008361E+02
1.319000E+01 1.004372E+02
1.320000E+01 1.019180E+02
1.321000E+01 8.878192E+01
1.322000E+01 9.671633E+01
1.323000E+01 9.171338E+01
1.324000E+01 9.194363E+01
1.325000E+01 1.090694E+02
1.326000E+01 1.180377E+02
1.327000E+01 9.011649E+01
1.328000E+01 1.015350E+02
1.329000E+01 1.144107E+02
1.330000E+01 1.091034E+02
1.331000E+01 9.745424E+01
1.332000E+01 1.039736E+02
1.333000E+01 9.337035E+01
1.334000E+01 1.064318E+02
1.335000E+01 9.855770E+01
1.336000E+01 9.055071E+01
1.337000E+01 8.749175E+01
1.338000E+01 9.093054E+01
1.339000E+01 1.014482E+02
1.340000E+01 9.675609E+01
1.341000E+01 9.104034E+01
1.342000E+01 8.459474E+01
1.343000E+01 9.124948E+01
1.344000E+01 1.016368E+02
1.345000E+01 9.498567E+01
1.346000E+01 9.264853E+01
1.347000E+01 1.101843E+02
1.348000E+01 9.157895E+01
1.349000E+01 9.727682E+01
1.350000E+01 1.154991E+02
1.351000E+01 1.006892E+02
1.352000E+01 1.130229E+02
1.353000E+01 1.007570E+02
1.354000E+01 9.158827E+01
1.355000E+01 9.174435E+01
1.356000E+01 9.140958E+01
1.357000E+01 8.742486E+01
1.358000E+01 8.174257E+01
1.359000E+01 9.505368E+01
1.360000E+01 8.841774E+01
1.361000E+01 9.511935E+01
1.362000E+01 8.903373E+01
1.363000E+01 8.307005E+01
1.364000E+01 7.628889E+01
1.365000E+01 7.938838E+01
1.366000E+01 7.667052E+01
1.367000E+01 6.995401E+01
1.368000E+01 8.029332E+01
1.369000E+01 9.067576E+01
1.370000E+01 9.645950E+01
1.371000E+01 1.053122E+02
1.372000E+01 1.098291E+02
1.373000E+01 9.567028E+01
1.374000E+01 1.044853E+02
1.375000E+01 9.559253E+01
1.376000E+01 8.380153E+01
1.377000E+01 9.423038E+01
1.378000E+01 9.652028E+01
1.379000E+01 1.083499E+02
1.380000E+01 1.051377E+02
1.381000E+01 1.020051E+02
1.382000E+01 1.065417E+02
1.383000E+01 1.156463E+02
1.384000E+01 9.943382E+01
1.385000E+01 1.046673E+02
1.386000E+01 1.095243E+02
1.387000E+01 1.082385E+02
1.388000E+01 1.131303E+02
1.389000E+01 9.869006E+01
1.390000E+01 9.864245E+01
1.391000E+01 9.614435E+01
1.392000E+01 1.031250E+02
1.393000E+01 1.033558E+02
1.394000E+01 1.165834E+02
1.395000E+01 1.187013E+02
1.396000E+01 1.154321E+02
1.397000E+01 1.051299E+02
1.398000E+01 9.458812E+01
1.399000E+01 9.682156E+01
1.400000E+01 9.030672E+01
1.401000E+01 1.076229E+02
1.402000E+01 9.437103E+01
1.403000E+01 1.146293E+02
1.404000E+01 1.129463E+02
1.405000E+01 1.098772E+02
1.406000E+01 1.003602E+02
1.407000E+01 1.100880E+02
1.408000E+01 1.069671E+02
1.409000E+01 1.014262E+02
1.410000E+01 9.790380E+01
1.411000E+01 1.098623E+02
1.412000E+01 9.213541E+01
1.413000E+01 9.389411E+01
1.414000E+01 1.101120E+02
1.415000E+01 1.064925E+02
1.416000E+01 1.135579E+02
1.417000E+01 1.267466E+02
1.418000E+01 9.793752E+01
1.419000E+01 1.046159E+02
1.420000E+01 1.085740E+02
1.421000E+01 1.018940E+02
1.422000E+01 9.584123E+01
1.423000E+01 1.127444E+02
1.424000E+01 9.956812E+01
1.425000E+01 9.757866E+01
1.426000E+01 9.222423E+01
1.427000E+01 9.795964E+01
1.428000E+01 9.482744E+01
1.429000E+01 9.940906E+01
1.430000E+01 1.074419E+02
1.431000E+01 9.856583E+01
1.432000E+01 8.608646E+01
1.433000E+01 7.854409E+01
1.434000E+01 8.317156E+01
1.435000E+01 7.964342E+01
1.436000E+01 9.675794E+01
1.437000E+01 9.050196E+01
1.438000E+01 1.092462E+02
1.439000E+01 1.037098E+02
1.440000E+01 1.001791E+02
1.441000E+01 8.803228E+01
1.442000E+01 1.113570E+02
1.443000E+01 9.371190E+01
1.444000E+01 1.021947E+02
1.445000E+01 9.368084E+01
1.446000E+01 1.072330E+02
1.447000E+01 1.027274E+02
1.448000E+01 9.758070E+01
1.449000E+01 8.955385E+01
1.450000E+01 7.992644E+01
1.451000E+01 8.472327E+01
1.452000E+01 8.987374E+01
1.453000E+01 8.929372E+01
1.454000E+01 9.494628E+01
1.455000E+01 1.102861E+02
1.456000E+01 9.153423E+01
1.457000E+01 9.209892E+01
1.458000E+01 1.008913E+02
1.459000E+01 1.091177E+02
1.460000E+01 9.440919E+01
1.461000E+01 1.003726E+02
1.462000E+01 9.592858E+01
1.463000E+01 1.093654E+02
1.464000E+01 9.198786E+01
1.465000E+01 9.135255E+01
1.466000E+01 1.034669E+02
1.467000E+01 1.068607E+02
1.468000E+01 1.035780E+02
1.469000E+01 1.017912E+02
1.470000E+01 1.158951E+02
1.471000E+01 8.587135E+01
1.472000E+01 9.873106E+01
1.473000E+01 1.006268E+02
1.474000E+01 1.109111E+02
1.475000E+01 9.690271E+01
1.476000E+01 9.678078E+01
1.477000E+01 9.234119E+01
1.478000E+01 1.005312E+02
1.479000E+01 1.024094E+02
1.480000E+01 1.043222E+02
1.481000E+01 1.018463E+02
1.482000E+01 1.110042E+02
1.483000E+01 1.077675E+02
1.484000E+01 9.652193E+01
1.485000E+01 1.063143E+02
1.486000E+01 1.016713E+02
1.487000E+01 1.160218E+02
1.488000E+01 1.146736E+02
1.489000E+01 1.088104E+02
1.490000E+01 1.169131E+02
1.491000E+01 1.148103E+02
1.492000E+01 1.221868E+02
1.493000E+01 1.086954E+02
1.494000E+01 1.131237E+02
1.495000E+01 1.212943E+02
1.496000E+01 1.116973E+02
1.497000E+01 9.724285E+01
1.498000E+01 1.195305E+02
1.499000E+01 1.197211E+02
1.500000E+01 9.473716E+01
1.501000E+01 1.198824E+02
1.502000E+01 1.153891E+02
1.503000E+01 9.026678E+01
1.504000E+01 1.072279E+02
1.505000E+01 1.133705E+02
1.506000E+01 9.998292E+01
1.507000E+01 1.157457E+02
1.508000E+01 1.040270E+02
1.509000E+01 1.107007E+02
1.510000E+01 1.144443E+02
1.511000E+01 1.146614E+02
1.512000E+01 1.122557E+02
1.513000E+01 1.078175E+02
1.514000E+01 1.130339E+02
1.515000E+01 1.127336E+02
1.516000E+01 9.530218E+01
1.517000E+01 1.003976E+02
1.518000E+01 8.645864E+01
1.519000E+01 9.206306E+01
1.520000E+01 9.647174E+01
1.521000E+01 9.742551E+01
1.522000E+01 8.451679E+01
1.523000E+01 9.108666E+01
1.524000E+01 9.654700E+01
1.525000E+01 7.862919E+01
1.526000E+01 9.231117E+01
1.527000E+01 9.687038E+01
1.528000E+01 8.726383E+01
1.529000E+01 8.871716E+01
1.530000E+01 7.612518E+01
1.531000E+01 9.461313E+01
1.532000E+01 8.431825E+01
1.533000E+01 9.753549E+01
1.534000E+01 9.065188E+01
1.535000E+01 9.669799E+01
1.536000E+01 9.909484E+01
1.537000E+01 9.992655E+01
1.538000E+01 1.020307E+02
1.539000E+01 7.994028E+01
1.540000E+01 8.964921E+01
1.541000E+01 7.902946E+01
1.542000E+01 8.716448E+01
1.543000E+01 8.509785E+01
1.544000E+01 9.160212E+01
1.545000E+01 1.006413E+02
1.546000E+01 9.039091E+01
1.547000E+01 1.028061E+02
1.548000E+01 9.104371E+01
1.549000E+01 9.165530E+01
1.550000E+01 9.258792E+01
1.551000E+01 9.751783E+01
1.552000E+01 8.142621E+01
1.553000E+01 8.703564E+01
1.554000E+01 8.033793E+01
1.555000E+01 9.716381E+01
1.556000E+01 9.286052E+01
1.557000E+01 1.115679E+02
1.558000E+01 9.191831E+01
1.559000E+01 9.408447E+01
1.560000E+01 8.350760E+01
1.561000E+01 1.052263E+02
1.562000E+01 9.450045E+01
1.563000E+01 9.281571E+01
1.564000E+01 9.823758E+01
1.565000E+01 8.719004E+01
1.566000E+01 1.025080E+02
1.567000E+01 9.082447E+01
1.568000E+01 8.440090E+01
1.569000E+01 8.589894E+01
1.570000E+01 1.054289E+02
1.571000E+01 8.876069E+01
1.572000E+01 9.430837E+01
1.573000E+01 9.499550E+01
1.574000E+01 8.781190E+01
1.575000E+01 9.952963E+01
1.576000E+01 8.952256E+01
1.577000E+01 1.025927E+02
1.578000E+01 8.498177E+01
1.579000E+01 9.936167E+01
1.580000E+01 1.001800E+02
1.581000E+01 1.031814E+02
1.582000E+01 1.070887E+02
1.583000E+01 1.026311E+02
1.584000E+01 9.440631E+01
1.585000E+01 1.096262E+02
1.586000E+01 1.037181E+02
1.587000E+01 9.582420E+01
1.588000E+01 8.688414E+01
1.589000E+01 9.224910E+01
1.590000E+01 8.466477E+01
1.591000E+01 9.074232E+01
1.592000E+01 9.444462E+01
1.593000E+01 9.190806E+01
1.594000E+01 9.070071E+01
1.595000E+01 9.699522E+01
1.596000E+01 1.032015E+02
1.597000E+01 1.079947E+02
1.598000E+01 1.057635E+02
1.599000E+01 8.410366E+01
1.600000E+01 9.870828E+01
1.601000E+01 1.135325E+02
1.602000E+01 1.200522E+02
1.603000E+01 1.268397E+02
1.604000E+01 1.244841E+02
1.605000E+01 1.105628E+02
1.606000E+01 1.199045E+02
1.607000E+01 1.063810E+02
1.608000E+01 1.161745E+02
1.609000E+01 1.235236E+02
1.610000E+01 1.045342E+02
1.611000E+01 1.159496E+02
1.612000E+01 1.114908E+02
1.613000E+01 1.149001E+02
1.614000E+01 1.010751E+02
1.615000E+01 1.098428E+02
1.616000E+01 9.911436E+01
1.617000E+01 1.061703E+02
1.618000E+01 1.054915E+02
1.619000E+01 9.963879E+01
1.620000E+01 1.045106E+02
1.621000E+01 9.624248E+01
1.622000E+01 9.424640E+01
1.623000E+01 8.596731E+01
1.624000E+01 1.133700E+02
1.625000E+01 9.354481E+01
1.626000E+01 9.977463E+01
1.627000E+01 1.087612E+02
1.628000E+01 1.054650E+02
1.629000E+01 1.123823E+02
1.630000E+01 9.575160E+01
1.631000E+01 1.075415E+02
1.632000E+01 1.071939E+02
1.633000E+01 1.206641E+02
1.634000E+01 1.119032E+02
1.635000E+01 1.081492E+02
1.636000E+01 1.091798E+02
1.637000E+01 1.101370E+02
1.638000E+01 1.136827E+02
1.639000E+01 1.169297E+02
1.640000E+01 1.222732E+02
1.641000E+01 1.209026E+02
1.642000E+01 1.191882E+02
1.643000E+01 1.093351E+02
1.644000E+01 1.208035E+02
1.645000E+01 1.149429E+02
1.646000E+01 1.242683E+02
1.647000E+01 1.183628E+02
1.648000E+01 9.772594E+01
1.649000E+01 9.350743E+01
1.650000E+01 9.607180E+01
1.651000E+01 1.083282E+02
1.652000E+01 1.023349E+02
1.653000E+01 1.173235E+02
1.654000E+01 1.014644E+02
1.655000E+01 1.013434E+02
1.656000E+01 1.032382E+02
1.657000E+01 9.631881E+01
1.658000E+01 1.098464E+02
1.659000E+01 1.095393E+02
1.660000E+01 1.114178E+02
1.661000E+01 9.777473E+01
1.662000E+01 1.031094E+02
1.663000E+01 1.024709E+02
1.664000E+01 1.060321E+02
1.665000E+01 9.445671E+01
1.666000E+01 1.045340E+02
1.667000E+01 1.040875E+02
1.668000E+01 1.048707E+02
1.669000E+01 1.063858E+02
1.670000E+01 1.047957E+02
1.671000E+01 1.133113E+02
1.672000E+01 1.003362E+02
1.673000E+01 9.664069E+01
1.674000E+01 8.915736E+01
1.675000E+01 1.000066E+02
1.676000E+01 7.615789E+01
1.677000E+01 7.488230E+01
1.678000E+01 9.704496E+01
1.679000E+01 9.795254E+01
1.680000E+01 8.126454E+01
1.681000E+01 8.728111E+01
1.682000E+01 9.664189E+01
1.683000E+01 8.427723E+01
1.684000E+01 7.867172E+01
1.685000E+01 8.058394E+01
1.686000E+01 8.917694E+01
1.687000E+01 7.995121E+01
1.688000E+01 9.544333E+01
1.689000E+01 1.066560E+02
1.690000E+01 9.017065E+01
1.691000E+01 9.043766E+01
1.692000E+01 9.918112E+01
1.693000E+01 9.508942E+01
1.694000E+01 9.521572E+01
1.695000E+01 1.076660E+02
1.696000E+01 8.791126E+01
1.697000E+01 9.580967E+01
1.698000E+01 1.020068E+02
1.699000E+01 1.010663E+02
1.700000E+01 9.152245E+01
1.701000E+01 8.219755E+01
1.702000E+01 8.729471E+01
1.703000E+01 7.963693E+01
1.704000E+01 7.706406E+01
1.705000E+01 8.503867E+01
1.706000E+01 8.554658E+01
1.707000E+01 8.322835E+01
1.708000E+01 9.259546E+01
1.709000E+01 7.526801E+01
1.710000E+01 7.515127E+01
1.711000E+01 8.205830E+01
1.712000E+01 8.605585E+01
1.713000E+01 9.790245E+01
1.714000E+01 9.639931E+01
1.715000E+01 8.609451E+01
1.716000E+01 9.463114E+01
1.717000E+01 7.284793E+01
1.718000E+01 7.755782E+01
1.719000E+01 8.293535E+01
1.720000E+01 9.921214E+01
1.721000E+01 1.003851E+02
1.722000E+01 8.006679E+01
1.723000E+01 8.004070E+01
1.724000E+01 8.887157E+01
1.725000E+01 8.309656E+01
1.726000E+01 8.177738E+01
1.727000E+01 8.504350E+01
1.728000E+01 8.161570E+01
1.729000E+01 7.754718E+01
1.730000E+01 8.454432E+01
1.731000E+01 7.643359E+01
1.732000E+01 8.826895E+01
1.733000E+01 7.989175E+01
1.734000E+01 9.992539E+01
1.735000E+01 9.329395E+01
1.736000E+01 9.967312E+01
1.737000E+01 1.096998E+02
1.738000E+01 1.078546E+02
1.739000E+01 1.173440E+02
1.740000E+01 1.181653E+02
1.741000E+01 1.261643E+02
1.742000E+01 1.247339E+02
1.743000E+01 1.089084E+02
1.744000E+01 9.318116E+01
1.745000E+01 1.022187E+02
1.746000E+01 1.099077E+02
1.747000E+01 1.069661E+02
1.748000E+01 1.136479E+02
1.749000E+01 9.862871E+01
1.750000E+01 1.238011E+02
1.751000E+01 1.226156E+02
1.752000E+01 1.221381E+02
1.753000E+01 1.285189E+02
1.754000E+01 1.108079E+02
1.755000E+01 1.190217E+02
1.756000E+01 1.133792E+02
1.757000E+01 1.060614E+02
1.758000E+01 1.088497E+02
1.759000E+01 1.158431E+02
1.760000E+01 1.413098E+02
1.761000E+01 1.352649E+02
1.762000E+01 1.237436E+02
1.763000E+01 1.335808E+02
1.764000E+01 1.109519E+02
1.765000E+01 1.066050E+02
1.766000E+01 1.229872E+02
1.767000E+01 1.201930E+02
1.768000E+01 1.241956E+02
1.769000E+01 1.060686E+02
1.770000E+01 1.224415E+02
1.771000E+01 1.148436E+02
1.772000E+01 1.061458E+02
1.773000E+01 8.835499E+01
1.774000E+01 1.060981E+02
1.775000E+01 9.071909E+01
1.776000E+01 1.082923E+02
1.777000E+01 9.665877E+01
1.778000E+01 9.865917E+01
1.779000E+01 1.136010E+02
1.780000E+01 1.118442E+02
1.781000E+01 1.129288E+02
1.782000E+01 1.223129E+02
1.783000E+01 1.152619E+02
1.784000E+01 9.925365E+01
1.785000E+01 1.072644E+02
1.786000E+01 1.081044E+02
1.787000E+01 1.174506E+02
1.788000E+01 1.135545E+02
1.789000E+01 1.095020E+02
1.790000E+01 1.144335E+02
1.791000E+01 1.066321E+02
1.792000E+01 1.089428E+02
1.793000E+01 8.823605E+01
1.794000E+01 9.580395E+01
1.795000E+01 1.023465E+02
1.796000E+01 1.055389E+02
1.797000E+01 1.012391E+02
1.798000E+01 1.019380E+02
1.799000E+01 9.730968E+01
1.800000E+01 8.805918E+01
1.801000E+01 8.688057E+01
1.802000E+01 8.452970E+01
1.803000E+01 8.777104E+01
1.804000E+01 8.392002E+01
1.805000E+01 8.567348E+01
1.806000E+01 8.952811E+01
1.807000E+01 8.634211E+01
1.808000E+01 9.877638E+01
1.809000E+01 9.725131E+01
1.810000E+01 9.745652E+01
1.811000E+01 1.151688E+02
1.812000E+01 8.880767E+01
1.813000E+01 9.865937E+01
1.814000E+01 9.948690E+01
1.815000E+01 8.845708E+01
1.816000E+01 9.760936E+01
1.817000E+01 9.009175E+01
1.818000E+01 9.315149E+01
1.819000E+01 9.267211E+01
1.820000E+01 9.358507E+01
1.821000E+01 8.486530E+01
1.822000E+01 9.119244E+01
1.823000E+01 7.820292E+01
1.824000E+01 1.031181E+02
1.825000E+01 8.943234E+01
1.826000E+01 9.388570E+01
1.827000E+01 8.715968E+01
1.828000E+01 8.917979E+01
1.829000E+01 7.356417E+01
1.830000E+01 8.794424E+01
1.831000E+01 8.869252E+01
1.832000E+01 8.125483E+01
1.833000E+01 8.346068E+01
1.834000E+01 9.025524E+01
1.835000E+01 8.364444E+01
1.836000E+01 9.062927E+01
1.837000E+01 8.135122E+01
1.838000E+01 8.754607E+01
1.839000E+01 9.187685E+01
1.840000E+01 9.197448E+01
1.841000E+01 9.100949E+01
1.842000E+01 1.017040E+02
1.843000E+01 9.637446E+01
1.844000E+01 9.919428E+01
1.845000E+01 9.800941E+01
1.846000E+01 9.691852E+01
1.847000E+01 1.033460E+02
1.848000E+01 8.326404E+01
1.849000E+01 8.430242E+01
1.850000E+01 1.037757E+02
1.851000E+01 1.027187E+02
1.852000E+01 7.903738E+01
1.853000E+01 9.349885E+01
1.854000E+01 1.100217E+02
1.855000E+01 8.504486E+01
1.856000E+01 7.693082E+01
1.857000E+01 8.560041E+01
1.858000E+01 9.721064E+01
1.859000E+01 8.417516E+01
1.860000E+01 9.082291E+01
1.861000E+01 1.020074E+02
1.862000E+01 8.345985E+01
1.863000E+01 8.172665E+01
1.864000E+01 1.056405E+02
1.865000E+01 8.972787E+01
1.866000E+01 1.085270E+02
1.867000E+01 1.088187E+02
1.868000E+01 1.222878E+02
1.869000E+01 1.122852E+02
1.870000E+01 1.241324E+02
1.871000E+01 1.437289E+02
1.872000E+01 1.250361E+02
1.873000E+01 1.216342E+02
1.874000E+01 9.952322E+01
1.875000E+01 9.893936E+01
1.876000E+01 1.152766E+02
1.877000E+01 1.324398E+02
1.878000E+01 1.295692E+02
1.879000E+01 1.309298E+02
1.880000E+01 1.215820E+02
1.881000E+01 1.138795E+02
1.882000E+01 1.048338E+02
1.883000E+01 1.007913E+02
1.884000E+01 1.122975E+02
1.885000E+01 1.145011E+02
1.886000E+01 9.667016E+01
1.887000E+01 1.230644E+02
1.888000E+01 1.197505E+02
1.889000E+01 9.242676E+01
1.890000E+01 8.597824E+01
1.891000E+01 1.032559E+02
1.892000E+01 1.178079E+02
1.893000E+01 9.552695E+01
1.894000E+01 1.065506E+02
1.895000E+01 1.175880E+02
1.896000E+01 1.086158E+02
1.897000E+01 1.038136E+02
1.898000E+01 1.179151E+02
1.899000E+01 1.158316E+02
1.900000E+01 1.234315E+02
1.901000E+01 1.243440E+02
1.902000E+01 8.963498E+01
1.903000E+01 1.080379E+02
1.904000E+01 1.116239E+02
1.905000E+01 1.174462E+02
1.906000E+01 8.949200E+01
1.907000E+01 1.181949E+02
1.908000E+01 1.147333E+02
1.909000E+01 1.109870E+02
1.910000E+01 9.183683E+01
1.911000E+01 9.231587E+01
1.912000E+01 1.016244E+02
1.913000E+01 1.030263E+02
1.914000E+01 1.065750E+02
1.915000E+01 8.336999E+01
1.916000E+01 9.682337E+01
1.917000E+01 9.905238E+01
1.918000E+01 8.952340E+01
1.919000E+01 8.611784E+01
1.920000E+01 1.017526E+02
1.921000E+01 8.791952E+01
1.922000E+01 8.201624E+01
1.923000E+01 7.863332E+01
1.924000E+01 8.775089E+01
1.925000E+01 9.934682E+01
1.926000E+01 1.009100E+02
1.927000E+01 9.502293E+01
1.928000E+01 9.809342E+01
1.929000E+01 9.128651E+01
1.930000E+01 8.768289E+01
1.931000E+01 1.014452E+02
1.932000E+01 9.760395E+01
1.933000E+01 1.009264E+02
1.934000E+01 1.125789E+02
1.935000E+01 9.571921E+01
1.936000E+01 9.939819E+01
1.937000E+01 1.016058E+02
1.938000E+01 1.013136E+02
1.939000E+01 9.178465E+01
1.940000E+01 9.890155E+01
1.941000E+01 8.494450E+01
1.942000E+01 1.042771E+02
1.943000E+01 9.748692E+01
1.944000E+01 9.458304E+01
1.945000E+01 8.094896E+01
1.946000E+01 8.799799E+01
1.947000E+01 9.260291E+01
1.948000E+01 7.274306E+01
1.949000E+01 8.011707E+01
1.950000E+01 8.722017E+01
1.951000E+01 8.025736E+01
1.952000E+01 8.725560E+01
1.953000E+01 8.680118E+01
1.954000E+01 8.896573E+01
1.955000E+01 9.024092E+01
1.956000E+01 8.173899E+01
1.957000E+01 8.030859E+01
1.958000E+01 9.414163E+01
1.959000E+01 9.900300E+01
1.960000E+01 9.469202E+01
1.961000E+01 9.035176E+01
1.962000E+01 1.069029E+02
1.963000E+01 8.478228E+01
1.964000E+01 9.504386E+01
1.965000E+01 8.890055E+01
1.966000E+01 9.417228E+01
1.967000E+01 1.006025E+02
1.968000E+01 1.026675E+02
1.969000E+01 8.667351E+01
1.970000E+01 8.923410E+01
1.971000E+01 8.641240E+01
1.972000E+01 9.210361E+01
1.973000E+01 8.580103E+01
1.974000E+01 1.011224E+02
1.975000E+01 9.942557E+01
1.976000E+01 9.303739E+01
1.977000E+01 9.391065E+01
1.978000E+01 9.971565E+01
1.979000E+01 1.030862E+02
1.980000E+01 9.175555E+01
1.981000E+01 9.702349E+01
1.982000E+01 1.018407E+02
1.983000E+01 1.106414E+02
1.984000E+01 9.971936E+01
1.985000E+01 1.223019E+02
1.986000E+01 9.875405E+01
1.987000E+01 1.064281E+02
1.988000E+01 8.779715E+01
1.989000E+01 1.088212E+02
1.990000E+01 1.049549E+02
1.991000E+01 9.754788E+01
1.992000E+01 9.355208E+01
1.993000E+01 1.136072E+02
1.994000E+01 1.044622E+02
1.995000E+01 8.810628E+01
1.996000E+01 9.953382E+01
1.997000E+01 1.123154E+02
1.998000E+01 9.711099E+01
1.999000E+01 9.828948E+01
2.000000E+01 9.496142E+01
