1.000000E-02 -2.781160E+01
2.000000E-02 -2.779876E+01
3.000000E-02 -2.777314E+01
4.000000E-02 -2.778827E+01
5.000000E-02 -2.758877E+01
6.000000E-02 -2.782423E+01
7.000000E-02 -2.765656E+01
8.000000E-02 -2.754895E+01
9.000000E-02 -2.765247E+01
1.000000E-01 -2.758207E+01
1.100000E-01 -2.749937E+01
1.200000E-01 -2.755829E+01
1.300000E-01 -2.750589E+01
1.400000E-01 -2.749887E+01
1.500000E-01 -2.750209E+01
1.600000E-01 -2.751962E+01
1.700000E-01 -2.747006E+01
1.800000E-01 -2.748733E+01
1.900000E-01 -2.748463E+01
2.000000E-01 -2.751214E+01
2.100000E-01 -2.750715E+01
2.200000E-01 -2.752830E+01
2.300000E-01 -2.750230E+01
2.400000E-01 -2.755734E+01
2.500000E-01 -2.753550E+01
2.600000E-01 -2.757013E+01
2.700000E-01 -2.756316E+01
2.800000E-01 -2.758574E+01
2.900000E-01 -2.761419E+01
3.000000E-01 -2.761411E+01
3.100000E-01 -2.762378E+01
3.200000E-01 -2.761881E+01
3.300000E-01 -2.766086E+01
3.400000E-01 -2.763709E+01
3.500000E-01 -2.766257E+01
3.600000E-01 -2.767351E+01
3.700000E-01 -2.768092E+01
3.800000E-01 -2.768673E+01
3.900000E-01 -2.770017E+01
4.000000E-01 -2.771109E+01
4.100000E-01 -2.772553E+01
4.200000E-01 -2.773083E+01
4.300000E-01 -2.773899E+01
4.400000E-01 -2.774970E+01
4.500000E-01 -2.776044E+01
4.600000E-01 -2.777115E+01
4.700000E-01 -2.778003E+01
4.800000E-01 -2.779508E+01
4.900000E-01 -2.780501E+01
5.000000E-01 -2.781537E+01
5.100000E-01 -2.782468E+01
5.200000E-01 -2.783704E+01
5.300000E-01 -2.784833E+01
5.400000E-01 -2.785725E+01
5.500000E-01 -2.786777E+01
5.600000E-01 -2.788264E+01
5.700000E-01 -2.789393E+01
5.800000E-01 -2.790280E+01
5.900000E-01 -2.791237E+01
6.000000E-01 -2.792738E+01
6.100000E-01 -2.793940E+01
6.200000E-01 -2.794819E+01
6.300000E-01 -2.795827E+01
6.400000E-01 -2.796889E+01
6.500000E-01 -2.798036E+01
6.600000E-01 -2.799065E+01
6.700000E-01 -2.800206E+01
6.800000E-01 -2.801447E+01
6.900000E-01 -2.802576E+01
7.000000E-01 -2.803539E+01
7.100000E-01 -2.804723E+01
7.200000E-01 -2.805919E+01
7.300000E-01 -2.806903E+01
7.400000E-01 -2.807935E+01
7.500000E-01 -2.808603E+01
7.600000E-01 -2.809786E+01
7.700000E-01 -2.811122E+01
7.800000E-01 -2.812242E+01
7.900000E-01 -2.813368E+01
8.000000E-01 -2.814402E+01
8.100000E-01 -2.815483E+01
8.200000E-01 -2.816555E+01
8.300000E-01 -2.818104E+01
8.400000E-01 -2.819111E+01
8.500000E-01 -2.820259E+01
8.600000E-01 -2.821358E+01
8.700000E-01 -2.822759E+01
8.800000E-01 -2.823866E+01
8.900000E-01 -2.825001E+01
9.000000E-01 -2.826034E+01
9.100000E-01 -2.827144E+01
9.200000E-01 -2.828219E+01
9.300000E-01 -2.829228E+01
9.400000E-01 -2.830282E+01
9.500000E-01 -2.831321E+01
9.600000E-01 -2.832351E+01
9.700000E-01 -2.833293E+01
9.800000E-01 -2.834268E+01
9.900000E-01 -2.835343E+01
1.000000E+00 -2.836290E+01
1.010000E+00 -2.837237E+01
1.020000E+00 -2.838153E+01
1.030000E+00 -2.839046E+01
1.040000E+00 -2.840324E+01
1.050000E+00 -2.841168E+01
1.060000E+00 -2.841664E+01
1.070000E+00 -2.842632E+01
1.080000E+00 -2.843444E+01
1.090000E+00 -2.844301E+01
1.100000E+00 -2.845086E+01
1.110000E+00 -2.845909E+01
1.120000E+00 -2.846575E+01
1.130000E+00 -2.847220E+01
1.140000E+00 -2.848319E+01
1.150000E+00 -2.848930E+01
1.160000E+00 -2.850158E+01
1.170000E+00 -2.851129E+01
1.180000E+00 -2.852063E+01
1.190000E+00 -2.852615E+01
1.200000E+00 -2.853549E+01
1.210000E+00 -2.854721E+01
1.220000E+00 -2.855500E+01
1.230000E+00 -2.855837E+01
1.240000E+00 -2.855882E+01
1.250000E+00 -2.857178E+01
1.260000E+00 -2.857546E+01
1.270000E+00 -2.857823E+01
1.280000E+00 -2.857992E+01
1.290000E+00 -2.858087E+01
1.300000E+00 -2.857833E+01
1.310000E+00 -2.857746E+01
1.320000E+00 -2.857780E+01
1.330000E+00 -2.856965E+01
1.340000E+00 -2.857430E+01
1.350000E+00 -2.856726E+01
1.360000E+00 -2.856308E+01
1.370000E+00 -2.855887E+01
1.380000E+00 -2.855926E+01
1.390000E+00 -2.853356E+01
1.400000E+00 -2.854784E+01
1.410000E+00 -2.853184E+01
1.420000E+00 -2.853275E+01
1.430000E+00 -2.851907E+01
1.440000E+00 -2.851398E+01
1.450000E+00 -2.851259E+01
1.460000E+00 -2.849698E+01
1.470000E+00 -2.848695E+01
1.480000E+00 -2.848378E+01
1.490000E+00 -2.847649E+01
1.500000E+00 -2.846610E+01
1.510000E+00 -2.845076E+01
1.520000E+00 -2.844817E+01
1.530000E+00 -2.844733E+01
1.540000E+00 -2.843650E+01
1.550000E+00 -2.843163E+01
1.560000E+00 -2.842240E+01
1.570000E+00 -2.841987E+01
1.580000E+00 -2.841706E+01
1.590000E+00 -2.839603E+01
1.600000E+00 -2.839326E+01
1.610000E+00 -2.838914E+01
1.620000E+00 -2.841012E+01
1.630000E+00 -2.838118E+01
1.640000E+00 -2.837875E+01
1.650000E+00 -2.838070E+01
1.660000E+00 -2.836752E+01
1.670000E+00 -2.837536E+01
1.680000E+00 -2.834354E+01
1.690000E+00 -2.833597E+01
1.700000E+00 -2.834267E+01
1.710000E+00 -2.834260E+01
1.720000E+00 -2.831066E+01
1.730000E+00 -2.832101E+01
1.740000E+00 -2.832250E+01
1.750000E+00 -2.830710E+01
1.760000E+00 -2.831817E+01
1.770000E+00 -2.830450E+01
1.780000E+00 -2.830370E+01
1.790000E+00 -2.831513E+01
1.800000E+00 -2.830645E+01
1.810000E+00 -2.830674E+01
1.820000E+00 -2.829224E+01
1.830000E+00 -2.831686E+01
1.840000E+00 -2.830693E+01
1.850000E+00 -2.831621E+01
1.860000E+00 -2.832014E+01
1.870000E+00 -2.831521E+01
1.880000E+00 -2.833596E+01
1.890000E+00 -2.832637E+01
1.900000E+00 -2.833972E+01
1.910000E+00 -2.832785E+01
1.920000E+00 -2.835801E+01
1.930000E+00 -2.834559E+01
1.940000E+00 -2.835478E+01
1.950000E+00 -2.836354E+01
1.960000E+00 -2.836382E+01
1.970000E+00 -2.837353E+01
1.980000E+00 -2.836497E+01
1.990000E+00 -2.838283E+01
2.000000E+00 -2.837671E+01
2.010000E+00 -2.838053E+01
2.020000E+00 -2.839173E+01
2.030000E+00 -2.839690E+01
2.040000E+00 -2.839880E+01
2.050000E+00 -2.839888E+01
2.060000E+00 -2.841368E+01
2.070000E+00 -2.841417E+01
2.080000E+00 -2.842163E+01
2.090000E+00 -2.843429E+01
2.100000E+00 -2.844841E+01
2.110000E+00 -2.845101E+01
2.120000E+00 -2.845755E+01
2.130000E+00 -2.847034E+01
2.140000E+00 -2.848355E+01
2.150000E+00 -2.848938E+01
2.160000E+00 -2.849530E+01
2.170000E+00 -2.850282E+01
2.180000E+00 -2.851389E+01
2.190000E+00 -2.851658E+01
2.200000E+00 -2.853004E+01
2.210000E+00 -2.852306E+01
2.220000E+00 -2.853816E+01
2.230000E+00 -2.854232E+01
2.240000E+00 -2.854991E+01
2.250000E+00 -2.855528E+01
2.260000E+00 -2.856407E+01
2.270000E+00 -2.856899E+01
2.280000E+00 -2.857243E+01
2.290000E+00 -2.857908E+01
2.300000E+00 -2.859392E+01
2.310000E+00 -2.859277E+01
2.320000E+00 -2.860170E+01
2.330000E+00 -2.860309E+01
2.340000E+00 -2.860882E+01
2.350000E+00 -2.861566E+01
2.360000E+00 -2.862385E+01
2.370000E+00 -2.861828E+01
2.380000E+00 -2.862287E+01
2.390000E+00 -2.862444E+01
2.400000E+00 -2.863157E+01
2.410000E+00 -2.862410E+01
2.420000E+00 -2.864438E+01
2.430000E+00 -2.863780E+01
2.440000E+00 -2.864534E+01
2.450000E+00 -2.864205E+01
2.460000E+00 -2.865137E+01
2.470000E+00 -2.864909E+01
2.480000E+00 -2.865011E+01
2.490000E+00 -2.864715E+01
2.500000E+00 -2.864935E+01
2.510000E+00 -2.865061E+01
2.520000E+00 -2.865858E+01
2.530000E+00 -2.865316E+01
2.540000E+00 -2.864563E+01
2.550000E+00 -2.865557E+01
2.560000E+00 -2.864914E+01
2.570000E+00 -2.861586E+01
2.580000E+00 -2.862216E+01
2.590000E+00 -2.860289E+01
2.600000E+00 -2.860377E+01
2.610000E+00 -2.858333E+01
2.620000E+00 -2.857249E+01
2.630000E+00 -2.857388E+01
2.640000E+00 -2.855179E+01
2.650000E+00 -2.854624E+01
2.660000E+00 -2.853791E+01
2.670000E+00 -2.852863E+01
2.680000E+00 -2.852980E+01
2.690000E+00 -2.852926E+01
2.700000E+00 -2.852084E+01
2.710000E+00 -2.852316E+01
2.720000E+00 -2.851643E+01
2.730000E+00 -2.851173E+01
2.740000E+00 -2.850329E+01
2.750000E+00 -2.849397E+01
2.760000E+00 -2.847713E+01
2.770000E+00 -2.847102E+01
2.780000E+00 -2.847319E+01
2.790000E+00 -2.845193E+01
2.800000E+00 -2.842873E+01
2.810000E+00 -2.844612E+01
2.820000E+00 -2.842980E+01
2.830000E+00 -2.840032E+01
2.840000E+00 -2.841701E+01
2.850000E+00 -2.838664E+01
2.860000E+00 -2.839505E+01
2.870000E+00 -2.836382E+01
2.880000E+00 -2.840035E+01
2.890000E+00 -2.838060E+01
2.900000E+00 -2.836042E+01
2.910000E+00 -2.838287E+01
2.920000E+00 -2.837289E+01
2.930000E+00 -2.836424E+01
2.940000E+00 -2.838493E+01
2.950000E+00 -2.835526E+01
2.960000E+00 -2.835033E+01
2.970000E+00 -2.836413E+01
2.980000E+00 -2.834266E+01
2.990000E+00 -2.834264E+01
3.000000E+00 -2.834851E+01
3.010000E+00 -2.833310E+01
3.020000E+00 -2.832719E+01
3.030000E+00 -2.833636E+01
3.040000E+00 -2.833433E+01
3.050000E+00 -2.832864E+01
3.060000E+00 -2.834389E+01
3.070000E+00 -2.833769E+01
3.080000E+00 -2.833261E+01
3.090000E+00 -2.834739E+01
3.100000E+00 -2.833781E+01
3.110000E+00 -2.833793E+01
3.120000E+00 -2.835551E+01
3.130000E+00 -2.835025E+01
3.140000E+00 -2.835348E+01
3.150000E+00 -2.835349E+01
3.160000E+00 -2.834929E+01
3.170000E+00 -2.837766E+01
3.180000E+00 -2.835808E+01
3.190000E+00 -2.837302E+01
3.200000E+00 -2.837876E+01
3.210000E+00 -2.838065E+01
3.220000E+00 -2.838343E+01
3.230000E+00 -2.838524E+01
3.240000E+00 -2.839363E+01
3.250000E+00 -2.838930E+01
3.260000E+00 -2.840560E+01
3.270000E+00 -2.839750E+01
3.280000E+00 -2.840656E+01
3.290000E+00 -2.840520E+01
3.300000E+00 -2.840822E+01
3.310000E+00 -2.841288E+01
3.320000E+00 -2.840964E+01
3.330000E+00 -2.841999E+01
3.340000E+00 -2.841384E+01
3.350000E+00 -2.843371E+01
3.360000E+00 -2.843240E+01
3.370000E+00 -2.844946E+01
3.380000E+00 -2.843535E+01
3.390000E+00 -2.846374E+01
3.400000E+00 -2.846830E+01
3.410000E+00 -2.847063E+01
3.420000E+00 -2.847329E+01
3.430000E+00 -2.848921E+01
3.440000E+00 -2.848868E+01
3.450000E+00 -2.848672E+01
3.460000E+00 -2.850444E+01
3.470000E+00 -2.849215E+01
3.480000E+00 -2.850452E+01
3.490000E+00 -2.850368E+01
3.500000E+00 -2.851702E+01
3.510000E+00 -2.850619E+01
3.520000E+00 -2.851670E+01
3.530000E+00 -2.851827E+01
3.540000E+00 -2.852679E+01
3.550000E+00 -2.853040E+01
3.560000E+00 -2.853550E+01
3.570000E+00 -2.853157E+01
3.580000E+00 -2.853906E+01
3.590000E+00 -2.855439E+01
3.600000E+00 -2.855243E+01
3.610000E+00 -2.857355E+01
3.620000E+00 -2.856574E+01
3.630000E+00 -2.857868E+01
3.640000E+00 -2.857572E+01
3.650000E+00 -2.858733E+01
3.660000E+00 -2.857681E+01
3.670000E+00 -2.860482E+01
3.680000E+00 -2.857339E+01
3.690000E+00 -2.858596E+01
3.700000E+00 -2.857189E+01
3.710000E+00 -2.856900E+01
3.720000E+00 -2.858318E+01
3.730000E+00 -2.857552E+01
3.740000E+00 -2.858703E+01
3.750000E+00 -2.857659E+01
3.760000E+00 -2.858163E+01
3.770000E+00 -2.859653E+01
3.780000E+00 -2.858646E+01
3.790000E+00 -2.858052E+01
3.800000E+00 -2.861110E+01
3.810000E+00 -2.857801E+01
3.820000E+00 -2.858122E+01
3.830000E+00 -2.859607E+01
3.840000E+00 -2.858909E+01
3.850000E+00 -2.857044E+01
3.860000E+00 -2.858080E+01
3.870000E+00 -2.856967E+01
3.880000E+00 -2.856333E+01
3.890000E+00 -2.856200E+01
3.900000E+00 -2.855637E+01
3.910000E+00 -2.854954E+01
3.920000E+00 -2.854477E+01
3.930000E+00 -2.855463E+01
3.940000E+00 -2.853405E+01
3.950000E+00 -2.853601E+01
3.960000E+00 -2.853112E+01
3.970000E+00 -2.852179E+01
3.980000E+00 -2.852404E+01
3.990000E+00 -2.850257E+01
4.000000E+00 -2.852016E+01
4.010000E+00 -2.850010E+01
4.020000E+00 -2.849455E+01
4.030000E+00 -2.849865E+01
4.040000E+00 -2.850043E+01
4.050000E+00 -2.849398E+01
4.060000E+00 -2.848066E+01
4.070000E+00 -2.848824E+01
4.080000E+00 -2.848878E+01
4.090000E+00 -2.846758E+01
4.100000E+00 -2.847196E+01
4.110000E+00 -2.847383E+01
4.120000E+00 -2.845755E+01
4.130000E+00 -2.846168E+01
4.140000E+00 -2.846790E+01
4.150000E+00 -2.844988E+01
4.160000E+00 -2.845599E+01
4.170000E+00 -2.847344E+01
4.180000E+00 -2.844756E+01
4.190000E+00 -2.844135E+01
4.200000E+00 -2.846357E+01
4.210000E+00 -2.844139E+01
4.220000E+00 -2.844068E+01
4.230000E+00 -2.843143E+01
4.240000E+00 -2.844688E+01
4.250000E+00 -2.844723E+01
4.260000E+00 -2.842536E+01
4.270000E+00 -2.846178E+01
4.280000E+00 -2.845364E+01
4.290000E+00 -2.843990E+01
4.300000E+00 -2.844454E+01
4.310000E+00 -2.844764E+01
4.320000E+00 -2.843004E+01
4.330000E+00 -2.845230E+01
4.340000E+00 -2.843863E+01
4.350000E+00 -2.846060E+01
4.360000E+00 -2.842727E+01
4.370000E+00 -2.845132E+01
4.380000E+00 -2.842788E+01
4.390000E+00 -2.843317E+01
4.400000E+00 -2.842304E+01
4.410000E+00 -2.843526E+01
4.420000E+00 -2.841834E+01
4.430000E+00 -2.842749E+01
4.440000E+00 -2.843010E+01
4.450000E+00 -2.841639E+01
4.460000E+00 -2.843211E+01
4.470000E+00 -2.842741E+01
4.480000E+00 -2.840845E+01
4.490000E+00 -2.844139E+01
4.500000E+00 -2.840030E+01
4.510000E+00 -2.843524E+01
4.520000E+00 -2.841657E+01
4.530000E+00 -2.843333E+01
4.540000E+00 -2.842586E+01
4.550000E+00 -2.843882E+01
4.560000E+00 -2.842351E+01
4.570000E+00 -2.844938E+01
4.580000E+00 -2.842494E+01
4.590000E+00 -2.844602E+01
4.600000E+00 -2.842111E+01
4.610000E+00 -2.845599E+01
4.620000E+00 -2.842930E+01
4.630000E+00 -2.844401E+01
4.640000E+00 -2.842686E+01
4.650000E+00 -2.845102E+01
4.660000E+00 -2.843575E+01
4.670000E+00 -2.844401E+01
4.680000E+00 -2.843835E+01
4.690000E+00 -2.845729E+01
4.700000E+00 -2.844416E+01
4.710000E+00 -2.845363E+01
4.720000E+00 -2.845450E+01
4.730000E+00 -2.845974E+01
4.740000E+00 -2.845706E+01
4.750000E+00 -2.846742E+01
4.760000E+00 -2.846434E+01
4.770000E+00 -2.846555E+01
4.780000E+00 -2.847167E+01
4.790000E+00 -2.846131E+01
4.800000E+00 -2.847554E+01
4.810000E+00 -2.847140E+01
4.820000E+00 -2.847939E+01
4.830000E+00 -2.847369E+01
4.840000E+00 -2.849076E+01
4.850000E+00 -2.848628E+01
4.860000E+00 -2.847934E+01
4.870000E+00 -2.848861E+01
4.880000E+00 -2.848459E+01
4.890000E+00 -2.848547E+01
4.900000E+00 -2.849496E+01
4.910000E+00 -2.849120E+01
4.920000E+00 -2.849584E+01
4.930000E+00 -2.849724E+01
4.940000E+00 -2.850295E+01
4.950000E+00 -2.849721E+01
4.960000E+00 -2.850483E+01
4.970000E+00 -2.851879E+01
4.980000E+00 -2.850124E+01
4.990000E+00 -2.851872E+01
5.000000E+00 -2.850758E+01
5.010000E+00 -2.852290E+01
5.020000E+00 -2.852509E+01
5.030000E+00 -2.852572E+01
5.040000E+00 -2.853020E+01
5.050000E+00 -2.853740E+01
5.060000E+00 -2.852708E+01
5.070000E+00 -2.852862E+01
5.080000E+00 -2.853901E+01
5.090000E+00 -2.855060E+01
5.100000E+00 -2.854424E+01
5.110000E+00 -2.855834E+01
5.120000E+00 -2.853698E+01
5.130000E+00 -2.854833E+01
5.140000E+00 -2.854789E+01
5.150000E+00 -2.855391E+01
5.160000E+00 -2.853104E+01
5.170000E+00 -2.856066E+01
5.180000E+00 -2.854957E+01
5.190000E+00 -2.854481E+01
5.200000E+00 -2.854895E+01
5.210000E+00 -2.854562E+01
5.220000E+00 -2.855674E+01
5.230000E+00 -2.853431E+01
5.240000E+00 -2.855873E+01
5.250000E+00 -2.854176E+01
5.260000E+00 -2.855453E+01
5.270000E+00 -2.853692E+01
5.280000E+00 -2.855277E+01
5.290000E+00 -2.855259E+01
5.300000E+00 -2.854293E+01
5.310000E+00 -2.854043E+01
5.320000E+00 -2.854134E+01
5.330000E+00 -2.853712E+01
5.340000E+00 -2.853594E+01
5.350000E+00 -2.853432E+01
5.360000E+00 -2.852852E+01
5.370000E+00 -2.852462E+01
5.380000E+00 -2.854185E+01
5.390000E+00 -2.851903E+01
5.400000E+00 -2.852572E+01
5.410000E+00 -2.851741E+01
5.420000E+00 -2.852150E+01
5.430000E+00 -2.851767E+01
5.440000E+00 -2.850679E+01
5.450000E+00 -2.852409E+01
5.460000E+00 -2.849689E+01
5.470000E+00 -2.851216E+01
5.480000E+00 -2.852352E+01
5.490000E+00 -2.849299E+01
5.500000E+00 -2.853294E+01
5.510000E+00 -2.850351E+01
5.520000E+00 -2.851520E+01
5.530000E+00 -2.850266E+01
5.540000E+00 -2.850156E+01
5.550000E+00 -2.850257E+01
5.560000E+00 -2.850037E+01
5.570000E+00 -2.850731E+01
5.580000E+00 -2.849415E+01
5.590000E+00 -2.851034E+01
5.600000E+00 -2.849084E+01
5.610000E+00 -2.849178E+01
5.620000E+00 -2.849592E+01
5.630000E+00 -2.850291E+01
5.640000E+00 -2.847217E+01
5.650000E+00 -2.848924E+01
5.660000E+00 -2.848653E+01
5.670000E+00 -2.846896E+01
5.680000E+00 -2.848380E+01
5.690000E+00 -2.846206E+01
5.700000E+00 -2.848027E+01
5.710000E+00 -2.845921E+01
5.720000E+00 -2.846410E+01
5.730000E+00 -2.846833E+01
5.740000E+00 -2.846011E+01
5.750000E+00 -2.845034E+01
5.760000E+00 -2.847236E+01
5.770000E+00 -2.845847E+01
5.780000E+00 -2.847456E+01
5.790000E+00 -2.846554E+01
5.800000E+00 -2.845249E+01
5.810000E+00 -2.847365E+01
5.820000E+00 -2.846687E+01
5.830000E+00 -2.846474E+01
5.840000E+00 -2.845126E+01
5.850000E+00 -2.847345E+01
5.860000E+00 -2.844883E+01
5.870000E+00 -2.847449E+01
5.880000E+00 -2.844821E+01
5.890000E+00 -2.847752E+01
5.900000E+00 -2.846719E+01
5.910000E+00 -2.847452E+01
5.920000E+00 -2.847747E+01
5.930000E+00 -2.847941E+01
5.940000E+00 -2.849200E+01
5.950000E+00 -2.848620E+01
5.960000E+00 -2.847361E+01
5.970000E+00 -2.849663E+01
5.980000E+00 -2.848850E+01
5.990000E+00 -2.848643E+01
6.000000E+00 -2.849865E+01
6.010000E+00 -2.848731E+01
6.020000E+00 -2.851544E+01
6.030000E+00 -2.850164E+01
6.040000E+00 -2.849800E+01
6.050000E+00 -2.850798E+01
6.060000E+00 -2.848596E+01
6.070000E+00 -2.850298E+01
6.080000E+00 -2.849915E+01
6.090000E+00 -2.850436E+01
6.100000E+00 -2.851648E+01
6.110000E+00 -2.849998E+01
6.120000E+00 -2.851820E+01
6.130000E+00 -2.851506E+01
6.140000E+00 -2.850980E+01
6.150000E+00 -2.852440E+01
6.160000E+00 -2.852248E+01
6.170000E+00 -2.851632E+01
6.180000E+00 -2.852134E+01
6.190000E+00 -2.850677E+01
6.200000E+00 -2.851376E+01
6.210000E+00 -2.848360E+01
6.220000E+00 -2.850660E+01
6.230000E+00 -2.849469E+01
6.240000E+00 -2.848221E+01
6.250000E+00 -2.850003E+01
6.260000E+00 -2.849992E+01
6.270000E+00 -2.849583E+01
6.280000E+00 -2.849336E+01
6.290000E+00 -2.850721E+01
6.300000E+00 -2.849425E+01
6.310000E+00 -2.849785E+01
6.320000E+00 -2.848540E+01
6.330000E+00 -2.851793E+01
6.340000E+00 -2.849454E+01
6.350000E+00 -2.850727E+01
6.360000E+00 -2.850450E+01
6.370000E+00 -2.850299E+01
6.380000E+00 -2.849472E+01
6.390000E+00 -2.849748E+01
6.400000E+00 -2.849598E+01
6.410000E+00 -2.849809E+01
6.420000E+00 -2.848773E+01
6.430000E+00 -2.849797E+01
6.440000E+00 -2.848564E+01
6.450000E+00 -2.850736E+01
6.460000E+00 -2.849486E+01
6.470000E+00 -2.848988E+01
6.480000E+00 -2.851236E+01
6.490000E+00 -2.848783E+01
6.500000E+00 -2.851348E+01
6.510000E+00 -2.849360E+01
6.520000E+00 -2.850209E+01
6.530000E+00 -2.849997E+01
6.540000E+00 -2.851259E+01
6.550000E+00 -2.849298E+01
6.560000E+00 -2.852742E+01
6.570000E+00 -2.850936E+01
6.580000E+00 -2.850064E+01
6.590000E+00 -2.850732E+01
6.600000E+00 -2.850988E+01
6.610000E+00 -2.850959E+01
6.620000E+00 -2.851215E+01
6.630000E+00 -2.852477E+01
6.640000E+00 -2.851845E+01
6.650000E+00 -2.852078E+01
6.660000E+00 -2.853097E+01
6.670000E+00 -2.851059E+01
6.680000E+00 -2.852748E+01
6.690000E+00 -2.851995E+01
6.700000E+00 -2.851412E+01
6.710000E+00 -2.850518E+01
6.720000E+00 -2.851394E+01
6.730000E+00 -2.851906E+01
6.740000E+00 -2.849638E+01
6.750000E+00 -2.851601E+01
6.760000E+00 -2.851092E+01
6.770000E+00 -2.852598E+01
6.780000E+00 -2.851051E+01
6.790000E+00 -2.851844E+01
6.800000E+00 -2.852428E+01
6.810000E+00 -2.853250E+01
6.820000E+00 -2.852036E+01
6.830000E+00 -2.855015E+01
6.840000E+00 -2.852217E+01
6.850000E+00 -2.854302E+01
6.860000E+00 -2.854716E+01
6.870000E+00 -2.852610E+01
6.880000E+00 -2.854593E+01
6.890000E+00 -2.853717E+01
6.900000E+00 -2.851475E+01
6.910000E+00 -2.854322E+01
6.920000E+00 -2.852064E+01
6.930000E+00 -2.852214E+01
6.940000E+00 -2.851977E+01
6.950000E+00 -2.852406E+01
6.960000E+00 -2.850870E+01
6.970000E+00 -2.852278E+01
6.980000E+00 -2.851756E+01
6.990000E+00 -2.851276E+01
7.000000E+00 -2.850892E+01
7.010000E+00 -2.849474E+01
7.020000E+00 -2.852882E+01
7.030000E+00 -2.848348E+01
7.040000E+00 -2.850238E+01
7.050000E+00 -2.850932E+01
7.060000E+00 -2.848500E+01
7.070000E+00 -2.849823E+01
7.080000E+00 -2.850726E+01
7.090000E+00 -2.848854E+01
7.100000E+00 -2.849463E+01
7.110000E+00 -2.851183E+01
7.120000E+00 -2.848857E+01
7.130000E+00 -2.849493E+01
7.140000E+00 -2.850606E+01
7.150000E+00 -2.849067E+01
7.160000E+00 -2.849865E+01
7.170000E+00 -2.848822E+01
7.180000E+00 -2.849973E+01
7.190000E+00 -2.848260E+01
7.200000E+00 -2.850225E+01
7.210000E+00 -2.848961E+01
7.220000E+00 -2.850905E+01
7.230000E+00 -2.849121E+01
7.240000E+00 -2.850140E+01
7.250000E+00 -2.850624E+01
7.260000E+00 -2.850538E+01
7.270000E+00 -2.850354E+01
7.280000E+00 -2.849581E+01
7.290000E+00 -2.852004E+01
7.300000E+00 -2.849004E+01
7.310000E+00 -2.849475E+01
7.320000E+00 -2.850802E+01
7.330000E+00 -2.850770E+01
7.340000E+00 -2.849696E+01
7.350000E+00 -2.851560E+01
7.360000E+00 -2.851665E+01
7.370000E+00 -2.851009E+01
7.380000E+00 -2.850508E+01
7.390000E+00 -2.851017E+01
7.400000E+00 -2.851567E+01
7.410000E+00 -2.850731E+01
7.420000E+00 -2.850391E+01
7.430000E+00 -2.851516E+01
7.440000E+00 -2.850058E+01
7.450000E+00 -2.851800E+01
7.460000E+00 -2.851244E+01
7.470000E+00 -2.849174E+01
7.480000E+00 -2.851664E+01
7.490000E+00 -2.850293E+01
7.500000E+00 -2.849984E+01
7.510000E+00 -2.850176E+01
7.520000E+00 -2.849936E+01
7.530000E+00 -2.849364E+01
7.540000E+00 -2.851639E+01
7.550000E+00 -2.849437E+01
7.560000E+00 -2.850263E+01
7.570000E+00 -2.851109E+01
7.580000E+00 -2.850481E+01
7.590000E+00 -2.851979E+01
7.600000E+00 -2.849551E+01
7.610000E+00 -2.851442E+01
7.620000E+00 -2.852448E+01
7.630000E+00 -2.849253E+01
7.640000E+00 -2.851845E+01
7.650000E+00 -2.849686E+01
7.660000E+00 -2.852420E+01
7.670000E+00 -2.848424E+01
7.680000E+00 -2.851757E+01
7.690000E+00 -2.848538E+01
7.700000E+00 -2.849432E+01
7.710000E+00 -2.849765E+01
7.720000E+00 -2.848604E+01
7.730000E+00 -2.847381E+01
7.740000E+00 -2.850627E+01
7.750000E+00 -2.846819E+01
7.760000E+00 -2.849160E+01
7.770000E+00 -2.846693E+01
7.780000E+00 -2.849648E+01
7.790000E+00 -2.849489E+01
7.800000E+00 -2.847411E+01
7.810000E+00 -2.849562E+01
7.820000E+00 -2.849659E+01
7.830000E+00 -2.849050E+01
7.840000E+00 -2.849131E+01
7.850000E+00 -2.849669E+01
7.860000E+00 -2.849711E+01
7.870000E+00 -2.850465E+01
7.880000E+00 -2.850489E+01
7.890000E+00 -2.849053E+01
7.900000E+00 -2.850104E+01
7.910000E+00 -2.850582E+01
7.920000E+00 -2.849563E+01
7.930000E+00 -2.850173E+01
7.940000E+00 -2.850064E+01
7.950000E+00 -2.850131E+01
7.960000E+00 -2.849218E+01
7.970000E+00 -2.850012E+01
7.980000E+00 -2.849310E+01
7.990000E+00 -2.850543E+01
8.000000E+00 -2.850911E+01
8.010000E+00 -2.851840E+01
8.020000E+00 -2.850950E+01
8.030000E+00 -2.852608E+01
8.040000E+00 -2.852476E+01
8.050000E+00 -2.851813E+01
8.060000E+00 -2.853776E+01
8.070000E+00 -2.851509E+01
8.080000E+00 -2.853320E+01
8.090000E+00 -2.852021E+01
8.100000E+00 -2.855142E+01
8.110000E+00 -2.851493E+01
8.120000E+00 -2.853261E+01
8.130000E+00 -2.853322E+01
8.140000E+00 -2.853395E+01
8.150000E+00 -2.850535E+01
8.160000E+00 -2.854723E+01
8.170000E+00 -2.852396E+01
8.180000E+00 -2.852944E+01
8.190000E+00 -2.849600E+01
8.200000E+00 -2.855218E+01
8.210000E+00 -2.850447E+01
8.220000E+00 -2.851479E+01
8.230000E+00 -2.850706E+01
8.240000E+00 -2.852953E+01
8.250000E+00 -2.849767E+01
8.260000E+00 -2.852440E+01
8.270000E+00 -2.850343E+01
8.280000E+00 -2.851250E+01
8.290000E+00 -2.849846E+01
8.300000E+00 -2.849231E+01
8.310000E+00 -2.851830E+01
8.320000E+00 -2.848806E+01
8.330000E+00 -2.848716E+01
8.340000E+00 -2.848470E+01
8.350000E+00 -2.848119E+01
8.360000E+00 -2.849047E+01
8.370000E+00 -2.847730E+01
8.380000E+00 -2.847081E+01
8.390000E+00 -2.848815E+01
8.400000E+00 -2.845540E+01
8.410000E+00 -2.848192E+01
8.420000E+00 -2.846086E+01
8.430000E+00 -2.846444E+01
8.440000E+00 -2.848086E+01
8.450000E+00 -2.844429E+01
8.460000E+00 -2.848190E+01
8.470000E+00 -2.847312E+01
8.480000E+00 -2.846763E+01
8.490000E+00 -2.847521E+01
8.500000E+00 -2.847231E+01
8.510000E+00 -2.846281E+01
8.520000E+00 -2.847764E+01
8.530000E+00 -2.845871E+01
8.540000E+00 -2.848509E+01
8.550000E+00 -2.848224E+01
8.560000E+00 -2.848977E+01
8.570000E+00 -2.847288E+01
8.580000E+00 -2.848529E+01
8.590000E+00 -2.849565E+01
8.600000E+00 -2.848797E+01
8.610000E+00 -2.848382E+01
8.620000E+00 -2.848861E+01
8.630000E+00 -2.849703E+01
8.640000E+00 -2.848053E+01
8.650000E+00 -2.849368E+01
8.660000E+00 -2.847972E+01
8.670000E+00 -2.848111E+01
8.680000E+00 -2.848393E+01
8.690000E+00 -2.847804E+01
8.700000E+00 -2.846750E+01
8.710000E+00 -2.849993E+01
8.720000E+00 -2.847207E+01
8.730000E+00 -2.849070E+01
8.740000E+00 -2.849446E+01
8.750000E+00 -2.846591E+01
8.760000E+00 -2.850121E+01
8.770000E+00 -2.846083E+01
8.780000E+00 -2.851187E+01
8.790000E+00 -2.848332E+01
8.800000E+00 -2.849419E+01
8.810000E+00 -2.849466E+01
8.820000E+00 -2.847953E+01
8.830000E+00 -2.850281E+01
8.840000E+00 -2.848506E+01
8.850000E+00 -2.849252E+01
8.860000E+00 -2.850295E+01
8.870000E+00 -2.848915E+01
8.880000E+00 -2.850119E+01
8.890000E+00 -2.848596E+01
8.900000E+00 -2.848035E+01
8.910000E+00 -2.850998E+01
8.920000E+00 -2.848218E+01
8.930000E+00 -2.848598E+01
8.940000E+00 -2.848154E+01
8.950000E+00 -2.848789E+01
8.960000E+00 -2.848387E+01
8.970000E+00 -2.848558E+01
8.980000E+00 -2.849327E+01
8.990000E+00 -2.847651E+01
9.000000E+00 -2.848631E+01
9.010000E+00 -2.848883E+01
9.020000E+00 -2.848369E+01
9.030000E+00 -2.850457E+01
9.040000E+00 -2.848728E+01
9.050000E+00 -2.849228E+01
9.060000E+00 -2.849829E+01
9.070000E+00 -2.849387E+01
9.080000E+00 -2.849474E+01
9.090000E+00 -2.849458E+01
9.100000E+00 -2.848073E+01
9.110000E+00 -2.849892E+01
9.120000E+00 -2.849113E+01
9.130000E+00 -2.848078E+01
9.140000E+00 -2.848318E+01
9.150000E+00 -2.849710E+01
9.160000E+00 -2.848311E+01
9.170000E+00 -2.849375E+01
9.180000E+00 -2.848010E+01
9.190000E+00 -2.849440E+01
9.200000E+00 -2.848595E+01
9.210000E+00 -2.851628E+01
9.220000E+00 -2.848144E+01
9.230000E+00 -2.850492E+01
9.240000E+00 -2.850213E+01
9.250000E+00 -2.849540E+01
9.260000E+00 -2.850447E+01
9.270000E+00 -2.851484E+01
9.280000E+00 -2.849538E+01
9.290000E+00 -2.852013E+01
9.300000E+00 -2.849783E+01
9.310000E+00 -2.847828E+01
9.320000E+00 -2.853116E+01
9.330000E+00 -2.847138E+01
9.340000E+00 -2.852265E+01
9.350000E+00 -2.847642E+01
9.360000E+00 -2.851240E+01
9.370000E+00 -2.849058E+01
9.380000E+00 -2.849182E+01
9.390000E+00 -2.850253E+01
9.400000E+00 -2.848540E+01
9.410000E+00 -2.850959E+01
9.420000E+00 -2.849035E+01
9.430000E+00 -2.848810E+01
9.440000E+00 -2.849510E+01
9.450000E+00 -2.849959E+01
9.460000E+00 -2.849383E+01
9.470000E+00 -2.848326E+01
9.480000E+00 -2.850386E+01
9.490000E+00 -2.849980E+01
9.500000E+00 -2.850223E+01
9.510000E+00 -2.848727E+01
9.520000E+00 -2.852137E+01
9.530000E+00 -2.850203E+01
9.540000E+00 -2.850271E+01
9.550000E+00 -2.852792E+01
9.560000E+00 -2.849682E+01
9.570000E+00 -2.852272E+01
9.580000E+00 -2.850775E+01
9.590000E+00 -2.849635E+01
9.600000E+00 -2.851509E+01
9.610000E+00 -2.851813E+01
9.620000E+00 -2.849937E+01
9.630000E+00 -2.853186E+01
9.640000E+00 -2.850546E+01
9.650000E+00 -2.851167E+01
9.660000E+00 -2.849835E+01
9.670000E+00 -2.851906E+01
9.680000E+00 -2.846561E+01
9.690000E+00 -2.850745E+01
9.700000E+00 -2.851472E+01
9.710000E+00 -2.847588E+01
9.720000E+00 -2.851546E+01
9.730000E+00 -2.849877E+01
9.740000E+00 -2.850994E+01
9.750000E+00 -2.848828E+01
9.760000E+00 -2.851325E+01
9.770000E+00 -2.850025E+01
9.780000E+00 -2.851011E+01
9.790000E+00 -2.849018E+01
9.800000E+00 -2.852274E+01
9.810000E+00 -2.850109E+01
9.820000E+00 -2.851361E+01
9.830000E+00 -2.849756E+01
9.840000E+00 -2.850206E+01
9.850000E+00 -2.850469E+01
9.860000E+00 -2.851036E+01
9.870000E+00 -2.850286E+01
9.880000E+00 -2.850065E+01
9.890000E+00 -2.850693E+01
9.900000E+00 -2.849795E+01
9.910000E+00 -2.848727E+01
9.920000E+00 -2.851098E+01
9.930000E+00 -2.849270E+01
9.940000E+00 -2.849131E+01
9.950000E+00 -2.847378E+01
9.960000E+00 -2.849186E+01
9.970000E+00 -2.848042E+01
9.980000E+00 -2.847936E+01
9.990000E+00 -2.849165E+01
1.000000E+01 -2.848089E+01
1.001000E+01 -2.851292E+01
1.002000E+01 -2.846549E+01
1.003000E+01 -2.851828E+01
1.004000E+01 -2.849758E+01
1.005000E+01 -2.851892E+01
1.006000E+01 -2.850397E+01
1.007000E+01 -2.853205E+01
1.008000E+01 -2.850401E+01
1.009000E+01 -2.852117E+01
1.010000E+01 -2.853817E+01
1.011000E+01 -2.851291E+01
1.012000E+01 -2.853161E+01
1.013000E+01 -2.853204E+01
1.014000E+01 -2.851493E+01
1.015000E+01 -2.851402E+01
1.016000E+01 -2.853402E+01
1.017000E+01 -2.851418E+01
1.018000E+01 -2.851929E+01
1.019000E+01 -2.852678E+01
1.020000E+01 -2.852560E+01
1.021000E+01 -2.853047E+01
1.022000E+01 -2.852797E+01
1.023000E+01 -2.854233E+01
1.024000E+01 -2.852894E+01
1.025000E+01 -2.853655E+01
1.026000E+01 -2.854919E+01
1.027000E+01 -2.853039E+01
1.028000E+01 -2.854703E+01
1.029000E+01 -2.853211E+01
1.030000E+01 -2.854940E+01
1.031000E+01 -2.853465E+01
1.032000E+01 -2.854981E+01
1.033000E+01 -2.854601E+01
1.034000E+01 -2.851928E+01
1.035000E+01 -2.855207E+01
1.036000E+01 -2.853812E+01
1.037000E+01 -2.853889E+01
1.038000E+01 -2.853663E+01
1.039000E+01 -2.852527E+01
1.040000E+01 -2.854663E+01
1.041000E+01 -2.853813E+01
1.042000E+01 -2.854747E+01
1.043000E+01 -2.853552E+01
1.044000E+01 -2.853127E+01
1.045000E+01 -2.855569E+01
1.046000E+01 -2.852587E+01
1.047000E+01 -2.854907E+01
1.048000E+01 -2.855825E+01
1.049000E+01 -2.853875E+01
1.050000E+01 -2.855751E+01
1.051000E+01 -2.853414E+01
1.052000E+01 -2.853884E+01
1.053000E+01 -2.854960E+01
1.054000E+01 -2.851954E+01
1.055000E+01 -2.853932E+01
1.056000E+01 -2.852772E+01
1.057000E+01 -2.854725E+01
1.058000E+01 -2.853434E+01
1.059000E+01 -2.852430E+01
1.060000E+01 -2.854959E+01
1.061000E+01 -2.853374E+01
1.062000E+01 -2.852311E+01
1.063000E+01 -2.852612E+01
1.064000E+01 -2.852136E+01
1.065000E+01 -2.852966E+01
1.066000E+01 -2.854031E+01
1.067000E+01 -2.849367E+01
1.068000E+01 -2.852175E+01
1.069000E+01 -2.853977E+01
1.070000E+01 -2.850945E+01
1.071000E+01 -2.852000E+01
1.072000E+01 -2.851251E+01
1.073000E+01 -2.855128E+01
1.074000E+01 -2.851473E+01
1.075000E+01 -2.853171E+01
1.076000E+01 -2.851947E+01
1.077000E+01 -2.853282E+01
1.078000E+01 -2.853369E+01
1.079000E+01 -2.851213E+01
1.080000E+01 -2.851065E+01
1.081000E+01 -2.852980E+01
1.082000E+01 -2.852916E+01
1.083000E+01 -2.851594E+01
1.084000E+01 -2.851503E+01
1.085000E+01 -2.852149E+01
1.086000E+01 -2.851135E+01
1.087000E+01 -2.852764E+01
1.088000E+01 -2.852208E+01
1.089000E+01 -2.850802E+01
1.090000E+01 -2.853308E+01
1.091000E+01 -2.851494E+01
1.092000E+01 -2.850763E+01
1.093000E+01 -2.853932E+01
1.094000E+01 -2.852309E+01
1.095000E+01 -2.849503E+01
1.096000E+01 -2.854923E+01
1.097000E+01 -2.850743E+01
1.098000E+01 -2.850962E+01
1.099000E+01 -2.852861E+01
1.100000E+01 -2.851159E+01
1.101000E+01 -2.852289E+01
1.102000E+01 -2.849327E+01
1.103000E+01 -2.853000E+01
1.104000E+01 -2.850903E+01
1.105000E+01 -2.851835E+01
1.106000E+01 -2.851492E+01
1.107000E+01 -2.851972E+01
1.108000E+01 -2.848754E+01
1.109000E+01 -2.853421E+01
1.110000E+01 -2.848543E+01
1.111000E+01 -2.851609E+01
1.112000E+01 -2.850234E+01
1.113000E+01 -2.848674E+01
1.114000E+01 -2.850917E+01
1.115000E+01 -2.848082E+01
1.116000E+01 -2.851338E+01
1.117000E+01 -2.847756E+01
1.118000E+01 -2.850264E+01
1.119000E+01 -2.847831E+01
1.120000E+01 -2.849380E+01
1.121000E+01 -2.846830E+01
1.122000E+01 -2.848494E+01
1.123000E+01 -2.848769E+01
1.124000E+01 -2.848219E+01
1.125000E+01 -2.847699E+01
1.126000E+01 -2.849297E+01
1.127000E+01 -2.847201E+01
1.128000E+01 -2.850084E+01
1.129000E+01 -2.848865E+01
1.130000E+01 -2.847194E+01
1.131000E+01 -2.848251E+01
1.132000E+01 -2.848985E+01
1.133000E+01 -2.848487E+01
1.134000E+01 -2.845744E+01
1.135000E+01 -2.847456E+01
1.136000E+01 -2.848602E+01
1.137000E+01 -2.846072E+01
1.138000E+01 -2.849620E+01
1.139000E+01 -2.845729E+01
1.140000E+01 -2.847770E+01
1.141000E+01 -2.847653E+01
1.142000E+01 -2.847835E+01
1.143000E+01 -2.847286E+01
1.144000E+01 -2.848138E+01
1.145000E+01 -2.848450E+01
1.146000E+01 -2.847090E+01
1.147000E+01 -2.850268E+01
1.148000E+01 -2.847061E+01
1.149000E+01 -2.849163E+01
1.150000E+01 -2.850301E+01
1.151000E+01 -2.847239E+01
1.152000E+01 -2.851042E+01
1.153000E+01 -2.848078E+01
1.154000E+01 -2.849648E+01
1.155000E+01 -2.852141E+01
1.156000E+01 -2.847984E+01
1.157000E+01 -2.852022E+01
1.158000E+01 -2.849541E+01
1.159000E+01 -2.851925E+01
1.160000E+01 -2.850236E+01
1.161000E+01 -2.851309E+01
1.162000E+01 -2.850843E+01
1.163000E+01 -2.853062E+01
1.164000E+01 -2.850993E+01
1.165000E+01 -2.852846E+01
1.166000E+01 -2.852076E+01
1.167000E+01 -2.852115E+01
1.168000E+01 -2.851998E+01
1.169000E+01 -2.853194E+01
1.170000E+01 -2.852126E+01
1.171000E+01 -2.853264E+01
1.172000E+01 -2.852762E+01
1.173000E+01 -2.854159E+01
1.174000E+01 -2.852401E+01
1.175000E+01 -2.854053E+01
1.176000E+01 -2.853548E+01
1.177000E+01 -2.854246E+01
1.178000E+01 -2.856314E+01
1.179000E+01 -2.851428E+01
1.180000E+01 -2.856811E+01
1.181000E+01 -2.854501E+01
1.182000E+01 -2.853531E+01
1.183000E+01 -2.856827E+01
1.184000E+01 -2.856646E+01
1.185000E+01 -2.854585E+01
1.186000E+01 -2.856818E+01
1.187000E+01 -2.854278E+01
1.188000E+01 -2.856163E+01
1.189000E+01 -2.853552E+01
1.190000E+01 -2.856810E+01
1.191000E+01 -2.854260E+01
1.192000E+01 -2.856717E+01
1.193000E+01 -2.853467E+01
1.194000E+01 -2.856395E+01
1.195000E+01 -2.855041E+01
1.196000E+01 -2.855168E+01
1.197000E+01 -2.854808E+01
1.198000E+01 -2.856574E+01
1.199000E+01 -2.853554E+01
1.200000E+01 -2.854442E+01
1.201000E+01 -2.856082E+01
1.202000E+01 -2.855497E+01
1.203000E+01 -2.852914E+01
1.204000E+01 -2.854957E+01
1.205000E+01 -2.852755E+01
1.206000E+01 -2.851058E+01
1.207000E+01 -2.854493E+01
1.208000E+01 -2.850472E+01
1.209000E+01 -2.854217E+01
1.210000E+01 -2.850540E+01
1.211000E+01 -2.852749E+01
1.212000E+01 -2.850329E+01
1.213000E+01 -2.851694E+01
1.214000E+01 -2.849100E+01
1.215000E+01 -2.851219E+01
1.216000E+01 -2.850054E+01
1.217000E+01 -2.847742E+01
1.218000E+01 -2.850021E+01
1.219000E+01 -2.848759E+01
1.220000E+01 -2.849382E+01
1.221000E+01 -2.849546E+01
1.222000E+01 -2.848814E+01
1.223000E+01 -2.850345E+01
1.224000E+01 -2.849322E+01
1.225000E+01 -2.849765E+01
1.226000E+01 -2.848110E+01
1.227000E+01 -2.849777E+01
1.228000E+01 -2.849275E+01
1.229000E+01 -2.847647E+01
1.230000E+01 -2.850043E+01
1.231000E+01 -2.845914E+01
1.232000E+01 -2.849818E+01
1.233000E+01 -2.847988E+01
1.234000E+01 -2.847474E+01
1.235000E+01 -2.848247E+01
1.236000E+01 -2.846904E+01
1.237000E+01 -2.847232E+01
1.238000E+01 -2.845145E+01
1.239000E+01 -2.846832E+01
1.240000E+01 -2.846315E+01
1.241000E+01 -2.846047E+01
1.242000E+01 -2.847461E+01
1.243000E+01 -2.845569E+01
1.244000E+01 -2.846407E+01
1.245000E+01 -2.848019E+01
1.246000E+01 -2.845394E+01
1.247000E+01 -2.848451E+01
1.248000E+01 -2.846246E+01
1.249000E+01 -2.848673E+01
1.250000E+01 -2.847216E+01
1.251000E+01 -2.847284E+01
1.252000E+01 -2.847863E+01
1.253000E+01 -2.850681E+01
1.254000E+01 -2.847488E+01
1.255000E+01 -2.850136E+01
1.256000E+01 -2.847533E+01
1.257000E+01 -2.850167E+01
1.258000E+01 -2.849558E+01
1.259000E+01 -2.848407E+01
1.260000E+01 -2.848288E+01
1.261000E+01 -2.849542E+01
1.262000E+01 -2.847937E+01
1.263000E+01 -2.847707E+01
1.264000E+01 -2.848737E+01
1.265000E+01 -2.848292E+01
1.266000E+01 -2.846427E+01
1.267000E+01 -2.849799E+01
1.268000E+01 -2.849306E+01
1.269000E+01 -2.849298E+01
1.270000E+01 -2.849399E+01
1.271000E+01 -2.849360E+01
1.272000E+01 -2.849731E+01
1.273000E+01 -2.850939E+01
1.274000E+01 -2.849779E+01
1.275000E+01 -2.851320E+01
1.276000E+01 -2.848193E+01
1.277000E+01 -2.852549E+01
1.278000E+01 -2.849802E+01
1.279000E+01 -2.849921E+01
1.280000E+01 -2.851538E+01
1.281000E+01 -2.850479E+01
1.282000E+01 -2.850450E+01
1.283000E+01 -2.848621E+01
1.284000E+01 -2.852061E+01
1.285000E+01 -2.849672E+01
1.286000E+01 -2.849103E+01
1.287000E+01 -2.851425E+01
1.288000E+01 -2.850206E+01
1.289000E+01 -2.848620E+01
1.290000E+01 -2.851653E+01
1.291000E+01 -2.850073E+01
1.292000E+01 -2.850023E+01
1.293000E+01 -2.851629E+01
1.294000E+01 -2.849699E+01
1.295000E+01 -2.850251E+01
1.296000E+01 -2.852481E+01
1.297000E+01 -2.850697E+01
1.298000E+01 -2.850293E+01
1.299000E+01 -2.851365E+01
1.300000E+01 -2.851172E+01
1.301000E+01 -2.848980E+01
1.302000E+01 -2.849750E+01
1.303000E+01 -2.850935E+01
1.304000E+01 -2.849886E+01
1.305000E+01 -2.849384E+01
1.306000E+01 -2.849657E+01
1.307000E+01 -2.851844E+01
1.308000E+01 -2.847163E+01
1.309000E+01 -2.849765E+01
1.310000E+01 -2.849280E+01
1.311000E+01 -2.849050E+01
1.312000E+01 -2.847349E+01
1.313000E+01 -2.848155E+01
1.314000E+01 -2.850081E+01
1.315000E+01 -2.846905E+01
1.316000E+01 -2.849479E+01
1.317000E+01 -2.848726E+01
1.318000E+01 -2.848684E+01
1.319000E+01 -2.848875E+01
1.320000E+01 -2.850144E+01
1.321000E+01 -2.848457E+01
1.322000E+01 -2.850281E+01
1.323000E+01 -2.848952E+01
1.324000E+01 -2.849346E+01
1.325000E+01 -2.850029E+01
1.326000E+01 -2.850968E+01
1.327000E+01 -2.846955E+01
1.328000E+01 -2.849480E+01
1.329000E+01 -2.848945E+01
1.330000E+01 -2.848981E+01
1.331000E+01 -2.847152E+01
1.332000E+01 -2.849400E+01
1.333000E+01 -2.846889E+01
1.334000E+01 -2.849618E+01
1.335000E+01 -2.848116E+01
1.336000E+01 -2.848734E+01
1.337000E+01 -2.848893E+01
1.338000E+01 -2.848794E+01
1.339000E+01 -2.850059E+01
1.340000E+01 -2.849526E+01
1.341000E+01 -2.850100E+01
1.342000E+01 -2.849673E+01
1.343000E+01 -2.850010E+01
1.344000E+01 -2.851258E+01
1.345000E+01 -2.850259E+01
1.346000E+01 -2.849382E+01
1.347000E+01 -2.852337E+01
1.348000E+01 -2.849503E+01
1.349000E+01 -2.849568E+01
1.350000E+01 -2.851581E+01
1.351000E+01 -2.848498E+01
1.352000E+01 -2.851281E+01
1.353000E+01 -2.849343E+01
1.354000E+01 -2.849359E+01
1.355000E+01 -2.849837E+01
1.356000E+01 -2.849941E+01
1.357000E+01 -2.850258E+01
1.358000E+01 -2.849035E+01
1.359000E+01 -2.851535E+01
1.360000E+01 -2.849510E+01
1.361000E+01 -2.851221E+01
1.362000E+01 -2.850286E+01
1.363000E+01 -2.850854E+01
1.364000E+01 -2.850381E+01
1.365000E+01 -2.852086E+01
1.366000E+01 -2.852124E+01
1.367000E+01 -2.851436E+01
1.368000E+01 -2.852571E+01
1.369000E+01 -2.852552E+01
1.370000E+01 -2.852082E+01
1.371000E+01 -2.852105E+01
1.372000E+01 -2.852877E+01
1.373000E+01 -2.850486E+01
1.374000E+01 -2.852385E+01
1.375000E+01 -2.851422E+01
1.376000E+01 -2.850488E+01
1.377000E+01 -2.852340E+01
1.378000E+01 -2.850882E+01
1.379000E+01 -2.852440E+01
1.380000E+01 -2.850811E+01
1.381000E+01 -2.851386E+01
1.382000E+01 -2.851512E+01
1.383000E+01 -2.853172E+01
1.384000E+01 -2.850392E+01
1.385000E+01 -2.851788E+01
1.386000E+01 -2.851861E+01
1.387000E+01 -2.851087E+01
1.388000E+01 -2.852663E+01
1.389000E+01 -2.850535E+01
1.390000E+01 -2.852038E+01
1.391000E+01 -2.850777E+01
1.392000E+01 -2.852018E+01
1.393000E+01 -2.850625E+01
1.394000E+01 -2.852022E+01
1.395000E+01 -2.851024E+01
1.396000E+01 -2.851319E+01
1.397000E+01 -2.851797E+01
1.398000E+01 -2.850488E+01
1.399000E+01 -2.852138E+01
1.400000E+01 -2.849388E+01
1.401000E+01 -2.852843E+01
1.402000E+01 -2.849068E+01
1.403000E+01 -2.852755E+01
1.404000E+01 -2.850486E+01
1.405000E+01 -2.851707E+01
1.406000E+01 -2.849987E+01
1.407000E+01 -2.851954E+01
1.408000E+01 -2.851305E+01
1.409000E+01 -2.851513E+01
1.410000E+01 -2.850989E+01
1.411000E+01 -2.852697E+01
1.412000E+01 -2.849966E+01
1.413000E+01 -2.850665E+01
1.414000E+01 -2.851747E+01
1.415000E+01 -2.850725E+01
1.416000E+01 -2.850004E+01
1.417000E+01 -2.852171E+01
1.418000E+01 -2.847755E+01
1.419000E+01 -2.850361E+01
1.420000E+01 -2.850024E+01
1.421000E+01 -2.850160E+01
1.422000E+01 -2.848550E+01
1.423000E+01 -2.851668E+01
1.424000E+01 -2.849595E+01
1.425000E+01 -2.851013E+01
1.426000E+01 -2.850120E+01
1.427000E+01 -2.851487E+01
1.428000E+01 -2.851311E+01
1.429000E+01 -2.851361E+01
1.430000E+01 -2.852133E+01
1.431000E+01 -2.851047E+01
1.432000E+01 -2.851001E+01
1.433000E+01 -2.850912E+01
1.434000E+01 -2.852561E+01
1.435000E+01 -2.850358E+01
1.436000E+01 -2.853805E+01
1.437000E+01 -2.850425E+01
1.438000E+01 -2.853770E+01
1.439000E+01 -2.851912E+01
1.440000E+01 -2.854100E+01
1.441000E+01 -2.851105E+01
1.442000E+01 -2.855845E+01
1.443000E+01 -2.851345E+01
1.444000E+01 -2.854865E+01
1.445000E+01 -2.851883E+01
1.446000E+01 -2.854966E+01
1.447000E+01 -2.852790E+01
1.448000E+01 -2.854020E+01
1.449000E+01 -2.853535E+01
1.450000E+01 -2.852967E+01
1.451000E+01 -2.853983E+01
1.452000E+01 -2.854007E+01
1.453000E+01 -2.854211E+01
1.454000E+01 -2.853521E+01
1.455000E+01 -2.854738E+01
1.456000E+01 -2.851458E+01
1.457000E+01 -2.852477E+01
1.458000E+01 -2.852172E+01
1.459000E+01 -2.853997E+01
1.460000E+01 -2.850973E+01
1.461000E+01 -2.852964E+01
1.462000E+01 -2.851172E+01
1.463000E+01 -2.854572E+01
1.464000E+01 -2.852076E+01
1.465000E+01 -2.852832E+01
1.466000E+01 -2.853738E+01
1.467000E+01 -2.854046E+01
1.468000E+01 -2.853235E+01
1.469000E+01 -2.852572E+01
1.470000E+01 -2.855070E+01
1.471000E+01 -2.850958E+01
1.472000E+01 -2.854773E+01
1.473000E+01 -2.852133E+01
1.474000E+01 -2.854723E+01
1.475000E+01 -2.851595E+01
1.476000E+01 -2.853497E+01
1.477000E+01 -2.851552E+01
1.478000E+01 -2.853537E+01
1.479000E+01 -2.852278E+01
1.480000E+01 -2.852349E+01
1.481000E+01 -2.851571E+01
1.482000E+01 -2.852625E+01
1.483000E+01 -2.851945E+01
1.484000E+01 -2.850063E+01
1.485000E+01 -2.852550E+01
1.486000E+01 -2.850393E+01
1.487000E+01 -2.851312E+01
1.488000E+01 -2.850431E+01
1.489000E+01 -2.849946E+01
1.490000E+01 -2.851077E+01
1.491000E+01 -2.849652E+01
1.492000E+01 -2.851283E+01
1.493000E+01 -2.849118E+01
1.494000E+01 -2.849524E+01
1.495000E+01 -2.850719E+01
1.496000E+01 -2.850176E+01
1.497000E+01 -2.847991E+01
1.498000E+01 -2.850395E+01
1.499000E+01 -2.850617E+01
1.500000E+01 -2.847046E+01
1.501000E+01 -2.850606E+01
1.502000E+01 -2.849540E+01
1.503000E+01 -2.847095E+01
1.504000E+01 -2.849198E+01
1.505000E+01 -2.849960E+01
1.506000E+01 -2.847407E+01
1.507000E+01 -2.850565E+01
1.508000E+01 -2.847484E+01
1.509000E+01 -2.849674E+01
1.510000E+01 -2.849048E+01
1.511000E+01 -2.849049E+01
1.512000E+01 -2.848986E+01
1.513000E+01 -2.848587E+01
1.514000E+01 -2.848777E+01
1.515000E+01 -2.849143E+01
1.516000E+01 -2.847060E+01
1.517000E+01 -2.849709E+01
1.518000E+01 -2.847082E+01
1.519000E+01 -2.848679E+01
1.520000E+01 -2.848109E+01
1.521000E+01 -2.848866E+01
1.522000E+01 -2.847094E+01
1.523000E+01 -2.847960E+01
1.524000E+01 -2.849440E+01
1.525000E+01 -2.846867E+01
1.526000E+01 -2.848957E+01
1.527000E+01 -2.849220E+01
1.528000E+01 -2.848354E+01
1.529000E+01 -2.850285E+01
1.530000E+01 -2.847754E+01
1.531000E+01 -2.851649E+01
1.532000E+01 -2.847653E+01
1.533000E+01 -2.851267E+01
1.534000E+01 -2.848056E+01
1.535000E+01 -2.850112E+01
1.536000E+01 -2.849971E+01
1.537000E+01 -2.849067E+01
1.538000E+01 -2.851040E+01
1.539000E+01 -2.847765E+01
1.540000E+01 -2.851271E+01
1.541000E+01 -2.848699E+01
1.542000E+01 -2.851076E+01
1.543000E+01 -2.849894E+01
1.544000E+01 -2.850127E+01
1.545000E+01 -2.851850E+01
1.546000E+01 -2.849372E+01
1.547000E+01 -2.852423E+01
1.548000E+01 -2.849984E+01
1.549000E+01 -2.851509E+01
1.550000E+01 -2.850417E+01
1.551000E+01 -2.852457E+01
1.552000E+01 -2.850137E+01
1.553000E+01 -2.852765E+01
1.554000E+01 -2.849553E+01
1.555000E+01 -2.853365E+01
1.556000E+01 -2.849586E+01
1.557000E+01 -2.854262E+01
1.558000E+01 -2.849882E+01
1.559000E+01 -2.852995E+01
1.560000E+01 -2.849205E+01
1.561000E+01 -2.853182E+01
1.562000E+01 -2.851051E+01
1.563000E+01 -2.850657E+01
1.564000E+01 -2.852823E+01
1.565000E+01 -2.849633E+01
1.566000E+01 -2.853721E+01
1.567000E+01 -2.851019E+01
1.568000E+01 -2.852431E+01
1.569000E+01 -2.850932E+01
1.570000E+01 -2.854505E+01
1.571000E+01 -2.851431E+01
1.572000E+01 -2.852526E+01
1.573000E+01 -2.853193E+01
1.574000E+01 -2.851617E+01
1.575000E+01 -2.855482E+01
1.576000E+01 -2.851971E+01
1.577000E+01 -2.855671E+01
1.578000E+01 -2.852107E+01
1.579000E+01 -2.854631E+01
1.580000E+01 -2.853375E+01
1.581000E+01 -2.853115E+01
1.582000E+01 -2.853082E+01
1.583000E+01 -2.852794E+01
1.584000E+01 -2.851741E+01
1.585000E+01 -2.853623E+01
1.586000E+01 -2.852248E+01
1.587000E+01 -2.852296E+01
1.588000E+01 -2.850466E+01
1.589000E+01 -2.852415E+01
1.590000E+01 -2.850586E+01
1.591000E+01 -2.852067E+01
1.592000E+01 -2.852096E+01
1.593000E+01 -2.852201E+01
1.594000E+01 -2.852720E+01
1.595000E+01 -2.853397E+01
1.596000E+01 -2.853233E+01
1.597000E+01 -2.852816E+01
1.598000E+01 -2.853640E+01
1.599000E+01 -2.851030E+01
1.600000E+01 -2.852869E+01
1.601000E+01 -2.853430E+01
1.602000E+01 -2.853213E+01
1.603000E+01 -2.852344E+01
1.604000E+01 -2.853029E+01
1.605000E+01 -2.850944E+01
1.606000E+01 -2.854030E+01
1.607000E+01 -2.850539E+01
1.608000E+01 -2.852453E+01
1.609000E+01 -2.853331E+01
1.610000E+01 -2.849473E+01
1.611000E+01 -2.852105E+01
1.612000E+01 -2.850403E+01
1.613000E+01 -2.852723E+01
1.614000E+01 -2.849762E+01
1.615000E+01 -2.853285E+01
1.616000E+01 -2.850000E+01
1.617000E+01 -2.851914E+01
1.618000E+01 -2.851311E+01
1.619000E+01 -2.850797E+01
1.620000E+01 -2.852702E+01
1.621000E+01 -2.850364E+01
1.622000E+01 -2.852537E+01
1.623000E+01 -2.849424E+01
1.624000E+01 -2.854334E+01
1.625000E+01 -2.849753E+01
1.626000E+01 -2.851854E+01
1.627000E+01 -2.852970E+01
1.628000E+01 -2.850799E+01
1.629000E+01 -2.853728E+01
1.630000E+01 -2.850762E+01
1.631000E+01 -2.853475E+01
1.632000E+01 -2.851477E+01
1.633000E+01 -2.853224E+01
1.634000E+01 -2.851091E+01
1.635000E+01 -2.851021E+01
1.636000E+01 -2.851110E+01
1.637000E+01 -2.851104E+01
1.638000E+01 -2.850626E+01
1.639000E+01 -2.850187E+01
1.640000E+01 -2.850700E+01
1.641000E+01 -2.849657E+01
1.642000E+01 -2.850314E+01
1.643000E+01 -2.848245E+01
1.644000E+01 -2.850882E+01
1.645000E+01 -2.847920E+01
1.646000E+01 -2.850010E+01
1.647000E+01 -2.849048E+01
1.648000E+01 -2.848213E+01
1.649000E+01 -2.848909E+01
1.650000E+01 -2.848573E+01
1.651000E+01 -2.850082E+01
1.652000E+01 -2.847426E+01
1.653000E+01 -2.850203E+01
1.654000E+01 -2.847196E+01
1.655000E+01 -2.848507E+01
1.656000E+01 -2.848859E+01
1.657000E+01 -2.847658E+01
1.658000E+01 -2.849734E+01
1.659000E+01 -2.847978E+01
1.660000E+01 -2.849316E+01
1.661000E+01 -2.846950E+01
1.662000E+01 -2.848665E+01
1.663000E+01 -2.847933E+01
1.664000E+01 -2.849659E+01
1.665000E+01 -2.847489E+01
1.666000E+01 -2.849666E+01
1.667000E+01 -2.848645E+01
1.668000E+01 -2.848936E+01
1.669000E+01 -2.849268E+01
1.670000E+01 -2.847900E+01
1.671000E+01 -2.850115E+01
1.672000E+01 -2.848028E+01
1.673000E+01 -2.849662E+01
1.674000E+01 -2.847984E+01
1.675000E+01 -2.851031E+01
1.676000E+01 -2.848202E+01
1.677000E+01 -2.848769E+01
1.678000E+01 -2.850627E+01
1.679000E+01 -2.850275E+01
1.680000E+01 -2.849565E+01
1.681000E+01 -2.850494E+01
1.682000E+01 -2.851939E+01
1.683000E+01 -2.850676E+01
1.684000E+01 -2.851059E+01
1.685000E+01 -2.851304E+01
1.686000E+01 -2.852712E+01
1.687000E+01 -2.851649E+01
1.688000E+01 -2.852758E+01
1.689000E+01 -2.854018E+01
1.690000E+01 -2.852325E+01
1.691000E+01 -2.852765E+01
1.692000E+01 -2.853975E+01
1.693000E+01 -2.853189E+01
1.694000E+01 -2.852094E+01
1.695000E+01 -2.853998E+01
1.696000E+01 -2.851024E+01
1.697000E+01 -2.852985E+01
1.698000E+01 -2.852582E+01
1.699000E+01 -2.853379E+01
1.700000E+01 -2.853252E+01
1.701000E+01 -2.852193E+01
1.702000E+01 -2.853702E+01
1.703000E+01 -2.852698E+01
1.704000E+01 -2.852996E+01
1.705000E+01 -2.853792E+01
1.706000E+01 -2.854078E+01
1.707000E+01 -2.853475E+01
1.708000E+01 -2.855516E+01
1.709000E+01 -2.853668E+01
1.710000E+01 -2.854757E+01
1.711000E+01 -2.855330E+01
1.712000E+01 -2.854467E+01
1.713000E+01 -2.855454E+01
1.714000E+01 -2.855644E+01
1.715000E+01 -2.853870E+01
1.716000E+01 -2.857081E+01
1.717000E+01 -2.853909E+01
1.718000E+01 -2.856032E+01
1.719000E+01 -2.855379E+01
1.720000E+01 -2.856724E+01
1.721000E+01 -2.856768E+01
1.722000E+01 -2.855027E+01
1.723000E+01 -2.855911E+01
1.724000E+01 -2.857559E+01
1.725000E+01 -2.856861E+01
1.726000E+01 -2.857321E+01
1.727000E+01 -2.858546E+01
1.728000E+01 -2.858785E+01
1.729000E+01 -2.858305E+01
1.730000E+01 -2.859592E+01
1.731000E+01 -2.857314E+01
1.732000E+01 -2.860449E+01
1.733000E+01 -2.856636E+01
1.734000E+01 -2.860362E+01
1.735000E+01 -2.857543E+01
1.736000E+01 -2.858623E+01
1.737000E+01 -2.859219E+01
1.738000E+01 -2.857848E+01
1.739000E+01 -2.859040E+01
1.740000E+01 -2.857357E+01
1.741000E+01 -2.858024E+01
1.742000E+01 -2.857617E+01
1.743000E+01 -2.856910E+01
1.744000E+01 -2.855036E+01
1.745000E+01 -2.855848E+01
1.746000E+01 -2.856455E+01
1.747000E+01 -2.854340E+01
1.748000E+01 -2.856245E+01
1.749000E+01 -2.852670E+01
1.750000E+01 -2.856037E+01
1.751000E+01 -2.853890E+01
1.752000E+01 -2.853534E+01
1.753000E+01 -2.854394E+01
1.754000E+01 -2.851983E+01
1.755000E+01 -2.853675E+01
1.756000E+01 -2.853260E+01
1.757000E+01 -2.852836E+01
1.758000E+01 -2.853557E+01
1.759000E+01 -2.852696E+01
1.760000E+01 -2.854148E+01
1.761000E+01 -2.852794E+01
1.762000E+01 -2.850950E+01
1.763000E+01 -2.852949E+01
1.764000E+01 -2.850675E+01
1.765000E+01 -2.850583E+01
1.766000E+01 -2.852608E+01
1.767000E+01 -2.850768E+01
1.768000E+01 -2.852853E+01
1.769000E+01 -2.849374E+01
1.770000E+01 -2.852550E+01
1.771000E+01 -2.850124E+01
1.772000E+01 -2.851403E+01
1.773000E+01 -2.848592E+01
1.774000E+01 -2.852983E+01
1.775000E+01 -2.848839E+01
1.776000E+01 -2.853087E+01
1.777000E+01 -2.850004E+01
1.778000E+01 -2.850443E+01
1.779000E+01 -2.851965E+01
1.780000E+01 -2.851011E+01
1.781000E+01 -2.850707E+01
1.782000E+01 -2.851413E+01
1.783000E+01 -2.850974E+01
1.784000E+01 -2.849364E+01
1.785000E+01 -2.851210E+01
1.786000E+01 -2.849769E+01
1.787000E+01 -2.851293E+01
1.788000E+01 -2.850118E+01
1.789000E+01 -2.850035E+01
1.790000E+01 -2.850757E+01
1.791000E+01 -2.848386E+01
1.792000E+01 -2.851130E+01
1.793000E+01 -2.847753E+01
1.794000E+01 -2.850153E+01
1.795000E+01 -2.849173E+01
1.796000E+01 -2.849905E+01
1.797000E+01 -2.848879E+01
1.798000E+01 -2.849797E+01
1.799000E+01 -2.849719E+01
1.800000E+01 -2.848746E+01
1.801000E+01 -2.849272E+01
1.802000E+01 -2.848844E+01
1.803000E+01 -2.849887E+01
1.804000E+01 -2.849907E+01
1.805000E+01 -2.850765E+01
1.806000E+01 -2.851364E+01
1.807000E+01 -2.850367E+01
1.808000E+01 -2.851824E+01
1.809000E+01 -2.851190E+01
1.810000E+01 -2.849865E+01
1.811000E+01 -2.853764E+01
1.812000E+01 -2.849422E+01
1.813000E+01 -2.852089E+01
1.814000E+01 -2.852362E+01
1.815000E+01 -2.850605E+01
1.816000E+01 -2.852763E+01
1.817000E+01 -2.850862E+01
1.818000E+01 -2.852341E+01
1.819000E+01 -2.851907E+01
1.820000E+01 -2.852950E+01
1.821000E+01 -2.851729E+01
1.822000E+01 -2.854233E+01
1.823000E+01 -2.850468E+01
1.824000E+01 -2.855516E+01
1.825000E+01 -2.851832E+01
1.826000E+01 -2.854492E+01
1.827000E+01 -2.852875E+01
1.828000E+01 -2.855162E+01
1.829000E+01 -2.852815E+01
1.830000E+01 -2.855783E+01
1.831000E+01 -2.854728E+01
1.832000E+01 -2.854170E+01
1.833000E+01 -2.853862E+01
1.834000E+01 -2.854962E+01
1.835000E+01 -2.853382E+01
1.836000E+01 -2.855438E+01
1.837000E+01 -2.853696E+01
1.838000E+01 -2.855289E+01
1.839000E+01 -2.854778E+01
1.840000E+01 -2.855384E+01
1.841000E+01 -2.854769E+01
1.842000E+01 -2.856479E+01
1.843000E+01 -2.855822E+01
1.844000E+01 -2.856750E+01
1.845000E+01 -2.856320E+01
1.846000E+01 -2.856257E+01
1.847000E+01 -2.857668E+01
1.848000E+01 -2.855709E+01
1.849000E+01 -2.855988E+01
1.850000E+01 -2.857363E+01
1.851000E+01 -2.857797E+01
1.852000E+01 -2.855018E+01
1.853000E+01 -2.856641E+01
1.854000E+01 -2.858206E+01
1.855000E+01 -2.855862E+01
1.856000E+01 -2.856217E+01
1.857000E+01 -2.856703E+01
1.858000E+01 -2.858259E+01
1.859000E+01 -2.856693E+01
1.860000E+01 -2.857475E+01
1.861000E+01 -2.858433E+01
1.862000E+01 -2.856901E+01
1.863000E+01 -2.856155E+01
1.864000E+01 -2.859723E+01
1.865000E+01 -2.855559E+01
1.866000E+01 -2.858817E+01
1.867000E+01 -2.856623E+01
1.868000E+01 -2.858441E+01
1.869000E+01 -2.856360E+01
1.870000E+01 -2.856737E+01
1.871000E+01 -2.858184E+01
1.872000E+01 -2.855293E+01
1.873000E+01 -2.856597E+01
1.874000E+01 -2.855260E+01
1.875000E+01 -2.856160E+01
1.876000E+01 -2.856149E+01
1.877000E+01 -2.857135E+01
1.878000E+01 -2.854565E+01
1.879000E+01 -2.855567E+01
1.880000E+01 -2.854315E+01
1.881000E+01 -2.854349E+01
1.882000E+01 -2.852852E+01
1.883000E+01 -2.852562E+01
1.884000E+01 -2.853163E+01
1.885000E+01 -2.853746E+01
1.886000E+01 -2.850356E+01
1.887000E+01 -2.853789E+01
1.888000E+01 -2.853732E+01
1.889000E+01 -2.851798E+01
1.890000E+01 -2.852219E+01
1.891000E+01 -2.853661E+01
1.892000E+01 -2.855201E+01
1.893000E+01 -2.851402E+01
1.894000E+01 -2.853711E+01
1.895000E+01 -2.854032E+01
1.896000E+01 -2.854333E+01
1.897000E+01 -2.853153E+01
1.898000E+01 -2.855226E+01
1.899000E+01 -2.853303E+01
1.900000E+01 -2.853742E+01
1.901000E+01 -2.856061E+01
1.902000E+01 -2.850770E+01
1.903000E+01 -2.855677E+01
1.904000E+01 -2.852725E+01
1.905000E+01 -2.856206E+01
1.906000E+01 -2.850262E+01
1.907000E+01 -2.856065E+01
1.908000E+01 -2.852304E+01
1.909000E+01 -2.854376E+01
1.910000E+01 -2.852087E+01
1.911000E+01 -2.853410E+01
1.912000E+01 -2.853615E+01
1.913000E+01 -2.852452E+01
1.914000E+01 -2.854762E+01
1.915000E+01 -2.850882E+01
1.916000E+01 -2.854068E+01
1.917000E+01 -2.853213E+01
1.918000E+01 -2.853427E+01
1.919000E+01 -2.852132E+01
1.920000E+01 -2.854268E+01
1.921000E+01 -2.852243E+01
1.922000E+01 -2.853020E+01
1.923000E+01 -2.853191E+01
1.924000E+01 -2.853725E+01
1.925000E+01 -2.854963E+01
1.926000E+01 -2.854652E+01
1.927000E+01 -2.854053E+01
1.928000E+01 -2.855322E+01
1.929000E+01 -2.854457E+01
1.930000E+01 -2.854402E+01
1.931000E+01 -2.855599E+01
1.932000E+01 -2.854912E+01
1.933000E+01 -2.853970E+01
1.934000E+01 -2.856158E+01
1.935000E+01 -2.853717E+01
1.936000E+01 -2.855155E+01
1.937000E+01 -2.854693E+01
1.938000E+01 -2.855039E+01
1.939000E+01 -2.853223E+01
1.940000E+01 -2.855948E+01
1.941000E+01 -2.852247E+01
1.942000E+01 -2.856350E+01
1.943000E+01 -2.853703E+01
1.944000E+01 -2.855722E+01
1.945000E+01 -2.854209E+01
1.946000E+01 -2.855587E+01
1.947000E+01 -2.856697E+01
1.948000E+01 -2.854546E+01
1.949000E+01 -2.856307E+01
1.950000E+01 -2.856758E+01
1.951000E+01 -2.855738E+01
1.952000E+01 -2.857173E+01
1.953000E+01 -2.856563E+01
1.954000E+01 -2.856933E+01
1.955000E+01 -2.857779E+01
1.956000E+01 -2.857337E+01
1.957000E+01 -2.857175E+01
1.958000E+01 -2.858534E+01
1.959000E+01 -2.858234E+01
1.960000E+01 -2.858211E+01
1.961000E+01 -2.856784E+01
1.962000E+01 -2.860361E+01
1.963000E+01 -2.855835E+01
1.964000E+01 -2.858966E+01
1.965000E+01 -2.857206E+01
1.966000E+01 -2.858363E+01
1.967000E+01 -2.857755E+01
1.968000E+01 -2.859245E+01
1.969000E+01 -2.857080E+01
1.970000E+01 -2.858705E+01
1.971000E+01 -2.857668E+01
1.972000E+01 -2.858464E+01
1.973000E+01 -2.856523E+01
1.974000E+01 -2.858885E+01
1.975000E+01 -2.857889E+01
1.976000E+01 -2.857668E+01
1.977000E+01 -2.857806E+01
1.978000E+01 -2.858362E+01
1.979000E+01 -2.859825E+01
1.980000E+01 -2.858006E+01
1.981000E+01 -2.858837E+01
1.982000E+01 -2.857633E+01
1.983000E+01 -2.860015E+01
1.984000E+01 -2.855237E+01
1.985000E+01 -2.860419E+01
1.986000E+01 -2.854774E+01
1.987000E+01 -2.859121E+01
1.988000E+01 -2.854892E+01
1.989000E+01 -2.859191E+01
1.990000E+01 -2.856908E+01
1.991000E+01 -2.857283E+01
1.992000E+01 -2.856053E+01
1.993000E+01 -2.858537E+01
1.994000E+01 -2.856959E+01
1.995000E+01 -2.856238E+01
1.996000E+01 -2.856738E+01
1.997000E+01 -2.858290E+01
1.998000E+01 -2.856041E+01
1.999000E+01 -2.857675E+01
2.000000E+01 -2.856541E+01
