amber                                                                           
         2         2        60  -76077.4909575    
     25.196959335562      0.000000000000      0.000000000000
      0.000000000000     25.196959335562      0.000000000000
      0.000000000000      0.000000000000     25.196959335562
OW               1
     5.302016918         5.387397137        0.3312266590    
   3.00881774811      -2.67817136960       2.64634360907    
   8291.02067199      -5120.61128949       5215.77087700    
HW               2
     4.958280736         5.558299986       -0.5377599071    
  -1.60504121346      -14.7583883253       2.09559489533    
  -3288.13512261       1320.83090724      -5504.18228532    
HW               3
     4.690667526         5.807800993        0.9245330818    
   4.04610324000       2.24144506068      0.229242077304    
  -4022.16629533       4181.97956089      -102.848543225    
OW               4
     3.984763438         7.716098442         1.527649019    
  0.254605407572       2.04737744207      -2.50798546557    
   6776.92031375      -14483.4008115       6486.69665687    
HW               5
     3.910441495         8.516293893         1.021029351    
  -5.62910941763       6.19284365324       4.90284470900    
  -3834.70595279       10288.4133100      -5025.71531540    
HW               6
     3.266087251         7.750198864         2.148005119    
   1.30165445812      -7.94587969939     -0.745669425653    
  -1856.92322284       2942.75180234      -420.293137613    
OW               7
     3.665625371         9.892838143        0.8406997563E-02
 -0.987476186035E-01   1.05755682154      0.925730037107    
  -8199.65228619      -7073.36958343       8906.27102911    
HW               8
     4.287704236         10.59884208       -0.1222694143    
  -7.70483203460       9.80740563294       11.9900325542    
   5475.13515762       6259.12771788      -2047.47233993    
HW               9
     3.508712890         9.539616385       -0.8594137529    
   5.32720039939       11.5890257199      -4.34188187873    
   2319.00420686       1067.19627790      -4983.28345964    
OW              10
     4.375570492         11.29655860        -2.647048396    
 -0.858705255387       2.87888439188     -0.330729279109    
  -3008.48142090      -5210.78162440      -7403.76708702    
HW              11
     3.995060121         12.10591315        -2.967449815    
  0.654258871923     -0.100895896376E-01  -9.42526694034    
   373.929368499       1859.74605281       1085.59766806    
HW              12
     4.921488126         11.55490515        -1.913746963    
  -5.67222312422       9.28290452307      0.996593633585    
   2252.15348941       4386.95772194       6070.32078373    
OW              13
     8.944961990         12.17404759         2.295111215    
  0.265026181225      -3.12033097806       4.23119559389    
  -11892.1530367       6938.50778943      -3795.69355808    
HW              14
     9.204761375         11.28085650         2.488020375    
  0.900570637789      -3.48451869106       1.68904943253    
   4656.34947990      -6804.74112589       2427.49990185    
HW              15
     9.734002713        -12.50677708         2.411385637    
   3.65557782027      -5.14361795291      -9.79592015150    
   7266.20383891      -1240.62748650       748.447187954    
OW              16
     4.391538215         5.966476218        -2.340468523    
  0.310686273537      -1.67657034405       1.96800497988    
   2000.77527079      -14646.8892401       1527.09124355    
HW              17
     4.427090312         6.905833351        -2.203194258    
   9.54335681260      -1.62233482469     -0.794255753073    
  -271.553370045       11772.4678810      -1522.26806603    
HW              18
     3.552749529         5.810629452        -2.758374395    
  -3.82224552134       4.63594309019       7.90922714397    
  -1723.21331465       2192.88025659      -472.080252644    
OW              19
     6.890574992         7.836083048         1.805758619    
   1.05223972670      -2.00075053514     -0.352147387543    
   6161.33498686       11038.9429543      -1011.66146113    
HW              20
     7.147782154         6.932907309         1.662168720    
  -4.32845670353      -4.76149371637       7.37459808258    
   281.477145539      -6744.96172108      -236.214828813    
HW              21
     5.940661045         7.825278013         1.798922228    
   1.03373302424       4.97055843472      -8.79892348693    
  -7028.40555903      -3173.53248471       420.187352182    
OW              22
     4.804442970         8.615334253        -2.296586424    
  0.960764173312       1.34337488450     -0.884241105046    
  -9196.48766781      -12566.2398341      -444.521243331    
HW              23
     4.652549524         9.440927621        -2.741360491    
   10.7200646636       1.53346288611      -3.86426733143    
   1487.60593080       8755.40057651      -1724.51423056    
HW              24
     5.658786078         8.707791275        -1.891556123    
  0.747008591772      -6.18560952224       1.28529555201    
   7930.76742445       4035.78011846       2673.27412798    
OW              25
     5.608276088         11.82414770       -0.1775074470    
  0.742422326486      -1.32061799770       1.89685822446    
  -14165.3013623      -9825.77472636      -17050.6681638    
HW              26
     5.731131175         12.35675338        0.5994982259    
   4.21854056437       6.56144317602      -4.05559427877    
   5780.48980895       6731.90514508       8730.42375791    
HW              27
     6.481237806         11.70011716       -0.5311375569    
  -1.92207066215       3.58640174775      -6.40170188966    
   8584.65356867       1142.12567058       2630.53565759    
OW              28
     6.402810777        -12.06647803         1.912200555    
 -0.308382542858      -3.12298220158      0.190032059655    
  -8984.12235514       4427.26126699      -1349.95512595    
HW              29
     7.296099145        -12.37011318         2.023293232    
  -1.66163152623      -6.66581731767       1.38824146968    
   8609.26962333      -2316.61554087       4270.36013262    
HW              30
     6.062976539        -11.97415175         2.794520532    
  0.243007559378       2.28884136519     -0.163889784387    
   1724.12336294      -48.0847977589       1771.70830714    
OW              31
     6.944211470         5.497755978        -3.349829306    
   2.45345645262       1.35047287817      -1.88369581686    
   11080.1418186       246.181593087      -1019.55240372    
HW              32
     6.881413591         5.174945263        -4.241092268    
   2.93119732870      -3.60992575072     -0.120727103838    
  -1820.56423350      -215.390527509      -151.437980476    
HW              33
     6.044944666         5.589056782        -3.057453913    
   2.30625405178       2.37782925692      -2.65726534768    
  -7677.15797663       537.285074427       2376.51116549    
OW              34
     7.995446076         5.307318329         1.040567107    
  -2.00063045501       3.26917799086       1.51960271299    
   9176.01188419       2039.00976099       10724.0442949    
HW              35
     8.306778470         5.514923923        0.1673706470    
  -10.9973490112       6.51786868964     -0.915729605819    
  -1552.09047877       803.531050950      -7920.73040400    
HW              36
     7.087783292         5.052328582        0.9238259822    
 -0.649159128746      -4.87219718556       8.79456235861    
  -7675.99457886      -2055.37126739      -5223.14165304    
OW              37
     7.179401352         8.960290482       -0.8201488974    
 -0.789906321037      0.619907756941      -1.15948146126    
  -3653.07532807      -7731.76497248      -10977.5992691    
HW              38
     7.731616609         9.713038459       -0.6442830630    
   5.06670353133      -2.11486322761      -7.84364491628    
   2609.99429819       6796.62717363       3122.52711332    
HW              39
     6.997360551         8.584197056        0.3303037681E-01
   13.5760552345      -2.67030293671      0.455377906821    
   463.815216973       251.627573327       7869.76498955    
OW              40
     8.420534753         11.42658739       -0.3909686490    
  -1.95628117995       1.90458709662     -0.956732175814E-01
  -10360.8969301      -3411.28571768      -6930.71287631    
HW              41
     9.297869279         11.18022913       -0.6594676929    
  -10.0722031367      -10.1135102204      -15.5877993030    
   6738.31138889       201.882311513       1310.22011145    
HW              42
     8.538640105         11.91991723        0.4122603214    
   19.0330013987      0.825734127218      -2.51928631026    
   4367.85434807       2356.30822099       5944.07824304    
OW              43
     11.76713123         12.17121365         1.652050306    
  0.396947644821       1.36046292096     -0.576947752262    
  -552.236955049       7312.22159801       6344.56169936    
HW              44
    -12.57675734         12.41182827         1.310180650    
   3.37286172280      -6.08634448550       1.60767021415    
   289.327118077      -1426.90157406      -1258.11959356    
HW              45
     11.50931453         11.40518210         1.152824690    
  -7.03665420839       6.33591426426      -4.37251818596    
   91.6351761075      -5476.66507355      -5662.91022605    
OW              46
     8.751750184         6.620218476        -1.438918871    
 -0.700295243891      0.952937413575       1.73614910554    
   9383.68530730      -4546.69620386       8208.32617705    
HW              47
     8.410432159         6.157935453        -2.195421621    
   6.01762707675      -6.97811019266       3.55166224167    
  -6797.86783337      -1465.67004437      -6277.13038967    
HW              48
     8.226240301         7.409056701        -1.375094034    
  -10.6498997022      -5.31406048871      -2.72869543875    
  -5560.84892681       4763.71617550      -2355.02712455    
OW              49
     10.21211314         6.761486242         1.961875318    
  -1.30767822042      -1.83978868311      0.667403297579    
   7345.79744940       9096.18696325      -544.128241637    
HW              50
     10.86769202         6.260041545         2.432268287    
   7.78395993480      -2.96734149403      -13.2054472482    
  -393.574424763      -3026.35954195       1154.57791500    
HW              51
     9.586056999         6.117809417         1.651659511    
   2.00744716124      -2.94727676546      -3.72499115157    
  -6524.78844331      -6268.76919936      -380.560664209    
OW              52
     9.287229832         9.325844923         2.387671889    
  -2.89025580689      0.993400327665      -2.50536696632    
   5094.25629132       16190.8220637      -1620.27455037    
HW              53
     9.709422811         8.474833660         2.393409340    
  -7.79648171597      -1.52574986245      -15.1331110105    
  -419.559256283      -9494.02351852      -15.5668806150    
HW              54
     8.360291933         9.139834210         2.294472434    
  -4.75688656867       7.38404753008       3.30498840982    
  -5456.38039769      -6849.27204486       46.7932302487    
OW              55
     11.22106010         7.501685421       -0.7055138494    
  -2.63363457865      -4.46398366277       3.02020852503    
   11701.1596856       5318.15779280      -928.928102804    
HW              56
     11.06524861         7.265650541        0.2014096938    
  -19.3524011843      -5.06333825692     -0.810027827080E-02
  -3565.05016414      -3655.60438961       3103.80321299    
HW              57
     10.52732875         7.073883721        -1.193594275    
   1.50797730510       2.66411795922      -9.11422612054    
  -7363.57373291      -3851.89291141      -881.119979267    
OW              58
     10.92548013         10.03426330        0.4861830973E-01
   3.99247686409       2.93869092620      -3.81503509553    
   337.495614581       18172.8530740       1223.59757590    
HW              59
     10.32228868         9.718105207        0.7109657511    
  -7.51445538911       8.75790816840      -11.5165677934    
  -2510.78710446      -4953.03168049       3880.22423595    
HW              60
     11.29121543         9.250783139       -0.3449506299    
   6.87663739064     -0.548886163020       5.80789603109    
   705.048484415      -9744.35650285      -3031.13520991    
