amber                                                                           
         2       128
OW      
 -6.350000E+00  0.000000E+00
 -6.250000E+00  0.000000E+00
 -6.150000E+00  0.000000E+00
 -6.050000E+00  0.000000E+00
 -5.950000E+00  0.000000E+00
 -5.850000E+00  0.000000E+00
 -5.750000E+00  0.000000E+00
 -5.650000E+00  0.000000E+00
 -5.550000E+00  0.000000E+00
 -5.450000E+00  0.000000E+00
 -5.350000E+00  0.000000E+00
 -5.250000E+00  0.000000E+00
 -5.150000E+00  0.000000E+00
 -5.050000E+00  0.000000E+00
 -4.950000E+00  0.000000E+00
 -4.850000E+00  0.000000E+00
 -4.750000E+00  0.000000E+00
 -4.650000E+00  0.000000E+00
 -4.550000E+00  0.000000E+00
 -4.450000E+00  0.000000E+00
 -4.350000E+00  0.000000E+00
 -4.250000E+00  0.000000E+00
 -4.150000E+00  0.000000E+00
 -4.050000E+00  0.000000E+00
 -3.950000E+00  0.000000E+00
 -3.850000E+00  0.000000E+00
 -3.750000E+00  0.000000E+00
 -3.650000E+00  2.040355E-05
 -3.550000E+00  1.324230E-04
 -3.450000E+00  5.132893E-04
 -3.350000E+00  8.713516E-04
 -3.250000E+00  1.041381E-03
 -3.150000E+00  1.189407E-03
 -3.050000E+00  1.049383E-03
 -2.950000E+00  7.077231E-04
 -2.850000E+00  7.273266E-04
 -2.750000E+00  6.669160E-04
 -2.650000E+00  6.233085E-04
 -2.550000E+00  6.553140E-04
 -2.450000E+00  1.114194E-03
 -2.350000E+00  1.498661E-03
 -2.250000E+00  1.699496E-03
 -2.150000E+00  1.870325E-03
 -2.050000E+00  1.619482E-03
 -1.950000E+00  2.053957E-03
 -1.850000E+00  2.364011E-03
 -1.750000E+00  2.529640E-03
 -1.650000E+00  2.659663E-03
 -1.550000E+00  2.578049E-03
 -1.450000E+00  2.684867E-03
 -1.350000E+00  3.042529E-03
 -1.250000E+00  3.022126E-03
 -1.150000E+00  3.527814E-03
 -1.050000E+00  3.014124E-03
 -9.500000E-01  3.290173E-03
 -8.500000E-01  3.056132E-03
 -7.500000E-01  3.107341E-03
 -6.500000E-01  2.646461E-03
 -5.500000E-01  2.652862E-03
 -4.500000E-01  2.657262E-03
 -3.500000E-01  3.071735E-03
 -2.500000E-01  2.749678E-03
 -1.500000E-01  3.388190E-03
 -5.000000E-02  3.465003E-03
  5.000000E-02  4.426770E-03
  1.500000E-01  3.685441E-03
  2.500000E-01  4.646809E-03
  3.500000E-01  5.311324E-03
  4.500000E-01  4.794834E-03
  5.500000E-01  4.643608E-03
  6.500000E-01  4.554393E-03
  7.500000E-01  3.609028E-03
  8.500000E-01  3.726248E-03
  9.500000E-01  2.834093E-03
  1.050000E+00  2.668064E-03
  1.150000E+00  2.672865E-03
  1.250000E+00  2.612855E-03
  1.350000E+00  3.115742E-03
  1.450000E+00  2.770082E-03
  1.550000E+00  2.417221E-03
  1.650000E+00  2.414420E-03
  1.750000E+00  2.330406E-03
  1.850000E+00  2.270395E-03
  1.950000E+00  2.315203E-03
  2.050000E+00  2.439224E-03
  2.150000E+00  2.498435E-03
  2.250000E+00  2.550044E-03
  2.350000E+00  2.205584E-03
  2.450000E+00  2.095165E-03
  2.550000E+00  2.123570E-03
  2.650000E+00  1.515864E-03
  2.750000E+00  1.292625E-03
  2.850000E+00  6.765177E-04
  2.950000E+00  6.609150E-04
  3.050000E+00  3.484606E-04
  3.150000E+00  6.081058E-05
  3.250000E+00  4.040703E-05
  3.350000E+00  4.480780E-05
  3.450000E+00  4.880849E-05
  3.550000E+00  3.240564E-05
  3.650000E+00  1.240216E-05
  3.750000E+00  0.000000E+00
  3.850000E+00  0.000000E+00
  3.950000E+00  0.000000E+00
  4.050000E+00  0.000000E+00
  4.150000E+00  0.000000E+00
  4.250000E+00  0.000000E+00
  4.350000E+00  0.000000E+00
  4.450000E+00  0.000000E+00
  4.550000E+00  0.000000E+00
  4.650000E+00  0.000000E+00
  4.750000E+00  0.000000E+00
  4.850000E+00  0.000000E+00
  4.950000E+00  0.000000E+00
  5.050000E+00  0.000000E+00
  5.150000E+00  0.000000E+00
  5.250000E+00  0.000000E+00
  5.350000E+00  0.000000E+00
  5.450000E+00  0.000000E+00
  5.550000E+00  0.000000E+00
  5.650000E+00  0.000000E+00
  5.750000E+00  0.000000E+00
  5.850000E+00  0.000000E+00
  5.950000E+00  0.000000E+00
  6.050000E+00  0.000000E+00
  6.150000E+00  0.000000E+00
  6.250000E+00  0.000000E+00
  6.350000E+00  0.000000E+00
HW      
 -6.350000E+00  0.000000E+00
 -6.250000E+00  0.000000E+00
 -6.150000E+00  0.000000E+00
 -6.050000E+00  0.000000E+00
 -5.950000E+00  0.000000E+00
 -5.850000E+00  0.000000E+00
 -5.750000E+00  0.000000E+00
 -5.650000E+00  0.000000E+00
 -5.550000E+00  0.000000E+00
 -5.450000E+00  0.000000E+00
 -5.350000E+00  0.000000E+00
 -5.250000E+00  0.000000E+00
 -5.150000E+00  0.000000E+00
 -5.050000E+00  0.000000E+00
 -4.950000E+00  0.000000E+00
 -4.850000E+00  0.000000E+00
 -4.750000E+00  0.000000E+00
 -4.650000E+00  0.000000E+00
 -4.550000E+00  0.000000E+00
 -4.450000E+00  3.000522E-05
 -4.350000E+00  5.240912E-05
 -4.250000E+00  1.068186E-04
 -4.150000E+00  1.540268E-04
 -4.050000E+00  1.948339E-04
 -3.950000E+00  1.892329E-04
 -3.850000E+00  1.832319E-04
 -3.750000E+00  2.740477E-04
 -3.650000E+00  3.568621E-04
 -3.550000E+00  4.932858E-04
 -3.450000E+00  9.309620E-04
 -3.350000E+00  1.124996E-03
 -3.250000E+00  1.411046E-03
 -3.150000E+00  1.651087E-03
 -3.050000E+00  1.707097E-03
 -2.950000E+00  2.071961E-03
 -2.850000E+00  2.314403E-03
 -2.750000E+00  2.148774E-03
 -2.650000E+00  1.777909E-03
 -2.550000E+00  1.523065E-03
 -2.450000E+00  1.801113E-03
 -2.350000E+00  2.474831E-03
 -2.250000E+00  3.356184E-03
 -2.150000E+00  3.531815E-03
 -2.050000E+00  3.725848E-03
 -1.950000E+00  4.108715E-03
 -1.850000E+00  4.107515E-03
 -1.750000E+00  5.092086E-03
 -1.650000E+00  5.056880E-03
 -1.550000E+00  4.835241E-03
 -1.450000E+00  4.615203E-03
 -1.350000E+00  4.599200E-03
 -1.250000E+00  5.337329E-03
 -1.150000E+00  6.240686E-03
 -1.050000E+00  6.394713E-03
 -9.500000E-01  5.771404E-03
 -8.500000E-01  5.764203E-03
 -7.500000E-01  5.930632E-03
 -6.500000E-01  6.696765E-03
 -5.500000E-01  6.891599E-03
 -4.500000E-01  7.587320E-03
 -3.500000E-01  7.682137E-03
 -2.500000E-01  7.388886E-03
 -1.500000E-01  7.327675E-03
 -5.000000E-02  8.212229E-03
  5.000000E-02  8.228632E-03
  1.500000E-01  7.770952E-03
  2.500000E-01  7.254062E-03
  3.500000E-01  7.450496E-03
  4.500000E-01  7.675336E-03
  5.500000E-01  7.202453E-03
  6.500000E-01  7.117238E-03
  7.500000E-01  6.883998E-03
  8.500000E-01  6.511133E-03
  9.500000E-01  6.493530E-03
  1.050000E+00  6.575144E-03
  1.150000E+00  6.424718E-03
  1.250000E+00  6.184676E-03
  1.350000E+00  6.331902E-03
  1.450000E+00  5.732197E-03
  1.550000E+00  5.204906E-03
  1.650000E+00  5.068482E-03
  1.750000E+00  4.454375E-03
  1.850000E+00  4.515586E-03
  1.950000E+00  4.317951E-03
  2.050000E+00  4.187529E-03
  2.150000E+00  4.155923E-03
  2.250000E+00  4.277944E-03
  2.350000E+00  3.731849E-03
  2.450000E+00  4.080310E-03
  2.550000E+00  3.378588E-03
  2.650000E+00  2.513637E-03
  2.750000E+00  2.426822E-03
  2.850000E+00  1.801513E-03
  2.950000E+00  1.438250E-03
  3.050000E+00  1.221413E-03
  3.150000E+00  9.093582E-04
  3.250000E+00  8.317447E-04
  3.350000E+00  7.393286E-04
  3.450000E+00  8.929554E-04
  3.550000E+00  1.001374E-03
  3.650000E+00  7.793356E-04
  3.750000E+00  4.580797E-04
  3.850000E+00  3.016525E-04
  3.950000E+00  1.344234E-04
  4.050000E+00  5.400940E-05
  4.150000E+00  6.081058E-05
  4.250000E+00  2.800487E-05
  4.350000E+00  1.240216E-05
  4.450000E+00  1.440251E-05
  4.550000E+00  0.000000E+00
  4.650000E+00  0.000000E+00
  4.750000E+00  0.000000E+00
  4.850000E+00  0.000000E+00
  4.950000E+00  0.000000E+00
  5.050000E+00  0.000000E+00
  5.150000E+00  0.000000E+00
  5.250000E+00  0.000000E+00
  5.350000E+00  0.000000E+00
  5.450000E+00  0.000000E+00
  5.550000E+00  0.000000E+00
  5.650000E+00  0.000000E+00
  5.750000E+00  0.000000E+00
  5.850000E+00  0.000000E+00
  5.950000E+00  0.000000E+00
  6.050000E+00  0.000000E+00
  6.150000E+00  0.000000E+00
  6.250000E+00  0.000000E+00
  6.350000E+00  0.000000E+00
