  2.513966E-02  0.000000E+00
  7.541899E-02  0.000000E+00
  1.256983E-01  0.000000E+00
  1.759777E-01  0.000000E+00
  2.262570E-01  0.000000E+00
  2.765363E-01  0.000000E+00
  3.268156E-01  0.000000E+00
  3.770950E-01  0.000000E+00
  4.273743E-01  0.000000E+00
  4.776536E-01  0.000000E+00
  5.279330E-01  0.000000E+00
  5.782123E-01  0.000000E+00
  6.284916E-01  0.000000E+00
  6.787709E-01  0.000000E+00
  7.290503E-01  0.000000E+00
  7.793296E-01  0.000000E+00
  8.296089E-01  0.000000E+00
  8.798883E-01  0.000000E+00
  9.301676E-01  0.000000E+00
  9.804469E-01  0.000000E+00
  1.030726E+00  0.000000E+00
  1.081006E+00  0.000000E+00
  1.131285E+00  0.000000E+00
  1.181564E+00  0.000000E+00
  1.231844E+00  0.000000E+00
  1.282123E+00  0.000000E+00
  1.332402E+00  0.000000E+00
  1.382682E+00  0.000000E+00
  1.432961E+00  0.000000E+00
  1.483240E+00  0.000000E+00
  1.533520E+00  0.000000E+00
  1.583799E+00  0.000000E+00
  1.634078E+00  0.000000E+00
  1.684358E+00  0.000000E+00
  1.734637E+00  0.000000E+00
  1.784916E+00  0.000000E+00
  1.835196E+00  0.000000E+00
  1.885475E+00  0.000000E+00
  1.935754E+00  0.000000E+00
  1.986034E+00  0.000000E+00
  2.036313E+00  0.000000E+00
  2.086592E+00  0.000000E+00
  2.136872E+00  0.000000E+00
  2.187151E+00  0.000000E+00
  2.237430E+00  0.000000E+00
  2.287709E+00  0.000000E+00
  2.337989E+00  0.000000E+00
  2.388268E+00  6.103312E-03
  2.438547E+00  4.843047E-02
  2.488827E+00  3.239218E-01
  2.539106E+00  1.067673E+00
  2.589385E+00  2.660229E+00
  2.639665E+00  4.870810E+00
  2.689944E+00  7.359305E+00
  2.740223E+00  9.210896E+00
  2.790503E+00  1.041541E+01
  2.840782E+00  1.088412E+01
  2.891061E+00  1.041191E+01
  2.941341E+00  9.924019E+00
  2.991620E+00  9.157241E+00
  3.041899E+00  8.263621E+00
  3.092179E+00  7.347340E+00
  3.142458E+00  6.537560E+00
  3.192737E+00  5.966613E+00
  3.243017E+00  5.324140E+00
  3.293296E+00  4.790478E+00
  3.343575E+00  4.287399E+00
  3.393855E+00  3.954686E+00
  3.444134E+00  3.588739E+00
  3.494413E+00  3.399645E+00
  3.544693E+00  3.190541E+00
  3.594972E+00  3.012049E+00
  3.645251E+00  2.831405E+00
  3.695531E+00  2.656861E+00
  3.745810E+00  2.484063E+00
  3.796089E+00  2.341390E+00
  3.846369E+00  2.338336E+00
  3.896648E+00  2.270045E+00
  3.946927E+00  2.158336E+00
  3.997207E+00  2.131715E+00
  4.047486E+00  2.033297E+00
  4.097765E+00  1.973529E+00
  4.148045E+00  1.945658E+00
  4.198324E+00  1.873479E+00
  4.248603E+00  1.910577E+00
  4.298883E+00  1.879505E+00
  4.349162E+00  1.882981E+00
  4.399441E+00  1.844603E+00
  4.449721E+00  1.783972E+00
  4.500000E+00  1.763085E+00
  4.550279E+00  1.702632E+00
  4.600559E+00  1.772982E+00
  4.650838E+00  1.731344E+00
  4.701117E+00  1.701954E+00
  4.751397E+00  1.646499E+00
  4.801676E+00  1.695519E+00
  4.851955E+00  1.724822E+00
  4.902235E+00  1.705821E+00
  4.952514E+00  1.716781E+00
  5.002793E+00  1.666513E+00
  5.053073E+00  1.670699E+00
  5.103352E+00  1.631257E+00
  5.153631E+00  1.643315E+00
  5.203911E+00  1.626789E+00
  5.254190E+00  1.597179E+00
  5.304469E+00  1.592802E+00
  5.354749E+00  1.616232E+00
  5.405028E+00  1.593344E+00
  5.455307E+00  1.617601E+00
  5.505587E+00  1.561984E+00
  5.555866E+00  1.536916E+00
  5.606145E+00  1.556801E+00
  5.656425E+00  1.529742E+00
  5.706704E+00  1.556160E+00
  5.756983E+00  1.517925E+00
  5.807263E+00  1.500013E+00
  5.857542E+00  1.488393E+00
  5.907821E+00  1.474319E+00
  5.958101E+00  1.469690E+00
  6.008380E+00  1.419772E+00
  6.058659E+00  1.366905E+00
  6.108939E+00  1.353487E+00
  6.159218E+00  1.356007E+00
  6.209497E+00  1.309266E+00
  6.259777E+00  1.305602E+00
  6.310056E+00  1.310473E+00
  6.360335E+00  1.313306E+00
  6.410615E+00  1.271146E+00
  6.460894E+00  1.253486E+00
  6.511173E+00  1.247639E+00
  6.561453E+00  1.194703E+00
  6.611732E+00  1.189416E+00
  6.662011E+00  1.178019E+00
  6.712291E+00  1.157276E+00
  6.762570E+00  1.173003E+00
  6.812849E+00  1.150776E+00
  6.863128E+00  1.147684E+00
  6.913408E+00  1.145486E+00
  6.963687E+00  1.120585E+00
  7.013966E+00  1.116607E+00
  7.064246E+00  1.096267E+00
  7.114525E+00  1.102023E+00
  7.164804E+00  1.072430E+00
  7.215084E+00  1.073586E+00
  7.265363E+00  1.060037E+00
  7.315642E+00  1.073014E+00
  7.365922E+00  1.068040E+00
  7.416201E+00  1.064483E+00
  7.466480E+00  1.080907E+00
  7.516760E+00  1.085820E+00
  7.567039E+00  1.070775E+00
  7.617318E+00  1.052432E+00
  7.667598E+00  1.058593E+00
  7.717877E+00  1.043463E+00
  7.768156E+00  1.054649E+00
  7.818436E+00  1.051069E+00
  7.868715E+00  1.031546E+00
  7.918994E+00  1.026614E+00
  7.969274E+00  1.020079E+00
  8.019553E+00  1.007919E+00
  8.069832E+00  9.898097E-01
  8.120112E+00  1.006101E+00
  8.170391E+00  1.016181E+00
  8.220670E+00  1.013062E+00
  8.270950E+00  9.871345E-01
  8.321229E+00  9.763841E-01
  8.371508E+00  9.921478E-01
  8.421788E+00  1.000104E+00
  8.472067E+00  1.005509E+00
  8.522346E+00  9.903682E-01
  8.572626E+00  9.669421E-01
  8.622905E+00  9.860472E-01
  8.673184E+00  9.698517E-01
  8.723464E+00  9.717213E-01
  8.773743E+00  9.553536E-01
  8.824022E+00  9.642515E-01
  8.874302E+00  9.468458E-01
  8.924581E+00  9.588167E-01
  8.974860E+00  9.606377E-01
