amber                                                                           
         3       179
OW      OW      
  2.513966E-02  0.000000E+00
  7.541899E-02  0.000000E+00
  1.256983E-01  0.000000E+00
  1.759777E-01  0.000000E+00
  2.262570E-01  0.000000E+00
  2.765363E-01  0.000000E+00
  3.268156E-01  0.000000E+00
  3.770950E-01  0.000000E+00
  4.273743E-01  0.000000E+00
  4.776536E-01  0.000000E+00
  5.279330E-01  0.000000E+00
  5.782123E-01  0.000000E+00
  6.284916E-01  0.000000E+00
  6.787709E-01  0.000000E+00
  7.290503E-01  0.000000E+00
  7.793296E-01  0.000000E+00
  8.296089E-01  0.000000E+00
  8.798883E-01  0.000000E+00
  9.301676E-01  0.000000E+00
  9.804469E-01  0.000000E+00
  1.030726E+00  0.000000E+00
  1.081006E+00  0.000000E+00
  1.131285E+00  0.000000E+00
  1.181564E+00  0.000000E+00
  1.231844E+00  0.000000E+00
  1.282123E+00  0.000000E+00
  1.332402E+00  0.000000E+00
  1.382682E+00  0.000000E+00
  1.432961E+00  0.000000E+00
  1.483240E+00  0.000000E+00
  1.533520E+00  0.000000E+00
  1.583799E+00  0.000000E+00
  1.634078E+00  0.000000E+00
  1.684358E+00  0.000000E+00
  1.734637E+00  0.000000E+00
  1.784916E+00  0.000000E+00
  1.835196E+00  0.000000E+00
  1.885475E+00  0.000000E+00
  1.935754E+00  0.000000E+00
  1.986034E+00  0.000000E+00
  2.036313E+00  0.000000E+00
  2.086592E+00  0.000000E+00
  2.136872E+00  0.000000E+00
  2.187151E+00  0.000000E+00
  2.237430E+00  0.000000E+00
  2.287709E+00  0.000000E+00
  2.337989E+00  0.000000E+00
  2.388268E+00  6.103312E-03
  2.438547E+00  4.843047E-02
  2.488827E+00  3.239218E-01
  2.539106E+00  1.067673E+00
  2.589385E+00  2.660229E+00
  2.639665E+00  4.870810E+00
  2.689944E+00  7.359305E+00
  2.740223E+00  9.210896E+00
  2.790503E+00  1.041541E+01
  2.840782E+00  1.088412E+01
  2.891061E+00  1.041191E+01
  2.941341E+00  9.924019E+00
  2.991620E+00  9.157241E+00
  3.041899E+00  8.263621E+00
  3.092179E+00  7.347340E+00
  3.142458E+00  6.537560E+00
  3.192737E+00  5.966613E+00
  3.243017E+00  5.324140E+00
  3.293296E+00  4.790478E+00
  3.343575E+00  4.287399E+00
  3.393855E+00  3.954686E+00
  3.444134E+00  3.588739E+00
  3.494413E+00  3.399645E+00
  3.544693E+00  3.190541E+00
  3.594972E+00  3.012049E+00
  3.645251E+00  2.831405E+00
  3.695531E+00  2.656861E+00
  3.745810E+00  2.484063E+00
  3.796089E+00  2.341390E+00
  3.846369E+00  2.338336E+00
  3.896648E+00  2.270045E+00
  3.946927E+00  2.158336E+00
  3.997207E+00  2.131715E+00
  4.047486E+00  2.033297E+00
  4.097765E+00  1.973529E+00
  4.148045E+00  1.945658E+00
  4.198324E+00  1.873479E+00
  4.248603E+00  1.910577E+00
  4.298883E+00  1.879505E+00
  4.349162E+00  1.882981E+00
  4.399441E+00  1.844603E+00
  4.449721E+00  1.783972E+00
  4.500000E+00  1.763085E+00
  4.550279E+00  1.702632E+00
  4.600559E+00  1.772982E+00
  4.650838E+00  1.731344E+00
  4.701117E+00  1.701954E+00
  4.751397E+00  1.646499E+00
  4.801676E+00  1.695519E+00
  4.851955E+00  1.724822E+00
  4.902235E+00  1.705821E+00
  4.952514E+00  1.716781E+00
  5.002793E+00  1.666513E+00
  5.053073E+00  1.670699E+00
  5.103352E+00  1.631257E+00
  5.153631E+00  1.643315E+00
  5.203911E+00  1.626789E+00
  5.254190E+00  1.597179E+00
  5.304469E+00  1.592802E+00
  5.354749E+00  1.616232E+00
  5.405028E+00  1.593344E+00
  5.455307E+00  1.617601E+00
  5.505587E+00  1.561984E+00
  5.555866E+00  1.536916E+00
  5.606145E+00  1.556801E+00
  5.656425E+00  1.529742E+00
  5.706704E+00  1.556160E+00
  5.756983E+00  1.517925E+00
  5.807263E+00  1.500013E+00
  5.857542E+00  1.488393E+00
  5.907821E+00  1.474319E+00
  5.958101E+00  1.469690E+00
  6.008380E+00  1.419772E+00
  6.058659E+00  1.366905E+00
  6.108939E+00  1.353487E+00
  6.159218E+00  1.356007E+00
  6.209497E+00  1.309266E+00
  6.259777E+00  1.305602E+00
  6.310056E+00  1.310473E+00
  6.360335E+00  1.313306E+00
  6.410615E+00  1.271146E+00
  6.460894E+00  1.253486E+00
  6.511173E+00  1.247639E+00
  6.561453E+00  1.194703E+00
  6.611732E+00  1.189416E+00
  6.662011E+00  1.178019E+00
  6.712291E+00  1.157276E+00
  6.762570E+00  1.173003E+00
  6.812849E+00  1.150776E+00
  6.863128E+00  1.147684E+00
  6.913408E+00  1.145486E+00
  6.963687E+00  1.120585E+00
  7.013966E+00  1.116607E+00
  7.064246E+00  1.096267E+00
  7.114525E+00  1.102023E+00
  7.164804E+00  1.072430E+00
  7.215084E+00  1.073586E+00
  7.265363E+00  1.060037E+00
  7.315642E+00  1.073014E+00
  7.365922E+00  1.068040E+00
  7.416201E+00  1.064483E+00
  7.466480E+00  1.080907E+00
  7.516760E+00  1.085820E+00
  7.567039E+00  1.070775E+00
  7.617318E+00  1.052432E+00
  7.667598E+00  1.058593E+00
  7.717877E+00  1.043463E+00
  7.768156E+00  1.054649E+00
  7.818436E+00  1.051069E+00
  7.868715E+00  1.031546E+00
  7.918994E+00  1.026614E+00
  7.969274E+00  1.020079E+00
  8.019553E+00  1.007919E+00
  8.069832E+00  9.898097E-01
  8.120112E+00  1.006101E+00
  8.170391E+00  1.016181E+00
  8.220670E+00  1.013062E+00
  8.270950E+00  9.871345E-01
  8.321229E+00  9.763841E-01
  8.371508E+00  9.921478E-01
  8.421788E+00  1.000104E+00
  8.472067E+00  1.005509E+00
  8.522346E+00  9.903682E-01
  8.572626E+00  9.669421E-01
  8.622905E+00  9.860472E-01
  8.673184E+00  9.698517E-01
  8.723464E+00  9.717213E-01
  8.773743E+00  9.553536E-01
  8.824022E+00  9.642515E-01
  8.874302E+00  9.468458E-01
  8.924581E+00  9.588167E-01
  8.974860E+00  9.606377E-01
OW      HW      
  2.513966E-02  0.000000E+00
  7.541899E-02  0.000000E+00
  1.256983E-01  0.000000E+00
  1.759777E-01  0.000000E+00
  2.262570E-01  0.000000E+00
  2.765363E-01  0.000000E+00
  3.268156E-01  0.000000E+00
  3.770950E-01  0.000000E+00
  4.273743E-01  0.000000E+00
  4.776536E-01  0.000000E+00
  5.279330E-01  0.000000E+00
  5.782123E-01  0.000000E+00
  6.284916E-01  0.000000E+00
  6.787709E-01  0.000000E+00
  7.290503E-01  0.000000E+00
  7.793296E-01  0.000000E+00
  8.296089E-01  0.000000E+00
  8.798883E-01  0.000000E+00
  9.301676E-01  0.000000E+00
  9.804469E-01  0.000000E+00
  1.030726E+00  0.000000E+00
  1.081006E+00  0.000000E+00
  1.131285E+00  0.000000E+00
  1.181564E+00  0.000000E+00
  1.231844E+00  0.000000E+00
  1.282123E+00  0.000000E+00
  1.332402E+00  0.000000E+00
  1.382682E+00  0.000000E+00
  1.432961E+00  3.852848E-04
  1.483240E+00  9.709442E-03
  1.533520E+00  6.089142E-02
  1.583799E+00  2.258248E-01
  1.634078E+00  6.171694E-01
  1.684358E+00  1.269673E+00
  1.734637E+00  2.056936E+00
  1.784916E+00  2.867973E+00
  1.835196E+00  3.482320E+00
  1.885475E+00  3.891512E+00
  1.935754E+00  4.079011E+00
  1.986034E+00  4.049212E+00
  2.036313E+00  3.952473E+00
  2.086592E+00  3.717595E+00
  2.136872E+00  3.498626E+00
  2.187151E+00  3.263380E+00
  2.237430E+00  3.126109E+00
  2.287709E+00  2.960432E+00
  2.337989E+00  2.740683E+00
  2.388268E+00  2.661599E+00
  2.438547E+00  2.586905E+00
  2.488827E+00  2.521379E+00
  2.539106E+00  2.533577E+00
  2.589385E+00  2.540811E+00
  2.639665E+00  2.621172E+00
  2.689944E+00  2.742900E+00
  2.740223E+00  2.872978E+00
  2.790503E+00  3.093185E+00
  2.840782E+00  3.318297E+00
  2.891061E+00  3.491842E+00
  2.941341E+00  3.742404E+00
  2.991620E+00  3.985341E+00
  3.041899E+00  4.182259E+00
  3.092179E+00  4.315793E+00
  3.142458E+00  4.451287E+00
  3.192737E+00  4.547455E+00
  3.243017E+00  4.649031E+00
  3.293296E+00  4.688348E+00
  3.343575E+00  4.692076E+00
  3.393855E+00  4.648672E+00
  3.444134E+00  4.590709E+00
  3.494413E+00  4.494220E+00
  3.544693E+00  4.384822E+00
  3.594972E+00  4.232786E+00
  3.645251E+00  4.062821E+00
  3.695531E+00  3.833098E+00
  3.745810E+00  3.602997E+00
  3.796089E+00  3.389756E+00
  3.846369E+00  3.189997E+00
  3.896648E+00  3.004250E+00
  3.946927E+00  2.833476E+00
  3.997207E+00  2.659642E+00
  4.047486E+00  2.534908E+00
  4.097765E+00  2.421254E+00
  4.148045E+00  2.304928E+00
  4.198324E+00  2.221502E+00
  4.248603E+00  2.142277E+00
  4.298883E+00  2.099223E+00
  4.349162E+00  2.041137E+00
  4.399441E+00  1.985348E+00
  4.449721E+00  1.944491E+00
  4.500000E+00  1.895382E+00
  4.550279E+00  1.849677E+00
  4.600559E+00  1.809580E+00
  4.650838E+00  1.771836E+00
  4.701117E+00  1.769832E+00
  4.751397E+00  1.741931E+00
  4.801676E+00  1.716109E+00
  4.851955E+00  1.670778E+00
  4.902235E+00  1.673457E+00
  4.952514E+00  1.660845E+00
  5.002793E+00  1.642740E+00
  5.053073E+00  1.645165E+00
  5.103352E+00  1.640432E+00
  5.153631E+00  1.599971E+00
  5.203911E+00  1.586061E+00
  5.254190E+00  1.586948E+00
  5.304469E+00  1.575031E+00
  5.354749E+00  1.545509E+00
  5.405028E+00  1.538745E+00
  5.455307E+00  1.526225E+00
  5.505587E+00  1.521342E+00
  5.555866E+00  1.506593E+00
  5.606145E+00  1.496054E+00
  5.656425E+00  1.482979E+00
  5.706704E+00  1.458809E+00
  5.756983E+00  1.461848E+00
  5.807263E+00  1.444691E+00
  5.857542E+00  1.436945E+00
  5.907821E+00  1.427099E+00
  5.958101E+00  1.412186E+00
  6.008380E+00  1.390930E+00
  6.058659E+00  1.389818E+00
  6.108939E+00  1.373522E+00
  6.159218E+00  1.355610E+00
  6.209497E+00  1.342159E+00
  6.259777E+00  1.321311E+00
  6.310056E+00  1.300418E+00
  6.360335E+00  1.300495E+00
  6.410615E+00  1.284603E+00
  6.460894E+00  1.271075E+00
  6.511173E+00  1.256559E+00
  6.561453E+00  1.240868E+00
  6.611732E+00  1.225343E+00
  6.662011E+00  1.210179E+00
  6.712291E+00  1.205833E+00
  6.762570E+00  1.197328E+00
  6.812849E+00  1.177164E+00
  6.863128E+00  1.173065E+00
  6.913408E+00  1.163447E+00
  6.963687E+00  1.156644E+00
  7.013966E+00  1.141649E+00
  7.064246E+00  1.126946E+00
  7.114525E+00  1.121703E+00
  7.164804E+00  1.104350E+00
  7.215084E+00  1.101962E+00
  7.265363E+00  1.092204E+00
  7.315642E+00  1.089882E+00
  7.365922E+00  1.091722E+00
  7.416201E+00  1.080465E+00
  7.466480E+00  1.066956E+00
  7.516760E+00  1.074562E+00
  7.567039E+00  1.067584E+00
  7.617318E+00  1.062223E+00
  7.667598E+00  1.049051E+00
  7.717877E+00  1.050437E+00
  7.768156E+00  1.046848E+00
  7.818436E+00  1.042384E+00
  7.868715E+00  1.021694E+00
  7.918994E+00  1.020949E+00
  7.969274E+00  1.020428E+00
  8.019553E+00  1.008756E+00
  8.069832E+00  1.011205E+00
  8.120112E+00  1.016793E+00
  8.170391E+00  1.006996E+00
  8.220670E+00  1.005510E+00
  8.270950E+00  9.956933E-01
  8.321229E+00  1.001786E+00
  8.371508E+00  9.894270E-01
  8.421788E+00  9.880339E-01
  8.472067E+00  9.865711E-01
  8.522346E+00  9.826119E-01
  8.572626E+00  9.743924E-01
  8.622905E+00  9.711816E-01
  8.673184E+00  9.769198E-01
  8.723464E+00  9.691636E-01
  8.773743E+00  9.630932E-01
  8.824022E+00  9.592825E-01
  8.874302E+00  9.543306E-01
  8.924581E+00  9.536908E-01
  8.974860E+00  9.510408E-01
HW      HW      
  2.513966E-02  0.000000E+00
  7.541899E-02  0.000000E+00
  1.256983E-01  0.000000E+00
  1.759777E-01  0.000000E+00
  2.262570E-01  0.000000E+00
  2.765363E-01  0.000000E+00
  3.268156E-01  0.000000E+00
  3.770950E-01  0.000000E+00
  4.273743E-01  0.000000E+00
  4.776536E-01  0.000000E+00
  5.279330E-01  0.000000E+00
  5.782123E-01  0.000000E+00
  6.284916E-01  0.000000E+00
  6.787709E-01  0.000000E+00
  7.290503E-01  0.000000E+00
  7.793296E-01  0.000000E+00
  8.296089E-01  0.000000E+00
  8.798883E-01  0.000000E+00
  9.301676E-01  0.000000E+00
  9.804469E-01  0.000000E+00
  1.030726E+00  0.000000E+00
  1.081006E+00  0.000000E+00
  1.131285E+00  0.000000E+00
  1.181564E+00  0.000000E+00
  1.231844E+00  0.000000E+00
  1.282123E+00  9.625208E-04
  1.332402E+00  2.228142E-03
  1.382682E+00  1.406960E-02
  1.432961E+00  2.119066E-02
  1.483240E+00  3.919738E-02
  1.533520E+00  7.132034E-02
  1.583799E+00  1.047120E-01
  1.634078E+00  1.765881E-01
  1.684358E+00  2.763554E-01
  1.734637E+00  3.888801E-01
  1.784916E+00  5.470729E-01
  1.835196E+00  7.449026E-01
  1.885475E+00  9.502891E-01
  1.935754E+00  1.208565E+00
  1.986034E+00  1.477109E+00
  2.036313E+00  1.767022E+00
  2.086592E+00  2.034701E+00
  2.136872E+00  2.348300E+00
  2.187151E+00  2.688306E+00
  2.237430E+00  2.978496E+00
  2.287709E+00  3.292863E+00
  2.337989E+00  3.618830E+00
  2.388268E+00  3.877267E+00
  2.438547E+00  4.123641E+00
  2.488827E+00  4.354807E+00
  2.539106E+00  4.491592E+00
  2.589385E+00  4.593922E+00
  2.639665E+00  4.618958E+00
  2.689944E+00  4.589725E+00
  2.740223E+00  4.530952E+00
  2.790503E+00  4.426761E+00
  2.840782E+00  4.295080E+00
  2.891061E+00  4.195265E+00
  2.941341E+00  4.021607E+00
  2.991620E+00  3.911966E+00
  3.041899E+00  3.765931E+00
  3.092179E+00  3.630145E+00
  3.142458E+00  3.623156E+00
  3.192737E+00  3.540290E+00
  3.243017E+00  3.492679E+00
  3.293296E+00  3.481026E+00
  3.343575E+00  3.468844E+00
  3.393855E+00  3.513689E+00
  3.444134E+00  3.516302E+00
  3.494413E+00  3.530206E+00
  3.544693E+00  3.519872E+00
  3.594972E+00  3.529179E+00
  3.645251E+00  3.494003E+00
  3.695531E+00  3.469909E+00
  3.745810E+00  3.438735E+00
  3.796089E+00  3.336003E+00
  3.846369E+00  3.272195E+00
  3.896648E+00  3.161357E+00
  3.946927E+00  3.060199E+00
  3.997207E+00  2.913776E+00
  4.047486E+00  2.806337E+00
  4.097765E+00  2.692470E+00
  4.148045E+00  2.590992E+00
  4.198324E+00  2.492047E+00
  4.248603E+00  2.400758E+00
  4.298883E+00  2.300103E+00
  4.349162E+00  2.241081E+00
  4.399441E+00  2.156833E+00
  4.449721E+00  2.099416E+00
  4.500000E+00  2.029790E+00
  4.550279E+00  1.970545E+00
  4.600559E+00  1.901167E+00
  4.650838E+00  1.862734E+00
  4.701117E+00  1.820418E+00
  4.751397E+00  1.810343E+00
  4.801676E+00  1.784502E+00
  4.851955E+00  1.774261E+00
  4.902235E+00  1.725904E+00
  4.952514E+00  1.707910E+00
  5.002793E+00  1.683363E+00
  5.053073E+00  1.674913E+00
  5.103352E+00  1.653799E+00
  5.153631E+00  1.635391E+00
  5.203911E+00  1.617557E+00
  5.254190E+00  1.605462E+00
  5.304469E+00  1.578911E+00
  5.354749E+00  1.565515E+00
  5.405028E+00  1.544270E+00
  5.455307E+00  1.522290E+00
  5.505587E+00  1.516382E+00
  5.555866E+00  1.499211E+00
  5.606145E+00  1.500485E+00
  5.656425E+00  1.475041E+00
  5.706704E+00  1.469645E+00
  5.756983E+00  1.446020E+00
  5.807263E+00  1.436480E+00
  5.857542E+00  1.427445E+00
  5.907821E+00  1.410415E+00
  5.958101E+00  1.391235E+00
  6.008380E+00  1.386240E+00
  6.058659E+00  1.372358E+00
  6.108939E+00  1.356455E+00
  6.159218E+00  1.344431E+00
  6.209497E+00  1.325702E+00
  6.259777E+00  1.324380E+00
  6.310056E+00  1.314268E+00
  6.360335E+00  1.298442E+00
  6.410615E+00  1.288878E+00
  6.460894E+00  1.282543E+00
  6.511173E+00  1.261804E+00
  6.561453E+00  1.249891E+00
  6.611732E+00  1.235370E+00
  6.662011E+00  1.229254E+00
  6.712291E+00  1.223095E+00
  6.762570E+00  1.205737E+00
  6.812849E+00  1.186403E+00
  6.863128E+00  1.181480E+00
  6.913408E+00  1.163944E+00
  6.963687E+00  1.164329E+00
  7.013966E+00  1.155802E+00
  7.064246E+00  1.140882E+00
  7.114525E+00  1.125376E+00
  7.164804E+00  1.124649E+00
  7.215084E+00  1.115762E+00
  7.265363E+00  1.099593E+00
  7.315642E+00  1.091716E+00
  7.365922E+00  1.086968E+00
  7.416201E+00  1.089557E+00
  7.466480E+00  1.076863E+00
  7.516760E+00  1.083174E+00
  7.567039E+00  1.078348E+00
  7.617318E+00  1.061186E+00
  7.667598E+00  1.054084E+00
  7.717877E+00  1.056746E+00
  7.768156E+00  1.055751E+00
  7.818436E+00  1.039200E+00
  7.868715E+00  1.041565E+00
  7.918994E+00  1.035938E+00
  7.969274E+00  1.031628E+00
  8.019553E+00  1.016949E+00
  8.069832E+00  1.011145E+00
  8.120112E+00  1.018497E+00
  8.170391E+00  1.018267E+00
  8.220670E+00  1.005662E+00
  8.270950E+00  1.006218E+00
  8.321229E+00  9.959923E-01
  8.371508E+00  9.893367E-01
  8.421788E+00  9.942810E-01
  8.472067E+00  9.895253E-01
  8.522346E+00  9.878408E-01
  8.572626E+00  9.882271E-01
  8.622905E+00  9.821525E-01
  8.673184E+00  9.684317E-01
  8.723464E+00  9.682799E-01
  8.773743E+00  9.652311E-01
  8.824022E+00  9.696778E-01
  8.874302E+00  9.593339E-01
  8.924581E+00  9.606445E-01
  8.974860E+00  9.548128E-01
