2.000000E-02 7.155984E+01
4.000000E-02 7.120690E+01
6.000000E-02 7.102736E+01
8.000000E-02 7.193084E+01
1.000000E-01 7.155223E+01
1.200000E-01 7.184638E+01
1.400000E-01 7.225567E+01
1.600000E-01 7.226081E+01
1.800000E-01 7.247671E+01
2.000000E-01 7.236434E+01
2.200000E-01 7.235047E+01
2.400000E-01 7.236511E+01
2.600000E-01 7.240187E+01
2.800000E-01 7.238128E+01
3.000000E-01 7.229056E+01
3.200000E-01 7.229278E+01
3.400000E-01 7.213857E+01
3.600000E-01 7.217141E+01
3.800000E-01 7.195945E+01
4.000000E-01 7.196507E+01
4.200000E-01 7.191502E+01
4.400000E-01 7.167369E+01
4.600000E-01 7.161967E+01
4.800000E-01 7.155685E+01
5.000000E-01 7.153544E+01
5.200000E-01 7.147609E+01
5.400000E-01 7.126791E+01
5.600000E-01 7.117410E+01
5.800000E-01 7.111409E+01
6.000000E-01 7.107765E+01
6.200000E-01 7.093051E+01
6.400000E-01 7.085603E+01
6.600000E-01 7.078315E+01
6.800000E-01 7.069138E+01
7.000000E-01 7.066699E+01
7.200000E-01 7.046513E+01
7.400000E-01 7.042155E+01
7.600000E-01 7.034758E+01
7.800000E-01 7.038478E+01
8.000000E-01 7.027070E+01
8.200000E-01 7.026212E+01
8.400000E-01 7.018257E+01
8.600000E-01 7.012262E+01
8.800000E-01 6.995374E+01
9.000000E-01 6.985953E+01
9.200000E-01 6.980946E+01
9.400000E-01 6.979924E+01
9.600000E-01 6.983168E+01
9.800000E-01 6.977201E+01
1.000000E+00 6.987383E+01
1.020000E+00 6.981303E+01
1.040000E+00 6.984228E+01
1.060000E+00 6.993118E+01
1.080000E+00 6.979443E+01
1.100000E+00 6.983324E+01
1.120000E+00 6.988701E+01
1.140000E+00 7.012995E+01
1.160000E+00 7.029481E+01
1.180000E+00 7.019845E+01
1.200000E+00 7.029699E+01
1.220000E+00 7.029514E+01
1.240000E+00 7.035218E+01
1.260000E+00 7.046663E+01
1.280000E+00 7.066207E+01
1.300000E+00 7.074632E+01
1.320000E+00 7.077788E+01
1.340000E+00 7.072318E+01
1.360000E+00 7.083077E+01
1.380000E+00 7.116874E+01
1.400000E+00 7.095332E+01
1.420000E+00 7.118144E+01
1.440000E+00 7.107945E+01
1.460000E+00 7.102494E+01
1.480000E+00 7.109522E+01
1.500000E+00 7.133369E+01
1.520000E+00 7.139034E+01
1.540000E+00 7.126984E+01
1.560000E+00 7.130391E+01
1.580000E+00 7.114656E+01
1.600000E+00 7.120285E+01
1.620000E+00 7.113243E+01
1.640000E+00 7.117171E+01
1.660000E+00 7.109249E+01
1.680000E+00 7.120277E+01
1.700000E+00 7.091580E+01
1.720000E+00 7.082278E+01
1.740000E+00 7.091085E+01
1.760000E+00 7.084856E+01
1.780000E+00 7.077898E+01
1.800000E+00 7.080790E+01
1.820000E+00 7.082360E+01
1.840000E+00 7.063654E+01
1.860000E+00 7.061311E+01
1.880000E+00 7.051700E+01
1.900000E+00 7.042566E+01
1.920000E+00 7.042628E+01
1.940000E+00 7.045346E+01
1.960000E+00 7.047301E+01
1.980000E+00 7.041796E+01
2.000000E+00 7.027420E+01
2.020000E+00 7.041923E+01
2.040000E+00 7.020763E+01
2.060000E+00 7.027305E+01
2.080000E+00 7.018356E+01
2.100000E+00 7.013289E+01
2.120000E+00 7.013285E+01
2.140000E+00 6.998098E+01
2.160000E+00 7.016502E+01
2.180000E+00 6.999661E+01
2.200000E+00 7.017200E+01
2.220000E+00 6.997106E+01
2.240000E+00 7.002755E+01
2.260000E+00 7.006422E+01
2.280000E+00 7.015826E+01
2.300000E+00 7.011100E+01
2.320000E+00 6.999089E+01
2.340000E+00 7.009951E+01
2.360000E+00 6.989416E+01
2.380000E+00 7.008908E+01
2.400000E+00 7.008931E+01
2.420000E+00 7.015518E+01
2.440000E+00 7.022165E+01
2.460000E+00 7.014671E+01
2.480000E+00 7.022117E+01
2.500000E+00 7.039456E+01
2.520000E+00 7.043582E+01
2.540000E+00 7.061175E+01
2.560000E+00 7.049040E+01
2.580000E+00 7.053941E+01
2.600000E+00 7.062100E+01
2.620000E+00 7.079590E+01
2.640000E+00 7.076081E+01
2.660000E+00 7.094548E+01
2.680000E+00 7.094064E+01
2.700000E+00 7.076281E+01
2.720000E+00 7.103629E+01
2.740000E+00 7.076631E+01
2.760000E+00 7.108315E+01
2.780000E+00 7.129837E+01
2.800000E+00 7.130327E+01
2.820000E+00 7.095966E+01
2.840000E+00 7.115506E+01
2.860000E+00 7.117288E+01
2.880000E+00 7.118221E+01
2.900000E+00 7.113050E+01
2.920000E+00 7.095123E+01
2.940000E+00 7.098222E+01
2.960000E+00 7.088179E+01
2.980000E+00 7.105871E+01
3.000000E+00 7.094623E+01
3.020000E+00 7.096014E+01
3.040000E+00 7.096134E+01
3.060000E+00 7.105266E+01
3.080000E+00 7.106342E+01
3.100000E+00 7.096144E+01
3.120000E+00 7.098148E+01
3.140000E+00 7.088656E+01
3.160000E+00 7.091761E+01
3.180000E+00 7.086116E+01
3.200000E+00 7.093980E+01
3.220000E+00 7.077294E+01
3.240000E+00 7.072605E+01
3.260000E+00 7.086821E+01
3.280000E+00 7.069694E+01
3.300000E+00 7.078241E+01
3.320000E+00 7.071318E+01
3.340000E+00 7.079170E+01
3.360000E+00 7.084323E+01
3.380000E+00 7.070549E+01
3.400000E+00 7.078089E+01
3.420000E+00 7.055049E+01
3.440000E+00 7.069647E+01
3.460000E+00 7.070995E+01
3.480000E+00 7.066280E+01
3.500000E+00 7.067077E+01
3.520000E+00 7.089578E+01
3.540000E+00 7.058586E+01
3.560000E+00 7.063254E+01
3.580000E+00 7.062393E+01
3.600000E+00 7.065400E+01
3.620000E+00 7.055903E+01
3.640000E+00 7.063374E+01
3.660000E+00 7.075658E+01
3.680000E+00 7.080502E+01
3.700000E+00 7.071608E+01
3.720000E+00 7.074760E+01
3.740000E+00 7.079743E+01
3.760000E+00 7.079254E+01
3.780000E+00 7.074352E+01
3.800000E+00 7.080396E+01
3.820000E+00 7.075740E+01
3.840000E+00 7.070890E+01
3.860000E+00 7.085501E+01
3.880000E+00 7.088349E+01
3.900000E+00 7.050683E+01
3.920000E+00 7.050220E+01
3.940000E+00 7.084678E+01
3.960000E+00 7.072535E+01
3.980000E+00 7.081978E+01
4.000000E+00 7.082780E+01
4.020000E+00 7.086505E+01
4.040000E+00 7.094518E+01
4.060000E+00 7.058576E+01
4.080000E+00 7.090405E+01
4.100000E+00 7.098681E+01
4.120000E+00 7.101991E+01
4.140000E+00 7.096700E+01
4.160000E+00 7.104778E+01
4.180000E+00 7.098782E+01
4.200000E+00 7.109844E+01
4.220000E+00 7.107545E+01
4.240000E+00 7.120351E+01
4.260000E+00 7.115174E+01
4.280000E+00 7.109285E+01
4.300000E+00 7.108912E+01
4.320000E+00 7.122603E+01
4.340000E+00 7.105725E+01
4.360000E+00 7.109247E+01
4.380000E+00 7.118127E+01
4.400000E+00 7.114148E+01
4.420000E+00 7.103443E+01
4.440000E+00 7.111815E+01
4.460000E+00 7.100893E+01
4.480000E+00 7.100956E+01
4.500000E+00 7.085527E+01
4.520000E+00 7.118706E+01
4.540000E+00 7.097938E+01
4.560000E+00 7.097990E+01
4.580000E+00 7.093594E+01
4.600000E+00 7.077461E+01
4.620000E+00 7.082606E+01
4.640000E+00 7.093428E+01
4.660000E+00 7.070773E+01
4.680000E+00 7.074210E+01
4.700000E+00 7.075378E+01
4.720000E+00 7.073369E+01
4.740000E+00 7.067740E+01
4.760000E+00 7.062852E+01
4.780000E+00 7.062791E+01
4.800000E+00 7.057921E+01
4.820000E+00 7.043425E+01
4.840000E+00 7.048922E+01
4.860000E+00 7.073996E+01
4.880000E+00 7.063630E+01
4.900000E+00 7.051105E+01
4.920000E+00 7.055254E+01
4.940000E+00 7.037279E+01
4.960000E+00 7.052120E+01
4.980000E+00 7.053129E+01
5.000000E+00 7.050459E+01
5.020000E+00 7.054761E+01
5.040000E+00 7.039410E+01
5.060000E+00 7.040657E+01
5.080000E+00 7.027120E+01
5.100000E+00 7.050784E+01
5.120000E+00 7.044457E+01
5.140000E+00 7.081609E+01
5.160000E+00 7.063901E+01
5.180000E+00 7.074316E+01
5.200000E+00 7.086027E+01
5.220000E+00 7.086762E+01
5.240000E+00 7.074899E+01
5.260000E+00 7.070059E+01
5.280000E+00 7.083575E+01
5.300000E+00 7.100806E+01
5.320000E+00 7.087273E+01
5.340000E+00 7.089323E+01
5.360000E+00 7.096160E+01
5.380000E+00 7.096923E+01
5.400000E+00 7.109049E+01
5.420000E+00 7.121101E+01
5.440000E+00 7.097441E+01
5.460000E+00 7.100089E+01
5.480000E+00 7.130614E+01
5.500000E+00 7.114140E+01
5.520000E+00 7.088105E+01
5.540000E+00 7.117153E+01
5.560000E+00 7.118532E+01
5.580000E+00 7.108772E+01
5.600000E+00 7.113312E+01
5.620000E+00 7.119733E+01
5.640000E+00 7.111610E+01
5.660000E+00 7.110530E+01
5.680000E+00 7.117247E+01
5.700000E+00 7.094505E+01
5.720000E+00 7.101942E+01
5.740000E+00 7.105340E+01
5.760000E+00 7.092239E+01
5.780000E+00 7.097017E+01
5.800000E+00 7.079203E+01
5.820000E+00 7.093048E+01
5.840000E+00 7.082885E+01
5.860000E+00 7.085417E+01
5.880000E+00 7.088288E+01
5.900000E+00 7.093835E+01
5.920000E+00 7.080843E+01
5.940000E+00 7.086534E+01
5.960000E+00 7.076378E+01
5.980000E+00 7.071840E+01
6.000000E+00 7.061093E+01
6.020000E+00 7.069896E+01
6.040000E+00 7.058948E+01
6.060000E+00 7.065433E+01
6.080000E+00 7.047961E+01
6.100000E+00 7.082814E+01
6.120000E+00 7.066447E+01
6.140000E+00 7.069326E+01
6.160000E+00 7.061998E+01
6.180000E+00 7.076176E+01
6.200000E+00 7.055678E+01
6.220000E+00 7.062869E+01
6.240000E+00 7.092547E+01
6.260000E+00 7.078259E+01
6.280000E+00 7.071385E+01
6.300000E+00 7.082851E+01
6.320000E+00 7.073151E+01
6.340000E+00 7.079899E+01
6.360000E+00 7.089832E+01
6.380000E+00 7.077656E+01
6.400000E+00 7.078748E+01
6.420000E+00 7.105745E+01
6.440000E+00 7.088030E+01
6.460000E+00 7.109174E+01
6.480000E+00 7.108860E+01
6.500000E+00 7.087424E+01
6.520000E+00 7.098436E+01
6.540000E+00 7.090891E+01
6.560000E+00 7.107017E+01
6.580000E+00 7.119413E+01
6.600000E+00 7.089485E+01
6.620000E+00 7.108773E+01
6.640000E+00 7.106083E+01
6.660000E+00 7.119944E+01
6.680000E+00 7.099866E+01
6.700000E+00 7.136292E+01
6.720000E+00 7.142440E+01
6.740000E+00 7.114640E+01
6.760000E+00 7.145838E+01
6.780000E+00 7.150688E+01
6.800000E+00 7.143472E+01
6.820000E+00 7.155621E+01
6.840000E+00 7.145211E+01
6.860000E+00 7.158432E+01
6.880000E+00 7.161940E+01
6.900000E+00 7.141145E+01
6.920000E+00 7.153800E+01
6.940000E+00 7.153669E+01
6.960000E+00 7.145957E+01
6.980000E+00 7.126300E+01
7.000000E+00 7.139764E+01
7.020000E+00 7.144103E+01
7.040000E+00 7.127777E+01
7.060000E+00 7.133261E+01
7.080000E+00 7.125723E+01
7.100000E+00 7.121392E+01
7.120000E+00 7.129078E+01
7.140000E+00 7.114487E+01
7.160000E+00 7.105964E+01
7.180000E+00 7.104049E+01
7.200000E+00 7.113252E+01
7.220000E+00 7.121360E+01
7.240000E+00 7.099503E+01
7.260000E+00 7.115295E+01
7.280000E+00 7.109525E+01
7.300000E+00 7.090701E+01
7.320000E+00 7.112064E+01
7.340000E+00 7.109472E+01
7.360000E+00 7.109536E+01
7.380000E+00 7.121885E+01
7.400000E+00 7.110839E+01
7.420000E+00 7.128734E+01
7.440000E+00 7.130361E+01
7.460000E+00 7.097525E+01
7.480000E+00 7.118958E+01
7.500000E+00 7.104718E+01
7.520000E+00 7.109530E+01
7.540000E+00 7.119007E+01
7.560000E+00 7.124567E+01
7.580000E+00 7.131604E+01
7.600000E+00 7.104575E+01
7.620000E+00 7.139861E+01
7.640000E+00 7.149085E+01
7.660000E+00 7.143266E+01
7.680000E+00 7.147454E+01
7.700000E+00 7.136356E+01
7.720000E+00 7.140675E+01
7.740000E+00 7.139416E+01
7.760000E+00 7.136053E+01
7.780000E+00 7.129525E+01
7.800000E+00 7.145887E+01
7.820000E+00 7.145275E+01
7.840000E+00 7.149574E+01
7.860000E+00 7.149658E+01
7.880000E+00 7.138014E+01
7.900000E+00 7.149229E+01
7.920000E+00 7.138480E+01
7.940000E+00 7.134296E+01
7.960000E+00 7.134190E+01
7.980000E+00 7.131041E+01
8.000000E+00 7.113288E+01
8.020000E+00 7.120943E+01
8.040000E+00 7.152750E+01
8.060000E+00 7.155025E+01
8.080000E+00 7.146149E+01
8.100000E+00 7.157671E+01
8.120000E+00 7.162652E+01
8.140000E+00 7.155400E+01
8.160000E+00 7.153080E+01
8.180000E+00 7.173089E+01
8.200000E+00 7.163217E+01
8.220000E+00 7.184431E+01
8.240000E+00 7.155570E+01
8.260000E+00 7.147438E+01
8.280000E+00 7.136263E+01
8.300000E+00 7.155551E+01
8.320000E+00 7.144443E+01
8.340000E+00 7.157623E+01
8.360000E+00 7.168102E+01
8.380000E+00 7.137282E+01
8.400000E+00 7.127588E+01
8.420000E+00 7.137918E+01
8.440000E+00 7.139172E+01
8.460000E+00 7.128869E+01
8.480000E+00 7.118131E+01
8.500000E+00 7.134281E+01
8.520000E+00 7.140282E+01
8.540000E+00 7.122967E+01
8.560000E+00 7.135924E+01
8.580000E+00 7.128228E+01
8.600000E+00 7.101630E+01
8.620000E+00 7.125021E+01
8.640000E+00 7.143628E+01
8.660000E+00 7.136808E+01
8.680000E+00 7.095062E+01
8.700000E+00 7.120607E+01
8.720000E+00 7.113268E+01
8.740000E+00 7.135062E+01
8.760000E+00 7.124953E+01
8.780000E+00 7.103741E+01
8.800000E+00 7.111933E+01
8.820000E+00 7.116714E+01
8.840000E+00 7.127448E+01
8.860000E+00 7.108848E+01
8.880000E+00 7.120618E+01
8.900000E+00 7.117939E+01
8.920000E+00 7.099951E+01
8.940000E+00 7.106614E+01
8.960000E+00 7.128155E+01
8.980000E+00 7.117169E+01
9.000000E+00 7.136145E+01
9.020000E+00 7.124603E+01
9.040000E+00 7.118558E+01
9.060000E+00 7.121406E+01
9.080000E+00 7.096106E+01
9.100000E+00 7.096686E+01
9.120000E+00 7.116888E+01
9.140000E+00 7.088409E+01
9.160000E+00 7.111597E+01
9.180000E+00 7.106258E+01
9.200000E+00 7.117629E+01
9.220000E+00 7.119637E+01
9.240000E+00 7.107510E+01
9.260000E+00 7.099562E+01
9.280000E+00 7.091694E+01
9.300000E+00 7.122328E+01
9.320000E+00 7.151791E+01
9.340000E+00 7.125512E+01
9.360000E+00 7.130042E+01
9.380000E+00 7.141226E+01
9.400000E+00 7.109275E+01
9.420000E+00 7.140040E+01
9.440000E+00 7.135939E+01
9.460000E+00 7.140213E+01
9.480000E+00 7.141145E+01
9.500000E+00 7.128459E+01
9.520000E+00 7.108301E+01
9.540000E+00 7.123770E+01
9.560000E+00 7.135738E+01
9.580000E+00 7.140704E+01
9.600000E+00 7.138892E+01
9.620000E+00 7.113731E+01
9.640000E+00 7.135590E+01
9.660000E+00 7.129760E+01
9.680000E+00 7.110753E+01
9.700000E+00 7.118107E+01
9.720000E+00 7.153543E+01
9.740000E+00 7.136525E+01
9.760000E+00 7.137992E+01
9.780000E+00 7.143174E+01
9.800000E+00 7.137664E+01
9.820000E+00 7.125879E+01
9.840000E+00 7.123154E+01
9.860000E+00 7.138147E+01
9.880000E+00 7.127689E+01
9.900000E+00 7.144965E+01
9.920000E+00 7.145586E+01
9.940000E+00 7.142265E+01
9.960000E+00 7.133122E+01
9.980000E+00 7.122333E+01
1.000000E+01 7.124396E+01
1.002000E+01 7.133221E+01
1.004000E+01 7.120817E+01
1.006000E+01 7.126504E+01
1.008000E+01 7.117859E+01
1.010000E+01 7.110619E+01
1.012000E+01 7.135279E+01
1.014000E+01 7.111726E+01
1.016000E+01 7.135764E+01
1.018000E+01 7.133188E+01
1.020000E+01 7.142155E+01
1.022000E+01 7.137122E+01
1.024000E+01 7.135602E+01
1.026000E+01 7.133882E+01
1.028000E+01 7.154494E+01
1.030000E+01 7.141330E+01
1.032000E+01 7.144209E+01
1.034000E+01 7.148097E+01
1.036000E+01 7.136972E+01
1.038000E+01 7.129638E+01
1.040000E+01 7.124763E+01
1.042000E+01 7.129483E+01
1.044000E+01 7.132829E+01
1.046000E+01 7.139483E+01
1.048000E+01 7.142110E+01
1.050000E+01 7.134623E+01
1.052000E+01 7.156368E+01
1.054000E+01 7.152171E+01
1.056000E+01 7.159201E+01
1.058000E+01 7.146126E+01
1.060000E+01 7.165233E+01
1.062000E+01 7.171286E+01
1.064000E+01 7.175047E+01
1.066000E+01 7.171990E+01
1.068000E+01 7.169225E+01
1.070000E+01 7.191506E+01
1.072000E+01 7.192330E+01
1.074000E+01 7.206340E+01
1.076000E+01 7.175566E+01
1.078000E+01 7.188437E+01
1.080000E+01 7.193787E+01
1.082000E+01 7.216072E+01
1.084000E+01 7.193151E+01
1.086000E+01 7.196636E+01
1.088000E+01 7.203852E+01
1.090000E+01 7.206872E+01
1.092000E+01 7.213253E+01
1.094000E+01 7.219551E+01
1.096000E+01 7.209561E+01
1.098000E+01 7.207564E+01
1.100000E+01 7.215680E+01
1.102000E+01 7.209979E+01
1.104000E+01 7.197367E+01
1.106000E+01 7.220579E+01
1.108000E+01 7.200068E+01
1.110000E+01 7.199835E+01
1.112000E+01 7.185595E+01
1.114000E+01 7.193194E+01
1.116000E+01 7.205825E+01
1.118000E+01 7.195706E+01
1.120000E+01 7.183936E+01
1.122000E+01 7.183995E+01
1.124000E+01 7.185957E+01
1.126000E+01 7.196726E+01
1.128000E+01 7.172595E+01
1.130000E+01 7.194570E+01
1.132000E+01 7.176961E+01
1.134000E+01 7.172686E+01
1.136000E+01 7.196990E+01
1.138000E+01 7.204535E+01
1.140000E+01 7.184450E+01
1.142000E+01 7.184178E+01
1.144000E+01 7.205628E+01
1.146000E+01 7.189710E+01
1.148000E+01 7.173904E+01
1.150000E+01 7.189574E+01
1.152000E+01 7.174045E+01
1.154000E+01 7.176953E+01
1.156000E+01 7.183725E+01
1.158000E+01 7.173338E+01
1.160000E+01 7.177634E+01
1.162000E+01 7.159702E+01
1.164000E+01 7.169209E+01
1.166000E+01 7.172994E+01
1.168000E+01 7.167191E+01
1.170000E+01 7.153093E+01
1.172000E+01 7.160062E+01
1.174000E+01 7.156432E+01
1.176000E+01 7.160016E+01
1.178000E+01 7.167052E+01
1.180000E+01 7.168184E+01
1.182000E+01 7.139382E+01
1.184000E+01 7.172596E+01
1.186000E+01 7.174737E+01
1.188000E+01 7.154181E+01
1.190000E+01 7.174155E+01
1.192000E+01 7.144867E+01
1.194000E+01 7.163890E+01
1.196000E+01 7.164988E+01
1.198000E+01 7.165085E+01
1.200000E+01 7.171751E+01
1.202000E+01 7.164454E+01
1.204000E+01 7.183765E+01
1.206000E+01 7.170387E+01
1.208000E+01 7.177239E+01
1.210000E+01 7.174171E+01
1.212000E+01 7.148744E+01
1.214000E+01 7.175302E+01
1.216000E+01 7.141034E+01
1.218000E+01 7.168273E+01
1.220000E+01 7.157801E+01
1.222000E+01 7.158391E+01
1.224000E+01 7.165538E+01
1.226000E+01 7.163898E+01
1.228000E+01 7.159498E+01
1.230000E+01 7.171804E+01
1.232000E+01 7.156262E+01
1.234000E+01 7.182630E+01
1.236000E+01 7.158612E+01
1.238000E+01 7.189862E+01
1.240000E+01 7.170451E+01
1.242000E+01 7.191986E+01
1.244000E+01 7.192902E+01
1.246000E+01 7.210137E+01
1.248000E+01 7.197447E+01
1.250000E+01 7.204263E+01
1.252000E+01 7.189310E+01
1.254000E+01 7.186183E+01
1.256000E+01 7.190831E+01
1.258000E+01 7.185213E+01
1.260000E+01 7.187201E+01
1.262000E+01 7.209784E+01
1.264000E+01 7.194871E+01
1.266000E+01 7.167107E+01
1.268000E+01 7.173659E+01
1.270000E+01 7.174648E+01
1.272000E+01 7.166785E+01
1.274000E+01 7.175978E+01
1.276000E+01 7.180317E+01
1.278000E+01 7.185664E+01
1.280000E+01 7.189842E+01
1.282000E+01 7.188941E+01
1.284000E+01 7.160184E+01
1.286000E+01 7.173135E+01
1.288000E+01 7.151192E+01
1.290000E+01 7.165375E+01
1.292000E+01 7.172346E+01
1.294000E+01 7.166677E+01
1.296000E+01 7.146185E+01
1.298000E+01 7.164712E+01
1.300000E+01 7.179446E+01
1.302000E+01 7.173835E+01
1.304000E+01 7.164045E+01
1.306000E+01 7.177803E+01
1.308000E+01 7.167090E+01
1.310000E+01 7.160927E+01
1.312000E+01 7.148225E+01
1.314000E+01 7.172167E+01
1.316000E+01 7.167089E+01
1.318000E+01 7.202124E+01
1.320000E+01 7.171778E+01
1.322000E+01 7.181550E+01
1.324000E+01 7.174376E+01
1.326000E+01 7.194743E+01
1.328000E+01 7.193873E+01
1.330000E+01 7.174256E+01
1.332000E+01 7.200005E+01
1.334000E+01 7.188450E+01
1.336000E+01 7.183644E+01
1.338000E+01 7.186874E+01
1.340000E+01 7.185080E+01
1.342000E+01 7.169022E+01
1.344000E+01 7.172956E+01
1.346000E+01 7.184889E+01
1.348000E+01 7.169383E+01
1.350000E+01 7.185619E+01
1.352000E+01 7.165346E+01
1.354000E+01 7.194326E+01
1.356000E+01 7.162071E+01
1.358000E+01 7.172006E+01
1.360000E+01 7.182115E+01
1.362000E+01 7.177208E+01
1.364000E+01 7.176733E+01
1.366000E+01 7.164088E+01
1.368000E+01 7.143227E+01
1.370000E+01 7.165058E+01
1.372000E+01 7.180157E+01
1.374000E+01 7.178194E+01
1.376000E+01 7.168256E+01
1.378000E+01 7.169051E+01
1.380000E+01 7.173768E+01
1.382000E+01 7.176473E+01
1.384000E+01 7.149410E+01
1.386000E+01 7.152459E+01
1.388000E+01 7.180415E+01
1.390000E+01 7.148374E+01
1.392000E+01 7.143890E+01
1.394000E+01 7.159184E+01
1.396000E+01 7.166851E+01
1.398000E+01 7.174351E+01
1.400000E+01 7.170580E+01
1.402000E+01 7.174036E+01
1.404000E+01 7.170670E+01
1.406000E+01 7.156393E+01
1.408000E+01 7.150919E+01
1.410000E+01 7.172074E+01
1.412000E+01 7.174506E+01
1.414000E+01 7.173745E+01
1.416000E+01 7.157193E+01
1.418000E+01 7.167905E+01
1.420000E+01 7.141190E+01
1.422000E+01 7.159651E+01
1.424000E+01 7.187097E+01
1.426000E+01 7.178973E+01
1.428000E+01 7.187347E+01
1.430000E+01 7.187587E+01
1.432000E+01 7.163399E+01
1.434000E+01 7.163276E+01
1.436000E+01 7.187597E+01
1.438000E+01 7.193332E+01
1.440000E+01 7.174990E+01
1.442000E+01 7.142220E+01
1.444000E+01 7.159146E+01
1.446000E+01 7.152336E+01
1.448000E+01 7.158346E+01
1.450000E+01 7.165936E+01
1.452000E+01 7.152322E+01
1.454000E+01 7.164510E+01
1.456000E+01 7.159704E+01
1.458000E+01 7.164263E+01
1.460000E+01 7.168897E+01
1.462000E+01 7.150874E+01
1.464000E+01 7.159076E+01
1.466000E+01 7.163144E+01
1.468000E+01 7.148763E+01
1.470000E+01 7.135290E+01
1.472000E+01 7.157194E+01
1.474000E+01 7.157628E+01
1.476000E+01 7.167949E+01
1.478000E+01 7.180484E+01
1.480000E+01 7.153294E+01
1.482000E+01 7.139884E+01
1.484000E+01 7.178067E+01
1.486000E+01 7.171794E+01
1.488000E+01 7.179593E+01
1.490000E+01 7.162642E+01
1.492000E+01 7.166035E+01
1.494000E+01 7.177380E+01
1.496000E+01 7.177390E+01
1.498000E+01 7.185562E+01
1.500000E+01 7.179913E+01
1.502000E+01 7.170136E+01
1.504000E+01 7.168722E+01
1.506000E+01 7.181499E+01
1.508000E+01 7.179624E+01
1.510000E+01 7.178296E+01
1.512000E+01 7.199434E+01
1.514000E+01 7.209381E+01
1.516000E+01 7.194839E+01
1.518000E+01 7.198965E+01
1.520000E+01 7.212336E+01
1.522000E+01 7.193661E+01
1.524000E+01 7.182776E+01
1.526000E+01 7.178152E+01
1.528000E+01 7.197699E+01
1.530000E+01 7.200194E+01
1.532000E+01 7.207921E+01
1.534000E+01 7.231855E+01
1.536000E+01 7.206149E+01
1.538000E+01 7.216016E+01
1.540000E+01 7.206893E+01
1.542000E+01 7.220048E+01
1.544000E+01 7.207669E+01
1.546000E+01 7.213363E+01
1.548000E+01 7.218360E+01
1.550000E+01 7.223417E+01
1.552000E+01 7.203223E+01
1.554000E+01 7.209053E+01
1.556000E+01 7.176608E+01
1.558000E+01 7.196541E+01
1.560000E+01 7.200987E+01
1.562000E+01 7.199637E+01
1.564000E+01 7.201026E+01
1.566000E+01 7.180858E+01
1.568000E+01 7.200920E+01
1.570000E+01 7.167398E+01
1.572000E+01 7.206355E+01
1.574000E+01 7.196213E+01
1.576000E+01 7.200396E+01
1.578000E+01 7.185297E+01
1.580000E+01 7.187719E+01
1.582000E+01 7.187471E+01
1.584000E+01 7.194510E+01
1.586000E+01 7.198993E+01
1.588000E+01 7.213314E+01
1.590000E+01 7.178265E+01
1.592000E+01 7.177495E+01
1.594000E+01 7.180680E+01
1.596000E+01 7.165291E+01
1.598000E+01 7.178384E+01
1.600000E+01 7.192032E+01
1.602000E+01 7.182255E+01
1.604000E+01 7.181458E+01
1.606000E+01 7.165878E+01
1.608000E+01 7.179319E+01
1.610000E+01 7.179897E+01
1.612000E+01 7.187783E+01
1.614000E+01 7.171841E+01
1.616000E+01 7.202269E+01
1.618000E+01 7.182519E+01
1.620000E+01 7.201041E+01
1.622000E+01 7.200917E+01
1.624000E+01 7.185059E+01
1.626000E+01 7.218712E+01
1.628000E+01 7.180061E+01
1.630000E+01 7.182354E+01
1.632000E+01 7.189545E+01
1.634000E+01 7.215773E+01
1.636000E+01 7.216513E+01
1.638000E+01 7.218163E+01
1.640000E+01 7.198872E+01
1.642000E+01 7.202004E+01
1.644000E+01 7.204297E+01
1.646000E+01 7.230993E+01
1.648000E+01 7.211198E+01
1.650000E+01 7.180745E+01
1.652000E+01 7.185059E+01
1.654000E+01 7.198574E+01
1.656000E+01 7.202460E+01
1.658000E+01 7.218203E+01
1.660000E+01 7.212273E+01
1.662000E+01 7.208347E+01
1.664000E+01 7.220736E+01
1.666000E+01 7.220447E+01
1.668000E+01 7.205095E+01
1.670000E+01 7.227939E+01
1.672000E+01 7.210679E+01
1.674000E+01 7.240165E+01
1.676000E+01 7.230401E+01
1.678000E+01 7.208043E+01
1.680000E+01 7.228105E+01
1.682000E+01 7.245689E+01
1.684000E+01 7.226745E+01
1.686000E+01 7.247600E+01
1.688000E+01 7.253641E+01
1.690000E+01 7.260442E+01
1.692000E+01 7.238632E+01
1.694000E+01 7.234771E+01
1.696000E+01 7.238571E+01
1.698000E+01 7.235636E+01
1.700000E+01 7.249234E+01
1.702000E+01 7.216766E+01
1.704000E+01 7.240423E+01
1.706000E+01 7.223750E+01
1.708000E+01 7.211355E+01
1.710000E+01 7.213149E+01
1.712000E+01 7.242368E+01
1.714000E+01 7.234738E+01
1.716000E+01 7.248104E+01
1.718000E+01 7.236363E+01
1.720000E+01 7.251650E+01
1.722000E+01 7.225684E+01
1.724000E+01 7.217291E+01
1.726000E+01 7.222214E+01
1.728000E+01 7.222959E+01
1.730000E+01 7.249104E+01
1.732000E+01 7.240663E+01
1.734000E+01 7.228103E+01
1.736000E+01 7.225232E+01
1.738000E+01 7.226206E+01
1.740000E+01 7.236971E+01
1.742000E+01 7.214836E+01
1.744000E+01 7.227176E+01
1.746000E+01 7.233490E+01
1.748000E+01 7.221632E+01
1.750000E+01 7.240009E+01
1.752000E+01 7.237468E+01
1.754000E+01 7.237106E+01
1.756000E+01 7.222579E+01
1.758000E+01 7.226626E+01
1.760000E+01 7.221025E+01
1.762000E+01 7.197889E+01
1.764000E+01 7.229795E+01
1.766000E+01 7.226265E+01
1.768000E+01 7.210569E+01
1.770000E+01 7.229055E+01
1.772000E+01 7.216484E+01
1.774000E+01 7.222980E+01
1.776000E+01 7.216543E+01
1.778000E+01 7.217718E+01
1.780000E+01 7.239337E+01
1.782000E+01 7.229014E+01
1.784000E+01 7.226066E+01
1.786000E+01 7.234032E+01
1.788000E+01 7.215151E+01
1.790000E+01 7.243722E+01
1.792000E+01 7.218392E+01
1.794000E+01 7.222688E+01
1.796000E+01 7.225587E+01
1.798000E+01 7.235704E+01
1.800000E+01 7.207668E+01
1.802000E+01 7.235662E+01
1.804000E+01 7.212489E+01
1.806000E+01 7.231440E+01
1.808000E+01 7.227327E+01
1.810000E+01 7.198077E+01
1.812000E+01 7.219405E+01
1.814000E+01 7.230483E+01
1.816000E+01 7.236252E+01
1.818000E+01 7.234811E+01
1.820000E+01 7.233637E+01
1.822000E+01 7.227759E+01
1.824000E+01 7.227522E+01
1.826000E+01 7.244125E+01
1.828000E+01 7.246377E+01
1.830000E+01 7.246586E+01
1.832000E+01 7.252005E+01
1.834000E+01 7.249786E+01
1.836000E+01 7.249365E+01
1.838000E+01 7.256903E+01
1.840000E+01 7.246582E+01
1.842000E+01 7.251923E+01
1.844000E+01 7.246308E+01
1.846000E+01 7.224970E+01
1.848000E+01 7.215692E+01
1.850000E+01 7.231681E+01
1.852000E+01 7.210065E+01
1.854000E+01 7.241230E+01
1.856000E+01 7.259581E+01
1.858000E+01 7.251667E+01
1.860000E+01 7.253040E+01
1.862000E+01 7.231368E+01
1.864000E+01 7.242225E+01
1.866000E+01 7.260827E+01
1.868000E+01 7.246209E+01
1.870000E+01 7.241761E+01
1.872000E+01 7.242500E+01
1.874000E+01 7.259523E+01
1.876000E+01 7.250922E+01
1.878000E+01 7.230726E+01
1.880000E+01 7.246081E+01
1.882000E+01 7.241060E+01
1.884000E+01 7.235802E+01
1.886000E+01 7.250996E+01
1.888000E+01 7.250294E+01
1.890000E+01 7.227179E+01
1.892000E+01 7.236018E+01
1.894000E+01 7.236547E+01
1.896000E+01 7.260724E+01
1.898000E+01 7.226451E+01
1.900000E+01 7.247774E+01
1.902000E+01 7.244083E+01
1.904000E+01 7.250042E+01
1.906000E+01 7.231073E+01
1.908000E+01 7.262942E+01
1.910000E+01 7.238965E+01
1.912000E+01 7.241497E+01
1.914000E+01 7.237992E+01
1.916000E+01 7.247172E+01
1.918000E+01 7.242050E+01
1.920000E+01 7.253032E+01
1.922000E+01 7.246846E+01
1.924000E+01 7.254982E+01
1.926000E+01 7.255834E+01
1.928000E+01 7.236184E+01
1.930000E+01 7.226377E+01
1.932000E+01 7.240300E+01
1.934000E+01 7.235064E+01
1.936000E+01 7.250549E+01
1.938000E+01 7.251920E+01
1.940000E+01 7.231971E+01
1.942000E+01 7.257542E+01
1.944000E+01 7.256020E+01
1.946000E+01 7.243380E+01
1.948000E+01 7.250797E+01
1.950000E+01 7.246026E+01
1.952000E+01 7.230168E+01
1.954000E+01 7.258900E+01
1.956000E+01 7.259001E+01
1.958000E+01 7.268634E+01
1.960000E+01 7.265917E+01
1.962000E+01 7.261860E+01
1.964000E+01 7.248679E+01
1.966000E+01 7.247001E+01
1.968000E+01 7.247888E+01
1.970000E+01 7.257714E+01
1.972000E+01 7.242314E+01
1.974000E+01 7.238218E+01
1.976000E+01 7.243888E+01
1.978000E+01 7.244162E+01
1.980000E+01 7.233274E+01
1.982000E+01 7.230845E+01
1.984000E+01 7.232907E+01
1.986000E+01 7.252956E+01
1.988000E+01 7.258969E+01
1.990000E+01 7.247994E+01
1.992000E+01 7.236166E+01
1.994000E+01 7.248138E+01
1.996000E+01 7.251509E+01
1.998000E+01 7.253028E+01
2.000000E+01 7.254439E+01
