amber                                                                           
         3       179
OW      OW      
  2.513966E-02  0.000000E+00
  7.541899E-02  0.000000E+00
  1.256983E-01  0.000000E+00
  1.759777E-01  0.000000E+00
  2.262570E-01  0.000000E+00
  2.765363E-01  0.000000E+00
  3.268156E-01  0.000000E+00
  3.770950E-01  0.000000E+00
  4.273743E-01  0.000000E+00
  4.776536E-01  0.000000E+00
  5.279330E-01  0.000000E+00
  5.782123E-01  0.000000E+00
  6.284916E-01  0.000000E+00
  6.787709E-01  0.000000E+00
  7.290503E-01  0.000000E+00
  7.793296E-01  0.000000E+00
  8.296089E-01  0.000000E+00
  8.798883E-01  0.000000E+00
  9.301676E-01  0.000000E+00
  9.804469E-01  0.000000E+00
  1.030726E+00  0.000000E+00
  1.081006E+00  0.000000E+00
  1.131285E+00  0.000000E+00
  1.181564E+00  0.000000E+00
  1.231844E+00  0.000000E+00
  1.282123E+00  0.000000E+00
  1.332402E+00  0.000000E+00
  1.382682E+00  0.000000E+00
  1.432961E+00  0.000000E+00
  1.483240E+00  0.000000E+00
  1.533520E+00  0.000000E+00
  1.583799E+00  0.000000E+00
  1.634078E+00  0.000000E+00
  1.684358E+00  0.000000E+00
  1.734637E+00  0.000000E+00
  1.784916E+00  0.000000E+00
  1.835196E+00  0.000000E+00
  1.885475E+00  0.000000E+00
  1.935754E+00  0.000000E+00
  1.986034E+00  0.000000E+00
  2.036313E+00  0.000000E+00
  2.086592E+00  0.000000E+00
  2.136872E+00  0.000000E+00
  2.187151E+00  0.000000E+00
  2.237430E+00  0.000000E+00
  2.287709E+00  0.000000E+00
  2.337989E+00  0.000000E+00
  2.388268E+00  2.219386E-02
  2.438547E+00  2.128812E-02
  2.488827E+00  3.269873E-01
  2.539106E+00  2.709682E+00
  2.589385E+00  9.874377E+00
  2.639665E+00  2.207398E+01
  2.689944E+00  3.827923E+01
  2.740223E+00  4.764344E+01
  2.790503E+00  4.810424E+01
  2.840782E+00  4.701264E+01
  2.891061E+00  4.069651E+01
  2.941341E+00  3.349343E+01
  2.991620E+00  2.639390E+01
  3.041899E+00  2.381849E+01
  3.092179E+00  1.927692E+01
  3.142458E+00  1.658827E+01
  3.192737E+00  1.311425E+01
  3.243017E+00  1.226541E+01
  3.293296E+00  1.114675E+01
  3.343575E+00  9.704328E+00
  3.393855E+00  9.440908E+00
  3.444134E+00  9.273999E+00
  3.494413E+00  8.708399E+00
  3.544693E+00  8.080253E+00
  3.594972E+00  9.070431E+00
  3.645251E+00  8.840996E+00
  3.695531E+00  9.325083E+00
  3.745810E+00  8.670426E+00
  3.796089E+00  8.890299E+00
  3.846369E+00  8.488261E+00
  3.896648E+00  9.379490E+00
  3.946927E+00  8.979522E+00
  3.997207E+00  8.731276E+00
  4.047486E+00  9.126172E+00
  4.097765E+00  8.519103E+00
  4.148045E+00  9.101073E+00
  4.198324E+00  9.150133E+00
  4.248603E+00  9.727340E+00
  4.298883E+00  9.686086E+00
  4.349162E+00  9.617359E+00
  4.399441E+00  8.967115E+00
  4.449721E+00  9.072508E+00
  4.500000E+00  9.102211E+00
  4.550279E+00  9.122279E+00
  4.600559E+00  8.900052E+00
  4.650838E+00  9.118342E+00
  4.701117E+00  8.809780E+00
  4.751397E+00  8.736468E+00
  4.801676E+00  8.351310E+00
  4.851955E+00  8.200634E+00
  4.902235E+00  8.570588E+00
  4.952514E+00  8.190998E+00
  5.002793E+00  7.855209E+00
  5.053073E+00  8.180585E+00
  5.103352E+00  7.850061E+00
  5.153631E+00  7.221004E+00
  5.203911E+00  7.512213E+00
  5.254190E+00  7.309515E+00
  5.304469E+00  7.158106E+00
  5.354749E+00  7.448156E+00
  5.405028E+00  6.902904E+00
  5.455307E+00  6.840055E+00
  5.505587E+00  7.129160E+00
  5.555866E+00  6.689021E+00
  5.606145E+00  6.344012E+00
  5.656425E+00  6.259429E+00
  5.706704E+00  5.803652E+00
  5.756983E+00  5.760016E+00
  5.807263E+00  5.578125E+00
  5.857542E+00  5.541809E+00
  5.907821E+00  5.299171E+00
  5.958101E+00  5.491836E+00
  6.008380E+00  5.133799E+00
  6.058659E+00  4.907547E+00
  6.108939E+00  4.898333E+00
  6.159218E+00  4.508342E+00
  6.209497E+00  4.622772E+00
  6.259777E+00  4.732959E+00
  6.310056E+00  4.524299E+00
  6.360335E+00  4.609518E+00
  6.410615E+00  4.371152E+00
  6.460894E+00  4.494443E+00
  6.511173E+00  4.496964E+00
  6.561453E+00  4.375381E+00
  6.611732E+00  4.311985E+00
  6.662011E+00  4.110231E+00
  6.712291E+00  4.017978E+00
  6.762570E+00  3.844960E+00
  6.812849E+00  3.690229E+00
  6.863128E+00  3.534228E+00
  6.913408E+00  3.599550E+00
  6.963687E+00  3.406789E+00
  7.013966E+00  3.545970E+00
  7.064246E+00  3.452548E+00
  7.114525E+00  3.186331E+00
  7.164804E+00  3.122039E+00
  7.215084E+00  2.869542E+00
  7.265363E+00  2.832361E+00
  7.315642E+00  2.900006E+00
  7.365922E+00  2.972546E+00
  7.416201E+00  2.702206E+00
  7.466480E+00  2.759039E+00
  7.516760E+00  2.711050E+00
  7.567039E+00  2.721570E+00
  7.617318E+00  2.594126E+00
  7.667598E+00  2.601128E+00
  7.717877E+00  2.390949E+00
  7.768156E+00  2.232129E+00
  7.818436E+00  2.089609E+00
  7.868715E+00  2.140684E+00
  7.918994E+00  2.059082E+00
  7.969274E+00  2.037169E+00
  8.019553E+00  1.952653E+00
  8.069832E+00  1.883686E+00
  8.120112E+00  1.868110E+00
  8.170391E+00  1.809158E+00
  8.220670E+00  1.682192E+00
  8.270950E+00  1.619239E+00
  8.321229E+00  1.528428E+00
  8.371508E+00  1.468578E+00
  8.421788E+00  1.527844E+00
  8.472067E+00  1.363372E+00
  8.522346E+00  1.399623E+00
  8.572626E+00  1.319517E+00
  8.622905E+00  1.280338E+00
  8.673184E+00  1.255439E+00
  8.723464E+00  1.216055E+00
  8.773743E+00  1.156111E+00
  8.824022E+00  1.138096E+00
  8.874302E+00  1.067367E+00
  8.924581E+00  1.077626E+00
  8.974860E+00  9.901456E-01
OW      HW      
  2.513966E-02  0.000000E+00
  7.541899E-02  0.000000E+00
  1.256983E-01  0.000000E+00
  1.759777E-01  0.000000E+00
  2.262570E-01  0.000000E+00
  2.765363E-01  0.000000E+00
  3.268156E-01  0.000000E+00
  3.770950E-01  0.000000E+00
  4.273743E-01  0.000000E+00
  4.776536E-01  0.000000E+00
  5.279330E-01  0.000000E+00
  5.782123E-01  0.000000E+00
  6.284916E-01  0.000000E+00
  6.787709E-01  0.000000E+00
  7.290503E-01  0.000000E+00
  7.793296E-01  0.000000E+00
  8.296089E-01  0.000000E+00
  8.798883E-01  0.000000E+00
  9.301676E-01  0.000000E+00
  9.804469E-01  0.000000E+00
  1.030726E+00  0.000000E+00
  1.081006E+00  0.000000E+00
  1.131285E+00  0.000000E+00
  1.181564E+00  0.000000E+00
  1.231844E+00  0.000000E+00
  1.282123E+00  0.000000E+00
  1.332402E+00  0.000000E+00
  1.382682E+00  0.000000E+00
  1.432961E+00  1.541139E-02
  1.483240E+00  1.438436E-02
  1.533520E+00  4.037000E-02
  1.583799E+00  6.434113E-01
  1.634078E+00  2.868075E+00
  1.684358E+00  7.250494E+00
  1.734637E+00  1.328345E+01
  1.784916E+00  1.953867E+01
  1.835196E+00  2.238231E+01
  1.885475E+00  2.149834E+01
  1.935754E+00  2.009207E+01
  1.986034E+00  1.786812E+01
  2.036313E+00  1.498181E+01
  2.086592E+00  1.218967E+01
  2.136872E+00  1.004954E+01
  2.187151E+00  8.097667E+00
  2.237430E+00  6.543019E+00
  2.287709E+00  5.792971E+00
  2.337989E+00  5.361230E+00
  2.388268E+00  4.544193E+00
  2.438547E+00  4.789826E+00
  2.488827E+00  4.618696E+00
  2.539106E+00  4.467047E+00
  2.589385E+00  4.861667E+00
  2.639665E+00  5.700174E+00
  2.689944E+00  6.158268E+00
  2.740223E+00  7.548602E+00
  2.790503E+00  8.571464E+00
  2.840782E+00  1.016489E+01
  2.891061E+00  1.199540E+01
  2.941341E+00  1.395194E+01
  2.991620E+00  1.630524E+01
  3.041899E+00  1.800410E+01
  3.092179E+00  1.895255E+01
  3.142458E+00  1.973222E+01
  3.192737E+00  1.934539E+01
  3.243017E+00  1.936407E+01
  3.293296E+00  1.924420E+01
  3.343575E+00  1.833858E+01
  3.393855E+00  1.830481E+01
  3.444134E+00  1.737674E+01
  3.494413E+00  1.688289E+01
  3.544693E+00  1.597412E+01
  3.594972E+00  1.522432E+01
  3.645251E+00  1.450476E+01
  3.695531E+00  1.319509E+01
  3.745810E+00  1.192522E+01
  3.796089E+00  1.147086E+01
  3.846369E+00  1.052476E+01
  3.896648E+00  1.002980E+01
  3.946927E+00  9.964831E+00
  3.997207E+00  9.567165E+00
  4.047486E+00  9.102990E+00
  4.097765E+00  8.830088E+00
  4.148045E+00  8.740562E+00
  4.198324E+00  8.738951E+00
  4.248603E+00  8.515806E+00
  4.298883E+00  8.615753E+00
  4.349162E+00  8.292211E+00
  4.399441E+00  8.383369E+00
  4.449721E+00  8.278104E+00
  4.500000E+00  8.355154E+00
  4.550279E+00  7.980466E+00
  4.600559E+00  8.168848E+00
  4.650838E+00  7.895150E+00
  4.701117E+00  7.751518E+00
  4.751397E+00  8.070579E+00
  4.801676E+00  7.618306E+00
  4.851955E+00  7.782536E+00
  4.902235E+00  7.509142E+00
  4.952514E+00  7.436157E+00
  5.002793E+00  7.431594E+00
  5.053073E+00  7.355089E+00
  5.103352E+00  7.212092E+00
  5.153631E+00  7.244835E+00
  5.203911E+00  7.065781E+00
  5.254190E+00  6.952981E+00
  5.304469E+00  7.161480E+00
  5.354749E+00  6.894070E+00
  5.405028E+00  6.688407E+00
  5.455307E+00  6.706062E+00
  5.505587E+00  6.688547E+00
  5.555866E+00  6.575213E+00
  5.606145E+00  6.500095E+00
  5.656425E+00  6.375161E+00
  5.706704E+00  6.284698E+00
  5.756983E+00  6.157259E+00
  5.807263E+00  6.032333E+00
  5.857542E+00  5.922762E+00
  5.907821E+00  5.584804E+00
  5.958101E+00  5.685298E+00
  6.008380E+00  5.414334E+00
  6.058659E+00  5.314497E+00
  6.108939E+00  5.155292E+00
  6.159218E+00  4.852892E+00
  6.209497E+00  4.795962E+00
  6.259777E+00  4.678037E+00
  6.310056E+00  4.568015E+00
  6.360335E+00  4.403764E+00
  6.410615E+00  4.378083E+00
  6.460894E+00  4.201030E+00
  6.511173E+00  4.270025E+00
  6.561453E+00  4.089423E+00
  6.611732E+00  3.975337E+00
  6.662011E+00  3.798613E+00
  6.712291E+00  3.826211E+00
  6.762570E+00  3.824891E+00
  6.812849E+00  3.696366E+00
  6.863128E+00  3.588653E+00
  6.913408E+00  3.524063E+00
  6.963687E+00  3.471400E+00
  7.013966E+00  3.442396E+00
  7.064246E+00  3.299073E+00
  7.114525E+00  3.146314E+00
  7.164804E+00  3.189239E+00
  7.215084E+00  2.935809E+00
  7.265363E+00  3.010433E+00
  7.315642E+00  2.979839E+00
  7.365922E+00  2.892049E+00
  7.416201E+00  2.800029E+00
  7.466480E+00  2.681831E+00
  7.516760E+00  2.664559E+00
  7.567039E+00  2.541385E+00
  7.617318E+00  2.562491E+00
  7.667598E+00  2.434790E+00
  7.717877E+00  2.301687E+00
  7.768156E+00  2.322861E+00
  7.818436E+00  2.305507E+00
  7.868715E+00  2.137106E+00
  7.918994E+00  2.133270E+00
  7.969274E+00  2.007269E+00
  8.019553E+00  2.005799E+00
  8.069832E+00  1.938116E+00
  8.120112E+00  1.828271E+00
  8.170391E+00  1.818639E+00
  8.220670E+00  1.737922E+00
  8.270950E+00  1.683084E+00
  8.321229E+00  1.651379E+00
  8.371508E+00  1.593217E+00
  8.421788E+00  1.547924E+00
  8.472067E+00  1.468315E+00
  8.522346E+00  1.464113E+00
  8.572626E+00  1.493500E+00
  8.622905E+00  1.388451E+00
  8.673184E+00  1.338321E+00
  8.723464E+00  1.262219E+00
  8.773743E+00  1.207091E+00
  8.824022E+00  1.205568E+00
  8.874302E+00  1.179488E+00
  8.924581E+00  1.148355E+00
  8.974860E+00  1.079337E+00
HW      HW      
  2.513966E-02  0.000000E+00
  7.541899E-02  0.000000E+00
  1.256983E-01  0.000000E+00
  1.759777E-01  0.000000E+00
  2.262570E-01  0.000000E+00
  2.765363E-01  0.000000E+00
  3.268156E-01  0.000000E+00
  3.770950E-01  0.000000E+00
  4.273743E-01  0.000000E+00
  4.776536E-01  0.000000E+00
  5.279330E-01  0.000000E+00
  5.782123E-01  0.000000E+00
  6.284916E-01  0.000000E+00
  6.787709E-01  0.000000E+00
  7.290503E-01  0.000000E+00
  7.793296E-01  0.000000E+00
  8.296089E-01  0.000000E+00
  8.798883E-01  0.000000E+00
  9.301676E-01  0.000000E+00
  9.804469E-01  0.000000E+00
  1.030726E+00  0.000000E+00
  1.081006E+00  0.000000E+00
  1.131285E+00  0.000000E+00
  1.181564E+00  0.000000E+00
  1.231844E+00  0.000000E+00
  1.282123E+00  0.000000E+00
  1.332402E+00  0.000000E+00
  1.382682E+00  0.000000E+00
  1.432961E+00  0.000000E+00
  1.483240E+00  0.000000E+00
  1.533520E+00  1.345667E-02
  1.583799E+00  7.569545E-02
  1.634078E+00  1.185155E-01
  1.684358E+00  3.569474E-01
  1.734637E+00  5.784558E-01
  1.784916E+00  1.132389E+00
  1.835196E+00  1.757134E+00
  1.885475E+00  2.750720E+00
  1.935754E+00  4.028549E+00
  1.986034E+00  5.415799E+00
  2.036313E+00  7.372608E+00
  2.086592E+00  8.882396E+00
  2.136872E+00  1.103370E+01
  2.187151E+00  1.288746E+01
  2.237430E+00  1.462855E+01
  2.287709E+00  1.567972E+01
  2.337989E+00  1.753690E+01
  2.388268E+00  1.869833E+01
  2.438547E+00  1.938283E+01
  2.488827E+00  1.957837E+01
  2.539106E+00  1.995936E+01
  2.589385E+00  1.927203E+01
  2.639665E+00  1.871292E+01
  2.689944E+00  1.754319E+01
  2.740223E+00  1.576313E+01
  2.790503E+00  1.483038E+01
  2.840782E+00  1.336888E+01
  2.891061E+00  1.229831E+01
  2.941341E+00  1.105108E+01
  2.991620E+00  1.077822E+01
  3.041899E+00  1.051037E+01
  3.092179E+00  1.023424E+01
  3.142458E+00  1.021704E+01
  3.192737E+00  1.008407E+01
  3.243017E+00  9.951354E+00
  3.293296E+00  1.068279E+01
  3.343575E+00  1.050547E+01
  3.393855E+00  1.150989E+01
  3.444134E+00  1.124299E+01
  3.494413E+00  1.217102E+01
  3.544693E+00  1.257880E+01
  3.594972E+00  1.272407E+01
  3.645251E+00  1.344727E+01
  3.695531E+00  1.326229E+01
  3.745810E+00  1.354021E+01
  3.796089E+00  1.292476E+01
  3.846369E+00  1.253345E+01
  3.896648E+00  1.264980E+01
  3.946927E+00  1.192732E+01
  3.997207E+00  1.167670E+01
  4.047486E+00  1.104645E+01
  4.097765E+00  1.056783E+01
  4.148045E+00  1.005201E+01
  4.198324E+00  9.613385E+00
  4.248603E+00  8.917313E+00
  4.298883E+00  8.834958E+00
  4.349162E+00  8.730581E+00
  4.399441E+00  8.378464E+00
  4.449721E+00  8.596185E+00
  4.500000E+00  8.517694E+00
  4.550279E+00  8.315214E+00
  4.600559E+00  8.180810E+00
  4.650838E+00  8.067801E+00
  4.701117E+00  8.161076E+00
  4.751397E+00  7.748148E+00
  4.801676E+00  7.733610E+00
  4.851955E+00  7.684398E+00
  4.902235E+00  7.650053E+00
  4.952514E+00  7.579383E+00
  5.002793E+00  7.348136E+00
  5.053073E+00  7.366245E+00
  5.103352E+00  7.175636E+00
  5.153631E+00  7.221004E+00
  5.203911E+00  7.093829E+00
  5.254190E+00  6.996544E+00
  5.304469E+00  6.781304E+00
  5.354749E+00  6.464708E+00
  5.405028E+00  6.589825E+00
  5.455307E+00  6.414679E+00
  5.505587E+00  6.185288E+00
  5.555866E+00  6.137412E+00
  5.606145E+00  5.968407E+00
  5.656425E+00  5.983452E+00
  5.706704E+00  5.791991E+00
  5.756983E+00  5.690308E+00
  5.807263E+00  5.775199E+00
  5.857542E+00  5.632204E+00
  5.907821E+00  5.577550E+00
  5.958101E+00  5.415164E+00
  6.008380E+00  5.331050E+00
  6.058659E+00  5.269663E+00
  6.108939E+00  4.996707E+00
  6.159218E+00  4.981368E+00
  6.209497E+00  4.861626E+00
  6.259777E+00  4.878339E+00
  6.310056E+00  4.676910E+00
  6.360335E+00  4.654894E+00
  6.410615E+00  4.529795E+00
  6.460894E+00  4.342050E+00
  6.511173E+00  4.355874E+00
  6.561453E+00  4.179842E+00
  6.611732E+00  3.989093E+00
  6.662011E+00  3.891314E+00
  6.712291E+00  3.848689E+00
  6.762570E+00  3.871257E+00
  6.812849E+00  3.719549E+00
  6.863128E+00  3.606794E+00
  6.913408E+00  3.463144E+00
  6.963687E+00  3.445294E+00
  7.013966E+00  3.400580E+00
  7.064246E+00  3.273072E+00
  7.114525E+00  3.167573E+00
  7.164804E+00  3.107859E+00
  7.215084E+00  3.047064E+00
  7.265363E+00  2.966664E+00
  7.315642E+00  2.879900E+00
  7.365922E+00  2.826135E+00
  7.416201E+00  2.786219E+00
  7.466480E+00  2.694889E+00
  7.516760E+00  2.615267E+00
  7.567039E+00  2.534200E+00
  7.617318E+00  2.485583E+00
  7.667598E+00  2.421332E+00
  7.717877E+00  2.324534E+00
  7.768156E+00  2.338595E+00
  7.818436E+00  2.174519E+00
  7.868715E+00  2.185154E+00
  7.918994E+00  2.067157E+00
  7.969274E+00  2.081520E+00
  8.019553E+00  1.999894E+00
  8.069832E+00  1.952210E+00
  8.120112E+00  1.909869E+00
  8.170391E+00  1.896866E+00
  8.220670E+00  1.807701E+00
  8.270950E+00  1.758494E+00
  8.321229E+00  1.684288E+00
  8.371508E+00  1.623925E+00
  8.421788E+00  1.617533E+00
  8.472067E+00  1.543715E+00
  8.522346E+00  1.484158E+00
  8.572626E+00  1.471106E+00
  8.622905E+00  1.410585E+00
  8.673184E+00  1.366930E+00
  8.723464E+00  1.337494E+00
  8.773743E+00  1.293841E+00
  8.824022E+00  1.280358E+00
  8.874302E+00  1.234545E+00
  8.924581E+00  1.140805E+00
  8.974860E+00  1.120593E+00
