amber                                                                           
         2         2        60  -58927.2468955    
     25.196959335562      0.000000000000      0.000000000000
      0.000000000000     25.196959335562      0.000000000000
      0.000000000000      0.000000000000     25.196959335562
OW               1
     9.443003173         7.150206293        -3.543973500    
   4.30267018434      -1.67859673386      -7.39978626670    
  -4260.12904991       3699.38858453      -4520.72981827    
HW               2
     10.27845360         7.146487817        -3.091747055    
   8.62287756937      -1.82116549789      -15.3821793439    
   3130.27195433      -2261.93143319       2523.40926585    
HW               3
     9.167805167         6.241073199        -3.559564112    
  -4.86636893968      0.770624793461       11.6265957713    
   1555.58062205      -1115.00470835       1558.92519410    
OW               4
     8.002208725         4.640430159         1.771233175    
   4.13859197034      -2.91265054744      -1.12922401190    
   8044.60568149       6011.94873129       1532.64465471    
HW               5
     7.317287304         4.250671424         1.240694981    
   11.6204760469     -0.287984491273      -12.7164938107    
  -5634.27946208      -4631.49107484      -670.867045720    
HW               6
     7.673994031         4.604009356         2.661990512    
  -1.75023962613      -21.5980604698      -4.06306309792    
  -2351.22385085      -2088.13005155      -304.414526631    
OW               7
     10.77471962         5.710678100        0.8258747954    
 -0.342213278329      -4.10343740868      -2.28505751363    
   10076.2108332       1738.42039021      -872.365347799    
HW               8
     9.926723658         6.136519481        0.7804659443    
  -10.0149402212      -23.0690907253      0.491348095522    
  -5817.49323569       953.788021301       486.720881864    
HW               9
     10.62259972         4.911553347         1.316546944    
   20.4829250275      -4.20812042397       4.00073459649    
  -4036.27319052      -989.631525309       69.5104930422    
OW              10
     7.349068838         9.263550864        -4.325543787    
  -1.34402341084      -1.56255838596       5.75271628940    
  -8306.90008655       3507.65994806      -38.2139843459    
HW              11
     7.912818150         10.02666441        -4.277124478    
  -11.6834886123       6.87228944750      -6.80178428958    
   3303.82837975      -374.559699152       719.645710191    
HW              12
     7.941512921         8.524253880        -4.395899823    
   8.57429930977       5.68308247527       13.1347577669    
   5118.50547015      -2891.30689710       1736.89768076    
OW              13
     12.17313632         6.793953170        -1.703798349    
   1.64181560414      -2.35122901596      -2.01452924105    
  -1056.84551133       1422.56056617      -6380.41082019    
HW              14
     12.31449778         7.733273349        -1.689850688    
  -18.6001808826      0.757124231217      -6.19448991853    
   466.353409896       42.0710420241       1805.08240340    
HW              15
     12.09516057         6.543456670       -0.7907423387    
   7.10931275319      0.210201097678E-01 -0.896774915605    
  -1923.67586624      -1758.52738502       4360.55108661    
OW              16
     6.961676380         7.666490149        -1.178435195    
 -0.122516462719       6.62883575533      -1.23058563618    
   5236.73416837      -4140.42328604       1154.56573821    
HW              17
     6.793260660         8.514194747        -1.572811993    
   27.2993048673       9.35432081495      -7.08250081618    
  -3724.01268989       1705.78656664      -2644.31462204    
HW              18
     6.364925945         7.069560426        -1.614398285    
 -0.379551456472       17.8237814717      -16.2071059878    
  -2954.82925243       1593.25793351      -1482.08039281    
OW              19
     6.052640296        -12.13506490        -2.295828387    
  -3.91290027270      -2.32661742997      0.725144549084    
   9763.28076204      -5241.05243867      -10436.3440347    
HW              20
     5.601157394        -11.92529859        -1.486716969    
  -24.1713734361      -21.8552494425      -5.51615320489    
  -6476.31822127       3039.47493559       7840.66301128    
HW              21
     5.840678470        -11.42266669        -2.887487899    
  -4.32406210568       2.42054785653       6.58835227104    
  -2276.17848703       1606.54589471       1466.62939450    
OW              22
     6.191476475         10.83998197         3.939323662    
  0.587697269482      0.130655862804       1.11985780507    
  -7887.14987454       5305.35185182      -7344.37315057    
HW              23
     5.872118748         10.93561791         4.828910312    
  -3.53109520166      -19.2269543484       1.72228934020    
   1525.81781701      -1188.29726745       2175.11720193    
HW              24
     7.085919766         10.53322739         4.030826779    
   5.19421445468       12.8728426626      -1.19202242753    
   8386.71898607      -5147.79830998       4955.70501808    
OW              25
     4.123698543         8.296890907       -0.3666543060    
  -5.64668930374       1.86052962558      -4.38219987673    
  -5034.37417942      -13243.2150047      -4566.40920138    
HW              26
     3.981620608         8.871032020        -1.110076018    
  -20.0209941699      -6.94131236395      -8.43269739459    
   2313.61495258       4297.99242260      -2571.78571172    
HW              27
     4.149703286         8.873503832        0.3878927638    
  -25.8512071024       7.24672815207      -7.80191813319    
   3376.83522454       7527.72590617       5635.84090070    
OW              28
     4.735096917        -11.62398540        0.2923872535E-02
  0.523853807274     -0.321061747596     -0.957271938559    
  -3998.75986028       2379.61885933      -7705.52571739    
HW              29
     3.944354016        -11.84929369        0.4788039375    
   6.34776023899      -8.67136173496       4.76648294094    
   142.327587689      -111.665829023       2143.99228271    
HW              30
     5.446475895        -11.82041787        0.6011330544    
   8.13348554893      -16.4893154325      -15.3156307757    
   5405.95889734      -2464.35815355       7048.91538811    
OW              31
     8.617560754         9.596734625         4.581722715    
   2.34000197644      0.193209214837       1.47201728335    
  -10278.9168621       5946.18417994       2879.48604036    
HW              32
     9.147131199         9.682215413         5.365781500    
  -5.96594682800       27.0545238901       4.15352367790    
   3034.70266720      -1540.67988396      -879.575231065    
HW              33
     9.162279780         9.117948891         3.968089767    
   23.5098626756       13.3318270793       10.0130239605    
   7676.35870168      -3262.43517116      -2268.05218514    
OW              34
     5.562780627         3.355840485        0.9056339407    
  -4.20294672065      0.860271393579       5.78608892285    
   6710.61706948      -1377.37881237       3091.05272408    
HW              35
     5.069322020         2.739472572        0.3773450054    
   4.03936738318       6.93416833203      -8.99937313406    
  -1758.16403009       999.903207521      -957.668835102    
HW              36
     5.201049308         4.207815049        0.6916484570    
   4.99419700604       4.18127499061       3.46123807623    
  -5942.16376582       3132.82304535      -3117.35524439    
OW              37
     4.838101575         10.03426988         1.552187634    
  -10.8615300217      -5.80172700055      -4.24832094799    
  -7237.85555804      -3477.71478459      -5496.50712332    
HW              38
     5.043049458         10.88450682         1.181251655    
  -8.27242561662       2.48698437156       16.1810806733    
   3561.98786810       2158.94068982       1249.02664695    
HW              39
     5.398259232         9.957586106         2.315629177    
  -12.0334625099      -25.3006548950      -5.34700942195    
   3181.56528629       3010.32817527       5025.90942916    
OW              40
     8.718147349         11.19027096        0.1445607686    
  -2.87004685638       1.41493052733       1.54968222380    
  -441.552755287      -207.976132914       13705.8449647    
HW              41
     8.677661432         10.27899438       -0.1208368546    
   7.68896446985       4.10015464541      -9.28113478154    
   124.576150929      -1556.93720377      -2001.46861870    
HW              42
     8.625383007         11.68531026       -0.6609396058    
  -6.48151254841       9.89407749629       7.17665202411    
   1856.51515550      -590.584189588      -8169.34774616    
OW              43
     10.62979363         8.273428293         3.080070906    
   2.96585694855      -1.02130633257       3.98822776381    
  -1494.38650526       2524.93368461       7148.05139514    
HW              44
     10.14469650         8.309472864         2.264055240    
   1.49666696356      -1.44749984639       4.84279208911    
  -1295.69006072      -1755.08880009      -6269.86921890    
HW              45
     11.21309279         7.529422611         2.986702693    
  -3.41312416144      -6.37333718824       6.78454382444    
   456.916698047      -1363.63936756      -2750.12850642    
OW              46
     8.591914928         7.677687887        0.9040076075    
   3.01953033542       4.65569493048       5.21057787460    
   15651.8134980       2699.76285767       13050.5262873    
HW              47
     8.140126371         7.508918819        0.8553091240E-01
  -9.72608446796       19.6642399577       9.15124568180    
  -9080.54443965      -34.3886852092      -7736.61017200    
HW              48
     8.034257174         7.301444725         1.574797370    
   5.79455095166       6.18829233528       8.37720499919    
  -3870.20606748      -1688.40877564      -1987.26505221    
OW              49
     5.028565215         9.878344602        -2.781472588    
   3.37540726280       2.12820436233      -3.73121329474    
  -6589.93960875      -2607.44945345       7503.94778941    
HW              50
     5.668706421         9.718777072        -3.465034903    
  -3.80320379324       6.20697569350      -11.4059549927    
   5548.82072179      -343.646634690      -5016.82216967    
HW              51
     4.871100238         10.81488662        -2.805840999    
   17.6147917492       5.04712490625       16.4378237311    
   2431.81459340       2198.14432055      -1296.88390267    
OW              52
     3.694103117         5.603949651       -0.1639666707    
  -2.46944978560      0.261279396292       5.08165616676    
   1863.89944662      -14787.5780932       1851.74332139    
HW              53
     2.771275550         5.696947952       -0.3694918450    
   3.74243727299      -4.12058411826      -24.7930611277    
   134.350224968       3096.93128483      -236.285086519    
HW              54
     4.035584089         6.490443657       -0.1595946057    
  -1.40936442965     -0.773927735009E-01  -9.04625127009    
  -406.645320874       10538.4642969      -1186.55253275    
OW              55
     8.823144928         12.16876127        -2.343303064    
   4.22187201756       1.02981684041       3.40451920872    
   4747.70041338      -2936.17628735      -703.090995126    
HW              56
     9.336900064        -12.29975874        -2.671832843    
  -2.67523502718       1.66777018963      -5.96666737034    
  -479.585080375       1213.25902413      -474.648997876    
HW              57
     7.936655974         12.50361378        -2.276138167    
  0.771647404544E-01  -8.07337072660      -5.91600481079    
  -7595.59765130       3067.84389766      -1666.85457553    
OW              58
     6.752089178         12.55102137         1.741076608    
   4.28587215254       2.17200856578      -2.78431089000    
  -9069.35884598       8350.87566514      -5215.11969910    
HW              59
     6.530147839         12.08284281         2.537349724    
   6.08675919469       1.50343784552      -2.67545275815    
   1486.33596151      -4412.63239012       5793.25079450    
HW              60
     7.663357457         12.33861702         1.576837423    
   6.40427343886       9.28449501680     -0.228837564243    
   4964.43016633      -4179.87825374      -1545.71543282    
