  2.9119E+00  2.9640E+00 -9.1469E-02
  2.8850E+00  3.0572E+00 -5.1264E-02
  2.9665E+00  3.0666E+00 -6.1135E-02
  3.0339E+00  3.1845E+00 -1.3268E-02
  3.0888E+00  3.3432E+00 -8.6696E-03
  3.2018E+00  3.5197E+00 -6.4852E-03
  3.2903E+00  3.6858E+00  6.9141E-02
  3.3549E+00  3.7540E+00  1.0934E-01
  3.3331E+00  3.8276E+00  1.3479E-01
  3.3654E+00  3.8756E+00  1.4449E-01
  3.4464E+00  3.8498E+00  1.5589E-01
  3.4249E+00  3.8334E+00  1.7367E-01
  3.4131E+00  3.7621E+00  1.9618E-01
  3.3990E+00  3.7272E+00  2.0471E-01
  3.3858E+00  3.7064E+00  2.0476E-01
  3.3892E+00  3.6376E+00  2.1724E-01
  3.3891E+00  3.5820E+00  2.3726E-01
  3.4001E+00  3.5393E+00  2.6253E-01
  3.3985E+00  3.5133E+00  2.9484E-01
  3.4285E+00  3.4802E+00  3.4152E-01
  3.5092E+00  3.4772E+00  4.0826E-01
  3.6471E+00  3.5676E+00  4.6182E-01
  3.8158E+00  3.7332E+00  4.9204E-01
  4.0046E+00  3.8907E+00  5.2824E-01
  4.1580E+00  4.0769E+00  5.6108E-01
  4.1862E+00  4.2901E+00  6.3568E-01
  4.1963E+00  4.4313E+00  8.2915E-01
  4.2216E+00  4.5695E+00  9.7721E-01
  4.1444E+00  4.7646E+00  1.0228E+00
  4.1172E+00  4.9037E+00  1.0354E+00
  4.2330E+00  4.9552E+00  1.1472E+00
  4.2576E+00  5.0724E+00  1.1294E+00
  4.3718E+00  5.0617E+00  1.1536E+00
  4.5800E+00  5.0393E+00  1.1830E+00
  4.7660E+00  5.1343E+00  1.1028E+00
  5.0137E+00  5.0845E+00  1.1368E+00
  5.2265E+00  5.1470E+00  1.1168E+00
  5.4063E+00  5.3047E+00  1.0217E+00
  5.5299E+00  5.3570E+00  9.6018E-01
  5.5615E+00  5.5671E+00  9.3218E-01
  5.5298E+00  5.6941E+00  1.0005E+00
  5.3871E+00  5.7406E+00  9.9601E-01
  5.2437E+00  5.8062E+00  9.3276E-01
  5.2272E+00  5.7906E+00  9.7938E-01
  5.2837E+00  5.7994E+00  9.4303E-01
  5.3614E+00  5.8036E+00  8.4573E-01
  5.3637E+00  5.8660E+00  8.2050E-01
  5.3729E+00  5.7914E+00  8.5843E-01
  5.4040E+00  5.7889E+00  7.6843E-01
  5.5643E+00  5.8775E+00  7.0363E-01
  5.7382E+00  5.9615E+00  6.5178E-01
  5.9034E+00  6.1024E+00  5.2930E-01
  6.0694E+00  6.1024E+00  5.3028E-01
  6.1222E+00  6.1989E+00  3.9014E-01
  6.1772E+00  6.1377E+00  4.2382E-01
  6.2037E+00  6.2957E+00  5.8701E-01
  6.1270E+00  6.5207E+00  7.6970E-01
  5.9191E+00  6.4596E+00  9.9637E-01
  5.5687E+00  6.4960E+00  8.6446E-01
  5.2439E+00  6.5060E+00  6.6771E-01
  5.0969E+00  6.4776E+00  7.4227E-01
  4.9192E+00  6.8746E+00  7.0501E-01
  4.6842E+00  7.0174E+00  7.7624E-01
  4.5002E+00  7.0147E+00  7.2149E-01
  4.4109E+00  7.1825E+00  4.7669E-01
  4.5636E+00  7.0229E+00  5.5897E-01
  4.5636E+00  6.9052E+00  2.1462E-01
  4.5386E+00  6.5404E+00  4.0272E-02
  4.6369E+00  6.4302E+00  1.3660E-03
  4.7079E+00  6.5257E+00 -3.8522E-02
  4.5897E+00  6.5060E+00 -6.5301E-02
  4.4985E+00  6.4779E+00 -3.7012E-02
  4.4893E+00  6.3971E+00  1.7905E-01
  4.4042E+00  6.4696E+00  3.3605E-01
  4.2531E+00  6.3231E+00  4.9849E-01
  4.1742E+00  6.1979E+00  6.2711E-01
  4.2849E+00  6.2344E+00  7.4094E-01
  4.6436E+00  6.1278E+00  1.0430E+00
  4.6200E+00  6.1778E+00  1.2688E+00
  4.4228E+00  6.2116E+00  1.3433E+00
  4.4783E+00  6.2365E+00  1.5278E+00
  4.7056E+00  6.4195E+00  1.6579E+00
  4.7731E+00  6.4757E+00  1.5969E+00
  4.8144E+00  6.5048E+00  1.6365E+00
  4.9494E+00  6.4162E+00  1.6643E+00
  5.1157E+00  6.4075E+00  1.5675E+00
  5.1963E+00  6.4615E+00  1.6776E+00
  5.0876E+00  6.4507E+00  1.9229E+00
  5.0421E+00  6.5906E+00  1.9370E+00
  5.0974E+00  6.5608E+00  2.1093E+00
  5.2425E+00  6.6121E+00  2.2829E+00
  5.3037E+00  6.6041E+00  2.3999E+00
  5.2083E+00  6.6036E+00  2.4645E+00
  5.1034E+00  6.6757E+00  2.5111E+00
  5.0593E+00  6.5979E+00  2.5053E+00
  5.0165E+00  6.5902E+00  2.4356E+00
  4.8974E+00  6.5591E+00  2.3443E+00
  4.9019E+00  6.5265E+00  2.1594E+00
  4.8401E+00  6.3116E+00  2.0387E+00
  4.7846E+00  6.2752E+00  1.8451E+00
  4.7818E+00  6.1258E+00  1.5871E+00
  4.7406E+00  6.0919E+00  1.4993E+00
  4.6111E+00  6.2327E+00  1.4911E+00
  4.5076E+00  6.2131E+00  1.4241E+00
  4.5214E+00  6.3952E+00  1.3546E+00
  4.6442E+00  6.3685E+00  1.4290E+00
  4.7303E+00  6.5324E+00  1.5158E+00
  4.6632E+00  6.6331E+00  1.5981E+00
  4.5789E+00  6.5740E+00  1.7271E+00
  4.5945E+00  6.6894E+00  1.7691E+00
  4.4522E+00  6.6416E+00  1.6616E+00
  4.2172E+00  6.7710E+00  1.5819E+00
  4.1393E+00  6.7334E+00  1.5805E+00
  4.2225E+00  6.6497E+00  1.4465E+00
  4.3615E+00  6.5696E+00  1.3387E+00
  4.4431E+00  6.3502E+00  1.3906E+00
  4.5504E+00  6.3885E+00  1.3860E+00
  4.5096E+00  6.3858E+00  1.5014E+00
  4.5266E+00  6.5270E+00  1.6090E+00
  4.5993E+00  6.5827E+00  1.6525E+00
  4.7199E+00  6.6065E+00  1.7771E+00
  4.7779E+00  6.6344E+00  1.9223E+00
  4.8498E+00  6.5792E+00  2.0434E+00
  4.9760E+00  6.5182E+00  2.2080E+00
  5.0932E+00  6.4074E+00  2.2277E+00
  5.1250E+00  6.3866E+00  2.1655E+00
  4.9890E+00  6.3288E+00  2.3716E+00
  4.9121E+00  6.3360E+00  2.4141E+00
  4.8953E+00  6.3852E+00  2.2996E+00
  4.8789E+00  6.4363E+00  2.2557E+00
  4.7630E+00  6.5951E+00  2.2029E+00
  4.6390E+00  6.7153E+00  2.1166E+00
  4.6648E+00  6.8739E+00  2.0445E+00
  4.7352E+00  6.9266E+00  2.0955E+00
  4.8927E+00  6.9794E+00  2.1492E+00
  5.0591E+00  6.8241E+00  2.1333E+00
  5.1659E+00  6.8558E+00  2.2420E+00
  5.1876E+00  6.7378E+00  2.3756E+00
  5.3029E+00  6.6302E+00  2.3228E+00
  5.4965E+00  6.5064E+00  2.2069E+00
  5.6194E+00  6.3853E+00  2.2131E+00
  5.5905E+00  6.4335E+00  2.2770E+00
  5.5428E+00  6.4019E+00  2.2554E+00
  5.5848E+00  6.5787E+00  2.2903E+00
  5.5365E+00  6.6464E+00  2.3635E+00
  5.2576E+00  6.7212E+00  2.3313E+00
  4.9744E+00  6.7939E+00  2.1044E+00
  4.7623E+00  6.6740E+00  2.0281E+00
  4.6803E+00  6.6715E+00  2.0675E+00
  4.6437E+00  6.5231E+00  1.9667E+00
  4.6623E+00  6.5363E+00  2.0167E+00
  4.4745E+00  6.4249E+00  2.1783E+00
  4.2199E+00  6.4372E+00  2.2671E+00
  4.0485E+00  6.5692E+00  2.3239E+00
  3.9307E+00  6.5387E+00  2.2457E+00
  3.8401E+00  6.6027E+00  2.0481E+00
  3.7898E+00  6.6039E+00  1.7751E+00
  3.7824E+00  6.4474E+00  1.5855E+00
  3.7588E+00  6.5506E+00  1.4938E+00
  3.7058E+00  6.6704E+00  1.5281E+00
  3.6616E+00  6.8160E+00  1.5948E+00
  3.5617E+00  7.0139E+00  1.6804E+00
  3.4821E+00  7.0194E+00  1.8028E+00
  3.5935E+00  7.0616E+00  1.9042E+00
  3.7284E+00  6.9054E+00  1.9024E+00
  3.9163E+00  6.7357E+00  1.7837E+00
  4.0577E+00  6.5728E+00  1.7461E+00
  4.0578E+00  6.4072E+00  1.7325E+00
  4.0670E+00  6.4085E+00  1.5838E+00
  3.9901E+00  6.5524E+00  1.5642E+00
  3.8471E+00  6.7058E+00  1.6824E+00
  3.7706E+00  6.7598E+00  1.6299E+00
  3.6645E+00  6.8107E+00  1.5601E+00
  3.6599E+00  6.8105E+00  1.4540E+00
  3.7387E+00  6.6522E+00  1.3294E+00
  3.8489E+00  6.6211E+00  1.2077E+00
  3.8162E+00  6.5482E+00  1.3952E+00
  3.7567E+00  6.5013E+00  1.6527E+00
  3.6819E+00  6.5280E+00  1.8332E+00
  3.5539E+00  6.4090E+00  1.8751E+00
  3.5309E+00  6.4536E+00  1.7851E+00
  3.5717E+00  6.4649E+00  1.8146E+00
  3.6471E+00  6.4492E+00  1.9142E+00
  3.7449E+00  6.4468E+00  1.8549E+00
  3.8073E+00  6.4832E+00  1.6951E+00
  3.8964E+00  6.4892E+00  1.5355E+00
  3.9424E+00  6.5183E+00  1.6145E+00
  4.0068E+00  6.6424E+00  1.6728E+00
  4.0321E+00  6.6380E+00  1.6659E+00
  4.0910E+00  6.6854E+00  1.7982E+00
  4.1203E+00  6.6719E+00  1.9135E+00
  4.2136E+00  6.6765E+00  1.8716E+00
  4.2841E+00  6.6384E+00  1.8907E+00
  4.3013E+00  6.6038E+00  2.0159E+00
  4.3468E+00  6.6926E+00  2.0078E+00
  4.3310E+00  6.6404E+00  1.9093E+00
  4.2865E+00  6.6651E+00  2.0508E+00
  4.2053E+00  6.6656E+00  2.0588E+00
  4.2450E+00  6.6418E+00  1.9056E+00
  4.3749E+00  6.6708E+00  1.8845E+00
  4.4137E+00  6.6363E+00  2.0147E+00
  4.4399E+00  6.6275E+00  2.0627E+00
  4.5872E+00  6.6805E+00  2.0595E+00
  4.7720E+00  6.7972E+00  2.0874E+00
  4.8585E+00  6.9045E+00  2.1896E+00
  4.9055E+00  7.0119E+00  2.2247E+00
  4.8548E+00  7.0872E+00  2.1633E+00
  4.7574E+00  7.1428E+00  2.1261E+00
  4.6876E+00  7.2162E+00  2.1163E+00
  4.5749E+00  7.1763E+00  2.0086E+00
  4.3847E+00  7.1736E+00  1.8873E+00
  4.1712E+00  7.0869E+00  1.9016E+00
  4.0136E+00  7.0418E+00  1.9305E+00
  3.9692E+00  6.9836E+00  1.9357E+00
  3.9029E+00  6.8999E+00  1.8512E+00
  3.7312E+00  6.8387E+00  1.9676E+00
  3.7215E+00  6.8267E+00  2.1215E+00
  3.8321E+00  6.8479E+00  2.1530E+00
  3.9363E+00  6.7968E+00  2.0046E+00
  4.0822E+00  6.7343E+00  1.8614E+00
  4.2296E+00  6.6490E+00  1.9321E+00
  4.3762E+00  6.5838E+00  1.9247E+00
  4.5053E+00  6.6370E+00  1.8160E+00
  4.5989E+00  6.7232E+00  1.7461E+00
  4.6297E+00  6.6962E+00  1.8317E+00
  4.7786E+00  6.7071E+00  1.8601E+00
  4.7970E+00  6.7308E+00  1.9263E+00
  4.6388E+00  6.7427E+00  2.0380E+00
  4.5360E+00  6.7344E+00  1.9926E+00
  4.4916E+00  6.7420E+00  2.0414E+00
  4.3821E+00  6.6707E+00  2.0414E+00
  4.2829E+00  6.7254E+00  1.9609E+00
  4.1016E+00  6.7935E+00  2.0073E+00
  3.8992E+00  6.8926E+00  2.1253E+00
  3.7474E+00  6.9857E+00  2.1386E+00
  3.6743E+00  7.0152E+00  2.0712E+00
  3.6850E+00  7.1029E+00  2.0969E+00
  3.7148E+00  7.1243E+00  2.1504E+00
  3.7282E+00  7.1686E+00  2.1197E+00
  3.7461E+00  7.1827E+00  2.1517E+00
  3.7761E+00  7.1876E+00  2.1553E+00
  3.7839E+00  7.2509E+00  2.1160E+00
  3.8186E+00  7.2895E+00  2.2077E+00
  3.8812E+00  7.3868E+00  2.2932E+00
  3.9251E+00  7.3403E+00  2.3415E+00
  4.0764E+00  7.3721E+00  2.2813E+00
  4.2834E+00  7.3764E+00  2.2326E+00
  4.4518E+00  7.3351E+00  2.2884E+00
  4.6788E+00  7.3002E+00  2.2985E+00
  4.8407E+00  7.1833E+00  2.2360E+00
  4.9512E+00  7.1932E+00  2.1971E+00
  5.1060E+00  7.1494E+00  2.3181E+00
  5.0927E+00  7.1637E+00  2.3852E+00
  4.9639E+00  7.1323E+00  2.3772E+00
  4.8496E+00  7.0639E+00  2.4134E+00
  4.7041E+00  7.1507E+00  2.4764E+00
  4.5882E+00  7.1713E+00  2.4713E+00
  4.4857E+00  7.2232E+00  2.4073E+00
  4.3986E+00  7.1973E+00  2.3768E+00
  4.3152E+00  7.1769E+00  2.4233E+00
  4.3225E+00  7.2100E+00  2.3330E+00
  4.3538E+00  7.1261E+00  2.2565E+00
  4.3269E+00  7.1580E+00  2.2847E+00
  4.2846E+00  7.1661E+00  2.2818E+00
  4.2851E+00  7.1690E+00  2.2198E+00
  4.2750E+00  7.1552E+00  2.1824E+00
  4.2161E+00  7.1350E+00  2.2365E+00
  4.2172E+00  7.1214E+00  2.2186E+00
  4.2839E+00  7.0424E+00  2.1173E+00
  4.3130E+00  7.0177E+00  2.1296E+00
  4.3184E+00  7.0278E+00  2.1533E+00
  4.3706E+00  7.0718E+00  2.1149E+00
  4.3979E+00  7.1231E+00  2.0920E+00
  4.3134E+00  7.2223E+00  2.1749E+00
  4.1513E+00  7.2830E+00  2.2360E+00
  3.9911E+00  7.2584E+00  2.1893E+00
  3.8387E+00  7.2541E+00  2.1447E+00
  3.6387E+00  7.1536E+00  2.2145E+00
  3.4207E+00  7.1265E+00  2.2413E+00
  3.3704E+00  6.9322E+00  2.1688E+00
  3.4818E+00  6.9065E+00  2.0542E+00
  3.5464E+00  6.8459E+00  2.0442E+00
  3.6130E+00  6.8874E+00  2.1292E+00
  3.8001E+00  6.9472E+00  2.1013E+00
  3.9851E+00  6.9038E+00  1.9824E+00
  4.1251E+00  7.0855E+00  2.0347E+00
  4.2584E+00  7.0831E+00  2.2429E+00
  4.3722E+00  7.1839E+00  2.3362E+00
  4.4661E+00  7.1649E+00  2.2776E+00
  4.5390E+00  7.1379E+00  2.2182E+00
  4.5169E+00  7.1065E+00  2.3742E+00
  4.3948E+00  6.9838E+00  2.4668E+00
  4.3350E+00  6.9857E+00  2.3842E+00
  4.3262E+00  6.9130E+00  2.3229E+00
  4.2129E+00  6.8753E+00  2.4200E+00
  4.0399E+00  6.8219E+00  2.4057E+00
  4.0233E+00  6.7261E+00  2.2844E+00
  4.0983E+00  6.8546E+00  2.1878E+00
  4.1040E+00  6.8809E+00  2.2969E+00
  4.1228E+00  6.9710E+00  2.2959E+00
  4.1763E+00  6.9496E+00  2.1800E+00
  4.2314E+00  6.9938E+00  2.1524E+00
  4.2585E+00  7.0319E+00  2.2504E+00
  4.1885E+00  7.0204E+00  2.2597E+00
  4.0808E+00  7.0253E+00  2.1744E+00
  3.9362E+00  6.9511E+00  2.1627E+00
  3.7464E+00  7.0691E+00  2.2793E+00
  3.6231E+00  7.0411E+00  2.3185E+00
  3.5848E+00  7.0157E+00  2.1959E+00
  3.5878E+00  7.1017E+00  2.1546E+00
  3.6793E+00  7.0611E+00  2.1921E+00
  3.8742E+00  7.1403E+00  2.1841E+00
  4.1000E+00  7.0908E+00  2.2029E+00
  4.2711E+00  6.9828E+00  2.1942E+00
  4.3632E+00  6.9065E+00  2.2033E+00
  4.4516E+00  6.8027E+00  2.2614E+00
  4.5322E+00  6.8052E+00  2.3149E+00
  4.5173E+00  6.7120E+00  2.3413E+00
  4.4634E+00  6.7479E+00  2.3775E+00
  4.4243E+00  6.6940E+00  2.3869E+00
  4.4268E+00  6.7363E+00  2.3577E+00
  4.3856E+00  6.7782E+00  2.3309E+00
  4.3353E+00  6.7941E+00  2.3419E+00
  4.3100E+00  6.9040E+00  2.3416E+00
  4.2296E+00  6.8536E+00  2.2590E+00
  4.0905E+00  6.9813E+00  2.3441E+00
  3.9970E+00  6.9638E+00  2.5097E+00
  3.9732E+00  7.0306E+00  2.5548E+00
  3.9111E+00  7.0678E+00  2.4596E+00
  3.8757E+00  7.0008E+00  2.3734E+00
  3.9351E+00  7.0150E+00  2.4236E+00
  4.0318E+00  6.9220E+00  2.3842E+00
  4.1637E+00  6.8519E+00  2.1632E+00
  4.3499E+00  6.7611E+00  2.0138E+00
  4.4553E+00  6.6538E+00  2.0173E+00
  4.4357E+00  6.6711E+00  2.0153E+00
  4.4126E+00  6.7056E+00  2.1091E+00
  4.3736E+00  6.7776E+00  2.2159E+00
  4.1904E+00  6.7631E+00  2.3784E+00
  4.1566E+00  6.8876E+00  2.5209E+00
  4.2714E+00  6.8699E+00  2.6439E+00
  4.2893E+00  6.9305E+00  2.7392E+00
  4.3742E+00  6.9642E+00  2.6647E+00
  4.5361E+00  6.7935E+00  2.4871E+00
  4.6718E+00  6.8168E+00  2.4111E+00
  4.7157E+00  6.7386E+00  2.3499E+00
  4.6374E+00  6.6735E+00  2.2072E+00
  4.5101E+00  6.6195E+00  2.1223E+00
  4.3338E+00  6.5631E+00  2.2068E+00
  4.1598E+00  6.6165E+00  2.2479E+00
  4.0559E+00  6.5290E+00  2.2147E+00
  4.0364E+00  6.6296E+00  2.2538E+00
  4.0489E+00  6.6066E+00  2.4303E+00
  4.1346E+00  6.6538E+00  2.5665E+00
  4.3687E+00  6.7715E+00  2.5463E+00
  4.6358E+00  6.7004E+00  2.5198E+00
  4.9065E+00  6.8352E+00  2.6087E+00
  5.0796E+00  6.8038E+00  2.5580E+00
  5.1573E+00  6.7659E+00  2.4165E+00
  5.1835E+00  6.7806E+00  2.3703E+00
  5.1280E+00  6.5804E+00  2.3893E+00
  4.9859E+00  6.6472E+00  2.3536E+00
  4.8068E+00  6.4613E+00  2.2799E+00
  4.5939E+00  6.4050E+00  2.1597E+00
  4.4237E+00  6.3973E+00  2.1978E+00
  4.2549E+00  6.2286E+00  2.3645E+00
  4.1061E+00  6.3807E+00  2.4016E+00
  4.0285E+00  6.2859E+00  2.3934E+00
  4.0131E+00  6.4282E+00  2.4165E+00
  4.0179E+00  6.5612E+00  2.5256E+00
  4.0985E+00  6.6064E+00  2.4987E+00
  4.2009E+00  6.7420E+00  2.3913E+00
  4.3169E+00  6.6882E+00  2.3349E+00
  4.4301E+00  6.7734E+00  2.3354E+00
  4.5689E+00  6.6636E+00  2.2833E+00
  4.6978E+00  6.5910E+00  2.2060E+00
  4.7966E+00  6.4685E+00  2.2906E+00
  4.8647E+00  6.3920E+00  2.4096E+00
  4.9149E+00  6.4380E+00  2.4635E+00
  4.9413E+00  6.2291E+00  2.5479E+00
  4.9010E+00  6.3934E+00  2.6868E+00
  4.8795E+00  6.3929E+00  2.7016E+00
  4.9458E+00  6.2702E+00  2.6786E+00
  4.9483E+00  6.4351E+00  2.7564E+00
  4.8607E+00  6.2623E+00  2.6306E+00
  4.7986E+00  6.3017E+00  2.3960E+00
  4.8311E+00  6.2899E+00  2.2074E+00
  4.8279E+00  6.1996E+00  2.0735E+00
  4.7397E+00  6.3852E+00  1.9645E+00
  4.6502E+00  6.3475E+00  1.9930E+00
  4.4983E+00  6.4238E+00  2.0399E+00
  4.2496E+00  6.4465E+00  2.0085E+00
  4.1067E+00  6.4213E+00  2.1782E+00
  4.0891E+00  6.5089E+00  2.5248E+00
  4.1354E+00  6.4458E+00  2.7491E+00
  4.2644E+00  6.3992E+00  2.7578E+00
  4.4501E+00  6.3826E+00  2.6282E+00
  4.7225E+00  6.2249E+00  2.5045E+00
  4.9979E+00  6.3383E+00  2.4339E+00
  5.1606E+00  6.2408E+00  2.3212E+00
