  2.8409E+00  1.1705E+01 -5.0843E-02
  2.6696E+00  1.1564E+01 -2.9086E-02
  2.7654E+00  1.1465E+01  7.7799E-02
  2.8925E+00  1.1425E+01  6.5763E-02
  3.0014E+00  1.1407E+01  6.3403E-02
  3.0502E+00  1.1443E+01  9.4008E-02
  3.0296E+00  1.1415E+01  7.9030E-02
  3.0549E+00  1.1351E+01  5.6322E-02
  3.0765E+00  1.1329E+01  1.3882E-02
  3.0466E+00  1.1253E+01 -1.0835E-02
  3.0368E+00  1.1242E+01 -3.1323E-02
  3.0989E+00  1.1297E+01 -7.1434E-02
  3.2108E+00  1.1289E+01 -1.1368E-01
  3.2706E+00  1.1289E+01 -1.4691E-01
  3.2646E+00  1.1294E+01 -1.8182E-01
  3.2863E+00  1.1297E+01 -2.3885E-01
  3.3550E+00  1.1343E+01 -3.2332E-01
  3.4219E+00  1.1344E+01 -4.1528E-01
  3.3838E+00  1.1310E+01 -4.9527E-01
  3.2743E+00  1.1367E+01 -5.9657E-01
  3.2204E+00  1.1379E+01 -7.2982E-01
  3.2443E+00  1.1334E+01 -8.3515E-01
  3.3000E+00  1.1292E+01 -8.5599E-01
  3.3011E+00  1.1306E+01 -8.2397E-01
  3.2242E+00  1.1329E+01 -8.0257E-01
  3.1873E+00  1.1224E+01 -8.7147E-01
  3.2087E+00  1.1202E+01 -9.9662E-01
  3.2913E+00  1.1285E+01 -1.0862E+00
  3.2870E+00  1.1260E+01 -1.1078E+00
  3.2577E+00  1.1252E+01 -1.1642E+00
  3.2757E+00  1.1423E+01 -1.3077E+00
  3.1771E+00  1.1390E+01 -1.4321E+00
  2.9900E+00  1.1294E+01 -1.4574E+00
  2.7978E+00  1.1497E+01 -1.5874E+00
  2.8733E+00  1.1601E+01 -1.9335E+00
  3.0398E+00  1.1734E+01 -2.1370E+00
  3.2706E+00  1.1750E+01 -2.0121E+00
  3.5316E+00  1.1645E+01 -1.7901E+00
  3.8089E+00  1.1631E+01 -1.6361E+00
  4.1046E+00  1.1714E+01 -1.5133E+00
  4.2927E+00  1.1677E+01 -1.4492E+00
  4.3822E+00  1.1499E+01 -1.3950E+00
  4.3788E+00  1.1391E+01 -1.4258E+00
  4.3705E+00  1.1454E+01 -1.4904E+00
  4.2809E+00  1.1482E+01 -1.6043E+00
  4.2005E+00  1.1390E+01 -1.5609E+00
  4.1599E+00  1.1369E+01 -1.4572E+00
  4.0993E+00  1.1447E+01 -1.4530E+00
  3.9829E+00  1.1386E+01 -1.4197E+00
  3.7959E+00  1.1343E+01 -1.3574E+00
  3.6846E+00  1.1333E+01 -1.2171E+00
  3.8299E+00  1.1053E+01 -1.2677E+00
  3.8925E+00  1.1072E+01 -1.4130E+00
  3.9166E+00  1.1202E+01 -1.4643E+00
  3.8931E+00  1.1377E+01 -1.4180E+00
  4.1261E+00  1.1348E+01 -1.4561E+00
  4.2771E+00  1.1427E+01 -1.5327E+00
  4.2255E+00  1.1908E+01 -1.6419E+00
  4.1074E+00  1.2346E+01 -1.7357E+00
  4.0519E+00 -1.2580E+01 -1.7707E+00
  4.0311E+00 -1.2591E+01 -1.6763E+00
  4.1298E+00  1.2395E+01 -1.6165E+00
  4.3073E+00  1.2118E+01 -1.6705E+00
  4.3761E+00  1.1957E+01 -1.7323E+00
  4.4643E+00  1.1896E+01 -1.6270E+00
  4.4748E+00  1.1806E+01 -1.5242E+00
  4.4696E+00  1.1877E+01 -1.4626E+00
  4.5934E+00  1.1897E+01 -1.5295E+00
  4.7064E+00  1.1838E+01 -1.5677E+00
  4.8528E+00  1.1677E+01 -1.5277E+00
  5.0461E+00  1.1622E+01 -1.5820E+00
  5.1431E+00  1.1715E+01 -1.5703E+00
  5.1676E+00  1.1766E+01 -1.5172E+00
  5.1819E+00  1.1677E+01 -1.4466E+00
  5.1842E+00  1.1636E+01 -1.3843E+00
  5.2166E+00  1.1580E+01 -1.3493E+00
  5.1040E+00  1.1556E+01 -1.2887E+00
  4.9267E+00  1.1496E+01 -1.2732E+00
  5.0348E+00  1.1419E+01 -1.4514E+00
  5.1777E+00  1.1232E+01 -1.6273E+00
  5.2255E+00  1.1212E+01 -1.7853E+00
  5.1795E+00  1.1083E+01 -2.0625E+00
  5.1601E+00  1.0982E+01 -2.1524E+00
  5.1826E+00  1.0836E+01 -2.3161E+00
  5.1865E+00  1.0782E+01 -2.3650E+00
  5.0335E+00  1.0908E+01 -2.3229E+00
  4.8472E+00  1.0897E+01 -2.3116E+00
  4.6789E+00  1.0869E+01 -2.1379E+00
  4.5415E+00  1.1073E+01 -2.0934E+00
  4.4474E+00  1.1335E+01 -2.1505E+00
  4.3537E+00  1.1344E+01 -2.1436E+00
  4.2425E+00  1.1234E+01 -2.0135E+00
  4.1312E+00  1.1169E+01 -2.1262E+00
  4.0611E+00  1.1159E+01 -2.2124E+00
  4.0697E+00  1.1034E+01 -2.1506E+00
  4.2144E+00  1.0886E+01 -2.0614E+00
  4.2560E+00  1.0994E+01 -2.0680E+00
  4.3820E+00  1.1195E+01 -2.0733E+00
  4.6228E+00  1.1353E+01 -1.9689E+00
  4.7711E+00  1.1460E+01 -1.9465E+00
  5.1253E+00  1.1702E+01 -2.0380E+00
  5.4396E+00  1.1883E+01 -2.0538E+00
  5.5893E+00  1.2044E+01 -1.9461E+00
  5.6820E+00  1.2088E+01 -1.8988E+00
  5.7074E+00  1.2065E+01 -1.8985E+00
  5.6432E+00  1.1891E+01 -1.8563E+00
  5.4620E+00  1.1685E+01 -1.7850E+00
  5.3690E+00  1.1535E+01 -1.6961E+00
  5.4038E+00  1.1523E+01 -1.7491E+00
  5.3853E+00  1.1609E+01 -1.8229E+00
  5.2936E+00  1.1716E+01 -1.8248E+00
  5.1098E+00  1.1807E+01 -1.7737E+00
  5.0548E+00  1.1898E+01 -1.8103E+00
  5.1923E+00  1.1888E+01 -1.8531E+00
  5.3196E+00  1.1708E+01 -1.7332E+00
  5.3284E+00  1.1695E+01 -1.6428E+00
  5.2774E+00  1.1763E+01 -1.5930E+00
  5.2506E+00  1.1756E+01 -1.5540E+00
  5.3542E+00  1.1618E+01 -1.5832E+00
  5.4445E+00  1.1405E+01 -1.5896E+00
  5.3655E+00  1.1364E+01 -1.7467E+00
  5.2014E+00  1.1494E+01 -2.0136E+00
  5.0545E+00  1.1488E+01 -2.1538E+00
  5.0688E+00  1.1374E+01 -2.2480E+00
  5.1906E+00  1.1384E+01 -2.4386E+00
  5.1680E+00  1.1448E+01 -2.5177E+00
  5.1008E+00  1.1462E+01 -2.4163E+00
  5.0022E+00  1.1334E+01 -2.3911E+00
  4.8336E+00  1.1087E+01 -2.2420E+00
  4.7244E+00  1.0916E+01 -1.9508E+00
  4.8449E+00  1.0712E+01 -1.8746E+00
  4.8795E+00  1.0550E+01 -1.7118E+00
  4.7093E+00  1.0417E+01 -1.6037E+00
  4.6617E+00  1.0343E+01 -1.6808E+00
  4.6530E+00  1.0301E+01 -1.8552E+00
  4.7010E+00  1.0377E+01 -1.8859E+00
  4.6645E+00  1.0663E+01 -1.8672E+00
  4.5570E+00  1.0890E+01 -2.0569E+00
  4.6759E+00  1.1028E+01 -2.2302E+00
  4.8321E+00  1.1050E+01 -2.2482E+00
  4.8082E+00  1.1170E+01 -2.1579E+00
  4.7460E+00  1.1189E+01 -2.1451E+00
  4.7681E+00  1.1264E+01 -2.0768E+00
  4.9129E+00  1.1271E+01 -2.0202E+00
  4.9460E+00  1.1208E+01 -2.0752E+00
  4.9714E+00  1.1032E+01 -1.9808E+00
  4.9899E+00  1.0870E+01 -1.8628E+00
  5.0637E+00  1.0814E+01 -1.7786E+00
  5.2606E+00  1.0610E+01 -1.7969E+00
  5.2251E+00  1.0679E+01 -1.7578E+00
  5.0279E+00  1.0657E+01 -1.8554E+00
  4.9895E+00  1.0694E+01 -1.8421E+00
  5.1332E+00  1.0937E+01 -1.9361E+00
  5.2184E+00  1.1080E+01 -2.0528E+00
  5.2689E+00  1.1132E+01 -2.1083E+00
  5.1754E+00  1.1305E+01 -2.1448E+00
  5.1978E+00  1.1485E+01 -1.9900E+00
  5.3448E+00  1.1509E+01 -1.9902E+00
  5.4511E+00  1.1305E+01 -1.8839E+00
  5.3854E+00  1.1060E+01 -1.8009E+00
  5.3852E+00  1.1050E+01 -1.6800E+00
  5.5002E+00  1.1044E+01 -1.7284E+00
  5.6255E+00  1.0856E+01 -1.8215E+00
  5.7303E+00  1.0819E+01 -1.7792E+00
  5.7495E+00  1.0817E+01 -1.8903E+00
  5.7655E+00  1.1039E+01 -1.9573E+00
  5.8346E+00  1.1134E+01 -2.1277E+00
  5.7826E+00  1.1075E+01 -2.2016E+00
  5.6624E+00  1.0967E+01 -2.1814E+00
  5.7208E+00  1.0971E+01 -2.2423E+00
  5.7059E+00  1.1159E+01 -2.2210E+00
  5.6431E+00  1.1151E+01 -2.2660E+00
  5.7682E+00  1.0925E+01 -2.1230E+00
  5.9644E+00  1.0797E+01 -2.0856E+00
  6.1174E+00  1.0861E+01 -2.1909E+00
  6.1656E+00  1.1049E+01 -2.2602E+00
  6.1538E+00  1.0908E+01 -2.3665E+00
  6.2920E+00  1.0844E+01 -2.3100E+00
  6.5125E+00  1.1042E+01 -2.3817E+00
  6.4944E+00  1.1033E+01 -2.3755E+00
  6.5769E+00  1.0987E+01 -2.2621E+00
  6.7105E+00  1.0781E+01 -2.3765E+00
  6.7954E+00  1.0606E+01 -2.3788E+00
  6.8448E+00  1.0677E+01 -2.2959E+00
  6.7952E+00  1.0606E+01 -2.2519E+00
  6.7773E+00  1.0537E+01 -2.1945E+00
  6.6787E+00  1.0426E+01 -2.1369E+00
  6.5569E+00  1.0429E+01 -2.2429E+00
  6.5070E+00  1.0511E+01 -2.1545E+00
  6.5125E+00  1.0410E+01 -2.1311E+00
  6.5245E+00  1.0471E+01 -2.0095E+00
  6.4562E+00  1.0398E+01 -1.9625E+00
  6.4237E+00  1.0297E+01 -2.0424E+00
  6.4851E+00  1.0404E+01 -1.9610E+00
  6.4735E+00  1.0458E+01 -1.9487E+00
  6.5021E+00  1.0333E+01 -2.1553E+00
  6.4366E+00  1.0446E+01 -2.1845E+00
  6.3462E+00  1.0529E+01 -2.3046E+00
  6.3302E+00  1.0471E+01 -2.2815E+00
  6.4203E+00  1.0526E+01 -2.1665E+00
  6.4628E+00  1.0421E+01 -2.4442E+00
  6.3524E+00  1.0330E+01 -2.4708E+00
  6.3521E+00  1.0419E+01 -2.3351E+00
  6.4485E+00  1.0345E+01 -2.3711E+00
  6.4317E+00  1.0301E+01 -2.3098E+00
  6.3556E+00  1.0282E+01 -2.1965E+00
  6.3811E+00  1.0256E+01 -2.3223E+00
  6.4362E+00  1.0249E+01 -2.1466E+00
  6.5072E+00  1.0267E+01 -1.9624E+00
  6.6258E+00  1.0273E+01 -2.0405E+00
  6.7252E+00  1.0198E+01 -2.1091E+00
  6.6007E+00  1.0366E+01 -2.2016E+00
  6.6557E+00  1.0449E+01 -2.3245E+00
  6.7288E+00  1.0409E+01 -2.3001E+00
  6.6194E+00  1.0358E+01 -2.4814E+00
  6.4570E+00  1.0476E+01 -2.5940E+00
  6.3853E+00  1.0605E+01 -2.4372E+00
  6.3620E+00  1.0581E+01 -2.3505E+00
  6.2310E+00  1.0579E+01 -2.4884E+00
  6.1969E+00  1.0491E+01 -2.4566E+00
  6.2835E+00  1.0449E+01 -2.3035E+00
  6.3312E+00  1.0642E+01 -2.2686E+00
  6.2907E+00  1.0714E+01 -2.2943E+00
  6.3033E+00  1.0690E+01 -2.2921E+00
  6.2140E+00  1.0373E+01 -2.3263E+00
  6.1330E+00  1.0027E+01 -2.3674E+00
  6.1647E+00  1.0105E+01 -2.3334E+00
  6.2683E+00  1.0196E+01 -2.0956E+00
  6.2938E+00  1.0258E+01 -2.1599E+00
  6.3452E+00  1.0335E+01 -2.1880E+00
  6.2712E+00  1.0385E+01 -2.1585E+00
  6.2550E+00  1.0378E+01 -2.2085E+00
  6.3311E+00  1.0399E+01 -2.1985E+00
  6.2396E+00  1.0483E+01 -2.3838E+00
  6.2594E+00  1.0438E+01 -2.6049E+00
  6.3586E+00  1.0360E+01 -2.5334E+00
  6.5521E+00  1.0350E+01 -2.3535E+00
  6.7138E+00  1.0419E+01 -2.4486E+00
  6.5574E+00  1.0368E+01 -2.3402E+00
  6.5724E+00  1.0300E+01 -2.2231E+00
  6.7125E+00  1.0157E+01 -2.1825E+00
  6.6360E+00  1.0156E+01 -1.9963E+00
  6.5987E+00  1.0172E+01 -1.9691E+00
  6.6901E+00  1.0131E+01 -2.1372E+00
  6.6436E+00  1.0202E+01 -2.1348E+00
  6.6491E+00  1.0297E+01 -2.1350E+00
  6.6130E+00  1.0230E+01 -2.2880E+00
  6.4629E+00  1.0233E+01 -2.4376E+00
  6.2609E+00  1.0264E+01 -2.5933E+00
  6.2771E+00  1.0264E+01 -2.6013E+00
  6.3316E+00  1.0405E+01 -2.4810E+00
  6.3153E+00  1.0487E+01 -2.6085E+00
  6.3306E+00  1.0412E+01 -2.6028E+00
  6.3585E+00  1.0326E+01 -2.5970E+00
  6.1685E+00  1.0292E+01 -2.6284E+00
  6.1399E+00  1.0281E+01 -2.4339E+00
  6.2488E+00  1.0195E+01 -2.2521E+00
  6.3342E+00  1.0142E+01 -2.2019E+00
  6.3710E+00  1.0150E+01 -2.0514E+00
  6.5365E+00  1.0024E+01 -1.9668E+00
  6.6389E+00  1.0069E+01 -1.8408E+00
  6.5976E+00  1.0110E+01 -1.8148E+00
  6.6214E+00  1.0084E+01 -1.8866E+00
  6.6090E+00  1.0139E+01 -1.8779E+00
  6.5417E+00  1.0159E+01 -2.0327E+00
  6.5237E+00  1.0297E+01 -2.2014E+00
  6.4477E+00  1.0312E+01 -2.2638E+00
  6.4095E+00  1.0381E+01 -2.3406E+00
  6.4091E+00  1.0538E+01 -2.3431E+00
  6.2669E+00  1.0543E+01 -2.3634E+00
  6.2473E+00  1.0430E+01 -2.4332E+00
  6.2793E+00  1.0389E+01 -2.3791E+00
  6.2106E+00  1.0382E+01 -2.3332E+00
  6.2037E+00  1.0331E+01 -2.2268E+00
  6.2526E+00  1.0432E+01 -2.3439E+00
  6.2230E+00  1.0302E+01 -2.4065E+00
  6.3252E+00  1.0285E+01 -2.2948E+00
  6.5030E+00  1.0554E+01 -2.3341E+00
  6.4336E+00  1.0416E+01 -2.3284E+00
  6.4466E+00  1.0246E+01 -2.3541E+00
  6.7349E+00  1.0215E+01 -2.3950E+00
  6.8567E+00  1.0158E+01 -2.2270E+00
  6.8118E+00  1.0098E+01 -2.1037E+00
  6.8826E+00  1.0107E+01 -2.0983E+00
  6.9454E+00  1.0146E+01 -2.0989E+00
  6.7097E+00  1.0150E+01 -1.9226E+00
  6.5691E+00  1.0285E+01 -2.0335E+00
  6.3676E+00  1.0299E+01 -2.0782E+00
  6.2906E+00  1.0152E+01 -2.0196E+00
  6.3820E+00  1.0148E+01 -2.0647E+00
  6.2820E+00  1.0152E+01 -1.9717E+00
  6.2826E+00  1.0075E+01 -2.1049E+00
  6.2957E+00  1.0030E+01 -2.2928E+00
  6.2190E+00  1.0095E+01 -2.2600E+00
  6.1822E+00  1.0218E+01 -2.3372E+00
  6.1722E+00  1.0224E+01 -2.3745E+00
  6.1628E+00  1.0388E+01 -2.4546E+00
  6.1241E+00  1.0484E+01 -2.4528E+00
  6.2214E+00  1.0442E+01 -2.3475E+00
  6.3146E+00  1.0394E+01 -2.2387E+00
  6.3710E+00  1.0233E+01 -2.2233E+00
  6.5191E+00  1.0083E+01 -2.1876E+00
  6.6794E+00  9.9753E+00 -1.8880E+00
  6.8477E+00  9.8771E+00 -1.7776E+00
  6.9412E+00  9.8665E+00 -1.7861E+00
  6.9801E+00  1.0010E+01 -1.6441E+00
  6.9443E+00  1.0091E+01 -1.7261E+00
  6.7273E+00  1.0134E+01 -1.8069E+00
  6.5579E+00  1.0271E+01 -1.8886E+00
  6.4675E+00  1.0203E+01 -2.1526E+00
  6.2888E+00  1.0191E+01 -2.2249E+00
  6.1654E+00  1.0253E+01 -2.3031E+00
  6.0778E+00  1.0268E+01 -2.4296E+00
  6.0698E+00  1.0355E+01 -2.3839E+00
  6.0801E+00  1.0386E+01 -2.3804E+00
  6.0667E+00  1.0385E+01 -2.3284E+00
  6.0695E+00  1.0377E+01 -2.2492E+00
  6.0528E+00  1.0333E+01 -2.1783E+00
  6.1565E+00  1.0359E+01 -2.0849E+00
  6.2363E+00  1.0292E+01 -2.0205E+00
  6.2370E+00  1.0117E+01 -2.0292E+00
  6.4085E+00  1.0189E+01 -2.0913E+00
  6.5263E+00  1.0183E+01 -2.1034E+00
  6.6005E+00  1.0019E+01 -2.2237E+00
  6.6342E+00  1.0065E+01 -2.2130E+00
  6.5530E+00  1.0105E+01 -2.1909E+00
  6.4571E+00  1.0040E+01 -2.2435E+00
  6.3805E+00  1.0049E+01 -2.1208E+00
  6.2819E+00  1.0165E+01 -2.0216E+00
  6.2270E+00  1.0231E+01 -1.9776E+00
  6.1472E+00  1.0304E+01 -1.9890E+00
  6.1026E+00  1.0318E+01 -2.1235E+00
  6.0989E+00  1.0323E+01 -2.2052E+00
  6.1365E+00  1.0379E+01 -2.1838E+00
  6.2006E+00  1.0417E+01 -2.2388E+00
  6.1415E+00  1.0443E+01 -2.2252E+00
  6.1620E+00  1.0367E+01 -2.3201E+00
  6.2443E+00  1.0385E+01 -2.3981E+00
  6.2407E+00  1.0314E+01 -2.2471E+00
  6.3475E+00  1.0379E+01 -2.2181E+00
  6.2916E+00  1.0361E+01 -2.2810E+00
  6.1006E+00  1.0269E+01 -2.2231E+00
  6.1423E+00  1.0252E+01 -2.1100E+00
  6.2684E+00  1.0123E+01 -1.9896E+00
  6.1934E+00  1.0060E+01 -1.9949E+00
  6.2147E+00  1.0071E+01 -1.9431E+00
  6.3582E+00  1.0093E+01 -1.9547E+00
  6.3282E+00  1.0150E+01 -1.9443E+00
  6.2527E+00  1.0256E+01 -2.0065E+00
  6.2459E+00  1.0282E+01 -2.1012E+00
  6.1423E+00  1.0275E+01 -2.1345E+00
  6.0349E+00  1.0350E+01 -2.2457E+00
  6.0433E+00  1.0357E+01 -2.1937E+00
  6.1175E+00  1.0239E+01 -2.1415E+00
  6.0836E+00  1.0156E+01 -2.1772E+00
  6.0886E+00  1.0128E+01 -2.0964E+00
  6.0133E+00  1.0042E+01 -2.0336E+00
  5.8792E+00  9.9821E+00 -2.0482E+00
  5.8411E+00  1.0156E+01 -2.0128E+00
  5.7300E+00  1.0303E+01 -1.9448E+00
  5.6896E+00  1.0376E+01 -1.8834E+00
  5.8634E+00  1.0580E+01 -2.0187E+00
  5.9362E+00  1.0526E+01 -1.9923E+00
  5.9696E+00  1.0561E+01 -2.0360E+00
  6.1473E+00  1.0586E+01 -2.2228E+00
  6.1202E+00  1.0325E+01 -2.1751E+00
  6.1178E+00  1.0301E+01 -2.2703E+00
  6.2388E+00  1.0332E+01 -2.2659E+00
  6.2101E+00  1.0172E+01 -2.2058E+00
  6.1418E+00  1.0191E+01 -2.1292E+00
  6.1485E+00  1.0305E+01 -1.9511E+00
  6.1654E+00  1.0247E+01 -1.8412E+00
  6.1108E+00  1.0267E+01 -1.7751E+00
  6.0329E+00  1.0205E+01 -1.7433E+00
  6.0679E+00  1.0083E+01 -1.7768E+00
  6.1063E+00  1.0194E+01 -1.7922E+00
  6.0521E+00  1.0240E+01 -1.7582E+00
  6.0989E+00  1.0214E+01 -1.8789E+00
  6.1116E+00  1.0291E+01 -1.9289E+00
  5.9803E+00  1.0269E+01 -1.9931E+00
  5.9778E+00  1.0330E+01 -2.0655E+00
  6.0018E+00  1.0391E+01 -2.0309E+00
  5.9010E+00  1.0247E+01 -2.1507E+00
  5.8149E+00  1.0278E+01 -2.2163E+00
  5.8609E+00  1.0365E+01 -2.1174E+00
  5.8946E+00  1.0282E+01 -1.9268E+00
  5.9563E+00  1.0217E+01 -1.9219E+00
  5.9099E+00  1.0109E+01 -1.7502E+00
  5.8933E+00  1.0268E+01 -1.7267E+00
  5.7777E+00  1.0366E+01 -1.7808E+00
  5.7048E+00  1.0304E+01 -1.7164E+00
  5.9334E+00  1.0272E+01 -1.7379E+00
  5.9583E+00  1.0230E+01 -1.7194E+00
  5.8755E+00  1.0300E+01 -1.8291E+00
  6.0076E+00  1.0285E+01 -1.9291E+00
  6.1405E+00  1.0182E+01 -1.8259E+00
  6.2505E+00  1.0201E+01 -1.7257E+00
  6.2694E+00  1.0138E+01 -1.7225E+00
  6.1358E+00  1.0194E+01 -1.7255E+00
  6.0151E+00  1.0338E+01 -1.8001E+00
