  5.9409E+00  3.0607E+00  1.5349E-02
  5.8698E+00  3.2521E+00 -4.6192E-02
  5.8108E+00  3.2709E+00 -1.3929E-01
  5.8722E+00  3.2622E+00 -2.2973E-01
  5.9581E+00  3.1932E+00 -2.4644E-01
  5.9221E+00  3.1408E+00 -3.3205E-01
  6.0003E+00  3.1845E+00 -4.1709E-01
  6.0443E+00  3.3943E+00 -3.9180E-01
  6.0694E+00  3.6533E+00 -3.8539E-01
  6.1414E+00  3.6729E+00 -3.7511E-01
  6.1236E+00  3.6582E+00 -3.7258E-01
  6.1573E+00  3.6962E+00 -3.6313E-01
  6.1477E+00  3.7185E+00 -3.5430E-01
  6.1215E+00  3.6997E+00 -3.4622E-01
  6.1002E+00  3.6848E+00 -3.2706E-01
  6.0940E+00  3.6852E+00 -3.1223E-01
  6.1067E+00  3.6547E+00 -3.1472E-01
  6.0972E+00  3.6260E+00 -3.2493E-01
  6.1152E+00  3.5923E+00 -3.3300E-01
  6.1299E+00  3.5503E+00 -3.3580E-01
  6.1987E+00  3.5304E+00 -3.3312E-01
  6.2992E+00  3.5894E+00 -3.2564E-01
  6.4584E+00  3.7399E+00 -2.9363E-01
  6.6563E+00  3.9144E+00 -2.2067E-01
  6.7777E+00  4.0953E+00 -1.3561E-01
  6.8293E+00  4.1355E+00 -6.5647E-02
  6.8544E+00  4.0339E+00  5.0706E-02
  6.7288E+00  3.8615E+00  2.2759E-01
  6.6846E+00  3.6595E+00  4.4559E-01
  6.5760E+00  3.5520E+00  6.4953E-01
  6.4278E+00  3.4614E+00  7.8639E-01
  6.3955E+00  3.2602E+00  1.0210E+00
  6.3800E+00  3.1563E+00  1.3506E+00
  6.3797E+00  3.0676E+00  1.5975E+00
  6.2817E+00  2.8054E+00  1.8483E+00
  6.1589E+00  2.7356E+00  1.9280E+00
  6.2122E+00  2.7353E+00  1.9043E+00
  6.2541E+00  2.7572E+00  1.8998E+00
  6.2471E+00  2.9613E+00  1.7843E+00
  6.3900E+00  3.0370E+00  1.5853E+00
  6.5622E+00  3.1732E+00  1.4446E+00
  6.6735E+00  3.3785E+00  1.4184E+00
  6.7629E+00  3.4928E+00  1.3890E+00
  6.8105E+00  3.5889E+00  1.3466E+00
  6.9295E+00  3.6344E+00  1.3669E+00
  6.9047E+00  3.7608E+00  1.5449E+00
  6.9176E+00  3.8175E+00  1.7979E+00
  6.9873E+00  3.9603E+00  1.9921E+00
  6.9939E+00  4.0702E+00  2.1966E+00
  6.9219E+00  4.1332E+00  2.2699E+00
  6.8973E+00  4.1544E+00  2.2760E+00
  6.7808E+00  4.1544E+00  2.3362E+00
  6.6260E+00  4.2821E+00  2.2637E+00
  6.6264E+00  4.2528E+00  2.2992E+00
  6.5478E+00  4.3803E+00  2.3358E+00
  6.4549E+00  4.3081E+00  2.5209E+00
  6.3649E+00  4.2428E+00  2.6271E+00
  6.2776E+00  4.4795E+00  2.6542E+00
  6.2114E+00  4.4208E+00  2.7577E+00
  6.1257E+00  4.4489E+00  2.7114E+00
  5.8849E+00  4.7456E+00  2.4959E+00
  5.6741E+00  4.7171E+00  2.4257E+00
  5.5065E+00  4.8188E+00  2.3360E+00
  5.3292E+00  4.9441E+00  2.1957E+00
  5.3111E+00  4.8426E+00  2.1314E+00
  5.1911E+00  4.9920E+00  1.9381E+00
  5.1427E+00  4.8279E+00  2.0834E+00
  4.9765E+00  4.8136E+00  2.1733E+00
  4.8669E+00  4.7460E+00  2.1206E+00
  4.8430E+00  4.6442E+00  2.0223E+00
  4.6947E+00  4.7014E+00  1.8395E+00
  4.6652E+00  4.4824E+00  1.7745E+00
  4.5391E+00  4.2537E+00  1.7503E+00
  4.4074E+00  4.0266E+00  1.8152E+00
  4.3576E+00  3.8436E+00  1.7832E+00
  4.3347E+00  3.7030E+00  1.6947E+00
  4.2326E+00  3.5767E+00  1.6060E+00
  4.1685E+00  3.4950E+00  1.5270E+00
  4.1334E+00  3.3678E+00  1.5110E+00
  4.0563E+00  3.4431E+00  1.5225E+00
  4.1223E+00  3.5817E+00  1.5756E+00
  4.2021E+00  3.6402E+00  1.7194E+00
  4.2349E+00  3.8085E+00  1.9662E+00
  4.3281E+00  3.9039E+00  2.1433E+00
  4.3197E+00  3.9061E+00  2.4016E+00
  4.3918E+00  3.8004E+00  2.6856E+00
  4.5625E+00  3.8415E+00  2.7306E+00
  4.6686E+00  4.0418E+00  2.7555E+00
  4.6914E+00  3.9728E+00  2.9161E+00
  4.7643E+00  3.9320E+00  2.9078E+00
  4.8113E+00  3.9852E+00  2.9171E+00
  4.8179E+00  3.9848E+00  2.9609E+00
  4.8413E+00  3.8846E+00  2.9136E+00
  4.9107E+00  3.8110E+00  2.9571E+00
  4.9833E+00  3.9408E+00  3.0256E+00
  5.0415E+00  3.9251E+00  2.9389E+00
  5.0475E+00  3.8281E+00  3.0381E+00
  5.0669E+00  3.8352E+00  3.1665E+00
  5.1935E+00  3.8629E+00  3.1166E+00
  5.2582E+00  3.8976E+00  3.2354E+00
  5.2294E+00  3.9699E+00  3.3218E+00
  5.2634E+00  4.0005E+00  3.2040E+00
  5.3081E+00  4.0703E+00  3.0877E+00
  5.2537E+00  4.1686E+00  3.0355E+00
  5.1444E+00  4.0760E+00  2.9640E+00
  4.9490E+00  4.1096E+00  2.8677E+00
  4.7792E+00  4.0757E+00  2.8873E+00
  4.6788E+00  3.9834E+00  2.8696E+00
  4.5387E+00  4.0380E+00  2.7614E+00
  4.3071E+00  4.1164E+00  2.6253E+00
  4.2644E+00  4.0682E+00  2.5452E+00
  4.2401E+00  4.0441E+00  2.5725E+00
  4.0962E+00  4.2014E+00  2.5705E+00
  4.0844E+00  4.1591E+00  2.4886E+00
  3.8883E+00  4.0778E+00  2.4913E+00
  3.7068E+00  4.0621E+00  2.5214E+00
  3.7365E+00  3.8968E+00  2.5514E+00
  3.7916E+00  3.9313E+00  2.5019E+00
  3.8117E+00  4.0036E+00  2.4025E+00
  3.9905E+00  3.9885E+00  2.2466E+00
  4.1105E+00  4.0152E+00  2.2087E+00
  4.1327E+00  3.9680E+00  2.2782E+00
  4.2040E+00  3.8581E+00  2.2562E+00
  4.2535E+00  3.8366E+00  2.2667E+00
  4.2132E+00  3.8905E+00  2.3999E+00
  4.2230E+00  3.7418E+00  2.4107E+00
  4.2671E+00  3.6388E+00  2.3882E+00
  4.2511E+00  3.6671E+00  2.5098E+00
  4.2629E+00  3.7379E+00  2.4240E+00
  4.2708E+00  3.7781E+00  2.3784E+00
  4.2633E+00  3.8171E+00  2.4495E+00
  4.3182E+00  4.0292E+00  2.3112E+00
  4.3118E+00  4.2371E+00  2.2574E+00
  4.2869E+00  4.2434E+00  2.2744E+00
  4.3094E+00  4.1900E+00  2.2511E+00
  4.3103E+00  4.2620E+00  2.3986E+00
  4.2773E+00  4.1980E+00  2.4503E+00
  4.2694E+00  4.1463E+00  2.3757E+00
  4.2464E+00  4.0755E+00  2.5743E+00
  4.2596E+00  4.0650E+00  2.6953E+00
  4.2595E+00  4.0855E+00  2.6120E+00
  4.1940E+00  4.0359E+00  2.6643E+00
  4.2425E+00  4.0369E+00  2.5577E+00
  4.3328E+00  4.0497E+00  2.3326E+00
  4.4040E+00  4.1746E+00  2.3167E+00
  4.4375E+00  4.1228E+00  2.2305E+00
  4.4436E+00  3.9860E+00  2.0992E+00
  4.4242E+00  4.0184E+00  2.0590E+00
  4.4036E+00  3.9990E+00  1.8693E+00
  4.3452E+00  3.8285E+00  1.7533E+00
  4.2809E+00  3.6658E+00  1.7110E+00
  4.2940E+00  3.7505E+00  1.5774E+00
  4.2441E+00  3.8016E+00  1.5898E+00
  4.1877E+00  3.8300E+00  1.6213E+00
  4.1666E+00  3.9660E+00  1.6484E+00
  4.0286E+00  3.8707E+00  1.7943E+00
  3.8679E+00  3.7638E+00  1.8781E+00
  3.6995E+00  3.8428E+00  1.9128E+00
  3.5369E+00  3.8125E+00  1.9843E+00
  3.4677E+00  3.9496E+00  1.9046E+00
  3.4405E+00  4.1604E+00  1.6805E+00
  3.3750E+00  4.2348E+00  1.5120E+00
  3.2998E+00  4.3670E+00  1.3855E+00
  3.2465E+00  4.3561E+00  1.2236E+00
  3.1127E+00  4.3876E+00  1.1466E+00
  2.9866E+00  4.2678E+00  1.0714E+00
  2.9164E+00  4.0974E+00  1.0441E+00
  2.8145E+00  4.0560E+00  1.1463E+00
  2.8491E+00  4.0222E+00  1.2427E+00
  3.0574E+00  3.9836E+00  1.2888E+00
  3.2322E+00  4.0225E+00  1.4490E+00
  3.4568E+00  4.0973E+00  1.5720E+00
  3.7773E+00  4.0893E+00  1.5316E+00
  3.9115E+00  4.0293E+00  1.7137E+00
  4.0767E+00  4.0745E+00  1.8319E+00
  4.2738E+00  3.9871E+00  1.8275E+00
  4.2869E+00  3.8902E+00  1.8854E+00
  4.3249E+00  3.8611E+00  1.8010E+00
  4.3670E+00  3.8324E+00  1.6638E+00
  4.2229E+00  3.7958E+00  1.6878E+00
  4.1299E+00  3.7437E+00  1.5908E+00
  3.8965E+00  3.7391E+00  1.5370E+00
  3.6167E+00  3.7552E+00  1.5410E+00
  3.4107E+00  3.7926E+00  1.4668E+00
  3.1356E+00  3.7954E+00  1.4679E+00
  2.9256E+00  3.9342E+00  1.4315E+00
  2.8836E+00  4.1177E+00  1.2959E+00
  2.8116E+00  4.1710E+00  1.1856E+00
  2.7873E+00  4.3166E+00  1.1439E+00
  2.8701E+00  4.3740E+00  1.0332E+00
  2.8491E+00  4.4146E+00  1.0534E+00
  2.9049E+00  4.3863E+00  1.1086E+00
  3.0800E+00  4.3456E+00  1.1277E+00
  3.1782E+00  4.2571E+00  1.2156E+00
  3.4030E+00  4.1076E+00  1.2218E+00
  3.7688E+00  4.1231E+00  1.2974E+00
  4.0807E+00  4.0222E+00  1.4525E+00
  4.4509E+00  3.9134E+00  1.5323E+00
  4.8713E+00  3.9968E+00  1.5929E+00
  5.1527E+00  4.1388E+00  1.7656E+00
  5.3801E+00  4.1428E+00  1.8989E+00
  5.6166E+00  4.1341E+00  1.8438E+00
  5.7712E+00  4.2250E+00  1.8766E+00
  5.9195E+00  4.3847E+00  1.8589E+00
  6.1002E+00  4.5053E+00  1.8793E+00
  6.1035E+00  4.5795E+00  1.9451E+00
  6.0132E+00  4.6386E+00  1.9724E+00
  5.9660E+00  4.6980E+00  1.9774E+00
  5.9093E+00  4.7747E+00  2.0477E+00
  5.7769E+00  4.8177E+00  2.0640E+00
  5.6137E+00  4.7968E+00  2.1627E+00
  5.3581E+00  4.7249E+00  2.3520E+00
  5.1708E+00  4.6011E+00  2.4280E+00
  5.0581E+00  4.5985E+00  2.4683E+00
  4.9025E+00  4.5063E+00  2.4572E+00
  4.7786E+00  4.3450E+00  2.3849E+00
  4.6018E+00  4.2780E+00  2.2171E+00
  4.3055E+00  4.1898E+00  2.1485E+00
  4.0501E+00  4.0853E+00  2.1125E+00
  3.8865E+00  4.0082E+00  1.8800E+00
  3.6061E+00  3.9971E+00  1.7766E+00
  3.3967E+00  4.0538E+00  1.6813E+00
  3.3512E+00  4.1617E+00  1.4820E+00
  3.2643E+00  4.3752E+00  1.3992E+00
  3.2458E+00  4.5215E+00  1.2612E+00
  3.2002E+00  4.4285E+00  1.0647E+00
  3.0802E+00  4.4746E+00  1.1010E+00
  3.1363E+00  4.5908E+00  1.1580E+00
  3.2018E+00  4.5763E+00  1.2099E+00
  3.0927E+00  4.4009E+00  1.3937E+00
  3.1608E+00  4.2595E+00  1.5064E+00
  3.3093E+00  4.1826E+00  1.6598E+00
  3.4353E+00  4.1864E+00  1.8940E+00
  3.6361E+00  4.1818E+00  2.0058E+00
  3.8163E+00  4.2149E+00  2.1787E+00
  3.9729E+00  4.3295E+00  2.3473E+00
  4.1364E+00  4.4205E+00  2.3967E+00
  4.2304E+00  4.5422E+00  2.5919E+00
  4.3453E+00  4.5840E+00  2.8037E+00
  4.4734E+00  4.6654E+00  2.8649E+00
  4.6208E+00  4.7578E+00  2.9225E+00
  4.8483E+00  4.8516E+00  2.9672E+00
  5.0753E+00  5.0445E+00  2.9704E+00
  5.3284E+00  5.1313E+00  2.8863E+00
  5.5462E+00  5.1976E+00  2.6774E+00
  5.7935E+00  5.2934E+00  2.5899E+00
  5.9826E+00  5.3046E+00  2.5400E+00
  6.0860E+00  5.1800E+00  2.4930E+00
  6.2099E+00  5.0961E+00  2.6333E+00
  6.2445E+00  4.9650E+00  2.7070E+00
  6.2255E+00  4.7633E+00  2.7413E+00
  6.1434E+00  4.7277E+00  2.7705E+00
  6.0642E+00  4.6478E+00  2.7174E+00
  5.9548E+00  4.5351E+00  2.6466E+00
  5.7861E+00  4.5215E+00  2.5499E+00
  5.6229E+00  4.5517E+00  2.4094E+00
  5.4310E+00  4.6171E+00  2.4080E+00
  5.1899E+00  4.5520E+00  2.3420E+00
  4.9604E+00  4.5203E+00  2.3464E+00
  4.7912E+00  4.4909E+00  2.4358E+00
  4.6459E+00  4.4047E+00  2.4160E+00
  4.5047E+00  4.4721E+00  2.3925E+00
  4.4049E+00  4.4423E+00  2.4419E+00
  4.3701E+00  4.4123E+00  2.4323E+00
  4.3765E+00  4.4774E+00  2.3821E+00
  4.3635E+00  4.4899E+00  2.3639E+00
  4.3067E+00  4.4087E+00  2.3812E+00
  4.2470E+00  4.3617E+00  2.4367E+00
  4.2038E+00  4.3891E+00  2.4621E+00
  4.1076E+00  4.3583E+00  2.5100E+00
  3.9965E+00  4.3227E+00  2.5411E+00
  3.9719E+00  4.3868E+00  2.4844E+00
  3.9694E+00  4.5288E+00  2.5215E+00
  3.9664E+00  4.5537E+00  2.5372E+00
  3.9922E+00  4.5679E+00  2.5399E+00
  4.0817E+00  4.5911E+00  2.5844E+00
  4.1820E+00  4.5826E+00  2.5990E+00
  4.1653E+00  4.6058E+00  2.7523E+00
  4.2329E+00  4.4806E+00  2.8425E+00
  4.3234E+00  4.4910E+00  2.8462E+00
  4.3425E+00  4.5074E+00  2.9638E+00
  4.4071E+00  4.4624E+00  2.9611E+00
  4.4751E+00  4.4020E+00  2.8960E+00
  4.5673E+00  4.4313E+00  2.9039E+00
  4.6594E+00  4.4656E+00  2.7377E+00
  4.7213E+00  4.3984E+00  2.6206E+00
  4.7670E+00  4.4684E+00  2.4981E+00
  4.8313E+00  4.4700E+00  2.4117E+00
  4.8559E+00  4.4708E+00  2.2877E+00
  4.8349E+00  4.4552E+00  2.2082E+00
  4.8608E+00  4.4101E+00  2.2584E+00
  4.9265E+00  4.3206E+00  2.2295E+00
  4.9293E+00  4.2147E+00  2.2355E+00
  4.8629E+00  4.2943E+00  2.3132E+00
  4.8746E+00  4.2441E+00  2.3443E+00
  4.9164E+00  4.1345E+00  2.4335E+00
  4.8524E+00  4.2096E+00  2.4900E+00
  4.7572E+00  4.2329E+00  2.5803E+00
  4.6871E+00  4.2902E+00  2.5799E+00
  4.6468E+00  4.2800E+00  2.6062E+00
  4.5118E+00  4.3297E+00  2.7192E+00
  4.4150E+00  4.2994E+00  2.6592E+00
  4.3172E+00  4.3333E+00  2.6849E+00
  4.2829E+00  4.3617E+00  2.7634E+00
  4.3130E+00  4.3098E+00  2.7315E+00
  4.2321E+00  4.3576E+00  2.7472E+00
  4.2223E+00  4.3486E+00  2.7905E+00
  4.3294E+00  4.3956E+00  2.6212E+00
  4.4234E+00  4.4706E+00  2.5062E+00
  4.4311E+00  4.4495E+00  2.4844E+00
  4.3615E+00  4.4875E+00  2.5124E+00
  4.4094E+00  4.4236E+00  2.4661E+00
  4.4420E+00  4.4143E+00  2.3622E+00
  4.3719E+00  4.3275E+00  2.3883E+00
  4.3377E+00  4.1437E+00  2.4877E+00
  4.4344E+00  4.0883E+00  2.4129E+00
  4.5154E+00  4.0843E+00  2.3269E+00
  4.5406E+00  4.0545E+00  2.3884E+00
  4.6295E+00  3.9350E+00  2.3588E+00
  4.7166E+00  3.9859E+00  2.3018E+00
  4.7378E+00  4.0491E+00  2.3475E+00
  4.7282E+00  4.0625E+00  2.3658E+00
  4.7255E+00  4.1274E+00  2.3901E+00
  4.7244E+00  4.1947E+00  2.4313E+00
  4.7036E+00  4.2633E+00  2.4434E+00
  4.6698E+00  4.2133E+00  2.5165E+00
  4.6620E+00  4.3422E+00  2.5115E+00
  4.7076E+00  4.4429E+00  2.4767E+00
  4.7438E+00  4.4551E+00  2.5799E+00
  4.8214E+00  4.4320E+00  2.5692E+00
  4.8605E+00  4.4373E+00  2.7192E+00
  4.9243E+00  4.4705E+00  2.9288E+00
  5.0193E+00  4.3323E+00  2.9204E+00
  5.0092E+00  4.3633E+00  3.0887E+00
  5.0480E+00  4.4141E+00  3.2856E+00
  5.1218E+00  4.3226E+00  3.2998E+00
  5.1482E+00  4.2957E+00  3.0933E+00
  5.1478E+00  4.3090E+00  2.9328E+00
  5.1963E+00  4.3212E+00  2.8961E+00
  5.2142E+00  4.2709E+00  2.6506E+00
  5.0995E+00  4.3606E+00  2.4208E+00
  5.0510E+00  4.2819E+00  2.4053E+00
  5.0174E+00  4.1174E+00  2.4503E+00
  4.9398E+00  4.1652E+00  2.4407E+00
  4.8900E+00  4.0811E+00  2.4099E+00
  4.8415E+00  4.0424E+00  2.5942E+00
  4.8784E+00  4.0027E+00  2.6701E+00
  4.9374E+00  3.9621E+00  2.5431E+00
  4.9875E+00  3.9872E+00  2.5073E+00
  5.0712E+00  3.9819E+00  2.4464E+00
  5.1022E+00  4.0855E+00  2.3970E+00
  5.0965E+00  4.0805E+00  2.3486E+00
  5.0147E+00  4.0700E+00  2.2423E+00
  4.9232E+00  4.0541E+00  2.2613E+00
  4.8463E+00  4.0194E+00  2.2013E+00
  4.7194E+00  4.0873E+00  2.1068E+00
  4.6049E+00  4.0179E+00  2.1332E+00
  4.6485E+00  4.0682E+00  2.0989E+00
  4.7517E+00  4.1577E+00  2.1703E+00
  4.8397E+00  4.0145E+00  2.1976E+00
  4.9275E+00  3.9100E+00  2.3234E+00
  5.0431E+00  3.7371E+00  2.5341E+00
  5.2217E+00  3.8089E+00  2.5560E+00
  5.4190E+00  3.8305E+00  2.7152E+00
  5.5096E+00  3.8566E+00  2.8317E+00
  5.5319E+00  3.9828E+00  2.7795E+00
  5.6224E+00  3.9840E+00  2.8036E+00
  5.5735E+00  4.1435E+00  2.7274E+00
  5.5542E+00  4.1921E+00  2.7531E+00
  5.5192E+00  4.2317E+00  2.6486E+00
  5.4874E+00  4.3190E+00  2.5414E+00
  5.4631E+00  4.2876E+00  2.5154E+00
  5.4081E+00  4.2706E+00  2.4235E+00
  5.3866E+00  4.1598E+00  2.4886E+00
  5.3548E+00  4.1181E+00  2.5259E+00
  5.3634E+00  3.9670E+00  2.4472E+00
  5.3571E+00  3.8064E+00  2.4438E+00
  5.3896E+00  3.7003E+00  2.3832E+00
  5.4501E+00  3.6630E+00  2.3356E+00
  5.4735E+00  3.7081E+00  2.2829E+00
  5.5338E+00  3.5397E+00  2.0605E+00
  5.5531E+00  3.6023E+00  2.0622E+00
  5.5116E+00  3.8290E+00  2.0335E+00
  5.4675E+00  3.7615E+00  1.9355E+00
  5.4113E+00  3.6966E+00  2.1228E+00
  5.3730E+00  3.5225E+00  2.1493E+00
  5.2472E+00  3.5478E+00  2.2610E+00
  5.1432E+00  3.6344E+00  2.4631E+00
  5.1416E+00  3.5729E+00  2.4889E+00
  5.0678E+00  3.7634E+00  2.4988E+00
  4.9953E+00  3.8540E+00  2.5325E+00
  5.0814E+00  3.8013E+00  2.3599E+00
  5.1147E+00  3.9065E+00  2.3251E+00
  5.0759E+00  3.9340E+00  2.2202E+00
  5.0351E+00  3.9104E+00  2.1324E+00
  5.0329E+00  3.7906E+00  2.2510E+00
  5.1403E+00  3.6315E+00  2.2498E+00
  5.1613E+00  3.6468E+00  2.3191E+00
  5.1529E+00  3.5479E+00  2.5035E+00
  5.2859E+00  3.6023E+00  2.4750E+00
