  5.9052E+00  1.1719E+01 -2.9299E-02
  6.0279E+00  1.1910E+01 -1.5703E-01
  6.1132E+00  1.1965E+01 -4.0638E-01
  6.1687E+00  1.1996E+01 -6.1132E-01
  6.1234E+00  1.1987E+01 -7.1521E-01
  6.0574E+00  1.1925E+01 -7.6420E-01
  5.9492E+00  1.1884E+01 -7.5771E-01
  5.8160E+00  1.1785E+01 -7.0592E-01
  5.7311E+00  1.1745E+01 -6.4178E-01
  5.7615E+00  1.1724E+01 -6.2402E-01
  5.8240E+00  1.1769E+01 -6.5216E-01
  5.8855E+00  1.1815E+01 -7.2222E-01
  5.9239E+00  1.1823E+01 -7.5669E-01
  5.9768E+00  1.1850E+01 -7.5762E-01
  6.0805E+00  1.1866E+01 -7.6804E-01
  6.1501E+00  1.1899E+01 -7.8248E-01
  6.1546E+00  1.1877E+01 -7.9484E-01
  6.1304E+00  1.1836E+01 -8.0332E-01
  6.1013E+00  1.1814E+01 -8.3037E-01
  6.0582E+00  1.1728E+01 -8.8562E-01
  6.0358E+00  1.1674E+01 -9.3711E-01
  6.0703E+00  1.1633E+01 -1.0094E+00
  6.0642E+00  1.1578E+01 -1.1101E+00
  6.0467E+00  1.1541E+01 -1.1548E+00
  6.0802E+00  1.1477E+01 -1.1237E+00
  6.0715E+00  1.1565E+01 -1.0333E+00
  6.1121E+00  1.1695E+01 -8.3177E-01
  5.9618E+00  1.1910E+01 -4.9307E-01
  5.7362E+00  1.2201E+01 -5.5958E-02
  5.5770E+00  1.2367E+01  3.9038E-01
  5.4401E+00  1.2371E+01  6.8991E-01
  5.4848E+00  1.2471E+01  8.2405E-01
  5.7505E+00  1.2532E+01  9.5701E-01
  5.7084E+00  1.2318E+01  1.2135E+00
  5.5978E+00  1.2102E+01  1.3768E+00
  5.6193E+00  1.1921E+01  1.3517E+00
  5.7507E+00  1.1868E+01  1.2662E+00
  5.5513E+00  1.1795E+01  1.2426E+00
  5.3473E+00  1.1690E+01  1.2069E+00
  5.3938E+00  1.1712E+01  1.1524E+00
  5.4203E+00  1.1819E+01  1.1400E+00
  5.3588E+00  1.1778E+01  1.1447E+00
  5.4625E+00  1.1659E+01  1.1334E+00
  5.2694E+00  1.1575E+01  1.0396E+00
  5.2834E+00  1.1574E+01  1.1020E+00
  5.3423E+00  1.1401E+01  1.0723E+00
  5.3441E+00  1.1312E+01  9.9393E-01
  5.4311E+00  1.1388E+01  1.0189E+00
  5.3083E+00  1.1384E+01  9.7294E-01
  5.3866E+00  1.1492E+01  9.5317E-01
  5.4644E+00  1.1573E+01  7.9831E-01
  5.5503E+00  1.1719E+01  6.9398E-01
  5.5702E+00  1.1893E+01  6.3283E-01
  5.6392E+00  1.1886E+01  5.6886E-01
  5.6879E+00  1.1892E+01  6.1364E-01
  5.7641E+00  1.1817E+01  6.9720E-01
  5.7943E+00  1.1708E+01  7.1815E-01
  5.8632E+00  1.1855E+01  5.6711E-01
  5.8694E+00  1.1984E+01  3.6415E-01
  5.7712E+00  1.2157E+01  3.8464E-01
  5.6295E+00  1.2333E+01  4.9176E-01
  5.7881E+00  1.2485E+01  5.0145E-01
  5.6461E+00 -1.2521E+01  5.6397E-01
  5.4063E+00 -1.2394E+01  7.4292E-01
  5.3276E+00 -1.2337E+01  7.4348E-01
  5.4937E+00 -1.2430E+01  8.1295E-01
  5.5408E+00  1.2535E+01  8.8728E-01
  5.5166E+00  1.2351E+01  9.5884E-01
  5.6050E+00  1.2274E+01  9.6490E-01
  5.7060E+00  1.2149E+01  9.1967E-01
  5.7379E+00  1.1979E+01  9.6411E-01
  5.8414E+00  1.1862E+01  9.8497E-01
  6.0252E+00  1.1829E+01  1.0100E+00
  6.1749E+00  1.1848E+01  1.0277E+00
  6.3135E+00  1.1973E+01  1.0310E+00
  6.3478E+00  1.2140E+01  1.0276E+00
  6.3236E+00  1.2359E+01  9.6949E-01
  6.2525E+00 -1.2563E+01  8.0703E-01
  6.2181E+00 -1.2295E+01  5.3318E-01
  6.2017E+00 -1.2231E+01  2.9913E-01
  6.0375E+00 -1.2404E+01  1.2508E-01
  5.9162E+00 -1.2547E+01  1.2792E-01
  5.9036E+00  1.2474E+01 -1.1677E-01
  5.8003E+00  1.2380E+01 -1.7416E-01
  5.5998E+00  1.2289E+01 -1.5033E-01
  5.5918E+00  1.2205E+01 -1.3287E-01
  5.6186E+00  1.2258E+01 -1.1172E-01
  5.6848E+00  1.2253E+01 -8.3406E-02
  5.8252E+00  1.2172E+01 -6.9376E-03
  5.7847E+00  1.2100E+01  1.6088E-02
  5.7987E+00  1.2061E+01  3.0458E-02
  5.8598E+00  1.2101E+01 -1.2941E-01
  5.8149E+00  1.2138E+01 -2.2804E-01
  5.7017E+00  1.2141E+01 -3.1099E-01
  5.7683E+00  1.2135E+01 -3.4235E-01
  5.8637E+00  1.2071E+01 -3.3397E-01
  5.9095E+00  1.2049E+01 -2.1493E-01
  5.9658E+00  1.2092E+01 -2.9525E-02
  5.9359E+00  1.2253E+01  1.2172E-01
  5.8616E+00  1.2499E+01  3.4666E-01
  5.6388E+00 -1.2485E+01  4.3947E-01
  5.5315E+00 -1.2340E+01  5.4079E-01
  5.5838E+00 -1.2274E+01  5.9691E-01
  5.5551E+00 -1.2222E+01  6.4671E-01
  5.5543E+00 -1.2170E+01  6.5071E-01
  5.5488E+00 -1.2281E+01  6.2829E-01
  5.5813E+00 -1.2533E+01  7.3203E-01
  5.6957E+00  1.2388E+01  7.8993E-01
  5.8318E+00  1.2213E+01  8.2608E-01
  5.9620E+00  1.2050E+01  8.1425E-01
  6.0774E+00  1.1890E+01  7.6701E-01
  6.1876E+00  1.1848E+01  7.0010E-01
  6.1600E+00  1.2006E+01  6.6037E-01
  6.0670E+00  1.2246E+01  7.3388E-01
  5.9372E+00  1.2496E+01  7.5146E-01
  5.7673E+00 -1.2473E+01  8.3071E-01
  5.6039E+00 -1.2343E+01  9.0884E-01
  5.5502E+00 -1.2261E+01  8.5509E-01
  5.5940E+00 -1.2286E+01  8.0736E-01
  5.5917E+00 -1.2419E+01  7.0227E-01
  5.6622E+00 -1.2550E+01  5.7677E-01
  5.8134E+00  1.2568E+01  4.1239E-01
  5.9737E+00  1.2380E+01  2.2983E-01
  6.1452E+00  1.2106E+01  1.2600E-01
  6.1514E+00  1.1807E+01  1.0097E-01
  6.0232E+00  1.1716E+01  1.3877E-01
  5.8557E+00  1.1949E+01  6.2496E-02
  5.6709E+00  1.2212E+01  1.0027E-01
  5.4580E+00  1.2401E+01  1.4689E-01
  5.3666E+00  1.2490E+01  6.9328E-02
  5.4046E+00 -1.2577E+01  6.2938E-02
  5.3661E+00  1.2558E+01  6.4928E-03
  5.5126E+00  1.2386E+01  9.8521E-02
  5.5847E+00  1.2154E+01  6.8012E-02
  5.6912E+00  1.1937E+01  1.1868E-01
  5.7909E+00  1.1739E+01  2.3268E-01
  5.8017E+00  1.1626E+01  2.7693E-01
  5.7096E+00  1.1680E+01  2.8984E-01
  5.5651E+00  1.1911E+01  1.5620E-01
  5.5214E+00  1.2270E+01  9.9006E-02
  5.3690E+00  1.2528E+01  3.6701E-02
  5.2746E+00 -1.2446E+01  1.2094E-01
  5.3328E+00 -1.2374E+01  1.2884E-01
  5.3918E+00 -1.2518E+01  1.6547E-01
  5.3587E+00  1.2479E+01  2.9926E-01
  5.3688E+00  1.2290E+01  3.4872E-01
  5.4893E+00  1.2180E+01  4.6739E-01
  5.4910E+00  1.2101E+01  4.6796E-01
  5.5148E+00  1.2116E+01  5.0488E-01
  5.6255E+00  1.2117E+01  3.8212E-01
  5.7490E+00  1.2197E+01  3.7819E-01
  5.8070E+00  1.2173E+01  3.0087E-01
  5.9334E+00  1.2138E+01  2.9693E-01
  6.0370E+00  1.2160E+01  2.8697E-01
  6.0435E+00  1.2162E+01  2.7821E-01
  6.1033E+00  1.2098E+01  4.1356E-01
  6.1094E+00  1.1978E+01  4.1869E-01
  6.1203E+00  1.1917E+01  6.0108E-01
  5.9862E+00  1.1849E+01  6.4630E-01
  5.9182E+00  1.1826E+01  7.9770E-01
  5.8383E+00  1.1783E+01  8.2937E-01
  5.6902E+00  1.1761E+01  8.4357E-01
  5.6181E+00  1.1849E+01  7.8710E-01
  5.6690E+00  1.1960E+01  5.9151E-01
  5.8018E+00  1.2069E+01  6.2910E-01
  5.8192E+00  1.2045E+01  4.8486E-01
  6.0170E+00  1.2151E+01  4.4037E-01
  6.1423E+00  1.2187E+01  2.6966E-01
  6.2321E+00  1.2097E+01  2.1403E-01
  6.2742E+00  1.2046E+01  2.9754E-01
  6.1977E+00  1.2073E+01  1.7837E-01
  6.2325E+00  1.2221E+01  2.4231E-01
  6.1718E+00  1.2285E+01  1.7125E-01
  6.1948E+00  1.2290E+01  1.5345E-01
  6.2826E+00  1.2215E+01  1.9154E-01
  6.3624E+00  1.2113E+01  1.5996E-01
  6.4510E+00  1.2044E+01  2.3541E-01
  6.4909E+00  1.1889E+01  1.8344E-01
  6.6070E+00  1.1803E+01  2.3339E-01
  6.7161E+00  1.1877E+01  3.2896E-01
  6.5990E+00  1.1952E+01  1.9009E-01
  6.5168E+00  1.2109E+01  1.9879E-01
  6.5394E+00  1.2156E+01  1.3896E-01
  6.6073E+00  1.1981E+01  3.4783E-02
  6.7371E+00  1.1825E+01  1.8637E-01
  6.7995E+00  1.1687E+01  2.7808E-01
  6.8859E+00  1.1643E+01  2.7037E-01
  6.9320E+00  1.1745E+01  2.5964E-01
  6.8112E+00  1.1830E+01  1.1791E-01
  6.6360E+00  1.1952E+01  2.1610E-01
  6.6027E+00  1.2076E+01  1.2078E-01
  6.4797E+00  1.2316E+01  3.1209E-02
  6.3271E+00  1.2496E+01  6.1327E-02
  6.2677E+00  1.2394E+01 -2.6002E-02
  6.3517E+00  1.2335E+01 -5.7611E-02
  6.2524E+00  1.2407E+01 -8.1714E-02
  6.2108E+00  1.2317E+01 -2.6427E-01
  6.3660E+00  1.2305E+01 -2.2056E-01
  6.6050E+00  1.2309E+01 -3.0187E-02
  6.6292E+00  1.2188E+01 -2.0284E-01
  6.7621E+00  1.2285E+01 -1.8064E-01
  6.9296E+00  1.2327E+01 -2.7505E-01
  6.9649E+00  1.2204E+01 -4.4939E-01
  6.9042E+00  1.2173E+01 -1.9481E-01
  7.0417E+00  1.2109E+01 -1.6364E-01
  6.9693E+00  1.2019E+01 -2.4591E-01
  6.8619E+00  1.2078E+01 -1.2674E-01
  6.9591E+00  1.2152E+01 -1.6330E-01
  7.0298E+00  1.2240E+01 -1.5474E-01
  6.9070E+00  1.2367E+01 -2.0831E-01
  6.8322E+00  1.2425E+01 -3.9243E-01
  6.7033E+00  1.2375E+01 -3.6806E-01
  6.6684E+00  1.2310E+01 -2.1804E-01
  6.6572E+00  1.2261E+01 -3.8246E-01
  6.7152E+00  1.2308E+01 -3.0983E-01
  6.7822E+00  1.2201E+01 -1.1362E-01
  6.9198E+00  1.1984E+01 -1.1251E-01
  7.0971E+00  1.1949E+01 -9.3355E-02
  7.1598E+00  1.2132E+01  5.8322E-02
  7.1366E+00  1.2307E+01 -6.4949E-02
  7.0435E+00  1.2391E+01 -2.2151E-01
  6.9561E+00  1.2379E+01 -2.8040E-01
  7.0497E+00  1.2380E+01 -1.3193E-01
  6.9699E+00  1.2265E+01 -1.8001E-01
  6.7795E+00  1.2146E+01 -2.6929E-01
  6.8325E+00  1.2103E+01 -2.2726E-01
  6.9203E+00  1.1978E+01 -2.3158E-01
  6.6705E+00  1.1885E+01 -1.6949E-01
  6.7174E+00  1.2159E+01 -8.1681E-02
  6.7219E+00  1.2355E+01 -2.4737E-01
  6.7289E+00  1.2428E+01 -3.8437E-01
  6.8057E+00  1.2407E+01 -2.8267E-01
  6.8911E+00  1.2198E+01 -2.3051E-01
  7.1061E+00  1.2097E+01 -3.1865E-01
  7.1014E+00  1.2035E+01 -2.4303E-01
  7.0400E+00  1.1985E+01 -2.3572E-01
  7.0779E+00  1.1979E+01 -2.6846E-01
  7.0606E+00  1.2070E+01 -1.3642E-01
  6.9794E+00  1.2172E+01 -1.8482E-01
  6.9955E+00  1.2214E+01 -3.6274E-01
  6.9675E+00  1.2273E+01 -2.9150E-01
  6.9123E+00  1.2258E+01 -2.7030E-01
  6.8808E+00  1.2295E+01 -3.2681E-01
  6.8441E+00  1.2426E+01 -2.7086E-01
  6.7097E+00  1.2407E+01 -2.9631E-01
  6.7149E+00  1.2323E+01 -3.3854E-01
  6.7157E+00  1.2309E+01 -3.4880E-01
  6.6312E+00  1.2251E+01 -5.5006E-01
  6.7090E+00  1.2257E+01 -5.5947E-01
  6.6947E+00  1.2264E+01 -4.2672E-01
  6.5859E+00  1.2172E+01 -5.3640E-01
  6.6864E+00  1.2260E+01 -3.3234E-01
  6.6829E+00  1.2233E+01 -4.0856E-01
  6.5805E+00  1.2197E+01 -4.9819E-01
  6.7726E+00  1.2297E+01 -4.7089E-01
  6.7363E+00  1.2288E+01 -5.7688E-01
  6.5991E+00  1.2322E+01 -6.0167E-01
  6.6455E+00  1.2458E+01 -5.5203E-01
  6.6217E+00  1.2440E+01 -6.8287E-01
  6.5883E+00  1.2548E+01 -5.6429E-01
  6.5287E+00  1.2525E+01 -5.6243E-01
  6.5235E+00  1.2576E+01 -5.6742E-01
  6.5693E+00  1.2587E+01 -4.6712E-01
  6.5261E+00  1.2408E+01 -5.3208E-01
  6.6243E+00  1.2489E+01 -4.1561E-01
  6.6238E+00  1.2478E+01 -4.9955E-01
  6.5363E+00  1.2492E+01 -4.3863E-01
  6.5996E+00  1.2555E+01 -3.4761E-01
  6.5755E+00  1.2434E+01 -3.8856E-01
  6.5264E+00  1.2345E+01 -2.9906E-01
  6.5625E+00  1.2317E+01 -2.6607E-01
  6.6588E+00  1.2224E+01 -3.3633E-01
  6.6443E+00  1.2155E+01 -1.3515E-01
  6.6512E+00  1.2131E+01 -1.4507E-01
  6.6551E+00  1.2192E+01 -2.9950E-01
  6.5563E+00  1.2307E+01 -2.0064E-01
  6.6479E+00  1.2321E+01 -2.0866E-01
  6.7813E+00  1.2203E+01 -2.6253E-01
  6.7286E+00  1.2154E+01 -2.0280E-01
  6.8619E+00  1.2170E+01 -2.6810E-01
  7.0272E+00  1.2061E+01 -3.6202E-01
  7.0045E+00  1.2003E+01 -2.7378E-01
  6.9480E+00  1.2076E+01 -1.8084E-01
  6.9420E+00  1.2156E+01 -2.0515E-01
  6.8921E+00  1.2159E+01 -1.5909E-01
  6.8847E+00  1.2113E+01 -1.3134E-01
  6.8829E+00  1.2235E+01 -1.5317E-01
  6.8233E+00  1.2382E+01 -2.9161E-01
  6.8085E+00  1.2435E+01 -3.5653E-01
  6.7578E+00  1.2345E+01 -2.9851E-01
  6.7912E+00  1.2195E+01 -3.1239E-01
  6.6521E+00  1.2152E+01 -3.1930E-01
  6.5319E+00  1.2163E+01 -3.2802E-01
  6.5958E+00  1.2104E+01 -4.3229E-01
  6.5874E+00  1.2118E+01 -3.8406E-01
  6.5811E+00  1.2196E+01 -4.1763E-01
  6.6722E+00  1.2226E+01 -4.6155E-01
  6.7647E+00  1.2256E+01 -3.2786E-01
  6.7780E+00  1.2189E+01 -2.0013E-01
  6.8505E+00  1.2102E+01 -1.7500E-01
  6.9274E+00  1.2120E+01 -4.6858E-02
  6.9196E+00  1.2090E+01  1.0146E-02
  6.9189E+00  1.2049E+01 -1.9456E-01
  6.9551E+00  1.2220E+01 -2.4495E-01
  6.8557E+00  1.2378E+01 -1.9473E-01
  6.8177E+00  1.2388E+01 -3.7452E-01
  6.7652E+00  1.2472E+01 -2.5529E-01
  6.6955E+00  1.2470E+01 -1.1422E-01
  6.5499E+00  1.2328E+01 -2.0790E-01
  6.6078E+00  1.2291E+01 -1.8960E-01
  6.6057E+00  1.2154E+01 -2.5177E-01
  6.4716E+00  1.1995E+01 -2.2933E-01
  6.5327E+00  1.1948E+01 -1.4938E-01
  6.5216E+00  1.1947E+01 -1.9557E-01
  6.4937E+00  1.2059E+01 -1.2561E-01
  6.5048E+00  1.2138E+01 -1.7479E-01
  6.6267E+00  1.2288E+01 -2.9753E-01
  6.6478E+00  1.2437E+01 -1.7592E-01
  6.6680E+00  1.2400E+01 -2.2062E-01
  6.7621E+00  1.2377E+01 -3.5107E-01
  6.7634E+00  1.2386E+01 -1.9010E-01
  6.6377E+00  1.2246E+01 -1.9985E-01
  6.6194E+00  1.2163E+01 -2.9549E-01
  6.6079E+00  1.2160E+01 -2.0797E-01
  6.5736E+00  1.2017E+01 -2.8217E-01
  6.6766E+00  1.1980E+01 -2.7255E-01
  6.8380E+00  1.2055E+01 -2.4685E-01
  6.8752E+00  1.2065E+01 -3.0624E-01
  6.9290E+00  1.2097E+01 -1.1753E-01
  7.0353E+00  1.2188E+01  6.8057E-03
  6.8678E+00  1.2284E+01  2.2231E-02
  6.5865E+00  1.2313E+01  7.8266E-02
  6.4975E+00  1.2332E+01 -5.1897E-02
  6.3010E+00  1.2264E+01 -1.3893E-01
  6.1313E+00  1.2160E+01 -1.2150E-01
  6.1200E+00  1.2105E+01 -1.3036E-01
  6.1497E+00  1.2177E+01 -2.1216E-01
  6.1689E+00  1.2212E+01 -2.8801E-01
  6.3804E+00  1.2258E+01 -2.3815E-01
  6.4918E+00  1.2269E+01 -2.1339E-01
  6.5229E+00  1.2300E+01 -2.3815E-01
  6.6394E+00  1.2338E+01 -2.2439E-01
  6.6347E+00  1.2207E+01 -2.0155E-01
  6.6489E+00  1.2112E+01 -1.9810E-01
  6.6815E+00  1.2132E+01 -1.3508E-01
  6.6167E+00  1.2071E+01 -7.5998E-02
  6.6788E+00  1.2048E+01 -2.5305E-02
  6.6877E+00  1.2026E+01  3.1082E-02
  6.6204E+00  1.2076E+01  1.5334E-02
  6.6078E+00  1.2207E+01 -1.3534E-01
  6.4869E+00  1.2265E+01 -2.3259E-01
  6.3985E+00  1.2301E+01 -2.3005E-01
  6.3376E+00  1.2242E+01 -2.8827E-01
  6.2287E+00  1.2195E+01 -1.8081E-01
  6.2161E+00  1.2159E+01 -2.7070E-02
  6.2635E+00  1.1964E+01 -1.9078E-02
  6.2868E+00  1.1834E+01  4.1524E-02
  6.3597E+00  1.1912E+01  2.7416E-02
  6.3438E+00  1.1984E+01 -5.8580E-02
  6.4441E+00  1.2199E+01 -3.7252E-02
  6.6027E+00  1.2440E+01 -8.5892E-02
  6.5955E+00  1.2534E+01 -1.2160E-01
  6.6489E+00  1.2518E+01 -2.7235E-02
  6.6430E+00  1.2412E+01  3.1970E-02
  6.5182E+00  1.2204E+01  8.5615E-04
  6.4840E+00  1.2012E+01 -1.4992E-02
  6.4651E+00  1.1862E+01  4.6333E-02
  6.3956E+00  1.1788E+01 -3.3821E-02
  6.3313E+00  1.1908E+01 -6.4275E-03
  6.3134E+00  1.2021E+01  5.4495E-02
  6.3491E+00  1.2065E+01  7.2279E-02
  6.4136E+00  1.2144E+01  2.0486E-01
  6.4960E+00  1.2160E+01  1.9857E-01
  6.6046E+00  1.2195E+01  9.1594E-02
  6.5809E+00  1.2217E+01  1.4937E-01
  6.5153E+00  1.2145E+01  1.3835E-01
  6.4683E+00  1.2133E+01  1.4174E-01
  6.3127E+00  1.2197E+01  1.5162E-01
  6.1204E+00  1.2213E+01 -2.0830E-02
  6.0959E+00  1.2320E+01 -3.9708E-02
  6.1223E+00  1.2294E+01 -1.1136E-02
  6.1254E+00  1.2148E+01 -9.2329E-02
  6.2404E+00  1.2160E+01  2.7720E-02
  6.4202E+00  1.2126E+01  1.9253E-02
  6.5466E+00  1.1991E+01  2.7571E-02
  6.5712E+00  1.1884E+01  1.8673E-01
  6.5770E+00  1.1976E+01  2.2488E-01
  6.4750E+00  1.2055E+01  2.2113E-01
  6.3624E+00  1.2097E+01  2.5716E-01
  6.2850E+00  1.2176E+01  2.9336E-01
  6.2178E+00  1.2177E+01  2.6657E-01
  6.1647E+00  1.2108E+01  3.1382E-01
  6.1712E+00  1.2007E+01  3.5281E-01
  6.2014E+00  1.2010E+01  2.7646E-01
  6.2005E+00  1.2112E+01  2.4237E-01
  6.1944E+00  1.2163E+01  2.3755E-01
  6.1809E+00  1.2172E+01  1.3488E-01
  6.1448E+00  1.2207E+01  1.9439E-01
  6.1224E+00  1.2154E+01  2.5092E-01
  6.1803E+00  1.2082E+01  3.0041E-01
