  8.8915E+00  8.7504E+00  6.5533E-02
  8.9244E+00  8.6664E+00 -3.6920E-02
  8.8245E+00  8.7844E+00  8.3393E-02
  8.6897E+00  9.0179E+00  6.4992E-02
  8.6650E+00  8.9398E+00  8.4279E-02
  8.6598E+00  8.8049E+00  3.0052E-02
  8.6399E+00  8.7605E+00 -5.3701E-02
  8.7136E+00  8.7491E+00 -7.7201E-02
  8.7125E+00  8.7910E+00 -3.7892E-02
  8.7174E+00  8.7662E+00  1.9733E-02
  8.8649E+00  8.7070E+00  8.0313E-02
  8.9214E+00  8.7110E+00  1.6744E-01
  8.9458E+00  8.6985E+00  2.8300E-01
  8.8400E+00  8.6748E+00  3.9899E-01
  8.7661E+00  8.6484E+00  5.2574E-01
  8.7725E+00  8.6741E+00  6.5842E-01
  8.7963E+00  8.7177E+00  7.7457E-01
  8.8090E+00  8.7803E+00  8.5545E-01
  8.8091E+00  8.8873E+00  8.9652E-01
  8.8368E+00  9.0216E+00  9.2295E-01
  8.7791E+00  9.0876E+00  1.0012E+00
  8.7127E+00  9.0484E+00  1.2368E+00
  8.6049E+00  9.1894E+00  1.3400E+00
  8.4958E+00  9.1265E+00  1.3146E+00
  8.4451E+00  9.0731E+00  1.3336E+00
  8.3526E+00  9.0454E+00  1.3335E+00
  8.2788E+00  9.1545E+00  1.5079E+00
  8.1453E+00  9.0564E+00  1.7880E+00
  8.0458E+00  9.0434E+00  1.9273E+00
  8.0369E+00  9.1231E+00  1.9903E+00
  7.9680E+00  8.9436E+00  2.0173E+00
  7.9743E+00  8.8079E+00  2.0307E+00
  8.1563E+00  8.8406E+00  1.8816E+00
  8.5438E+00  8.9074E+00  1.5533E+00
  8.9885E+00  8.9502E+00  1.1295E+00
  8.6953E+00  8.9433E+00  9.0279E-01
  8.7730E+00  9.0892E+00  1.2511E+00
  8.6763E+00  9.1417E+00  1.6124E+00
  8.3796E+00  9.0771E+00  1.7956E+00
  8.5852E+00  8.9249E+00  1.9400E+00
  8.5962E+00  8.7296E+00  1.8225E+00
  8.4152E+00  8.6889E+00  1.7453E+00
  8.5207E+00  8.6476E+00  1.8951E+00
  8.4213E+00  8.5617E+00  1.9243E+00
  8.4289E+00  8.5386E+00  1.8531E+00
  8.3382E+00  8.5391E+00  1.8260E+00
  8.2959E+00  8.5215E+00  1.8176E+00
  8.5019E+00  8.4002E+00  1.7795E+00
  8.5688E+00  8.1741E+00  1.7089E+00
  8.5892E+00  8.0979E+00  1.7138E+00
  8.5957E+00  8.1079E+00  1.7242E+00
  8.5210E+00  8.1178E+00  1.6533E+00
  8.5926E+00  8.1821E+00  1.6506E+00
  8.6129E+00  8.2636E+00  1.7043E+00
  8.5942E+00  8.4735E+00  1.8003E+00
  8.5668E+00  8.6861E+00  1.7807E+00
  8.5224E+00  8.7277E+00  1.6710E+00
  8.6682E+00  8.7672E+00  1.6572E+00
  8.7242E+00  8.8034E+00  1.7254E+00
  8.9224E+00  8.8272E+00  1.7337E+00
  8.9052E+00  8.8512E+00  1.5979E+00
  8.8658E+00  8.9213E+00  1.4469E+00
  8.8798E+00  8.9081E+00  1.3959E+00
  8.7903E+00  8.7297E+00  1.4164E+00
  8.7138E+00  8.6681E+00  1.4966E+00
  8.6027E+00  8.6504E+00  1.6402E+00
  8.5982E+00  8.5778E+00  1.8655E+00
  8.7683E+00  8.5471E+00  2.1413E+00
  8.7431E+00  8.5562E+00  2.2808E+00
  8.6641E+00  8.6689E+00  2.2317E+00
  8.6669E+00  8.8755E+00  2.1194E+00
  8.7334E+00  9.0262E+00  2.0945E+00
  8.6038E+00  8.9789E+00  2.0120E+00
  8.3629E+00  9.0101E+00  1.8869E+00
  8.2903E+00  9.1288E+00  1.7193E+00
  8.3700E+00  9.2725E+00  1.4734E+00
  8.2602E+00  9.3900E+00  1.2506E+00
  8.2389E+00  9.4728E+00  1.0777E+00
  8.3302E+00  9.4063E+00  9.5964E-01
  8.4660E+00  9.2575E+00  9.7245E-01
  8.4794E+00  9.1065E+00  1.0850E+00
  8.3232E+00  8.8798E+00  1.2886E+00
  8.3412E+00  8.7160E+00  1.4386E+00
  8.2432E+00  8.6549E+00  1.5554E+00
  8.1673E+00  8.7135E+00  1.5888E+00
  8.0289E+00  8.8926E+00  1.4803E+00
  7.7274E+00  9.0129E+00  1.2798E+00
  7.6728E+00  9.0299E+00  1.2000E+00
  7.7662E+00  8.9685E+00  9.9929E-01
  7.6906E+00  8.9051E+00  7.7290E-01
  7.6325E+00  8.9523E+00  6.4390E-01
  7.7116E+00  9.0861E+00  6.3189E-01
  7.8851E+00  9.1949E+00  4.6608E-01
  7.8629E+00  9.3349E+00  4.6566E-01
  7.9660E+00  9.4099E+00  4.5175E-01
  8.1348E+00  9.3739E+00  3.2436E-01
  8.0322E+00  9.4839E+00  3.6003E-01
  7.9528E+00  9.5860E+00  1.4310E-01
  7.9120E+00  9.5292E+00  9.5982E-02
  7.7363E+00  9.3915E+00  8.8579E-02
  7.6230E+00  9.4140E+00  3.2488E-02
  7.6626E+00  9.3714E+00  1.9378E-01
  7.4739E+00  9.1398E+00  4.0805E-01
  7.5212E+00  9.0604E+00  6.1285E-01
  7.7292E+00  9.0346E+00  8.3378E-01
  7.7910E+00  8.9807E+00  1.0432E+00
  7.7610E+00  8.9047E+00  1.3208E+00
  7.9209E+00  8.9889E+00  1.4968E+00
  7.9736E+00  9.0056E+00  1.4455E+00
  7.7874E+00  8.9599E+00  1.2348E+00
  7.6192E+00  9.0517E+00  1.0544E+00
  7.5607E+00  9.1861E+00  8.5586E-01
  7.6524E+00  9.0725E+00  5.9168E-01
  7.4712E+00  8.9804E+00  5.0512E-01
  7.6041E+00  9.1024E+00  3.1855E-01
  7.7943E+00  9.0501E+00  1.6952E-01
  7.9008E+00  9.0557E+00  3.3186E-01
  8.0341E+00  9.1803E+00  4.7906E-01
  8.2008E+00  9.2035E+00  5.6669E-01
  8.1288E+00  9.2493E+00  8.0868E-01
  8.0632E+00  9.4340E+00  9.3206E-01
  8.1031E+00  9.5947E+00  1.2111E+00
  7.8757E+00  9.5012E+00  1.4861E+00
  7.8175E+00  9.3676E+00  1.4507E+00
  7.7672E+00  9.4893E+00  1.4361E+00
  7.7314E+00  9.5321E+00  1.5364E+00
  7.9310E+00  9.3692E+00  1.5367E+00
  8.0664E+00  9.1200E+00  1.4046E+00
  7.9707E+00  9.2459E+00  1.2258E+00
  7.9555E+00  9.3787E+00  8.9135E-01
  7.9898E+00  9.3690E+00  8.2987E-01
  7.9297E+00  9.2216E+00  6.7056E-01
  8.0603E+00  9.0803E+00  4.4892E-01
  8.0748E+00  9.3383E+00  4.7789E-01
  7.9778E+00  9.4007E+00  2.9588E-01
  8.0160E+00  9.2563E+00 -2.5341E-02
  8.1998E+00  9.2759E+00  5.1863E-02
  8.0555E+00  9.3566E+00  1.2122E-01
  7.9649E+00  9.4259E+00  2.2803E-01
  8.0365E+00  9.4347E+00  4.8163E-01
  7.8416E+00  9.3992E+00  6.3920E-01
  7.7270E+00  9.5338E+00  8.7482E-01
  7.7362E+00  9.3815E+00  1.0575E+00
  7.6612E+00  9.2576E+00  1.1484E+00
  7.6302E+00  9.2664E+00  1.1164E+00
  7.7579E+00  9.3300E+00  1.1480E+00
  7.7072E+00  9.2256E+00  1.1899E+00
  7.7345E+00  9.2039E+00  1.0123E+00
  7.7714E+00  9.4118E+00  8.8071E-01
  7.8212E+00  9.4786E+00  8.7558E-01
  8.0001E+00  9.3312E+00  8.1219E-01
  8.2288E+00  9.3493E+00  7.2375E-01
  8.2346E+00  9.3934E+00  7.4669E-01
  8.2446E+00  9.3850E+00  9.4465E-01
  8.2651E+00  9.4441E+00  1.0704E+00
  8.2955E+00  9.5052E+00  1.0808E+00
  8.2329E+00  9.4516E+00  1.1723E+00
  8.2821E+00  9.5785E+00  1.2931E+00
  8.2355E+00  9.4681E+00  1.3857E+00
  8.2911E+00  9.2893E+00  1.3684E+00
  8.4211E+00  9.3663E+00  1.2256E+00
  8.4122E+00  9.4520E+00  1.1743E+00
  8.4594E+00  9.4305E+00  1.2123E+00
  8.4087E+00  9.4547E+00  1.0266E+00
  8.1937E+00  9.3882E+00  8.5421E-01
  8.1920E+00  9.4472E+00  8.1091E-01
  8.1262E+00  9.4222E+00  7.6053E-01
  8.0951E+00  9.4711E+00  7.1894E-01
  8.1675E+00  9.7249E+00  7.5586E-01
  8.1676E+00  9.8285E+00  9.0341E-01
  8.2647E+00  9.5906E+00  1.1336E+00
  8.3090E+00  9.6063E+00  1.3167E+00
  8.1874E+00  9.6274E+00  1.4109E+00
  8.1173E+00  9.6049E+00  1.5668E+00
  8.1104E+00  9.5552E+00  1.6955E+00
  8.0827E+00  9.4945E+00  1.6883E+00
  8.1185E+00  9.4133E+00  1.6133E+00
  8.1031E+00  9.4686E+00  1.5950E+00
  8.0177E+00  9.4484E+00  1.5077E+00
  8.0928E+00  9.3564E+00  1.5735E+00
  8.1818E+00  9.2729E+00  1.7631E+00
  8.1383E+00  9.3474E+00  1.9231E+00
  8.1119E+00  9.3659E+00  2.1065E+00
  8.1163E+00  9.4977E+00  2.3696E+00
  8.0107E+00  9.7460E+00  2.5048E+00
  8.0063E+00  9.8721E+00  2.4774E+00
  7.9993E+00  9.8823E+00  2.4258E+00
  7.9574E+00  9.9114E+00  2.4356E+00
  8.1069E+00  9.7404E+00  2.4469E+00
  8.1769E+00  9.5071E+00  2.3971E+00
  8.1019E+00  9.4364E+00  2.1936E+00
  8.1240E+00  9.4340E+00  1.9762E+00
  8.1829E+00  9.3940E+00  1.8674E+00
  8.1398E+00  9.4899E+00  1.7482E+00
  8.0503E+00  9.6467E+00  1.6582E+00
  8.1274E+00  9.7691E+00  1.7067E+00
  8.2581E+00  9.9446E+00  1.8393E+00
  8.1264E+00  1.0053E+01  1.8968E+00
  8.0436E+00  1.0156E+01  1.8844E+00
  7.9262E+00  1.0038E+01  1.8707E+00
  7.6851E+00  1.0081E+01  1.9379E+00
  7.7162E+00  1.0182E+01  2.0624E+00
  7.6985E+00  9.9266E+00  2.1510E+00
  7.5991E+00  9.7231E+00  2.0962E+00
  7.6844E+00  9.7068E+00  1.9824E+00
  7.7636E+00  9.5499E+00  1.8328E+00
  7.8943E+00  9.5248E+00  1.7507E+00
  7.9646E+00  9.4556E+00  1.6269E+00
  8.0399E+00  9.3608E+00  1.3922E+00
  8.0052E+00  9.3705E+00  1.3767E+00
  8.0243E+00  9.3423E+00  1.4797E+00
  8.0808E+00  9.2525E+00  1.4750E+00
  7.9611E+00  9.2740E+00  1.5454E+00
  7.8153E+00  9.3138E+00  1.6259E+00
  7.8347E+00  9.3148E+00  1.6271E+00
  7.9211E+00  9.4150E+00  1.6476E+00
  7.9001E+00  9.5497E+00  1.6244E+00
  7.9336E+00  9.6602E+00  1.7350E+00
  8.1253E+00  9.7201E+00  1.8947E+00
  8.2015E+00  9.7517E+00  1.9774E+00
  8.2503E+00  9.7791E+00  2.0219E+00
  8.2513E+00  9.7599E+00  2.0501E+00
  8.0927E+00  9.7393E+00  2.0237E+00
  8.0372E+00  9.7923E+00  2.0703E+00
  8.1314E+00  9.7641E+00  2.0810E+00
  8.2031E+00  9.6967E+00  1.9061E+00
  8.1985E+00  9.7541E+00  1.6050E+00
  8.2804E+00  9.6874E+00  1.5079E+00
  8.3477E+00  9.6625E+00  1.5283E+00
  8.3311E+00  9.7420E+00  1.5562E+00
  8.3699E+00  9.8210E+00  1.5408E+00
  8.2972E+00  9.7831E+00  1.5660E+00
  8.1794E+00  9.8266E+00  1.7809E+00
  8.1466E+00  9.8305E+00  1.8694E+00
  8.1948E+00  9.8463E+00  1.8500E+00
  8.0641E+00  9.7605E+00  1.8710E+00
  7.9046E+00  9.6472E+00  1.9613E+00
  7.8015E+00  9.4840E+00  1.9762E+00
  7.7246E+00  9.4473E+00  2.0481E+00
  7.6148E+00  9.4842E+00  2.1319E+00
  7.6199E+00  9.4674E+00  1.9839E+00
  7.7506E+00  9.5707E+00  1.8718E+00
  7.7606E+00  9.5833E+00  1.7866E+00
  7.8613E+00  9.6197E+00  1.6654E+00
  8.0659E+00  9.7338E+00  1.5427E+00
  8.0622E+00  9.7136E+00  1.3386E+00
  8.0808E+00  9.7935E+00  1.4115E+00
  8.0864E+00  9.7947E+00  1.4871E+00
  8.0819E+00  9.6843E+00  1.4625E+00
  8.0933E+00  9.6999E+00  1.5608E+00
  8.0212E+00  9.6685E+00  1.5789E+00
  8.1568E+00  9.6617E+00  1.5537E+00
  8.1563E+00  9.7234E+00  1.6306E+00
  8.1265E+00  9.8165E+00  1.6575E+00
  8.2721E+00  9.7936E+00  1.5488E+00
  8.2028E+00  9.6803E+00  1.6142E+00
  8.1228E+00  9.7938E+00  1.7985E+00
  8.0438E+00  9.8672E+00  1.8245E+00
  8.2872E+00  9.8672E+00  1.7594E+00
  8.2781E+00  9.8059E+00  1.8461E+00
  8.2170E+00  9.7080E+00  1.9558E+00
  8.4557E+00  9.6611E+00  1.9446E+00
  8.5484E+00  9.5990E+00  1.8293E+00
  8.3929E+00  9.4755E+00  1.7900E+00
  8.4750E+00  9.5050E+00  1.7133E+00
  8.4350E+00  9.4472E+00  1.6125E+00
  8.3716E+00  9.5034E+00  1.5900E+00
  8.3984E+00  9.6387E+00  1.5402E+00
  8.2961E+00  9.6722E+00  1.4087E+00
  8.3106E+00  9.7513E+00  1.3047E+00
  8.3944E+00  9.7016E+00  1.2843E+00
  8.3259E+00  9.6519E+00  1.1845E+00
  8.2753E+00  9.6305E+00  1.0980E+00
  8.2603E+00  9.6012E+00  1.1168E+00
  8.2452E+00  9.6120E+00  1.2469E+00
  8.0459E+00  9.4579E+00  1.3497E+00
  7.9086E+00  9.3836E+00  1.5570E+00
  7.7631E+00  9.3473E+00  1.6941E+00
  7.6305E+00  9.3790E+00  1.8046E+00
  7.6494E+00  9.5412E+00  1.9353E+00
  7.6875E+00  9.5145E+00  1.9135E+00
  7.7769E+00  9.6176E+00  1.9637E+00
  7.8744E+00  9.7020E+00  2.0237E+00
  7.9830E+00  9.6699E+00  2.0080E+00
  8.0652E+00  9.7260E+00  1.9945E+00
  8.0027E+00  9.7292E+00  1.9959E+00
  7.9544E+00  9.6750E+00  2.0257E+00
  8.0424E+00  9.7129E+00  2.1257E+00
  7.9151E+00  9.7031E+00  2.1064E+00
  7.9088E+00  9.7834E+00  1.8892E+00
  7.9687E+00  9.7862E+00  1.6282E+00
  8.0054E+00  9.8009E+00  1.5932E+00
  8.0080E+00  9.8849E+00  1.6453E+00
  7.9648E+00  9.8358E+00  1.6857E+00
  7.8957E+00  9.8089E+00  1.6804E+00
  7.8723E+00  9.8790E+00  1.7213E+00
  7.8628E+00  9.8927E+00  1.8357E+00
  7.8409E+00  9.8616E+00  1.9112E+00
  7.8000E+00  9.7824E+00  1.9429E+00
  7.9759E+00  9.8129E+00  1.9908E+00
  8.0284E+00  9.7073E+00  1.9820E+00
  8.1254E+00  9.6846E+00  1.9494E+00
  8.2045E+00  9.6635E+00  1.9111E+00
  8.0425E+00  9.4894E+00  1.8556E+00
  8.1273E+00  9.4803E+00  1.9503E+00
  8.0389E+00  9.3911E+00  1.9916E+00
  7.9230E+00  9.3929E+00  1.9791E+00
  7.9370E+00  9.5419E+00  1.9296E+00
  7.9204E+00  9.5944E+00  1.9031E+00
  7.9630E+00  9.6156E+00  1.9143E+00
  8.0257E+00  9.6142E+00  1.7639E+00
  8.0293E+00  9.7358E+00  1.7085E+00
  8.0144E+00  9.7193E+00  1.7285E+00
  8.1036E+00  9.6977E+00  1.6468E+00
  8.1277E+00  9.8788E+00  1.5806E+00
  8.0738E+00  9.8991E+00  1.5843E+00
  8.1174E+00  9.8630E+00  1.6814E+00
  8.1687E+00  9.8887E+00  1.7304E+00
  8.1729E+00  9.9219E+00  1.6933E+00
  8.0726E+00  9.8763E+00  1.6173E+00
  8.0007E+00  9.7973E+00  1.6254E+00
  7.9482E+00  9.7164E+00  1.7386E+00
  7.9149E+00  9.6908E+00  1.8912E+00
  7.8399E+00  9.5336E+00  1.9543E+00
  7.8606E+00  9.5299E+00  2.0302E+00
  7.8885E+00  9.6301E+00  2.1259E+00
  7.8878E+00  9.5180E+00  2.0810E+00
  7.9941E+00  9.5831E+00  1.9754E+00
  7.9809E+00  9.7933E+00  1.8393E+00
  8.0681E+00  9.6803E+00  1.6708E+00
  8.2053E+00  9.6845E+00  1.6855E+00
  8.0856E+00  9.7648E+00  1.7360E+00
  7.9596E+00  9.7057E+00  1.7474E+00
  8.0144E+00  9.6402E+00  1.7495E+00
  7.9977E+00  9.6126E+00  1.6313E+00
  7.9389E+00  9.6437E+00  1.6173E+00
  7.9129E+00  9.6528E+00  1.6831E+00
  8.0472E+00  9.6449E+00  1.4849E+00
  8.0233E+00  9.7233E+00  1.3209E+00
  8.0183E+00  9.7861E+00  1.3805E+00
  8.0285E+00  9.7472E+00  1.4478E+00
  8.0239E+00  9.7480E+00  1.6329E+00
  7.9712E+00  9.6631E+00  1.7206E+00
  7.9725E+00  9.5668E+00  1.8163E+00
  7.9373E+00  9.5876E+00  1.9598E+00
  7.8161E+00  9.5744E+00  1.9595E+00
  7.9294E+00  9.6925E+00  1.9457E+00
  7.9969E+00  9.6884E+00  1.9177E+00
  8.0128E+00  9.7480E+00  1.8879E+00
  8.1370E+00  9.8345E+00  1.9749E+00
  8.1317E+00  9.8005E+00  2.0137E+00
  8.1829E+00  9.8537E+00  1.9301E+00
  8.1651E+00  9.8643E+00  1.9013E+00
  8.1460E+00  9.9124E+00  1.8225E+00
  8.1225E+00  9.8952E+00  1.6275E+00
  8.1517E+00  9.8183E+00  1.5469E+00
  8.2015E+00  9.9178E+00  1.5214E+00
  8.0870E+00  9.7810E+00  1.5369E+00
  8.1762E+00  9.7037E+00  1.6521E+00
  8.1222E+00  9.7049E+00  1.7291E+00
  7.9238E+00  9.5833E+00  1.6884E+00
  7.9961E+00  9.6706E+00  1.6419E+00
  7.9931E+00  9.6658E+00  1.5843E+00
  7.9121E+00  9.6661E+00  1.6457E+00
  7.9564E+00  9.6752E+00  1.6302E+00
  7.9241E+00  9.6361E+00  1.6045E+00
  7.9669E+00  9.6225E+00  1.7304E+00
  8.0385E+00  9.4181E+00  1.8212E+00
  8.1488E+00  9.3815E+00  1.8538E+00
  8.0669E+00  9.3936E+00  1.8813E+00
  7.9926E+00  9.3874E+00  1.8867E+00
  8.0958E+00  9.5125E+00  1.9455E+00
  8.1004E+00  9.5000E+00  1.8663E+00
  8.1397E+00  9.6535E+00  1.8212E+00
  8.1368E+00  9.7464E+00  1.8933E+00
  8.1760E+00  9.7140E+00  1.8822E+00
  8.1849E+00  9.8236E+00  1.8895E+00
  7.9566E+00  9.8121E+00  1.8822E+00
  7.8750E+00  9.7688E+00  1.8458E+00
  7.9888E+00  9.6726E+00  1.8525E+00
  7.9602E+00  9.4760E+00  1.8210E+00
  7.8116E+00  9.6331E+00  1.7362E+00
  7.8699E+00  9.6090E+00  1.5478E+00
  8.0658E+00  9.5948E+00  1.6408E+00
  8.1081E+00  9.7996E+00  1.7593E+00
  8.3568E+00  9.8793E+00  1.7402E+00
  8.4395E+00  9.6592E+00  1.7092E+00
  8.3246E+00  9.6019E+00  1.8900E+00
  8.1247E+00  9.6923E+00  2.1658E+00
  8.0265E+00  9.6333E+00  2.3137E+00
  8.1158E+00  9.4504E+00  2.2678E+00
  8.1326E+00  9.4196E+00  2.1239E+00
  8.1599E+00  9.6043E+00  1.8738E+00
  8.0825E+00  9.5621E+00  1.8900E+00
  8.1122E+00  9.5643E+00  1.9508E+00
  8.1836E+00  9.7018E+00  1.8631E+00
  8.1585E+00  9.6366E+00  1.6003E+00
  8.2384E+00  9.6829E+00  1.6485E+00
  8.1988E+00  9.6552E+00  1.8185E+00
  8.1644E+00  9.5658E+00  1.8166E+00
