  1.1889E+01  8.7424E+00  2.1171E-01
  1.2169E+01  8.7529E+00  3.2998E-01
  1.2323E+01  8.8898E+00  2.8426E-01
  1.2446E+01  8.8495E+00  1.4516E-01
  1.2536E+01  8.8282E+00  1.3738E-01
  1.2558E+01  8.7583E+00  2.4415E-01
  1.2523E+01  8.7073E+00  3.3423E-01
  1.2462E+01  8.6990E+00  3.7818E-01
  1.2397E+01  8.7157E+00  4.2756E-01
  1.2317E+01  8.7741E+00  4.9177E-01
  1.2176E+01  8.8006E+00  5.6882E-01
  1.1968E+01  8.8093E+00  6.1003E-01
  1.1725E+01  8.8766E+00  6.1633E-01
  1.1570E+01  8.9524E+00  6.6437E-01
  1.1530E+01  9.0161E+00  7.2752E-01
  1.1533E+01  9.0612E+00  7.5750E-01
  1.1547E+01  9.0918E+00  7.6476E-01
  1.1565E+01  9.1280E+00  7.7549E-01
  1.1580E+01  9.1862E+00  7.8117E-01
  1.1562E+01  9.2716E+00  7.5439E-01
  1.1552E+01  9.3524E+00  6.9807E-01
  1.1502E+01  9.4236E+00  6.7773E-01
  1.1380E+01  9.6184E+00  7.1388E-01
  1.1197E+01  9.8534E+00  7.7275E-01
  1.1037E+01  9.7387E+00  7.5432E-01
  1.1009E+01  9.5223E+00  6.8182E-01
  1.1059E+01  9.4964E+00  8.1290E-01
  1.1142E+01  9.3770E+00  1.0536E+00
  1.1177E+01  9.2313E+00  1.2954E+00
  1.1181E+01  9.1938E+00  1.4849E+00
  1.1302E+01  9.2569E+00  1.6302E+00
  1.1520E+01  9.4499E+00  1.7997E+00
  1.1588E+01  9.7029E+00  1.9615E+00
  1.1419E+01  9.6415E+00  2.1470E+00
  1.1136E+01  9.7027E+00  2.2990E+00
  1.1293E+01  9.8485E+00  2.4265E+00
  1.1266E+01  9.8044E+00  2.3522E+00
  1.1248E+01  9.7138E+00  2.1812E+00
  1.1340E+01  9.6705E+00  1.9928E+00
  1.1195E+01  9.7867E+00  1.8874E+00
  1.1056E+01  9.8569E+00  1.8417E+00
  1.0994E+01  9.8372E+00  1.7886E+00
  1.0915E+01  9.8154E+00  1.7079E+00
  1.0881E+01  9.9226E+00  1.6959E+00
  1.0712E+01  9.9508E+00  1.7551E+00
  1.0675E+01  9.9997E+00  1.7755E+00
  1.0648E+01  1.0091E+01  1.7570E+00
  1.0520E+01  1.0166E+01  1.7843E+00
  1.0549E+01  1.0238E+01  1.7957E+00
  1.0517E+01  1.0226E+01  1.7698E+00
  1.0385E+01  1.0211E+01  1.7182E+00
  1.0475E+01  1.0139E+01  1.6557E+00
  1.0587E+01  1.0010E+01  1.6435E+00
  1.0755E+01  1.0020E+01  1.5726E+00
  1.0880E+01  1.0005E+01  1.4492E+00
  1.0932E+01  9.8765E+00  1.4413E+00
  1.1012E+01  9.8963E+00  1.4971E+00
  1.1072E+01  9.8428E+00  1.5314E+00
  1.1293E+01  9.8314E+00  1.5309E+00
  1.1387E+01  9.8869E+00  1.5963E+00
  1.1489E+01  9.9440E+00  1.6831E+00
  1.1489E+01  9.8770E+00  1.7526E+00
  1.1351E+01  9.8476E+00  1.7070E+00
  1.1262E+01  1.0009E+01  1.6015E+00
  1.1069E+01  1.0036E+01  1.5420E+00
  1.0883E+01  1.0052E+01  1.4079E+00
  1.0734E+01  1.0211E+01  1.2171E+00
  1.0524E+01  1.0327E+01  1.0635E+00
  1.0408E+01  1.0508E+01  8.6948E-01
  1.0366E+01  1.0555E+01  7.6247E-01
  1.0307E+01  1.0641E+01  7.9905E-01
  1.0434E+01  1.0729E+01  8.2323E-01
  1.0560E+01  1.0771E+01  9.6403E-01
  1.0612E+01  1.0921E+01  1.0519E+00
  1.0717E+01  1.0911E+01  1.0328E+00
  1.0726E+01  1.0870E+01  1.1122E+00
  1.0659E+01  1.0797E+01  1.2059E+00
  1.0713E+01  1.0669E+01  1.2134E+00
  1.0790E+01  1.0631E+01  1.2544E+00
  1.0794E+01  1.0607E+01  1.3474E+00
  1.0787E+01  1.0674E+01  1.4598E+00
  1.0636E+01  1.0719E+01  1.4894E+00
  1.0415E+01  1.0520E+01  1.3505E+00
  1.0363E+01  1.0289E+01  1.1700E+00
  1.0324E+01  1.0329E+01  1.0642E+00
  1.0343E+01  1.0252E+01  9.6311E-01
  1.0319E+01  1.0177E+01  8.6262E-01
  1.0196E+01  1.0072E+01  9.2676E-01
  1.0203E+01  1.0116E+01  1.0832E+00
  1.0106E+01  1.0159E+01  1.2148E+00
  1.0067E+01  1.0209E+01  1.2418E+00
  1.0153E+01  1.0325E+01  1.0736E+00
  1.0284E+01  1.0344E+01  9.4485E-01
  1.0329E+01  1.0439E+01  1.0656E+00
  1.0304E+01  1.0619E+01  1.2671E+00
  1.0275E+01  1.0828E+01  1.3532E+00
  1.0165E+01  1.0905E+01  1.3530E+00
  1.0102E+01  1.0868E+01  1.3181E+00
  1.0111E+01  1.0891E+01  1.2799E+00
  1.0018E+01  1.0846E+01  1.2207E+00
  9.9589E+00  1.0660E+01  9.9564E-01
  9.9168E+00  1.0637E+01  8.1739E-01
  9.8261E+00  1.0602E+01  9.8698E-01
  9.8678E+00  1.0599E+01  1.0929E+00
  9.9939E+00  1.0673E+01  1.0654E+00
  9.9576E+00  1.0690E+01  1.0971E+00
  1.0036E+01  1.0701E+01  1.0016E+00
  9.9938E+00  1.0592E+01  9.4214E-01
  1.0053E+01  1.0716E+01  8.7023E-01
  1.0070E+01  1.0754E+01  1.0546E+00
  1.0122E+01  1.0680E+01  1.0168E+00
  1.0019E+01  1.0743E+01  8.5957E-01
  9.7756E+00  1.0691E+01  8.1483E-01
  9.8594E+00  1.0441E+01  7.8132E-01
  9.7606E+00  1.0585E+01  7.7005E-01
  9.8933E+00  1.0769E+01  7.5712E-01
  1.0069E+01  1.0811E+01  8.2654E-01
  1.0067E+01  1.0948E+01  7.9611E-01
  1.0099E+01  1.1096E+01  8.1425E-01
  1.0222E+01  1.1193E+01  1.0189E+00
  1.0299E+01  1.1250E+01  1.0036E+00
  1.0207E+01  1.1223E+01  9.4146E-01
  1.0189E+01  1.1113E+01  9.6470E-01
  1.0150E+01  1.1052E+01  9.0218E-01
  1.0078E+01  1.1057E+01  7.9789E-01
  1.0103E+01  1.0926E+01  7.1721E-01
  1.0065E+01  1.0943E+01  7.2818E-01
  1.0264E+01  1.1013E+01  7.0255E-01
  1.0309E+01  1.0993E+01  8.0692E-01
  1.0310E+01  1.1020E+01  8.7997E-01
  1.0395E+01  1.1165E+01  8.1365E-01
  1.0278E+01  1.1197E+01  7.6766E-01
  1.0219E+01  1.1073E+01  6.2872E-01
  1.0058E+01  1.1186E+01  4.8868E-01
  1.0095E+01  1.1148E+01  5.0001E-01
  1.0109E+01  1.1083E+01  6.3588E-01
  1.0104E+01  1.1255E+01  6.8563E-01
  1.0170E+01  1.1204E+01  7.5154E-01
  1.0072E+01  1.1144E+01  8.2869E-01
  1.0090E+01  1.1238E+01  7.4605E-01
  1.0032E+01  1.1183E+01  8.0838E-01
  9.9542E+00  1.1032E+01  7.8440E-01
  9.9891E+00  1.1100E+01  6.5123E-01
  9.8466E+00  1.1109E+01  6.6444E-01
  9.8241E+00  1.1021E+01  5.4339E-01
  9.6828E+00  1.0995E+01  4.9036E-01
  9.8432E+00  1.1063E+01  4.6602E-01
  9.9452E+00  1.1090E+01  5.3419E-01
  9.9896E+00  1.1071E+01  5.6823E-01
  1.0063E+01  1.1135E+01  4.8772E-01
  9.9955E+00  1.1313E+01  4.8029E-01
  1.0031E+01  1.1339E+01  4.5417E-01
  1.0203E+01  1.1332E+01  4.6565E-01
  1.0147E+01  1.1555E+01  4.7790E-01
  1.0191E+01  1.1509E+01  4.6380E-01
  1.0143E+01  1.1381E+01  6.1166E-01
  1.0087E+01  1.1589E+01  5.5305E-01
  1.0121E+01  1.1519E+01  6.7970E-01
  1.0243E+01  1.1463E+01  7.4022E-01
  1.0181E+01  1.1684E+01  5.6752E-01
  1.0140E+01  1.1531E+01  5.0102E-01
  1.0170E+01  1.1345E+01  3.9513E-01
  1.0173E+01  1.1516E+01  1.7965E-01
  1.0142E+01  1.1554E+01  2.7376E-01
  1.0270E+01  1.1602E+01  2.7685E-01
  1.0234E+01  1.1829E+01  3.3971E-01
  1.0418E+01  1.1905E+01  4.4148E-01
  1.0526E+01  1.1990E+01  5.6430E-01
  1.0694E+01  1.2064E+01  5.1543E-01
  1.0921E+01  1.2033E+01  5.6950E-01
  1.1054E+01  1.1990E+01  6.6057E-01
  1.1208E+01  1.1922E+01  5.3493E-01
  1.1219E+01  1.1885E+01  5.9413E-01
  1.1240E+01  1.1786E+01  5.8891E-01
  1.1040E+01  1.1699E+01  5.8130E-01
  1.0822E+01  1.1586E+01  6.1741E-01
  1.0677E+01  1.1423E+01  4.8689E-01
  1.0434E+01  1.1383E+01  4.9593E-01
  1.0401E+01  1.1416E+01  4.2325E-01
  1.0387E+01  1.1588E+01  4.3369E-01
  1.0447E+01  1.1764E+01  4.2085E-01
  1.0590E+01  1.1934E+01  3.6558E-01
  1.0625E+01  1.2107E+01  3.2388E-01
  1.0746E+01  1.2194E+01  2.1202E-01
  1.0754E+01  1.2204E+01  2.7297E-01
  1.0756E+01  1.2275E+01  8.4465E-02
  1.0645E+01  1.2361E+01  9.7125E-02
  1.0681E+01  1.2333E+01  1.1587E-01
  1.0659E+01  1.2316E+01  8.6884E-02
  1.0569E+01  1.2340E+01  1.3358E-01
  1.0716E+01  1.2286E+01  1.6626E-01
  1.0600E+01  1.2242E+01  3.3284E-01
  1.0559E+01  1.2134E+01  1.7184E-01
  1.0521E+01  1.1968E+01  2.7917E-01
  1.0471E+01  1.1860E+01  2.7291E-01
  1.0416E+01  1.1836E+01  1.9489E-01
  1.0456E+01  1.1773E+01  3.2870E-01
  1.0552E+01  1.1738E+01  2.6289E-01
  1.0523E+01  1.1821E+01  3.7988E-01
  1.0811E+01  1.1758E+01  4.6884E-01
  1.0897E+01  1.1817E+01  4.9273E-01
  1.1079E+01  1.1780E+01  6.3002E-01
  1.1295E+01  1.1822E+01  6.5904E-01
  1.1195E+01  1.1913E+01  5.5889E-01
  1.1224E+01  1.1903E+01  6.0852E-01
  1.1104E+01  1.2004E+01  7.1757E-01
  1.0982E+01  1.2079E+01  6.2629E-01
  1.0796E+01  1.2035E+01  6.9409E-01
  1.0607E+01  1.2051E+01  6.5523E-01
  1.0508E+01  1.2091E+01  5.9269E-01
  1.0482E+01  1.2019E+01  7.1188E-01
  1.0584E+01  1.2007E+01  6.4236E-01
  1.0597E+01  1.2063E+01  6.3928E-01
  1.0842E+01  1.1990E+01  6.1375E-01
  1.1003E+01  1.1937E+01  6.0291E-01
  1.1098E+01  1.1958E+01  5.7879E-01
  1.1237E+01  1.1873E+01  5.2476E-01
  1.1212E+01  1.1797E+01  5.5406E-01
  1.1211E+01  1.1817E+01  4.5968E-01
  1.1131E+01  1.1836E+01  3.7285E-01
  1.0955E+01  1.1897E+01  4.0229E-01
  1.0965E+01  1.1900E+01  2.9895E-01
  1.0834E+01  1.2003E+01  2.4561E-01
  1.0767E+01  1.2064E+01  1.3258E-01
  1.0828E+01  1.2108E+01  1.1073E-01
  1.0836E+01  1.2179E+01  9.4087E-02
  1.0898E+01  1.2267E+01  3.8959E-02
  1.0923E+01  1.2385E+01  4.1272E-02
  1.0989E+01  1.2369E+01 -5.0694E-02
  1.1048E+01  1.2333E+01  8.2631E-02
  1.1067E+01  1.2374E+01  7.0694E-02
  1.1056E+01  1.2348E+01  9.8892E-02
  1.1102E+01  1.2209E+01  3.5825E-01
  1.1146E+01  1.2106E+01  3.9674E-01
  1.1026E+01  1.2095E+01  3.8337E-01
  1.1048E+01  1.1980E+01  4.5593E-01
  1.1024E+01  1.1892E+01  4.4744E-01
  1.0974E+01  1.1887E+01  4.4684E-01
  1.0943E+01  1.1907E+01  4.7267E-01
  1.0826E+01  1.1914E+01  5.0345E-01
  1.0870E+01  1.1862E+01  5.8528E-01
  1.0745E+01  1.1907E+01  6.7825E-01
  1.0675E+01  1.1983E+01  6.2408E-01
  1.0677E+01  1.1956E+01  6.9881E-01
  1.0630E+01  1.1915E+01  8.2991E-01
  1.0704E+01  1.1938E+01  8.7631E-01
  1.0660E+01  1.1983E+01  9.6574E-01
  1.0650E+01  1.1885E+01  9.9756E-01
  1.0744E+01  1.1666E+01  1.1750E+00
  1.0560E+01  1.1649E+01  1.1913E+00
  1.0529E+01  1.1478E+01  9.4433E-01
  1.0376E+01  1.1310E+01  1.0001E+00
  1.0181E+01  1.1362E+01  8.5962E-01
  1.0339E+01  1.1426E+01  8.0164E-01
  1.0384E+01  1.1455E+01  7.8468E-01
  1.0389E+01  1.1589E+01  6.6036E-01
  1.0403E+01  1.1593E+01  8.7681E-01
  1.0261E+01  1.1612E+01  9.2938E-01
  1.0125E+01  1.1554E+01  7.4472E-01
  1.0205E+01  1.1577E+01  8.5979E-01
  1.0176E+01  1.1768E+01  7.9088E-01
  1.0094E+01  1.1695E+01  6.4698E-01
  1.0021E+01  1.1611E+01  7.6387E-01
  9.9332E+00  1.1741E+01  6.4898E-01
  1.0022E+01  1.1540E+01  6.8387E-01
  1.0001E+01  1.1574E+01  6.5044E-01
  1.0030E+01  1.1586E+01  6.3344E-01
  1.0205E+01  1.1468E+01  7.1398E-01
  1.0288E+01  1.1637E+01  6.5900E-01
  1.0429E+01  1.1713E+01  7.9374E-01
  1.0543E+01  1.1762E+01  7.3855E-01
  1.0536E+01  1.1868E+01  7.4106E-01
  1.0653E+01  1.1853E+01  7.8824E-01
  1.0671E+01  1.1923E+01  6.9957E-01
  1.0798E+01  1.1989E+01  7.8181E-01
  1.0934E+01  1.2039E+01  7.6806E-01
  1.0843E+01  1.2169E+01  6.2537E-01
  1.0946E+01  1.2209E+01  5.8375E-01
  1.0925E+01  1.2243E+01  5.5046E-01
  1.0890E+01  1.2220E+01  5.3233E-01
  1.0863E+01  1.2228E+01  4.8236E-01
  1.0716E+01  1.2235E+01  3.3956E-01
  1.0636E+01  1.2173E+01  2.2856E-01
  1.0683E+01  1.2201E+01  2.2746E-01
  1.0655E+01  1.2291E+01  2.1172E-01
  1.0690E+01  1.2274E+01  2.3172E-01
  1.0711E+01  1.2284E+01  2.9219E-01
  1.0697E+01  1.2337E+01  3.0530E-01
  1.0782E+01  1.2281E+01  3.7987E-01
  1.0769E+01  1.2259E+01  4.0883E-01
  1.0779E+01  1.2193E+01  3.9376E-01
  1.0845E+01  1.2082E+01  4.8827E-01
  1.0815E+01  1.2032E+01  4.3466E-01
  1.0840E+01  1.1981E+01  3.9343E-01
  1.0814E+01  1.1938E+01  4.5436E-01
  1.0799E+01  1.1878E+01  3.9860E-01
  1.0872E+01  1.1939E+01  5.0082E-01
  1.0838E+01  1.2008E+01  4.6119E-01
  1.0739E+01  1.2056E+01  2.7547E-01
  1.0774E+01  1.2104E+01  3.1506E-01
  1.0747E+01  1.2297E+01  2.5397E-01
  1.0737E+01  1.2486E+01  2.7699E-01
  1.0727E+01  1.2560E+01  3.3013E-01
  1.0668E+01  1.2549E+01  2.5896E-01
  1.0601E+01 -1.2517E+01  3.2403E-01
  1.0495E+01 -1.2340E+01  2.9136E-01
  1.0399E+01 -1.2370E+01  2.4262E-01
  1.0373E+01  1.2580E+01  2.4763E-01
  1.0427E+01  1.2248E+01  1.6380E-01
  1.0365E+01  1.2176E+01  2.3899E-01
  1.0498E+01  1.2098E+01  2.6098E-01
  1.0564E+01  1.1968E+01  3.8709E-01
  1.0675E+01  1.1819E+01  3.8057E-01
  1.0800E+01  1.1873E+01  4.4704E-01
  1.0892E+01  1.2024E+01  5.3856E-01
  1.0910E+01  1.2058E+01  4.5118E-01
  1.0918E+01  1.2049E+01  4.7858E-01
  1.0801E+01  1.2179E+01  4.5728E-01
  1.0796E+01  1.2289E+01  3.7501E-01
  1.0721E+01  1.2331E+01  3.8529E-01
  1.0630E+01  1.2331E+01  1.8853E-01
  1.0573E+01  1.2390E+01  4.0693E-02
  1.0573E+01  1.2480E+01  6.9926E-02
  1.0590E+01  1.2554E+01 -1.4821E-02
  1.0565E+01  1.2539E+01  1.9505E-02
  1.0584E+01  1.2468E+01  9.7442E-02
  1.0623E+01  1.2496E+01  1.7951E-01
  1.0684E+01  1.2526E+01  3.7858E-01
  1.0701E+01  1.2460E+01  4.2994E-01
  1.0702E+01  1.2297E+01  4.0994E-01
  1.0808E+01  1.2230E+01  5.4805E-01
  1.0879E+01  1.2220E+01  4.8251E-01
  1.0876E+01  1.2139E+01  5.5795E-01
  1.0869E+01  1.1941E+01  6.7637E-01
  1.0749E+01  1.1812E+01  5.5248E-01
  1.0522E+01  1.1775E+01  6.6721E-01
  1.0419E+01  1.1731E+01  6.8053E-01
  1.0231E+01  1.1753E+01  4.5026E-01
  1.0148E+01  1.1808E+01  4.6588E-01
  1.0284E+01  1.1989E+01  4.7498E-01
  1.0282E+01  1.2314E+01  4.2422E-01
  1.0499E+01  1.2508E+01  4.5587E-01
  1.0793E+01  1.2529E+01  4.4752E-01
  1.0822E+01 -1.2535E+01  3.6188E-01
  1.0952E+01 -1.2348E+01  2.6152E-01
  1.0906E+01 -1.2387E+01  1.6586E-01
  1.0745E+01  1.2568E+01  1.1095E-01
  1.0631E+01  1.2458E+01  1.3785E-01
  1.0415E+01  1.2359E+01  8.3261E-02
  1.0241E+01  1.2195E+01  1.8117E-01
  1.0253E+01  1.2024E+01  2.3014E-01
  1.0156E+01  1.2033E+01  2.5368E-01
  1.0273E+01  1.2057E+01  3.6405E-01
  1.0447E+01  1.2102E+01  4.2708E-01
  1.0459E+01  1.2170E+01  3.9107E-01
  1.0677E+01  1.2247E+01  3.7103E-01
  1.0736E+01  1.2429E+01  3.6299E-01
  1.0860E+01  1.2560E+01  4.7116E-01
  1.0895E+01  1.2561E+01  6.2935E-01
  1.0759E+01 -1.2515E+01  6.6346E-01
  1.0653E+01 -1.2476E+01  5.6690E-01
  1.0455E+01  1.2594E+01  5.9862E-01
  1.0309E+01 -1.2585E+01  4.9811E-01
  1.0257E+01  1.2596E+01  4.3584E-01
  1.0237E+01  1.2496E+01  4.7060E-01
  1.0298E+01  1.2487E+01  2.7753E-01
  1.0387E+01  1.2494E+01  3.4455E-01
  1.0586E+01  1.2487E+01  2.7704E-01
  1.0567E+01  1.2503E+01  1.9500E-01
  1.0616E+01  1.2511E+01  2.5373E-01
  1.0669E+01  1.2490E+01  2.8001E-01
  1.0508E+01  1.2452E+01  3.7528E-01
  1.0480E+01  1.2373E+01  4.3176E-01
  1.0328E+01  1.2376E+01  4.9378E-01
  1.0238E+01  1.2391E+01  4.8980E-01
  1.0295E+01  1.2389E+01  4.9545E-01
  1.0244E+01  1.2477E+01  4.2912E-01
  1.0375E+01  1.2480E+01  2.4750E-01
  1.0438E+01  1.2502E+01  2.3581E-01
  1.0519E+01  1.2549E+01  9.5873E-02
  1.0537E+01  1.2573E+01  8.3699E-02
  1.0523E+01  1.2575E+01  1.5972E-01
  1.0553E+01  1.2589E+01  1.7729E-01
  1.0442E+01 -1.2579E+01  2.5098E-01
  1.0419E+01 -1.2555E+01  2.6258E-01
  1.0367E+01 -1.2531E+01  3.7780E-01
  1.0372E+01 -1.2446E+01  3.9006E-01
  1.0413E+01 -1.2402E+01  3.3178E-01
  1.0367E+01 -1.2454E+01  3.5596E-01
  1.0378E+01 -1.2482E+01  2.1422E-01
  1.0344E+01 -1.2453E+01  1.9634E-01
  1.0360E+01 -1.2538E+01  1.9040E-01
  1.0243E+01  1.2489E+01  2.1462E-01
  1.0174E+01  1.2407E+01  2.8195E-01
  1.0127E+01  1.2387E+01  3.4059E-01
  1.0040E+01  1.2370E+01  4.7462E-01
  1.0125E+01  1.2351E+01  4.8036E-01
  1.0101E+01  1.2448E+01  5.5831E-01
  1.0248E+01  1.2554E+01  5.6337E-01
  1.0326E+01 -1.2559E+01  4.8707E-01
