  1.1872E+01 -1.0484E+01  1.3808E-01
  1.2095E+01 -1.0508E+01  1.1638E-01
  1.2128E+01 -1.0630E+01  1.3110E-02
  1.2048E+01 -1.0670E+01 -1.7813E-02
  1.2170E+01 -1.0638E+01  1.8088E-03
  1.2194E+01 -1.0710E+01  1.0055E-01
  1.2096E+01 -1.0764E+01  1.7951E-01
  1.2118E+01 -1.0882E+01  2.4688E-01
  1.2118E+01 -1.0994E+01  2.6498E-01
  1.2084E+01 -1.1091E+01  2.9211E-01
  1.2093E+01 -1.1138E+01  3.4231E-01
  1.2084E+01 -1.1159E+01  3.6991E-01
  1.2046E+01 -1.1209E+01  3.6233E-01
  1.2031E+01 -1.1258E+01  3.5239E-01
  1.2019E+01 -1.1266E+01  3.6335E-01
  1.2021E+01 -1.1291E+01  3.6725E-01
  1.2048E+01 -1.1359E+01  3.5582E-01
  1.2065E+01 -1.1434E+01  3.5678E-01
  1.2105E+01 -1.1540E+01  3.5729E-01
  1.2150E+01 -1.1712E+01  3.2203E-01
  1.2160E+01 -1.1930E+01  2.4785E-01
  1.2179E+01 -1.2130E+01  1.7167E-01
  1.2178E+01 -1.2384E+01  7.3934E-02
  1.2135E+01  1.2480E+01 -1.4289E-02
  1.2191E+01  1.2240E+01 -5.3197E-02
  1.2264E+01  1.2110E+01 -1.0202E-01
  1.2328E+01  1.2015E+01 -2.2474E-01
 -1.2556E+01  1.2008E+01 -5.3653E-01
 -1.2362E+01  1.2072E+01 -8.0054E-01
 -1.2474E+01  1.2064E+01 -1.0425E+00
  1.2527E+01  1.1900E+01 -1.3348E+00
  1.2338E+01  1.1793E+01 -1.4010E+00
  1.2186E+01  1.1900E+01 -1.2506E+00
  1.1905E+01  1.2015E+01 -1.4104E+00
  1.1632E+01  1.2083E+01 -1.5258E+00
  1.1570E+01  1.2284E+01 -1.3807E+00
  1.1332E+01  1.2386E+01 -1.4713E+00
  1.1023E+01  1.2550E+01 -1.5762E+00
  1.0870E+01 -1.2504E+01 -1.4978E+00
  1.0791E+01  1.2582E+01 -1.6877E+00
  1.0751E+01 -1.2596E+01 -1.7790E+00
  1.0699E+01  1.2597E+01 -1.8723E+00
  1.0681E+01  1.2538E+01 -2.0197E+00
  1.0725E+01  1.2494E+01 -1.9850E+00
  1.0825E+01  1.2339E+01 -2.1176E+00
  1.0859E+01  1.2344E+01 -2.1380E+00
  1.0791E+01  1.2236E+01 -2.0573E+00
  1.0775E+01  1.2126E+01 -2.0581E+00
  1.0772E+01  1.2150E+01 -2.0078E+00
  1.0642E+01  1.1999E+01 -2.0115E+00
  1.0529E+01  1.2156E+01 -2.0242E+00
  1.0461E+01  1.2359E+01 -2.0385E+00
  1.0405E+01  1.2488E+01 -2.0538E+00
  1.0302E+01 -1.2514E+01 -2.0229E+00
  1.0139E+01 -1.2596E+01 -1.8964E+00
  1.0050E+01  1.2488E+01 -1.7877E+00
  1.0026E+01  1.2424E+01 -1.8271E+00
  1.0098E+01  1.2234E+01 -1.8145E+00
  1.0147E+01  1.2028E+01 -1.8535E+00
  1.0187E+01  1.1847E+01 -1.9418E+00
  1.0380E+01  1.1811E+01 -2.0109E+00
  1.0581E+01  1.1746E+01 -2.2389E+00
  1.0692E+01  1.1749E+01 -2.2796E+00
  1.0795E+01  1.1780E+01 -2.4454E+00
  1.0929E+01  1.1789E+01 -2.5828E+00
  1.1006E+01  1.1815E+01 -2.5421E+00
  1.0994E+01  1.1822E+01 -2.6108E+00
  1.0968E+01  1.1877E+01 -2.7645E+00
  1.1007E+01  1.1956E+01 -2.9215E+00
  1.1017E+01  1.2000E+01 -2.9978E+00
  1.0945E+01  1.1939E+01 -3.0394E+00
  1.0890E+01  1.1857E+01 -3.1001E+00
  1.0911E+01  1.1815E+01 -3.1256E+00
  1.0951E+01  1.1846E+01 -3.2488E+00
  1.0969E+01  1.1833E+01 -3.2243E+00
  1.0974E+01  1.1730E+01 -3.1361E+00
  1.1045E+01  1.1702E+01 -3.1460E+00
  1.1173E+01  1.1739E+01 -3.0373E+00
  1.1211E+01  1.1829E+01 -2.8811E+00
  1.1169E+01  1.1924E+01 -2.7329E+00
  1.1195E+01  1.1945E+01 -2.5949E+00
  1.1315E+01  1.2007E+01 -2.4543E+00
  1.1351E+01  1.2037E+01 -2.2640E+00
  1.1344E+01  1.2253E+01 -2.2015E+00
  1.1448E+01  1.2403E+01 -2.1871E+00
  1.1623E+01  1.2414E+01 -2.0436E+00
  1.1745E+01  1.2522E+01 -2.0777E+00
  1.1747E+01  1.2555E+01 -2.0694E+00
  1.1739E+01  1.2461E+01 -1.9807E+00
  1.1791E+01  1.2389E+01 -2.0456E+00
  1.1693E+01  1.2279E+01 -2.0450E+00
  1.1582E+01  1.2208E+01 -1.9083E+00
  1.1558E+01  1.2082E+01 -1.9231E+00
  1.1530E+01  1.1914E+01 -1.8865E+00
  1.1489E+01  1.1901E+01 -1.7834E+00
  1.1398E+01  1.1742E+01 -1.8919E+00
  1.1445E+01  1.1786E+01 -1.8410E+00
  1.1522E+01  1.1805E+01 -1.9716E+00
  1.1606E+01  1.1889E+01 -2.1994E+00
  1.1737E+01  1.1974E+01 -2.2511E+00
  1.1816E+01  1.1792E+01 -2.4286E+00
  1.1925E+01  1.1724E+01 -2.5463E+00
  1.1997E+01  1.1642E+01 -2.5787E+00
  1.2091E+01  1.1499E+01 -2.7767E+00
  1.2167E+01  1.1470E+01 -2.7915E+00
  1.2124E+01  1.1300E+01 -2.7428E+00
  1.2218E+01  1.1252E+01 -2.9248E+00
  1.2247E+01  1.1283E+01 -2.9022E+00
  1.2240E+01  1.1234E+01 -2.8166E+00
  1.2408E+01  1.1342E+01 -2.9828E+00
  1.2441E+01  1.1391E+01 -3.1154E+00
  1.2383E+01  1.1513E+01 -3.0989E+00
  1.2446E+01  1.1632E+01 -3.1411E+00
  1.2412E+01  1.1507E+01 -3.1357E+00
  1.2285E+01  1.1447E+01 -3.1391E+00
  1.2109E+01  1.1394E+01 -3.0566E+00
  1.2006E+01  1.1313E+01 -2.9899E+00
  1.1902E+01  1.1310E+01 -2.9665E+00
  1.1687E+01  1.1281E+01 -2.9126E+00
  1.1626E+01  1.1212E+01 -3.0200E+00
  1.1609E+01  1.1200E+01 -3.0270E+00
  1.1562E+01  1.1332E+01 -3.0225E+00
  1.1588E+01  1.1349E+01 -3.2686E+00
  1.1636E+01  1.1299E+01 -3.3311E+00
  1.1707E+01  1.1393E+01 -3.2509E+00
  1.1795E+01  1.1407E+01 -3.4251E+00
  1.1899E+01  1.1507E+01 -3.5027E+00
  1.1974E+01  1.1632E+01 -3.3580E+00
  1.2024E+01  1.1596E+01 -3.3732E+00
  1.2108E+01  1.1616E+01 -3.3824E+00
  1.2175E+01  1.1636E+01 -3.0783E+00
  1.2250E+01  1.1551E+01 -2.9120E+00
  1.2342E+01  1.1414E+01 -2.8678E+00
  1.2398E+01  1.1387E+01 -2.6058E+00
  1.2504E+01  1.1323E+01 -2.4458E+00
 -1.2526E+01  1.1222E+01 -2.4851E+00
 -1.2521E+01  1.1256E+01 -2.3859E+00
 -1.2530E+01  1.1158E+01 -2.3962E+00
 -1.2384E+01  1.1061E+01 -2.6128E+00
 -1.2427E+01  1.1107E+01 -2.6752E+00
 -1.2445E+01  1.1098E+01 -2.8527E+00
 -1.2441E+01  1.0923E+01 -3.1378E+00
  1.2584E+01  1.0867E+01 -3.2072E+00
  1.2434E+01  1.0929E+01 -3.2305E+00
  1.2434E+01  1.0712E+01 -3.4857E+00
  1.2386E+01  1.0703E+01 -3.6152E+00
  1.2218E+01  1.0799E+01 -3.5010E+00
  1.2233E+01  1.0766E+01 -3.6700E+00
  1.2273E+01  1.0704E+01 -3.8075E+00
  1.2186E+01  1.0748E+01 -3.6609E+00
  1.2160E+01  1.0912E+01 -3.5740E+00
  1.2242E+01  1.0801E+01 -3.6114E+00
  1.2104E+01  1.0820E+01 -3.5204E+00
  1.1895E+01  1.0881E+01 -3.3885E+00
  1.1888E+01  1.0603E+01 -3.4005E+00
  1.1733E+01  1.0602E+01 -3.4399E+00
  1.1540E+01  1.0684E+01 -3.5603E+00
  1.1456E+01  1.0605E+01 -3.8281E+00
  1.1303E+01  1.0686E+01 -3.9692E+00
  1.1106E+01  1.0729E+01 -4.0126E+00
  1.0887E+01  1.0742E+01 -4.0792E+00
  1.0672E+01  1.0766E+01 -4.1474E+00
  1.0488E+01  1.0757E+01 -4.0461E+00
  1.0294E+01  1.0706E+01 -3.8525E+00
  1.0156E+01  1.0554E+01 -3.6549E+00
  1.0076E+01  1.0520E+01 -3.4513E+00
  9.9310E+00  1.0440E+01 -3.3804E+00
  9.7345E+00  1.0414E+01 -3.3777E+00
  9.5470E+00  1.0490E+01 -3.3266E+00
  9.3471E+00  1.0390E+01 -3.2952E+00
  9.1168E+00  1.0436E+01 -3.3457E+00
  8.9691E+00  1.0491E+01 -3.3231E+00
  8.8195E+00  1.0468E+01 -3.2684E+00
  8.7301E+00  1.0464E+01 -3.2509E+00
  8.7680E+00  1.0389E+01 -3.1718E+00
  8.7871E+00  1.0277E+01 -3.0860E+00
  8.9112E+00  1.0333E+01 -3.0719E+00
  8.9266E+00  1.0286E+01 -3.1591E+00
  8.9260E+00  1.0389E+01 -3.3815E+00
  9.2170E+00  1.0498E+01 -3.6203E+00
  9.3343E+00  1.0473E+01 -3.8876E+00
  9.3717E+00  1.0577E+01 -3.9859E+00
  9.3570E+00  1.0644E+01 -3.9278E+00
  9.1375E+00  1.0636E+01 -3.8996E+00
  9.0602E+00  1.0683E+01 -3.7514E+00
  9.1185E+00  1.0678E+01 -3.6969E+00
  9.2098E+00  1.0736E+01 -3.6916E+00
  9.2356E+00  1.0649E+01 -3.5961E+00
  9.0247E+00  1.0630E+01 -3.5555E+00
  8.8809E+00  1.0633E+01 -3.4716E+00
  8.8384E+00  1.0541E+01 -3.5343E+00
  8.8001E+00  1.0423E+01 -3.6998E+00
  8.8478E+00  1.0273E+01 -3.5919E+00
  8.7825E+00  1.0239E+01 -3.4611E+00
  8.7780E+00  1.0065E+01 -3.3966E+00
  8.9065E+00  9.9774E+00 -3.3857E+00
  9.1092E+00  1.0007E+01 -3.3991E+00
  9.3804E+00  9.9450E+00 -3.3394E+00
  9.3656E+00  9.9112E+00 -3.4775E+00
  9.1743E+00  9.9618E+00 -3.5455E+00
  8.9687E+00  1.0023E+01 -3.5267E+00
  8.8070E+00  1.0100E+01 -3.5899E+00
  8.8295E+00  1.0177E+01 -3.7019E+00
  8.8992E+00  1.0341E+01 -3.6944E+00
  8.8927E+00  1.0400E+01 -3.7009E+00
  8.8342E+00  1.0339E+01 -3.6638E+00
  8.8025E+00  1.0303E+01 -3.4461E+00
  8.9464E+00  1.0300E+01 -3.3482E+00
  9.1494E+00  1.0411E+01 -3.3500E+00
  9.1592E+00  1.0478E+01 -3.3580E+00
  9.1041E+00  1.0372E+01 -3.3164E+00
  9.1760E+00  1.0444E+01 -3.3601E+00
  9.2290E+00  1.0545E+01 -3.3842E+00
  9.2191E+00  1.0574E+01 -3.5019E+00
  9.1419E+00  1.0745E+01 -3.6605E+00
  9.0720E+00  1.0749E+01 -3.6197E+00
  8.9014E+00  1.0760E+01 -3.6172E+00
  8.7305E+00  1.0798E+01 -3.6808E+00
  8.7752E+00  1.0646E+01 -3.6904E+00
  8.7487E+00  1.0621E+01 -3.7020E+00
  8.6656E+00  1.0412E+01 -3.6809E+00
  8.5708E+00  1.0135E+01 -3.7019E+00
  8.5332E+00  1.0089E+01 -3.7919E+00
  8.6311E+00  1.0048E+01 -3.6254E+00
  8.6640E+00  1.0049E+01 -3.5317E+00
  8.7659E+00  9.9892E+00 -3.4521E+00
  8.8387E+00  9.9505E+00 -3.2888E+00
  8.7768E+00  1.0040E+01 -3.2199E+00
  8.8132E+00  9.8814E+00 -3.2621E+00
  8.7710E+00  9.8775E+00 -3.3667E+00
  8.7681E+00  1.0012E+01 -3.4044E+00
  8.7598E+00  1.0091E+01 -3.3884E+00
  8.6714E+00  1.0147E+01 -3.5163E+00
  8.7568E+00  1.0231E+01 -3.5735E+00
  8.8009E+00  1.0414E+01 -3.6435E+00
  8.8960E+00  1.0573E+01 -3.8143E+00
  8.9477E+00  1.0509E+01 -3.9666E+00
  8.9383E+00  1.0475E+01 -3.9086E+00
  9.0566E+00  1.0541E+01 -3.7710E+00
  9.0135E+00  1.0552E+01 -3.6648E+00
  8.9703E+00  1.0490E+01 -3.6062E+00
  9.1093E+00  1.0435E+01 -3.5572E+00
  9.1224E+00  1.0413E+01 -3.3886E+00
  9.0777E+00  1.0379E+01 -3.2649E+00
  9.1227E+00  1.0311E+01 -3.4773E+00
  9.1530E+00  1.0330E+01 -3.5373E+00
  9.1801E+00  1.0422E+01 -3.3347E+00
  9.0928E+00  1.0392E+01 -3.3991E+00
  9.0550E+00  1.0301E+01 -3.4278E+00
  8.9104E+00  1.0289E+01 -3.3934E+00
  8.8842E+00  1.0197E+01 -3.4620E+00
  9.0616E+00  1.0019E+01 -3.5254E+00
  9.0128E+00  9.8707E+00 -3.6096E+00
  8.8296E+00  9.9227E+00 -3.5163E+00
  8.8690E+00  1.0038E+01 -3.4529E+00
  8.8411E+00  9.9675E+00 -3.5260E+00
  8.8245E+00  1.0023E+01 -3.4982E+00
  8.7921E+00  1.0005E+01 -3.4880E+00
  8.7576E+00  9.9330E+00 -3.5352E+00
  8.8112E+00  9.9899E+00 -3.4070E+00
  8.9138E+00  1.0067E+01 -3.4610E+00
  8.9665E+00  1.0185E+01 -3.5458E+00
  8.9096E+00  1.0309E+01 -3.5012E+00
  8.7896E+00  1.0326E+01 -3.5219E+00
  8.8875E+00  1.0395E+01 -3.4548E+00
  8.9843E+00  1.0485E+01 -3.4415E+00
  9.0481E+00  1.0514E+01 -3.5538E+00
  8.9881E+00  1.0520E+01 -3.6161E+00
  8.7995E+00  1.0475E+01 -3.6036E+00
  8.7813E+00  1.0457E+01 -3.5322E+00
  8.7726E+00  1.0395E+01 -3.5474E+00
  8.8164E+00  1.0379E+01 -3.5116E+00
  8.8023E+00  1.0535E+01 -3.5273E+00
  8.7041E+00  1.0492E+01 -3.6018E+00
  8.7074E+00  1.0447E+01 -3.4898E+00
  8.8079E+00  1.0486E+01 -3.5242E+00
  8.8880E+00  1.0443E+01 -3.5564E+00
  8.9170E+00  1.0570E+01 -3.4582E+00
  8.9918E+00  1.0663E+01 -3.6852E+00
  9.0034E+00  1.0623E+01 -3.8447E+00
  8.9569E+00  1.0757E+01 -3.8380E+00
  9.0396E+00  1.0884E+01 -3.8064E+00
  9.1640E+00  1.0876E+01 -3.9268E+00
  9.1455E+00  1.0849E+01 -3.9848E+00
  8.9559E+00  1.0696E+01 -3.8344E+00
  8.8429E+00  1.0574E+01 -3.6750E+00
  8.8049E+00  1.0508E+01 -3.5518E+00
  8.8133E+00  1.0341E+01 -3.5133E+00
  8.7514E+00  1.0254E+01 -3.4704E+00
  8.6893E+00  1.0150E+01 -3.3622E+00
  8.7653E+00  1.0038E+01 -3.4272E+00
  8.7374E+00  1.0004E+01 -3.4656E+00
  8.7832E+00  9.9496E+00 -3.4555E+00
  8.7993E+00  9.9828E+00 -3.5379E+00
  8.7673E+00  1.0039E+01 -3.5282E+00
  8.7268E+00  1.0022E+01 -3.5511E+00
  8.6114E+00  1.0043E+01 -3.6178E+00
  8.6158E+00  1.0052E+01 -3.6105E+00
  8.6396E+00  1.0289E+01 -3.6051E+00
  8.7067E+00  1.0465E+01 -3.6459E+00
  8.7548E+00  1.0538E+01 -3.7271E+00
  8.7733E+00  1.0730E+01 -3.6757E+00
  8.8161E+00  1.0802E+01 -3.5774E+00
  8.8122E+00  1.0821E+01 -3.6175E+00
  8.8768E+00  1.0776E+01 -3.6164E+00
  8.8726E+00  1.0605E+01 -3.5963E+00
  8.8355E+00  1.0602E+01 -3.6223E+00
  8.9329E+00  1.0511E+01 -3.6049E+00
  8.8536E+00  1.0429E+01 -3.5589E+00
  8.8134E+00  1.0441E+01 -3.4616E+00
  8.8181E+00  1.0326E+01 -3.5192E+00
  8.6047E+00  1.0426E+01 -3.6399E+00
  8.5831E+00  1.0492E+01 -3.6428E+00
  8.5538E+00  1.0380E+01 -3.7095E+00
  8.4806E+00  1.0389E+01 -3.7730E+00
  8.4858E+00  1.0317E+01 -3.7036E+00
  8.4197E+00  1.0329E+01 -3.6179E+00
  8.5383E+00  1.0306E+01 -3.4680E+00
  8.5741E+00  1.0234E+01 -3.4396E+00
  8.5767E+00  1.0267E+01 -3.4315E+00
  8.7368E+00  1.0356E+01 -3.3751E+00
  8.7608E+00  1.0427E+01 -3.4330E+00
  8.9154E+00  1.0359E+01 -3.5896E+00
  8.8948E+00  1.0452E+01 -3.7591E+00
  8.8349E+00  1.0530E+01 -3.7798E+00
  8.8389E+00  1.0572E+01 -3.7979E+00
  8.6261E+00  1.0589E+01 -3.9257E+00
  8.4821E+00  1.0567E+01 -3.8545E+00
  8.3344E+00  1.0671E+01 -3.8006E+00
  8.2676E+00  1.0697E+01 -3.7322E+00
  8.3837E+00  1.0589E+01 -3.6453E+00
  8.3536E+00  1.0662E+01 -3.7003E+00
  8.4102E+00  1.0628E+01 -3.5910E+00
  8.6787E+00  1.0570E+01 -3.4099E+00
  8.6897E+00  1.0766E+01 -3.4193E+00
  8.8224E+00  1.0679E+01 -3.4398E+00
  8.7540E+00  1.0708E+01 -3.4749E+00
  8.6707E+00  1.0787E+01 -3.5293E+00
  8.8567E+00  1.0661E+01 -3.5722E+00
  8.7346E+00  1.0661E+01 -3.6516E+00
  8.5390E+00  1.0745E+01 -3.7608E+00
  8.5761E+00  1.0739E+01 -3.7328E+00
  8.4643E+00  1.0658E+01 -3.6736E+00
  8.3588E+00  1.0681E+01 -3.6197E+00
  8.3935E+00  1.0708E+01 -3.6137E+00
  8.3705E+00  1.0719E+01 -3.7218E+00
  8.3876E+00  1.0620E+01 -3.6896E+00
  8.3822E+00  1.0509E+01 -3.7208E+00
  8.4187E+00  1.0492E+01 -3.7230E+00
  8.5522E+00  1.0524E+01 -3.5802E+00
  8.6030E+00  1.0422E+01 -3.5220E+00
  8.5575E+00  1.0447E+01 -3.5012E+00
  8.4787E+00  1.0465E+01 -3.4894E+00
  8.4043E+00  1.0365E+01 -3.5776E+00
  8.4922E+00  1.0389E+01 -3.6368E+00
  8.4272E+00  1.0496E+01 -3.6015E+00
  8.2326E+00  1.0563E+01 -3.6514E+00
  8.0785E+00  1.0658E+01 -3.6546E+00
  8.0691E+00  1.0542E+01 -3.5447E+00
  7.9162E+00  1.0563E+01 -3.6718E+00
  7.9579E+00  1.0629E+01 -3.7262E+00
  8.0677E+00  1.0522E+01 -3.6016E+00
  8.0362E+00  1.0599E+01 -3.7761E+00
  8.1794E+00  1.0655E+01 -3.8844E+00
  8.3472E+00  1.0659E+01 -3.7588E+00
  8.4729E+00  1.0916E+01 -3.7463E+00
  8.6088E+00  1.1001E+01 -3.6531E+00
  8.4925E+00  1.1096E+01 -3.6148E+00
  8.4038E+00  1.1232E+01 -3.6037E+00
  8.4451E+00  1.1157E+01 -3.4807E+00
  8.3523E+00  1.0975E+01 -3.5487E+00
  8.1040E+00  1.0969E+01 -3.6899E+00
  8.0644E+00  1.0832E+01 -3.5882E+00
  7.9712E+00  1.0783E+01 -3.6151E+00
  7.9754E+00  1.0709E+01 -3.6538E+00
  8.1302E+00  1.0592E+01 -3.6210E+00
  8.0619E+00  1.0695E+01 -3.7250E+00
  8.1633E+00  1.0735E+01 -3.6042E+00
  8.2953E+00  1.0670E+01 -3.5517E+00
  8.2749E+00  1.0854E+01 -3.5698E+00
  8.3519E+00  1.0891E+01 -3.4128E+00
  8.3212E+00  1.0819E+01 -3.4244E+00
  8.2935E+00  1.0893E+01 -3.5101E+00
  8.3169E+00  1.0826E+01 -3.5072E+00
  8.1110E+00  1.0896E+01 -3.6542E+00
  8.0908E+00  1.0780E+01 -3.7543E+00
  7.9632E+00  1.0570E+01 -3.7160E+00
  7.7642E+00  1.0614E+01 -3.8201E+00
  7.7589E+00  1.0674E+01 -3.7087E+00
  7.6704E+00  1.0806E+01 -3.6608E+00
  7.7059E+00  1.0934E+01 -3.6880E+00
  7.8658E+00  1.0893E+01 -3.5523E+00
  8.0031E+00  1.0915E+01 -3.4601E+00
  8.0129E+00  1.1120E+01 -3.4166E+00
  8.1060E+00  1.1167E+01 -3.4467E+00
  8.1874E+00  1.1231E+01 -3.5569E+00
  8.1116E+00  1.1318E+01 -3.5885E+00
  8.0855E+00  1.1174E+01 -3.5437E+00
  7.9327E+00  1.1185E+01 -3.6064E+00
  7.9444E+00  1.1116E+01 -3.5964E+00
