  2.7181E+00  8.7606E+00  9.8298E-02
  2.4585E+00  8.6461E+00  1.2182E-01
  2.2538E+00  8.5713E+00  2.2474E-01
  2.1483E+00  8.6638E+00  3.7889E-01
  2.2108E+00  8.6329E+00  4.1366E-01
  2.3981E+00  8.5412E+00  3.2734E-01
  2.6871E+00  8.5705E+00  2.3665E-01
  3.0121E+00  8.6018E+00  1.4126E-01
  3.2896E+00  8.5293E+00  7.2581E-02
  3.4043E+00  8.5154E+00  5.3889E-02
  3.4230E+00  8.5294E+00  6.1659E-02
  3.4367E+00  8.5226E+00  8.3059E-02
  3.4905E+00  8.5463E+00  9.1342E-02
  3.5534E+00  8.5536E+00  9.5387E-02
  3.5841E+00  8.5638E+00  1.0436E-01
  3.5367E+00  8.6005E+00  1.3049E-01
  3.5483E+00  8.6221E+00  1.5985E-01
  3.5848E+00  8.6260E+00  1.6230E-01
  3.5705E+00  8.6833E+00  1.5783E-01
  3.4898E+00  8.7337E+00  2.0570E-01
  3.3470E+00  8.7836E+00  2.8300E-01
  3.2074E+00  8.7620E+00  3.1511E-01
  3.1574E+00  8.7568E+00  2.7247E-01
  3.1669E+00  8.7533E+00  1.9017E-01
  3.1530E+00  8.7156E+00  9.7962E-02
  3.0935E+00  8.6439E+00 -1.2018E-02
  2.9825E+00  8.5745E+00 -9.2236E-02
  2.8699E+00  8.5633E+00 -2.1975E-01
  2.9418E+00  8.5863E+00 -5.0079E-01
  3.2075E+00  8.6130E+00 -7.5011E-01
  3.5547E+00  8.6385E+00 -8.7645E-01
  3.8372E+00  8.6901E+00 -1.0290E+00
  3.8962E+00  8.8388E+00 -1.1840E+00
  3.8448E+00  9.0284E+00 -1.1702E+00
  3.7282E+00  9.0530E+00 -1.0862E+00
  3.5978E+00  9.0546E+00 -9.8147E-01
  3.5778E+00  9.1213E+00 -9.1850E-01
  3.5497E+00  9.0214E+00 -1.0237E+00
  3.5397E+00  8.9507E+00 -1.0872E+00
  3.6287E+00  8.8410E+00 -1.0042E+00
  3.7541E+00  8.7655E+00 -9.8554E-01
  3.8637E+00  8.8155E+00 -1.0280E+00
  3.9971E+00  8.7436E+00 -1.0593E+00
  3.9768E+00  8.7397E+00 -1.1093E+00
  3.9774E+00  8.6722E+00 -1.1535E+00
  4.0077E+00  8.6717E+00 -1.1842E+00
  3.9498E+00  8.6563E+00 -1.2511E+00
  3.7997E+00  8.5411E+00 -1.3607E+00
  3.7594E+00  8.5626E+00 -1.4069E+00
  3.9086E+00  8.5036E+00 -1.4077E+00
  4.0936E+00  8.5653E+00 -1.2723E+00
  4.3111E+00  8.3603E+00 -1.1544E+00
  4.3523E+00  8.1137E+00 -1.1423E+00
  4.1107E+00  8.2469E+00 -1.1610E+00
  3.9733E+00  8.3538E+00 -1.3356E+00
  4.1046E+00  8.4495E+00 -1.5757E+00
  4.3040E+00  8.7951E+00 -1.6929E+00
  4.4928E+00  8.9153E+00 -1.7410E+00
  4.6767E+00  8.9642E+00 -1.8273E+00
  4.8703E+00  9.1682E+00 -1.8834E+00
  5.0485E+00  9.3997E+00 -1.9032E+00
  5.2051E+00  9.5288E+00 -1.9798E+00
  5.3786E+00  9.6448E+00 -1.9743E+00
  5.7530E+00  9.5728E+00 -1.8792E+00
  6.0318E+00  9.5904E+00 -1.8845E+00
  6.1044E+00  9.6263E+00 -1.7946E+00
  6.2315E+00  9.3955E+00 -1.8033E+00
  6.4082E+00  9.3196E+00 -1.8358E+00
  6.3501E+00  9.3155E+00 -1.7386E+00
  6.1129E+00  9.2108E+00 -1.6059E+00
  6.1308E+00  9.1169E+00 -1.4744E+00
  6.0724E+00  9.1126E+00 -1.4317E+00
  5.9611E+00  9.0348E+00 -1.5426E+00
  5.7876E+00  8.9874E+00 -1.5216E+00
  5.9555E+00  8.9829E+00 -1.5067E+00
  6.0545E+00  9.0206E+00 -1.6127E+00
  6.0048E+00  8.9245E+00 -1.5328E+00
  6.1416E+00  8.7700E+00 -1.3727E+00
  6.1441E+00  8.6818E+00 -1.2159E+00
  6.0251E+00  8.7349E+00 -1.2041E+00
  6.1080E+00  8.6707E+00 -1.1525E+00
  6.0902E+00  8.6125E+00 -9.4984E-01
  6.2280E+00  8.6535E+00 -9.8812E-01
  6.4818E+00  8.6805E+00 -1.1812E+00
  6.5457E+00  8.7950E+00 -1.2028E+00
  6.7993E+00  8.8690E+00 -1.2450E+00
  6.9066E+00  8.9807E+00 -1.3060E+00
  6.6806E+00  9.1306E+00 -1.4802E+00
  6.5736E+00  9.1974E+00 -1.7323E+00
  6.3716E+00  9.2044E+00 -1.7174E+00
  6.1428E+00  9.2145E+00 -1.6984E+00
  6.1721E+00  9.2337E+00 -1.8449E+00
  6.2106E+00  9.2879E+00 -1.8426E+00
  6.2827E+00  9.2424E+00 -1.8293E+00
  6.4207E+00  9.2713E+00 -1.9393E+00
  6.5095E+00  9.4211E+00 -2.0201E+00
  6.6434E+00  9.3859E+00 -2.1115E+00
  6.6358E+00  9.3636E+00 -2.1493E+00
  6.5272E+00  9.3525E+00 -2.3874E+00
  6.4940E+00  9.2528E+00 -2.4670E+00
  6.3557E+00  9.1875E+00 -2.2698E+00
  6.3118E+00  9.3028E+00 -2.2151E+00
  6.4206E+00  9.3970E+00 -2.0825E+00
  6.3349E+00  9.4672E+00 -1.8540E+00
  6.4524E+00  9.3795E+00 -1.6588E+00
  6.7818E+00  9.4606E+00 -1.4345E+00
  6.9834E+00  9.4221E+00 -1.3013E+00
  7.0737E+00  9.3697E+00 -1.2879E+00
  7.1122E+00  9.4798E+00 -1.2839E+00
  7.0235E+00  9.4633E+00 -1.3723E+00
  6.8037E+00  9.4395E+00 -1.5851E+00
  6.6959E+00  9.5005E+00 -1.8183E+00
  6.6566E+00  9.4479E+00 -1.9587E+00
  6.5993E+00  9.3881E+00 -2.0506E+00
  6.5824E+00  9.4203E+00 -2.1769E+00
  6.6638E+00  9.2981E+00 -2.2524E+00
  6.7021E+00  9.2595E+00 -2.2229E+00
  6.8229E+00  9.2872E+00 -1.9929E+00
  6.9197E+00  9.2651E+00 -1.7717E+00
  7.0361E+00  9.2352E+00 -1.7655E+00
  7.1068E+00  9.3359E+00 -1.5645E+00
  7.0852E+00  9.2939E+00 -1.4531E+00
  7.0332E+00  9.2933E+00 -1.4396E+00
  6.8209E+00  9.4151E+00 -1.3911E+00
  6.6920E+00  9.3943E+00 -1.3245E+00
  6.6063E+00  9.4536E+00 -1.2934E+00
  6.5074E+00  9.2837E+00 -1.3875E+00
  6.5555E+00  9.2219E+00 -1.4806E+00
  6.6127E+00  9.1493E+00 -1.4333E+00
  6.6379E+00  8.8723E+00 -1.2893E+00
  6.4112E+00  8.4769E+00 -1.4250E+00
  6.4879E+00  8.3838E+00 -1.5699E+00
  6.5229E+00  8.2838E+00 -1.6222E+00
  6.4066E+00  8.1473E+00 -1.7274E+00
  6.3429E+00  8.1123E+00 -1.7181E+00
  6.3705E+00  8.2843E+00 -1.7541E+00
  6.2561E+00  8.3602E+00 -1.9790E+00
  6.3361E+00  8.5318E+00 -1.9462E+00
  6.4486E+00  8.8020E+00 -1.8460E+00
  6.4156E+00  8.9409E+00 -1.8879E+00
  6.4416E+00  9.0030E+00 -1.6361E+00
  6.4550E+00  9.0898E+00 -1.5223E+00
  6.5838E+00  9.0932E+00 -1.6609E+00
  6.5946E+00  9.2322E+00 -1.6025E+00
  6.7808E+00  9.1495E+00 -1.4632E+00
  6.7499E+00  9.0379E+00 -1.4136E+00
  6.7185E+00  8.7266E+00 -1.4453E+00
  6.8087E+00  8.4191E+00 -1.4516E+00
  6.7827E+00  8.4816E+00 -1.5138E+00
  6.8612E+00  8.3565E+00 -1.5313E+00
  6.7573E+00  8.3594E+00 -1.4001E+00
  6.5720E+00  8.5205E+00 -1.2973E+00
  6.5752E+00  8.6238E+00 -1.2365E+00
  6.5153E+00  8.7035E+00 -1.2497E+00
  6.4506E+00  8.9347E+00 -1.2074E+00
  6.5358E+00  8.9465E+00 -1.0294E+00
  6.4892E+00  9.0355E+00 -9.4595E-01
  6.5828E+00  9.0239E+00 -1.0741E+00
  6.8428E+00  8.9942E+00 -1.2025E+00
  7.0040E+00  8.9675E+00 -1.2603E+00
  7.1064E+00  8.7780E+00 -1.1511E+00
  7.1347E+00  8.6745E+00 -1.0778E+00
  7.0689E+00  8.6630E+00 -1.2109E+00
  7.1318E+00  8.4680E+00 -1.2315E+00
  6.9124E+00  8.4432E+00 -1.3173E+00
  6.8052E+00  8.4379E+00 -1.5438E+00
  6.8681E+00  8.5238E+00 -1.6208E+00
  6.9316E+00  8.6048E+00 -1.5516E+00
  7.0158E+00  8.6452E+00 -1.5314E+00
  7.1050E+00  8.7728E+00 -1.4138E+00
  7.1117E+00  8.8615E+00 -1.2545E+00
  7.1848E+00  8.7967E+00 -1.1394E+00
  7.2411E+00  8.7715E+00 -1.0324E+00
  7.2334E+00  8.6669E+00 -9.7891E-01
  7.0369E+00  8.6543E+00 -9.3707E-01
  7.0028E+00  8.6431E+00 -8.0067E-01
  6.9766E+00  8.6754E+00 -7.7898E-01
  6.8912E+00  8.6809E+00 -8.9602E-01
  6.9535E+00  8.6008E+00 -8.6802E-01
  6.8708E+00  8.6723E+00 -9.3508E-01
  6.9726E+00  8.6688E+00 -8.4596E-01
  7.0797E+00  8.6759E+00 -5.8792E-01
  7.1509E+00  8.8193E+00 -3.8205E-01
  7.2586E+00  8.6657E+00 -3.0666E-01
  7.1917E+00  8.6667E+00 -3.0309E-01
  7.2307E+00  8.5310E+00 -3.1162E-01
  7.2401E+00  8.5399E+00 -3.2353E-01
  7.1602E+00  8.4992E+00 -2.7093E-01
  7.0862E+00  8.4254E+00 -2.9629E-01
  6.9686E+00  8.4435E+00 -3.3380E-01
  7.1597E+00  8.4240E+00 -2.5114E-01
  7.1840E+00  8.3434E+00 -3.0743E-01
  7.3580E+00  8.1522E+00 -4.9510E-01
  7.4617E+00  8.2122E+00 -5.9099E-01
  7.2192E+00  8.2334E+00 -4.9190E-01
  7.2091E+00  8.3088E+00 -4.0673E-01
  6.9734E+00  8.4612E+00 -4.1528E-01
  6.8864E+00  8.5269E+00 -2.8170E-01
  6.8081E+00  8.6204E+00 -2.8354E-01
  6.7874E+00  8.6661E+00 -2.8601E-01
  6.7969E+00  8.6021E+00 -2.6218E-01
  6.9006E+00  8.5533E+00 -3.5443E-01
  7.0002E+00  8.5290E+00 -3.9333E-01
  6.8974E+00  8.5358E+00 -3.5795E-01
  6.8048E+00  8.3852E+00 -3.4578E-01
  6.8087E+00  8.3557E+00 -3.9706E-01
  6.7114E+00  8.0836E+00 -4.7807E-01
  6.6978E+00  7.9967E+00 -5.7549E-01
  6.7585E+00  7.9907E+00 -5.3623E-01
  6.8059E+00  7.8519E+00 -5.6572E-01
  6.9105E+00  7.9696E+00 -7.6384E-01
  7.0352E+00  7.9447E+00 -7.3906E-01
  7.0640E+00  8.0454E+00 -7.5428E-01
  7.2009E+00  8.2399E+00 -8.7645E-01
  7.1805E+00  8.2572E+00 -8.6836E-01
  7.0711E+00  8.3249E+00 -8.0069E-01
  7.1984E+00  8.4472E+00 -7.8030E-01
  7.0668E+00  8.5412E+00 -8.1435E-01
  6.8140E+00  8.4139E+00 -5.9102E-01
  6.8433E+00  8.6596E+00 -3.2958E-01
  6.9504E+00  8.8521E+00 -2.7220E-01
  6.9111E+00  8.7433E+00 -2.4820E-01
  6.8789E+00  8.7437E+00 -2.4103E-01
  7.1661E+00  8.5951E+00 -3.3057E-01
  7.2837E+00  8.4177E+00 -5.2858E-01
  7.2702E+00  8.3832E+00 -5.9039E-01
  7.3357E+00  8.2155E+00 -4.1782E-01
  7.0817E+00  8.2096E+00 -5.2260E-01
  7.1515E+00  8.1096E+00 -5.5055E-01
  7.1382E+00  8.2831E+00 -5.4076E-01
  7.1094E+00  8.3540E+00 -4.4700E-01
  7.2446E+00  8.3474E+00 -4.1107E-01
  7.0609E+00  8.4700E+00 -5.6190E-01
  6.9828E+00  8.4372E+00 -4.2253E-01
  6.8951E+00  8.5111E+00 -2.7732E-01
  6.8757E+00  8.6159E+00 -3.3573E-01
  6.8261E+00  8.4973E+00 -4.9609E-01
  6.8134E+00  8.4930E+00 -4.0023E-01
  7.0280E+00  8.4052E+00 -4.0046E-01
  6.9568E+00  8.2128E+00 -4.5270E-01
  7.0798E+00  8.2022E+00 -3.6533E-01
  7.1916E+00  8.0438E+00 -3.5777E-01
  7.0600E+00  7.9953E+00 -4.1192E-01
  7.1505E+00  7.9988E+00 -4.6815E-01
  6.9838E+00  8.0274E+00 -5.0549E-01
  6.8543E+00  8.1559E+00 -4.6855E-01
  6.9311E+00  8.1679E+00 -5.6783E-01
  6.7916E+00  8.2652E+00 -5.9592E-01
  6.8737E+00  8.3037E+00 -5.1438E-01
  6.7830E+00  8.3172E+00 -6.1551E-01
  6.6984E+00  8.5130E+00 -6.0115E-01
  6.7106E+00  8.5221E+00 -4.3529E-01
  6.7510E+00  8.6503E+00 -4.9011E-01
  6.7165E+00  8.5943E+00 -5.4461E-01
  6.8071E+00  8.5022E+00 -4.2001E-01
  6.9420E+00  8.4808E+00 -4.5369E-01
  6.9837E+00  8.2551E+00 -5.6770E-01
  7.0943E+00  8.2666E+00 -3.5388E-01
  7.1791E+00  8.2511E+00 -1.2984E-01
  7.1942E+00  8.1143E+00 -1.0792E-01
  7.1603E+00  8.1090E+00 -9.4906E-02
  7.0625E+00  8.0479E+00 -2.4931E-02
  7.0261E+00  8.0640E+00 -3.7857E-04
  7.0249E+00  8.1205E+00 -1.5495E-01
  6.9868E+00  8.0661E+00 -3.3959E-01
  7.0773E+00  8.1940E+00 -3.8583E-01
  7.0735E+00  8.2831E+00 -5.6972E-01
  7.1196E+00  8.2490E+00 -7.2296E-01
  7.1169E+00  8.4213E+00 -7.3999E-01
  7.1376E+00  8.3774E+00 -7.4532E-01
  7.1852E+00  8.3026E+00 -8.4603E-01
  7.0658E+00  8.2986E+00 -8.9008E-01
  7.0057E+00  8.1276E+00 -8.3176E-01
  6.9393E+00  8.2258E+00 -8.4443E-01
  6.9551E+00  8.1366E+00 -7.5468E-01
  7.0205E+00  8.1206E+00 -7.2215E-01
  7.0411E+00  8.2113E+00 -8.5764E-01
  7.1199E+00  8.2109E+00 -7.4798E-01
  7.0936E+00  8.3333E+00 -6.7593E-01
  7.1080E+00  8.1795E+00 -6.1572E-01
  7.0578E+00  8.2607E+00 -4.2638E-01
  6.9886E+00  8.2273E+00 -3.7547E-01
  7.0593E+00  8.0289E+00 -3.0057E-01
  6.9138E+00  8.1870E+00 -1.4083E-01
  7.0042E+00  8.1904E+00 -1.0414E-01
  7.0942E+00  8.2256E+00 -1.7100E-01
  7.1124E+00  8.2405E+00 -6.8186E-02
  7.2049E+00  8.1774E+00 -1.0281E-01
  7.0694E+00  8.2802E+00 -2.0194E-01
  6.9346E+00  8.1544E+00 -1.9157E-01
  6.8166E+00  8.1715E+00 -1.7623E-01
  6.7161E+00  8.1390E+00 -2.3004E-01
  6.7469E+00  8.1293E+00 -2.9906E-01
  6.7397E+00  8.2826E+00 -3.5984E-01
  6.8442E+00  8.3091E+00 -3.5108E-01
  6.9054E+00  8.5053E+00 -4.7147E-01
  7.0592E+00  8.5276E+00 -5.1170E-01
  7.1047E+00  8.5630E+00 -4.9563E-01
  7.1550E+00  8.6609E+00 -4.6283E-01
  7.1731E+00  8.5037E+00 -4.2139E-01
  7.0557E+00  8.4141E+00 -2.9346E-01
  6.9252E+00  8.1619E+00 -1.3107E-01
  6.8639E+00  7.9927E+00 -6.4481E-02
  6.8925E+00  7.8666E+00  4.9426E-02
  6.9106E+00  7.6730E+00 -5.0293E-02
  6.9928E+00  7.8046E+00 -1.5537E-01
  7.0699E+00  7.8558E+00 -1.6736E-01
  7.2522E+00  7.9548E+00 -2.1130E-01
  7.3183E+00  8.1475E+00 -3.1570E-01
  7.2298E+00  8.1317E+00 -5.0130E-01
  7.2916E+00  8.3027E+00 -5.3995E-01
  7.2386E+00  8.4133E+00 -5.5968E-01
  7.1177E+00  8.3691E+00 -6.0788E-01
  7.0691E+00  8.4842E+00 -6.1211E-01
  6.9877E+00  8.5050E+00 -5.5910E-01
  6.9158E+00  8.5229E+00 -4.5898E-01
  6.8258E+00  8.4713E+00 -4.2357E-01
  6.8533E+00  8.3966E+00 -3.5559E-01
  6.8685E+00  8.3748E+00 -2.8946E-01
  6.9342E+00  8.2708E+00 -3.0828E-01
  7.0042E+00  8.1356E+00 -3.7157E-01
  7.1050E+00  8.1421E+00 -3.5543E-01
  7.1647E+00  8.1785E+00 -3.7353E-01
  7.1887E+00  8.1388E+00 -3.1898E-01
  7.2104E+00  8.2376E+00 -2.6731E-01
  7.2421E+00  8.1818E+00 -2.8166E-01
  7.1632E+00  8.1533E+00 -2.3407E-01
  7.1637E+00  8.2160E+00 -2.6955E-01
  7.0798E+00  8.1161E+00 -3.1633E-01
  6.8869E+00  8.2471E+00 -2.8490E-01
  6.8855E+00  8.2415E+00 -3.3447E-01
  6.8086E+00  8.3148E+00 -3.3178E-01
  6.8616E+00  8.3746E+00 -3.7311E-01
  6.8784E+00  8.3403E+00 -5.0816E-01
  6.9177E+00  8.3888E+00 -5.3243E-01
  7.1615E+00  8.3639E+00 -6.6689E-01
  7.0989E+00  8.3020E+00 -8.6085E-01
  7.1217E+00  8.1786E+00 -7.5784E-01
  7.1304E+00  8.2928E+00 -6.7968E-01
  7.0668E+00  8.2262E+00 -7.3255E-01
  7.0711E+00  8.2801E+00 -6.7108E-01
  6.9858E+00  8.2168E+00 -5.4314E-01
  6.9804E+00  8.1615E+00 -3.6674E-01
  6.9721E+00  8.2197E+00 -3.2653E-01
  7.0111E+00  8.0293E+00 -2.5151E-01
  6.9458E+00  8.0785E+00 -1.5870E-01
  6.9369E+00  8.0916E+00 -2.3625E-01
  6.9520E+00  8.1769E+00 -2.2765E-01
  6.9600E+00  8.2777E+00 -1.6674E-01
  7.0440E+00  8.3552E+00 -2.4795E-01
  7.0079E+00  8.5563E+00 -2.6532E-01
  7.0815E+00  8.4964E+00 -2.0322E-01
  7.1506E+00  8.5224E+00 -2.5723E-01
  7.1649E+00  8.4666E+00 -4.0071E-01
  7.1226E+00  8.2776E+00 -3.6025E-01
  6.9796E+00  8.2053E+00 -3.3692E-01
  7.0249E+00  8.1462E+00 -3.8114E-01
  7.0057E+00  8.1686E+00 -3.2666E-01
  6.9006E+00  8.2225E+00 -3.9104E-01
  7.0738E+00  8.2916E+00 -4.9501E-01
  6.9741E+00  8.4053E+00 -5.6395E-01
  6.9932E+00  8.3150E+00 -6.4289E-01
  7.1085E+00  8.4998E+00 -6.7926E-01
  7.1452E+00  8.3734E+00 -7.2711E-01
  7.0689E+00  8.2927E+00 -6.7357E-01
  7.1618E+00  8.4168E+00 -6.7617E-01
  7.0553E+00  8.2243E+00 -6.0321E-01
  6.9163E+00  8.2711E+00 -4.7866E-01
  6.9796E+00  8.3036E+00 -4.3230E-01
  6.8149E+00  8.1851E+00 -2.9173E-01
  6.8774E+00  8.1992E+00 -2.5999E-01
  6.9170E+00  8.1367E+00 -3.7879E-01
  6.8840E+00  8.1270E+00 -2.1754E-01
  6.9707E+00  8.1360E+00 -1.1023E-01
  7.0060E+00  8.1390E+00 -1.8052E-01
  7.0916E+00  8.1886E+00 -1.7318E-01
  7.1577E+00  8.2190E+00 -2.5214E-01
  7.2020E+00  8.2777E+00 -3.0796E-01
  7.2067E+00  8.3494E+00 -3.6847E-01
  7.2790E+00  8.3289E+00 -4.9610E-01
  7.1881E+00  8.3212E+00 -5.5728E-01
  7.0012E+00  8.3105E+00 -5.9466E-01
  6.9274E+00  8.3350E+00 -5.4488E-01
  6.7651E+00  8.2189E+00 -5.7152E-01
  6.7722E+00  8.1830E+00 -5.1967E-01
  6.6976E+00  8.3125E+00 -2.9731E-01
  6.7547E+00  8.3047E+00  7.4126E-03
  6.9570E+00  8.2410E+00 -1.3921E-01
  7.2440E+00  8.3176E+00 -2.4739E-01
  7.4604E+00  8.3511E+00 -2.8627E-01
  7.4766E+00  8.4132E+00 -3.1675E-01
  7.3941E+00  8.4134E+00 -3.6865E-01
  7.2913E+00  8.3913E+00 -3.3717E-01
  7.2086E+00  8.2438E+00 -3.2015E-01
  7.1548E+00  8.1598E+00 -4.7450E-01
  7.1473E+00  8.0916E+00 -4.9203E-01
  7.0888E+00  8.0466E+00 -2.3155E-01
  7.0622E+00  8.0039E+00 -2.8097E-01
  7.0180E+00  8.0019E+00 -3.7238E-01
  6.9971E+00  8.1342E+00 -3.2741E-01
