  3.2386E+00  1.2378E+01 -5.8980E-01
  3.5221E+00  1.1308E+01  3.0286E-01
  3.6777E+00  1.1552E+01 -1.7254E-01
  3.8229E+00  1.1272E+01  1.8105E-01
  3.9410E+00  1.1313E+01 -4.0165E-02
  3.9181E+00  1.1517E+01 -2.8506E-01
  3.9666E+00  1.1432E+01 -7.6924E-02
  3.9594E+00  1.1431E+01 -2.2295E-01
  3.9835E+00  1.1417E+01 -2.5426E-01
  3.9736E+00  1.1367E+01 -1.8454E-01
  3.9423E+00  1.1340E+01 -3.0158E-01
  4.0170E+00  1.1424E+01 -2.7967E-01
  4.1222E+00  1.1424E+01 -3.4550E-01
  4.1615E+00  1.1435E+01 -4.4301E-01
  4.1712E+00  1.1436E+01 -4.2754E-01
  4.1887E+00  1.1453E+01 -4.9088E-01
  4.2538E+00  1.1479E+01 -5.9933E-01
  4.3385E+00  1.1444E+01 -6.4433E-01
  4.3012E+00  1.1416E+01 -7.1791E-01
  4.1809E+00  1.1427E+01 -8.7416E-01
  4.1291E+00  1.1426E+01 -1.0027E+00
  4.1581E+00  1.1373E+01 -1.0918E+00
  4.2007E+00  1.1278E+01 -1.1577E+00
  4.2069E+00  1.1295E+01 -1.1100E+00
  4.1135E+00  1.1290E+01 -1.1343E+00
  4.0849E+00  1.1256E+01 -1.1810E+00
  4.1420E+00  1.1257E+01 -1.1650E+00
  4.2326E+00  1.1411E+01 -1.0611E+00
  4.1931E+00  1.1442E+01 -8.8819E-01
  4.0821E+00  1.1608E+01 -8.5413E-01
  4.1637E+00  1.1715E+01 -1.1381E+00
  4.0170E+00  1.1781E+01 -1.2228E+00
  3.8359E+00  1.1727E+01 -1.4550E+00
  3.6456E+00  1.1923E+01 -1.6301E+00
  3.6914E+00  1.2050E+01 -2.1130E+00
  3.7820E+00  1.2170E+01 -1.7345E+00
  3.7025E+00  1.2366E+01 -1.4322E+00
  3.6775E+00  1.2242E+01 -1.0654E+00
  3.8976E+00  1.2383E+01 -1.0614E+00
  3.8576E+00  1.2385E+01 -8.8714E-01
  4.0724E+00  1.2498E+01 -1.0243E+00
  4.2218E+00  1.2350E+01 -1.7848E+00
  4.5030E+00  1.2266E+01 -1.7733E+00
  4.2154E+00  1.2383E+01 -1.6170E+00
  4.2923E+00  1.2370E+01 -1.9427E+00
  4.6498E+00  1.2090E+01 -2.0197E+00
  4.6348E+00  1.2018E+01 -1.9626E+00
  4.6011E+00  1.2165E+01 -1.8205E+00
  4.3853E+00  1.2116E+01 -1.8739E+00
  4.4455E+00  1.1521E+01 -2.0273E+00
  4.2605E+00  1.1226E+01 -1.9651E+00
  4.2655E+00  1.1454E+01 -2.0105E+00
  4.4427E+00  1.1265E+01 -2.1628E+00
  4.4669E+00  1.1135E+01 -2.2359E+00
  4.3599E+00  1.1545E+01 -2.2282E+00
  4.5690E+00  1.1895E+01 -2.0936E+00
  4.8758E+00  1.1685E+01 -2.2236E+00
  4.6227E+00  1.2535E+01 -2.2347E+00
  4.2108E+00 -1.1948E+01 -2.0114E+00
  4.3262E+00 -1.1821E+01 -2.2710E+00
  4.3110E+00 -1.1882E+01 -2.2428E+00
  3.8348E+00 -1.1915E+01 -1.7876E+00
  4.1031E+00 -1.2280E+01 -2.1410E+00
  4.4835E+00 -1.2541E+01 -2.3673E+00
  3.9408E+00 -1.2589E+01 -1.9757E+00
  3.9454E+00  1.2485E+01 -1.9265E+00
  4.4837E+00  1.2579E+01 -2.1022E+00
  4.3239E+00 -1.2427E+01 -1.7898E+00
  4.7048E+00 -1.2506E+01 -1.9854E+00
  5.0100E+00  1.2424E+01 -2.0941E+00
  4.9917E+00  1.2415E+01 -2.1023E+00
  5.5616E+00  1.2401E+01 -2.0759E+00
  5.4796E+00  1.2570E+01 -1.9149E+00
  4.9985E+00  1.2574E+01 -1.6980E+00
  5.4869E+00  1.2364E+01 -1.9148E+00
  5.2849E+00  1.2444E+01 -1.7382E+00
  4.9111E+00  1.2377E+01 -1.7269E+00
  4.9981E+00  1.2076E+01 -2.0227E+00
  4.7908E+00  1.2070E+01 -2.0984E+00
  5.1583E+00  1.1809E+01 -2.3822E+00
  5.5050E+00  1.1555E+01 -2.6257E+00
  4.9541E+00  1.1656E+01 -2.7856E+00
  5.1349E+00  1.1521E+01 -2.9336E+00
  5.2817E+00  1.1311E+01 -3.1328E+00
  4.9142E+00  1.1290E+01 -3.1197E+00
  5.1167E+00  1.1489E+01 -3.0696E+00
  4.8524E+00  1.1434E+01 -3.0951E+00
  4.3843E+00  1.1457E+01 -2.8229E+00
  4.3192E+00  1.1774E+01 -2.6946E+00
  4.1520E+00  1.2104E+01 -2.6242E+00
  4.0755E+00  1.2118E+01 -2.6204E+00
  4.1465E+00  1.1914E+01 -2.6706E+00
  3.5429E+00  1.1748E+01 -2.5963E+00
  3.7261E+00  1.1842E+01 -2.7817E+00
  4.0174E+00  1.1602E+01 -2.9097E+00
  3.5486E+00  1.1449E+01 -2.4382E+00
  4.0476E+00  1.1653E+01 -2.7194E+00
  4.2956E+00  1.1918E+01 -2.6823E+00
  4.0510E+00  1.2079E+01 -2.1917E+00
  4.4609E+00  1.2137E+01 -2.5360E+00
  4.8029E+00  1.2387E+01 -2.6121E+00
  5.2289E+00 -1.2512E+01 -2.5178E+00
  5.8828E+00 -1.2381E+01 -2.4146E+00
  5.8917E+00 -1.2367E+01 -2.4534E+00
  5.5933E+00 -1.2454E+01 -2.5541E+00
  5.6912E+00 -1.2568E+01 -2.4526E+00
  5.7097E+00  1.2375E+01 -2.3890E+00
  5.1047E+00  1.2230E+01 -2.2872E+00
  5.6033E+00  1.2292E+01 -2.2705E+00
  5.4816E+00  1.2486E+01 -2.1771E+00
  4.9773E+00  1.2562E+01 -2.1190E+00
  5.1376E+00  1.2591E+01 -2.3093E+00
  4.9384E+00 -1.2409E+01 -2.1217E+00
  4.7910E+00 -1.2486E+01 -2.1046E+00
  5.4736E+00  1.2439E+01 -2.3199E+00
  5.0810E+00  1.2465E+01 -2.1412E+00
  4.7338E+00  1.2371E+01 -2.0798E+00
  5.2210E+00  1.2479E+01 -2.1698E+00
  5.0040E+00  1.2250E+01 -2.1994E+00
  5.0915E+00  1.1981E+01 -2.2575E+00
  5.5018E+00  1.2042E+01 -2.3985E+00
  4.8377E+00  1.2176E+01 -2.5659E+00
  4.7671E+00  1.2227E+01 -2.6772E+00
  5.1572E+00  1.2082E+01 -2.8747E+00
  4.9091E+00  1.2163E+01 -2.9051E+00
  5.1308E+00  1.2182E+01 -3.1197E+00
  5.2866E+00  1.2197E+01 -2.9895E+00
  4.5578E+00  1.1941E+01 -2.9710E+00
  4.4411E+00  1.1682E+01 -2.8699E+00
  4.8573E+00  1.1442E+01 -2.7310E+00
  4.3884E+00  1.1204E+01 -2.5474E+00
  4.5982E+00  1.0953E+01 -2.5248E+00
  4.6791E+00  1.0820E+01 -2.4635E+00
  4.0721E+00  1.0836E+01 -2.2396E+00
  4.5006E+00  1.0879E+01 -2.5932E+00
  4.6277E+00  1.0967E+01 -2.6273E+00
  4.3270E+00  1.1421E+01 -2.3298E+00
  4.4573E+00  1.1662E+01 -2.6022E+00
  4.5225E+00  1.1764E+01 -2.8106E+00
  4.6253E+00  1.1736E+01 -2.8720E+00
  4.7196E+00  1.1815E+01 -2.8495E+00
  4.4102E+00  1.1755E+01 -2.8307E+00
  4.3509E+00  1.1814E+01 -2.7293E+00
  4.5667E+00  1.1842E+01 -2.6958E+00
  4.8025E+00  1.1873E+01 -2.7383E+00
  4.8979E+00  1.1695E+01 -2.6577E+00
  4.5387E+00  1.1519E+01 -2.3895E+00
  4.9390E+00  1.1479E+01 -2.4455E+00
  5.3174E+00  1.1215E+01 -2.5272E+00
  5.0649E+00  1.1371E+01 -2.3885E+00
  4.9622E+00  1.1267E+01 -2.5810E+00
  4.9365E+00  1.1175E+01 -2.6594E+00
  4.9792E+00  1.1622E+01 -2.5762E+00
  5.3361E+00  1.1782E+01 -2.6822E+00
  5.2134E+00  1.1749E+01 -2.8285E+00
  5.1605E+00  1.2038E+01 -2.7482E+00
  5.5614E+00  1.2185E+01 -2.5194E+00
  5.2463E+00  1.2251E+01 -2.5753E+00
  5.3914E+00  1.2124E+01 -2.3623E+00
  5.7595E+00  1.1703E+01 -2.3922E+00
  5.2395E+00  1.1835E+01 -2.1943E+00
  5.5392E+00  1.1801E+01 -2.3009E+00
  6.0444E+00  1.1570E+01 -2.2880E+00
  5.5234E+00  1.1475E+01 -2.4343E+00
  5.8332E+00  1.1401E+01 -2.6352E+00
  6.3010E+00  1.1647E+01 -2.4535E+00
  5.6459E+00  1.1876E+01 -2.6899E+00
  5.6898E+00  1.1780E+01 -2.8311E+00
  6.1203E+00  1.1455E+01 -2.8554E+00
  5.3983E+00  1.1666E+01 -2.8032E+00
  5.8140E+00  1.1847E+01 -2.8674E+00
  6.2098E+00  1.1590E+01 -2.8895E+00
  5.4418E+00  1.1560E+01 -2.7496E+00
  6.0648E+00  1.1231E+01 -2.9249E+00
  6.8818E+00  1.1083E+01 -2.7093E+00
  7.0777E+00  1.0891E+01 -2.4739E+00
  7.0516E+00  1.0949E+01 -2.6742E+00
  7.1254E+00  1.0874E+01 -2.7651E+00
  7.3713E+00  1.0881E+01 -2.7547E+00
  7.2983E+00  1.1138E+01 -2.8706E+00
  7.3557E+00  1.1176E+01 -2.7725E+00
  7.4205E+00  1.1108E+01 -2.9164E+00
  7.5828E+00  1.0652E+01 -2.9083E+00
  7.5438E+00  1.0761E+01 -2.9338E+00
  7.5228E+00  1.0796E+01 -2.8327E+00
  7.5469E+00  1.0706E+01 -2.7252E+00
  7.3659E+00  1.0635E+01 -2.7584E+00
  7.3220E+00  1.0645E+01 -2.7629E+00
  7.1566E+00  1.0774E+01 -2.7959E+00
  7.2157E+00  1.0605E+01 -2.7392E+00
  7.2550E+00  1.0583E+01 -2.6065E+00
  7.1313E+00  1.0537E+01 -2.6162E+00
  7.1557E+00  1.0555E+01 -2.5902E+00
  7.1368E+00  1.0580E+01 -2.6296E+00
  7.1692E+00  1.0499E+01 -2.5944E+00
  7.3260E+00  1.0274E+01 -2.6246E+00
  7.3068E+00  1.0414E+01 -2.5642E+00
  7.1154E+00  1.0482E+01 -2.8600E+00
  7.1709E+00  1.0372E+01 -2.7129E+00
  7.0977E+00  1.0641E+01 -2.8225E+00
  7.2956E+00  1.0256E+01 -2.8703E+00
  7.1645E+00  1.0273E+01 -2.9606E+00
  6.9727E+00  1.0353E+01 -3.0513E+00
  7.0936E+00  1.0325E+01 -3.0682E+00
  7.0946E+00  1.0374E+01 -2.9863E+00
  6.9487E+00  1.0380E+01 -2.9321E+00
  7.1511E+00  1.0254E+01 -2.8787E+00
  7.2105E+00  1.0144E+01 -2.6868E+00
  7.1331E+00  1.0352E+01 -2.6719E+00
  7.2823E+00  1.0444E+01 -2.7055E+00
  7.4454E+00  1.0240E+01 -2.7271E+00
  7.4191E+00  1.0443E+01 -2.6779E+00
  7.4452E+00  1.0609E+01 -2.8280E+00
  7.4025E+00  1.0617E+01 -2.9368E+00
  7.3844E+00  1.0517E+01 -3.0218E+00
  7.2656E+00  1.0574E+01 -3.0830E+00
  7.1143E+00  1.0742E+01 -3.0308E+00
  7.0577E+00  1.0775E+01 -2.9678E+00
  6.9930E+00  1.0649E+01 -3.0514E+00
  6.8509E+00  1.0481E+01 -3.1455E+00
  7.0044E+00  1.0422E+01 -2.9217E+00
  7.0399E+00  1.0476E+01 -2.8788E+00
  7.0298E+00  1.0569E+01 -2.8734E+00
  7.0676E+00  1.0580E+01 -2.8456E+00
  6.9808E+00  1.0316E+01 -2.8842E+00
  6.8664E+00  1.0072E+01 -2.9696E+00
  6.8456E+00  9.9427E+00 -2.9755E+00
  7.0207E+00  1.0196E+01 -2.6756E+00
  7.0954E+00  1.0257E+01 -2.6698E+00
  7.1011E+00  1.0267E+01 -2.7594E+00
  7.0128E+00  1.0317E+01 -2.7483E+00
  7.0406E+00  1.0300E+01 -2.7370E+00
  7.0051E+00  1.0382E+01 -2.8677E+00
  6.9231E+00  1.0480E+01 -3.0436E+00
  7.0582E+00  1.0475E+01 -3.1178E+00
  7.0063E+00  1.0424E+01 -3.2255E+00
  7.2626E+00  1.0447E+01 -2.9767E+00
  7.4779E+00  1.0450E+01 -3.0123E+00
  7.2053E+00  1.0469E+01 -3.0275E+00
  7.2481E+00  1.0434E+01 -2.8773E+00
  7.4492E+00  1.0246E+01 -2.7756E+00
  7.2657E+00  1.0237E+01 -2.7030E+00
  7.3417E+00  1.0114E+01 -2.5582E+00
  7.4988E+00  1.0057E+01 -2.6302E+00
  7.3134E+00  1.0334E+01 -2.7955E+00
  7.4216E+00  1.0439E+01 -2.6692E+00
  7.4530E+00  1.0277E+01 -2.7291E+00
  7.2085E+00  1.0406E+01 -3.0002E+00
  7.0834E+00  1.0308E+01 -3.0667E+00
  7.0595E+00  1.0045E+01 -3.0936E+00
  7.1225E+00  1.0284E+01 -2.9931E+00
  7.1109E+00  1.0576E+01 -3.1200E+00
  7.1893E+00  1.0282E+01 -2.9876E+00
  7.1851E+00  1.0133E+01 -3.0237E+00
  6.9857E+00  1.0234E+01 -3.1094E+00
  6.9323E+00  1.0149E+01 -2.9410E+00
  7.0710E+00  1.0062E+01 -2.7092E+00
  7.0796E+00  1.0160E+01 -2.7905E+00
  6.9928E+00  1.0111E+01 -2.7685E+00
  7.1947E+00  9.9407E+00 -2.6468E+00
  7.2820E+00  9.9516E+00 -2.5301E+00
  7.1053E+00  1.0183E+01 -2.6144E+00
  7.3494E+00  1.0221E+01 -2.4815E+00
  7.4090E+00  1.0190E+01 -2.3877E+00
  7.2597E+00  1.0265E+01 -2.6457E+00
  7.2293E+00  1.0401E+01 -2.8290E+00
  7.2487E+00  1.0417E+01 -2.7636E+00
  7.1493E+00  1.0392E+01 -2.9365E+00
  7.1708E+00  1.0528E+01 -2.9108E+00
  7.0601E+00  1.0556E+01 -2.8860E+00
  7.0593E+00  1.0463E+01 -2.9252E+00
  7.0701E+00  1.0368E+01 -2.9051E+00
  6.8456E+00  1.0427E+01 -3.0384E+00
  6.8856E+00  1.0464E+01 -2.8748E+00
  7.1206E+00  1.0407E+01 -2.7291E+00
  7.0528E+00  1.0340E+01 -2.8674E+00
  7.0934E+00  1.0337E+01 -2.8512E+00
  7.3188E+00  1.0573E+01 -2.8205E+00
  7.1439E+00  1.0471E+01 -2.9569E+00
  7.0493E+00  1.0326E+01 -3.0840E+00
  7.4427E+00  1.0394E+01 -3.0027E+00
  7.4081E+00  1.0374E+01 -2.9699E+00
  7.2430E+00  1.0426E+01 -2.8841E+00
  7.6359E+00  1.0039E+01 -2.6731E+00
  7.4848E+00  1.0298E+01 -2.8660E+00
  7.3268E+00  1.0299E+01 -2.6294E+00
  7.3389E+00  1.0294E+01 -2.5901E+00
  7.1678E+00  1.0202E+01 -2.5810E+00
  6.9919E+00  1.0088E+01 -2.6572E+00
  7.1628E+00  1.0073E+01 -2.6006E+00
  6.9717E+00  1.0006E+01 -2.6088E+00
  6.9519E+00  9.9005E+00 -2.7563E+00
  7.0679E+00  9.9697E+00 -2.8428E+00
  7.0352E+00  1.0012E+01 -2.7390E+00
  6.9713E+00  1.0157E+01 -2.8626E+00
  6.8746E+00  1.0191E+01 -3.0133E+00
  6.8887E+00  1.0343E+01 -3.0656E+00
  6.8748E+00  1.0411E+01 -3.0303E+00
  7.0378E+00  1.0415E+01 -2.8325E+00
  6.9758E+00  1.0437E+01 -2.9195E+00
  6.9682E+00  1.0350E+01 -2.9528E+00
  7.3345E+00  1.0283E+01 -2.6320E+00
  7.2159E+00  1.0193E+01 -2.6411E+00
  7.4766E+00  1.0049E+01 -2.4687E+00
  7.5102E+00  1.0125E+01 -2.5015E+00
  7.5019E+00  1.0198E+01 -2.4154E+00
  7.5425E+00  1.0312E+01 -2.4300E+00
  7.4144E+00  1.0198E+01 -2.4597E+00
  7.2530E+00  1.0273E+01 -2.5361E+00
  7.2056E+00  1.0361E+01 -2.7293E+00
  6.9177E+00  1.0331E+01 -2.9230E+00
  6.8438E+00  1.0349E+01 -2.9611E+00
  6.8911E+00  1.0419E+01 -2.8970E+00
  6.8255E+00  1.0415E+01 -2.9564E+00
  6.7076E+00  1.0495E+01 -3.0852E+00
  6.6569E+00  1.0538E+01 -3.0570E+00
  6.7300E+00  1.0429E+01 -2.9301E+00
  6.6862E+00  1.0346E+01 -2.8862E+00
  6.8889E+00  1.0298E+01 -2.6868E+00
  6.9534E+00  1.0233E+01 -2.6410E+00
  6.9006E+00  1.0145E+01 -2.7084E+00
  7.2361E+00  1.0228E+01 -2.5562E+00
  7.2992E+00  1.0289E+01 -2.6455E+00
  7.1393E+00  1.0134E+01 -2.9977E+00
  7.2466E+00  1.0146E+01 -2.9347E+00
  7.2083E+00  1.0231E+01 -2.8671E+00
  7.1094E+00  1.0163E+01 -2.9231E+00
  6.9704E+00  1.0229E+01 -2.8433E+00
  6.9531E+00  1.0312E+01 -2.6778E+00
  6.7048E+00  1.0363E+01 -2.7880E+00
  6.7463E+00  1.0525E+01 -2.6923E+00
  6.8728E+00  1.0550E+01 -2.6291E+00
  6.7672E+00  1.0265E+01 -2.8781E+00
  6.8922E+00  1.0263E+01 -2.7477E+00
  6.8945E+00  1.0544E+01 -2.8751E+00
  6.8935E+00  1.0619E+01 -2.7785E+00
  7.0143E+00  1.0485E+01 -2.7230E+00
  7.0257E+00  1.0626E+01 -2.8821E+00
  7.0194E+00  1.0553E+01 -2.7359E+00
  7.0191E+00  1.0588E+01 -2.8567E+00
  6.9686E+00  1.0568E+01 -2.9145E+00
  6.6636E+00  1.0320E+01 -2.9866E+00
  6.7613E+00  1.0348E+01 -2.8242E+00
  6.9467E+00  1.0378E+01 -2.6040E+00
  6.7075E+00  1.0300E+01 -2.7570E+00
  6.7895E+00  1.0221E+01 -2.6845E+00
  6.9579E+00  1.0337E+01 -2.6498E+00
  6.9828E+00  1.0263E+01 -2.6234E+00
  6.9286E+00  1.0243E+01 -2.6739E+00
  6.9227E+00  1.0348E+01 -2.7646E+00
  6.8983E+00  1.0234E+01 -2.7083E+00
  6.8048E+00  1.0330E+01 -2.8019E+00
  6.7888E+00  1.0426E+01 -2.7784E+00
  6.8443E+00  1.0280E+01 -2.7520E+00
  6.7707E+00  1.0188E+01 -2.8324E+00
  6.7302E+00  1.0279E+01 -2.7807E+00
  6.6066E+00  1.0234E+01 -2.7502E+00
  6.5103E+00  1.0087E+01 -2.7505E+00
  6.4569E+00  1.0326E+01 -2.7159E+00
  6.0531E+00  1.0508E+01 -2.8144E+00
  6.3725E+00  1.0386E+01 -2.5438E+00
  6.5369E+00  1.0512E+01 -2.6853E+00
  6.4930E+00  1.0594E+01 -2.7590E+00
  6.6249E+00  1.0662E+01 -2.7164E+00
  6.8776E+00  1.0627E+01 -2.8289E+00
  6.7619E+00  1.0475E+01 -2.8593E+00
  6.7688E+00  1.0585E+01 -2.9015E+00
  6.9258E+00  1.0671E+01 -2.8278E+00
  6.9343E+00  1.0464E+01 -2.7471E+00
  6.6661E+00  1.0408E+01 -2.8910E+00
  6.7804E+00  1.0506E+01 -2.6315E+00
  6.8318E+00  1.0500E+01 -2.4695E+00
  6.6209E+00  1.0452E+01 -2.5550E+00
  6.5070E+00  1.0307E+01 -2.5601E+00
  6.6095E+00  1.0268E+01 -2.5351E+00
  6.7239E+00  1.0294E+01 -2.5071E+00
  6.6677E+00  1.0304E+01 -2.4789E+00
  6.7628E+00  1.0381E+01 -2.5375E+00
  6.7667E+00  1.0528E+01 -2.5746E+00
  6.5098E+00  1.0451E+01 -2.7606E+00
  6.6668E+00  1.0524E+01 -2.6902E+00
  6.7114E+00  1.0574E+01 -2.6355E+00
  6.4788E+00  1.0436E+01 -2.8806E+00
  6.5470E+00  1.0537E+01 -2.7637E+00
  6.4888E+00  1.0513E+01 -2.8147E+00
  6.3709E+00  1.0389E+01 -2.7418E+00
  6.5572E+00  1.0116E+01 -2.6507E+00
  6.5797E+00  1.0142E+01 -2.4230E+00
  6.4905E+00  1.0564E+01 -2.4036E+00
  6.3515E+00  1.0670E+01 -2.4742E+00
  6.0811E+00  1.0584E+01 -2.5423E+00
  6.4212E+00  1.0483E+01 -2.5253E+00
  6.5617E+00  1.0456E+01 -2.4176E+00
  6.4071E+00  1.0585E+01 -2.5630E+00
  6.5229E+00  1.0583E+01 -2.6694E+00
  6.6543E+00  1.0567E+01 -2.5261E+00
  6.7328E+00  1.0568E+01 -2.4575E+00
  6.9411E+00  1.0448E+01 -2.3188E+00
  6.6943E+00  1.0564E+01 -2.3986E+00
  6.5327E+00  1.0670E+01 -2.5244E+00
