  1.9407E+00 -1.0249E+01  5.5783E-02
  1.9369E+00 -1.0007E+01  6.6804E-01
  2.2162E+00 -1.0679E+01  1.0996E+00
  1.7237E+00 -1.0798E+01  1.0145E+00
  1.5265E+00 -1.0799E+01  1.0147E+00
  1.5940E+00 -1.0773E+01  1.0363E+00
  1.5732E+00 -1.0944E+01  1.0230E+00
  1.5825E+00 -1.1067E+01  1.0559E+00
  1.5926E+00 -1.1235E+01  1.0717E+00
  1.6136E+00 -1.1179E+01  1.0950E+00
  1.6242E+00 -1.1212E+01  1.1237E+00
  1.6283E+00 -1.1235E+01  1.1605E+00
  1.5922E+00 -1.1342E+01  1.1781E+00
  1.6222E+00 -1.1425E+01  1.1920E+00
  1.6921E+00 -1.1511E+01  1.2087E+00
  1.7189E+00 -1.1496E+01  1.2409E+00
  1.7504E+00 -1.1523E+01  1.2510E+00
  1.8549E+00 -1.1591E+01  1.2613E+00
  1.9845E+00 -1.1626E+01  1.2777E+00
  2.0842E+00 -1.1665E+01  1.2711E+00
  2.1894E+00 -1.1573E+01  1.3316E+00
  2.3236E+00 -1.1556E+01  1.3740E+00
  2.3581E+00 -1.1752E+01  1.2792E+00
  2.3234E+00 -1.1883E+01  1.2135E+00
  2.4150E+00 -1.1903E+01  1.2542E+00
  2.5059E+00 -1.1520E+01  1.4073E+00
  2.5602E+00 -1.1531E+01  1.4199E+00
  2.6734E+00 -1.1908E+01  1.2530E+00
  2.6278E+00 -1.2244E+01  9.5257E-01
  2.6779E+00 -1.2178E+01  7.5720E-01
  2.3663E+00 -1.1705E+01  9.0647E-01
  1.6656E+00 -1.1331E+01  8.7023E-01
  1.7698E+00 -1.1715E+01  6.3172E-01
  1.5451E+00 -1.2041E+01  2.8584E-01
  1.0194E+00 -1.1529E+01  2.0681E-01
  1.0951E+00 -1.0778E+01  2.1728E-01
  1.1730E+00 -1.0868E+01  1.5742E-01
  9.5230E-01 -1.1201E+01 -4.8284E-01
  1.1491E+00 -1.1115E+01 -1.1914E+00
  1.3333E+00 -1.0895E+01 -1.4593E+00
  1.4195E+00 -1.0049E+01 -1.6458E+00
  1.3814E+00 -9.6491E+00 -1.4421E+00
  1.0678E+00 -9.5683E+00 -1.0980E+00
  1.1436E+00 -9.6447E+00 -5.8783E-01
  1.3622E+00 -9.8052E+00 -2.6824E-01
  1.3050E+00 -1.0132E+01 -9.0119E-02
  1.2735E+00 -1.0319E+01 -2.7030E-01
  1.4326E+00 -1.0345E+01 -3.3012E-01
  1.4799E+00 -1.0624E+01 -6.8898E-01
  1.5301E+00 -1.1213E+01 -8.6038E-01
  1.5832E+00 -1.1854E+01 -6.7735E-01
  1.4138E+00 -1.1651E+01 -4.4252E-01
  1.3601E+00 -1.1634E+01 -8.8564E-01
  1.4234E+00 -1.1666E+01 -1.0117E+00
  1.3835E+00 -1.2190E+01 -1.0398E+00
  9.7025E-01  1.2468E+01 -5.6458E-01
  9.7995E-01  1.1896E+01 -4.9618E-01
  9.9802E-01  1.1785E+01 -5.8287E-01
  1.2684E+00  1.1446E+01 -8.0727E-01
  1.6029E+00  1.0648E+01 -6.0641E-01
  2.3070E+00  1.0185E+01 -6.2486E-01
  2.6998E+00  9.8279E+00 -6.3477E-01
  2.6582E+00  9.5009E+00 -5.0903E-01
  2.7597E+00  9.2189E+00 -4.4972E-01
  2.8097E+00  9.0182E+00 -5.6515E-01
  3.5177E+00  8.9947E+00 -4.3929E-01
  2.9677E+00  9.1868E+00 -6.2928E-01
  3.0053E+00  9.3599E+00 -6.9274E-01
  2.5948E+00  9.5670E+00 -4.9493E-01
  2.9110E+00  9.6960E+00 -5.2383E-01
  2.6990E+00  9.6836E+00 -5.7821E-01
  2.9336E+00  9.6563E+00 -6.2147E-01
  2.8205E+00  9.6321E+00 -6.9465E-01
  2.9410E+00  9.5834E+00 -7.2035E-01
  3.0407E+00  9.3742E+00 -6.2429E-01
  2.9995E+00  9.1517E+00 -4.7801E-01
  2.9680E+00  9.1850E+00 -4.6292E-01
  2.9591E+00  9.2275E+00 -5.6790E-01
  3.0413E+00  9.0410E+00 -4.1677E-01
  2.9794E+00  8.9877E+00 -2.2260E-01
  3.2406E+00  9.0472E+00 -2.9737E-01
  3.3362E+00  9.1436E+00 -2.9335E-01
  3.2409E+00  9.3180E+00 -1.5311E-01
  3.4783E+00  9.2275E+00 -1.7813E-01
  3.3554E+00  9.1671E+00 -2.5985E-02
  3.3147E+00  9.1644E+00  2.5919E-02
  3.2519E+00  9.0212E+00 -1.1457E-01
  3.3418E+00  8.8851E+00 -1.1100E-01
  3.5337E+00  8.6730E+00 -3.5358E-01
  3.5345E+00  8.4525E+00 -5.1973E-01
  3.6378E+00  8.4096E+00 -3.9180E-01
  3.6490E+00  8.4234E+00 -6.0944E-01
  3.4752E+00  8.4074E+00 -6.5411E-01
  3.3980E+00  8.3224E+00 -4.8213E-01
  3.4641E+00  8.3020E+00 -4.6406E-01
  3.6175E+00  8.4029E+00 -3.9971E-01
  3.6351E+00  8.5369E+00 -3.5497E-01
  3.5841E+00  8.5379E+00 -2.8543E-01
  3.8311E+00  8.6504E+00 -2.7205E-01
  3.9950E+00  8.8886E+00 -3.9048E-01
  3.8952E+00  8.9871E+00 -4.3277E-01
  3.8080E+00  8.9759E+00 -4.5597E-01
  4.0147E+00  9.0084E+00 -5.1793E-01
  3.7088E+00  9.0203E+00 -8.2589E-01
  3.7092E+00  8.9913E+00 -9.1701E-01
  3.8099E+00  9.0393E+00 -8.3744E-01
  3.7462E+00  9.0816E+00 -9.9546E-01
  3.6621E+00  9.0832E+00 -1.0881E+00
  3.4642E+00  8.9150E+00 -1.1313E+00
  3.5344E+00  8.8050E+00 -1.0893E+00
  3.7207E+00  8.8418E+00 -1.0791E+00
  3.7913E+00  9.0099E+00 -1.1097E+00
  3.7149E+00  9.0092E+00 -9.7544E-01
  3.7759E+00  8.9337E+00 -8.3456E-01
  3.9519E+00  8.8961E+00 -6.6462E-01
  3.9862E+00  9.0022E+00 -5.1219E-01
  3.9541E+00  9.0213E+00 -4.8753E-01
  4.1025E+00  8.9251E+00 -2.6461E-01
  4.1608E+00  8.8695E+00 -4.1031E-01
  3.9745E+00  8.8260E+00 -5.5730E-01
  3.8494E+00  8.7871E+00 -5.3379E-01
  3.8602E+00  8.7396E+00 -7.6064E-01
  3.8207E+00  8.7547E+00 -9.9986E-01
  3.8896E+00  8.7646E+00 -8.9304E-01
  3.8518E+00  8.6777E+00 -7.1337E-01
  3.6906E+00  8.6345E+00 -7.0468E-01
  3.7223E+00  8.6730E+00 -5.9687E-01
  3.6775E+00  8.5730E+00 -4.8909E-01
  3.7239E+00  8.5416E+00 -3.7605E-01
  3.3573E+00  8.4533E+00 -4.8996E-01
  3.3187E+00  8.2616E+00 -2.8968E-01
  2.9786E+00  8.3767E+00 -1.3372E-02
  2.7464E+00  8.4921E+00  1.3808E-01
  2.7015E+00  8.5485E+00  4.9150E-02
  2.8822E+00  8.4174E+00  2.2384E-01
  3.3351E+00  8.2507E+00  4.2711E-02
  3.4464E+00  8.4511E+00 -2.7803E-02
  3.5268E+00  8.6286E+00 -1.9445E-01
  3.4166E+00  8.6631E+00 -2.1494E-01
  3.3925E+00  8.6346E+00 -2.1185E-01
  3.7105E+00  8.5453E+00 -4.7253E-01
  3.8792E+00  8.5212E+00 -5.3814E-01
  3.8731E+00  8.3418E+00 -5.6797E-01
  3.9341E+00  8.2509E+00 -3.9868E-01
  3.9644E+00  8.3495E+00 -3.1673E-01
  3.9899E+00  8.3372E+00 -2.9527E-01
  3.7494E+00  8.5785E+00 -1.0564E-01
  3.5761E+00  8.6146E+00 -1.3412E-01
  3.1840E+00  8.5992E+00 -7.3647E-02
  2.9712E+00  8.7323E+00 -8.6761E-02
  3.1880E+00  8.8039E+00 -6.4385E-02
  3.3398E+00  8.7141E+00 -2.9320E-01
  3.3572E+00  8.6590E+00 -3.1959E-01
  3.4215E+00  8.6661E+00 -3.9663E-01
  3.4600E+00  8.7554E+00 -5.8439E-01
  3.5218E+00  8.8391E+00 -8.5181E-01
  3.7780E+00  8.7587E+00 -1.0563E+00
  3.6493E+00  8.6652E+00 -1.0155E+00
  3.4677E+00  8.6664E+00 -9.3324E-01
  3.5590E+00  8.6644E+00 -9.1056E-01
  3.7469E+00  8.6611E+00 -8.9277E-01
  3.7719E+00  8.5543E+00 -8.6488E-01
  3.8452E+00  8.4759E+00 -6.2711E-01
  3.8255E+00  8.5154E+00 -6.5788E-01
  3.9611E+00  8.5687E+00 -6.0254E-01
  3.8099E+00  8.6416E+00 -6.9850E-01
  3.5933E+00  8.8022E+00 -7.9439E-01
  3.8351E+00  8.8003E+00 -7.4496E-01
  3.9501E+00  8.7367E+00 -7.3763E-01
  3.9330E+00  8.6890E+00 -7.1614E-01
  4.1473E+00  8.5738E+00 -9.0360E-01
  4.3334E+00  8.4929E+00 -9.2865E-01
  4.1581E+00  8.4464E+00 -9.5824E-01
  3.9753E+00  8.5151E+00 -1.1254E+00
  3.7189E+00  8.6131E+00 -1.0778E+00
  3.5856E+00  8.7636E+00 -1.2987E+00
  3.8783E+00  8.9258E+00 -1.5147E+00
  3.8890E+00  9.0975E+00 -1.5942E+00
  3.8034E+00  9.1249E+00 -1.5732E+00
  3.9231E+00  9.1142E+00 -1.6084E+00
  3.9731E+00  9.1106E+00 -1.7824E+00
  4.1046E+00  8.9829E+00 -1.4191E+00
  4.1672E+00  8.8369E+00 -1.3889E+00
  4.3382E+00  8.8707E+00 -1.4692E+00
  4.4922E+00  8.8266E+00 -1.4118E+00
  4.3118E+00  8.6744E+00 -1.2878E+00
  4.1488E+00  8.4649E+00 -1.2639E+00
  4.1662E+00  8.3759E+00 -1.1327E+00
  4.1427E+00  8.3293E+00 -1.0833E+00
  4.4348E+00  8.3217E+00 -1.1076E+00
  4.1599E+00  8.4125E+00 -1.1531E+00
  4.0400E+00  8.5213E+00 -1.1263E+00
  3.9661E+00  8.6448E+00 -9.8875E-01
  3.8666E+00  8.7453E+00 -1.0160E+00
  4.0530E+00  8.8823E+00 -1.0296E+00
  3.8994E+00  9.0161E+00 -9.5901E-01
  3.8849E+00  8.9519E+00 -9.9039E-01
  3.8924E+00  8.9038E+00 -9.7965E-01
  3.8612E+00  8.8292E+00 -9.6243E-01
  3.9820E+00  8.7834E+00 -9.2241E-01
  4.0286E+00  8.8358E+00 -1.1660E+00
  3.7017E+00  8.8758E+00 -1.4855E+00
  3.7468E+00  8.8224E+00 -1.1609E+00
  3.8104E+00  8.7774E+00 -9.5983E-01
  3.6291E+00  8.7416E+00 -1.0049E+00
  3.6217E+00  8.7504E+00 -1.2318E+00
  3.8098E+00  8.8360E+00 -1.2687E+00
  3.6399E+00  8.9524E+00 -1.2107E+00
  3.4558E+00  8.9372E+00 -1.1515E+00
  3.8263E+00  8.8638E+00 -9.9122E-01
  3.7660E+00  8.8406E+00 -1.0628E+00
  4.1032E+00  8.8310E+00 -9.8273E-01
  4.1099E+00  8.8976E+00 -1.0112E+00
  4.0835E+00  8.7842E+00 -1.1416E+00
  4.2530E+00  8.7600E+00 -1.0094E+00
  4.1255E+00  8.6834E+00 -1.1447E+00
  3.9642E+00  8.6080E+00 -1.3552E+00
  3.7279E+00  8.6506E+00 -1.3328E+00
  3.7374E+00  8.6244E+00 -1.4704E+00
  3.6454E+00  8.6429E+00 -1.5902E+00
  3.7506E+00  8.5864E+00 -1.4309E+00
  3.9474E+00  8.6183E+00 -1.4604E+00
  4.0607E+00  8.7875E+00 -1.3196E+00
  4.0402E+00  8.7739E+00 -1.2770E+00
  4.0438E+00  8.6946E+00 -9.5562E-01
  4.0065E+00  8.6086E+00 -4.6914E-01
  3.9579E+00  8.5736E+00 -4.6772E-01
  4.0435E+00  8.5577E+00 -6.4622E-01
  4.0007E+00  8.6882E+00 -7.2323E-01
  3.8523E+00  8.8213E+00 -1.0397E+00
  3.6769E+00  8.9155E+00 -1.1829E+00
  3.6845E+00  8.8830E+00 -1.0690E+00
  3.8771E+00  8.6707E+00 -1.1873E+00
  4.0384E+00  8.6276E+00 -1.2592E+00
  3.9976E+00  8.5951E+00 -1.2852E+00
  3.8660E+00  8.5720E+00 -1.3246E+00
  3.9467E+00  8.6934E+00 -1.0313E+00
  4.1230E+00  8.5362E+00 -1.2574E+00
  4.0363E+00  8.5389E+00 -1.4224E+00
  4.0117E+00  8.6802E+00 -9.6255E-01
  3.8468E+00  8.6317E+00 -9.8572E-01
  3.7654E+00  8.7036E+00 -1.0894E+00
  3.9010E+00  8.7265E+00 -9.4625E-01
  4.0953E+00  8.5706E+00 -1.0391E+00
  4.0636E+00  8.5624E+00 -9.8526E-01
  4.0288E+00  8.3888E+00 -9.9764E-01
  3.8602E+00  8.4148E+00 -1.1195E+00
  3.5631E+00  8.5892E+00 -1.2289E+00
  3.7181E+00  8.6421E+00 -1.3500E+00
  3.7111E+00  8.7458E+00 -1.5131E+00
  3.7529E+00  8.7690E+00 -1.5136E+00
  3.7929E+00  8.7480E+00 -1.3838E+00
  3.7435E+00  8.7608E+00 -1.4289E+00
  3.7785E+00  8.7390E+00 -1.3043E+00
  3.9038E+00  8.7222E+00 -9.9632E-01
  3.9172E+00  8.4925E+00 -8.4037E-01
  3.9076E+00  8.4167E+00 -7.4276E-01
  3.8354E+00  8.4679E+00 -4.6137E-01
  3.9690E+00  8.4482E+00 -6.4392E-01
  3.9987E+00  8.6163E+00 -6.9820E-01
  4.0675E+00  8.5631E+00 -9.5965E-01
  3.9831E+00  8.5265E+00 -1.0157E+00
  3.9443E+00  8.5548E+00 -9.1220E-01
  3.9881E+00  8.5473E+00 -1.0373E+00
  3.8990E+00  8.5908E+00 -1.1492E+00
  4.0340E+00  8.5365E+00 -1.0614E+00
  4.1267E+00  8.4711E+00 -9.4145E-01
  3.8658E+00  8.5780E+00 -1.0227E+00
  4.1804E+00  8.6107E+00 -1.0174E+00
  4.2127E+00  8.6911E+00 -1.0442E+00
  3.7294E+00  8.6820E+00 -1.1913E+00
  3.7860E+00  8.6326E+00 -1.0540E+00
  3.8629E+00  8.5838E+00 -9.5727E-01
  3.7990E+00  8.4099E+00 -9.8267E-01
  3.7363E+00  8.4963E+00 -1.0347E+00
  3.8236E+00  8.5001E+00 -1.2656E+00
  3.9377E+00  8.4755E+00 -9.2516E-01
  4.1478E+00  8.4928E+00 -8.0537E-01
  4.1674E+00  8.3942E+00 -1.0202E+00
  4.1816E+00  8.4429E+00 -1.0890E+00
  4.0934E+00  8.6015E+00 -7.9942E-01
  4.0688E+00  8.6173E+00 -1.1150E+00
  4.0273E+00  8.7438E+00 -1.3355E+00
  4.1424E+00  8.6552E+00 -1.3240E+00
  4.1772E+00  8.4803E+00 -1.1241E+00
  4.2020E+00  8.5232E+00 -1.1307E+00
  4.0979E+00  8.3437E+00 -1.3724E+00
  4.0723E+00  8.2867E+00 -1.2860E+00
  3.9623E+00  8.4341E+00 -1.1040E+00
  3.6783E+00  8.4223E+00 -8.9916E-01
  3.6644E+00  8.5196E+00 -8.8869E-01
  3.7699E+00  8.6849E+00 -7.7347E-01
  3.7061E+00  8.6147E+00 -8.9864E-01
  3.6752E+00  8.7690E+00 -7.4058E-01
  3.7062E+00  8.7475E+00 -7.8613E-01
  3.6872E+00  8.6301E+00 -1.0002E+00
  3.9153E+00  8.5964E+00 -1.0035E+00
  4.0636E+00  8.4666E+00 -1.1599E+00
  3.9181E+00  8.4769E+00 -1.2365E+00
  4.0307E+00  8.3929E+00 -1.3474E+00
  3.9243E+00  8.1636E+00 -1.3882E+00
  3.7854E+00  8.2972E+00 -1.2886E+00
  4.1222E+00  8.3087E+00 -1.2895E+00
  3.9357E+00  8.2550E+00 -1.2861E+00
  4.0634E+00  8.4210E+00 -1.1069E+00
  4.3323E+00  8.4166E+00 -1.0365E+00
  4.0080E+00  8.4000E+00 -9.0846E-01
  4.2146E+00  8.5205E+00 -6.1843E-01
  4.0859E+00  8.4562E+00 -8.3686E-01
  3.8921E+00  8.5300E+00 -8.3484E-01
  4.1656E+00  8.5805E+00 -6.9445E-01
  3.9411E+00  8.4044E+00 -8.8969E-01
  3.7538E+00  8.5893E+00 -9.3547E-01
  3.8145E+00  8.5268E+00 -1.0621E+00
  3.7926E+00  8.4774E+00 -1.0254E+00
  3.8112E+00  8.5201E+00 -9.9624E-01
  3.8278E+00  8.3652E+00 -1.1967E+00
  3.8251E+00  8.3287E+00 -1.1862E+00
  3.7105E+00  8.3359E+00 -8.9514E-01
  3.6311E+00  8.4135E+00 -7.9950E-01
  3.8210E+00  8.5100E+00 -8.9477E-01
  3.9546E+00  8.4470E+00 -8.9674E-01
  3.9944E+00  8.5527E+00 -8.4533E-01
  4.1136E+00  8.6523E+00 -6.9979E-01
  4.1527E+00  8.6666E+00 -6.4820E-01
  4.0471E+00  8.6297E+00 -7.2336E-01
  4.1667E+00  8.4494E+00 -7.9074E-01
  4.0595E+00  8.3193E+00 -8.6611E-01
  3.9269E+00  8.1468E+00 -8.7405E-01
  3.7195E+00  8.0425E+00 -9.2634E-01
  3.8907E+00  8.0897E+00 -1.0561E+00
  3.8261E+00  8.0978E+00 -1.0773E+00
  3.9043E+00  8.1439E+00 -1.1849E+00
  3.7843E+00  8.3768E+00 -1.0358E+00
  3.7876E+00  8.5087E+00 -1.0889E+00
  3.7693E+00  8.5521E+00 -1.1337E+00
  3.9758E+00  8.5397E+00 -8.9913E-01
  3.9411E+00  8.5684E+00 -9.5805E-01
  4.0767E+00  8.5500E+00 -8.7776E-01
  4.0768E+00  8.4100E+00 -7.4932E-01
  3.8654E+00  8.3231E+00 -5.9349E-01
  4.0911E+00  8.3333E+00 -5.8838E-01
  3.9017E+00  8.2301E+00 -8.3263E-01
  3.8332E+00  8.1926E+00 -6.7313E-01
  3.9635E+00  8.2158E+00 -7.3415E-01
  3.8141E+00  8.2743E+00 -9.3462E-01
  3.7132E+00  8.3362E+00 -8.5590E-01
  3.9473E+00  8.3983E+00 -9.3069E-01
  3.9723E+00  8.3616E+00 -1.0044E+00
  3.9824E+00  8.3104E+00 -8.4047E-01
  4.1137E+00  8.3113E+00 -7.2230E-01
  3.9329E+00  8.2828E+00 -7.5455E-01
  3.8737E+00  8.3688E+00 -9.1413E-01
  3.9065E+00  8.4151E+00 -9.0561E-01
  3.7820E+00  8.3668E+00 -8.8806E-01
  3.5891E+00  8.3079E+00 -8.1145E-01
  3.7138E+00  8.2926E+00 -6.8795E-01
  3.7151E+00  8.2377E+00 -7.5752E-01
  3.5679E+00  8.1365E+00 -5.8761E-01
  3.8819E+00  8.1538E+00 -3.0291E-01
  3.9288E+00  8.0181E+00 -3.9727E-01
  3.7919E+00  8.0689E+00 -5.8378E-01
  4.1437E+00  8.2702E+00 -6.3096E-01
  4.0657E+00  8.2891E+00 -7.8580E-01
  4.0065E+00  8.4844E+00 -7.1704E-01
  3.8438E+00  8.6235E+00 -7.6750E-01
  3.7690E+00  8.6004E+00 -8.4598E-01
  3.9003E+00  8.4621E+00 -6.7008E-01
  3.9975E+00  8.3091E+00 -7.0722E-01
  3.8676E+00  8.3111E+00 -9.0825E-01
  3.7170E+00  8.1643E+00 -1.0358E+00
  3.9503E+00  8.0750E+00 -8.6204E-01
  3.9100E+00  8.0109E+00 -9.6731E-01
  3.8246E+00  8.0059E+00 -9.9177E-01
  3.9790E+00  8.0422E+00 -5.3105E-01
  3.8241E+00  8.0595E+00 -4.7991E-01
  3.9558E+00  8.2137E+00 -6.5755E-01
  3.9692E+00  8.3932E+00 -5.9666E-01
  3.7369E+00  8.5226E+00 -3.7722E-01
  3.9733E+00  8.4176E+00 -4.8916E-01
  4.0814E+00  8.2655E+00 -4.5821E-01
  3.8837E+00  8.1636E+00 -3.6556E-01
  3.9275E+00  8.1643E+00 -4.2710E-01
  3.8842E+00  8.2778E+00 -6.0033E-01
  3.4412E+00  8.2595E+00 -8.3161E-01
  3.8273E+00  8.2881E+00 -5.3071E-01
  3.5477E+00  8.1796E+00 -8.3200E-01
  3.7430E+00  8.1846E+00 -8.5206E-01
  3.6849E+00  8.1633E+00 -8.1384E-01
  3.6224E+00  8.1187E+00 -8.9791E-01
  3.8423E+00  8.1056E+00 -7.1639E-01
  3.9913E+00  8.0272E+00 -5.3772E-01
  4.1280E+00  7.9415E+00 -3.4321E-01
  4.4810E+00  8.0411E+00 -2.1065E-01
  4.2387E+00  7.9797E+00 -2.9381E-01
  3.8965E+00  8.0209E+00 -3.8794E-01
  3.8039E+00  8.1571E+00 -5.0335E-01
  3.7483E+00  8.1992E+00 -5.9224E-01
  3.6408E+00  8.2132E+00 -8.6895E-01
  3.8954E+00  8.1165E+00 -7.2338E-01
