  3.1596E+00 -1.0890E+01 -5.5754E-01
  2.2059E+00 -1.0826E+01 -5.6831E-01
  1.7818E+00 -9.9961E+00 -1.7202E-01
  1.6869E+00 -1.0232E+01 -3.8237E-01
  1.5640E+00 -1.0529E+01 -4.6778E-01
  1.5595E+00 -1.0738E+01 -4.7024E-01
  1.5554E+00 -1.0984E+01 -4.8372E-01
  1.5182E+00 -1.0942E+01 -4.4494E-01
  1.5190E+00 -1.1013E+01 -4.1749E-01
  1.5631E+00 -1.0983E+01 -3.9873E-01
  1.5415E+00 -1.1029E+01 -3.7035E-01
  1.5094E+00 -1.1070E+01 -3.3314E-01
  1.4917E+00 -1.1053E+01 -2.9801E-01
  1.5222E+00 -1.1004E+01 -2.5200E-01
  1.5491E+00 -1.1067E+01 -2.2460E-01
  1.5756E+00 -1.1085E+01 -2.0216E-01
  1.6290E+00 -1.1085E+01 -1.8627E-01
  1.6735E+00 -1.1031E+01 -1.2663E-01
  1.7411E+00 -1.0915E+01 -2.9016E-02
  1.8451E+00 -1.0918E+01 -1.6281E-02
  1.9032E+00 -1.0921E+01  2.7653E-03
  1.9396E+00 -1.0841E+01  1.0381E-01
  1.9986E+00 -1.0723E+01  2.3757E-01
  2.0399E+00 -1.0721E+01  2.9649E-01
  1.9653E+00 -1.0995E+01  1.3763E-01
  1.8332E+00 -1.1223E+01  9.1462E-02
  1.6382E+00 -1.1448E+01  2.3035E-01
  1.5358E+00 -1.1305E+01  4.6919E-01
  1.5073E+00 -1.1311E+01  5.6950E-01
  1.3783E+00 -1.1436E+01  5.7892E-01
  1.0628E+00 -1.1392E+01  2.1719E-01
  8.9221E-01 -1.1613E+01 -3.9260E-01
  7.4651E-01 -1.1359E+01 -4.1632E-01
  9.4139E-01 -1.0941E+01 -5.4923E-01
  9.2411E-01 -1.0727E+01 -1.0663E+00
  8.8791E-01 -1.0779E+01 -1.2758E+00
  9.4147E-01 -1.0615E+01 -1.3104E+00
  1.3232E+00 -9.9885E+00 -1.2984E+00
  1.1577E+00 -9.6367E+00 -8.9631E-01
  7.6712E-01 -1.0095E+01 -3.1393E-01
  7.5683E-01 -1.0282E+01 -3.1225E-01
  7.6937E-01 -1.0680E+01 -5.2785E-01
  1.0804E+00 -1.1030E+01 -7.3056E-01
  1.2837E+00 -1.1099E+01 -9.5859E-01
  1.4963E+00 -1.0993E+01 -1.1865E+00
  1.6887E+00 -1.1136E+01 -1.1467E+00
  2.0346E+00 -1.1321E+01 -1.1001E+00
  1.9816E+00 -1.1690E+01 -7.3402E-01
  2.1552E+00 -1.1971E+01 -6.6897E-01
  2.6215E+00 -1.2244E+01 -7.2751E-01
  2.9311E+00 -1.2517E+01 -8.0660E-01
  2.5768E+00 -1.2557E+01 -7.5701E-01
  2.5429E+00 -1.2544E+01 -6.7100E-01
  2.4691E+00  1.2483E+01 -7.2758E-01
  2.6647E+00  1.2291E+01 -6.9612E-01
  2.4202E+00  1.2157E+01 -8.3526E-01
  2.4147E+00  1.2217E+01 -8.2862E-01
  2.4842E+00  1.1872E+01 -8.1943E-01
  2.7375E+00  1.1775E+01 -7.3404E-01
  2.6315E+00  1.1733E+01 -7.9848E-01
  2.8168E+00  1.1601E+01 -7.0803E-01
  3.0512E+00  1.1290E+01 -7.4474E-01
  3.1790E+00  1.0902E+01 -7.0159E-01
  3.2376E+00  1.0630E+01 -6.7806E-01
  3.5473E+00  1.0317E+01 -7.6754E-01
  3.5249E+00  1.0481E+01 -6.8892E-01
  3.5111E+00  1.0591E+01 -5.6463E-01
  3.2297E+00  1.0838E+01 -5.0097E-01
  3.3957E+00  1.0844E+01 -4.9179E-01
  3.2733E+00  1.1156E+01 -4.2339E-01
  3.3484E+00  1.1043E+01 -6.0993E-01
  3.3610E+00  1.1101E+01 -5.7575E-01
  3.5997E+00  1.0922E+01 -6.8925E-01
  3.8738E+00  1.0762E+01 -6.0892E-01
  3.7818E+00  1.0683E+01 -5.2484E-01
  3.5990E+00  1.0528E+01 -6.1414E-01
  3.5974E+00  1.0551E+01 -5.6197E-01
  3.5817E+00  1.0598E+01 -6.5142E-01
  3.5332E+00  1.0441E+01 -6.8412E-01
  3.5557E+00  1.0279E+01 -7.4502E-01
  3.6740E+00  1.0428E+01 -7.1971E-01
  3.8281E+00  1.0431E+01 -9.0382E-01
  3.9970E+00  1.0403E+01 -8.7700E-01
  3.7763E+00  1.0568E+01 -7.9880E-01
  3.5748E+00  1.0447E+01 -7.9073E-01
  3.2633E+00  1.0413E+01 -8.1751E-01
  3.2755E+00  1.0311E+01 -8.9491E-01
  3.5104E+00  1.0080E+01 -1.0147E+00
  3.4439E+00  1.0046E+01 -9.6832E-01
  3.3422E+00  9.8782E+00 -9.6994E-01
  3.4184E+00  9.7517E+00 -1.0420E+00
  3.5184E+00  9.8567E+00 -1.0577E+00
  3.3892E+00  9.8727E+00 -9.9684E-01
  3.1326E+00  9.7342E+00 -9.3883E-01
  3.2549E+00  9.7380E+00 -8.7162E-01
  3.5008E+00  9.8481E+00 -8.1173E-01
  3.2556E+00  9.9558E+00 -6.9385E-01
  3.3101E+00  9.9629E+00 -6.9344E-01
  3.6614E+00  1.0048E+01 -8.0958E-01
  3.9075E+00  1.0279E+01 -9.6623E-01
  3.9532E+00  1.0410E+01 -9.2813E-01
  4.0623E+00  1.0368E+01 -9.7460E-01
  4.1480E+00  1.0424E+01 -1.0179E+00
  4.1144E+00  1.0421E+01 -1.2089E+00
  4.0953E+00  1.0380E+01 -1.3567E+00
  4.0096E+00  1.0435E+01 -1.3715E+00
  3.9646E+00  1.0509E+01 -1.4289E+00
  3.9701E+00  1.0538E+01 -1.3366E+00
  3.7921E+00  1.0352E+01 -1.4463E+00
  3.6448E+00  1.0240E+01 -1.5364E+00
  3.7043E+00  1.0311E+01 -1.4171E+00
  3.9029E+00  1.0507E+01 -1.2415E+00
  3.9276E+00  1.0464E+01 -1.3088E+00
  3.9615E+00  1.0410E+01 -1.0757E+00
  4.0436E+00  1.0376E+01 -9.3580E-01
  4.1891E+00  1.0472E+01 -7.7649E-01
  4.3684E+00  1.0458E+01 -6.7871E-01
  4.2057E+00  1.0343E+01 -7.6479E-01
  4.1855E+00  1.0352E+01 -6.8046E-01
  4.2491E+00  1.0298E+01 -7.3412E-01
  3.9501E+00  1.0176E+01 -1.1109E+00
  3.8680E+00  1.0173E+01 -1.2283E+00
  4.0076E+00  1.0224E+01 -1.2822E+00
  3.9783E+00  1.0176E+01 -1.4156E+00
  3.8242E+00  9.9210E+00 -1.5651E+00
  3.6517E+00  9.8951E+00 -1.5303E+00
  3.4644E+00  9.8730E+00 -1.4719E+00
  3.7114E+00  9.8390E+00 -1.3064E+00
  3.7027E+00  9.7682E+00 -1.2518E+00
  3.7678E+00  9.8256E+00 -9.5959E-01
  3.5163E+00  9.7074E+00 -6.6764E-01
  3.4890E+00  9.7329E+00 -4.2847E-01
  3.4483E+00  9.6380E+00 -5.4493E-01
  3.5282E+00  9.7223E+00 -4.1014E-01
  3.3690E+00  9.7065E+00 -3.8734E-01
  3.3759E+00  9.6679E+00 -4.6919E-01
  3.6270E+00  9.8418E+00 -5.8046E-01
  3.4804E+00  9.9570E+00 -9.0531E-01
  3.4064E+00  9.9551E+00 -9.9119E-01
  3.4167E+00  9.9047E+00 -1.0233E+00
  3.5586E+00  9.8703E+00 -1.1751E+00
  3.8296E+00  9.8770E+00 -1.1949E+00
  4.0165E+00  9.7028E+00 -1.1998E+00
  3.9550E+00  9.5592E+00 -1.1471E+00
  3.7541E+00  9.7050E+00 -9.4156E-01
  4.1449E+00  9.7654E+00 -7.5177E-01
  4.0451E+00  9.9453E+00 -6.6828E-01
  3.7822E+00  1.0016E+01 -6.4964E-01
  3.5531E+00  9.9343E+00 -6.6805E-01
  3.4878E+00  1.0069E+01 -5.5372E-01
  3.3803E+00  1.0120E+01 -7.7309E-01
  3.6626E+00  1.0054E+01 -9.0426E-01
  3.6369E+00  1.0020E+01 -9.0474E-01
  3.5528E+00  9.9936E+00 -1.0986E+00
  3.8170E+00  1.0101E+01 -1.1626E+00
  3.8891E+00  1.0227E+01 -1.3100E+00
  3.9702E+00  1.0215E+01 -1.3925E+00
  3.8191E+00  1.0124E+01 -1.3548E+00
  3.7384E+00  1.0100E+01 -1.3121E+00
  3.9220E+00  1.0094E+01 -1.2233E+00
  3.9068E+00  1.0145E+01 -1.1035E+00
  3.8718E+00  1.0044E+01 -1.0753E+00
  4.0447E+00  9.8746E+00 -1.1525E+00
  4.3229E+00  9.9076E+00 -9.5205E-01
  4.2495E+00  9.9296E+00 -1.1831E+00
  4.1292E+00  1.0004E+01 -1.2584E+00
  4.1979E+00  1.0157E+01 -1.0593E+00
  4.1096E+00  1.0210E+01 -1.2031E+00
  4.3437E+00  1.0081E+01 -1.2940E+00
  4.4003E+00  9.9981E+00 -1.2994E+00
  4.2931E+00  1.0009E+01 -1.3413E+00
  4.2571E+00  9.9274E+00 -1.3854E+00
  4.5393E+00  9.8155E+00 -1.4606E+00
  4.3083E+00  9.8964E+00 -1.6287E+00
  3.9614E+00  9.9452E+00 -1.7402E+00
  4.1129E+00  1.0133E+01 -1.6427E+00
  4.1671E+00  1.0341E+01 -1.9472E+00
  4.5394E+00  1.0410E+01 -1.9498E+00
  4.6599E+00  1.0254E+01 -2.0872E+00
  4.7543E+00  1.0273E+01 -2.0963E+00
  4.6542E+00  1.0433E+01 -2.0263E+00
  4.7465E+00  1.0144E+01 -2.1356E+00
  4.9217E+00  1.0009E+01 -1.9627E+00
  5.0078E+00  1.0141E+01 -1.9266E+00
  5.1202E+00  1.0054E+01 -2.0206E+00
  4.8027E+00  9.9361E+00 -1.9507E+00
  4.7370E+00  9.7985E+00 -1.6482E+00
  4.5565E+00  9.6974E+00 -1.7437E+00
  4.7513E+00  9.5609E+00 -1.7036E+00
  4.8614E+00  9.6400E+00 -1.7010E+00
  4.7787E+00  9.7222E+00 -1.5701E+00
  4.6374E+00  9.8535E+00 -1.5009E+00
  4.5552E+00  9.8510E+00 -1.6745E+00
  4.6550E+00  9.8723E+00 -1.6329E+00
  4.7895E+00  1.0107E+01 -1.5096E+00
  4.7400E+00  1.0116E+01 -1.5561E+00
  4.5540E+00  1.0141E+01 -1.6304E+00
  4.3691E+00  1.0154E+01 -1.6747E+00
  4.4873E+00  9.9892E+00 -1.6936E+00
  4.6999E+00  9.9616E+00 -1.5296E+00
  4.4068E+00  1.0098E+01 -1.8975E+00
  4.7141E+00  9.8962E+00 -1.9391E+00
  4.5545E+00  9.8518E+00 -1.9094E+00
  4.1959E+00  9.7474E+00 -2.0473E+00
  4.2825E+00  9.7114E+00 -1.9561E+00
  4.5067E+00  9.7676E+00 -1.9058E+00
  4.6093E+00  9.8757E+00 -2.0117E+00
  4.5950E+00  9.8905E+00 -1.9033E+00
  4.5471E+00  9.8135E+00 -1.7112E+00
  4.3020E+00  9.9662E+00 -1.9026E+00
  4.8306E+00  9.8543E+00 -1.3962E+00
  4.9022E+00  9.9040E+00 -1.6773E+00
  4.8633E+00  1.0005E+01 -1.7025E+00
  4.9606E+00  9.9081E+00 -1.6311E+00
  4.7011E+00  9.9436E+00 -1.8281E+00
  4.7577E+00  9.8264E+00 -1.8970E+00
  4.7710E+00  9.7468E+00 -1.9247E+00
  4.5257E+00  9.6617E+00 -2.1159E+00
  4.2815E+00  9.7817E+00 -2.2685E+00
  4.3209E+00  9.8600E+00 -2.1687E+00
  4.5343E+00  9.7079E+00 -2.0634E+00
  4.5814E+00  9.8463E+00 -2.0623E+00
  4.6453E+00  1.0040E+01 -1.9209E+00
  4.6792E+00  1.0097E+01 -1.6133E+00
  4.6489E+00  9.9987E+00 -1.4088E+00
  4.5676E+00  9.7197E+00 -1.3193E+00
  4.5304E+00  9.7291E+00 -1.2482E+00
  4.7243E+00  9.7762E+00 -1.2153E+00
  4.6117E+00  9.8727E+00 -1.4273E+00
  4.4169E+00  1.0024E+01 -1.7517E+00
  4.5004E+00  1.0057E+01 -1.7235E+00
  4.4863E+00  9.9508E+00 -1.7682E+00
  4.5327E+00  9.8623E+00 -1.8371E+00
  4.5300E+00  9.8999E+00 -1.9008E+00
  4.3874E+00  9.8022E+00 -2.0995E+00
  4.6324E+00  9.6695E+00 -2.0178E+00
  4.7299E+00  9.6562E+00 -1.8867E+00
  4.7209E+00  9.7283E+00 -1.9599E+00
  4.8809E+00  9.6898E+00 -1.9063E+00
  4.8042E+00  9.6145E+00 -1.8408E+00
  4.6486E+00  9.6558E+00 -1.7476E+00
  4.5891E+00  9.7811E+00 -1.7474E+00
  4.7299E+00  9.6705E+00 -1.7792E+00
  4.9245E+00  9.6231E+00 -1.7298E+00
  4.9675E+00  9.5999E+00 -1.6007E+00
  4.7915E+00  9.5020E+00 -1.6694E+00
  4.4989E+00  9.5386E+00 -1.8949E+00
  4.4220E+00  9.5535E+00 -2.0064E+00
  4.3468E+00  9.6220E+00 -2.3074E+00
  4.4671E+00  9.7516E+00 -2.3432E+00
  4.5757E+00  9.8375E+00 -2.1870E+00
  4.4997E+00  9.7904E+00 -2.2122E+00
  4.3553E+00  9.8136E+00 -2.3173E+00
  4.6111E+00  9.8073E+00 -1.9659E+00
  4.5579E+00  9.7451E+00 -1.8896E+00
  4.4256E+00  9.6168E+00 -1.7062E+00
  4.3747E+00  9.6613E+00 -1.4534E+00
  4.4222E+00  9.4071E+00 -1.4840E+00
  4.7467E+00  9.4995E+00 -1.3938E+00
  4.8410E+00  9.5879E+00 -1.4847E+00
  4.8186E+00  9.7414E+00 -1.5248E+00
  4.7766E+00  9.6799E+00 -1.5744E+00
  4.7376E+00  9.6426E+00 -1.5901E+00
  4.8212E+00  9.6824E+00 -1.5757E+00
  4.8399E+00  9.6653E+00 -1.6311E+00
  4.6714E+00  9.7362E+00 -1.7146E+00
  4.4837E+00  9.5847E+00 -1.8926E+00
  4.7011E+00  9.6456E+00 -1.6821E+00
  4.7061E+00  9.8269E+00 -1.7361E+00
  4.6271E+00  9.9016E+00 -1.8411E+00
  4.5188E+00  9.7649E+00 -1.8815E+00
  4.3655E+00  9.8032E+00 -1.8064E+00
  4.3966E+00  9.8047E+00 -1.6620E+00
  4.5424E+00  9.4747E+00 -1.7480E+00
  4.3318E+00  9.5116E+00 -1.9764E+00
  4.4875E+00  9.7300E+00 -1.8302E+00
  4.6604E+00  9.5866E+00 -1.6430E+00
  4.4351E+00  9.5180E+00 -1.8725E+00
  4.6529E+00  9.5778E+00 -1.8174E+00
  4.8329E+00  9.6298E+00 -1.7518E+00
  4.7588E+00  9.5108E+00 -1.8007E+00
  4.8975E+00  9.7009E+00 -1.7563E+00
  4.9043E+00  9.8298E+00 -1.9045E+00
  5.0444E+00  9.7677E+00 -1.7938E+00
  5.0576E+00  9.4379E+00 -1.8858E+00
  5.0387E+00  9.5587E+00 -1.8376E+00
  4.7833E+00  9.5990E+00 -1.8484E+00
  4.5690E+00  9.5904E+00 -1.8568E+00
  4.5590E+00  9.6999E+00 -1.6642E+00
  4.4621E+00  9.3565E+00 -1.7852E+00
  4.5702E+00  9.5101E+00 -1.5746E+00
  4.4900E+00  9.7469E+00 -1.5646E+00
  4.3886E+00  9.7188E+00 -1.6650E+00
  4.4383E+00  9.7543E+00 -1.5885E+00
  4.3914E+00  9.7808E+00 -1.6434E+00
  4.4563E+00  9.7408E+00 -1.6688E+00
  4.3216E+00  9.7837E+00 -1.8386E+00
  4.4740E+00  9.6735E+00 -1.9642E+00
  4.5831E+00  9.6265E+00 -1.9494E+00
  4.4170E+00  9.6773E+00 -2.0353E+00
  4.6912E+00  9.3585E+00 -1.8945E+00
  4.7338E+00  9.2873E+00 -1.9149E+00
  4.7569E+00  9.5580E+00 -1.8449E+00
  5.0158E+00  9.2514E+00 -1.6221E+00
  5.0843E+00  9.4134E+00 -1.6019E+00
  5.1753E+00  9.6459E+00 -1.2606E+00
  5.0080E+00  9.3342E+00 -1.5406E+00
  4.8387E+00  9.5676E+00 -1.5051E+00
  4.9533E+00  9.6132E+00 -1.2625E+00
  4.7170E+00  9.6064E+00 -1.4930E+00
  4.4500E+00  9.7482E+00 -1.6043E+00
  4.5931E+00  9.6044E+00 -1.5277E+00
  4.2979E+00  9.7444E+00 -1.7367E+00
  4.4013E+00  9.7421E+00 -1.7337E+00
  4.4628E+00  9.6426E+00 -1.7075E+00
  4.2467E+00  9.6210E+00 -1.9293E+00
  4.3244E+00  9.6046E+00 -1.8963E+00
  4.3410E+00  9.6340E+00 -1.7359E+00
  4.3100E+00  9.4569E+00 -1.7051E+00
  4.3421E+00  9.3870E+00 -1.7044E+00
  4.4652E+00  9.6722E+00 -1.6065E+00
  4.6153E+00  9.6281E+00 -1.5605E+00
  4.7311E+00  9.6885E+00 -1.5083E+00
  4.8565E+00  9.6893E+00 -1.5029E+00
  4.9173E+00  9.6308E+00 -1.5186E+00
  4.8412E+00  9.6467E+00 -1.5026E+00
  4.7248E+00  9.6074E+00 -1.5780E+00
  4.6716E+00  9.4864E+00 -1.5978E+00
  4.5642E+00  9.2332E+00 -1.7021E+00
  4.5041E+00  9.0702E+00 -1.7011E+00
  4.3289E+00  9.2745E+00 -1.8786E+00
  4.5323E+00  9.2206E+00 -1.7933E+00
  4.5407E+00  9.3676E+00 -1.7929E+00
  4.4872E+00  9.5171E+00 -1.7270E+00
  4.1989E+00  9.7245E+00 -1.8794E+00
  4.3646E+00  9.8105E+00 -1.7118E+00
  4.5329E+00  9.7527E+00 -1.5994E+00
  4.6192E+00  9.7954E+00 -1.5118E+00
  4.6223E+00  9.7947E+00 -1.5298E+00
  4.5196E+00  9.6240E+00 -1.5254E+00
  4.5067E+00  9.2868E+00 -1.5589E+00
  4.6142E+00  9.4527E+00 -1.4519E+00
  4.5104E+00  9.4648E+00 -1.4467E+00
  4.4908E+00  9.2817E+00 -1.4816E+00
  4.4353E+00  9.3944E+00 -1.5468E+00
  4.4791E+00  9.4970E+00 -1.5134E+00
  4.5484E+00  9.4061E+00 -1.5115E+00
  4.5720E+00  9.6172E+00 -1.5603E+00
  4.6324E+00  9.6123E+00 -1.5262E+00
  4.5394E+00  9.5579E+00 -1.4774E+00
  4.3448E+00  9.5243E+00 -1.5869E+00
  4.4350E+00  9.4308E+00 -1.5925E+00
  4.3772E+00  9.5681E+00 -1.6759E+00
  4.3636E+00  9.6111E+00 -1.7010E+00
  4.3558E+00  9.5442E+00 -1.6341E+00
  4.2624E+00  9.3705E+00 -1.6420E+00
  4.1557E+00  9.4214E+00 -1.5839E+00
  4.0964E+00  9.5074E+00 -1.4750E+00
  4.1868E+00  9.2930E+00 -1.3303E+00
  4.2725E+00  9.2978E+00 -1.2034E+00
  4.2270E+00  9.2176E+00 -1.2601E+00
  4.3800E+00  9.3489E+00 -1.1201E+00
  4.3421E+00  9.5974E+00 -1.3174E+00
  4.6101E+00  9.5759E+00 -1.3514E+00
  4.3872E+00  9.7611E+00 -1.4223E+00
  4.5250E+00  9.7896E+00 -1.4370E+00
  4.4145E+00  9.7766E+00 -1.5331E+00
  4.3729E+00  9.6040E+00 -1.5332E+00
  4.4772E+00  9.4367E+00 -1.5851E+00
  4.4653E+00  9.5121E+00 -1.5957E+00
  4.4635E+00  9.3129E+00 -1.6648E+00
  4.3633E+00  9.2496E+00 -1.7117E+00
  4.4598E+00  9.3511E+00 -1.3841E+00
  4.4836E+00  9.3242E+00 -1.3077E+00
  4.2832E+00  9.2041E+00 -1.4419E+00
  4.4329E+00  9.2600E+00 -1.1584E+00
  4.5658E+00  9.5497E+00 -9.9686E-01
  4.4073E+00  9.7027E+00 -1.2012E+00
  4.3859E+00  9.5543E+00 -1.2641E+00
  4.4297E+00  9.6313E+00 -1.2579E+00
  4.2705E+00  9.4905E+00 -1.3160E+00
  4.3937E+00  9.2723E+00 -1.2504E+00
  4.3479E+00  9.3121E+00 -1.3092E+00
  4.0384E+00  9.5117E+00 -1.4523E+00
  4.2120E+00  9.4330E+00 -1.3801E+00
  4.1024E+00  9.4040E+00 -1.5060E+00
  4.3037E+00  9.3869E+00 -1.3251E+00
  4.3127E+00  9.5245E+00 -1.2424E+00
  4.1499E+00  9.5056E+00 -1.3180E+00
  4.2653E+00  9.4465E+00 -1.2073E+00
  4.2708E+00  9.4734E+00 -1.1831E+00
  4.1551E+00  9.3961E+00 -1.1472E+00
  4.4867E+00  9.2192E+00 -1.0580E+00
  4.6468E+00  9.3086E+00 -1.0094E+00
  4.5229E+00  9.2031E+00 -1.1272E+00
  4.3153E+00  9.1814E+00 -1.2540E+00
  4.4596E+00  9.4186E+00 -1.0043E+00
  4.3038E+00  9.3593E+00 -1.3781E+00
  4.4937E+00  9.3510E+00 -1.3692E+00
  4.4817E+00  9.3649E+00 -1.3317E+00
