  4.9921E+00  3.0383E+00  5.7474E-02
  6.0710E+00  3.0948E+00 -9.6121E-01
  5.7618E+00  3.4374E+00 -1.0733E+00
  5.5074E+00  3.3487E+00 -1.1026E+00
  5.9741E+00  3.4688E+00 -1.1554E+00
  5.9615E+00  3.8489E+00 -9.6417E-01
  6.1923E+00  4.1038E+00 -5.6023E-01
  6.0055E+00  4.3077E+00 -6.5004E-01
  6.1560E+00  4.5865E+00 -2.2983E-01
  6.1659E+00  4.6220E+00 -3.4364E-01
  6.2064E+00  4.6003E+00 -2.8316E-01
  6.1690E+00  4.6396E+00 -2.5146E-01
  6.1324E+00  4.6660E+00 -2.8682E-01
  6.1255E+00  4.6459E+00 -2.6214E-01
  6.1038E+00  4.6341E+00 -2.9133E-01
  6.0917E+00  4.6352E+00 -3.0767E-01
  6.1007E+00  4.6046E+00 -3.1468E-01
  6.0714E+00  4.5755E+00 -3.4039E-01
  6.0573E+00  4.5383E+00 -3.9770E-01
  6.0717E+00  4.4871E+00 -4.8238E-01
  6.1445E+00  4.4509E+00 -5.6170E-01
  6.2288E+00  4.4694E+00 -6.7655E-01
  6.3720E+00  4.5888E+00 -7.1131E-01
  6.5399E+00  4.7439E+00 -6.6886E-01
  6.6427E+00  4.8603E+00 -6.8259E-01
  6.7155E+00  4.7988E+00 -7.3614E-01
  6.7705E+00  4.5966E+00 -7.1009E-01
  6.6228E+00  4.1711E+00 -6.6424E-01
  6.6129E+00  3.9237E+00 -4.6411E-01
  6.2156E+00  3.1670E+00 -1.4068E-01
  6.1807E+00  2.7430E+00  1.3568E+00
  6.2643E+00  2.7693E+00  1.8236E+00
  5.8102E+00  2.3962E+00  1.3401E+00
  5.8719E+00  2.3106E+00  1.3302E+00
  5.7058E+00  2.3226E+00  2.4294E+00
  6.1227E+00  2.8629E+00  2.8688E+00
  5.9565E+00  2.6826E+00  2.8178E+00
  5.5429E+00  2.1932E+00  2.1801E+00
  5.4570E+00  2.4347E+00  1.7555E+00
  5.8572E+00  2.7717E+00  2.3257E+00
  6.4609E+00  3.1494E+00  2.3889E+00
  6.1155E+00  2.9902E+00  2.0820E+00
  6.1740E+00  3.0722E+00  2.0045E+00
  6.7928E+00  3.5983E+00  2.2964E+00
  6.9420E+00  3.5618E+00  2.3140E+00
  6.5792E+00  3.6516E+00  2.4307E+00
  7.0431E+00  4.1331E+00  2.6851E+00
  6.9826E+00  4.1214E+00  2.9283E+00
  6.8643E+00  4.2866E+00  3.1125E+00
  7.0620E+00  4.6497E+00  3.0548E+00
  6.6727E+00  4.4133E+00  3.1620E+00
  6.8013E+00  4.5891E+00  3.1807E+00
  6.7818E+00  4.7098E+00  3.0975E+00
  6.4405E+00  4.5722E+00  3.1743E+00
  6.6597E+00  5.0256E+00  3.0240E+00
  6.5338E+00  4.6406E+00  3.4073E+00
  6.3590E+00  4.5656E+00  3.5206E+00
  6.0708E+00  4.9549E+00  3.4503E+00
  6.2509E+00  4.8536E+00  3.6024E+00
  5.9964E+00  4.7939E+00  3.5870E+00
  5.6566E+00  4.9627E+00  3.3922E+00
  5.5277E+00  5.1198E+00  3.2736E+00
  5.0374E+00  4.8704E+00  3.1605E+00
  4.9854E+00  5.1694E+00  3.0521E+00
  4.7782E+00  5.0334E+00  2.8943E+00
  4.7030E+00  5.1178E+00  2.7434E+00
  4.5386E+00  4.9770E+00  2.8013E+00
  4.3611E+00  5.2536E+00  2.7479E+00
  4.2847E+00  5.1364E+00  2.7618E+00
  4.1863E+00  4.9604E+00  2.6317E+00
  3.9943E+00  5.0809E+00  2.3572E+00
  4.0557E+00  4.7722E+00  2.4430E+00
  4.1424E+00  4.6243E+00  2.5299E+00
  3.7240E+00  4.2094E+00  2.4493E+00
  3.5377E+00  3.6916E+00  2.2384E+00
  3.4639E+00  3.5641E+00  2.0481E+00
  3.3246E+00  3.5268E+00  1.8808E+00
  3.2374E+00  3.3189E+00  1.5940E+00
  3.1971E+00  3.3482E+00  1.3515E+00
  3.1533E+00  3.1694E+00  1.6332E+00
  3.3142E+00  3.4097E+00  2.0445E+00
  3.3156E+00  3.6939E+00  2.0567E+00
  3.2979E+00  3.6566E+00  2.0063E+00
  3.6203E+00  3.9342E+00  2.7762E+00
  4.4894E+00  3.8490E+00  3.3345E+00
  4.3499E+00  3.9761E+00  3.6183E+00
  4.1260E+00  3.9411E+00  3.5684E+00
  4.5352E+00  3.9476E+00  3.6913E+00
  4.9250E+00  4.0683E+00  3.8320E+00
  4.6859E+00  3.8511E+00  3.8511E+00
  4.3774E+00  3.8762E+00  3.7551E+00
  4.7196E+00  3.9862E+00  3.9058E+00
  5.1048E+00  3.5657E+00  3.7688E+00
  4.9339E+00  3.7473E+00  3.9046E+00
  4.5830E+00  3.7097E+00  3.8556E+00
  4.8085E+00  3.7704E+00  3.8468E+00
  5.2835E+00  3.9094E+00  3.9548E+00
  5.3588E+00  3.7796E+00  4.0688E+00
  4.8155E+00  4.0676E+00  3.9638E+00
  4.7101E+00  3.8996E+00  4.0114E+00
  5.2420E+00  4.3206E+00  4.2046E+00
  5.5932E+00  4.5151E+00  3.9313E+00
  5.1414E+00  4.2627E+00  4.0029E+00
  4.7437E+00  4.3375E+00  3.8190E+00
  5.1725E+00  4.2756E+00  3.8924E+00
  4.9839E+00  4.4903E+00  3.7373E+00
  4.0938E+00  4.1687E+00  3.5385E+00
  3.7874E+00  3.6635E+00  2.9436E+00
  3.5991E+00  3.8983E+00  2.7593E+00
  3.6689E+00  4.0321E+00  3.3240E+00
  3.7546E+00  4.1506E+00  3.3426E+00
  3.3436E+00  3.8669E+00  2.8323E+00
  3.2153E+00  3.8458E+00  2.5809E+00
  3.2382E+00  4.1998E+00  2.9183E+00
  3.3545E+00  4.2428E+00  3.2597E+00
  2.9661E+00  4.2035E+00  3.0993E+00
  2.8057E+00  3.9264E+00  2.7390E+00
  2.8584E+00  3.9241E+00  2.6791E+00
  3.0310E+00  4.1785E+00  2.9148E+00
  3.3896E+00  3.9787E+00  2.9823E+00
  3.4978E+00  3.9033E+00  2.9261E+00
  3.4449E+00  3.9818E+00  2.9334E+00
  3.5525E+00  3.6242E+00  2.9069E+00
  3.6668E+00  3.6549E+00  2.9915E+00
  3.8423E+00  3.8737E+00  3.2744E+00
  3.9094E+00  3.4763E+00  3.2672E+00
  3.9484E+00  3.4413E+00  3.2611E+00
  3.7872E+00  3.5262E+00  3.3268E+00
  3.9856E+00  3.4204E+00  3.2754E+00
  4.2335E+00  3.4309E+00  3.2619E+00
  3.9014E+00  3.4745E+00  3.2582E+00
  3.8328E+00  3.7771E+00  3.0879E+00
  4.1079E+00  3.9867E+00  3.1508E+00
  3.9983E+00  4.1022E+00  3.1684E+00
  3.8447E+00  3.8238E+00  2.9944E+00
  3.9147E+00  4.0837E+00  3.2438E+00
  4.1172E+00  4.1555E+00  3.3857E+00
  4.2349E+00  3.5612E+00  3.1234E+00
  4.1701E+00  3.8565E+00  3.4956E+00
  3.8822E+00  4.1307E+00  3.5646E+00
  4.0134E+00  3.9806E+00  3.5236E+00
  4.0722E+00  3.7107E+00  3.5485E+00
  3.9951E+00  4.0250E+00  3.4749E+00
  3.8147E+00  3.8504E+00  3.1036E+00
  4.1129E+00  3.8172E+00  3.1473E+00
  4.3096E+00  3.8847E+00  3.1413E+00
  4.1351E+00  3.5778E+00  2.8996E+00
  4.0796E+00  3.7636E+00  2.9068E+00
  4.1729E+00  3.5855E+00  2.6928E+00
  4.1301E+00  3.4240E+00  2.5855E+00
  3.9893E+00  3.2351E+00  2.5060E+00
  3.8957E+00  3.1553E+00  2.2016E+00
  3.8962E+00  3.2618E+00  2.2899E+00
  3.9558E+00  3.2869E+00  2.3654E+00
  3.6507E+00  3.4430E+00  2.2508E+00
  3.3910E+00  3.3966E+00  2.3152E+00
  3.4419E+00  3.4198E+00  2.6544E+00
  3.3619E+00  3.5261E+00  2.7424E+00
  2.8853E+00  3.5113E+00  2.6065E+00
  2.6615E+00  3.7190E+00  2.3510E+00
  2.7910E+00  3.9783E+00  2.3494E+00
  2.8242E+00  3.9349E+00  2.2256E+00
  2.5937E+00  3.8608E+00  1.7699E+00
  2.3545E+00  4.1850E+00  1.5021E+00
  2.2224E+00  4.1521E+00  1.3796E+00
  2.0931E+00  4.1656E+00  1.3773E+00
  1.9871E+00  3.9247E+00  1.1393E+00
  1.8831E+00  4.0205E+00  1.3296E+00
  1.9925E+00  3.9673E+00  1.6497E+00
  2.3050E+00  3.8849E+00  1.8604E+00
  2.4095E+00  3.7433E+00  1.8334E+00
  2.6465E+00  3.8803E+00  2.0179E+00
  3.4111E+00  3.6523E+00  2.2915E+00
  3.8111E+00  3.7642E+00  2.6204E+00
  3.6268E+00  3.8704E+00  2.6433E+00
  3.6865E+00  3.6668E+00  2.5020E+00
  4.2279E+00  3.5553E+00  2.7725E+00
  4.5107E+00  3.5920E+00  2.6930E+00
  4.2659E+00  3.3661E+00  2.4853E+00
  3.9034E+00  3.3495E+00  2.4633E+00
  3.6490E+00  3.3278E+00  2.2967E+00
  3.6184E+00  3.1146E+00  2.1967E+00
  3.2482E+00  3.4085E+00  2.3451E+00
  2.7591E+00  3.3656E+00  2.0105E+00
  2.2993E+00  3.5765E+00  1.8619E+00
  2.1702E+00  3.8170E+00  1.9956E+00
  2.0990E+00  3.9035E+00  1.7867E+00
  1.9245E+00  4.2050E+00  1.5240E+00
  1.8443E+00  4.3371E+00  1.2566E+00
  1.9489E+00  4.3850E+00  1.2651E+00
  1.9500E+00  4.3521E+00  1.3536E+00
  2.0233E+00  4.5410E+00  1.4271E+00
  2.1922E+00  4.2870E+00  1.4608E+00
  2.5060E+00  3.8622E+00  1.7584E+00
  2.9266E+00  3.7604E+00  1.9669E+00
  3.0598E+00  3.7041E+00  1.7711E+00
  3.4822E+00  3.6231E+00  2.0730E+00
  4.1514E+00  3.4974E+00  2.3321E+00
  4.5778E+00  3.4907E+00  2.3415E+00
  4.8915E+00  3.7575E+00  2.5956E+00
  5.4962E+00  3.6677E+00  2.7133E+00
  5.5290E+00  3.7473E+00  2.7070E+00
  5.7819E+00  3.7537E+00  2.7014E+00
  6.2041E+00  4.1920E+00  2.7445E+00
  6.1174E+00  4.0692E+00  2.7231E+00
  6.2879E+00  4.2600E+00  2.8205E+00
  6.3915E+00  4.4189E+00  2.8157E+00
  5.8475E+00  4.3761E+00  2.8634E+00
  5.9846E+00  4.5008E+00  2.9543E+00
  6.2764E+00  4.6723E+00  2.8589E+00
  5.3942E+00  4.5807E+00  3.0614E+00
  5.4034E+00  4.4979E+00  3.2733E+00
  5.3605E+00  4.5823E+00  3.3586E+00
  4.6884E+00  4.2407E+00  3.2670E+00
  4.8847E+00  4.3804E+00  3.3986E+00
  4.7360E+00  4.0460E+00  3.2856E+00
  4.0325E+00  3.8355E+00  2.8357E+00
  4.1118E+00  3.8813E+00  3.0258E+00
  3.6196E+00  3.6732E+00  2.8523E+00
  3.1397E+00  3.7484E+00  2.4067E+00
  3.0122E+00  3.7171E+00  2.4631E+00
  2.7101E+00  3.7958E+00  2.2851E+00
  2.5092E+00  4.0641E+00  1.9108E+00
  2.4941E+00  4.3573E+00  1.9551E+00
  2.5009E+00  4.3585E+00  1.8277E+00
  2.3341E+00  4.4173E+00  1.4548E+00
  2.2320E+00  4.5869E+00  1.5139E+00
  2.2695E+00  4.5076E+00  1.5378E+00
  2.3547E+00  4.6286E+00  1.6367E+00
  2.2831E+00  4.2951E+00  1.8792E+00
  2.4724E+00  4.1127E+00  2.1443E+00
  2.5803E+00  4.0797E+00  2.2601E+00
  2.8032E+00  3.8428E+00  2.5144E+00
  3.0823E+00  3.9011E+00  2.7249E+00
  3.3070E+00  3.9945E+00  2.9498E+00
  3.6746E+00  4.0590E+00  3.2077E+00
  4.0375E+00  4.2405E+00  3.3243E+00
  4.0635E+00  4.3719E+00  3.5115E+00
  3.9584E+00  4.3163E+00  3.6290E+00
  4.0955E+00  4.4542E+00  3.7105E+00
  4.5121E+00  4.7278E+00  3.8658E+00
  4.7320E+00  4.7432E+00  3.9038E+00
  4.8914E+00  4.8603E+00  3.8840E+00
  5.3911E+00  5.2089E+00  3.8311E+00
  5.9954E+00  5.2508E+00  3.5128E+00
  6.1353E+00  5.2967E+00  3.4763E+00
  6.0732E+00  5.2508E+00  3.4841E+00
  6.5346E+00  5.1662E+00  3.3303E+00
  6.5409E+00  5.1239E+00  3.5233E+00
  6.3448E+00  4.7663E+00  3.6305E+00
  6.3872E+00  4.6269E+00  3.6674E+00
  6.1838E+00  4.7473E+00  3.7194E+00
  5.9789E+00  4.3167E+00  3.6037E+00
  5.9987E+00  4.2074E+00  3.5372E+00
  6.1082E+00  4.5967E+00  3.4405E+00
  5.6054E+00  4.1385E+00  3.2646E+00
  5.2279E+00  4.2616E+00  3.2653E+00
  5.4657E+00  4.4331E+00  3.2433E+00
  5.2689E+00  4.1801E+00  3.1780E+00
  4.5576E+00  4.1189E+00  3.2781E+00
  4.2727E+00  4.2360E+00  3.2733E+00
  4.2305E+00  4.1411E+00  3.2397E+00
  4.3031E+00  4.1124E+00  3.3270E+00
  4.2623E+00  4.2333E+00  3.3590E+00
  4.0516E+00  4.1946E+00  3.2289E+00
  4.0745E+00  4.2015E+00  3.2217E+00
  4.3291E+00  4.1695E+00  3.3004E+00
  4.2132E+00  4.1867E+00  3.3699E+00
  3.7290E+00  4.2750E+00  3.2770E+00
  3.5553E+00  4.1140E+00  3.2433E+00
  3.6853E+00  4.0966E+00  3.4097E+00
  3.6047E+00  4.2541E+00  3.3505E+00
  3.2159E+00  4.5226E+00  3.1001E+00
  3.3152E+00  4.4376E+00  3.2191E+00
  3.6674E+00  4.2043E+00  3.3552E+00
  3.5142E+00  4.3828E+00  3.3172E+00
  3.5949E+00  4.3304E+00  3.3019E+00
  4.0803E+00  4.4500E+00  3.6856E+00
  4.3045E+00  4.4779E+00  3.7898E+00
  4.0035E+00  4.3339E+00  3.7268E+00
  3.9488E+00  4.1729E+00  3.7610E+00
  4.2117E+00  4.3908E+00  3.8880E+00
  4.5837E+00  4.4428E+00  3.8389E+00
  4.3682E+00  4.3218E+00  3.8264E+00
  4.2992E+00  4.2730E+00  3.5954E+00
  4.8313E+00  4.2026E+00  3.5437E+00
  4.9549E+00  4.3769E+00  3.4248E+00
  4.6106E+00  4.2094E+00  3.2982E+00
  4.7090E+00  4.1223E+00  3.1592E+00
  5.0622E+00  4.2173E+00  3.0994E+00
  4.9343E+00  4.1822E+00  3.1777E+00
  4.5826E+00  3.8356E+00  2.9704E+00
  4.6688E+00  3.8373E+00  3.0675E+00
  5.0101E+00  4.0340E+00  3.2149E+00
  5.0650E+00  3.8820E+00  3.2017E+00
  4.6530E+00  3.7990E+00  3.2823E+00
  4.6509E+00  3.8049E+00  3.3256E+00
  4.9149E+00  4.0323E+00  3.4954E+00
  4.6849E+00  4.1902E+00  3.5246E+00
  4.2058E+00  4.0052E+00  3.4015E+00
  4.2059E+00  3.9407E+00  3.5302E+00
  4.3932E+00  4.2985E+00  3.6089E+00
  4.3898E+00  4.3258E+00  3.6321E+00
  3.8739E+00  3.9874E+00  3.5348E+00
  3.5605E+00  4.2736E+00  3.3103E+00
  4.1576E+00  4.2865E+00  3.6916E+00
  4.5730E+00  4.1770E+00  3.6565E+00
  4.2040E+00  4.2356E+00  3.5492E+00
  3.9183E+00  4.1012E+00  3.2209E+00
  4.3114E+00  4.1925E+00  3.3911E+00
  4.6143E+00  4.4255E+00  3.4260E+00
  4.0769E+00  4.2271E+00  3.3341E+00
  3.8119E+00  4.0759E+00  2.9874E+00
  4.1017E+00  3.9790E+00  3.2297E+00
  4.1574E+00  3.8364E+00  3.3683E+00
  3.8585E+00  3.9461E+00  3.1549E+00
  4.0663E+00  3.7770E+00  3.1056E+00
  4.5725E+00  3.7207E+00  3.2773E+00
  4.6234E+00  3.5911E+00  3.2443E+00
  4.4327E+00  3.6230E+00  3.1325E+00
  4.6271E+00  3.7901E+00  3.2548E+00
  4.9763E+00  3.8187E+00  3.2499E+00
  4.7943E+00  3.7436E+00  3.2564E+00
  4.4658E+00  3.8095E+00  3.2603E+00
  4.4536E+00  4.0302E+00  3.3298E+00
  4.6214E+00  3.9418E+00  3.4256E+00
  4.5420E+00  3.9747E+00  3.3792E+00
  4.3516E+00  4.1134E+00  3.2936E+00
  4.5286E+00  4.0615E+00  3.4173E+00
  4.8894E+00  4.1406E+00  3.4708E+00
  4.9478E+00  4.3323E+00  3.6593E+00
  4.7187E+00  4.1964E+00  3.8149E+00
  4.8691E+00  4.1643E+00  3.8433E+00
  5.1186E+00  4.5029E+00  4.0220E+00
  4.9501E+00  4.4600E+00  4.2294E+00
  4.8052E+00  4.2914E+00  4.1949E+00
  4.9712E+00  4.4051E+00  4.0202E+00
  5.3989E+00  4.2561E+00  3.8475E+00
  5.2138E+00  4.0799E+00  3.8147E+00
  5.0197E+00  4.0045E+00  3.5415E+00
  5.3090E+00  4.0319E+00  3.2871E+00
  5.1049E+00  3.7922E+00  3.2176E+00
  4.6912E+00  3.8889E+00  3.3128E+00
  4.6602E+00  3.6479E+00  3.1869E+00
  4.7593E+00  3.7427E+00  3.2879E+00
  4.5718E+00  3.9205E+00  3.4969E+00
  4.4454E+00  3.7592E+00  3.4799E+00
  4.7652E+00  3.6573E+00  3.4262E+00
  5.1510E+00  3.8183E+00  3.4277E+00
  5.1927E+00  3.8075E+00  3.3723E+00
  5.0290E+00  3.7498E+00  3.2827E+00
  5.1721E+00  3.6784E+00  3.2060E+00
  5.2940E+00  3.9369E+00  3.1405E+00
  5.0248E+00  3.6008E+00  3.0899E+00
  4.4444E+00  3.5601E+00  2.9293E+00
  4.3443E+00  3.7805E+00  2.9239E+00
  4.3616E+00  3.5185E+00  2.9038E+00
  4.1474E+00  3.7155E+00  2.8248E+00
  3.9806E+00  3.9512E+00  2.6853E+00
  4.2060E+00  3.8624E+00  2.8888E+00
  4.7912E+00  3.5416E+00  3.1884E+00
  5.3019E+00  3.4239E+00  3.3929E+00
  5.2101E+00  3.5680E+00  3.4749E+00
  5.0289E+00  3.6840E+00  3.5689E+00
  5.5269E+00  3.6608E+00  3.7612E+00
  5.7810E+00  3.8753E+00  3.6899E+00
  5.6805E+00  3.7492E+00  3.7223E+00
  5.6026E+00  3.8206E+00  3.6204E+00
  5.6610E+00  3.9553E+00  3.6669E+00
  5.7596E+00  4.1335E+00  3.5624E+00
  5.5863E+00  4.1545E+00  3.4718E+00
  5.5408E+00  4.0221E+00  3.4242E+00
  5.5564E+00  4.0400E+00  3.3331E+00
  5.4497E+00  4.0765E+00  3.4328E+00
  5.1919E+00  3.9174E+00  3.4401E+00
  5.2208E+00  3.5978E+00  3.3108E+00
  5.3737E+00  3.5040E+00  3.3442E+00
  5.3364E+00  3.5305E+00  3.3164E+00
  5.2171E+00  3.1277E+00  3.0850E+00
  5.3501E+00  3.2712E+00  3.1174E+00
  5.8135E+00  3.1521E+00  2.8815E+00
  5.7912E+00  2.9959E+00  2.7536E+00
  5.4913E+00  3.5009E+00  2.9249E+00
  5.5100E+00  3.1929E+00  2.6953E+00
  5.4293E+00  3.1490E+00  2.8989E+00
  5.2771E+00  3.1720E+00  3.0270E+00
  5.3150E+00  3.0978E+00  3.0949E+00
  5.0772E+00  3.4275E+00  3.3880E+00
  4.5912E+00  3.2664E+00  3.2000E+00
  4.5383E+00  3.5439E+00  3.2563E+00
  5.2503E+00  3.7402E+00  3.4406E+00
  5.2690E+00  3.6303E+00  3.2754E+00
  4.6321E+00  3.5026E+00  3.0367E+00
  4.8446E+00  3.3933E+00  2.9663E+00
  5.2539E+00  3.5319E+00  2.9758E+00
  5.0356E+00  3.4390E+00  3.1336E+00
  4.6848E+00  3.1193E+00  2.9074E+00
  4.7285E+00  3.1341E+00  2.9917E+00
  5.2054E+00  3.2087E+00  3.3894E+00
  5.2974E+00  3.4134E+00  3.4060E+00
