  6.1487E+00  3.8831E+00 -4.1257E-01
  4.9623E+00  2.9898E+00  5.4671E-02
  4.9197E+00  3.0701E+00  1.2171E-01
  5.1225E+00  3.2838E+00  3.5332E-01
  5.0468E+00  3.2580E+00  1.4149E-02
  5.0017E+00  3.0597E+00 -1.1094E-01
  5.0537E+00  3.1382E+00 -3.5171E-01
  5.1391E+00  3.1368E+00 -2.6199E-01
  5.1333E+00  3.4916E+00 -3.9525E-01
  5.2215E+00  3.4480E+00 -2.9965E-01
  5.1948E+00  3.4829E+00 -2.7795E-01
  5.2441E+00  3.4495E+00 -2.7486E-01
  5.2478E+00  3.4476E+00 -2.1590E-01
  5.2144E+00  3.4457E+00 -2.2320E-01
  5.1913E+00  3.4375E+00 -2.0357E-01
  5.1892E+00  3.4364E+00 -1.6401E-01
  5.2049E+00  3.4031E+00 -1.5358E-01
  5.2028E+00  3.3586E+00 -1.4882E-01
  5.2314E+00  3.3047E+00 -1.3626E-01
  5.2437E+00  3.2785E+00 -1.2769E-01
  5.3109E+00  3.2810E+00 -1.0477E-01
  5.4174E+00  3.3612E+00 -5.5490E-02
  5.5781E+00  3.5095E+00 -2.0703E-02
  5.7831E+00  3.6570E+00  5.0850E-02
  5.9124E+00  3.8632E+00  1.8041E-01
  5.9577E+00  3.9836E+00  2.8044E-01
  5.9827E+00  3.9971E+00  4.2665E-01
  5.8861E+00  4.0086E+00  6.4076E-01
  5.8445E+00  3.8776E+00  8.3188E-01
  5.8550E+00  4.0312E+00  1.0406E+00
  5.7413E+00  4.1091E+00  8.9520E-01
  5.6867E+00  3.8925E+00  1.0009E+00
  5.7931E+00  3.9033E+00  1.3618E+00
  5.7876E+00  3.8051E+00  1.5078E+00
  5.7550E+00  3.5261E+00  1.5232E+00
  5.6154E+00  3.4254E+00  1.5655E+00
  5.7198E+00  3.4679E+00  1.5531E+00
  5.8381E+00  3.5774E+00  1.6616E+00
  5.9616E+00  3.8443E+00  1.5813E+00
  6.0692E+00  3.8991E+00  1.3479E+00
  6.0646E+00  3.9317E+00  1.1629E+00
  6.2273E+00  4.1756E+00  1.1576E+00
  6.3326E+00  4.3064E+00  1.1538E+00
  6.1957E+00  4.2634E+00  1.0826E+00
  6.2809E+00  4.3029E+00  1.1801E+00
  6.4225E+00  4.5009E+00  1.1952E+00
  6.3135E+00  4.4339E+00  1.4008E+00
  6.3963E+00  4.6088E+00  1.6280E+00
  6.4521E+00  4.6873E+00  1.7191E+00
  6.3685E+00  4.6719E+00  1.7166E+00
  6.4507E+00  4.7792E+00  1.7167E+00
  6.4483E+00  4.8074E+00  1.7315E+00
  6.3470E+00  4.9771E+00  1.6792E+00
  6.4395E+00  4.9862E+00  1.7249E+00
  6.3572E+00  4.8852E+00  1.5540E+00
  6.3064E+00  5.0766E+00  1.9824E+00
  6.1956E+00  5.0068E+00  2.0885E+00
  6.1124E+00  5.0955E+00  1.9500E+00
  5.9053E+00  5.0874E+00  2.1540E+00
  5.7335E+00  5.0925E+00  2.1331E+00
  5.4616E+00  5.4111E+00  1.9663E+00
  5.2687E+00  5.3063E+00  1.8004E+00
  5.1397E+00  5.5125E+00  1.8006E+00
  4.9723E+00  5.5991E+00  1.6073E+00
  4.9561E+00  5.3895E+00  1.4405E+00
  4.8742E+00  5.6677E+00  1.3503E+00
  4.9053E+00  5.4702E+00  1.4249E+00
  4.9110E+00  5.2733E+00  1.3446E+00
  4.8036E+00  5.3075E+00  1.3569E+00
  4.7285E+00  5.1729E+00  1.2413E+00
  4.6645E+00  5.1624E+00  1.0095E+00
  4.5414E+00  5.0853E+00  1.0508E+00
  4.4487E+00  4.9259E+00  1.0851E+00
  4.4134E+00  4.7798E+00  1.2362E+00
  4.2479E+00  4.6833E+00  1.3527E+00
  4.2899E+00  4.5431E+00  1.2534E+00
  4.3246E+00  4.4383E+00  1.2165E+00
  4.2315E+00  4.4307E+00  1.3753E+00
  4.3705E+00  4.2869E+00  1.4702E+00
  4.0265E+00  4.3926E+00  1.5161E+00
  4.2023E+00  4.5283E+00  1.5626E+00
  4.5067E+00  4.5394E+00  1.6845E+00
  4.3309E+00  4.7537E+00  1.9647E+00
  4.5812E+00  4.8104E+00  2.0138E+00
  4.4397E+00  4.8234E+00  2.1856E+00
  4.4158E+00  4.6567E+00  2.2749E+00
  4.8570E+00  4.7151E+00  2.5013E+00
  4.7555E+00  4.9770E+00  2.6124E+00
  4.6688E+00  4.8589E+00  2.5745E+00
  4.7851E+00  4.8672E+00  2.7421E+00
  5.0406E+00  4.9062E+00  2.8768E+00
  5.0624E+00  4.8753E+00  2.7378E+00
  4.9662E+00  4.8255E+00  2.9529E+00
  4.9782E+00  4.7403E+00  2.7714E+00
  5.0158E+00  4.8902E+00  3.0242E+00
  5.0385E+00  4.8701E+00  2.8419E+00
  4.9308E+00  4.7206E+00  2.7342E+00
  4.9916E+00  4.7655E+00  2.9894E+00
  5.1126E+00  4.6633E+00  2.6114E+00
  5.0950E+00  4.7347E+00  2.8170E+00
  5.0212E+00  4.7114E+00  2.7656E+00
  4.9412E+00  4.6382E+00  2.5779E+00
  4.9353E+00  4.8024E+00  2.6106E+00
  4.9288E+00  4.7877E+00  2.3924E+00
  4.6863E+00  4.8084E+00  2.5688E+00
  4.6120E+00  4.8008E+00  2.3099E+00
  4.6660E+00  4.8167E+00  2.3036E+00
  4.5925E+00  4.9103E+00  2.6801E+00
  4.6504E+00  4.9618E+00  2.5699E+00
  4.3490E+00  5.0475E+00  2.4416E+00
  4.2969E+00  4.9456E+00  2.1824E+00
  4.2454E+00  4.9586E+00  2.3155E+00
  3.9898E+00  5.1148E+00  2.3323E+00
  4.1791E+00  4.9974E+00  2.0519E+00
  3.9370E+00  4.9132E+00  2.0416E+00
  3.8994E+00  4.9171E+00  2.1548E+00
  3.9427E+00  4.7526E+00  2.1942E+00
  3.9664E+00  4.7918E+00  2.1392E+00
  4.0850E+00  4.8518E+00  2.0733E+00
  4.0898E+00  4.9063E+00  2.0224E+00
  4.2043E+00  4.9553E+00  2.1098E+00
  4.3317E+00  4.8818E+00  2.1113E+00
  4.3075E+00  4.7988E+00  2.3391E+00
  4.5065E+00  4.7456E+00  2.3770E+00
  4.5234E+00  4.7805E+00  2.2814E+00
  4.4874E+00  4.6482E+00  2.5158E+00
  4.5801E+00  4.5344E+00  2.4375E+00
  4.5511E+00  4.5676E+00  2.5496E+00
  4.4611E+00  4.6575E+00  2.5571E+00
  4.3613E+00  4.7175E+00  2.4870E+00
  4.3412E+00  4.7531E+00  2.5921E+00
  4.4449E+00  4.9670E+00  2.3940E+00
  4.3107E+00  5.1871E+00  2.2619E+00
  4.3136E+00  5.1874E+00  2.1709E+00
  4.3883E+00  5.1171E+00  2.4429E+00
  4.5434E+00  5.1825E+00  2.4255E+00
  4.5181E+00  5.1016E+00  2.2828E+00
  4.5819E+00  4.9729E+00  2.7246E+00
  4.5367E+00  4.9799E+00  2.5598E+00
  4.6449E+00  4.9174E+00  2.5295E+00
  4.6926E+00  4.9300E+00  2.5698E+00
  4.5873E+00  4.8942E+00  2.7699E+00
  4.6983E+00  4.8616E+00  2.4367E+00
  4.7307E+00  4.8928E+00  2.5149E+00
  4.7923E+00  5.0143E+00  2.5328E+00
  4.6637E+00  5.0453E+00  2.2470E+00
  4.5616E+00  4.9023E+00  2.3202E+00
  4.6314E+00  4.9416E+00  2.1451E+00
  4.4341E+00  4.9290E+00  2.0611E+00
  4.4157E+00  4.7569E+00  1.9420E+00
  4.4958E+00  4.5524E+00  1.9763E+00
  4.3295E+00  4.5880E+00  2.0244E+00
  4.2408E+00  4.6861E+00  1.9366E+00
  4.1044E+00  4.7234E+00  1.9336E+00
  4.0684E+00  4.8605E+00  1.9531E+00
  3.8540E+00  4.7883E+00  1.9673E+00
  3.6365E+00  4.6850E+00  1.8584E+00
  3.5860E+00  4.7854E+00  1.9449E+00
  3.4301E+00  4.7559E+00  1.9537E+00
  3.4618E+00  4.8986E+00  1.8608E+00
  3.5230E+00  5.1067E+00  1.6690E+00
  3.3502E+00  5.1830E+00  1.5640E+00
  3.2063E+00  5.2380E+00  1.7531E+00
  3.4559E+00  5.2111E+00  1.5810E+00
  3.2984E+00  5.1732E+00  1.6474E+00
  3.2946E+00  5.0705E+00  1.4754E+00
  3.0602E+00  4.9228E+00  1.4918E+00
  3.1205E+00  4.8442E+00  1.5796E+00
  3.1879E+00  4.8726E+00  1.4967E+00
  3.3615E+00  4.8718E+00  1.4340E+00
  3.3459E+00  4.9206E+00  1.7369E+00
  3.5471E+00  5.0379E+00  1.6699E+00
  3.6988E+00  5.0171E+00  1.7199E+00
  3.7137E+00  4.9584E+00  1.7059E+00
  3.8514E+00  4.9786E+00  1.6465E+00
  4.0538E+00  4.9056E+00  1.7258E+00
  4.0187E+00  4.7995E+00  1.9476E+00
  3.9774E+00  4.7419E+00  1.8773E+00
  4.0085E+00  4.6970E+00  1.8261E+00
  3.9528E+00  4.7002E+00  1.7958E+00
  3.8667E+00  4.6560E+00  1.6180E+00
  3.6603E+00  4.5896E+00  1.8885E+00
  3.5600E+00  4.6991E+00  1.6315E+00
  3.3954E+00  4.7040E+00  1.7347E+00
  3.2837E+00  4.7059E+00  1.6952E+00
  3.1929E+00  4.8363E+00  1.5628E+00
  3.1176E+00  4.9946E+00  1.5767E+00
  3.2016E+00  5.0008E+00  1.4345E+00
  3.0965E+00  5.1372E+00  1.5092E+00
  3.2473E+00  5.1174E+00  1.4887E+00
  3.2093E+00  5.1655E+00  1.5104E+00
  3.4252E+00  5.0931E+00  1.4721E+00
  3.4689E+00  5.0777E+00  1.5918E+00
  3.5340E+00  4.9646E+00  1.7405E+00
  3.7379E+00  4.9473E+00  1.5137E+00
  3.9375E+00  4.9297E+00  1.7702E+00
  4.1800E+00  4.9193E+00  1.7489E+00
  4.2063E+00  4.8268E+00  1.6237E+00
  4.5377E+00  4.8736E+00  1.7428E+00
  4.9819E+00  5.0688E+00  1.8577E+00
  5.0536E+00  4.9968E+00  2.1568E+00
  5.2431E+00  5.0038E+00  1.9250E+00
  5.3733E+00  5.0638E+00  2.0779E+00
  5.5046E+00  5.2375E+00  1.9141E+00
  5.7995E+00  5.3873E+00  2.0645E+00
  5.7691E+00  5.4599E+00  2.0700E+00
  5.5815E+00  5.4741E+00  2.1068E+00
  5.6456E+00  5.5922E+00  1.9958E+00
  5.5733E+00  5.6624E+00  2.0862E+00
  5.3994E+00  5.6835E+00  2.1657E+00
  5.3943E+00  5.7164E+00  2.0702E+00
  4.9674E+00  5.5906E+00  2.3311E+00
  4.8103E+00  5.4654E+00  2.2680E+00
  4.7816E+00  5.5073E+00  2.4550E+00
  4.5764E+00  5.3881E+00  2.3208E+00
  4.4110E+00  5.2209E+00  2.3990E+00
  4.3455E+00  5.1919E+00  2.2573E+00
  4.0620E+00  5.1081E+00  2.1514E+00
  3.9786E+00  5.0186E+00  2.2751E+00
  4.0272E+00  4.9244E+00  2.0880E+00
  3.8084E+00  4.9026E+00  1.9807E+00
  3.6997E+00  4.8963E+00  1.9990E+00
  3.6564E+00  5.0256E+00  1.7334E+00
  3.6790E+00  5.2105E+00  1.5805E+00
  3.6678E+00  5.2910E+00  1.6251E+00
  3.6437E+00  5.1634E+00  1.4718E+00
  3.6227E+00  5.1660E+00  1.4618E+00
  3.5257E+00  5.3387E+00  1.5955E+00
  3.6954E+00  5.3122E+00  1.5524E+00
  3.4982E+00  5.1789E+00  1.7582E+00
  3.5081E+00  5.1193E+00  1.7130E+00
  3.5923E+00  5.0829E+00  1.7687E+00
  3.5082E+00  5.1102E+00  2.1033E+00
  3.7407E+00  5.1182E+00  2.1271E+00
  3.8640E+00  5.1637E+00  2.1785E+00
  3.8357E+00  5.2693E+00  2.3237E+00
  3.9037E+00  5.3363E+00  2.2978E+00
  3.8950E+00  5.4178E+00  2.4392E+00
  4.0074E+00  5.4577E+00  2.6456E+00
  4.1296E+00  5.5244E+00  2.6496E+00
  4.2457E+00  5.5895E+00  2.6581E+00
  4.4180E+00  5.6728E+00  2.7594E+00
  4.5894E+00  5.8375E+00  2.7768E+00
  4.7962E+00  5.8695E+00  2.6138E+00
  4.9485E+00  5.9360E+00  2.6721E+00
  5.2113E+00  6.0429E+00  2.5480E+00
  5.4321E+00  6.0639E+00  2.3886E+00
  5.5209E+00  5.9429E+00  2.5294E+00
  5.7481E+00  5.9181E+00  2.5169E+00
  5.8865E+00  5.8446E+00  2.6822E+00
  5.8350E+00  5.6275E+00  2.6845E+00
  5.7285E+00  5.5464E+00  2.5251E+00
  5.7607E+00  5.5470E+00  2.7605E+00
  5.6713E+00  5.4379E+00  2.7305E+00
  5.4225E+00  5.3754E+00  2.3470E+00
  5.3910E+00  5.4589E+00  2.5699E+00
  5.2517E+00  5.5474E+00  2.4789E+00
  4.8455E+00  5.4366E+00  2.3049E+00
  4.8451E+00  5.4523E+00  2.4895E+00
  4.8254E+00  5.4290E+00  2.5823E+00
  4.8083E+00  5.3405E+00  2.3984E+00
  4.5494E+00  5.4150E+00  2.4996E+00
  4.4052E+00  5.3881E+00  2.5305E+00
  4.3866E+00  5.3598E+00  2.3653E+00
  4.3941E+00  5.4261E+00  2.4299E+00
  4.3631E+00  5.4387E+00  2.4104E+00
  4.2375E+00  5.3562E+00  2.3754E+00
  4.2001E+00  5.3076E+00  2.3622E+00
  4.2698E+00  5.3296E+00  2.3456E+00
  4.1451E+00  5.3072E+00  2.5358E+00
  4.0905E+00  5.2680E+00  2.5519E+00
  4.0893E+00  5.3264E+00  2.4084E+00
  4.1803E+00  5.4474E+00  2.4023E+00
  4.0496E+00  5.4944E+00  2.4342E+00
  3.7819E+00  5.4934E+00  2.5824E+00
  3.9567E+00  5.5206E+00  2.4331E+00
  4.0300E+00  5.5119E+00  2.4730E+00
  3.8694E+00  5.4994E+00  2.6242E+00
  3.7607E+00  5.2781E+00  2.6339E+00
  4.0337E+00  5.3702E+00  2.6326E+00
  3.9329E+00  5.3529E+00  2.8233E+00
  4.0255E+00  5.2900E+00  2.6926E+00
  4.1071E+00  5.2438E+00  2.6542E+00
  4.3743E+00  5.3426E+00  2.7173E+00
  4.5115E+00  5.3956E+00  2.6120E+00
  4.5437E+00  5.3310E+00  2.5865E+00
  4.5894E+00  5.3933E+00  2.3734E+00
  4.6836E+00  5.4081E+00  2.3872E+00
  4.6758E+00  5.4007E+00  2.3611E+00
  4.5824E+00  5.3698E+00  2.2546E+00
  4.7637E+00  5.3551E+00  2.2464E+00
  4.7486E+00  5.2323E+00  2.4285E+00
  4.8050E+00  5.1507E+00  2.3405E+00
  4.6998E+00  5.2295E+00  2.3507E+00
  4.5861E+00  5.1337E+00  2.5116E+00
  4.6768E+00  5.0537E+00  2.4473E+00
  4.5093E+00  5.0930E+00  2.5556E+00
  4.5063E+00  5.1491E+00  2.5691E+00
  4.4388E+00  5.1945E+00  2.4278E+00
  4.4843E+00  5.2140E+00  2.5451E+00
  4.2584E+00  5.2437E+00  2.7741E+00
  4.1692E+00  5.1821E+00  2.4084E+00
  4.1750E+00  5.2443E+00  2.4564E+00
  4.0841E+00  5.2897E+00  2.8053E+00
  4.3730E+00  5.2190E+00  2.4628E+00
  4.1358E+00  5.2844E+00  2.5621E+00
  3.9729E+00  5.2652E+00  2.8033E+00
  4.0496E+00  5.2935E+00  2.4865E+00
  4.1549E+00  5.3808E+00  2.4601E+00
  4.0784E+00  5.3299E+00  2.4298E+00
  3.9522E+00  5.3406E+00  2.4278E+00
  4.1846E+00  5.3345E+00  2.3171E+00
  4.2697E+00  5.3476E+00  2.3201E+00
  4.2154E+00  5.2627E+00  2.4479E+00
  4.2558E+00  5.0890E+00  2.5356E+00
  4.5195E+00  5.0320E+00  2.3450E+00
  4.4846E+00  5.0321E+00  2.3832E+00
  4.4606E+00  4.9965E+00  2.4823E+00
  4.5212E+00  4.8735E+00  2.4588E+00
  4.6379E+00  4.9270E+00  2.4048E+00
  4.5919E+00  4.9878E+00  2.3402E+00
  4.5105E+00  4.9858E+00  2.4173E+00
  4.5953E+00  5.0561E+00  2.5422E+00
  4.6720E+00  5.1332E+00  2.5693E+00
  4.6094E+00  5.2077E+00  2.4016E+00
  4.4541E+00  5.1385E+00  2.5244E+00
  4.3984E+00  5.2515E+00  2.5909E+00
  4.5435E+00  5.3784E+00  2.4966E+00
  4.4409E+00  5.3531E+00  2.6452E+00
  4.3625E+00  5.2626E+00  2.6132E+00
  4.4256E+00  5.2741E+00  2.6045E+00
  4.6193E+00  5.3684E+00  2.8722E+00
  4.7446E+00  5.2318E+00  2.7863E+00
  4.7195E+00  5.2011E+00  2.7471E+00
  4.7530E+00  5.2589E+00  2.9665E+00
  4.7671E+00  5.1278E+00  2.9415E+00
  4.8554E+00  5.1045E+00  2.6900E+00
  4.7788E+00  5.1783E+00  2.8291E+00
  4.7876E+00  5.1785E+00  2.8748E+00
  4.8545E+00  5.1466E+00  2.5717E+00
  4.7370E+00  5.2264E+00  2.5673E+00
  4.7745E+00  5.1538E+00  2.6617E+00
  5.0034E+00  5.0669E+00  2.4256E+00
  4.7762E+00  5.0668E+00  2.6913E+00
  4.7622E+00  5.0193E+00  2.4864E+00
  4.8268E+00  4.9824E+00  2.4580E+00
  4.7832E+00  4.9463E+00  2.6146E+00
  4.7031E+00  4.8827E+00  2.5506E+00
  4.6577E+00  4.8776E+00  2.4755E+00
  4.6602E+00  4.8376E+00  2.4093E+00
  4.6656E+00  4.9290E+00  2.4170E+00
  4.6065E+00  4.8811E+00  2.4949E+00
  4.4593E+00  4.8403E+00  2.2690E+00
  4.5203E+00  4.8853E+00  2.4836E+00
  4.7456E+00  4.9415E+00  2.4065E+00
  4.8115E+00  5.0265E+00  2.2159E+00
  4.7483E+00  4.9025E+00  2.4487E+00
  4.8591E+00  4.9584E+00  2.3550E+00
  4.9033E+00  5.0843E+00  2.3150E+00
  5.1816E+00  4.8849E+00  2.3647E+00
  5.2109E+00  4.8034E+00  2.4785E+00
  5.0801E+00  4.6843E+00  2.5964E+00
  5.1164E+00  4.7530E+00  2.5479E+00
  5.2224E+00  4.7363E+00  2.5071E+00
  4.9792E+00  4.6410E+00  2.7555E+00
  4.9942E+00  4.7658E+00  2.7625E+00
  5.1141E+00  4.7863E+00  2.7865E+00
  4.9132E+00  4.8266E+00  2.7344E+00
  5.0048E+00  4.9671E+00  2.7625E+00
  4.8814E+00  4.9357E+00  2.6365E+00
  4.8727E+00  5.0410E+00  2.4833E+00
  4.9781E+00  5.1042E+00  2.5383E+00
  5.0052E+00  5.1305E+00  2.4504E+00
  5.0607E+00  5.0398E+00  2.3405E+00
  5.1113E+00  5.0310E+00  2.4275E+00
  5.1191E+00  4.8816E+00  2.5274E+00
  5.0537E+00  4.7053E+00  2.4918E+00
  5.2255E+00  4.6317E+00  2.2930E+00
  5.2429E+00  4.5530E+00  2.5951E+00
  5.2864E+00  4.6235E+00  2.4546E+00
  5.2609E+00  4.4214E+00  2.2852E+00
  5.3500E+00  4.4162E+00  2.5080E+00
  5.3708E+00  4.7651E+00  2.1129E+00
  5.3485E+00  4.6353E+00  2.2886E+00
  5.2136E+00  4.5692E+00  2.4420E+00
  5.1934E+00  4.4515E+00  2.2346E+00
  5.1136E+00  4.4614E+00  2.4847E+00
  4.8674E+00  4.5408E+00  2.3936E+00
  5.0270E+00  4.5159E+00  2.4783E+00
  5.0060E+00  4.7082E+00  2.4211E+00
  4.6643E+00  4.7429E+00  2.4796E+00
  4.6338E+00  4.6393E+00  2.3530E+00
  4.7617E+00  4.7858E+00  2.2564E+00
  4.7241E+00  4.7934E+00  2.4209E+00
  4.5801E+00  4.7191E+00  2.3365E+00
  4.6670E+00  4.6632E+00  2.3351E+00
  4.9935E+00  4.5367E+00  2.4979E+00
  5.0748E+00  4.5490E+00  2.6038E+00
  5.1407E+00  4.4926E+00  2.6023E+00
  5.2326E+00  4.5490E+00  2.4169E+00
