  5.9577E+00  6.8379E+00 -2.5781E-01
  5.6422E+00  7.1427E+00  6.5527E-01
  5.7517E+00  7.1312E+00  2.9339E-01
  6.0728E+00  7.3305E+00  3.1157E-01
  6.0236E+00  7.4323E+00  5.9362E-01
  6.2234E+00  7.4173E+00  3.9273E-01
  6.0932E+00  7.3046E+00  1.5179E-01
  5.9484E+00  7.2583E+00  2.2116E-01
  5.9928E+00  7.1990E+00  1.8405E-01
  5.9202E+00  7.2865E+00  1.5181E-01
  5.9674E+00  7.3228E+00  1.7365E-01
  6.0067E+00  7.3071E+00  1.5054E-01
  6.0024E+00  7.3135E+00  8.4533E-02
  6.0317E+00  7.3345E+00  2.8304E-02
  6.0228E+00  7.3347E+00 -6.2454E-02
  6.0769E+00  7.3156E+00 -1.0847E-01
  6.0589E+00  7.3256E+00 -1.4790E-01
  5.9956E+00  7.2904E+00 -2.3015E-01
  5.9069E+00  7.2652E+00 -2.6803E-01
  5.8737E+00  7.2673E+00 -3.9467E-01
  5.9725E+00  7.3132E+00 -5.2478E-01
  5.9530E+00  7.3587E+00 -5.7450E-01
  5.9198E+00  7.3664E+00 -5.9239E-01
  5.8868E+00  7.4594E+00 -5.2023E-01
  5.8824E+00  7.5951E+00 -3.9420E-01
  5.8424E+00  7.6635E+00 -3.8484E-01
  5.8148E+00  7.6771E+00 -4.0294E-01
  5.7558E+00  7.6304E+00 -3.6236E-01
  5.8901E+00  7.6908E+00 -3.8733E-01
  5.9170E+00  7.8064E+00 -5.6685E-01
  5.8542E+00  7.8597E+00 -5.6023E-01
  6.0091E+00  8.0896E+00 -7.4447E-01
  6.1124E+00  8.1970E+00 -8.0240E-01
  6.2122E+00  8.1552E+00 -7.5471E-01
  6.4839E+00  8.1929E+00 -6.5092E-01
  6.5598E+00  8.1447E+00 -6.0074E-01
  6.6041E+00  8.1760E+00 -8.1608E-01
  6.6698E+00  8.1169E+00 -8.3697E-01
  6.7198E+00  8.1008E+00 -7.0436E-01
  6.5624E+00  8.0845E+00 -7.9916E-01
  6.5208E+00  7.9804E+00 -8.2911E-01
  6.6489E+00  8.0302E+00 -8.3054E-01
  6.5797E+00  8.0449E+00 -7.6053E-01
  6.5897E+00  8.1145E+00 -7.4401E-01
  6.5893E+00  7.9879E+00 -6.2102E-01
  6.6657E+00  8.0374E+00 -6.3093E-01
  6.7778E+00  7.9636E+00 -5.2723E-01
  6.8556E+00  8.0945E+00 -7.4736E-01
  6.9900E+00  8.1487E+00 -8.8721E-01
  7.3760E+00  8.1527E+00 -7.7360E-01
  7.2276E+00  8.2403E+00 -9.2083E-01
  7.1221E+00  8.1627E+00 -8.8812E-01
  7.2926E+00  8.2112E+00 -8.9290E-01
  7.3702E+00  8.3113E+00 -1.1370E+00
  7.5478E+00  8.4270E+00 -1.1998E+00
  7.5990E+00  8.5134E+00 -1.0744E+00
  7.3766E+00  8.6491E+00 -1.1887E+00
  7.4325E+00  8.6293E+00 -1.3227E+00
  7.5442E+00  8.4777E+00 -1.3931E+00
  7.3384E+00  8.5834E+00 -1.9807E+00
  7.3947E+00  8.3470E+00 -2.5224E+00
  7.3495E+00  8.3904E+00 -1.9572E+00
  7.3205E+00  8.3826E+00 -2.2896E+00
  7.3384E+00  8.4913E+00 -2.0826E+00
  7.2464E+00  8.3266E+00 -1.9889E+00
  7.4913E+00  8.1969E+00 -2.0055E+00
  7.5572E+00  8.1593E+00 -2.2456E+00
  7.6842E+00  8.1327E+00 -2.2076E+00
  7.7044E+00  7.9870E+00 -2.0144E+00
  7.6309E+00  8.1257E+00 -2.0243E+00
  7.5511E+00  8.2854E+00 -1.8612E+00
  7.7095E+00  8.2573E+00 -1.7277E+00
  7.5583E+00  8.2201E+00 -1.8501E+00
  7.5542E+00  8.3124E+00 -1.8816E+00
  7.4803E+00  8.1612E+00 -1.7808E+00
  7.6065E+00  8.2326E+00 -2.0444E+00
  7.6663E+00  8.0724E+00 -2.2108E+00
  7.5702E+00  7.8465E+00 -2.0223E+00
  7.6286E+00  8.0554E+00 -2.1022E+00
  7.6143E+00  8.1149E+00 -2.0403E+00
  7.4796E+00  8.1484E+00 -1.9694E+00
  7.7157E+00  8.4038E+00 -2.1453E+00
  7.7370E+00  8.2548E+00 -2.2206E+00
  7.7656E+00  8.3196E+00 -2.1672E+00
  7.9435E+00  8.4003E+00 -2.4169E+00
  8.0707E+00  8.3138E+00 -2.4394E+00
  8.1520E+00  8.3454E+00 -2.3544E+00
  8.0357E+00  8.3532E+00 -2.4582E+00
  8.0054E+00  8.3828E+00 -2.1824E+00
  7.9780E+00  8.4234E+00 -2.2056E+00
  7.7599E+00  8.3525E+00 -2.3127E+00
  7.6537E+00  8.5279E+00 -2.3062E+00
  7.7175E+00  8.6494E+00 -2.6332E+00
  7.7885E+00  8.5967E+00 -2.7515E+00
  7.7926E+00  8.6660E+00 -2.8758E+00
  7.8924E+00  8.7110E+00 -3.0008E+00
  8.0134E+00  8.5718E+00 -2.8008E+00
  7.9907E+00  8.4342E+00 -3.1127E+00
  8.0331E+00  8.3223E+00 -2.8563E+00
  7.8733E+00  8.2171E+00 -2.8669E+00
  7.9016E+00  8.2002E+00 -2.7385E+00
  7.8270E+00  8.1893E+00 -2.5935E+00
  7.6532E+00  8.3497E+00 -2.6733E+00
  7.6998E+00  8.4146E+00 -2.6136E+00
  7.6230E+00  8.4003E+00 -2.6361E+00
  7.9025E+00  8.5026E+00 -2.4098E+00
  8.0436E+00  8.5394E+00 -2.4721E+00
  7.9660E+00  8.5624E+00 -2.5953E+00
  8.1560E+00  8.6668E+00 -2.5455E+00
  8.2372E+00  8.6757E+00 -2.4053E+00
  8.2385E+00  8.5738E+00 -2.2582E+00
  8.2053E+00  8.6615E+00 -2.5429E+00
  8.1934E+00  8.6005E+00 -2.5746E+00
  8.1340E+00  8.5277E+00 -2.5482E+00
  8.2094E+00  8.6673E+00 -2.6296E+00
  8.1355E+00  8.3814E+00 -2.4714E+00
  8.2796E+00  8.2275E+00 -2.7458E+00
  8.3907E+00  8.1172E+00 -2.7866E+00
  8.2475E+00  7.9639E+00 -2.6341E+00
  8.3040E+00  8.3129E+00 -2.4448E+00
  8.3772E+00  8.2925E+00 -2.3786E+00
  8.2278E+00  8.0822E+00 -2.3846E+00
  8.1884E+00  8.1884E+00 -2.4387E+00
  7.8848E+00  8.1613E+00 -2.3269E+00
  7.8157E+00  8.3261E+00 -1.9102E+00
  7.7538E+00  8.3024E+00 -1.9969E+00
  7.7751E+00  8.1864E+00 -2.0405E+00
  7.8896E+00  8.2820E+00 -2.1200E+00
  8.0113E+00  8.2359E+00 -2.0859E+00
  8.0784E+00  8.2012E+00 -2.0524E+00
  7.9655E+00  7.9818E+00 -2.2263E+00
  8.0181E+00  7.7724E+00 -2.2699E+00
  8.1070E+00  7.6286E+00 -2.4197E+00
  8.0605E+00  7.4180E+00 -2.4272E+00
  7.9067E+00  7.3224E+00 -2.3701E+00
  7.8884E+00  7.5485E+00 -2.3051E+00
  7.9134E+00  7.6165E+00 -2.4093E+00
  7.9562E+00  7.7321E+00 -2.5324E+00
  7.9709E+00  7.9014E+00 -2.4682E+00
  7.7968E+00  7.9748E+00 -2.3369E+00
  7.9036E+00  8.1974E+00 -2.2982E+00
  7.9787E+00  8.2335E+00 -2.3404E+00
  7.9270E+00  8.3758E+00 -2.3865E+00
  8.1541E+00  8.5463E+00 -2.4226E+00
  8.1896E+00  8.4479E+00 -2.1011E+00
  8.3247E+00  8.3491E+00 -2.0516E+00
  8.3382E+00  8.1648E+00 -2.2246E+00
  8.3493E+00  7.8339E+00 -2.0649E+00
  8.4260E+00  7.6854E+00 -2.1223E+00
  8.4252E+00  7.6510E+00 -2.0683E+00
  8.4958E+00  7.5777E+00 -1.8023E+00
  8.3633E+00  7.3698E+00 -1.3726E+00
  8.2688E+00  7.5933E+00 -1.6072E+00
  8.1322E+00  7.6512E+00 -1.7146E+00
  7.9456E+00  7.7557E+00 -1.5364E+00
  7.7937E+00  7.8124E+00 -1.5283E+00
  7.9956E+00  7.8211E+00 -1.3498E+00
  8.0187E+00  7.5661E+00 -1.6040E+00
  8.0930E+00  7.7776E+00 -1.3215E+00
  8.4445E+00  7.7905E+00 -1.4207E+00
  8.6037E+00  7.6045E+00 -1.2485E+00
  8.7070E+00  7.4007E+00 -1.3538E+00
  8.7304E+00  7.4089E+00 -1.3098E+00
  8.5289E+00  7.4715E+00 -1.2236E+00
  8.5422E+00  7.2424E+00 -1.3140E+00
  8.5330E+00  6.7987E+00 -1.5035E+00
  8.6035E+00  6.9833E+00 -1.4751E+00
  8.4784E+00  7.0256E+00 -1.4258E+00
  8.1131E+00  7.2135E+00 -1.1131E+00
  8.2829E+00  7.4880E+00 -1.1746E+00
  8.4784E+00  7.4857E+00 -1.1580E+00
  8.6042E+00  7.5256E+00 -1.0176E+00
  8.5613E+00  7.5253E+00 -8.1891E-01
  8.5667E+00  7.5613E+00 -8.4131E-01
  8.5839E+00  7.4589E+00 -7.3028E-01
  8.4015E+00  7.2594E+00 -9.0419E-01
  8.1216E+00  7.2365E+00 -7.5572E-01
  8.0600E+00  7.2614E+00 -6.4272E-01
  8.0838E+00  7.2575E+00 -5.3048E-01
  8.2442E+00  7.2015E+00 -5.9269E-01
  8.3370E+00  7.3559E+00 -6.5871E-01
  8.3583E+00  7.4950E+00 -5.2435E-01
  8.4686E+00  7.4881E+00 -5.6544E-01
  8.3268E+00  7.4301E+00 -6.7486E-01
  8.4574E+00  7.3162E+00 -6.0064E-01
  8.3838E+00  7.2660E+00 -6.5985E-01
  8.4558E+00  7.3092E+00 -8.5020E-01
  8.4422E+00  7.2414E+00 -8.2122E-01
  8.4259E+00  7.3926E+00 -5.2245E-01
  8.4683E+00  7.4719E+00 -4.2487E-01
  8.5159E+00  7.3919E+00 -2.3356E-01
  8.8233E+00  7.3393E+00 -1.6604E-01
  8.6602E+00  7.0384E+00 -1.0867E-01
  8.7910E+00  7.0336E+00 -3.3423E-02
  8.5848E+00  7.0179E+00  1.1332E-01
  8.3540E+00  7.1491E+00 -2.1573E-02
  8.3372E+00  7.1710E+00 -1.5748E-01
  8.1030E+00  7.2017E+00 -2.0789E-01
  8.0629E+00  7.3865E+00 -4.2715E-01
  8.0645E+00  7.4967E+00 -4.2259E-01
  8.2699E+00  7.5160E+00 -4.4875E-01
  8.3223E+00  7.4574E+00 -3.0934E-01
  8.2794E+00  7.3751E+00 -2.5401E-01
  8.2043E+00  7.2342E+00 -3.4408E-01
  8.0502E+00  7.1981E+00 -4.1042E-01
  8.1067E+00  7.0969E+00 -3.5926E-01
  8.1167E+00  6.9532E+00 -5.5343E-01
  8.1563E+00  6.9329E+00 -6.5806E-01
  8.1691E+00  6.7697E+00 -5.9459E-01
  8.2548E+00  6.7912E+00 -7.9453E-01
  8.3573E+00  6.7932E+00 -8.2502E-01
  8.4147E+00  6.8210E+00 -8.1281E-01
  8.5164E+00  6.8804E+00 -8.6593E-01
  8.3775E+00  6.9540E+00 -6.6844E-01
  8.3589E+00  7.0040E+00 -7.1315E-01
  8.5050E+00  7.0691E+00 -6.3816E-01
  8.4216E+00  7.2300E+00 -5.9241E-01
  8.4047E+00  7.2638E+00 -6.1642E-01
  8.2967E+00  7.4080E+00 -4.2149E-01
  8.1962E+00  7.4684E+00 -3.1043E-01
  8.0709E+00  7.4899E+00 -2.4235E-01
  8.0689E+00  7.4810E+00 -1.8261E-01
  8.1770E+00  7.2626E+00 -2.3410E-01
  8.3129E+00  7.2555E+00 -8.3555E-02
  8.5018E+00  7.2277E+00  1.5159E-02
  8.7017E+00  7.0968E+00 -2.7292E-01
  8.5515E+00  6.9991E+00 -2.3869E-01
  8.6341E+00  7.1782E+00 -4.1428E-02
  8.4760E+00  7.1633E+00 -6.7148E-02
  8.7092E+00  7.1552E+00 -2.2658E-01
  8.4646E+00  6.9218E+00 -2.6854E-01
  8.3439E+00  7.0607E+00 -3.1449E-01
  8.2709E+00  6.9760E+00 -3.6116E-01
  8.1287E+00  7.0392E+00 -3.2277E-01
  8.3252E+00  7.3373E+00 -4.4145E-01
  8.2639E+00  7.3758E+00 -3.5991E-01
  8.1741E+00  7.5429E+00 -3.9044E-01
  8.3501E+00  7.4685E+00 -3.6380E-01
  8.3440E+00  7.3120E+00 -5.8296E-01
  8.4694E+00  7.2136E+00 -7.5601E-01
  8.3517E+00  6.8606E+00 -7.5944E-01
  8.3355E+00  6.8539E+00 -7.7479E-01
  8.4530E+00  6.7908E+00 -9.8025E-01
  8.3427E+00  6.7615E+00 -9.2883E-01
  8.2757E+00  6.8170E+00 -8.2067E-01
  8.1495E+00  6.8239E+00 -8.6735E-01
  8.1497E+00  7.0663E+00 -7.9392E-01
  8.2530E+00  6.9685E+00 -4.6884E-01
  8.0997E+00  6.9420E+00 -4.5032E-01
  7.9776E+00  7.0353E+00 -5.6192E-01
  7.8646E+00  6.9865E+00 -3.6518E-01
  7.8785E+00  7.1598E+00 -2.9159E-01
  7.9424E+00  7.2795E+00 -5.5677E-01
  7.9701E+00  7.3225E+00 -4.9844E-01
  8.1397E+00  7.3309E+00 -3.1673E-01
  8.4146E+00  7.3427E+00 -2.7830E-01
  8.3721E+00  7.2609E+00 -3.0948E-01
  8.3909E+00  7.0216E+00 -5.4829E-01
  8.4624E+00  6.9400E+00 -6.4164E-01
  8.4656E+00  7.0246E+00 -6.3481E-01
  8.3182E+00  6.8270E+00 -5.6554E-01
  8.3376E+00  6.8055E+00 -3.7984E-01
  8.3161E+00  6.8148E+00 -2.4363E-01
  8.3660E+00  6.9511E+00 -2.0907E-01
  8.4217E+00  7.0103E+00 -5.6284E-01
  8.4719E+00  7.0238E+00 -4.6618E-01
  8.4765E+00  7.0345E+00 -1.2017E-01
  8.2740E+00  7.0514E+00 -4.9087E-01
  8.3661E+00  6.9363E+00 -6.3474E-01
  8.4560E+00  7.0398E+00 -7.0160E-01
  8.4280E+00  7.0803E+00 -8.1620E-01
  8.5393E+00  7.0526E+00 -9.2949E-01
  8.4589E+00  7.1717E+00 -9.8248E-01
  8.4049E+00  7.1064E+00 -8.7498E-01
  8.5099E+00  7.1044E+00 -8.8281E-01
  8.5883E+00  7.2419E+00 -1.1857E+00
  8.4309E+00  7.0613E+00 -1.0927E+00
  8.4821E+00  7.0234E+00 -7.9231E-01
  8.5396E+00  7.0215E+00 -1.0190E+00
  8.3637E+00  7.0433E+00 -7.5820E-01
  8.4797E+00  7.0257E+00 -5.0065E-01
  8.5368E+00  7.0466E+00 -3.2455E-01
  8.4815E+00  7.2146E+00 -2.2417E-01
  8.5829E+00  7.1455E+00 -4.0306E-01
  8.3900E+00  6.9991E+00 -2.1958E-01
  8.3431E+00  7.0599E+00 -1.1771E-01
  8.3656E+00  6.8741E+00 -1.5037E-01
  8.4333E+00  6.9697E+00 -2.1467E-01
  8.3509E+00  6.8672E+00 -1.6489E-01
  8.2505E+00  7.0031E+00 -1.9022E-01
  8.2784E+00  7.1359E+00 -3.3394E-01
  8.2853E+00  7.2240E+00 -4.8153E-01
  8.2556E+00  7.2859E+00 -4.1382E-01
  8.3380E+00  7.3564E+00 -4.8749E-01
  8.2617E+00  7.3577E+00 -4.9921E-01
  8.3592E+00  7.3719E+00 -4.4963E-01
  8.4071E+00  7.4055E+00 -5.3290E-01
  8.3573E+00  7.2080E+00 -5.2982E-01
  8.3951E+00  7.2561E+00 -4.0281E-01
  8.4025E+00  7.3520E+00 -3.0900E-01
  8.4272E+00  7.1782E+00 -2.5664E-01
  8.4236E+00  7.2308E+00 -3.1719E-01
  8.3596E+00  7.1041E+00 -2.2427E-01
  8.3693E+00  6.9436E+00 -3.0115E-01
  8.4037E+00  6.9358E+00 -5.6986E-01
  8.4910E+00  6.7731E+00 -5.3898E-01
  8.4789E+00  6.7995E+00 -6.5875E-01
  8.4960E+00  6.8852E+00 -7.1830E-01
  8.5638E+00  6.7768E+00 -6.7759E-01
  8.6656E+00  7.0696E+00 -8.9860E-01
  8.7219E+00  7.3272E+00 -7.4240E-01
  8.7280E+00  7.3907E+00 -5.2603E-01
  8.6911E+00  7.4928E+00 -6.0047E-01
  8.5006E+00  7.4133E+00 -3.9648E-01
  8.4138E+00  7.4581E+00 -3.1081E-01
  8.2193E+00  7.2255E+00 -4.4607E-01
  8.2028E+00  7.2334E+00 -4.6217E-01
  8.1439E+00  7.2263E+00 -4.1805E-01
  8.3314E+00  7.2991E+00 -3.4349E-01
  8.3515E+00  7.1675E+00 -3.2668E-01
  8.3864E+00  7.0893E+00 -3.9560E-01
  8.5937E+00  7.1741E+00 -3.7911E-01
  8.5591E+00  7.0405E+00 -5.6563E-01
  8.4560E+00  7.0335E+00 -6.5581E-01
  8.5586E+00  7.0197E+00 -5.9487E-01
  8.4944E+00  6.9191E+00 -4.8491E-01
  8.5548E+00  7.0384E+00 -5.2988E-01
  8.6138E+00  7.1645E+00 -5.7308E-01
  8.4936E+00  7.1791E+00 -5.8242E-01
  8.4530E+00  7.2505E+00 -5.4136E-01
  8.2686E+00  7.3074E+00 -6.6740E-01
  8.2874E+00  7.2451E+00 -6.9907E-01
  8.3196E+00  7.3877E+00 -6.1416E-01
  8.3273E+00  7.3543E+00 -5.1041E-01
  8.4322E+00  7.2939E+00 -6.2533E-01
  8.4565E+00  7.2910E+00 -6.4424E-01
  8.6128E+00  7.1826E+00 -7.3515E-01
  8.5859E+00  7.1235E+00 -9.8898E-01
  8.5271E+00  7.2024E+00 -9.0368E-01
  8.4697E+00  7.2346E+00 -8.0959E-01
  8.4125E+00  7.0220E+00 -1.0088E+00
  8.4215E+00  7.0989E+00 -9.5422E-01
  8.3557E+00  7.1657E+00 -8.7677E-01
  8.3103E+00  6.9916E+00 -8.3321E-01
  8.3864E+00  7.1033E+00 -6.0480E-01
  8.5445E+00  7.1807E+00 -5.5793E-01
  8.4655E+00  7.2239E+00 -3.8459E-01
  8.4734E+00  7.3271E+00 -3.5075E-01
  8.5273E+00  7.3385E+00 -3.0469E-01
  8.4295E+00  7.4310E+00 -2.7012E-01
  8.4497E+00  7.4427E+00 -3.2694E-01
  8.4023E+00  7.3680E+00 -2.2476E-01
  8.4538E+00  7.2621E+00 -2.5222E-01
  8.4414E+00  7.1438E+00 -4.0471E-01
  8.5053E+00  7.2081E+00 -4.6932E-01
  8.6132E+00  7.1425E+00 -3.4995E-01
  8.5719E+00  7.2700E+00 -5.0853E-01
  8.5721E+00  7.4434E+00 -7.6870E-01
  8.4908E+00  7.2171E+00 -9.2105E-01
  8.3408E+00  7.2273E+00 -9.2394E-01
  8.3971E+00  7.2571E+00 -1.0798E+00
  8.4135E+00  7.4088E+00 -1.0427E+00
  8.3681E+00  7.2702E+00 -1.0446E+00
  8.4659E+00  7.2815E+00 -8.9271E-01
  8.5634E+00  7.2115E+00 -9.7157E-01
  8.5411E+00  7.3329E+00 -1.0129E+00
  8.5456E+00  7.3562E+00 -8.0294E-01
  8.5128E+00  7.1576E+00 -8.3089E-01
  8.3790E+00  7.3846E+00 -7.3049E-01
  8.4604E+00  7.3737E+00 -5.7154E-01
  8.4985E+00  7.3091E+00 -4.4867E-01
  8.4060E+00  7.3910E+00 -6.4974E-01
  8.4485E+00  7.2776E+00 -7.2163E-01
  8.4179E+00  7.2905E+00 -7.6551E-01
  8.4021E+00  7.3383E+00 -8.3313E-01
  8.4685E+00  7.2366E+00 -8.4910E-01
  8.5170E+00  7.2022E+00 -8.1468E-01
  8.5712E+00  7.2724E+00 -7.2140E-01
  8.6794E+00  7.3228E+00 -7.8073E-01
  8.6574E+00  7.3027E+00 -8.5396E-01
  8.6218E+00  7.2865E+00 -7.1752E-01
  8.4720E+00  7.3151E+00 -8.0222E-01
  8.3302E+00  7.3266E+00 -8.1861E-01
  8.3934E+00  7.2583E+00 -6.1432E-01
  8.2820E+00  7.3162E+00 -6.7255E-01
  8.2368E+00  7.3603E+00 -5.6452E-01
  8.3181E+00  7.2992E+00 -2.7316E-01
  8.3757E+00  7.4100E+00 -4.6366E-01
  8.7636E+00  7.4655E+00 -5.9053E-01
  8.8639E+00  7.2235E+00 -7.5486E-01
  8.8888E+00  7.3132E+00 -8.5004E-01
  8.8007E+00  7.5051E+00 -8.0150E-01
  8.7452E+00  7.5597E+00 -9.5771E-01
  8.8262E+00  7.5861E+00 -9.2565E-01
  8.8190E+00  7.3274E+00 -7.5260E-01
  8.6353E+00  7.2470E+00 -9.1570E-01
  8.5200E+00  7.1466E+00 -9.6388E-01
  8.4740E+00  7.2294E+00 -1.0088E+00
  8.4735E+00  7.2382E+00 -1.0497E+00
  8.5213E+00  7.3596E+00 -1.0307E+00
