  6.1265E+00  9.8362E+00  1.1161E-01
  6.0167E+00  9.9586E+00 -4.4822E-01
  5.8166E+00  1.0122E+01 -5.1275E-01
  5.8110E+00  1.0110E+01 -2.4475E-01
  5.7807E+00  1.0091E+01 -4.2135E-01
  5.7252E+00  1.0122E+01 -3.5107E-01
  5.8148E+00  1.0088E+01 -1.5044E-01
  5.8090E+00  1.0033E+01 -1.4678E-01
  5.8020E+00  9.9597E+00 -9.7812E-02
  5.9465E+00  9.9855E+00 -1.3587E-01
  6.0111E+00  1.0074E+01 -1.9871E-01
  6.0936E+00  1.0033E+01 -2.6427E-01
  6.1151E+00  1.0016E+01 -3.3334E-01
  6.1475E+00  1.0072E+01 -3.3577E-01
  6.1419E+00  1.0114E+01 -3.8172E-01
  6.1826E+00  1.0087E+01 -4.4828E-01
  6.1989E+00  1.0048E+01 -4.6927E-01
  6.1854E+00  1.0027E+01 -4.4716E-01
  6.1788E+00  9.9740E+00 -4.1590E-01
  6.1075E+00  9.9479E+00 -4.0536E-01
  6.0143E+00  9.9353E+00 -4.1965E-01
  5.9505E+00  9.9229E+00 -3.9158E-01
  5.9124E+00  9.8897E+00 -3.1133E-01
  5.8880E+00  9.9079E+00 -1.7966E-01
  5.8574E+00  9.9852E+00 -1.2422E-01
  5.7633E+00  1.0096E+01 -2.3544E-02
  5.6683E+00  1.0116E+01  8.5665E-02
  5.5856E+00  1.0117E+01  2.1241E-01
  5.5413E+00  1.0135E+01  3.3878E-01
  5.4292E+00  1.0273E+01  5.3955E-01
  5.5500E+00  1.0536E+01  6.4419E-01
  5.6317E+00  1.0682E+01  7.6309E-01
  5.6949E+00  1.0650E+01  8.2125E-01
  5.5792E+00  1.0544E+01  8.9335E-01
  5.6992E+00  1.0341E+01  9.1115E-01
  5.8895E+00  1.0156E+01  1.0702E+00
  5.6401E+00  1.0170E+01  8.6428E-01
  5.6374E+00  1.0111E+01  7.8291E-01
  5.7070E+00  9.9929E+00  7.9753E-01
  5.6228E+00  1.0036E+01  8.0263E-01
  5.6428E+00  9.9935E+00  1.0020E+00
  5.6664E+00  9.8782E+00  1.1249E+00
  5.5194E+00  9.7385E+00  1.2686E+00
  5.5624E+00  9.6917E+00  1.2644E+00
  5.5211E+00  9.6188E+00  1.3412E+00
  5.3898E+00  9.5452E+00  1.3185E+00
  5.4513E+00  9.5363E+00  9.5246E-01
  5.6322E+00  9.5623E+00  9.4677E-01
  5.7615E+00  9.5395E+00  9.6750E-01
  5.8222E+00  9.4391E+00  8.5442E-01
  5.9211E+00  9.6886E+00  8.2306E-01
  6.1089E+00  9.9753E+00  7.3005E-01
  6.0982E+00  9.9710E+00  6.4759E-01
  6.0935E+00  9.8948E+00  7.1474E-01
  6.0761E+00  9.9096E+00  4.3458E-01
  6.1126E+00  1.0038E+01  2.9178E-01
  6.1565E+00  1.0172E+01  3.6634E-01
  6.1241E+00  1.0045E+01  4.4277E-01
  6.1855E+00  1.0147E+01  5.5456E-01
  6.0387E+00  1.0251E+01  5.5495E-01
  6.1030E+00  1.0273E+01  6.6041E-01
  6.0146E+00  9.9914E+00  1.1423E+00
  6.0465E+00  1.0101E+01  1.1701E+00
  6.2432E+00  1.0378E+01  9.8471E-01
  5.9472E+00  1.0151E+01  1.4903E+00
  5.6775E+00  9.6886E+00  1.5828E+00
  5.6941E+00  9.4886E+00  1.5285E+00
  5.7010E+00  9.4335E+00  1.5092E+00
  5.6537E+00  9.1039E+00  1.4680E+00
  5.6182E+00  8.9827E+00  1.4589E+00
  5.5884E+00  8.8286E+00  1.6704E+00
  5.5521E+00  8.7932E+00  1.7332E+00
  5.4318E+00  9.0197E+00  1.8403E+00
  5.2484E+00  9.1835E+00  1.7594E+00
  5.1768E+00  9.2715E+00  1.6929E+00
  5.0851E+00  9.1981E+00  1.7874E+00
  5.1826E+00  9.2159E+00  1.7518E+00
  5.2075E+00  9.3168E+00  1.7923E+00
  5.3225E+00  9.4071E+00  1.8271E+00
  5.5297E+00  9.4860E+00  2.0630E+00
  5.4845E+00  9.5784E+00  2.1531E+00
  5.5189E+00  9.7343E+00  2.2898E+00
  5.4259E+00  9.9356E+00  2.3393E+00
  5.5835E+00  9.8497E+00  2.3017E+00
  5.2924E+00  9.8419E+00  2.4969E+00
  4.9233E+00  9.8361E+00  2.6852E+00
  4.9121E+00  9.8309E+00  2.7580E+00
  4.9328E+00  9.8160E+00  2.5102E+00
  4.9368E+00  9.7842E+00  2.5790E+00
  5.1267E+00  1.0006E+01  2.7651E+00
  5.1847E+00  9.8940E+00  2.6088E+00
  5.3315E+00  9.8026E+00  2.4287E+00
  5.6200E+00  9.8641E+00  2.6056E+00
  5.7612E+00  9.7575E+00  2.6049E+00
  5.6841E+00  9.6492E+00  2.5516E+00
  5.6611E+00  9.5416E+00  2.4308E+00
  5.8303E+00  9.6115E+00  2.3916E+00
  5.7254E+00  9.6252E+00  2.5131E+00
  5.4958E+00  9.6299E+00  2.2779E+00
  5.4816E+00  9.4230E+00  2.3344E+00
  5.2937E+00  9.4097E+00  2.2930E+00
  5.1175E+00  9.5164E+00  2.2206E+00
  5.1752E+00  9.4606E+00  2.4692E+00
  4.8748E+00  9.5445E+00  2.3736E+00
  4.6391E+00  9.5027E+00  2.5147E+00
  4.6237E+00  9.6428E+00  2.4526E+00
  4.7948E+00  9.7417E+00  2.1362E+00
  4.9007E+00  9.9432E+00  2.1534E+00
  4.8613E+00  9.9621E+00  2.2477E+00
  4.7416E+00  9.6988E+00  2.3410E+00
  4.7993E+00  9.7334E+00  2.4091E+00
  4.9568E+00  9.6882E+00  2.5542E+00
  5.0447E+00  9.4844E+00  2.7620E+00
  5.2423E+00  9.4598E+00  2.5235E+00
  5.1645E+00  9.4508E+00  2.5159E+00
  5.3060E+00  9.4686E+00  2.4054E+00
  5.4752E+00  9.4363E+00  2.5344E+00
  5.4175E+00  9.5985E+00  2.1511E+00
  5.4143E+00  9.7025E+00  2.2072E+00
  5.3792E+00  9.7048E+00  2.2755E+00
  5.3138E+00  9.5389E+00  2.5774E+00
  5.3065E+00  9.5606E+00  2.9086E+00
  5.2787E+00  9.6336E+00  2.8536E+00
  5.1762E+00  9.5774E+00  2.8201E+00
  4.8866E+00  9.4554E+00  3.0173E+00
  4.8990E+00  9.4837E+00  2.7449E+00
  5.0288E+00  9.6754E+00  2.3932E+00
  5.1053E+00  9.8758E+00  2.4516E+00
  5.0856E+00  9.8011E+00  2.3741E+00
  4.9689E+00  9.7606E+00  2.2226E+00
  5.1354E+00  9.9576E+00  2.3169E+00
  5.3505E+00  9.9567E+00  2.3885E+00
  5.5893E+00  1.0019E+01  2.4836E+00
  5.6104E+00  1.0139E+01  2.3500E+00
  5.5284E+00  1.0106E+01  2.2945E+00
  5.4351E+00  1.0016E+01  2.3950E+00
  5.4626E+00  9.9887E+00  2.3499E+00
  5.5700E+00  1.0061E+01  2.3447E+00
  5.4987E+00  9.8720E+00  2.2894E+00
  5.4220E+00  9.7338E+00  2.4881E+00
  5.4889E+00  9.6960E+00  2.6241E+00
  5.4227E+00  9.7224E+00  2.7778E+00
  5.1740E+00  9.8077E+00  2.8047E+00
  4.9940E+00  9.8527E+00  2.7754E+00
  4.8847E+00  9.9104E+00  2.8640E+00
  4.8471E+00  1.0055E+01  2.6601E+00
  5.0034E+00  1.0212E+01  2.5914E+00
  5.0137E+00  1.0110E+01  2.6946E+00
  4.9932E+00  9.8724E+00  2.8237E+00
  5.0131E+00  9.8588E+00  2.4388E+00
  5.3165E+00  9.7028E+00  2.3466E+00
  5.4407E+00  9.5563E+00  2.4555E+00
  5.3508E+00  9.4593E+00  2.1948E+00
  5.4687E+00  9.3832E+00  2.1377E+00
  5.4461E+00  9.0725E+00  2.1550E+00
  5.5261E+00  9.0053E+00  2.3156E+00
  5.4620E+00  8.9890E+00  2.1775E+00
  5.4309E+00  8.7358E+00  2.3721E+00
  5.2770E+00  8.7611E+00  2.3012E+00
  5.2329E+00  8.8683E+00  2.1676E+00
  5.3114E+00  8.9196E+00  2.2255E+00
  5.3701E+00  9.1920E+00  2.0097E+00
  5.3271E+00  9.3567E+00  2.1317E+00
  5.4009E+00  9.2021E+00  2.2156E+00
  5.6067E+00  9.1094E+00  2.3455E+00
  5.5552E+00  9.1172E+00  2.5043E+00
  5.6720E+00  9.1412E+00  2.4627E+00
  5.7911E+00  8.8473E+00  2.6519E+00
  5.5311E+00  8.9388E+00  2.2804E+00
  5.4364E+00  9.1566E+00  1.9930E+00
  5.5170E+00  9.1545E+00  2.2665E+00
  5.3020E+00  9.1365E+00  1.9216E+00
  5.2124E+00  9.3254E+00  2.0503E+00
  5.0829E+00  9.4098E+00  2.0642E+00
  5.0476E+00  9.3064E+00  2.1131E+00
  4.9910E+00  9.2657E+00  1.9965E+00
  5.0229E+00  9.3127E+00  1.7353E+00
  5.0223E+00  9.2478E+00  1.9113E+00
  4.9999E+00  9.1511E+00  2.0303E+00
  4.9933E+00  9.1976E+00  1.9132E+00
  4.9818E+00  9.0370E+00  1.8868E+00
  5.1969E+00  9.0488E+00  1.9587E+00
  5.0632E+00  9.0775E+00  2.2212E+00
  5.1093E+00  9.1158E+00  2.1746E+00
  5.3156E+00  9.1036E+00  2.0065E+00
  5.0688E+00  9.0766E+00  2.2302E+00
  4.9836E+00  9.1826E+00  2.2761E+00
  5.1378E+00  9.4006E+00  2.1704E+00
  5.1632E+00  9.6173E+00  2.3507E+00
  5.0513E+00  9.6403E+00  2.1463E+00
  4.9117E+00  9.7932E+00  2.2072E+00
  4.8530E+00  9.8388E+00  2.2534E+00
  4.9960E+00  9.8023E+00  2.0901E+00
  4.8910E+00  9.9154E+00  2.2613E+00
  4.9398E+00  9.8799E+00  2.2882E+00
  5.0549E+00  9.8633E+00  2.2202E+00
  5.1027E+00  9.8159E+00  2.1665E+00
  5.1889E+00  9.8233E+00  2.1894E+00
  5.1252E+00  9.8416E+00  2.3407E+00
  4.9778E+00  9.7813E+00  2.3837E+00
  4.8006E+00  9.8925E+00  2.5213E+00
  4.6960E+00  9.9127E+00  2.2822E+00
  4.5696E+00  1.0142E+01  2.3154E+00
  4.6760E+00  1.0229E+01  1.9182E+00
  4.6422E+00  1.0455E+01  1.6980E+00
  4.6142E+00  1.0472E+01  1.6084E+00
  4.8350E+00  1.0424E+01  1.5460E+00
  5.0430E+00  1.0743E+01  1.9400E+00
  5.0133E+00  1.0496E+01  1.6284E+00
  5.1448E+00  1.0534E+01  1.6917E+00
  5.1805E+00  1.0470E+01  2.0707E+00
  4.9800E+00  1.0301E+01  2.0780E+00
  4.9520E+00  1.0228E+01  1.9985E+00
  5.0043E+00  1.0220E+01  2.0761E+00
  4.8978E+00  1.0087E+01  2.0066E+00
  4.7639E+00  9.9583E+00  2.0865E+00
  4.9025E+00  9.8840E+00  2.0047E+00
  5.0122E+00  9.8670E+00  1.8064E+00
  5.1005E+00  9.7671E+00  1.6520E+00
  5.1414E+00  9.6726E+00  1.8162E+00
  5.2868E+00  9.7698E+00  1.9555E+00
  5.0624E+00  9.8392E+00  2.1313E+00
  4.9424E+00  9.8474E+00  2.1054E+00
  5.1286E+00  9.9334E+00  2.2424E+00
  5.1092E+00  1.0010E+01  2.6364E+00
  5.1666E+00  1.0043E+01  2.3471E+00
  5.2720E+00  1.0224E+01  2.4349E+00
  5.3120E+00  1.0084E+01  2.1094E+00
  5.2250E+00  9.8647E+00  2.1698E+00
  5.3118E+00  9.9293E+00  2.4544E+00
  5.2692E+00  9.8857E+00  2.1132E+00
  5.2941E+00  9.7618E+00  2.0287E+00
  5.2042E+00  9.6834E+00  2.0495E+00
  5.1301E+00  9.8427E+00  2.1410E+00
  5.1265E+00  9.9127E+00  1.9222E+00
  5.0256E+00  9.9107E+00  1.8896E+00
  4.9680E+00  1.0101E+01  2.0807E+00
  4.8836E+00  1.0301E+01  2.0402E+00
  4.6975E+00  1.0319E+01  1.8320E+00
  4.6602E+00  1.0403E+01  1.9637E+00
  4.8055E+00  1.0524E+01  1.9809E+00
  4.6797E+00  1.0535E+01  1.7567E+00
  4.6598E+00  1.0474E+01  1.6159E+00
  4.9126E+00  1.0466E+01  1.5919E+00
  5.0300E+00  1.0620E+01  1.6566E+00
  4.8522E+00  1.0248E+01  1.4793E+00
  5.0802E+00  1.0606E+01  1.7683E+00
  5.0574E+00  1.0630E+01  1.7554E+00
  5.0169E+00  1.0412E+01  1.7507E+00
  4.9681E+00  1.0427E+01  1.9057E+00
  4.9517E+00  1.0503E+01  1.9243E+00
  4.9274E+00  1.0399E+01  1.7195E+00
  5.0945E+00  1.0560E+01  1.8755E+00
  4.9570E+00  1.0389E+01  1.8229E+00
  4.9239E+00  1.0569E+01  1.9261E+00
  4.7053E+00  1.0512E+01  2.0016E+00
  4.8677E+00  1.0546E+01  1.9678E+00
  5.1792E+00  1.0671E+01  2.1045E+00
  4.9863E+00  1.0449E+01  1.8713E+00
  5.1061E+00  1.0527E+01  2.0344E+00
  5.2700E+00  1.0372E+01  1.8549E+00
  5.1812E+00  1.0429E+01  2.0168E+00
  5.1288E+00  1.0246E+01  1.9761E+00
  5.4135E+00  1.0293E+01  1.9622E+00
  5.3286E+00  1.0301E+01  2.1588E+00
  5.3036E+00  1.0119E+01  1.8973E+00
  5.4443E+00  1.0188E+01  1.9088E+00
  5.3149E+00  1.0203E+01  2.1233E+00
  5.2618E+00  1.0116E+01  1.9427E+00
  5.2442E+00  1.0199E+01  1.9272E+00
  5.2270E+00  1.0251E+01  1.9972E+00
  5.2518E+00  1.0126E+01  1.8154E+00
  5.4276E+00  1.0323E+01  1.8167E+00
  5.1979E+00  1.0392E+01  1.7478E+00
  5.1255E+00  1.0332E+01  1.8156E+00
  5.2332E+00  1.0419E+01  1.9342E+00
  4.9574E+00  1.0359E+01  1.9418E+00
  4.6492E+00  1.0257E+01  1.9071E+00
  4.6444E+00  1.0114E+01  1.9640E+00
  4.6568E+00  1.0148E+01  2.1890E+00
  4.6324E+00  9.9537E+00  2.0209E+00
  4.7271E+00  9.9340E+00  1.8616E+00
  4.9688E+00  9.9441E+00  1.9174E+00
  5.0429E+00  9.9654E+00  1.8765E+00
  4.8133E+00  1.0148E+01  1.9450E+00
  4.8960E+00  1.0224E+01  1.9373E+00
  4.9881E+00  1.0236E+01  1.8582E+00
  4.8488E+00  1.0436E+01  2.0244E+00
  4.9586E+00  1.0349E+01  1.8454E+00
  4.9136E+00  1.0519E+01  2.0169E+00
  4.9122E+00  1.0431E+01  1.9598E+00
  4.8391E+00  1.0423E+01  1.9805E+00
  4.9204E+00  1.0413E+01  2.1699E+00
  5.0129E+00  1.0191E+01  1.8779E+00
  4.9083E+00  1.0157E+01  1.9769E+00
  4.7611E+00  1.0107E+01  2.2534E+00
  4.8447E+00  9.9741E+00  2.2773E+00
  4.8213E+00  9.9938E+00  2.3547E+00
  4.8538E+00  9.9926E+00  1.9721E+00
  4.8691E+00  1.0057E+01  1.9081E+00
  4.9444E+00  1.0043E+01  1.8902E+00
  5.0624E+00  1.0228E+01  1.8719E+00
  5.0263E+00  1.0307E+01  1.7138E+00
  5.0509E+00  1.0234E+01  1.6721E+00
  5.0666E+00  1.0174E+01  1.8231E+00
  5.1249E+00  1.0337E+01  2.1155E+00
  4.7372E+00  1.0205E+01  2.0463E+00
  4.7578E+00  1.0278E+01  1.9855E+00
  4.8438E+00  1.0220E+01  2.2699E+00
  4.9061E+00  9.9622E+00  2.2283E+00
  5.0751E+00  1.0085E+01  2.3719E+00
  5.0701E+00  1.0144E+01  2.2468E+00
  5.0883E+00  1.0071E+01  2.2054E+00
  5.0683E+00  1.0079E+01  2.2747E+00
  5.0105E+00  1.0163E+01  2.2294E+00
  5.0862E+00  1.0133E+01  2.0566E+00
  5.0380E+00  9.8642E+00  1.8771E+00
  5.1601E+00  1.0023E+01  1.9166E+00
  5.1520E+00  1.0041E+01  1.8706E+00
  4.8949E+00  9.9765E+00  2.0178E+00
  5.0046E+00  1.0100E+01  2.2322E+00
  5.0292E+00  1.0168E+01  2.2475E+00
  4.8598E+00  1.0204E+01  2.3222E+00
  4.8741E+00  1.0172E+01  2.3150E+00
  4.8563E+00  1.0197E+01  2.3043E+00
  4.7266E+00  1.0214E+01  2.4234E+00
  4.9391E+00  1.0150E+01  2.1595E+00
  4.9569E+00  1.0162E+01  2.0998E+00
  5.0377E+00  9.9823E+00  1.7858E+00
  5.0197E+00  1.0166E+01  1.7843E+00
  4.9248E+00  1.0168E+01  1.8427E+00
  4.9454E+00  1.0091E+01  1.7792E+00
  4.8992E+00  1.0065E+01  1.7574E+00
  4.7018E+00  1.0046E+01  1.9281E+00
  4.7470E+00  1.0065E+01  2.1991E+00
  4.7308E+00  9.8142E+00  2.0917E+00
  4.9137E+00  9.9019E+00  2.1846E+00
  5.0498E+00  9.9889E+00  2.3064E+00
  5.1765E+00  1.0026E+01  2.2862E+00
  5.2137E+00  1.0004E+01  2.2644E+00
  5.0325E+00  1.0011E+01  2.2006E+00
  4.9649E+00  1.0125E+01  2.0602E+00
  5.0171E+00  1.0325E+01  2.1695E+00
  4.9425E+00  1.0219E+01  1.9911E+00
  4.6882E+00  1.0166E+01  2.0862E+00
  4.7277E+00  1.0229E+01  2.1669E+00
  4.8292E+00  1.0092E+01  2.1305E+00
  4.9682E+00  9.9348E+00  2.1463E+00
  4.9952E+00  9.7974E+00  2.1607E+00
  5.0260E+00  9.6349E+00  2.1467E+00
  5.3058E+00  9.6490E+00  2.3364E+00
  5.3439E+00  9.4568E+00  2.2671E+00
  5.1518E+00  9.5475E+00  2.4029E+00
  5.2724E+00  9.7406E+00  2.3083E+00
  5.1485E+00  9.7890E+00  2.4029E+00
  5.0371E+00  1.0019E+01  2.4362E+00
  5.0442E+00  1.0069E+01  2.0036E+00
  5.0080E+00  1.0088E+01  1.8890E+00
  5.0047E+00  1.0299E+01  2.2691E+00
  4.9396E+00  1.0088E+01  1.9597E+00
  5.0152E+00  1.0415E+01  2.1690E+00
  4.8762E+00  9.9363E+00  2.1652E+00
  5.1274E+00  9.9971E+00  2.7916E+00
  5.1380E+00  9.6240E+00  2.4985E+00
  4.9307E+00  9.4609E+00  2.6588E+00
  4.9745E+00  9.5884E+00  2.3355E+00
  5.0367E+00  9.4991E+00  2.4609E+00
  5.0785E+00  9.4652E+00  2.2617E+00
  4.9968E+00  9.6126E+00  2.3094E+00
  5.0228E+00  9.8254E+00  2.3160E+00
  4.9703E+00  9.7469E+00  2.2344E+00
  4.8945E+00  9.6890E+00  2.3035E+00
  5.0136E+00  9.9501E+00  2.2657E+00
  5.1006E+00  1.0029E+01  2.2085E+00
  5.1797E+00  9.8918E+00  2.1627E+00
  5.0666E+00  9.8809E+00  2.2621E+00
  4.9333E+00  9.9943E+00  2.3834E+00
  4.8331E+00  9.8958E+00  2.2219E+00
  4.8232E+00  9.7614E+00  2.4147E+00
  4.9070E+00  9.8438E+00  2.5442E+00
  4.9621E+00  9.8317E+00  2.6198E+00
  4.9535E+00  9.7577E+00  2.6626E+00
  4.9564E+00  9.6750E+00  2.6757E+00
  5.1370E+00  9.7091E+00  2.6466E+00
  5.3493E+00  9.8586E+00  2.4937E+00
  5.3457E+00  9.7064E+00  2.3476E+00
  5.2476E+00  9.5838E+00  2.3260E+00
  5.1574E+00  9.5267E+00  2.2405E+00
  5.0965E+00  9.5321E+00  2.3809E+00
  5.0448E+00  9.5535E+00  2.6647E+00
  4.9741E+00  9.5540E+00  2.6888E+00
  4.9873E+00  9.6875E+00  2.4734E+00
  4.9279E+00  9.6292E+00  2.4582E+00
  5.0348E+00  9.6348E+00  2.5487E+00
  5.0487E+00  9.5613E+00  2.3013E+00
  5.1124E+00  9.6447E+00  2.3770E+00
  5.1442E+00  9.5735E+00  2.4684E+00
  5.2671E+00  9.6287E+00  2.6155E+00
  5.2978E+00  9.5820E+00  2.5444E+00
  5.1262E+00  9.5178E+00  2.4218E+00
