  6.1630E+00  1.1836E+01 -9.3617E-01
  6.8240E+00  1.1880E+01 -6.7453E-01
  6.0235E+00  1.2160E+01 -1.3318E+00
  6.2113E+00  1.2017E+01 -1.5601E+00
  6.6776E+00  1.2239E+01 -1.4448E+00
  6.5315E+00  1.2160E+01 -1.5532E+00
  6.3238E+00  1.1969E+01 -1.6266E+00
  6.2756E+00  1.1928E+01 -1.5250E+00
  6.1323E+00  1.1842E+01 -1.4975E+00
  6.1717E+00  1.1783E+01 -1.4789E+00
  6.2403E+00  1.1963E+01 -1.4836E+00
  6.3176E+00  1.2008E+01 -1.5459E+00
  6.4555E+00  1.2000E+01 -1.5241E+00
  6.5837E+00  1.2065E+01 -1.4563E+00
  6.7123E+00  1.2097E+01 -1.4389E+00
  6.8487E+00  1.2154E+01 -1.3735E+00
  6.9816E+00  1.2062E+01 -1.2244E+00
  7.0178E+00  1.1945E+01 -1.1243E+00
  7.0142E+00  1.1895E+01 -1.0806E+00
  6.9972E+00  1.1744E+01 -1.0292E+00
  6.9845E+00  1.1634E+01 -9.6673E-01
  7.0194E+00  1.1597E+01 -1.0264E+00
  7.0111E+00  1.1520E+01 -1.0597E+00
  6.9885E+00  1.1478E+01 -1.0477E+00
  7.0162E+00  1.1478E+01 -9.6120E-01
  6.9986E+00  1.1594E+01 -8.2785E-01
  6.9803E+00  1.1742E+01 -4.4871E-01
  6.8454E+00  1.1987E+01 -1.5255E-01
  6.6237E+00  1.2306E+01  2.6593E-01
  6.4604E+00  1.2407E+01  7.3750E-01
  6.3262E+00  1.2500E+01  1.0074E+00
  6.3902E+00 -1.2597E+01  1.0813E+00
  6.7004E+00  1.2519E+01  9.5939E-01
  6.6575E+00  1.2320E+01  1.2549E+00
  6.4739E+00  1.2411E+01  1.5754E+00
  6.5162E+00  1.2220E+01  1.4441E+00
  6.6844E+00  1.2040E+01  1.2327E+00
  6.4655E+00  1.2030E+01  1.1337E+00
  6.2275E+00  1.2018E+01  1.3479E+00
  6.2808E+00  1.2005E+01  1.3261E+00
  6.3359E+00  1.1950E+01  1.3567E+00
  6.2942E+00  1.1832E+01  1.3016E+00
  6.3926E+00  1.1727E+01  1.3146E+00
  6.1467E+00  1.1791E+01  1.3330E+00
  6.1787E+00  1.1745E+01  1.3697E+00
  6.2443E+00  1.1532E+01  1.3400E+00
  6.2314E+00  1.1416E+01  1.3169E+00
  6.3446E+00  1.1441E+01  1.2742E+00
  6.2267E+00  1.1434E+01  1.2108E+00
  6.3174E+00  1.1505E+01  1.1426E+00
  6.3894E+00  1.1609E+01  1.0118E+00
  6.4637E+00  1.1803E+01  9.4143E-01
  6.4733E+00  1.1972E+01  9.1717E-01
  6.5451E+00  1.1978E+01  8.3940E-01
  6.5912E+00  1.2069E+01  8.4812E-01
  6.6353E+00  1.2067E+01  9.8183E-01
  6.6242E+00  1.2044E+01  1.0362E+00
  6.7375E+00  1.2073E+01  8.6854E-01
  6.7319E+00  1.2141E+01  7.3040E-01
  6.6135E+00  1.2173E+01  8.2381E-01
  6.4217E+00  1.2270E+01  1.0124E+00
  6.6352E+00  1.2197E+01  8.2104E-01
  6.5191E+00  1.2394E+01  8.1039E-01
  6.2947E+00 -1.2479E+01  1.0683E+00
  6.2481E+00 -1.2496E+01  9.1604E-01
  6.4279E+00 -1.2546E+01  9.4001E-01
  6.4849E+00  1.2516E+01  9.9130E-01
  6.4551E+00  1.2356E+01  1.1057E+00
  6.5373E+00  1.2318E+01  1.1421E+00
  6.6391E+00  1.2238E+01  1.0743E+00
  6.6236E+00  1.2229E+01  1.1991E+00
  6.6303E+00  1.2263E+01  1.3301E+00
  6.8497E+00  1.2243E+01  1.2368E+00
  7.0178E+00  1.2258E+01  1.1830E+00
  7.1708E+00  1.2288E+01  1.2924E+00
  7.1974E+00  1.2524E+01  1.2097E+00
  7.1498E+00 -1.2564E+01  1.3496E+00
  7.1509E+00 -1.2328E+01  1.0072E+00
  7.1055E+00 -1.2050E+01  7.6795E-01
  7.0769E+00 -1.2238E+01  6.6868E-01
  6.9014E+00 -1.2386E+01  5.1992E-01
  6.8106E+00 -1.2506E+01  4.4559E-01
  6.7953E+00 -1.2572E+01  1.7387E-01
  6.7025E+00  1.2513E+01  9.1739E-02
  6.5137E+00  1.2412E+01  7.8527E-02
  6.5181E+00  1.2250E+01  7.2763E-02
  6.5422E+00  1.2325E+01  1.0023E-01
  6.6175E+00  1.2370E+01  5.4171E-02
  6.7523E+00  1.2369E+01  5.7436E-02
  6.6813E+00  1.2329E+01  2.3219E-01
  6.7110E+00  1.2318E+01  9.7263E-02
  6.8006E+00  1.2222E+01 -7.7359E-02
  6.7296E+00  1.2241E+01  6.6103E-03
  6.5918E+00  1.2348E+01 -5.1114E-02
  6.6513E+00  1.2432E+01 -1.5617E-01
  6.7094E+00  1.2413E+01 -6.8461E-02
  6.7458E+00  1.2378E+01  9.2415E-02
  6.7980E+00  1.2443E+01  2.6495E-01
  6.8008E+00  1.2571E+01  3.5262E-01
  6.7343E+00 -1.2380E+01  5.4581E-01
  6.4556E+00 -1.2162E+01  8.0068E-01
  6.3942E+00 -1.2119E+01  8.7112E-01
  6.4885E+00 -1.2344E+01  8.7857E-01
  6.4444E+00 -1.2322E+01  9.6552E-01
  6.4082E+00 -1.2270E+01  1.0549E+00
  6.3157E+00 -1.2237E+01  1.1871E+00
  6.2788E+00 -1.2477E+01  1.3746E+00
  6.2957E+00  1.2559E+01  1.5062E+00
  6.4910E+00  1.2274E+01  1.5073E+00
  6.5531E+00  1.2115E+01  1.5551E+00
  6.7208E+00  1.1846E+01  1.4645E+00
  6.9036E+00  1.1720E+01  1.3111E+00
  6.8986E+00  1.2086E+01  1.2524E+00
  6.8181E+00  1.2312E+01  1.3118E+00
  6.6905E+00  1.2502E+01  1.3302E+00
  6.6211E+00 -1.2500E+01  1.2465E+00
  6.4918E+00 -1.2294E+01  1.2433E+00
  6.4149E+00 -1.2199E+01  1.2434E+00
  6.4411E+00 -1.2340E+01  1.2339E+00
  6.4504E+00 -1.2351E+01  1.1028E+00
  6.4942E+00 -1.2338E+01  9.8315E-01
  6.6136E+00 -1.2289E+01  7.9437E-01
  6.7558E+00 -1.2412E+01  5.8645E-01
  6.9043E+00  1.2537E+01  5.0074E-01
  6.8772E+00  1.2262E+01  5.1182E-01
  6.7420E+00  1.2139E+01  5.9399E-01
  6.5914E+00  1.2314E+01  5.4018E-01
  6.4805E+00  1.2400E+01  5.6037E-01
  6.2974E+00  1.2500E+01  5.8082E-01
  6.2499E+00  1.2448E+01  4.1620E-01
  6.2959E+00  1.2539E+01  3.8130E-01
  6.2715E+00  1.2598E+01  2.9147E-01
  6.4059E+00  1.2448E+01  4.1556E-01
  6.4552E+00  1.2362E+01  3.8682E-01
  6.5044E+00  1.2296E+01  4.5338E-01
  6.5314E+00  1.2203E+01  6.0569E-01
  6.5243E+00  1.2075E+01  6.9997E-01
  6.4605E+00  1.2075E+01  7.1792E-01
  6.3508E+00  1.2291E+01  5.3167E-01
  6.2936E+00  1.2597E+01  5.4548E-01
  6.1941E+00 -1.2432E+01  4.4337E-01
  6.1553E+00 -1.2278E+01  4.3498E-01
  6.2177E+00 -1.2210E+01  4.3330E-01
  6.2342E+00 -1.2327E+01  5.6068E-01
  6.1527E+00 -1.2554E+01  7.9455E-01
  6.1535E+00  1.2504E+01  8.3980E-01
  6.3139E+00  1.2478E+01  8.3256E-01
  6.3032E+00  1.2471E+01  7.9303E-01
  6.3561E+00  1.2409E+01  8.3526E-01
  6.4176E+00  1.2362E+01  8.4611E-01
  6.4959E+00  1.2412E+01  9.2475E-01
  6.5406E+00  1.2537E+01  7.8267E-01
  6.6421E+00 -1.2589E+01  7.1960E-01
  6.8051E+00  1.2528E+01  7.0792E-01
  6.7954E+00  1.2383E+01  8.1486E-01
  6.7999E+00  1.2429E+01  9.6853E-01
  6.7960E+00  1.2463E+01  8.6108E-01
  6.7968E+00  1.2395E+01  1.0666E+00
  6.6622E+00  1.2274E+01  1.1616E+00
  6.6412E+00  1.2186E+01  1.2978E+00
  6.5937E+00  1.2187E+01  1.2395E+00
  6.4165E+00  1.2160E+01  1.3081E+00
  6.3272E+00  1.2203E+01  1.3110E+00
  6.4706E+00  1.2141E+01  1.0680E+00
  6.6159E+00  1.2248E+01  1.0851E+00
  6.6200E+00  1.2308E+01  9.2317E-01
  6.7944E+00  1.2374E+01  9.3860E-01
  6.8523E+00  1.2455E+01  8.4087E-01
  6.9963E+00  1.2424E+01  6.7421E-01
  7.0757E+00  1.2230E+01  7.7291E-01
  6.9524E+00  1.2234E+01  7.3248E-01
  7.0191E+00  1.2357E+01  7.5712E-01
  7.0030E+00  1.2366E+01  6.2404E-01
  7.0127E+00  1.2216E+01  6.3102E-01
  7.0979E+00  1.2309E+01  6.7003E-01
  7.1467E+00  1.2199E+01  6.8900E-01
  7.0936E+00  1.2102E+01  9.3267E-01
  7.0845E+00  1.2074E+01  9.0176E-01
  7.1526E+00  1.2115E+01  9.4597E-01
  7.3024E+00  1.2079E+01  1.0486E+00
  7.1653E+00  1.2163E+01  9.2291E-01
  7.1770E+00  1.2115E+01  8.8192E-01
  7.2355E+00  1.2144E+01  7.8532E-01
  7.2170E+00  1.2238E+01  7.1666E-01
  7.4140E+00  1.2086E+01  7.9938E-01
  7.3776E+00  1.1912E+01  9.9764E-01
  7.4908E+00  1.2020E+01  8.9822E-01
  7.5960E+00  1.2198E+01  7.6646E-01
  7.3755E+00  1.1782E+01  8.8060E-01
  7.2175E+00  1.2264E+01  8.9955E-01
  7.2280E+00  1.2341E+01  7.8490E-01
  7.1223E+00  1.2212E+01  7.2317E-01
  6.9948E+00  1.2409E+01  7.3148E-01
  6.9037E+00 -1.2517E+01  6.1923E-01
  6.9431E+00  1.2492E+01  6.6906E-01
  6.9286E+00  1.2453E+01  5.8394E-01
  6.9363E+00 -1.2495E+01  2.1341E-01
  6.9613E+00 -1.2515E+01  4.1654E-01
  7.3258E+00  1.2534E+01  5.4635E-01
  7.3356E+00  1.2430E+01  3.8472E-01
  7.3640E+00  1.2585E+01  4.9066E-01
  7.5751E+00 -1.2582E+01  3.5981E-01
  7.5052E+00  1.2287E+01  3.2766E-01
  7.3425E+00  1.2284E+01  6.4062E-01
  7.6365E+00  1.2136E+01  5.7665E-01
  7.4251E+00  1.2093E+01  5.8432E-01
  7.2789E+00  1.2149E+01  7.2387E-01
  7.4595E+00  1.2175E+01  6.4390E-01
  7.4641E+00  1.2150E+01  6.8537E-01
  7.3832E+00  1.2234E+01  6.0292E-01
  7.3701E+00  1.2459E+01  3.8994E-01
  7.2027E+00  1.2289E+01  4.3544E-01
  7.2229E+00  1.2189E+01  5.4369E-01
  7.1301E+00  1.2222E+01  4.4059E-01
  7.3308E+00  1.2152E+01  3.9679E-01
  7.3879E+00  1.2140E+01  6.1574E-01
  7.4903E+00  1.2074E+01  6.4175E-01
  7.5987E+00  1.2181E+01  6.7934E-01
  7.6062E+00  1.2288E+01  8.8214E-01
  7.5608E+00  1.2417E+01  7.7800E-01
  7.5473E+00  1.2535E+01  5.7091E-01
  7.4414E+00  1.2577E+01  5.1201E-01
  7.6812E+00  1.2416E+01  5.7687E-01
  7.6192E+00  1.2329E+01  5.1057E-01
  7.4933E+00  1.2182E+01  3.5662E-01
  7.4802E+00  1.2251E+01  4.5184E-01
  7.5645E+00  1.2095E+01  4.5681E-01
  7.4410E+00  1.2068E+01  3.5542E-01
  7.4268E+00  1.2287E+01  5.3705E-01
  7.3373E+00  1.2405E+01  4.7469E-01
  7.3594E+00  1.2590E+01  3.0745E-01
  7.4340E+00  1.2455E+01  4.2824E-01
  7.4805E+00  1.2342E+01  5.0044E-01
  7.6580E+00  1.2359E+01  4.0908E-01
  7.5657E+00  1.2284E+01  5.4757E-01
  7.5097E+00  1.2084E+01  5.8403E-01
  7.6791E+00  1.2119E+01  4.5382E-01
  7.6445E+00  1.2187E+01  6.0382E-01
  7.5169E+00  1.2202E+01  5.9794E-01
  7.4877E+00  1.2123E+01  4.4465E-01
  7.4773E+00  1.2322E+01  5.0861E-01
  7.4186E+00  1.2322E+01  5.3095E-01
  7.2827E+00  1.2365E+01  5.3112E-01
  7.1902E+00 -1.2543E+01  5.8426E-01
  7.1223E+00  1.2493E+01  5.5503E-01
  7.0690E+00  1.2432E+01  5.3616E-01
  7.0951E+00  1.2578E+01  4.7975E-01
  7.0668E+00 -1.2572E+01  2.0676E-01
  7.0670E+00  1.2483E+01  2.9084E-01
  7.1120E+00  1.2351E+01  4.2216E-01
  6.9994E+00  1.2373E+01  2.9492E-01
  7.0547E+00 -1.2415E+01  3.7079E-01
  7.1301E+00 -1.2580E+01  3.3641E-01
  7.0301E+00 -1.2533E+01  1.9673E-01
  7.2812E+00 -1.2532E+01  2.4216E-01
  7.2447E+00 -1.2539E+01  1.3531E-01
  7.1708E+00 -1.2513E+01  6.4881E-02
  7.2427E+00 -1.2365E+01  8.4808E-02
  7.1481E+00 -1.2298E+01 -3.8474E-02
  7.1057E+00 -1.2150E+01  5.6358E-02
  6.9881E+00 -1.2030E+01 -3.4490E-02
  7.0753E+00 -1.2177E+01  6.5754E-02
  7.0313E+00 -1.2005E+01  1.0223E-01
  7.0276E+00 -1.2304E+01  1.1307E-01
  7.0775E+00 -1.2169E+01  2.2188E-01
  7.0392E+00 -1.2196E+01  1.7554E-01
  6.8873E+00 -1.2131E+01  2.3252E-01
  7.0346E+00 -1.2205E+01  3.7495E-01
  7.1317E+00 -1.2495E+01  3.3324E-01
  7.0865E+00 -1.2444E+01  3.5121E-01
  7.1199E+00 -1.2451E+01  3.7281E-01
  7.1969E+00  1.2353E+01  4.3582E-01
  7.1253E+00  1.2334E+01  6.6440E-01
  7.2189E+00  1.2259E+01  6.0580E-01
  7.0591E+00  1.2409E+01  5.3259E-01
  7.0601E+00  1.2373E+01  6.0214E-01
  7.2590E+00  1.2321E+01  5.1871E-01
  7.3558E+00  1.2220E+01  4.9386E-01
  7.2870E+00  1.2210E+01  5.6374E-01
  7.4414E+00  1.2216E+01  4.8326E-01
  7.6092E+00  1.2344E+01  3.3379E-01
  7.4001E+00  1.2263E+01  5.4998E-01
  7.6006E+00  1.2363E+01  4.4737E-01
  7.5196E+00  1.2363E+01  5.2001E-01
  7.3035E+00  1.2314E+01  6.8294E-01
  7.3882E+00  1.2413E+01  6.1613E-01
  7.3884E+00  1.2446E+01  6.2307E-01
  7.4088E+00  1.2350E+01  4.5586E-01
  7.2762E+00 -1.2594E+01  4.5325E-01
  7.3019E+00  1.2487E+01  4.6708E-01
  7.3660E+00  1.2386E+01  4.1945E-01
  7.2131E+00  1.2410E+01  4.0245E-01
  7.1424E+00  1.2299E+01  3.8708E-01
  7.1808E+00  1.2297E+01  2.9080E-01
  7.2720E+00  1.2254E+01  2.6056E-01
  7.2444E+00  1.2355E+01  2.4358E-01
  7.2282E+00  1.2522E+01  2.4969E-01
  7.3603E+00  1.2268E+01  4.1216E-01
  7.3933E+00  1.2301E+01  5.1500E-01
  7.3328E+00  1.2382E+01  5.9406E-01
  7.4146E+00  1.2233E+01  7.6085E-01
  7.2922E+00  1.2132E+01  8.8303E-01
  7.2406E+00  1.2145E+01  6.9419E-01
  7.5409E+00  1.2194E+01  5.0249E-01
  7.3472E+00  1.2429E+01  6.1662E-01
  7.3348E+00  1.2425E+01  4.2158E-01
  7.3195E+00  1.2322E+01  5.0154E-01
  7.1798E+00  1.2509E+01  7.0213E-01
  7.0905E+00  1.2319E+01  5.7319E-01
  7.3364E+00  1.2372E+01  4.1464E-01
  7.2107E+00  1.2254E+01  4.7385E-01
  7.0450E+00  1.2009E+01  5.2792E-01
  7.0990E+00  1.2286E+01  5.3433E-01
  7.0419E+00  1.2302E+01  5.1591E-01
  7.1185E+00  1.2156E+01  5.8354E-01
  7.1108E+00  1.2384E+01  5.1405E-01
  7.2617E+00  1.2585E+01  3.4354E-01
  7.2544E+00  1.2515E+01  5.5105E-01
  7.2061E+00  1.2554E+01  5.4689E-01
  7.3832E+00  1.2430E+01  3.6583E-01
  7.2690E+00  1.2460E+01  6.1074E-01
  7.2389E+00  1.2357E+01  5.2735E-01
  7.3530E+00  1.2204E+01  3.0679E-01
  7.2237E+00  1.2207E+01  5.1394E-01
  7.1848E+00  1.2217E+01  4.1693E-01
  7.2996E+00  1.2058E+01  4.4042E-01
  7.3187E+00  1.2266E+01  5.4501E-01
  7.4213E+00  1.2214E+01  4.5657E-01
  7.4608E+00  1.2142E+01  6.6839E-01
  7.3607E+00  1.2525E+01  8.3344E-01
  7.3456E+00  1.2478E+01  8.2006E-01
  7.0926E+00  1.2282E+01  8.8162E-01
  7.0533E+00  1.2437E+01  7.1134E-01
  6.9336E+00  1.2338E+01  5.6589E-01
  6.6454E+00  1.2300E+01  6.6511E-01
  6.6404E+00  1.2327E+01  6.3285E-01
  6.8002E+00  1.2354E+01  4.5716E-01
  6.6912E+00  1.2562E+01  4.2414E-01
  7.0426E+00  1.2431E+01  4.2070E-01
  6.9731E+00  1.2484E+01  5.7681E-01
  7.0898E+00  1.2385E+01  5.1941E-01
  7.2297E+00  1.2496E+01  5.0315E-01
  7.1669E+00  1.2321E+01  5.7719E-01
  7.2605E+00  1.2135E+01  5.2843E-01
  7.2021E+00  1.2291E+01  6.4353E-01
  7.1441E+00  1.2039E+01  7.1355E-01
  7.2950E+00  1.2196E+01  6.8232E-01
  7.2723E+00  1.2243E+01  7.4762E-01
  7.2042E+00  1.2173E+01  7.5845E-01
  7.2025E+00  1.2560E+01  5.1590E-01
  7.1159E+00  1.2461E+01  4.5202E-01
  6.8990E+00  1.2484E+01  5.5632E-01
  6.9814E+00  1.2589E+01  3.1850E-01
  6.8814E+00  1.2495E+01  4.4049E-01
  6.8909E+00  1.2153E+01  6.4154E-01
  6.8262E+00  1.2444E+01  5.7690E-01
  6.7789E+00  1.2246E+01  7.4239E-01
  6.9451E+00  1.1977E+01  7.7276E-01
  6.9164E+00  1.2276E+01  6.4108E-01
  6.9954E+00  1.2333E+01  7.2468E-01
  7.1219E+00  1.2471E+01  7.0912E-01
  7.0794E+00  1.2499E+01  6.9513E-01
  7.0803E+00 -1.2505E+01  8.0115E-01
  7.1942E+00 -1.2499E+01  7.5079E-01
  7.1285E+00  1.2093E+01  7.2037E-01
  7.0034E+00  1.2441E+01  6.5435E-01
  7.1538E+00  1.2032E+01  6.7822E-01
  7.0603E+00  1.1938E+01  6.2811E-01
  7.0633E+00  1.1942E+01  5.9806E-01
  6.9028E+00  1.2109E+01  7.9427E-01
  6.9137E+00  1.2174E+01  8.2850E-01
  7.0959E+00  1.2188E+01  8.6446E-01
  6.9765E+00  1.2318E+01  1.0027E+00
  7.1144E+00  1.2323E+01  8.8290E-01
  7.1087E+00  1.2371E+01  9.2417E-01
  7.0178E+00  1.2388E+01  9.0704E-01
  7.0131E+00  1.2246E+01  9.1171E-01
  6.9578E+00  1.2337E+01  8.3486E-01
  6.8202E+00  1.2372E+01  6.0162E-01
  6.7795E+00  1.2287E+01  6.1918E-01
  6.8595E+00  1.2330E+01  5.8689E-01
  6.8930E+00  1.2269E+01  4.5409E-01
  6.9642E+00  1.2311E+01  6.2420E-01
  7.1351E+00  1.2250E+01  6.3245E-01
  7.0976E+00  1.2151E+01  7.8478E-01
  7.1385E+00  1.2111E+01  9.1427E-01
  7.1122E+00  1.2294E+01  9.4249E-01
  7.0604E+00  1.2296E+01  9.2958E-01
  7.0179E+00  1.2156E+01  9.4225E-01
  6.9495E+00  1.2366E+01  9.4498E-01
  6.9001E+00  1.2377E+01  8.9674E-01
  6.8717E+00  1.2193E+01  9.4268E-01
  6.8329E+00  1.2039E+01  1.0336E+00
  6.8197E+00  1.2079E+01  9.9449E-01
  6.7824E+00  1.2212E+01  9.8668E-01
  6.7871E+00  1.2306E+01  9.6599E-01
  6.8076E+00  1.2317E+01  8.3406E-01
  6.7781E+00  1.2333E+01  8.9122E-01
  6.5930E+00  1.2400E+01  1.0388E+00
  6.7344E+00  1.2298E+01  1.0415E+00
