  2.8786E+00  3.8775E+00 -3.5009E-01
  2.5966E+00  3.9451E+00 -2.2745E-01
  2.8042E+00  3.9072E+00  3.5060E-01
  2.5369E+00  3.8924E+00  3.7976E-01
  2.7112E+00  4.2146E+00  1.3578E-02
  2.9998E+00  4.4115E+00 -2.6433E-01
  2.8494E+00  4.5229E+00 -1.7903E-02
  2.9380E+00  4.5960E+00 -3.1306E-02
  2.8922E+00  4.6499E+00 -4.3566E-02
  2.9595E+00  4.7035E+00 -8.4456E-02
  2.9850E+00  4.6551E+00 -4.6734E-02
  2.9886E+00  4.6504E+00 -3.7559E-02
  2.9906E+00  4.5829E+00 -2.7997E-02
  3.0152E+00  4.5723E+00  2.1702E-03
  3.0592E+00  4.5737E+00 -4.1254E-03
  3.0672E+00  4.5085E+00  1.6107E-02
  3.0624E+00  4.4564E+00  6.0939E-02
  3.1158E+00  4.4291E+00  8.9857E-02
  3.1911E+00  4.4211E+00  1.0659E-01
  3.2568E+00  4.3921E+00  1.3751E-01
  3.2969E+00  4.3677E+00  1.5420E-01
  3.4438E+00  4.4596E+00  2.0576E-01
  3.5691E+00  4.5972E+00  1.8356E-01
  3.6413E+00  4.6718E+00  1.2774E-01
  3.7670E+00  4.7694E+00  4.1433E-02
  3.7907E+00  4.8964E+00  2.0525E-02
  3.8406E+00  4.9411E+00  1.1079E-01
  3.9130E+00  5.0370E+00  2.0988E-01
  3.8660E+00  5.0874E+00  1.7384E-01
  3.8274E+00  5.2198E+00  1.8774E-01
  3.9682E+00  5.1972E+00  2.6761E-01
  3.9499E+00  5.3009E+00  2.6020E-01
  4.1202E+00  5.3790E+00  2.9420E-01
  4.4410E+00  5.3302E+00  2.8943E-01
  4.5447E+00  5.4243E+00  2.2561E-01
  4.6371E+00  5.3453E+00  3.0448E-01
  4.8601E+00  5.4713E+00  3.0248E-01
  4.9469E+00  5.6065E+00  2.4687E-01
  5.0332E+00  5.6530E+00  2.0646E-01
  5.0912E+00  5.6525E+00  1.1116E-01
  5.0652E+00  5.7614E+00  1.7463E-01
  5.0035E+00  5.7603E+00  1.2711E-01
  4.9498E+00  5.8015E+00  2.9389E-02
  4.9104E+00  5.8344E+00  8.4833E-02
  5.0781E+00  5.8135E+00  1.5638E-02
  5.0572E+00  5.7902E+00 -5.4158E-02
  5.0716E+00  5.7969E+00 -8.0833E-02
  5.1322E+00  5.6786E+00 -5.3644E-02
  5.2832E+00  5.7388E+00 -1.7253E-01
  5.4933E+00  5.8006E+00 -2.4059E-01
  5.6914E+00  5.8322E+00 -2.8820E-01
  5.7219E+00  6.0045E+00 -3.9804E-01
  5.7779E+00  5.9138E+00 -3.5400E-01
  6.0887E+00  6.0680E+00 -5.5019E-01
  6.1781E+00  6.1113E+00 -5.2581E-01
  6.0632E+00  6.0513E+00 -3.2019E-01
  6.0913E+00  6.2374E+00 -1.3636E-01
  5.8451E+00  6.1655E+00  9.6077E-02
  5.4559E+00  6.1171E+00  6.2192E-04
  5.5556E+00  6.3504E+00 -2.1610E-01
  5.2385E+00  6.2925E+00 -1.7869E-01
  4.8961E+00  6.7014E+00 -2.2880E-01
  4.5885E+00  6.8307E+00 -1.5031E-01
  4.2953E+00  6.8409E+00 -1.8973E-01
  4.3464E+00  7.2272E+00 -4.7007E-01
  4.3995E+00  7.0664E+00 -3.7575E-01
  4.1747E+00  7.2370E+00 -5.8610E-01
  4.0076E+00  6.9305E+00 -6.4407E-01
  4.1017E+00  6.7080E+00 -7.3267E-01
  4.2710E+00  7.0218E+00 -7.2081E-01
  4.0274E+00  7.1120E+00 -5.3338E-01
  3.9082E+00  7.0029E+00 -5.6469E-01
  3.8934E+00  6.8635E+00 -3.9522E-01
  3.8361E+00  6.8726E+00 -3.1000E-01
  3.7291E+00  6.6267E+00 -2.3352E-01
  3.7718E+00  6.4916E+00 -1.8174E-01
  3.9241E+00  6.5838E+00 -6.5442E-02
  4.1021E+00  6.3863E+00  3.0642E-01
  4.0166E+00  6.5184E+00  6.1887E-01
  4.0249E+00  6.5990E+00  5.7252E-01
  4.0733E+00  6.6181E+00  7.5787E-01
  4.0522E+00  6.6557E+00  1.0100E+00
  4.3034E+00  6.7686E+00  8.2490E-01
  4.2875E+00  6.7846E+00  8.9718E-01
  4.4727E+00  6.6258E+00  8.6975E-01
  4.7413E+00  6.7325E+00  7.5709E-01
  4.8077E+00  6.6953E+00  8.4289E-01
  4.9020E+00  6.7009E+00  1.0254E+00
  4.7607E+00  6.9825E+00  1.1186E+00
  4.8419E+00  6.8527E+00  1.2421E+00
  4.4018E+00  6.8100E+00  1.8871E+00
  4.6314E+00  6.8899E+00  1.7925E+00
  4.3977E+00  6.8851E+00  2.0567E+00
  4.2700E+00  7.0518E+00  2.2536E+00
  4.2856E+00  6.8720E+00  2.0269E+00
  4.1625E+00  6.9700E+00  2.2656E+00
  4.0995E+00  6.9519E+00  2.0105E+00
  4.0549E+00  6.8603E+00  1.8882E+00
  4.0462E+00  6.6556E+00  1.6466E+00
  4.2258E+00  6.4922E+00  1.1081E+00
  4.1809E+00  6.3164E+00  8.7644E-01
  4.2797E+00  6.3636E+00  7.1433E-01
  4.2266E+00  6.4414E+00  6.4782E-01
  4.1489E+00  6.4262E+00  5.7059E-01
  4.3774E+00  6.7251E+00  4.7541E-01
  4.4464E+00  6.6921E+00  5.5798E-01
  4.4805E+00  6.8407E+00  6.5262E-01
  4.1921E+00  6.9641E+00  8.4239E-01
  4.3928E+00  7.0089E+00  9.0330E-01
  3.9725E+00  6.9899E+00  1.1169E+00
  4.1783E+00  7.0803E+00  8.6473E-01
  3.8516E+00  7.2203E+00  8.2893E-01
  4.0442E+00  7.0870E+00  7.0389E-01
  3.9164E+00  7.0388E+00  6.3576E-01
  4.2599E+00  6.9257E+00  4.6386E-01
  4.3031E+00  6.6710E+00  5.0736E-01
  4.1560E+00  6.6951E+00  5.7790E-01
  4.3747E+00  6.6737E+00  6.0619E-01
  4.2250E+00  6.7996E+00  7.5035E-01
  4.4505E+00  6.9014E+00  7.7004E-01
  4.5242E+00  6.9628E+00  9.1846E-01
  4.5943E+00  7.1194E+00  1.1263E+00
  4.5740E+00  7.0445E+00  1.2624E+00
  4.6548E+00  6.9280E+00  1.4133E+00
  4.8556E+00  6.8842E+00  1.4411E+00
  4.7522E+00  6.7227E+00  1.3590E+00
  4.8988E+00  6.6606E+00  1.4860E+00
  4.6780E+00  6.5860E+00  1.5280E+00
  4.4421E+00  6.4939E+00  1.4718E+00
  4.6464E+00  6.6137E+00  1.3518E+00
  4.3273E+00  6.7615E+00  1.3753E+00
  4.3416E+00  6.8487E+00  1.2243E+00
  4.4065E+00  6.9246E+00  1.1317E+00
  4.2482E+00  7.1203E+00  1.3032E+00
  4.3025E+00  7.2044E+00  1.4396E+00
  4.5748E+00  6.9874E+00  1.3325E+00
  4.8549E+00  7.0342E+00  1.3623E+00
  4.7668E+00  6.8256E+00  1.5285E+00
  4.8811E+00  6.9362E+00  1.5286E+00
  5.1911E+00  6.8517E+00  1.3762E+00
  5.1814E+00  6.4956E+00  1.3774E+00
  5.1461E+00  6.5160E+00  1.4414E+00
  5.1926E+00  6.7665E+00  1.4512E+00
  5.3596E+00  6.9548E+00  1.4475E+00
  5.1914E+00  6.7623E+00  1.4860E+00
  4.9747E+00  6.9879E+00  1.4645E+00
  4.7332E+00  6.9112E+00  1.1931E+00
  4.4239E+00  6.9040E+00  1.1707E+00
  4.4088E+00  6.9791E+00  1.2107E+00
  4.3924E+00  6.8250E+00  1.1018E+00
  4.2999E+00  6.7998E+00  1.1790E+00
  4.2662E+00  6.6494E+00  1.2790E+00
  4.0489E+00  6.8022E+00  1.4068E+00
  3.9669E+00  6.7161E+00  1.3889E+00
  3.8414E+00  6.7256E+00  1.3185E+00
  3.7514E+00  6.8619E+00  1.1384E+00
  3.8285E+00  6.9251E+00  8.8193E-01
  3.6905E+00  6.6164E+00  6.5519E-01
  3.7995E+00  6.8667E+00  5.9880E-01
  3.7825E+00  6.9575E+00  6.2581E-01
  3.6080E+00  6.9511E+00  6.5602E-01
  3.9204E+00  7.1303E+00  8.0845E-01
  3.5894E+00  7.0379E+00  8.5906E-01
  3.7328E+00  7.3100E+00  9.9790E-01
  3.8714E+00  7.0197E+00  9.7024E-01
  4.0145E+00  6.9998E+00  8.7640E-01
  4.1583E+00  6.9331E+00  8.7290E-01
  4.1016E+00  6.6245E+00  8.0875E-01
  4.1519E+00  6.7940E+00  7.1964E-01
  4.1265E+00  6.7637E+00  6.4813E-01
  3.9530E+00  6.6547E+00  7.3970E-01
  3.6993E+00  7.1533E+00  7.6822E-01
  3.8301E+00  6.9109E+00  6.3001E-01
  3.6595E+00  6.9500E+00  5.1433E-01
  3.8740E+00  6.9816E+00  4.4871E-01
  3.8511E+00  6.8341E+00  2.8186E-01
  3.7302E+00  6.6291E+00  4.5260E-01
  3.5577E+00  6.8526E+00  7.9280E-01
  3.4468E+00  6.8709E+00  9.7897E-01
  3.3191E+00  6.5568E+00  9.6649E-01
  3.6873E+00  6.9313E+00  9.7897E-01
  3.5034E+00  6.7163E+00  9.0100E-01
  3.7089E+00  6.8371E+00  1.0492E+00
  3.5338E+00  6.8515E+00  1.0217E+00
  3.9931E+00  6.7059E+00  7.9043E-01
  4.1671E+00  6.6689E+00  6.4278E-01
  4.1374E+00  6.7738E+00  7.2056E-01
  4.1503E+00  6.9306E+00  7.7906E-01
  4.3048E+00  6.7127E+00  7.5892E-01
  4.2060E+00  6.9228E+00  8.8553E-01
  4.3847E+00  6.7768E+00  1.0070E+00
  4.4065E+00  6.8557E+00  9.5876E-01
  4.3983E+00  6.8606E+00  9.7417E-01
  4.2978E+00  6.8791E+00  1.1067E+00
  4.4940E+00  7.0699E+00  1.1484E+00
  4.3516E+00  6.7976E+00  9.7263E-01
  3.9574E+00  6.8943E+00  1.1896E+00
  4.1468E+00  7.0394E+00  1.1874E+00
  4.0849E+00  6.8506E+00  9.9272E-01
  4.2198E+00  6.8885E+00  9.7286E-01
  4.2172E+00  6.9057E+00  1.1251E+00
  4.1826E+00  6.9649E+00  1.2127E+00
  4.2734E+00  6.7882E+00  1.1693E+00
  4.3433E+00  6.8850E+00  1.2442E+00
  4.6981E+00  7.0647E+00  1.2671E+00
  4.3029E+00  7.0132E+00  1.4903E+00
  4.5323E+00  7.1489E+00  1.2719E+00
  4.2088E+00  7.1138E+00  1.3511E+00
  4.2015E+00  7.2915E+00  1.3035E+00
  4.2074E+00  7.2947E+00  1.1406E+00
  3.9719E+00  7.2767E+00  1.0379E+00
  4.1079E+00  7.1726E+00  9.5757E-01
  3.7331E+00  7.1455E+00  1.0288E+00
  3.9835E+00  7.0517E+00  9.8829E-01
  4.0525E+00  7.0413E+00  9.2381E-01
  3.7829E+00  6.9809E+00  1.0298E+00
  3.6532E+00  7.0232E+00  1.1946E+00
  3.6403E+00  7.0118E+00  1.2371E+00
  3.8447E+00  6.8712E+00  1.0620E+00
  4.0116E+00  6.9858E+00  9.4803E-01
  4.2700E+00  6.9605E+00  1.0355E+00
  4.1554E+00  6.8559E+00  1.0416E+00
  4.7406E+00  6.8445E+00  9.1924E-01
  4.6372E+00  6.9999E+00  8.3816E-01
  4.5646E+00  7.0028E+00  9.3488E-01
  4.7845E+00  7.0392E+00  9.7006E-01
  4.7048E+00  6.8877E+00  9.9390E-01
  4.5508E+00  6.8644E+00  1.0999E+00
  4.4890E+00  7.0515E+00  1.0984E+00
  4.4091E+00  6.8912E+00  1.1069E+00
  4.4048E+00  6.9067E+00  1.1214E+00
  4.2564E+00  7.0009E+00  1.0522E+00
  4.0442E+00  6.9439E+00  1.0711E+00
  3.8284E+00  7.0819E+00  1.1971E+00
  3.8874E+00  7.0476E+00  1.2010E+00
  3.8214E+00  6.9144E+00  1.1381E+00
  3.8085E+00  7.1147E+00  1.1551E+00
  3.8747E+00  7.1369E+00  1.2141E+00
  3.7747E+00  7.1657E+00  1.1708E+00
  3.8079E+00  7.1954E+00  1.2038E+00
  3.8227E+00  7.1636E+00  1.2068E+00
  3.9283E+00  7.1896E+00  1.1790E+00
  4.0157E+00  7.1500E+00  1.2889E+00
  3.6292E+00  7.3196E+00  1.3797E+00
  3.7559E+00  7.1549E+00  1.4253E+00
  3.9605E+00  7.2411E+00  1.3476E+00
  3.9339E+00  7.2993E+00  1.3526E+00
  4.1644E+00  7.3064E+00  1.3833E+00
  4.2362E+00  7.3840E+00  1.4621E+00
  4.4249E+00  7.2077E+00  1.3822E+00
  4.5793E+00  7.3432E+00  1.3359E+00
  4.5732E+00  7.2576E+00  1.5391E+00
  4.6785E+00  7.0337E+00  1.5402E+00
  4.4499E+00  7.1087E+00  1.5786E+00
  4.6261E+00  7.2277E+00  1.5047E+00
  4.5064E+00  7.0268E+00  1.5555E+00
  4.2824E+00  7.1124E+00  1.5738E+00
  4.4641E+00  7.2959E+00  1.4604E+00
  4.0895E+00  7.2953E+00  1.4839E+00
  4.4122E+00  7.1990E+00  1.4786E+00
  4.2080E+00  7.2621E+00  1.3913E+00
  4.2034E+00  7.0975E+00  1.3189E+00
  4.2285E+00  7.2584E+00  1.3451E+00
  4.0760E+00  7.3409E+00  1.3716E+00
  4.2623E+00  7.1498E+00  1.2703E+00
  4.2975E+00  7.2285E+00  1.2355E+00
  4.1937E+00  7.2363E+00  1.2922E+00
  4.1206E+00  7.1191E+00  1.2735E+00
  4.2008E+00  7.1285E+00  1.1749E+00
  4.3652E+00  7.0911E+00  1.1839E+00
  4.3650E+00  7.0414E+00  1.2046E+00
  4.3221E+00  7.1217E+00  1.1675E+00
  4.2839E+00  7.0798E+00  1.1498E+00
  4.1405E+00  7.1863E+00  1.2415E+00
  4.1789E+00  7.2791E+00  1.2864E+00
  4.0124E+00  7.3988E+00  1.2500E+00
  4.0978E+00  7.2154E+00  1.2315E+00
  3.6199E+00  7.1877E+00  1.2653E+00
  3.7474E+00  7.0299E+00  1.3545E+00
  3.3161E+00  6.9390E+00  1.2203E+00
  3.8348E+00  6.9232E+00  1.1724E+00
  3.5224E+00  7.0468E+00  1.1161E+00
  3.5350E+00  6.9434E+00  1.1841E+00
  3.6915E+00  6.9504E+00  1.1576E+00
  4.0275E+00  6.9807E+00  1.0364E+00
  4.2578E+00  7.0380E+00  1.0952E+00
  4.0789E+00  7.2370E+00  1.3228E+00
  4.2228E+00  7.2539E+00  1.4007E+00
  4.2439E+00  7.1988E+00  1.3546E+00
  4.3633E+00  7.1531E+00  1.2847E+00
  4.1824E+00  7.1654E+00  1.4870E+00
  4.2862E+00  7.0369E+00  1.5246E+00
  3.9871E+00  7.1109E+00  1.5091E+00
  4.2057E+00  6.9104E+00  1.3806E+00
  3.9415E+00  6.8215E+00  1.5112E+00
  3.7823E+00  7.0334E+00  1.5161E+00
  4.1355E+00  6.9122E+00  1.3596E+00
  3.8803E+00  6.9357E+00  1.2668E+00
  4.2290E+00  6.9467E+00  1.3575E+00
  4.1391E+00  7.0959E+00  1.3543E+00
  3.9847E+00  6.9314E+00  1.2497E+00
  4.3403E+00  6.9459E+00  1.2098E+00
  4.0194E+00  6.9762E+00  1.3326E+00
  4.0459E+00  6.9674E+00  1.3219E+00
  4.0145E+00  7.1958E+00  1.2421E+00
  3.9561E+00  6.9928E+00  1.2139E+00
  3.9003E+00  7.0131E+00  1.3435E+00
  3.6902E+00  7.0046E+00  1.3716E+00
  3.9570E+00  6.8996E+00  1.3296E+00
  3.9846E+00  7.0472E+00  1.2932E+00
  3.8740E+00  6.9688E+00  1.2668E+00
  4.0877E+00  7.1071E+00  1.2590E+00
  4.2707E+00  7.1699E+00  1.2717E+00
  4.3275E+00  7.0932E+00  1.2523E+00
  4.3105E+00  7.0458E+00  1.2650E+00
  4.2839E+00  6.9890E+00  1.3451E+00
  4.4297E+00  6.7783E+00  1.3708E+00
  4.3777E+00  6.7028E+00  1.4016E+00
  4.4116E+00  6.8316E+00  1.4326E+00
  4.2079E+00  6.7386E+00  1.4630E+00
  4.2612E+00  6.7582E+00  1.4225E+00
  4.4554E+00  6.9076E+00  1.3924E+00
  4.1287E+00  7.0077E+00  1.4396E+00
  4.2538E+00  7.0496E+00  1.4045E+00
  4.4428E+00  6.9786E+00  1.3417E+00
  3.9555E+00  7.0407E+00  1.4056E+00
  3.9397E+00  7.0316E+00  1.5638E+00
  3.7868E+00  7.1509E+00  1.6310E+00
  3.8986E+00  7.0391E+00  1.5102E+00
  4.0729E+00  7.0098E+00  1.4442E+00
  3.8090E+00  7.0496E+00  1.4827E+00
  3.9664E+00  6.7653E+00  1.4495E+00
  4.0456E+00  6.9527E+00  1.2259E+00
  4.4050E+00  6.8564E+00  1.0702E+00
  4.3187E+00  6.7477E+00  1.0819E+00
  4.3802E+00  6.8099E+00  1.0771E+00
  4.3746E+00  6.7022E+00  1.1598E+00
  4.0009E+00  6.7994E+00  1.3423E+00
  4.3894E+00  6.8018E+00  1.4503E+00
  4.0430E+00  7.0653E+00  1.5946E+00
  4.0067E+00  6.9177E+00  1.7327E+00
  4.4701E+00  6.9294E+00  1.8066E+00
  4.1502E+00  7.0072E+00  1.7424E+00
  4.5506E+00  6.7152E+00  1.5405E+00
  4.6021E+00  6.9231E+00  1.4696E+00
  4.3588E+00  6.8023E+00  1.4718E+00
  4.6294E+00  6.6844E+00  1.2573E+00
  4.2919E+00  6.8247E+00  1.2208E+00
  4.1780E+00  6.6634E+00  1.2751E+00
  4.0969E+00  6.6856E+00  1.3026E+00
  3.9949E+00  6.6817E+00  1.2791E+00
  4.2746E+00  6.6972E+00  1.3367E+00
  3.9159E+00  6.9204E+00  1.5436E+00
  4.1864E+00  6.7171E+00  1.6200E+00
  4.2723E+00  6.8051E+00  1.6018E+00
  4.4861E+00  6.8360E+00  1.5915E+00
  4.8513E+00  6.7731E+00  1.6623E+00
  4.7273E+00  7.0299E+00  1.7052E+00
  5.0390E+00  6.8880E+00  1.4819E+00
  4.9584E+00  6.7750E+00  1.4473E+00
  4.7263E+00  6.6051E+00  1.5288E+00
  4.8976E+00  6.9614E+00  1.4614E+00
  4.6284E+00  6.5924E+00  1.3560E+00
  4.4467E+00  6.5542E+00  1.2332E+00
  4.1275E+00  6.6404E+00  1.3286E+00
  4.2829E+00  6.3044E+00  1.4179E+00
  3.7607E+00  6.4789E+00  1.5221E+00
  4.0665E+00  6.5622E+00  1.4853E+00
  3.8086E+00  6.5165E+00  1.4930E+00
  4.0227E+00  6.5378E+00  1.5759E+00
  4.0387E+00  6.7038E+00  1.5556E+00
  3.9829E+00  6.8015E+00  1.4686E+00
  4.1609E+00  6.7451E+00  1.3996E+00
  4.4560E+00  6.8212E+00  1.3869E+00
  4.3471E+00  6.7069E+00  1.3606E+00
  4.4550E+00  6.6353E+00  1.2886E+00
  4.7680E+00  6.5336E+00  1.3433E+00
  4.5706E+00  6.5124E+00  1.5143E+00
  4.9170E+00  6.3639E+00  1.5164E+00
  4.8595E+00  6.4932E+00  1.6391E+00
  4.6536E+00  6.6354E+00  1.8021E+00
  4.9409E+00  6.3611E+00  1.7541E+00
  4.7966E+00  6.5209E+00  1.7745E+00
  4.6106E+00  6.5897E+00  1.8820E+00
  4.5122E+00  6.4893E+00  1.7765E+00
  4.5248E+00  6.6296E+00  1.5475E+00
  4.5244E+00  6.3873E+00  1.3135E+00
  4.7520E+00  6.4180E+00  1.1521E+00
  4.7124E+00  6.5587E+00  1.0308E+00
  4.3541E+00  6.6045E+00  1.1276E+00
  4.5624E+00  6.6586E+00  1.1216E+00
  4.5597E+00  6.6013E+00  1.1239E+00
  4.4927E+00  6.6471E+00  1.3400E+00
  4.1391E+00  6.5393E+00  1.5766E+00
  4.1412E+00  6.4625E+00  1.7993E+00
  4.1974E+00  6.4255E+00  1.8105E+00
  4.3146E+00  6.4089E+00  1.6883E+00
  4.5257E+00  6.4018E+00  1.5921E+00
  4.6655E+00  6.4916E+00  1.5573E+00
  4.9679E+00  6.4924E+00  1.4256E+00
