  8.8290E+00  3.8642E+00 -2.8406E-01
  8.7810E+00  2.1313E+00  5.1243E-01
  8.1033E+00  2.8692E+00  4.8204E-03
  8.0605E+00  2.4644E+00  1.3464E-01
  8.2903E+00  2.5098E+00 -4.0007E-01
  8.0836E+00  2.9781E+00 -3.0299E-01
  7.8051E+00  2.9669E+00  1.0643E-01
  7.7628E+00  3.2510E+00 -2.5093E-02
  7.8201E+00  3.1635E+00  8.2844E-05
  7.8675E+00  3.2798E+00 -1.2479E-01
  7.8721E+00  3.2380E+00 -1.2534E-01
  7.8607E+00  3.2536E+00 -9.8259E-02
  7.8829E+00  3.2918E+00 -1.4038E-01
  7.8416E+00  3.2482E+00 -1.0900E-01
  7.8058E+00  3.2269E+00 -9.0675E-02
  7.8025E+00  3.2296E+00 -9.9827E-02
  7.7971E+00  3.2181E+00 -7.8746E-02
  7.8117E+00  3.2583E+00 -4.2673E-02
  7.8356E+00  3.3581E+00 -2.6855E-02
  7.8954E+00  3.4095E+00  4.1575E-03
  7.9145E+00  3.5223E+00  1.3485E-01
  7.9447E+00  3.6298E+00  3.4232E-01
  8.0424E+00  3.6016E+00  5.0466E-01
  8.1297E+00  3.6949E+00  6.7709E-01
  8.2391E+00  3.8345E+00  8.2745E-01
  8.3636E+00  3.9201E+00  9.0044E-01
  8.3799E+00  3.9291E+00  9.4342E-01
  8.4274E+00  3.9428E+00  8.2814E-01
  8.4224E+00  3.8677E+00  6.8832E-01
  8.3190E+00  3.9754E+00  5.3128E-01
  8.1083E+00  4.0087E+00  2.5532E-01
  8.0007E+00  3.8082E+00  3.8329E-01
  7.9818E+00  3.6681E+00  5.4345E-01
  7.8789E+00  3.3857E+00  7.8739E-01
  7.8019E+00  3.4078E+00  7.1411E-01
  7.6463E+00  3.2503E+00  6.4665E-01
  7.5996E+00  3.2348E+00  8.5811E-01
  7.7449E+00  3.4502E+00  1.0172E+00
  8.0192E+00  3.4716E+00  1.0719E+00
  8.1086E+00  3.5282E+00  1.0292E+00
  8.1615E+00  3.7336E+00  9.3508E-01
  8.3391E+00  3.8451E+00  8.9561E-01
  8.5299E+00  3.8504E+00  9.1013E-01
  8.5407E+00  3.8719E+00  7.3963E-01
  8.5597E+00  4.0386E+00  7.7176E-01
  8.7256E+00  4.0184E+00  8.7117E-01
  8.5695E+00  4.1518E+00  7.8594E-01
  8.4635E+00  4.1323E+00  8.9358E-01
  8.4087E+00  4.1781E+00  9.1183E-01
  8.4045E+00  4.2870E+00  9.7815E-01
  8.3125E+00  4.0850E+00  1.1056E+00
  8.3947E+00  3.8659E+00  1.2113E+00
  8.2179E+00  4.0188E+00  1.0838E+00
  8.0256E+00  3.7919E+00  1.1871E+00
  8.1031E+00  3.8790E+00  1.3228E+00
  7.7593E+00  3.9380E+00  1.1107E+00
  8.1129E+00  3.9312E+00  1.4097E+00
  7.9250E+00  4.2284E+00  1.3901E+00
  7.6307E+00  4.4687E+00  1.3480E+00
  7.7170E+00  4.5762E+00  1.5241E+00
  7.3653E+00  4.9353E+00  1.3350E+00
  7.5307E+00  4.9742E+00  1.4737E+00
  7.4577E+00  5.1835E+00  1.3464E+00
  7.6896E+00  5.1205E+00  1.9067E+00
  7.4030E+00  5.3127E+00  1.6866E+00
  7.3484E+00  5.3383E+00  1.8841E+00
  7.0935E+00  5.2136E+00  1.8718E+00
  7.1263E+00  5.4117E+00  1.9760E+00
  7.0375E+00  5.1654E+00  2.0350E+00
  7.0767E+00  5.4284E+00  1.7189E+00
  6.9326E+00  5.0784E+00  1.6813E+00
  6.8962E+00  5.3173E+00  1.1778E+00
  6.7989E+00  5.1012E+00  1.1632E+00
  6.8295E+00  5.2648E+00  6.3640E-01
  6.7169E+00  5.1216E+00  5.5944E-01
  6.7158E+00  5.3484E+00  5.8598E-01
  6.4633E+00  5.4260E+00  1.7493E-01
  6.1209E+00  5.4703E+00  4.5732E-01
  6.2570E+00  5.6795E+00  3.4845E-01
  6.3343E+00  5.5544E+00  2.8942E-01
  6.3000E+00  5.6557E+00  4.9900E-01
  6.2301E+00  5.8021E+00  7.2383E-01
  6.2698E+00  5.5254E+00  8.9546E-01
  6.6250E+00  5.5552E+00  8.8736E-01
  6.9458E+00  5.4908E+00  1.1774E+00
  6.7249E+00  5.4761E+00  1.1764E+00
  6.6548E+00  5.5949E+00  1.2056E+00
  6.7861E+00  5.4514E+00  1.3025E+00
  6.5519E+00  5.7791E+00  8.2551E-01
  6.8251E+00  5.8882E+00  1.0296E+00
  6.5572E+00  5.8635E+00  1.0594E+00
  6.5524E+00  5.9975E+00  1.2094E+00
  6.4506E+00  6.0216E+00  1.1488E+00
  6.3116E+00  6.1261E+00  1.0521E+00
  6.3088E+00  6.0054E+00  1.1627E+00
  5.9857E+00  5.9373E+00  1.0007E+00
  5.9586E+00  5.8657E+00  8.3824E-01
  5.6946E+00  5.5706E+00  8.1113E-01
  5.6751E+00  5.5213E+00  5.8389E-01
  5.8925E+00  5.3147E+00  4.9882E-01
  5.9418E+00  5.3197E+00  4.7900E-01
  6.0669E+00  5.3156E+00  5.8080E-01
  6.1314E+00  5.3486E+00  6.8910E-01
  6.0424E+00  5.4401E+00  6.6056E-01
  6.0986E+00  5.3531E+00  7.2376E-01
  6.1986E+00  5.5446E+00  7.4254E-01
  6.0936E+00  5.7179E+00  6.9207E-01
  5.9632E+00  5.7547E+00  5.5633E-01
  6.0277E+00  5.8558E+00  6.5559E-01
  5.9372E+00  5.9154E+00  7.1412E-01
  5.7978E+00  5.9889E+00  7.6609E-01
  5.9290E+00  6.0228E+00  8.2518E-01
  6.0136E+00  6.0116E+00  1.0287E+00
  6.0788E+00  6.0905E+00  9.8027E-01
  6.1187E+00  5.9493E+00  8.5893E-01
  6.2473E+00  5.9795E+00  7.7427E-01
  6.2801E+00  5.9290E+00  7.3472E-01
  6.1140E+00  5.6613E+00  7.5871E-01
  6.2017E+00  5.4977E+00  8.5647E-01
  6.1458E+00  5.5517E+00  8.7760E-01
  6.0128E+00  5.3957E+00  1.0367E+00
  6.0615E+00  5.4441E+00  1.0591E+00
  6.0918E+00  5.3623E+00  1.0478E+00
  6.3153E+00  5.4112E+00  1.1033E+00
  6.5278E+00  5.4923E+00  1.2621E+00
  6.5808E+00  5.5639E+00  1.3459E+00
  6.7854E+00  5.5781E+00  1.4702E+00
  6.6308E+00  5.3790E+00  1.6423E+00
  6.6556E+00  5.6628E+00  1.7264E+00
  6.7652E+00  5.9592E+00  1.8319E+00
  6.7419E+00  5.8792E+00  1.8599E+00
  6.6653E+00  6.1916E+00  1.5478E+00
  6.5339E+00  6.2676E+00  1.3332E+00
  6.5181E+00  6.3049E+00  1.3198E+00
  6.5909E+00  6.5263E+00  1.1537E+00
  6.5640E+00  6.2193E+00  1.3124E+00
  6.6224E+00  5.9397E+00  1.4307E+00
  6.7230E+00  5.6253E+00  1.5374E+00
  6.9494E+00  5.4456E+00  1.6785E+00
  6.8460E+00  5.4155E+00  1.5511E+00
  7.0810E+00  5.2589E+00  1.5902E+00
  7.1529E+00  5.1175E+00  1.4544E+00
  7.1328E+00  5.1583E+00  1.4556E+00
  6.9066E+00  5.4628E+00  1.4308E+00
  6.8122E+00  5.7198E+00  1.5174E+00
  6.7128E+00  5.7202E+00  1.2931E+00
  6.8352E+00  5.4245E+00  1.4460E+00
  7.0248E+00  5.6330E+00  1.6729E+00
  6.7264E+00  5.6131E+00  1.7410E+00
  6.7307E+00  6.1569E+00  1.8605E+00
  6.4202E+00  6.2041E+00  1.7249E+00
  6.5300E+00  6.3911E+00  1.7320E+00
  6.5775E+00  6.7217E+00  1.1801E+00
  6.6213E+00  6.2860E+00  1.3665E+00
  6.7258E+00  6.6164E+00  1.0297E+00
  6.8226E+00  6.2461E+00  1.6235E+00
  6.9312E+00  6.4901E+00  1.5457E+00
  6.9363E+00  6.6499E+00  1.5565E+00
  7.0945E+00  6.6988E+00  1.6811E+00
  7.1052E+00  6.6556E+00  1.6951E+00
  6.8499E+00  6.7106E+00  1.3445E+00
  6.8393E+00  6.7202E+00  1.3191E+00
  6.8867E+00  6.7182E+00  1.5554E+00
  6.7459E+00  6.7101E+00  1.5389E+00
  6.8520E+00  6.6712E+00  1.5494E+00
  7.0415E+00  6.4947E+00  1.6273E+00
  6.9108E+00  6.4182E+00  1.7659E+00
  6.8879E+00  6.6172E+00  1.6941E+00
  6.8232E+00  6.2767E+00  1.7542E+00
  6.9020E+00  6.0401E+00  1.8824E+00
  6.8753E+00  6.3689E+00  1.3768E+00
  6.6001E+00  6.2821E+00  1.3684E+00
  6.4181E+00  6.5417E+00  1.2819E+00
  6.5209E+00  6.7152E+00  1.5182E+00
  6.4386E+00  6.7554E+00  1.6249E+00
  6.4654E+00  6.7090E+00  1.8882E+00
  6.5822E+00  6.6873E+00  1.9290E+00
  6.4647E+00  6.5908E+00  2.0522E+00
  6.3370E+00  6.6360E+00  2.0188E+00
  6.4049E+00  6.6037E+00  2.1290E+00
  6.5109E+00  6.7512E+00  2.0066E+00
  6.3584E+00  6.5860E+00  1.8528E+00
  6.6584E+00  6.5823E+00  1.6060E+00
  6.7876E+00  6.1909E+00  1.9731E+00
  6.7113E+00  6.2003E+00  1.6297E+00
  6.8094E+00  5.6805E+00  1.8871E+00
  6.7657E+00  5.9717E+00  1.4562E+00
  6.9882E+00  5.7581E+00  1.6726E+00
  6.6235E+00  5.5118E+00  1.4905E+00
  6.8527E+00  5.5245E+00  1.4962E+00
  6.8317E+00  5.0263E+00  1.5408E+00
  6.8343E+00  5.2564E+00  1.2926E+00
  7.0067E+00  4.9111E+00  1.4162E+00
  6.9977E+00  4.4270E+00  1.3957E+00
  6.8969E+00  4.3902E+00  1.3350E+00
  6.9262E+00  4.4262E+00  1.3528E+00
  6.7796E+00  3.9702E+00  1.1290E+00
  6.7764E+00  4.2446E+00  1.1191E+00
  6.5916E+00  4.5536E+00  1.0044E+00
  6.8127E+00  4.4333E+00  8.3980E-01
  6.8713E+00  4.4788E+00  6.9482E-01
  7.1897E+00  4.2790E+00  5.1793E-01
  7.1134E+00  4.2596E+00  2.9920E-01
  7.1512E+00  4.4609E+00  3.6992E-01
  7.0228E+00  4.2644E+00  3.5983E-01
  7.2191E+00  4.2487E+00  3.9323E-01
  7.2523E+00  4.2287E+00  3.9963E-01
  7.1564E+00  3.9995E+00  4.9493E-01
  7.2049E+00  4.3134E+00  6.3980E-01
  6.9306E+00  4.2579E+00  8.0818E-01
  6.9024E+00  4.3087E+00  9.1105E-01
  7.0618E+00  4.3780E+00  1.0276E+00
  6.8305E+00  4.4543E+00  1.0553E+00
  6.8743E+00  4.7526E+00  1.3081E+00
  6.6387E+00  4.7325E+00  1.4538E+00
  6.5212E+00  4.9872E+00  1.5893E+00
  6.7994E+00  4.7030E+00  1.7965E+00
  6.7349E+00  4.9399E+00  1.7524E+00
  6.9702E+00  4.9764E+00  1.8661E+00
  7.2358E+00  4.6149E+00  1.9347E+00
  7.2273E+00  4.6260E+00  1.8259E+00
  7.2449E+00  4.6358E+00  1.9510E+00
  6.9951E+00  4.6814E+00  1.9169E+00
  6.6916E+00  4.8545E+00  1.7154E+00
  6.5626E+00  5.2575E+00  1.5737E+00
  6.2123E+00  5.6712E+00  1.2381E+00
  6.2460E+00  5.7371E+00  1.2127E+00
  6.6267E+00  5.4322E+00  1.3050E+00
  6.6067E+00  4.8283E+00  1.2851E+00
  7.0602E+00  4.6084E+00  1.5184E+00
  7.0340E+00  4.0361E+00  1.4697E+00
  7.4587E+00  3.5914E+00  1.1979E+00
  7.6572E+00  3.4812E+00  9.6481E-01
  7.6262E+00  3.6773E+00  1.1061E+00
  7.6826E+00  3.7106E+00  9.3411E-01
  8.1478E+00  3.6741E+00  2.6422E-01
  8.0929E+00  3.7108E+00 -5.2542E-01
  8.0700E+00  3.7292E+00 -9.7771E-01
  8.1630E+00  3.5821E+00 -1.1937E+00
  7.8363E+00  3.3117E+00 -1.3780E+00
  7.5320E+00  3.3491E+00 -1.7008E+00
  7.4391E+00  3.4344E+00 -2.0338E+00
  7.3791E+00  3.3217E+00 -1.9972E+00
  7.3242E+00  3.3290E+00 -1.9287E+00
  7.2473E+00  3.6147E+00 -2.1025E+00
  7.0814E+00  3.7202E+00 -2.0847E+00
  7.2891E+00  3.4728E+00 -1.9319E+00
  7.2362E+00  3.4208E+00 -1.7102E+00
  7.1122E+00  3.8864E+00 -2.1660E+00
  7.1815E+00  3.9945E+00 -2.3774E+00
  7.4254E+00  3.4891E+00 -2.1101E+00
  7.5931E+00  3.4279E+00 -1.6397E+00
  7.6675E+00  3.7212E+00 -2.1193E+00
  7.5224E+00  4.2588E+00 -2.4904E+00
  7.4282E+00  4.1537E+00 -2.3239E+00
  7.8503E+00  4.1839E+00 -2.1922E+00
  7.5118E+00  4.2644E+00 -2.4069E+00
  7.2707E+00  4.6823E+00 -2.4909E+00
  7.3364E+00  4.0028E+00 -2.5487E+00
  7.7926E+00  3.4598E+00 -2.1373E+00
  7.7080E+00  3.3545E+00 -2.0410E+00
  7.4436E+00  3.5808E+00 -2.2574E+00
  7.6883E+00  3.6555E+00 -2.1311E+00
  7.9028E+00  3.2756E+00 -1.4801E+00
  7.8515E+00  3.2905E+00 -7.2068E-01
  7.9597E+00  3.3897E+00 -7.4381E-01
  8.0235E+00  3.3592E+00 -5.9584E-01
  7.9936E+00  3.1535E+00 -3.2527E-02
  7.9367E+00  3.1641E+00  5.2102E-01
  8.1349E+00  3.2366E+00  6.4406E-01
  8.1915E+00  3.2439E+00  3.6090E-01
  8.2379E+00  3.4178E+00  2.3084E-01
  8.2975E+00  3.5122E+00  5.7629E-01
  8.3275E+00  3.5456E+00  7.6340E-01
  8.4124E+00  3.5091E+00  4.4519E-01
  8.2736E+00  3.4812E+00  6.1647E-02
  8.2364E+00  3.4865E+00  7.6918E-02
  8.5342E+00  3.6268E+00  1.1865E-01
  8.1198E+00  3.1197E+00 -2.8325E-01
  7.8774E+00  3.1861E+00 -1.1229E+00
  7.9968E+00  3.3503E+00 -1.2765E+00
  7.9673E+00  3.2811E+00 -9.6206E-01
  8.0130E+00  3.3943E+00 -1.2386E+00
  7.5697E+00  3.7482E+00 -1.6196E+00
  7.8157E+00  4.0807E+00 -1.7973E+00
  7.6525E+00  3.6098E+00 -1.5960E+00
  7.8955E+00  3.3231E+00 -1.3898E+00
  8.1131E+00  3.3553E+00 -1.6450E+00
  7.5331E+00  3.5052E+00 -1.8291E+00
  7.9985E+00  3.4043E+00 -1.7118E+00
  8.2185E+00  3.3138E+00 -1.1621E+00
  8.2605E+00  3.4435E+00 -9.4458E-01
  8.2097E+00  3.5700E+00 -1.2349E+00
  8.2900E+00  3.7884E+00 -1.4676E+00
  8.3164E+00  3.6879E+00 -1.3375E+00
  8.2695E+00  3.5424E+00 -1.0825E+00
  8.2989E+00  3.4684E+00 -1.0815E+00
  8.1075E+00  3.4437E+00 -1.3156E+00
  8.1438E+00  3.5960E+00 -1.5509E+00
  8.1420E+00  3.5105E+00 -1.3443E+00
  8.0126E+00  3.5090E+00 -1.1756E+00
  7.8607E+00  3.8218E+00 -1.6478E+00
  7.6095E+00  3.9701E+00 -1.6598E+00
  7.8750E+00  3.7523E+00 -1.4712E+00
  7.9120E+00  3.2332E+00 -9.8590E-01
  7.9605E+00  2.9366E+00 -7.8655E-01
  8.0577E+00  2.8238E+00 -1.0450E+00
  8.1226E+00  3.0337E+00 -1.2589E+00
  7.9358E+00  3.1639E+00 -1.0489E+00
  8.3707E+00  3.2040E+00 -6.3768E-01
  8.6529E+00  3.4120E+00 -5.1980E-01
  8.4786E+00  3.5605E+00 -1.0112E+00
  8.3762E+00  3.7197E+00 -1.2023E+00
  8.3574E+00  3.5405E+00 -9.4856E-01
  8.6227E+00  3.4031E+00 -6.2663E-01
  8.6423E+00  3.4976E+00 -6.8171E-01
  8.1169E+00  3.3037E+00 -7.2699E-01
  8.3601E+00  3.3790E+00 -7.4094E-01
  8.3295E+00  3.3447E+00 -7.6972E-01
  7.9186E+00  3.2777E+00 -7.5016E-01
  8.0980E+00  3.4231E+00 -7.7701E-01
  8.1104E+00  3.3416E+00 -9.9703E-01
  7.9381E+00  3.3554E+00 -1.2585E+00
  8.1007E+00  3.3176E+00 -1.3098E+00
  8.2537E+00  3.1941E+00 -1.2331E+00
  8.3205E+00  3.2106E+00 -1.3800E+00
  8.0218E+00  3.1137E+00 -1.5519E+00
  8.2022E+00  3.3040E+00 -1.6860E+00
  8.3949E+00  3.5635E+00 -1.5890E+00
  8.0613E+00  3.3735E+00 -1.4672E+00
  8.2402E+00  3.7396E+00 -1.7578E+00
  7.9290E+00  3.7965E+00 -1.6709E+00
  7.8518E+00  3.7701E+00 -1.5723E+00
  7.9911E+00  3.7773E+00 -1.5127E+00
  7.8464E+00  3.6934E+00 -1.5581E+00
  8.0081E+00  3.7651E+00 -1.6724E+00
  7.7788E+00  3.4191E+00 -1.2780E+00
  8.1940E+00  3.4094E+00 -1.0887E+00
  8.3686E+00  3.3720E+00 -1.2098E+00
  8.4263E+00  3.3461E+00 -1.3176E+00
  8.4467E+00  3.2168E+00 -1.0448E+00
  8.6169E+00  3.0523E+00 -9.7346E-01
  8.8199E+00  3.1540E+00 -1.2700E+00
  8.4561E+00  3.2954E+00 -1.4165E+00
  8.3022E+00  3.3348E+00 -1.3164E+00
  8.5752E+00  3.5035E+00 -1.4945E+00
  8.0738E+00  3.5826E+00 -1.8175E+00
  8.1245E+00  3.9379E+00 -1.9249E+00
  7.9856E+00  4.0454E+00 -1.7371E+00
  8.0250E+00  4.1266E+00 -1.7850E+00
  8.2307E+00  4.0800E+00 -1.8179E+00
  8.0370E+00  3.7780E+00 -1.7239E+00
  8.4900E+00  3.7550E+00 -1.4960E+00
  8.3992E+00  3.5470E+00 -1.4445E+00
  8.3105E+00  3.5344E+00 -1.7396E+00
  8.4462E+00  3.5903E+00 -1.8070E+00
  8.3827E+00  3.3624E+00 -1.5162E+00
  8.8249E+00  3.4708E+00 -1.1328E+00
  8.6836E+00  3.4888E+00 -9.4253E-01
  8.5952E+00  3.5029E+00 -9.9368E-01
  8.6885E+00  3.5759E+00 -1.0734E+00
  8.5032E+00  3.3814E+00 -8.5557E-01
  8.6079E+00  3.4795E+00 -6.5853E-01
  8.5258E+00  3.3931E+00 -7.8603E-01
  8.5730E+00  3.4364E+00 -1.1072E+00
  8.3591E+00  3.3795E+00 -1.3594E+00
  8.3115E+00  3.4356E+00 -1.4561E+00
  8.4596E+00  3.6373E+00 -1.6620E+00
  8.2135E+00  3.6100E+00 -1.8411E+00
  8.4812E+00  3.7652E+00 -1.9475E+00
  8.2071E+00  3.7324E+00 -1.9126E+00
  8.2459E+00  4.1005E+00 -2.2011E+00
  8.0547E+00  3.9404E+00 -2.1924E+00
  8.2253E+00  3.7075E+00 -2.1064E+00
  8.4781E+00  3.6815E+00 -2.0392E+00
  8.2807E+00  3.5954E+00 -1.9248E+00
  8.3829E+00  3.8594E+00 -2.1177E+00
  8.2224E+00  3.7098E+00 -2.1895E+00
  8.5449E+00  3.4662E+00 -1.9331E+00
  8.6178E+00  3.4980E+00 -1.4333E+00
  8.4645E+00  3.5218E+00 -1.4795E+00
  8.4336E+00  3.7270E+00 -1.9220E+00
  8.5967E+00  3.5980E+00 -1.7535E+00
  8.6778E+00  3.5519E+00 -1.1127E+00
  8.6235E+00  3.5876E+00 -1.1862E+00
  8.5736E+00  3.6889E+00 -1.7391E+00
  8.5898E+00  3.8390E+00 -1.8061E+00
  8.4840E+00  3.7178E+00 -1.3630E+00
  8.7374E+00  3.7677E+00 -1.2271E+00
  8.5006E+00  3.7345E+00 -1.7338E+00
  8.1752E+00  4.0692E+00 -2.1044E+00
  8.6033E+00  3.7753E+00 -1.9318E+00
  8.9920E+00  3.7660E+00 -1.3112E+00
  8.8858E+00  3.6090E+00 -1.4674E+00
  8.7595E+00  3.8251E+00 -2.0539E+00
  8.8303E+00  3.7948E+00 -2.0989E+00
  8.9200E+00  3.3657E+00 -1.4628E+00
  9.0245E+00  3.5351E+00 -1.0178E+00
  8.8655E+00  3.4865E+00 -1.5140E+00
  8.4727E+00  3.8203E+00 -1.9452E+00
