  8.4014E+00  9.1071E+00 -6.6600E-01
  8.3192E+00  8.3897E+00  6.4099E-01
  9.3692E+00  8.0281E+00 -1.0062E-01
  8.6696E+00  8.0754E+00 -5.1973E-02
  8.7929E+00  8.0479E+00 -2.1674E-01
  8.9607E+00  7.9039E+00  1.6734E-02
  8.8107E+00  7.8286E+00  1.7033E-02
  8.9054E+00  7.8201E+00 -1.2915E-01
  8.9127E+00  7.8626E+00 -5.8747E-02
  8.8113E+00  7.8209E+00  2.1981E-02
  8.8937E+00  7.7585E+00  1.2476E-01
  8.8757E+00  7.7637E+00  2.2300E-01
  8.8699E+00  7.7515E+00  2.8180E-01
  8.7893E+00  7.7272E+00  4.4499E-01
  8.7339E+00  7.7011E+00  5.9071E-01
  8.7380E+00  7.7258E+00  7.0246E-01
  8.7295E+00  7.7717E+00  8.2911E-01
  8.7147E+00  7.8377E+00  9.2770E-01
  8.6831E+00  7.9498E+00  9.8456E-01
  8.6694E+00  8.0899E+00  1.0031E+00
  8.6003E+00  8.1548E+00  1.0219E+00
  8.5676E+00  8.1120E+00  1.1695E+00
  8.4949E+00  8.2575E+00  1.1917E+00
  8.4648E+00  8.2079E+00  1.0744E+00
  8.4341E+00  8.1430E+00  1.1404E+00
  8.2388E+00  8.1370E+00  1.0796E+00
  8.2820E+00  8.3049E+00  1.0829E+00
  8.2277E+00  8.2771E+00  1.2510E+00
  8.1996E+00  8.3506E+00  1.2957E+00
  8.4506E+00  8.4452E+00  1.4690E+00
  8.2986E+00  8.3315E+00  1.3704E+00
  8.3011E+00  8.1748E+00  1.4024E+00
  8.3207E+00  8.1009E+00  1.3087E+00
  8.4205E+00  8.0466E+00  1.1707E+00
  9.0354E+00  8.0649E+00  7.8812E-01
  8.7283E+00  8.0456E+00  5.9374E-01
  9.0367E+00  8.2804E+00  8.2821E-01
  8.8563E+00  8.2823E+00  1.2498E+00
  8.6328E+00  8.2525E+00  1.3975E+00
  8.7559E+00  8.1019E+00  1.4971E+00
  8.8348E+00  7.9337E+00  1.3619E+00
  8.6149E+00  7.8907E+00  1.2705E+00
  8.6965E+00  7.8378E+00  1.4304E+00
  8.6346E+00  7.8388E+00  1.3460E+00
  8.7101E+00  7.7937E+00  1.3350E+00
  8.6799E+00  7.8528E+00  1.2650E+00
  8.5789E+00  7.8100E+00  1.2552E+00
  8.8286E+00  7.6924E+00  1.2366E+00
  9.0105E+00  7.5280E+00  1.1705E+00
  9.1217E+00  7.3870E+00  1.3768E+00
  9.1056E+00  7.5038E+00  1.1973E+00
  8.8616E+00  7.3199E+00  1.2662E+00
  8.9621E+00  7.4103E+00  1.2379E+00
  9.0007E+00  7.5493E+00  1.2125E+00
  8.9556E+00  7.6324E+00  1.5466E+00
  8.7609E+00  7.7885E+00  1.5376E+00
  8.6673E+00  7.8513E+00  1.3341E+00
  8.8146E+00  7.8761E+00  1.3624E+00
  8.8225E+00  7.9301E+00  1.3644E+00
  9.0592E+00  8.0002E+00  1.2866E+00
  9.0938E+00  8.0759E+00  1.0822E+00
  9.1247E+00  8.1761E+00  9.1760E-01
  9.1017E+00  8.1077E+00  9.3487E-01
  9.0420E+00  7.9475E+00  9.3959E-01
  8.9429E+00  7.8670E+00  1.0402E+00
  8.8540E+00  7.7924E+00  1.3190E+00
  8.9059E+00  7.7190E+00  1.6002E+00
  9.1273E+00  7.8022E+00  1.6736E+00
  9.1648E+00  7.7832E+00  1.9244E+00
  9.0684E+00  7.9822E+00  1.7145E+00
  9.1196E+00  8.0959E+00  1.8199E+00
  9.0937E+00  8.2317E+00  1.7184E+00
  8.9753E+00  8.2379E+00  1.5479E+00
  8.7486E+00  8.1816E+00  1.6274E+00
  8.7639E+00  8.3886E+00  1.3584E+00
  8.7513E+00  8.4370E+00  1.2304E+00
  8.6582E+00  8.5593E+00  1.0180E+00
  8.7115E+00  8.6999E+00  7.9170E-01
  8.7342E+00  8.5795E+00  7.2380E-01
  8.8045E+00  8.3871E+00  7.9846E-01
  8.7980E+00  8.2829E+00  7.3483E-01
  8.6789E+00  8.1756E+00  7.5941E-01
  8.6353E+00  7.8954E+00  1.0610E+00
  8.5892E+00  7.9121E+00  1.0747E+00
  8.5250E+00  7.9809E+00  1.1010E+00
  8.3145E+00  7.9975E+00  1.3400E+00
  7.9942E+00  8.1040E+00  1.3530E+00
  7.9513E+00  8.1461E+00  9.9061E-01
  7.8845E+00  8.0570E+00  1.2396E+00
  8.1109E+00  8.1062E+00  4.7679E-01
  7.8829E+00  8.0359E+00  6.4183E-01
  8.0443E+00  8.2555E+00  3.1267E-01
  8.1896E+00  8.3119E+00  2.9244E-01
  8.2639E+00  8.5105E+00  2.1631E-01
  8.3489E+00  8.6035E+00  1.2668E-01
  8.4946E+00  8.5359E+00  5.8187E-02
  8.4520E+00  8.6662E+00  1.1994E-01
  8.3855E+00  8.7403E+00  1.4256E-01
  8.2726E+00  8.6565E+00 -8.4762E-03
  8.0293E+00  8.4883E+00  1.1849E-01
  7.9643E+00  8.5436E+00  2.0121E-01
  8.0501E+00  8.5078E+00  2.7411E-01
  7.8662E+00  8.2748E+00  4.2743E-01
  7.9720E+00  8.2515E+00  4.0066E-01
  8.2236E+00  8.2392E+00  6.7431E-01
  8.1675E+00  8.1414E+00  8.0575E-01
  8.2057E+00  8.0889E+00  1.1226E+00
  8.1793E+00  8.1037E+00  1.2684E+00
  8.3204E+00  8.3044E+00  9.0645E-01
  8.1219E+00  8.1157E+00  9.5551E-01
  8.1364E+00  8.2608E+00  9.5720E-01
  7.9706E+00  8.3625E+00  6.1900E-01
  8.2036E+00  8.3058E+00  4.8831E-01
  8.0594E+00  8.2365E+00  4.4989E-01
  7.9530E+00  8.2189E+00  3.3610E-01
  8.2396E+00  8.2110E+00  1.5682E-01
  8.3430E+00  8.2149E+00  3.3514E-01
  8.5793E+00  8.4033E+00  4.4106E-01
  8.6805E+00  8.3920E+00  4.4870E-01
  8.5364E+00  8.3950E+00  7.2757E-01
  8.5183E+00  8.6078E+00  8.1906E-01
  8.5179E+00  8.7539E+00  1.0579E+00
  8.2371E+00  8.6525E+00  1.2589E+00
  8.1223E+00  8.5224E+00  1.1421E+00
  8.1395E+00  8.6987E+00  1.0635E+00
  8.1250E+00  8.6751E+00  1.4222E+00
  8.4070E+00  8.5915E+00  1.2700E+00
  8.5230E+00  8.3393E+00  1.1139E+00
  8.3587E+00  8.3788E+00  1.2330E+00
  8.6146E+00  8.6974E+00  9.5316E-01
  8.7367E+00  8.7841E+00  8.8106E-01
  8.4691E+00  8.4509E+00  8.0264E-01
  8.6140E+00  8.3087E+00  4.7437E-01
  8.6454E+00  8.5840E+00  5.6752E-01
  8.5494E+00  8.6715E+00  5.0548E-01
  8.5079E+00  8.4808E+00  2.1779E-01
  8.6104E+00  8.4741E+00  3.5346E-01
  8.5465E+00  8.5906E+00  3.9475E-01
  8.4758E+00  8.6250E+00  2.3143E-01
  8.4651E+00  8.5922E+00  5.7700E-01
  8.3675E+00  8.6081E+00  6.3614E-01
  8.1249E+00  8.6895E+00  6.9748E-01
  8.1521E+00  8.5626E+00  8.1482E-01
  8.1872E+00  8.5048E+00  9.0549E-01
  8.0900E+00  8.4363E+00  1.1594E+00
  8.2115E+00  8.5008E+00  1.0522E+00
  8.2505E+00  8.4464E+00  1.1747E+00
  8.3540E+00  8.4839E+00  9.9588E-01
  8.2946E+00  8.6339E+00  1.0348E+00
  8.4288E+00  8.7825E+00  1.0963E+00
  8.6258E+00  8.6457E+00  1.0149E+00
  8.8042E+00  8.6421E+00  9.9088E-01
  8.8385E+00  8.6797E+00  9.1527E-01
  8.9331E+00  8.8155E+00  1.2673E+00
  8.9268E+00  8.7643E+00  1.0201E+00
  8.9137E+00  8.8502E+00  1.3831E+00
  8.8665E+00  8.7461E+00  1.1153E+00
  8.9765E+00  8.9303E+00  1.2903E+00
  8.9257E+00  8.8296E+00  1.2495E+00
  8.9538E+00  8.7232E+00  1.7464E+00
  9.0322E+00  8.6871E+00  1.4858E+00
  9.0620E+00  8.8549E+00  1.5260E+00
  9.1435E+00  8.8468E+00  1.5185E+00
  9.0835E+00  8.8250E+00  1.2516E+00
  9.0259E+00  8.9874E+00  1.0763E+00
  9.0505E+00  9.0652E+00  9.5086E-01
  9.0058E+00  9.0798E+00  8.6870E-01
  8.9576E+00  9.1218E+00  9.1029E-01
  8.9368E+00  9.3246E+00  1.1437E+00
  8.9324E+00  9.3358E+00  1.1768E+00
  8.9842E+00  9.0538E+00  1.4446E+00
  9.0919E+00  9.1724E+00  1.6351E+00
  8.9304E+00  9.1805E+00  1.7992E+00
  8.9552E+00  9.1711E+00  1.6774E+00
  9.0126E+00  9.3229E+00  1.8813E+00
  8.9434E+00  9.0956E+00  1.7406E+00
  8.9846E+00  9.0241E+00  1.6439E+00
  9.0042E+00  9.2115E+00  1.4389E+00
  8.9252E+00  9.2043E+00  1.3686E+00
  8.9256E+00  8.9177E+00  1.7022E+00
  9.0022E+00  8.8052E+00  1.8669E+00
  8.9133E+00  8.8927E+00  2.2316E+00
  8.9433E+00  8.9064E+00  2.0959E+00
  8.9620E+00  9.0723E+00  2.2904E+00
  8.7642E+00  9.2164E+00  2.2718E+00
  8.7669E+00  9.3070E+00  2.4104E+00
  8.7160E+00  9.2936E+00  2.2205E+00
  8.7698E+00  9.4501E+00  2.2632E+00
  8.8579E+00  9.3225E+00  2.0422E+00
  8.9965E+00  9.0472E+00  2.2584E+00
  8.9781E+00  9.0790E+00  2.2773E+00
  8.9761E+00  9.0422E+00  2.1278E+00
  8.9976E+00  9.0504E+00  2.2148E+00
  9.0318E+00  9.2124E+00  1.9209E+00
  8.9266E+00  9.3764E+00  1.9061E+00
  9.0383E+00  9.5184E+00  1.8065E+00
  9.1924E+00  9.7741E+00  1.8608E+00
  8.9565E+00  9.6481E+00  1.6749E+00
  8.9008E+00  9.7800E+00  2.0472E+00
  8.7644E+00  9.6125E+00  1.7348E+00
  8.5304E+00  9.6504E+00  1.9873E+00
  8.4899E+00  9.6374E+00  2.1508E+00
  8.4693E+00  9.3718E+00  2.1780E+00
  8.3594E+00  9.1790E+00  2.2652E+00
  8.4514E+00  9.1758E+00  2.1618E+00
  8.4696E+00  8.9220E+00  1.9313E+00
  8.5922E+00  8.9344E+00  2.0094E+00
  8.7196E+00  8.8901E+00  1.7389E+00
  8.7185E+00  8.7740E+00  1.7048E+00
  8.7805E+00  8.8859E+00  1.6349E+00
  8.8544E+00  8.8825E+00  1.5254E+00
  8.8774E+00  8.7800E+00  1.6861E+00
  8.7937E+00  8.8476E+00  1.7113E+00
  8.6384E+00  8.8397E+00  1.6101E+00
  8.5579E+00  8.7621E+00  1.8992E+00
  8.7043E+00  8.8966E+00  1.7902E+00
  8.6808E+00  9.0636E+00  1.8625E+00
  8.7454E+00  9.1793E+00  1.8449E+00
  8.8808E+00  9.1472E+00  1.8352E+00
  8.9112E+00  9.2214E+00  2.3204E+00
  9.0704E+00  9.3060E+00  2.1003E+00
  9.0694E+00  9.2813E+00  1.9855E+00
  8.8030E+00  9.1748E+00  2.3054E+00
  8.9342E+00  9.4804E+00  2.0487E+00
  9.0062E+00  9.4549E+00  2.2850E+00
  8.9863E+00  9.1759E+00  2.0403E+00
  9.0003E+00  9.3005E+00  1.8368E+00
  9.0908E+00  9.2743E+00  1.7817E+00
  9.1515E+00  9.3295E+00  1.9097E+00
  9.1463E+00  9.3441E+00  1.8385E+00
  9.2087E+00  9.4167E+00  1.7289E+00
  9.1346E+00  9.3610E+00  1.7178E+00
  9.0156E+00  9.3794E+00  1.8378E+00
  8.9781E+00  9.3765E+00  1.7989E+00
  8.9969E+00  9.3381E+00  1.8773E+00
  8.8235E+00  9.2232E+00  2.0638E+00
  8.6868E+00  9.1421E+00  2.1498E+00
  8.6044E+00  8.9816E+00  2.0505E+00
  8.5005E+00  8.9264E+00  2.2186E+00
  8.3953E+00  8.9435E+00  2.1007E+00
  8.4095E+00  8.9468E+00  2.0742E+00
  8.5110E+00  9.0106E+00  1.9746E+00
  8.5349E+00  9.0391E+00  1.7040E+00
  8.6452E+00  9.1645E+00  1.9498E+00
  8.8756E+00  9.2449E+00  1.4544E+00
  8.8205E+00  9.2173E+00  1.6236E+00
  8.9611E+00  9.4585E+00  1.2876E+00
  8.7863E+00  9.2956E+00  1.8914E+00
  8.8932E+00  9.2048E+00  1.5824E+00
  8.8090E+00  9.2533E+00  1.9975E+00
  8.6633E+00  8.9933E+00  1.7641E+00
  8.7169E+00  9.0697E+00  2.0418E+00
  8.8112E+00  9.0392E+00  1.7051E+00
  8.4735E+00  8.9849E+00  1.9584E+00
  8.8769E+00  9.2062E+00  1.9867E+00
  8.6834E+00  9.0848E+00  2.1771E+00
  8.6175E+00  9.0623E+00  2.1488E+00
  8.7572E+00  9.2973E+00  2.0869E+00
  8.8273E+00  9.1693E+00  2.1111E+00
  8.8396E+00  9.0415E+00  1.8998E+00
  8.9054E+00  9.0673E+00  2.0906E+00
  9.1863E+00  9.0555E+00  1.8994E+00
  9.2197E+00  8.9919E+00  2.1178E+00
  9.1487E+00  8.9402E+00  2.0013E+00
  9.2173E+00  8.9559E+00  1.9368E+00
  9.1191E+00  8.9308E+00  2.0222E+00
  9.0580E+00  8.8770E+00  1.7873E+00
  9.0117E+00  8.9728E+00  1.8283E+00
  9.0168E+00  9.0684E+00  1.5448E+00
  8.9839E+00  9.1046E+00  1.4810E+00
  9.1529E+00  9.2755E+00  1.6660E+00
  9.0187E+00  9.0320E+00  1.3796E+00
  9.0209E+00  9.1542E+00  1.4439E+00
  8.9688E+00  9.0999E+00  1.5032E+00
  8.9662E+00  9.0156E+00  1.4107E+00
  8.8655E+00  8.9777E+00  1.3440E+00
  8.7736E+00  8.9986E+00  1.6344E+00
  8.5671E+00  8.8833E+00  1.8963E+00
  8.4152E+00  8.8468E+00  1.8626E+00
  8.3805E+00  8.9624E+00  1.7536E+00
  8.4877E+00  9.0027E+00  1.9285E+00
  8.5932E+00  9.1463E+00  2.0819E+00
  8.6930E+00  9.2225E+00  2.0723E+00
  8.8024E+00  9.1893E+00  2.0198E+00
  8.7568E+00  9.1153E+00  2.2209E+00
  8.7296E+00  9.1933E+00  2.2910E+00
  8.8362E+00  9.3240E+00  2.0688E+00
  8.9006E+00  9.3073E+00  2.0877E+00
  8.7080E+00  9.1813E+00  2.0675E+00
  8.7044E+00  9.3002E+00  2.0790E+00
  8.8239E+00  9.3777E+00  1.6926E+00
  8.8580E+00  9.3880E+00  1.6646E+00
  8.8208E+00  9.4099E+00  1.7730E+00
  8.8422E+00  9.4714E+00  1.6882E+00
  8.7368E+00  9.4096E+00  1.8691E+00
  8.6311E+00  9.3314E+00  1.8852E+00
  8.7087E+00  9.4677E+00  1.9142E+00
  8.6110E+00  9.3334E+00  2.0856E+00
  8.5915E+00  9.2686E+00  2.0535E+00
  8.8103E+00  9.3769E+00  2.1179E+00
  8.7907E+00  9.2114E+00  2.2565E+00
  8.9342E+00  9.1928E+00  2.0287E+00
  8.9925E+00  9.1332E+00  1.9314E+00
  8.8203E+00  8.9462E+00  1.9054E+00
  8.9924E+00  9.0930E+00  1.8857E+00
  8.8767E+00  8.9434E+00  1.9815E+00
  8.8045E+00  9.1128E+00  1.7626E+00
  8.8622E+00  9.3282E+00  1.8999E+00
  8.7388E+00  9.1125E+00  1.9260E+00
  8.8370E+00  9.2562E+00  2.0123E+00
  8.9045E+00  9.2638E+00  1.8504E+00
  8.8470E+00  9.2729E+00  1.8489E+00
  8.8340E+00  9.3358E+00  2.0176E+00
  8.9294E+00  9.2555E+00  1.8048E+00
  8.9263E+00  9.4446E+00  1.8566E+00
  8.9746E+00  9.5982E+00  1.6063E+00
  8.9191E+00  9.3811E+00  1.8474E+00
  8.9921E+00  9.4181E+00  1.7847E+00
  9.0689E+00  9.6812E+00  1.4893E+00
  8.9594E+00  9.5537E+00  1.7272E+00
  8.8774E+00  9.5022E+00  1.8417E+00
  8.7724E+00  9.2519E+00  1.8247E+00
  8.6001E+00  9.0745E+00  2.1220E+00
  8.6325E+00  9.0326E+00  2.1068E+00
  8.7062E+00  9.1115E+00  2.1416E+00
  8.7032E+00  9.1417E+00  2.1415E+00
  8.7334E+00  9.0853E+00  2.0923E+00
  8.7774E+00  9.0575E+00  2.0883E+00
  8.7318E+00  9.2373E+00  2.0110E+00
  8.8767E+00  9.1836E+00  1.7149E+00
  9.0092E+00  9.1862E+00  1.7740E+00
  8.9526E+00  9.3817E+00  1.6719E+00
  8.7988E+00  9.3173E+00  1.9649E+00
  8.8699E+00  9.2457E+00  1.8723E+00
  8.9247E+00  9.4080E+00  1.5944E+00
  8.8014E+00  9.2988E+00  1.8164E+00
  8.7913E+00  9.2920E+00  1.7097E+00
  8.9555E+00  9.4130E+00  1.6389E+00
  8.7795E+00  9.2180E+00  1.5954E+00
  8.8806E+00  9.4180E+00  1.5334E+00
  8.9173E+00  9.4236E+00  1.5357E+00
  8.8589E+00  9.2949E+00  1.6298E+00
  8.7850E+00  9.1781E+00  1.7911E+00
  8.7817E+00  9.0696E+00  1.8388E+00
  8.7624E+00  9.1203E+00  1.9020E+00
  8.5859E+00  9.0222E+00  2.0306E+00
  8.7321E+00  9.1989E+00  2.0661E+00
  8.8669E+00  9.3135E+00  1.8465E+00
  8.8586E+00  9.3239E+00  1.9732E+00
  9.0336E+00  9.5319E+00  2.0591E+00
  9.0363E+00  9.5665E+00  1.8424E+00
  9.0455E+00  9.5454E+00  2.1818E+00
  9.0552E+00  9.5811E+00  1.7285E+00
  9.0749E+00  9.8150E+00  1.6487E+00
  8.9481E+00  9.4394E+00  1.7417E+00
  9.0350E+00  9.4727E+00  1.4921E+00
  9.0766E+00  9.5592E+00  1.6119E+00
  8.8879E+00  9.2707E+00  1.5116E+00
  9.0079E+00  9.2480E+00  1.5964E+00
  8.9190E+00  9.1966E+00  1.6330E+00
  8.7632E+00  9.1384E+00  1.6884E+00
  8.7850E+00  9.1417E+00  1.6599E+00
  8.8454E+00  9.2485E+00  1.5407E+00
  8.8313E+00  9.4312E+00  1.5984E+00
  8.8567E+00  9.4018E+00  1.4989E+00
  8.8231E+00  9.3386E+00  1.6798E+00
  8.8110E+00  9.1866E+00  1.7380E+00
  8.8997E+00  9.0228E+00  1.8896E+00
  9.0079E+00  8.9780E+00  1.8131E+00
  8.9046E+00  8.9550E+00  1.7898E+00
  8.8720E+00  9.0403E+00  1.9794E+00
  8.9813E+00  9.1867E+00  1.8349E+00
  8.9733E+00  9.1734E+00  1.6824E+00
  9.0086E+00  9.2744E+00  1.7596E+00
  8.9884E+00  9.3501E+00  1.7505E+00
  9.0345E+00  9.3401E+00  1.7222E+00
  9.0679E+00  9.4733E+00  1.8842E+00
  8.8469E+00  9.4943E+00  1.9762E+00
  8.7465E+00  9.5050E+00  2.1166E+00
  8.8736E+00  9.3280E+00  1.8816E+00
  8.7516E+00  9.0163E+00  1.5666E+00
  8.6668E+00  9.2217E+00  1.6941E+00
  8.7515E+00  9.3275E+00  1.7621E+00
  8.9495E+00  9.2461E+00  1.6371E+00
  8.9962E+00  9.4624E+00  1.7649E+00
  9.2441E+00  9.5575E+00  1.6322E+00
  9.2634E+00  9.1930E+00  1.6294E+00
  9.2044E+00  9.2892E+00  2.0654E+00
  8.9549E+00  9.3810E+00  1.8248E+00
  8.9055E+00  9.3268E+00  2.5031E+00
  8.8333E+00  9.0248E+00  2.7223E+00
  9.0138E+00  9.2032E+00  1.8426E+00
  8.8083E+00  9.3151E+00  2.5050E+00
  8.9824E+00  9.4168E+00  1.6223E+00
  9.0029E+00  9.2856E+00  2.1281E+00
  9.0833E+00  9.6185E+00  1.5698E+00
  9.0922E+00  9.4620E+00  1.6123E+00
  9.0425E+00  9.5380E+00  1.1639E+00
  9.0989E+00  9.4537E+00  1.5913E+00
  9.0384E+00  9.2242E+00  1.6685E+00
