  9.2152E+00  1.2400E+01 -5.7325E-01
  8.4978E+00  1.2492E+01 -2.5282E-01
  9.0748E+00 -1.2376E+01  3.8383E-01
  9.0669E+00 -1.2393E+01  2.1074E-01
  9.2421E+00 -1.2398E+01  4.3884E-01
  9.1893E+00 -1.2332E+01  2.8367E-01
  9.2381E+00 -1.2293E+01  1.7296E-01
  9.1841E+00 -1.2371E+01  1.8811E-01
  9.2101E+00 -1.2418E+01  1.6135E-01
  9.1919E+00 -1.2419E+01  1.3845E-01
  9.1812E+00 -1.2470E+01  1.3432E-01
  9.0860E+00 -1.2497E+01  1.2438E-01
  9.1859E+00 -1.2446E+01  6.6903E-02
  9.1954E+00 -1.2432E+01 -6.6486E-03
  9.1450E+00 -1.2441E+01 -6.8776E-02
  9.1573E+00 -1.2422E+01 -2.0417E-01
  9.0986E+00 -1.2423E+01 -3.1082E-01
  9.0046E+00 -1.2473E+01 -3.1958E-01
  8.9570E+00 -1.2578E+01 -2.1888E-01
  8.9382E+00  1.2396E+01  2.9490E-02
  8.9244E+00  1.2134E+01  2.9372E-01
  8.9685E+00  1.2149E+01  2.4135E-01
  8.9237E+00  1.2089E+01  3.3476E-01
  8.9527E+00  1.2031E+01  4.8990E-01
  9.0156E+00  1.2037E+01  5.8488E-01
  9.1268E+00  1.1944E+01  8.3229E-01
  9.1976E+00  1.1958E+01  1.0001E+00
  9.2199E+00  1.2190E+01  1.1822E+00
  9.3838E+00  1.2056E+01  1.3925E+00
  9.4185E+00  1.1791E+01  1.7022E+00
  9.4531E+00  1.1919E+01  1.6279E+00
  9.3616E+00  1.1990E+01  1.3606E+00
  9.1934E+00  1.1907E+01  1.3809E+00
  9.3053E+00  1.2085E+01  1.7278E+00
  9.7143E+00  1.1963E+01  1.3590E+00
  9.7509E+00  1.2036E+01  1.3192E+00
  9.3131E+00  1.2220E+01  1.4973E+00
  9.2613E+00  1.2410E+01  1.2000E+00
  9.3342E+00  1.2248E+01  1.2516E+00
  9.0690E+00  1.2049E+01  1.0661E+00
  8.9228E+00  1.1901E+01  1.2171E+00
  9.0988E+00  1.1743E+01  1.3004E+00
  8.8668E+00  1.1898E+01  1.3001E+00
  8.8315E+00  1.2032E+01  1.3723E+00
  8.7061E+00  1.2084E+01  1.4166E+00
  8.7147E+00  1.1993E+01  1.4229E+00
  8.7622E+00  1.2016E+01  1.3894E+00
  8.6346E+00  1.2037E+01  1.2130E+00
  8.5964E+00  1.2176E+01  1.1934E+00
  8.5416E+00  1.2238E+01  1.2355E+00
  8.6268E+00  1.2289E+01  1.1650E+00
  8.8020E+00  1.2218E+01  1.0152E+00
  8.9011E+00  1.2340E+01  1.1864E+00
  8.9528E+00  1.2361E+01  1.2344E+00
  9.1839E+00  1.2140E+01  1.1648E+00
  9.2313E+00  1.2221E+01  1.1994E+00
  9.2906E+00  1.2234E+01  1.3035E+00
  9.3204E+00  1.2201E+01  1.2696E+00
  9.2441E+00  1.2172E+01  1.5434E+00
  9.0776E+00  1.2004E+01  1.3610E+00
  8.9243E+00  1.1981E+01  1.3479E+00
  8.8300E+00  1.1969E+01  1.2108E+00
  8.7856E+00  1.1816E+01  1.0331E+00
  8.7775E+00  1.2078E+01  1.1960E+00
  8.7456E+00  1.2088E+01  9.7047E-01
  8.8521E+00  1.2252E+01  8.6718E-01
  8.9787E+00  1.2415E+01  6.2999E-01
  8.7995E+00  1.2590E+01  6.0704E-01
  8.9363E+00 -1.2304E+01  1.1772E+00
  8.9102E+00 -1.2148E+01  1.3332E+00
  8.8680E+00 -1.1972E+01  9.2802E-01
  8.9940E+00 -1.1759E+01  9.3126E-01
  8.9466E+00 -1.1437E+01  1.2058E+00
  9.2584E+00 -1.1627E+01  1.0030E+00
  9.1318E+00 -1.1799E+01  6.7210E-01
  9.5787E+00 -1.1691E+01  9.9068E-01
  9.2372E+00 -1.1940E+01  5.8027E-01
  9.5699E+00 -1.1895E+01  8.6605E-01
  9.4950E+00 -1.1968E+01  8.0024E-01
  9.4309E+00 -1.2272E+01  7.7086E-01
  9.3389E+00 -1.2162E+01  9.7543E-01
  9.1357E+00 -1.2177E+01  7.9277E-01
  9.1684E+00 -1.2316E+01  6.7365E-01
  9.1125E+00 -1.2291E+01  5.2370E-01
  9.0660E+00 -1.2352E+01  5.2700E-01
  8.6649E+00 -1.2287E+01  6.3642E-01
  9.0108E+00 -1.2465E+01  2.6396E-01
  9.1035E+00 -1.2344E+01  3.2996E-01
  9.2416E+00 -1.2318E+01 -1.4371E-01
  9.1087E+00 -1.2444E+01 -7.0289E-01
  9.2974E+00 -1.2337E+01 -3.8981E-01
  9.1016E+00 -1.2122E+01  1.4481E-01
  9.1216E+00 -1.2214E+01  1.1313E-01
  8.9625E+00 -1.1917E+01  5.9333E-01
  8.5099E+00 -1.1838E+01  1.2039E+00
  8.7113E+00 -1.1668E+01  1.1912E+00
  8.9640E+00 -1.1544E+01  5.2419E-01
  9.0946E+00 -1.1664E+01  5.0681E-01
  8.9298E+00 -1.1432E+01  1.2245E+00
  8.9867E+00 -1.1492E+01  1.4896E+00
  8.9613E+00 -1.1472E+01  7.6397E-01
  8.9415E+00 -1.1743E+01  8.5778E-01
  8.7093E+00 -1.1704E+01  1.6487E+00
  8.5916E+00 -1.2315E+01  2.2644E+00
  8.3085E+00 -1.2180E+01  2.5037E+00
  8.4172E+00 -1.2398E+01  2.8043E+00
  7.9828E+00  1.2516E+01  3.2635E+00
  8.0880E+00  1.1848E+01  3.3628E+00
  8.0529E+00  1.1512E+01  3.4545E+00
  8.3295E+00  1.1124E+01  3.3844E+00
  8.1241E+00  1.1548E+01  3.6707E+00
  8.3218E+00  1.1800E+01  3.6447E+00
  8.6508E+00  1.1554E+01  3.4354E+00
  8.2999E+00  1.1814E+01  3.4313E+00
  8.5590E+00  1.2046E+01  3.1744E+00
  8.5417E+00  1.2598E+01  2.9682E+00
  8.5546E+00 -1.2263E+01  2.8011E+00
  8.6947E+00 -1.1887E+01  2.4256E+00
  8.7180E+00 -1.1605E+01  1.9315E+00
  8.7449E+00 -1.1473E+01  1.7222E+00
  8.6780E+00 -1.1291E+01  1.6939E+00
  8.7549E+00 -1.1338E+01  1.9456E+00
  8.7268E+00 -1.1531E+01  2.1938E+00
  8.7443E+00 -1.1588E+01  2.1029E+00
  8.7183E+00 -1.1518E+01  1.8265E+00
  8.5518E+00 -1.1576E+01  1.8038E+00
  8.5961E+00 -1.1871E+01  1.9526E+00
  8.3209E+00 -1.2084E+01  2.1606E+00
  8.3647E+00 -1.2254E+01  2.1133E+00
  8.0323E+00 -1.2267E+01  2.0415E+00
  7.9062E+00 -1.2488E+01  2.1265E+00
  8.1226E+00  1.2533E+01  2.2236E+00
  8.0806E+00 -1.2283E+01  2.2051E+00
  8.4005E+00 -1.1929E+01  2.0405E+00
  8.5030E+00 -1.1942E+01  2.2106E+00
  8.3384E+00 -1.1991E+01  2.2331E+00
  8.3285E+00 -1.1751E+01  1.7890E+00
  8.3385E+00 -1.1604E+01  1.6236E+00
  8.3216E+00 -1.1801E+01  2.1318E+00
  8.0238E+00 -1.2230E+01  2.3509E+00
  7.7821E+00 -1.2380E+01  2.3821E+00
  7.8948E+00 -1.2378E+01  2.3618E+00
  7.9147E+00 -1.2490E+01  2.3411E+00
  7.9078E+00 -1.2422E+01  2.3004E+00
  8.3330E+00 -1.1709E+01  1.9687E+00
  8.3965E+00 -1.1509E+01  1.2956E+00
  8.3245E+00 -1.1480E+01  1.5110E+00
  8.4046E+00 -1.2058E+01  2.1887E+00
  8.3744E+00 -1.2176E+01  2.3064E+00
  8.3318E+00 -1.1646E+01  1.9964E+00
  8.4437E+00 -1.1625E+01  1.9524E+00
  8.5359E+00 -1.2088E+01  2.6273E+00
  8.2261E+00  1.2595E+01  2.7405E+00
  8.6660E+00 -1.2206E+01  2.6080E+00
  8.6046E+00 -1.1554E+01  2.1517E+00
  8.6397E+00 -1.1574E+01  2.4271E+00
  8.5345E+00 -1.2046E+01  2.7634E+00
  8.5669E+00 -1.1770E+01  2.6401E+00
  8.5436E+00 -1.1161E+01  1.8473E+00
  8.4613E+00 -1.1270E+01  1.7020E+00
  8.5528E+00 -1.1879E+01  2.5048E+00
  8.4749E+00 -1.2326E+01  2.6990E+00
  8.5364E+00 -1.2124E+01  2.5678E+00
  8.4931E+00 -1.2190E+01  2.5097E+00
  8.4344E+00  1.2587E+01  2.7737E+00
  8.5964E+00 -1.2523E+01  2.7256E+00
  8.1933E+00 -1.2048E+01  2.5711E+00
  8.5807E+00 -1.2305E+01  2.8411E+00
  8.7179E+00  1.2514E+01  2.9143E+00
  8.5203E+00 -1.2066E+01  2.3870E+00
  8.6742E+00 -1.2053E+01  2.2391E+00
  8.7276E+00 -1.2416E+01  2.3912E+00
  8.9466E+00 -1.2057E+01  1.9951E+00
  8.6199E+00 -1.1912E+01  1.8091E+00
  8.7715E+00 -1.2140E+01  2.2678E+00
  8.8150E+00 -1.2337E+01  2.5374E+00
  8.6697E+00 -1.2217E+01  2.5713E+00
  9.0184E+00  1.2418E+01  3.0270E+00
  8.8613E+00  1.2474E+01  3.1852E+00
  8.7390E+00 -1.2335E+01  2.8280E+00
  8.8630E+00 -1.2550E+01  2.9156E+00
  8.7127E+00  1.2539E+01  2.9242E+00
  8.7378E+00 -1.2339E+01  2.6064E+00
  8.8398E+00 -1.2223E+01  2.6283E+00
  8.8388E+00 -1.2067E+01  2.4800E+00
  8.9559E+00 -1.1858E+01  2.5292E+00
  9.3586E+00 -1.1867E+01  2.6546E+00
  9.1930E+00 -1.2007E+01  2.8201E+00
  9.0235E+00 -1.2064E+01  2.7864E+00
  9.0793E+00 -1.2200E+01  2.6334E+00
  8.6549E+00 -1.2410E+01  2.7070E+00
  8.6808E+00 -1.2339E+01  2.5150E+00
  8.8213E+00 -1.2531E+01  2.7909E+00
  8.5080E+00 -1.2146E+01  2.4209E+00
  8.4426E+00 -1.2101E+01  2.3081E+00
  8.6407E+00 -1.2110E+01  2.5863E+00
  8.8764E+00 -1.1625E+01  2.2789E+00
  8.8002E+00 -1.1430E+01  2.1652E+00
  8.8871E+00 -1.1738E+01  2.3126E+00
  8.7764E+00 -1.1459E+01  2.2913E+00
  8.9808E+00 -1.1454E+01  2.0551E+00
  8.9958E+00 -1.1914E+01  2.3734E+00
  8.9905E+00 -1.1899E+01  2.3667E+00
  8.9941E+00 -1.2011E+01  2.2540E+00
  8.8752E+00 -1.2530E+01  2.7013E+00
  9.0684E+00 -1.2536E+01  2.8820E+00
  8.8054E+00 -1.2392E+01  2.9145E+00
  8.8271E+00  1.2464E+01  3.1148E+00
  8.4767E+00  1.2587E+01  2.9210E+00
  8.2233E+00 -1.2596E+01  2.9033E+00
  8.5419E+00  1.2398E+01  3.0220E+00
  8.2607E+00 -1.2418E+01  2.7033E+00
  8.2224E+00  1.2508E+01  2.6344E+00
  8.3747E+00  1.2449E+01  2.6783E+00
  8.6595E+00 -1.2442E+01  2.4650E+00
  9.0100E+00  1.2327E+01  2.7326E+00
  8.8497E+00 -1.2453E+01  2.6556E+00
  9.1230E+00 -1.2108E+01  2.4200E+00
  9.3253E+00 -1.2293E+01  2.7651E+00
  9.2788E+00 -1.2166E+01  2.8548E+00
  9.3467E+00 -1.2030E+01  2.6404E+00
  9.3147E+00 -1.2193E+01  2.8726E+00
  9.0253E+00 -1.2067E+01  2.6141E+00
  8.9700E+00 -1.1937E+01  2.3164E+00
  9.1579E+00 -1.2166E+01  2.6601E+00
  8.9591E+00 -1.1959E+01  2.3501E+00
  8.8288E+00 -1.2073E+01  2.2760E+00
  8.9937E+00 -1.2286E+01  2.4516E+00
  8.7421E+00 -1.1876E+01  2.1395E+00
  9.1197E+00 -1.1988E+01  2.2311E+00
  9.0377E+00 -1.2272E+01  2.5302E+00
  8.7991E+00 -1.1890E+01  2.2564E+00
  9.0137E+00 -1.1880E+01  2.2158E+00
  8.8352E+00 -1.1798E+01  2.3101E+00
  8.9355E+00 -1.1865E+01  2.4308E+00
  9.1457E+00 -1.2201E+01  2.7337E+00
  9.1168E+00 -1.2329E+01  2.6885E+00
  8.9124E+00 -1.2436E+01  2.6217E+00
  8.8126E+00  1.2550E+01  2.7814E+00
  8.8917E+00 -1.2547E+01  2.7496E+00
  8.6430E+00 -1.2390E+01  2.6808E+00
  8.5642E+00 -1.2448E+01  2.7067E+00
  8.5319E+00 -1.2158E+01  2.6863E+00
  8.4068E+00 -1.2058E+01  2.7242E+00
  8.4061E+00 -1.2227E+01  2.8073E+00
  8.2811E+00 -1.2133E+01  2.7592E+00
  8.2324E+00 -1.2171E+01  2.6906E+00
  8.0040E+00 -1.2067E+01  2.6868E+00
  8.2729E+00 -1.1817E+01  2.5060E+00
  8.2753E+00 -1.1747E+01  2.2539E+00
  8.2269E+00 -1.1726E+01  2.5610E+00
  8.0153E+00 -1.2052E+01  2.7073E+00
  8.3567E+00 -1.1905E+01  2.7759E+00
  8.7031E+00 -1.1607E+01  2.5461E+00
  8.3973E+00 -1.1471E+01  2.2774E+00
  8.6544E+00 -1.1553E+01  2.2417E+00
  8.6101E+00 -1.1337E+01  2.1590E+00
  8.4719E+00 -1.0942E+01  1.7781E+00
  8.7257E+00 -1.0839E+01  1.7400E+00
  8.5035E+00 -1.0693E+01  1.6491E+00
  8.9196E+00 -1.0759E+01  1.4688E+00
  8.6419E+00 -1.0510E+01  1.3495E+00
  8.7901E+00 -1.0734E+01  1.6309E+00
  8.6302E+00 -1.0708E+01  1.7819E+00
  8.5844E+00 -1.0868E+01  1.8595E+00
  8.5886E+00 -1.0957E+01  2.0913E+00
  8.5559E+00 -1.1295E+01  2.4597E+00
  8.4604E+00 -1.1695E+01  2.6145E+00
  8.2426E+00 -1.1986E+01  2.7073E+00
  8.2671E+00 -1.2121E+01  2.7199E+00
  8.2555E+00 -1.1990E+01  2.7594E+00
  8.4123E+00 -1.2135E+01  2.8788E+00
  8.4055E+00 -1.2225E+01  2.8261E+00
  8.4450E+00 -1.2229E+01  2.7455E+00
  8.4463E+00 -1.2509E+01  2.8513E+00
  8.5453E+00  1.2545E+01  2.8935E+00
  8.5961E+00 -1.2558E+01  2.6572E+00
  8.4120E+00  1.2573E+01  2.6318E+00
  8.7515E+00  1.2551E+01  2.6733E+00
  8.7325E+00 -1.2501E+01  2.6460E+00
  8.6523E+00 -1.2426E+01  2.7860E+00
  8.6845E+00 -1.2141E+01  2.5182E+00
  8.6879E+00 -1.2128E+01  2.6062E+00
  8.9979E+00 -1.2166E+01  2.8064E+00
  8.8643E+00 -1.1917E+01  2.5946E+00
  8.7508E+00 -1.2099E+01  2.7024E+00
  8.7430E+00 -1.2122E+01  2.6074E+00
  8.6980E+00 -1.2101E+01  2.6039E+00
  8.8020E+00 -1.2193E+01  2.7376E+00
  8.5581E+00 -1.1970E+01  2.4134E+00
  8.5751E+00 -1.1997E+01  2.4327E+00
  8.6330E+00 -1.2041E+01  2.5222E+00
  8.5256E+00 -1.1862E+01  2.2823E+00
  8.5804E+00 -1.1884E+01  2.2473E+00
  8.5065E+00 -1.1866E+01  2.0993E+00
  8.5614E+00 -1.1776E+01  2.0134E+00
  8.8038E+00 -1.1979E+01  2.3923E+00
  8.6165E+00 -1.1924E+01  2.3957E+00
  8.7213E+00 -1.1989E+01  2.4508E+00
  8.9911E+00 -1.2213E+01  2.6547E+00
  8.7783E+00 -1.1946E+01  2.6306E+00
  8.9384E+00 -1.2119E+01  2.8813E+00
  9.0569E+00 -1.2466E+01  2.9344E+00
  8.4951E+00 -1.2230E+01  2.5727E+00
  8.7741E+00 -1.2556E+01  2.7192E+00
  8.5949E+00 -1.2358E+01  2.7884E+00
  8.4127E+00 -1.2391E+01  2.8265E+00
  8.6451E+00 -1.2580E+01  2.8033E+00
  8.4032E+00 -1.2073E+01  2.5210E+00
  8.7063E+00 -1.2046E+01  2.5511E+00
  8.4748E+00 -1.2107E+01  2.6945E+00
  8.2213E+00 -1.1963E+01  2.2801E+00
  8.6260E+00 -1.2015E+01  2.3409E+00
  8.8129E+00 -1.1973E+01  2.3811E+00
  8.3891E+00 -1.1829E+01  2.2082E+00
  8.7386E+00 -1.1922E+01  2.4623E+00
  8.8523E+00 -1.1936E+01  2.5360E+00
  8.6146E+00 -1.1663E+01  2.1861E+00
  8.5921E+00 -1.1900E+01  2.5806E+00
  8.6427E+00 -1.2107E+01  2.7612E+00
  8.6645E+00 -1.1760E+01  2.3212E+00
  8.8609E+00 -1.2137E+01  2.5176E+00
  8.6105E+00 -1.2305E+01  2.5091E+00
  8.5681E+00 -1.2114E+01  2.2673E+00
  8.7577E+00 -1.2486E+01  2.5694E+00
  8.2577E+00 -1.2238E+01  2.2962E+00
  8.6242E+00 -1.2197E+01  2.5910E+00
  8.8260E+00 -1.2255E+01  2.8396E+00
  8.3860E+00 -1.2051E+01  2.5800E+00
  9.0715E+00 -1.2226E+01  2.9233E+00
  8.9435E+00 -1.2445E+01  3.1154E+00
  8.5811E+00 -1.2055E+01  2.8149E+00
  8.8318E+00 -1.2154E+01  2.6671E+00
  8.5030E+00 -1.2328E+01  2.6536E+00
  8.3302E+00 -1.1989E+01  2.1427E+00
  8.1810E+00 -1.2192E+01  2.3571E+00
  8.1121E+00 -1.2061E+01  2.4949E+00
  8.2490E+00 -1.1895E+01  2.4859E+00
  8.2433E+00 -1.2360E+01  2.7562E+00
  8.2390E+00 -1.2149E+01  2.7937E+00
  8.2187E+00 -1.1767E+01  2.5550E+00
  8.4461E+00 -1.2258E+01  2.8800E+00
  8.4621E+00 -1.2215E+01  2.6531E+00
  8.5276E+00 -1.2136E+01  2.2991E+00
  8.8374E+00  1.2527E+01  2.6765E+00
  8.8636E+00 -1.2337E+01  2.5999E+00
  8.8878E+00 -1.2256E+01  2.5617E+00
  9.0656E+00 -1.2433E+01  2.7685E+00
  8.4653E+00 -1.1829E+01  2.4447E+00
  8.5356E+00 -1.1899E+01  2.6044E+00
  8.5301E+00 -1.1933E+01  2.6779E+00
  8.2681E+00 -1.1606E+01  2.0947E+00
  8.2181E+00 -1.1945E+01  2.5556E+00
  8.2784E+00 -1.1881E+01  2.5077E+00
  8.1823E+00 -1.1564E+01  1.9974E+00
  8.6554E+00 -1.1798E+01  2.4888E+00
  8.5853E+00 -1.2223E+01  2.6983E+00
  8.2461E+00 -1.1832E+01  2.2594E+00
  8.6547E+00 -1.2139E+01  2.5965E+00
  8.3402E+00 -1.2571E+01  2.8166E+00
  8.3114E+00 -1.2025E+01  2.6874E+00
  8.5155E+00 -1.2318E+01  2.9799E+00
  8.3594E+00 -1.2423E+01  3.0947E+00
  8.1718E+00 -1.2157E+01  2.9341E+00
  8.6888E+00 -1.2335E+01  3.0666E+00
  8.3446E+00 -1.2101E+01  2.8920E+00
  8.4095E+00 -1.2229E+01  2.7008E+00
  8.3714E+00 -1.2248E+01  2.5006E+00
  8.3959E+00 -1.2375E+01  2.4136E+00
  8.5767E+00  1.2581E+01  2.6428E+00
  8.5752E+00 -1.2415E+01  2.6966E+00
  8.6679E+00 -1.2338E+01  2.7358E+00
  8.6053E+00 -1.2333E+01  2.9894E+00
  8.3755E+00 -1.2175E+01  2.9627E+00
  8.4856E+00 -1.2134E+01  3.0464E+00
  8.5316E+00 -1.1922E+01  3.0375E+00
  8.3868E+00 -1.1732E+01  2.6890E+00
  8.2921E+00 -1.1967E+01  2.7522E+00
  8.5996E+00 -1.2072E+01  2.5442E+00
  8.2492E+00 -1.2004E+01  2.2738E+00
  8.2986E+00 -1.2186E+01  2.3539E+00
  8.4684E+00 -1.2258E+01  2.3150E+00
  8.4207E+00 -1.2234E+01  2.5376E+00
  8.5725E+00 -1.2112E+01  2.7492E+00
  8.4382E+00 -1.1852E+01  2.6616E+00
  8.4871E+00 -1.2039E+01  2.8541E+00
  8.3910E+00 -1.1885E+01  2.9574E+00
  8.4092E+00 -1.1788E+01  2.8660E+00
  8.6886E+00 -1.2213E+01  2.8100E+00
  8.5106E+00 -1.2238E+01  2.7253E+00
  8.5320E+00 -1.2077E+01  2.7027E+00
  8.5986E+00 -1.2188E+01  2.7549E+00
  8.4436E+00 -1.2343E+01  2.7620E+00
  8.4765E+00 -1.2167E+01  2.8361E+00
  8.2146E+00 -1.1945E+01  2.8835E+00
  8.2467E+00 -1.2087E+01  2.8491E+00
  8.0489E+00 -1.2241E+01  3.0022E+00
  8.1667E+00 -1.2291E+01  2.9507E+00
  8.1015E+00 -1.2181E+01  2.9604E+00
  8.1565E+00 -1.2085E+01  2.9247E+00
