  8.7190E+00 -9.9748E+00  7.2932E-01
  8.8725E+00 -1.0430E+01  7.8313E-01
  8.5955E+00 -9.8453E+00  1.1330E-02
  9.3632E+00 -1.0070E+01 -8.6003E-01
  9.2207E+00 -9.8383E+00 -8.2405E-01
  9.1199E+00 -9.5603E+00 -2.1226E-01
  9.1451E+00 -9.6983E+00 -5.2810E-02
  9.2667E+00 -9.6417E+00 -3.6534E-01
  9.2838E+00 -9.7510E+00 -5.8626E-01
  9.3485E+00 -9.8052E+00 -5.0491E-01
  9.2908E+00 -9.7521E+00 -3.3010E-01
  9.3329E+00 -9.7166E+00 -2.1978E-01
  9.3141E+00 -9.7207E+00 -2.1552E-01
  9.3137E+00 -9.6950E+00 -1.6253E-01
  9.3062E+00 -9.6705E+00  6.9879E-02
  9.2374E+00 -9.7537E+00  3.7882E-01
  9.2085E+00 -9.8795E+00  5.8267E-01
  9.2412E+00 -1.0011E+01  6.9834E-01
  9.2703E+00 -1.0201E+01  9.1670E-01
  9.3448E+00 -1.0432E+01  1.2337E+00
  9.5252E+00 -1.0656E+01  1.4716E+00
  9.6270E+00 -1.1053E+01  1.8670E+00
  1.0084E+01 -1.1964E+01  2.5248E+00
  1.0511E+01  1.2388E+01  2.7312E+00
  1.0750E+01  1.2297E+01  2.9369E+00
  1.0801E+01 -1.2548E+01  2.9079E+00
  1.1178E+01 -1.2538E+01  2.6460E+00
  1.1622E+01  1.2378E+01  2.6001E+00
  1.1785E+01 -1.2308E+01  2.1172E+00
  1.1958E+01 -1.2094E+01  1.7478E+00
  1.2320E+01 -1.2089E+01  1.8216E+00
  1.2405E+01 -1.2160E+01  1.8659E+00
  1.2323E+01 -1.2168E+01  1.5901E+00
  1.2251E+01 -1.1948E+01  1.6594E+00
  1.1918E+01 -1.1828E+01  1.6235E+00
  1.1913E+01 -1.2035E+01  1.5163E+00
  1.2035E+01 -1.2163E+01  1.4694E+00
  1.1902E+01 -1.2171E+01  1.6868E+00
  1.1526E+01 -1.1941E+01  1.3110E+00
  1.1634E+01 -1.2140E+01  1.3873E+00
  1.1431E+01 -1.2056E+01  1.2324E+00
  1.0844E+01 -1.1800E+01  1.0762E+00
  1.0783E+01 -1.1845E+01  1.1150E+00
  1.1165E+01 -1.2109E+01  8.7089E-01
  1.0877E+01 -1.1913E+01  8.9682E-01
  1.0555E+01 -1.1750E+01  8.4743E-01
  1.0791E+01 -1.1813E+01  6.9274E-01
  1.0535E+01 -1.1646E+01  7.6343E-01
  1.0440E+01 -1.1476E+01  6.6912E-01
  1.0985E+01 -1.1562E+01  6.0132E-01
  1.0693E+01 -1.1436E+01  6.3099E-01
  1.0776E+01 -1.1552E+01  8.3853E-01
  1.1458E+01 -1.1918E+01  7.5846E-01
  1.1401E+01 -1.1732E+01  8.1496E-01
  1.1625E+01 -1.1833E+01  7.8194E-01
  1.1830E+01 -1.1929E+01  5.6680E-01
  1.1660E+01 -1.1901E+01  7.8621E-01
  1.1570E+01 -1.1934E+01  7.8136E-01
  1.1594E+01 -1.1924E+01  6.2676E-01
  1.1440E+01 -1.1919E+01  6.3378E-01
  1.1066E+01 -1.1963E+01  5.3513E-01
  1.0870E+01 -1.2066E+01  6.6111E-01
  1.0739E+01 -1.2029E+01  3.8159E-01
  1.0860E+01 -1.2031E+01  3.0070E-01
  1.1177E+01 -1.2080E+01  3.4599E-01
  1.0710E+01 -1.1747E+01 -4.4426E-02
  1.0839E+01 -1.1699E+01  1.8230E-02
  1.1480E+01 -1.1724E+01 -2.0785E-01
  1.1235E+01 -1.1334E+01 -4.2361E-01
  1.1380E+01 -1.1343E+01 -4.8175E-01
  1.1977E+01 -1.1775E+01 -5.3204E-01
  1.2024E+01 -1.1826E+01 -6.1342E-01
  1.1767E+01 -1.1474E+01 -9.0713E-01
  1.1957E+01 -1.1498E+01 -9.3656E-01
  1.2118E+01 -1.1772E+01 -7.4478E-01
  1.1722E+01 -1.1549E+01 -9.3662E-01
  1.1639E+01 -1.1501E+01 -7.2329E-01
  1.1867E+01 -1.1842E+01 -5.9010E-01
  1.1470E+01 -1.1599E+01 -2.7685E-01
  1.1179E+01 -1.1332E+01 -2.8663E-01
  1.1473E+01 -1.1289E+01 -2.3726E-01
  1.1436E+01 -1.1208E+01  7.8982E-02
  1.1461E+01 -1.1304E+01  1.2782E-01
  1.1630E+01 -1.1500E+01  6.3269E-01
  1.1772E+01 -1.1638E+01  9.0916E-01
  1.2006E+01 -1.1726E+01  7.3103E-01
  1.2228E+01 -1.2022E+01  1.0816E+00
  1.2186E+01 -1.2006E+01  1.0615E+00
  1.2109E+01 -1.2154E+01  9.6480E-01
  1.2408E+01 -1.2367E+01  1.0994E+00
  1.2375E+01 -1.2037E+01  1.0091E+00
  1.2347E+01 -1.2003E+01  8.6953E-01
 -1.2475E+01 -1.2401E+01  1.0384E+00
 -1.2468E+01 -1.1963E+01  8.5575E-01
  1.2494E+01 -1.1632E+01  4.7846E-01
 -1.2503E+01 -1.1733E+01  6.3079E-01
 -1.2305E+01 -1.2112E+01  6.3271E-01
 -1.2346E+01 -1.2032E+01  4.9157E-01
  1.2466E+01 -1.1720E+01  4.8359E-01
 -1.2548E+01 -1.1961E+01  4.2991E-01
 -1.2449E+01 -1.2302E+01  4.6578E-01
  1.2472E+01 -1.2244E+01  3.9809E-01
  1.2359E+01 -1.2111E+01  1.4553E-01
  1.2272E+01 -1.2064E+01  3.5297E-04
  1.1734E+01 -1.1874E+01 -1.5329E-01
  1.1404E+01 -1.1765E+01 -8.1574E-01
  1.1385E+01 -1.1640E+01 -7.0943E-01
  1.1379E+01 -1.1731E+01 -6.6077E-01
  1.0994E+01 -1.1860E+01 -1.1170E+00
  1.0524E+01 -1.1791E+01 -1.5076E+00
  1.0297E+01 -1.1811E+01 -1.6647E+00
  1.0261E+01 -1.2044E+01 -1.6661E+00
  1.0116E+01 -1.2191E+01 -1.5166E+00
  1.0146E+01 -1.2140E+01 -1.6851E+00
  1.0012E+01 -1.2086E+01 -1.4727E+00
  1.0086E+01 -1.1963E+01 -1.6857E+00
  9.8035E+00 -1.1878E+01 -1.8904E+00
  9.7261E+00 -1.1841E+01 -1.7433E+00
  1.0202E+01 -1.1615E+01 -1.7088E+00
  1.0206E+01 -1.1389E+01 -1.6448E+00
  1.0240E+01 -1.1469E+01 -1.4956E+00
  1.0747E+01 -1.1520E+01 -1.4465E+00
  1.1313E+01 -1.1372E+01 -1.0434E+00
  1.1645E+01 -1.1525E+01 -1.0230E+00
  1.1982E+01 -1.1841E+01 -1.0735E+00
 -1.2555E+01 -1.2325E+01 -5.5789E-01
 -1.2229E+01  1.2364E+01 -7.4845E-01
 -1.2231E+01 -1.2594E+01 -6.0000E-01
 -1.2391E+01 -1.2062E+01 -7.7999E-01
 -1.2323E+01 -1.1925E+01 -4.5683E-01
 -1.2142E+01 -1.2210E+01 -4.7227E-01
 -1.2187E+01 -1.1964E+01 -4.5360E-01
  1.2457E+01 -1.1350E+01 -3.5433E-01
  1.2134E+01 -1.1456E+01 -7.5746E-01
  1.2352E+01 -1.1443E+01 -4.6097E-01
  1.2334E+01 -1.1301E+01 -3.9960E-01
  1.1712E+01 -1.1272E+01 -1.0009E+00
  1.1107E+01 -1.1599E+01 -1.3132E+00
  1.1421E+01 -1.1404E+01 -1.3864E+00
  1.1732E+01 -1.1571E+01 -9.6071E-01
  1.1796E+01 -1.1676E+01 -1.2366E+00
  1.1228E+01 -1.1699E+01 -1.4712E+00
  1.1067E+01 -1.1934E+01 -1.4611E+00
  1.1806E+01 -1.1994E+01 -1.6069E+00
  1.1950E+01 -1.2088E+01 -9.9433E-01
  1.1893E+01 -1.2093E+01 -1.3479E+00
  1.1593E+01 -1.2066E+01 -1.5986E+00
  1.1140E+01 -1.1947E+01 -1.8858E+00
  1.0640E+01 -1.1881E+01 -1.9783E+00
  1.0563E+01 -1.2015E+01 -2.3275E+00
  1.0585E+01 -1.2053E+01 -2.5329E+00
  1.0103E+01 -1.1852E+01 -2.3160E+00
  9.9253E+00 -1.2036E+01 -2.6822E+00
  9.8369E+00 -1.2302E+01 -2.7543E+00
  9.8077E+00 -1.1989E+01 -2.6019E+00
  1.0238E+01 -1.1882E+01 -2.7201E+00
  1.0341E+01 -1.1912E+01 -2.3760E+00
  1.0375E+01 -1.1872E+01 -2.4079E+00
  1.0469E+01 -1.1917E+01 -2.5723E+00
  1.0917E+01 -1.1877E+01 -2.2613E+00
  1.1610E+01 -1.2205E+01 -2.2547E+00
  1.1525E+01 -1.1931E+01 -2.4563E+00
  1.0945E+01 -1.1735E+01 -2.5385E+00
  1.1344E+01 -1.1782E+01 -2.7758E+00
  1.1714E+01 -1.2165E+01 -2.5465E+00
  1.1132E+01 -1.1858E+01 -2.7308E+00
  1.0276E+01 -1.1734E+01 -2.7369E+00
  1.0384E+01 -1.1704E+01 -2.8650E+00
  1.0842E+01 -1.2014E+01 -2.7075E+00
  1.0498E+01 -1.2005E+01 -2.7577E+00
  9.7431E+00 -1.1807E+01 -2.3515E+00
  9.4948E+00 -1.2010E+01 -2.0528E+00
  9.8053E+00 -1.1953E+01 -2.2454E+00
  1.0239E+01 -1.2158E+01 -2.4937E+00
  1.0292E+01 -1.2145E+01 -2.4960E+00
  9.6972E+00 -1.1948E+01 -2.1997E+00
  9.5731E+00 -1.2038E+01 -2.1684E+00
  1.0285E+01 -1.1964E+01 -2.6458E+00
  1.0715E+01 -1.2314E+01 -2.6336E+00
  1.0117E+01 -1.1889E+01 -2.6406E+00
  9.4732E+00 -1.1894E+01 -2.5226E+00
  9.8078E+00 -1.1721E+01 -2.6512E+00
  1.0153E+01 -1.1808E+01 -2.8557E+00
  9.8832E+00 -1.1541E+01 -2.7791E+00
  9.4013E+00 -1.1590E+01 -2.7808E+00
  9.5790E+00 -1.1551E+01 -2.9265E+00
  1.0215E+01 -1.1452E+01 -3.1212E+00
  1.0273E+01 -1.1602E+01 -3.4003E+00
  1.0029E+01 -1.1470E+01 -3.1075E+00
  9.7594E+00 -1.1669E+01 -2.8451E+00
  9.9454E+00 -1.1716E+01 -3.0469E+00
  1.0155E+01 -1.1903E+01 -3.2491E+00
  1.0169E+01 -1.1948E+01 -3.0106E+00
  9.4125E+00 -1.2027E+01 -2.8993E+00
  8.9960E+00 -1.2169E+01 -2.6177E+00
  9.2771E+00 -1.1845E+01 -2.5798E+00
  9.1864E+00 -1.2150E+01 -2.9961E+00
  8.9141E+00 -1.2184E+01 -2.6207E+00
  8.6952E+00 -1.2391E+01 -2.3637E+00
  8.5999E+00  1.2525E+01 -1.9433E+00
  8.8042E+00  1.2545E+01 -1.5257E+00
  8.6467E+00  1.2268E+01 -1.4002E+00
  8.5479E+00  1.2273E+01 -1.2598E+00
  8.6648E+00  1.2143E+01 -1.1757E+00
  8.5457E+00  1.2090E+01 -1.2340E+00
  8.6247E+00  1.2153E+01 -1.0902E+00
  8.6422E+00 -1.2518E+01 -1.2660E+00
  8.4739E+00  1.2534E+01 -1.3049E+00
  8.4061E+00  1.2511E+01 -1.2265E+00
  8.4269E+00 -1.2366E+01 -1.3707E+00
  8.4589E+00 -1.2163E+01 -1.4746E+00
  8.4668E+00 -1.2352E+01 -1.4338E+00
  8.4118E+00 -1.2279E+01 -1.5164E+00
  8.3026E+00 -1.2529E+01 -1.1953E+00
  8.3134E+00 -1.2547E+01 -1.2401E+00
  8.5294E+00  1.2485E+01 -1.1869E+00
  8.6447E+00 -1.2532E+01 -1.1042E+00
  8.6042E+00  1.2485E+01 -1.0516E+00
  8.6346E+00  1.2362E+01 -1.0267E+00
  8.5332E+00  1.2503E+01 -1.2289E+00
  8.4748E+00  1.2563E+01 -1.4669E+00
  8.5427E+00  1.2449E+01 -1.4766E+00
  8.5510E+00  1.2523E+01 -1.6084E+00
  8.4814E+00  1.2414E+01 -1.6717E+00
  8.3660E+00 -1.2554E+01 -1.8357E+00
  8.3102E+00  1.2460E+01 -1.4784E+00
  8.2197E+00  1.2409E+01 -1.2973E+00
  8.1080E+00  1.2506E+01 -1.6448E+00
  8.2957E+00  1.2460E+01 -1.3832E+00
  8.2234E+00 -1.2566E+01 -1.5126E+00
  8.2473E+00  1.2481E+01 -1.6646E+00
  8.3922E+00  1.2449E+01 -1.6072E+00
  8.4567E+00 -1.2529E+01 -1.4774E+00
  8.4913E+00  1.2462E+01 -1.3853E+00
  8.6941E+00  1.2366E+01 -1.3975E+00
  8.7129E+00  1.2563E+01 -1.4103E+00
  8.5661E+00  1.2330E+01 -1.3372E+00
  8.5193E+00  1.2408E+01 -1.2640E+00
  8.5505E+00  1.2447E+01 -1.2630E+00
  8.6002E+00  1.2537E+01 -1.2368E+00
  8.5636E+00 -1.2516E+01 -1.4207E+00
  8.5422E+00 -1.2497E+01 -1.4224E+00
  8.5255E+00 -1.2382E+01 -1.3191E+00
  8.3571E+00 -1.2522E+01 -1.2873E+00
  8.3069E+00 -1.2494E+01 -1.2758E+00
  8.4184E+00  1.2565E+01 -1.2405E+00
  8.5503E+00  1.2560E+01 -1.2946E+00
  8.5849E+00 -1.2540E+01 -1.2405E+00
  8.3667E+00  1.2443E+01 -1.1846E+00
  8.4617E+00  1.2381E+01 -1.2098E+00
  8.6208E+00  1.2356E+01 -1.2889E+00
  8.4641E+00  1.2103E+01 -1.2984E+00
  8.3363E+00  1.2328E+01 -1.3289E+00
  8.2382E+00  1.2212E+01 -1.3309E+00
  8.2870E+00  1.2218E+01 -1.3924E+00
  8.5645E+00  1.2447E+01 -1.3491E+00
  8.6912E+00 -1.2529E+01 -1.7600E+00
  8.6392E+00  1.2440E+01 -1.6876E+00
  8.5511E+00  1.2582E+01 -1.4931E+00
  8.1989E+00  1.2454E+01 -1.4848E+00
  8.0570E+00  1.2422E+01 -1.5399E+00
  8.2740E+00  1.2589E+01 -1.5831E+00
  8.4463E+00 -1.2320E+01 -1.7483E+00
  8.4735E+00 -1.2237E+01 -1.6048E+00
  8.2978E+00 -1.2316E+01 -1.6038E+00
  8.1523E+00 -1.2370E+01 -1.5153E+00
  8.2029E+00 -1.2593E+01 -1.2954E+00
  8.2547E+00 -1.2415E+01 -1.4704E+00
  8.3569E+00 -1.2441E+01 -1.5327E+00
  8.3928E+00 -1.2580E+01 -1.3626E+00
  8.4244E+00 -1.2363E+01 -1.3004E+00
  8.2672E+00  1.2286E+01 -1.1232E+00
  8.2310E+00  1.2352E+01 -1.2060E+00
  8.3190E+00 -1.2565E+01 -1.2168E+00
  8.3248E+00  1.2354E+01 -1.0402E+00
  8.3022E+00 -1.2439E+01 -1.2478E+00
  8.3203E+00  1.2531E+01 -1.1066E+00
  8.3539E+00  1.2284E+01 -1.1773E+00
  8.5046E+00 -1.2229E+01 -1.4216E+00
  8.6409E+00 -1.2488E+01 -1.3352E+00
  8.5182E+00 -1.2008E+01 -1.5368E+00
  8.5126E+00 -1.2499E+01 -1.4205E+00
  8.2013E+00 -1.2467E+01 -1.6438E+00
  8.1186E+00 -1.2494E+01 -1.4937E+00
  8.2744E+00 -1.2385E+01 -1.5051E+00
  8.3381E+00 -1.2307E+01 -1.6873E+00
  8.4624E+00 -1.2391E+01 -1.5000E+00
  8.3408E+00 -1.2279E+01 -1.5722E+00
  8.2146E+00 -1.2579E+01 -1.4850E+00
  8.2479E+00  1.2456E+01 -1.4894E+00
  8.3139E+00  1.2423E+01 -1.4786E+00
  8.3280E+00  1.2407E+01 -1.5125E+00
  8.2644E+00  1.2320E+01 -1.4870E+00
  8.1467E+00  1.2183E+01 -1.3233E+00
  8.2076E+00  1.2268E+01 -1.3958E+00
  8.3663E+00  1.2272E+01 -1.4373E+00
  8.3712E+00  1.2423E+01 -1.5861E+00
  8.4069E+00  1.2515E+01 -1.4875E+00
  8.3374E+00  1.2375E+01 -1.3528E+00
  8.1314E+00  1.2512E+01 -1.3326E+00
  8.2556E+00 -1.2414E+01 -1.2935E+00
  8.3609E+00 -1.2479E+01 -1.4655E+00
  8.2263E+00 -1.2127E+01 -1.6998E+00
  8.2730E+00 -1.2133E+01 -1.3159E+00
  8.1913E+00 -1.2268E+01 -1.2935E+00
  8.1228E+00 -1.2200E+01 -1.5149E+00
  8.1948E+00 -1.2273E+01 -1.7201E+00
  8.1411E+00 -1.2092E+01 -2.0311E+00
  8.2353E+00 -1.2211E+01 -1.6707E+00
  8.0167E+00 -1.2336E+01 -1.8263E+00
  7.9697E+00 -1.2526E+01 -1.3844E+00
  8.0240E+00  1.2554E+01 -1.2283E+00
  8.0165E+00  1.2468E+01 -1.4282E+00
  8.1425E+00  1.2220E+01 -1.2342E+00
  8.2233E+00  1.2198E+01 -1.1162E+00
  8.1974E+00  1.2193E+01 -1.0980E+00
  8.1443E+00  1.2206E+01 -1.1513E+00
  8.2869E+00  1.2527E+01 -1.3309E+00
  8.3119E+00 -1.2562E+01 -1.3226E+00
  8.1524E+00 -1.2421E+01 -1.4993E+00
  8.1664E+00 -1.2414E+01 -1.5634E+00
  8.0401E+00 -1.2355E+01 -1.7372E+00
  7.9059E+00 -1.2551E+01 -1.6218E+00
  7.9704E+00 -1.2474E+01 -1.4736E+00
  7.9328E+00 -1.2374E+01 -1.6667E+00
  8.0166E+00  1.2471E+01 -1.5985E+00
  8.1538E+00 -1.2557E+01 -1.4460E+00
  8.1952E+00 -1.2315E+01 -1.5508E+00
  8.3248E+00  1.2573E+01 -1.4831E+00
  8.3511E+00  1.2582E+01 -1.2659E+00
  8.3010E+00  1.2465E+01 -1.0691E+00
  8.2590E+00  1.2568E+01 -9.0153E-01
  8.0389E+00  1.2451E+01 -9.2142E-01
  7.9832E+00  1.2577E+01 -1.1355E+00
  8.2200E+00 -1.2251E+01 -1.2604E+00
  8.1356E+00 -1.2491E+01 -1.2071E+00
  8.1038E+00 -1.1890E+01 -1.7826E+00
  8.0928E+00 -1.2337E+01 -1.2182E+00
  7.8782E+00 -1.2188E+01 -1.4808E+00
  7.9279E+00  1.2584E+01 -1.3456E+00
  7.9726E+00 -1.2345E+01 -1.5214E+00
  8.0807E+00 -1.2389E+01 -1.5110E+00
  8.2255E+00 -1.2545E+01 -1.3066E+00
  8.1391E+00 -1.2334E+01 -1.3197E+00
  8.1728E+00  1.2450E+01 -1.0659E+00
  8.1071E+00 -1.2511E+01 -1.1823E+00
  7.9511E+00  1.2468E+01 -1.3781E+00
  7.8859E+00 -1.2568E+01 -1.4220E+00
  7.9615E+00 -1.2357E+01 -1.3527E+00
  7.8587E+00  1.2538E+01 -1.5302E+00
  7.8172E+00 -1.2294E+01 -1.7250E+00
  7.9889E+00 -1.2364E+01 -1.4841E+00
  7.8426E+00 -1.2339E+01 -1.6652E+00
  7.8238E+00 -1.2591E+01 -1.3772E+00
  7.7872E+00  1.2436E+01 -1.1751E+00
  7.7165E+00  1.2140E+01 -1.0654E+00
  7.8868E+00  1.2226E+01 -8.9498E-01
  7.9579E+00  1.2133E+01 -8.6239E-01
  7.9602E+00  1.2105E+01 -1.1118E+00
  8.2475E+00 -1.2520E+01 -1.0638E+00
  8.1418E+00  1.2397E+01 -1.2320E+00
  8.0518E+00  1.2519E+01 -1.3251E+00
  7.9824E+00 -1.2519E+01 -1.3064E+00
  7.9462E+00 -1.2554E+01 -1.3209E+00
  7.8716E+00 -1.2350E+01 -1.5207E+00
  7.8704E+00 -1.2417E+01 -1.5016E+00
  7.7982E+00 -1.2169E+01 -1.2650E+00
  7.6789E+00 -1.2322E+01 -1.1144E+00
  7.5503E+00 -1.2241E+01 -1.0764E+00
  7.6158E+00 -1.2331E+01 -1.0108E+00
  7.7803E+00 -1.2304E+01 -1.0215E+00
  7.8318E+00 -1.2210E+01 -1.2344E+00
  7.8990E+00 -1.2500E+01 -1.1702E+00
  7.8290E+00 -1.2519E+01 -1.1166E+00
  7.8799E+00  1.2491E+01 -1.0900E+00
  7.7854E+00 -1.2536E+01 -1.2825E+00
  7.7952E+00 -1.2449E+01 -1.2592E+00
  7.6995E+00  1.2585E+01 -1.1925E+00
  7.4549E+00 -1.2451E+01 -1.2758E+00
  7.5313E+00 -1.2283E+01 -1.1807E+00
  7.6046E+00 -1.2305E+01 -1.3135E+00
  7.6294E+00 -1.2064E+01 -1.4582E+00
  7.7824E+00 -1.2026E+01 -1.2447E+00
  7.7815E+00 -1.2257E+01 -1.2317E+00
  7.8441E+00  1.2494E+01 -1.1334E+00
  7.6600E+00  1.2548E+01 -1.2708E+00
  7.8315E+00  1.2355E+01 -1.1124E+00
  7.8268E+00  1.2436E+01 -1.1019E+00
  7.7208E+00 -1.2529E+01 -1.1531E+00
  7.6393E+00  1.2566E+01 -1.0404E+00
  7.5196E+00 -1.2567E+01 -9.5531E-01
  7.4321E+00 -1.2374E+01 -9.8095E-01
  7.4618E+00 -1.2341E+01 -1.0256E+00
  7.3984E+00 -1.2219E+01 -1.0996E+00
  7.3928E+00 -1.2195E+01 -9.7435E-01
  7.3831E+00 -1.2292E+01 -9.4211E-01
  7.4266E+00 -1.2225E+01 -1.1057E+00
  7.5554E+00 -1.2078E+01 -1.1934E+00
  7.6057E+00 -1.2227E+01 -1.0319E+00
  7.4567E+00 -1.2234E+01 -1.0223E+00
