  8.9170E+00 -1.0000E+01 -7.6478E-01
  9.7167E+00 -1.0763E+01 -4.2047E-01
  9.9664E+00 -1.0311E+01 -4.0835E-01
  1.0308E+01 -1.0536E+01  2.1855E-01
  1.0291E+01 -1.0312E+01  1.2596E-01
  1.0303E+01 -1.0486E+01 -9.4692E-02
  1.0390E+01 -1.0546E+01 -1.0392E-01
  1.0342E+01 -1.0641E+01 -2.3743E-02
  1.0333E+01 -1.0621E+01  5.6669E-02
  1.0356E+01 -1.0769E+01  6.8049E-02
  1.0346E+01 -1.0755E+01  5.9897E-02
  1.0324E+01 -1.0804E+01  1.0709E-01
  1.0320E+01 -1.0775E+01  1.6842E-01
  1.0290E+01 -1.0770E+01  2.4030E-01
  1.0286E+01 -1.0793E+01  3.0066E-01
  1.0303E+01 -1.0819E+01  3.3733E-01
  1.0305E+01 -1.0895E+01  3.8967E-01
  1.0341E+01 -1.1019E+01  4.8357E-01
  1.0377E+01 -1.1164E+01  5.6790E-01
  1.0414E+01 -1.1315E+01  6.4308E-01
  1.0477E+01 -1.1591E+01  7.6992E-01
  1.0604E+01 -1.1851E+01  1.0420E+00
  1.0706E+01 -1.2166E+01  1.1669E+00
  1.0879E+01 -1.2550E+01  1.2928E+00
  1.1063E+01  1.2450E+01  1.4704E+00
  1.1289E+01  1.2306E+01  1.5236E+00
  1.1490E+01  1.2196E+01  1.2459E+00
  1.1662E+01  1.2292E+01  1.0958E+00
  1.1905E+01  1.2157E+01  8.0502E-01
  1.2072E+01  1.2167E+01  5.7164E-01
  1.2072E+01  1.2215E+01  6.3329E-01
  1.2121E+01  1.2233E+01  6.2269E-01
  1.2052E+01  1.2151E+01  3.9513E-01
  1.1822E+01  1.2483E+01  4.3413E-01
  1.1732E+01  1.2341E+01  5.3692E-01
  1.1507E+01  1.2305E+01  3.4406E-01
  1.1339E+01  1.2331E+01  3.3244E-01
  1.1291E+01  1.2569E+01  3.8677E-01
  1.1000E+01  1.2438E+01  1.5899E-01
  1.1003E+01  1.2509E+01  1.3279E-01
  1.0864E+01  1.2511E+01 -1.4328E-02
  1.0699E+01  1.2487E+01 -1.1694E-01
  1.0642E+01  1.2535E+01 -1.4395E-01
  1.0455E+01  1.2481E+01 -3.1268E-01
  1.0551E+01  1.2413E+01 -2.8897E-01
  1.0577E+01  1.2494E+01 -3.1959E-01
  1.0350E+01  1.2435E+01 -3.9249E-01
  1.0438E+01  1.2515E+01 -3.2718E-01
  1.0551E+01 -1.2592E+01 -3.3725E-01
  1.0404E+01 -1.2591E+01 -3.3365E-01
  1.0510E+01 -1.2580E+01 -3.3339E-01
  1.0576E+01 -1.2515E+01 -3.0376E-01
  1.0549E+01 -1.2499E+01 -2.9439E-01
  1.0785E+01 -1.2531E+01 -3.0535E-01
  1.0815E+01 -1.2558E+01 -2.6202E-01
  1.0761E+01  1.2565E+01 -2.3059E-01
  1.0803E+01  1.2526E+01 -1.8481E-01
  1.0786E+01  1.2496E+01 -2.5265E-01
  1.0731E+01  1.2386E+01 -2.3500E-01
  1.0734E+01  1.2288E+01 -2.5720E-01
  1.0627E+01  1.2105E+01 -3.6216E-01
  1.0461E+01  1.2123E+01 -3.8232E-01
  1.0525E+01  1.2031E+01 -5.8484E-01
  1.0564E+01  1.2052E+01 -6.7125E-01
  1.0599E+01  1.2286E+01 -7.7051E-01
  1.0702E+01  1.2210E+01 -9.0230E-01
  1.0590E+01  1.2409E+01 -9.9412E-01
  1.0680E+01 -1.2552E+01 -1.1817E+00
  1.0911E+01 -1.2558E+01 -1.2405E+00
  1.1038E+01 -1.2519E+01 -1.3596E+00
  1.0992E+01 -1.2475E+01 -1.4334E+00
  1.1007E+01 -1.2566E+01 -1.4441E+00
  1.1110E+01  1.2532E+01 -1.5573E+00
  1.1148E+01 -1.2590E+01 -1.5891E+00
  1.1148E+01 -1.2493E+01 -1.6460E+00
  1.1002E+01  1.2475E+01 -1.5512E+00
  1.1025E+01  1.2551E+01 -1.4875E+00
  1.0884E+01  1.2572E+01 -1.4225E+00
  1.1015E+01  1.2566E+01 -1.2771E+00
  1.1024E+01 -1.2562E+01 -1.1437E+00
  1.0961E+01 -1.2474E+01 -1.0154E+00
  1.1102E+01 -1.2338E+01 -8.6025E-01
  1.1070E+01 -1.2510E+01 -6.8784E-01
  1.1187E+01 -1.2341E+01 -5.3742E-01
  1.1373E+01 -1.2351E+01 -3.5700E-01
  1.1444E+01 -1.2578E+01 -3.7921E-01
  1.1686E+01 -1.2413E+01 -2.6967E-01
  1.1698E+01 -1.2589E+01 -2.3971E-01
  1.1661E+01  1.2341E+01 -2.9220E-01
  1.1760E+01  1.2475E+01 -2.1405E-01
  1.1874E+01  1.2404E+01 -1.9481E-01
  1.1769E+01  1.2351E+01 -2.3900E-01
  1.1845E+01  1.2486E+01 -1.4775E-01
  1.1919E+01  1.2477E+01 -1.6557E-01
  1.1885E+01  1.2378E+01 -2.2245E-01
  1.1921E+01  1.2432E+01 -1.5048E-01
  1.1895E+01  1.2472E+01 -3.1732E-01
  1.1789E+01  1.2515E+01 -3.5782E-01
  1.1749E+01  1.2459E+01 -3.6595E-01
  1.1845E+01  1.2555E+01 -6.4842E-01
  1.1876E+01  1.2510E+01 -7.0186E-01
  1.1795E+01  1.2317E+01 -7.8867E-01
  1.1892E+01  1.2212E+01 -9.9008E-01
  1.1635E+01  1.2187E+01 -9.8503E-01
  1.1702E+01  1.2169E+01 -1.1217E+00
  1.1715E+01  1.2028E+01 -1.2684E+00
  1.1528E+01  1.2182E+01 -1.3109E+00
  1.1454E+01  1.2224E+01 -1.5114E+00
  1.1379E+01  1.1946E+01 -1.5513E+00
  1.1381E+01  1.2173E+01 -1.6407E+00
  1.1261E+01  1.2243E+01 -1.8514E+00
  1.1200E+01  1.2009E+01 -1.9527E+00
  1.1155E+01  1.1989E+01 -1.9164E+00
  1.1080E+01  1.1885E+01 -1.8503E+00
  1.0990E+01  1.2073E+01 -1.9604E+00
  1.0883E+01  1.1980E+01 -1.9367E+00
  1.0878E+01  1.2262E+01 -1.9176E+00
  1.0912E+01  1.2430E+01 -1.8402E+00
  1.0921E+01  1.2258E+01 -1.7639E+00
  1.1010E+01  1.2547E+01 -1.8288E+00
  1.1201E+01  1.2593E+01 -1.7456E+00
  1.1252E+01  1.2279E+01 -1.6947E+00
  1.1282E+01  1.2492E+01 -1.7464E+00
  1.1454E+01  1.2321E+01 -1.6631E+00
  1.1652E+01  1.2040E+01 -1.7308E+00
  1.1873E+01  1.2266E+01 -1.7043E+00
  1.1745E+01  1.2396E+01 -1.6297E+00
  1.2088E+01  1.2150E+01 -1.7386E+00
  1.2200E+01  1.1986E+01 -1.5449E+00
  1.2280E+01  1.2313E+01 -1.4569E+00
  1.2064E+01  1.2426E+01 -1.4602E+00
  1.2069E+01  1.2495E+01 -1.3701E+00
  1.2329E+01  1.2577E+01 -1.1563E+00
  1.2276E+01  1.2256E+01 -9.7124E-01
  1.2141E+01  1.2422E+01 -1.1331E+00
  1.1969E+01 -1.2496E+01 -1.2434E+00
  1.1978E+01  1.2472E+01 -1.2982E+00
  1.2108E+01  1.2473E+01 -1.3841E+00
  1.2026E+01  1.2416E+01 -1.2838E+00
  1.1937E+01  1.2268E+01 -1.5818E+00
  1.1947E+01  1.2081E+01 -1.6553E+00
  1.1931E+01  1.2174E+01 -1.6289E+00
  1.1927E+01  1.2057E+01 -1.7408E+00
  1.1800E+01  1.1737E+01 -1.9584E+00
  1.1607E+01  1.2079E+01 -2.0400E+00
  1.1326E+01  1.1906E+01 -2.0657E+00
  1.1560E+01  1.1820E+01 -2.3404E+00
  1.1484E+01  1.1834E+01 -2.2700E+00
  1.1425E+01  1.2064E+01 -2.2799E+00
  1.1245E+01  1.1840E+01 -2.3887E+00
  1.1205E+01  1.1771E+01 -2.4826E+00
  1.0988E+01  1.2152E+01 -2.5756E+00
  1.0952E+01  1.2068E+01 -2.5323E+00
  1.1000E+01  1.1955E+01 -2.5676E+00
  1.0761E+01  1.2044E+01 -2.5105E+00
  1.0717E+01  1.1898E+01 -2.5298E+00
  1.0833E+01  1.1878E+01 -2.6011E+00
  1.0897E+01  1.1913E+01 -2.4826E+00
  1.1030E+01  1.1881E+01 -2.5781E+00
  1.0900E+01  1.1872E+01 -2.6806E+00
  1.0676E+01  1.1899E+01 -2.7094E+00
  1.0759E+01  1.2011E+01 -2.7872E+00
  1.0912E+01  1.1972E+01 -2.7678E+00
  1.0754E+01  1.2028E+01 -2.8165E+00
  1.0457E+01  1.2236E+01 -2.7907E+00
  1.0434E+01  1.2006E+01 -2.6441E+00
  1.0465E+01  1.1971E+01 -2.6303E+00
  1.0331E+01  1.2008E+01 -2.6096E+00
  9.9923E+00  1.1951E+01 -2.5290E+00
  9.7661E+00  1.1930E+01 -2.3793E+00
  9.7520E+00  1.1887E+01 -2.4679E+00
  9.8484E+00  1.1763E+01 -2.3991E+00
  9.7031E+00  1.1745E+01 -2.3562E+00
  9.4969E+00  1.1757E+01 -2.2150E+00
  9.5426E+00  1.1775E+01 -2.2127E+00
  9.7305E+00  1.1761E+01 -2.4415E+00
  9.9274E+00  1.1742E+01 -2.5419E+00
  9.6599E+00  1.1884E+01 -2.3967E+00
  9.5038E+00  1.1994E+01 -2.5071E+00
  9.8087E+00  1.1835E+01 -2.7247E+00
  1.0029E+01  1.1931E+01 -2.8077E+00
  9.8179E+00  1.1994E+01 -2.9253E+00
  9.7296E+00  1.1942E+01 -2.8223E+00
  9.6790E+00  1.2170E+01 -2.9234E+00
  9.7800E+00  1.2172E+01 -3.0461E+00
  9.8326E+00  1.2162E+01 -2.8693E+00
  9.6470E+00  1.2355E+01 -2.9903E+00
  9.7418E+00  1.2281E+01 -2.8860E+00
  9.7773E+00  1.2250E+01 -2.9390E+00
  9.9161E+00  1.2029E+01 -2.8965E+00
  9.6690E+00  1.2004E+01 -2.9252E+00
  9.4798E+00  1.2018E+01 -2.8149E+00
  9.4855E+00  1.1922E+01 -2.8008E+00
  9.5375E+00  1.1668E+01 -2.8571E+00
  9.6413E+00  1.1678E+01 -2.8008E+00
  9.3123E+00  1.1866E+01 -2.8306E+00
  9.3594E+00  1.1593E+01 -2.6372E+00
  9.4197E+00  1.1597E+01 -2.7331E+00
  9.5492E+00  1.1588E+01 -2.6043E+00
  9.4319E+00  1.1414E+01 -2.5318E+00
  9.3528E+00  1.1516E+01 -2.4802E+00
  9.4810E+00  1.1553E+01 -2.4316E+00
  9.2482E+00  1.1512E+01 -2.3566E+00
  9.4069E+00  1.1634E+01 -2.3850E+00
  9.3897E+00  1.1490E+01 -2.3295E+00
  9.2789E+00  1.1795E+01 -2.4001E+00
  9.3549E+00  1.1841E+01 -2.2966E+00
  9.3075E+00  1.2031E+01 -2.4554E+00
  9.1406E+00  1.2005E+01 -2.4418E+00
  9.2082E+00  1.2028E+01 -2.3797E+00
  9.2581E+00  1.2135E+01 -2.3832E+00
  9.3425E+00  1.2193E+01 -2.4727E+00
  9.2459E+00  1.1967E+01 -2.3358E+00
  9.1228E+00  1.1943E+01 -2.2317E+00
  9.2479E+00  1.2032E+01 -2.2486E+00
  9.4103E+00  1.2127E+01 -2.3563E+00
  9.2667E+00  1.2016E+01 -2.3143E+00
  9.2545E+00  1.2098E+01 -2.3553E+00
  9.1997E+00  1.2040E+01 -2.3864E+00
  9.1539E+00  1.1839E+01 -2.4311E+00
  9.2143E+00  1.1742E+01 -2.4924E+00
  9.1773E+00  1.1824E+01 -2.6925E+00
  9.1129E+00  1.1608E+01 -2.6667E+00
  9.0752E+00  1.1643E+01 -2.8229E+00
  9.0301E+00  1.1707E+01 -2.8130E+00
  9.0163E+00  1.1800E+01 -2.6352E+00
  8.9051E+00  1.1716E+01 -2.4471E+00
  8.9281E+00  1.1545E+01 -2.4677E+00
  8.9809E+00  1.1656E+01 -2.4583E+00
  8.8264E+00  1.1725E+01 -2.5554E+00
  9.0954E+00  1.1569E+01 -2.5134E+00
  9.2469E+00  1.1602E+01 -2.5150E+00
  9.0581E+00  1.1823E+01 -2.5713E+00
  9.2877E+00  1.1896E+01 -2.5330E+00
  9.5106E+00  1.1808E+01 -2.5351E+00
  9.2566E+00  1.1797E+01 -2.5895E+00
  9.3205E+00  1.2181E+01 -2.6335E+00
  9.2583E+00  1.1888E+01 -2.4710E+00
  9.1379E+00  1.1794E+01 -2.4880E+00
  9.2312E+00  1.1881E+01 -2.4385E+00
  9.4493E+00  1.1964E+01 -2.4071E+00
  9.4095E+00  1.2226E+01 -2.5602E+00
  9.2042E+00  1.1866E+01 -2.2730E+00
  9.1456E+00  1.1795E+01 -2.2234E+00
  9.2455E+00  1.2040E+01 -2.2512E+00
  9.3853E+00  1.1960E+01 -2.2264E+00
  9.3679E+00  1.1759E+01 -2.2759E+00
  9.4574E+00  1.1797E+01 -2.1187E+00
  9.3729E+00  1.1836E+01 -2.1289E+00
  9.3651E+00  1.1795E+01 -2.2642E+00
  9.4238E+00  1.1443E+01 -2.1797E+00
  9.2922E+00  1.1362E+01 -2.3169E+00
  9.1661E+00  1.1542E+01 -2.3114E+00
  9.0322E+00  1.1369E+01 -2.2960E+00
  9.0571E+00  1.1454E+01 -2.4389E+00
  9.2900E+00  1.1599E+01 -2.3620E+00
  9.2613E+00  1.1510E+01 -2.5377E+00
  9.4129E+00  1.1501E+01 -2.5781E+00
  9.3320E+00  1.1582E+01 -2.3067E+00
  8.9699E+00  1.1733E+01 -2.5613E+00
  8.9418E+00  1.1621E+01 -2.4604E+00
  9.1531E+00  1.1821E+01 -2.5372E+00
  9.1337E+00  1.1886E+01 -2.6525E+00
  9.2567E+00  1.2009E+01 -2.4730E+00
  9.1939E+00  1.2051E+01 -2.4866E+00
  8.9811E+00  1.1860E+01 -2.3220E+00
  8.9910E+00  1.1964E+01 -2.4092E+00
  9.0649E+00  1.2046E+01 -2.5066E+00
  9.2626E+00  1.1790E+01 -2.2524E+00
  9.1130E+00  1.1899E+01 -2.4752E+00
  9.0306E+00  1.1937E+01 -2.3486E+00
  9.2063E+00  1.1838E+01 -2.2138E+00
  9.0716E+00  1.1725E+01 -2.2885E+00
  9.1214E+00  1.1739E+01 -2.1278E+00
  8.9707E+00  1.2014E+01 -2.3589E+00
  8.9383E+00  1.1885E+01 -2.2993E+00
  9.2101E+00  1.1812E+01 -2.0886E+00
  9.1991E+00  1.1980E+01 -2.3878E+00
  9.2527E+00  1.1992E+01 -2.2936E+00
  9.5027E+00  1.2445E+01 -2.5435E+00
  9.2421E+00  1.2398E+01 -2.5969E+00
  9.1630E+00  1.2289E+01 -2.7174E+00
  9.1630E+00  1.2227E+01 -2.6899E+00
  8.8939E+00  1.2260E+01 -2.7082E+00
  9.0391E+00  1.2176E+01 -2.6377E+00
  9.2151E+00  1.2169E+01 -2.6787E+00
  9.0870E+00  1.2068E+01 -2.6566E+00
  9.0565E+00  1.1898E+01 -2.4199E+00
  9.0199E+00  1.1861E+01 -2.5096E+00
  9.1036E+00  1.1774E+01 -2.5256E+00
  9.1751E+00  1.1674E+01 -2.4631E+00
  9.0601E+00  1.1475E+01 -2.4440E+00
  9.1126E+00  1.1463E+01 -2.3914E+00
  8.9702E+00  1.1579E+01 -2.4320E+00
  8.8728E+00  1.1471E+01 -2.4888E+00
  9.1858E+00  1.1488E+01 -2.4307E+00
  9.1667E+00  1.1548E+01 -2.5204E+00
  9.0041E+00  1.1803E+01 -2.6742E+00
  9.0737E+00  1.1724E+01 -2.4960E+00
  8.7969E+00  1.1833E+01 -2.5026E+00
  8.8774E+00  1.2081E+01 -2.4738E+00
  9.1547E+00  1.2372E+01 -2.6994E+00
  9.1381E+00  1.2380E+01 -2.6821E+00
  8.8089E+00  1.2513E+01 -2.6129E+00
  8.6777E+00  1.2465E+01 -2.6424E+00
  8.8785E+00  1.2275E+01 -2.6006E+00
  9.0382E+00  1.2236E+01 -2.7630E+00
  9.0767E+00  1.2262E+01 -2.8594E+00
  8.9260E+00  1.2106E+01 -2.6804E+00
  8.9635E+00  1.2014E+01 -2.6377E+00
  8.7417E+00  1.1979E+01 -2.4791E+00
  8.6251E+00  1.1928E+01 -2.4608E+00
  8.9453E+00  1.1989E+01 -2.5144E+00
  8.9283E+00  1.1719E+01 -2.4194E+00
  8.7493E+00  1.1545E+01 -2.3690E+00
  8.9220E+00  1.1723E+01 -2.3332E+00
  8.9271E+00  1.1620E+01 -2.2984E+00
  8.9239E+00  1.1687E+01 -2.4085E+00
  8.9720E+00  1.1916E+01 -2.4712E+00
  8.9537E+00  1.2016E+01 -2.5251E+00
  8.9457E+00  1.2045E+01 -2.6221E+00
  8.9309E+00  1.1990E+01 -2.6047E+00
  8.8101E+00  1.2146E+01 -2.7195E+00
  8.6886E+00  1.2053E+01 -2.6170E+00
  8.6646E+00  1.2025E+01 -2.7153E+00
  8.7726E+00  1.2273E+01 -2.8875E+00
  8.8126E+00  1.2303E+01 -2.7592E+00
  8.8853E+00  1.2164E+01 -2.6826E+00
  8.9924E+00  1.2380E+01 -2.8206E+00
  9.0099E+00  1.1911E+01 -2.4440E+00
  8.6944E+00  1.1966E+01 -2.4360E+00
  8.7164E+00  1.1859E+01 -2.1509E+00
  8.7723E+00  1.2437E+01 -2.2382E+00
  8.9913E+00  1.1688E+01 -1.8170E+00
  8.9300E+00  1.1879E+01 -2.0541E+00
  9.0473E+00  1.2082E+01 -2.2326E+00
  8.8404E+00  1.2082E+01 -2.2603E+00
  8.7772E+00  1.2314E+01 -2.4452E+00
  8.7212E+00  1.2099E+01 -2.3375E+00
  8.5873E+00  1.2319E+01 -2.6750E+00
  8.8489E+00  1.2181E+01 -2.5483E+00
  8.9283E+00  1.2206E+01 -2.6027E+00
  8.8506E+00  1.2290E+01 -2.6296E+00
  8.9130E+00  1.2066E+01 -2.3380E+00
  8.6724E+00  1.2218E+01 -2.4690E+00
  8.7397E+00  1.1841E+01 -2.2589E+00
  8.7589E+00  1.2355E+01 -2.6457E+00
  8.5921E+00  1.2241E+01 -2.6960E+00
  8.5087E+00  1.2000E+01 -2.4785E+00
  8.6001E+00  1.2243E+01 -2.8092E+00
  8.7006E+00  1.2075E+01 -2.6228E+00
  8.7284E+00  1.2051E+01 -2.5391E+00
  8.7024E+00  1.2007E+01 -2.5642E+00
  8.6710E+00  1.1883E+01 -2.3934E+00
  8.5828E+00  1.1969E+01 -2.3672E+00
  8.4799E+00  1.1699E+01 -2.2880E+00
  8.5406E+00  1.1497E+01 -2.0414E+00
  8.6055E+00  1.1867E+01 -2.1973E+00
  8.8613E+00  1.1813E+01 -2.2845E+00
  8.6016E+00  1.1882E+01 -2.2945E+00
  8.9206E+00  1.1849E+01 -2.4006E+00
  8.7272E+00  1.1713E+01 -2.4049E+00
  8.4819E+00  1.1948E+01 -2.5265E+00
  8.5263E+00  1.2068E+01 -2.5875E+00
  8.6412E+00  1.2182E+01 -2.6335E+00
  8.8459E+00  1.2287E+01 -2.5394E+00
  8.4850E+00  1.2322E+01 -2.4062E+00
  8.3344E+00 -1.2384E+01 -2.4704E+00
  8.4795E+00 -1.2497E+01 -2.2354E+00
  8.3035E+00  1.2499E+01 -2.3009E+00
  8.3572E+00  1.2442E+01 -2.3390E+00
  8.6284E+00  1.2438E+01 -2.3901E+00
  8.5300E+00  1.2320E+01 -2.4863E+00
  8.5162E+00  1.1978E+01 -2.2608E+00
  8.4319E+00  1.2229E+01 -2.4679E+00
  8.4803E+00  1.2057E+01 -2.4760E+00
  8.3977E+00  1.2103E+01 -2.4811E+00
  8.3046E+00  1.2262E+01 -2.5348E+00
  8.3735E+00  1.2134E+01 -2.3019E+00
  8.2950E+00  1.2308E+01 -2.3300E+00
  8.4658E+00  1.2366E+01 -2.4333E+00
  8.5660E+00  1.2392E+01 -2.3779E+00
  8.3381E+00  1.2561E+01 -2.5064E+00
  8.4718E+00  1.2317E+01 -2.4184E+00
  8.5183E+00  1.2207E+01 -2.4505E+00
  8.4718E+00  1.2162E+01 -2.4810E+00
  8.4356E+00  1.2099E+01 -2.4695E+00
  8.4508E+00  1.1965E+01 -2.3909E+00
  8.1650E+00  1.2172E+01 -2.5051E+00
  8.1012E+00  1.2061E+01 -2.3833E+00
  7.9811E+00  1.2110E+01 -2.2929E+00
  7.9414E+00  1.2247E+01 -2.2778E+00
  8.1601E+00  1.2482E+01 -2.3081E+00
  8.1603E+00 -1.2570E+01 -2.3519E+00
  8.1091E+00  1.2558E+01 -2.2242E+00
  8.1012E+00 -1.2583E+01 -2.2350E+00
  8.2443E+00 -1.2494E+01 -2.3431E+00
  8.4171E+00  1.2489E+01 -2.2573E+00
  8.2762E+00  1.2488E+01 -2.2930E+00
  8.1834E+00  1.2421E+01 -2.2269E+00
