  1.1991E+01  3.9790E+00  4.1983E-01
  1.2224E+01  3.8106E+00  1.5583E-01
  1.2058E+01  3.4348E+00 -3.4051E-01
  1.2017E+01  3.3419E+00 -3.4606E-01
  1.1985E+01  3.5625E+00  6.1842E-01
  1.1853E+01  3.6630E+00 -9.5449E-02
  1.1935E+01  3.8850E+00  2.0515E-01
  1.1889E+01  4.1047E+00 -2.1324E-03
  1.1805E+01  4.2503E+00  1.0813E-01
  1.1723E+01  4.2978E+00  5.0238E-02
  1.1777E+01  4.3127E+00  6.0133E-03
  1.1787E+01  4.3350E+00  2.0784E-02
  1.1750E+01  4.3491E+00 -1.6118E-02
  1.1772E+01  4.3347E+00 -2.7930E-02
  1.1726E+01  4.3511E+00 -4.5456E-02
  1.1638E+01  4.4208E+00 -9.3374E-02
  1.1607E+01  4.5097E+00 -1.0773E-01
  1.1611E+01  4.5860E+00 -1.2926E-01
  1.1609E+01  4.6606E+00 -1.7202E-01
  1.1585E+01  4.7536E+00 -1.9114E-01
  1.1569E+01  4.8695E+00 -2.3674E-01
  1.1517E+01  5.0195E+00 -3.2453E-01
  1.1393E+01  5.1183E+00 -3.7175E-01
  1.1325E+01  5.1328E+00 -4.4809E-01
  1.1335E+01  5.2330E+00 -5.5535E-01
  1.1333E+01  5.3931E+00 -6.1880E-01
  1.1530E+01  4.8750E+00 -8.8968E-01
  1.1708E+01  4.3339E+00 -1.1127E+00
  1.1632E+01  3.8025E+00 -1.3264E+00
  1.1891E+01  3.4331E+00 -1.1867E+00
  1.2097E+01  3.0986E+00 -9.7996E-01
  1.1927E+01  2.7757E+00 -1.1111E+00
  1.1552E+01  1.9452E+00 -1.0898E+00
  1.0873E+01  1.3720E+00 -7.5491E-01
  1.0745E+01  1.0657E+00 -4.7156E-01
  1.0261E+01  8.3800E-01 -2.6397E-01
  9.9256E+00  7.0368E-01 -8.7431E-01
  9.2895E+00  1.0072E+00 -1.0473E+00
  8.7281E+00  8.8852E-01 -6.0246E-01
  8.4777E+00  7.4322E-01 -3.8813E-01
  8.1880E+00  9.4605E-01 -3.0098E-01
  8.1668E+00  1.6039E+00  2.6474E-01
  7.9060E+00  1.5240E+00  5.8112E-01
  7.7420E+00  1.8002E+00  6.8943E-01
  7.6560E+00  2.1746E+00  6.0865E-01
  7.3898E+00  2.2439E+00  6.6883E-01
  7.2595E+00  2.2757E+00  8.7603E-01
  7.2744E+00  2.4438E+00  9.5526E-01
  7.1676E+00  2.5007E+00  1.0976E+00
  6.9252E+00  2.5142E+00  1.2140E+00
  6.7941E+00  2.6847E+00  1.1899E+00
  6.4491E+00  2.7248E+00  1.2402E+00
  6.2153E+00  2.7373E+00  1.3654E+00
  6.2285E+00  2.8092E+00  1.3725E+00
  6.1738E+00  2.7022E+00  1.4771E+00
  6.0885E+00  2.7297E+00  1.6097E+00
  6.1786E+00  2.7733E+00  1.6945E+00
  6.1829E+00  2.8481E+00  1.5807E+00
  6.1131E+00  2.9240E+00  1.6372E+00
  6.1592E+00  2.8839E+00  1.7891E+00
  6.1538E+00  2.9987E+00  1.6284E+00
  6.2908E+00  3.1366E+00  1.7903E+00
  6.2097E+00  3.2576E+00  1.6937E+00
  6.1376E+00  3.2175E+00  1.5638E+00
  6.1495E+00  3.3523E+00  1.6403E+00
  6.0108E+00  3.3727E+00  1.5203E+00
  5.9842E+00  3.3650E+00  1.6878E+00
  5.8791E+00  3.0857E+00  1.7974E+00
  5.9465E+00  3.2323E+00  1.7653E+00
  5.8070E+00  3.2418E+00  1.8114E+00
  5.7628E+00  3.0988E+00  1.7880E+00
  5.7685E+00  3.1070E+00  1.6489E+00
  5.7876E+00  3.0083E+00  1.7819E+00
  5.7949E+00  2.6985E+00  1.8727E+00
  5.9974E+00  3.0110E+00  1.8040E+00
  5.9459E+00  3.0193E+00  1.6503E+00
  5.9283E+00  2.8696E+00  1.5461E+00
  5.9393E+00  3.0215E+00  1.3369E+00
  5.8248E+00  2.8248E+00  1.5118E+00
  5.8783E+00  3.0040E+00  1.3790E+00
  5.7411E+00  2.8755E+00  1.0816E+00
  5.5965E+00  2.6847E+00  1.1756E+00
  5.6639E+00  2.8171E+00  1.2337E+00
  5.4093E+00  2.8528E+00  1.1668E+00
  5.3600E+00  3.1017E+00  1.1439E+00
  5.3112E+00  3.1735E+00  1.1140E+00
  4.9612E+00  3.0985E+00  1.1546E+00
  5.0664E+00  3.4102E+00  1.1610E+00
  5.0781E+00  3.3362E+00  1.1836E+00
  5.1101E+00  3.5210E+00  1.2284E+00
  5.1740E+00  3.5275E+00  1.2207E+00
  5.1622E+00  3.3013E+00  1.1581E+00
  5.3313E+00  3.5826E+00  1.2432E+00
  5.2450E+00  3.3056E+00  1.2358E+00
  5.4405E+00  3.2854E+00  1.2323E+00
  5.5988E+00  3.2646E+00  1.4329E+00
  5.5666E+00  2.9302E+00  1.5290E+00
  5.6147E+00  2.9347E+00  1.5067E+00
  5.7643E+00  2.9359E+00  1.7572E+00
  5.9377E+00  3.0732E+00  1.7476E+00
  5.9929E+00  2.8719E+00  1.8439E+00
  5.9494E+00  2.9425E+00  1.9038E+00
  6.0464E+00  3.0932E+00  1.7602E+00
  6.1856E+00  2.7591E+00  2.0345E+00
  6.0990E+00  2.9845E+00  1.9449E+00
  6.2336E+00  3.1202E+00  2.0551E+00
  6.3446E+00  3.1006E+00  2.1768E+00
  6.1085E+00  3.3704E+00  1.9917E+00
  5.9712E+00  3.3181E+00  1.9706E+00
  6.0496E+00  3.5871E+00  2.0161E+00
  5.9758E+00  3.6088E+00  2.1718E+00
  5.8733E+00  3.4884E+00  2.2099E+00
  5.7799E+00  3.4069E+00  1.9726E+00
  5.5348E+00  3.3561E+00  1.9851E+00
  5.5143E+00  3.4653E+00  2.0111E+00
  5.5608E+00  3.4119E+00  2.0686E+00
  5.3196E+00  3.3430E+00  1.9524E+00
  5.1327E+00  3.0829E+00  1.6237E+00
  5.1756E+00  2.9170E+00  1.4780E+00
  5.3402E+00  3.0536E+00  1.5590E+00
  5.2904E+00  3.0010E+00  1.3090E+00
  5.0378E+00  2.6619E+00  9.7906E-01
  4.9375E+00  2.8703E+00  8.6303E-01
  4.9652E+00  3.1086E+00  8.5787E-01
  5.1622E+00  2.9157E+00  8.3665E-01
  4.9392E+00  3.4000E+00  7.3244E-01
  4.7058E+00  3.5735E+00  6.9749E-01
  4.8143E+00  3.5670E+00  6.4697E-01
  4.8538E+00  3.6279E+00  7.1753E-01
  4.5563E+00  3.9883E+00  6.2871E-01
  4.8999E+00  4.0136E+00  6.3278E-01
  5.0970E+00  3.8188E+00  6.9718E-01
  4.8203E+00  3.9922E+00  5.6227E-01
  4.9643E+00  3.8409E+00  5.8193E-01
  5.0008E+00  4.0158E+00  6.8464E-01
  4.7594E+00  4.2515E+00  5.6129E-01
  4.5943E+00  3.9829E+00  5.2369E-01
  4.6121E+00  3.9804E+00  7.6348E-01
  4.4638E+00  3.7747E+00  6.8504E-01
  4.6635E+00  4.0709E+00  7.5557E-01
  4.6771E+00  4.0263E+00  9.5718E-01
  4.6464E+00  4.1214E+00  8.2809E-01
  4.5677E+00  3.8955E+00  7.1085E-01
  4.6526E+00  3.8278E+00  6.8935E-01
  4.5956E+00  3.7527E+00  4.6259E-01
  4.8114E+00  3.8402E+00  4.2923E-01
  4.9606E+00  4.1073E+00  4.7364E-01
  4.7567E+00  4.0630E+00  1.7835E-01
  4.7190E+00  4.2972E+00  1.5112E-01
  4.7062E+00  4.2557E+00  6.0709E-02
  4.6676E+00  4.1556E+00 -1.0294E-01
  4.7909E+00  4.2111E+00  6.4718E-03
  4.9881E+00  4.1502E+00 -8.9065E-03
  4.9733E+00  4.0065E+00 -4.8831E-02
  5.0044E+00  3.9941E+00  1.6057E-01
  5.0335E+00  3.9637E+00  2.9734E-01
  4.8815E+00  4.0490E+00  4.1559E-01
  4.8535E+00  4.2390E+00  6.3129E-01
  4.8595E+00  4.2890E+00  6.9411E-01
  4.7368E+00  4.3618E+00  5.8760E-01
  4.7767E+00  4.3995E+00  5.5428E-01
  4.6525E+00  4.2518E+00  2.9816E-01
  4.5754E+00  4.1693E+00  8.2757E-02
  4.5339E+00  4.1291E+00  5.0445E-02
  4.6536E+00  4.4203E+00  1.7905E-01
  4.6201E+00  4.2121E+00  2.4747E-01
  4.4769E+00  4.1917E+00  3.4539E-01
  4.5139E+00  3.9547E+00  2.3298E-01
  4.6291E+00  4.2180E+00  3.9299E-01
  4.5448E+00  3.9994E+00  4.1468E-01
  4.6869E+00  4.0271E+00  3.2556E-01
  4.8687E+00  3.8709E+00  2.2684E-01
  4.8377E+00  3.9803E+00  2.5768E-01
  4.9000E+00  3.9511E+00  9.7044E-02
  5.0588E+00  4.2143E+00  1.9934E-01
  5.0941E+00  4.1914E+00  3.2780E-01
  5.0310E+00  4.2599E+00  1.5348E-01
  5.0810E+00  4.2685E+00  1.4893E-01
  5.0636E+00  4.2772E+00  1.8533E-01
  5.0214E+00  4.2612E+00  7.2503E-03
  5.0040E+00  4.2303E+00  1.3759E-01
  4.9363E+00  4.3289E+00  2.3346E-01
  4.8088E+00  4.0643E+00  7.9625E-02
  4.6577E+00  4.2404E+00  3.3993E-01
  4.5708E+00  4.0250E+00  3.1771E-01
  4.3936E+00  3.9758E+00  1.5551E-01
  4.4235E+00  4.1391E+00  3.4860E-01
  4.3015E+00  3.7656E+00  3.0059E-01
  4.3797E+00  3.9116E+00  2.6017E-01
  4.2134E+00  3.7565E+00  1.3955E-01
  4.3425E+00  3.8990E+00  1.1738E-01
  4.2540E+00  3.9822E+00 -9.9386E-02
  4.2433E+00  4.2215E+00 -1.3661E-01
  4.3672E+00  4.3226E+00 -2.4667E-01
  4.3687E+00  4.1760E+00 -3.2715E-01
  4.4765E+00  4.3462E+00 -2.5547E-01
  4.4510E+00  4.1164E+00 -4.3815E-01
  4.5955E+00  4.1974E+00 -3.2684E-01
  4.6445E+00  4.2810E+00 -2.1653E-01
  4.6144E+00  3.7621E+00 -2.9584E-01
  4.7803E+00  4.1759E+00 -6.6874E-02
  4.6579E+00  3.8923E+00  1.6676E-01
  4.9411E+00  4.3917E+00  2.3191E-01
  4.7808E+00  4.0161E+00  3.3019E-01
  4.8948E+00  4.3629E+00  3.1661E-01
  4.9629E+00  4.1816E+00  3.5286E-01
  5.0087E+00  4.3368E+00  4.6334E-01
  5.0391E+00  4.4466E+00  4.8955E-01
  4.8531E+00  4.2235E+00  5.2571E-01
  4.7964E+00  4.4874E+00  4.9557E-01
  4.6137E+00  4.3451E+00  6.5623E-01
  4.6983E+00  4.5508E+00  6.1098E-01
  4.5033E+00  4.1899E+00  7.7956E-01
  4.6090E+00  4.3501E+00  6.5505E-01
  4.5485E+00  3.9669E+00  5.1179E-01
  4.4400E+00  4.1192E+00  4.0275E-01
  4.6817E+00  4.1266E+00  4.6071E-01
  4.6873E+00  3.9125E+00  3.4697E-01
  4.7084E+00  4.1673E+00  2.4918E-01
  4.7229E+00  3.9569E+00  3.9104E-01
  4.6375E+00  4.1133E+00  2.8596E-01
  4.5502E+00  4.2115E+00  1.4905E-01
  4.4553E+00  4.0649E+00  1.9781E-01
  4.4308E+00  3.9305E+00  5.1278E-03
  4.3375E+00  4.0560E+00 -2.2641E-01
  4.2548E+00  4.0090E+00 -1.6800E-01
  4.1749E+00  3.9291E+00 -3.5391E-01
  4.1074E+00  4.2061E+00 -3.7662E-01
  4.2136E+00  4.0985E+00 -9.1363E-02
  4.3274E+00  4.1590E+00 -3.8708E-02
  4.2940E+00  4.2012E+00  1.2386E-01
  4.4117E+00  4.0402E+00  3.0275E-01
  4.4891E+00  4.3308E+00  3.5026E-01
  4.5367E+00  4.0375E+00  4.8855E-01
  4.6010E+00  3.9899E+00  6.0512E-01
  4.6227E+00  4.1786E+00  5.9865E-01
  4.7946E+00  3.9574E+00  8.7945E-01
  4.9953E+00  4.1117E+00  1.0090E+00
  5.0442E+00  4.2825E+00  1.1116E+00
  5.3349E+00  4.4082E+00  1.2732E+00
  5.4162E+00  4.5570E+00  1.2725E+00
  5.4987E+00  4.4157E+00  1.3293E+00
  5.4858E+00  4.4879E+00  1.2208E+00
  5.3412E+00  4.4536E+00  1.1550E+00
  5.3730E+00  4.4460E+00  1.1590E+00
  5.2526E+00  4.2833E+00  1.1506E+00
  5.4558E+00  4.3909E+00  9.8482E-01
  5.5015E+00  4.4869E+00  1.0410E+00
  5.5080E+00  4.4242E+00  1.0492E+00
  5.5941E+00  4.5635E+00  1.0552E+00
  5.7722E+00  4.6699E+00  9.9523E-01
  5.7873E+00  4.7102E+00  9.1614E-01
  5.6253E+00  4.4844E+00  9.8560E-01
  5.7329E+00  4.2283E+00  8.5557E-01
  5.6211E+00  4.2074E+00  7.6286E-01
  5.4939E+00  4.2546E+00  7.1615E-01
  5.3408E+00  4.0842E+00  6.2625E-01
  5.3138E+00  4.2222E+00  6.0579E-01
  5.2307E+00  4.0995E+00  6.6175E-01
  5.2553E+00  4.0936E+00  6.5702E-01
  5.2384E+00  4.2083E+00  7.1579E-01
  5.2416E+00  4.3558E+00  7.2242E-01
  4.9642E+00  4.2238E+00  7.2713E-01
  4.8728E+00  4.1392E+00  7.3815E-01
  4.9063E+00  4.1583E+00  7.2098E-01
  4.7731E+00  4.0791E+00  6.9583E-01
  4.7761E+00  4.1425E+00  7.0538E-01
  4.7801E+00  4.1870E+00  7.3667E-01
  4.7894E+00  4.0997E+00  8.3454E-01
  4.8623E+00  4.1833E+00  9.0279E-01
  4.8194E+00  4.0921E+00  9.3152E-01
  4.9744E+00  4.1941E+00  1.0613E+00
  5.0390E+00  4.2603E+00  1.0606E+00
  4.8210E+00  4.1636E+00  1.0190E+00
  4.9154E+00  4.1814E+00  1.0696E+00
  4.9825E+00  4.0117E+00  1.1014E+00
  4.8895E+00  4.1035E+00  1.1461E+00
  4.9619E+00  4.0615E+00  1.1499E+00
  5.1641E+00  4.2170E+00  1.2293E+00
  4.9945E+00  4.1486E+00  1.3087E+00
  5.3322E+00  4.3106E+00  1.2749E+00
  5.0019E+00  4.1370E+00  1.2651E+00
  5.2942E+00  4.3079E+00  1.2727E+00
  5.0994E+00  4.1685E+00  1.1051E+00
  5.2244E+00  4.1607E+00  1.0532E+00
  5.1943E+00  4.1225E+00  9.1217E-01
  4.8812E+00  4.0622E+00  8.0063E-01
  5.0648E+00  4.0669E+00  6.7271E-01
  5.1112E+00  4.1140E+00  5.6020E-01
  5.3249E+00  4.2050E+00  5.0185E-01
  5.0401E+00  4.0150E+00  4.5411E-01
  5.1299E+00  4.1797E+00  4.7860E-01
  5.3453E+00  4.1396E+00  5.2467E-01
  5.3001E+00  4.1184E+00  5.5271E-01
  5.1975E+00  4.2038E+00  6.4368E-01
  5.3189E+00  4.1369E+00  6.7884E-01
  5.3790E+00  4.3071E+00  7.8275E-01
  5.2114E+00  4.0479E+00  8.0927E-01
  5.2656E+00  4.0700E+00  8.8717E-01
  5.0957E+00  3.9668E+00  9.7052E-01
  5.2315E+00  3.9135E+00  9.4841E-01
  5.1734E+00  3.9234E+00  1.0790E+00
  4.9221E+00  3.8604E+00  1.0739E+00
  5.0466E+00  4.1514E+00  9.5728E-01
  4.7491E+00  3.9509E+00  1.0665E+00
  5.0895E+00  4.0899E+00  1.1072E+00
  4.9473E+00  3.7983E+00  1.0489E+00
  5.1162E+00  3.9443E+00  1.0717E+00
  5.2795E+00  4.0275E+00  9.9048E-01
  5.0487E+00  4.0090E+00  9.1300E-01
  5.0605E+00  4.1029E+00  8.5350E-01
  5.0431E+00  4.1382E+00  8.1005E-01
  5.2538E+00  4.2638E+00  8.4956E-01
  5.2993E+00  4.1311E+00  8.6865E-01
  5.2324E+00  4.0195E+00  7.9361E-01
  5.2007E+00  3.9329E+00  7.9096E-01
  5.2310E+00  4.1083E+00  7.5027E-01
  5.0269E+00  3.8651E+00  6.0928E-01
  4.9733E+00  3.7200E+00  5.8314E-01
  5.0941E+00  3.8827E+00  6.0731E-01
  4.9836E+00  3.8828E+00  5.7900E-01
  4.9110E+00  3.9465E+00  6.1559E-01
  5.1473E+00  4.0516E+00  6.5237E-01
  5.2449E+00  4.0887E+00  6.9935E-01
  5.1316E+00  4.0706E+00  7.7669E-01
  5.4302E+00  4.0246E+00  8.3099E-01
  5.4536E+00  4.1807E+00  8.4990E-01
  5.4058E+00  4.0994E+00  9.3611E-01
  5.4333E+00  4.0709E+00  8.6450E-01
  5.2923E+00  3.9265E+00  9.8508E-01
  5.5450E+00  3.8345E+00  1.0905E+00
  5.2963E+00  3.9453E+00  1.0461E+00
  5.4833E+00  4.0943E+00  1.2968E+00
  5.6708E+00  3.9481E+00  1.3010E+00
  5.2244E+00  4.2293E+00  1.2644E+00
  5.4985E+00  4.3460E+00  1.2692E+00
  5.6374E+00  4.1529E+00  1.3089E+00
  5.5344E+00  4.2848E+00  1.2195E+00
  5.2963E+00  4.0235E+00  9.7604E-01
  5.6400E+00  4.0330E+00  8.7810E-01
  5.5447E+00  4.0683E+00  7.7969E-01
  5.4210E+00  3.8045E+00  7.4365E-01
  5.4469E+00  3.7471E+00  7.2015E-01
  5.5301E+00  3.9489E+00  7.3575E-01
  5.5223E+00  3.8472E+00  8.5820E-01
  5.4007E+00  3.9790E+00  8.2087E-01
  5.3300E+00  3.8433E+00  8.1992E-01
  5.4797E+00  3.8197E+00  8.8870E-01
  5.3943E+00  3.8139E+00  7.6098E-01
  5.3136E+00  3.7498E+00  7.1344E-01
  5.3311E+00  3.8778E+00  6.3769E-01
  5.2468E+00  4.0748E+00  5.4594E-01
  5.3568E+00  4.0471E+00  5.7511E-01
  5.3117E+00  3.9931E+00  4.7708E-01
  5.5150E+00  4.0331E+00  4.9378E-01
  5.6010E+00  4.0414E+00  5.4478E-01
  5.3799E+00  4.0234E+00  4.3585E-01
  5.2902E+00  3.9258E+00  4.9315E-01
  5.3409E+00  3.7991E+00  4.9298E-01
  5.3441E+00  3.7267E+00  5.5678E-01
  5.3775E+00  3.5920E+00  6.6796E-01
  5.3978E+00  3.5399E+00  6.8439E-01
  5.5784E+00  3.8208E+00  8.5319E-01
  5.5116E+00  3.7491E+00  9.1091E-01
  5.7461E+00  3.8206E+00  9.2964E-01
  5.6986E+00  4.0252E+00  1.0180E+00
  5.7804E+00  4.0628E+00  9.7146E-01
  6.0377E+00  4.1621E+00  9.7097E-01
  5.7404E+00  4.1524E+00  8.9175E-01
  5.9561E+00  4.2399E+00  8.4416E-01
  5.7339E+00  3.8446E+00  8.7396E-01
  5.8554E+00  3.9627E+00  7.3835E-01
  5.8344E+00  3.7283E+00  8.3688E-01
  5.7033E+00  3.7918E+00  7.5235E-01
  5.7469E+00  4.0198E+00  6.6802E-01
  5.7311E+00  3.7119E+00  7.6526E-01
  5.9175E+00  3.9655E+00  6.6010E-01
  5.7486E+00  3.6709E+00  6.2844E-01
  5.7125E+00  3.8045E+00  5.6994E-01
  5.7175E+00  3.8435E+00  4.2087E-01
  5.7536E+00  3.6847E+00  3.6769E-01
  5.5636E+00  3.8334E+00  2.6308E-01
  5.3384E+00  3.6902E+00  2.0613E-01
  5.6345E+00  3.6566E+00  2.7293E-01
  5.6306E+00  3.5222E+00  2.0986E-01
  5.5266E+00  3.4050E+00  3.8732E-01
  5.5940E+00  3.7551E+00  5.4479E-01
  5.8108E+00  3.8361E+00  5.5704E-01
  5.6503E+00  3.8707E+00  7.9449E-01
  5.7546E+00  3.8599E+00  8.1125E-01
  5.6991E+00  3.9263E+00  6.3245E-01
  5.5298E+00  3.8711E+00  7.1087E-01
  5.7074E+00  3.5444E+00  5.5808E-01
  5.9360E+00  3.6793E+00  5.2550E-01
  5.7096E+00  3.7150E+00  5.5677E-01
  5.8583E+00  3.5811E+00  5.1499E-01
  5.7858E+00  3.7075E+00  5.8698E-01
  5.9993E+00  3.7100E+00  7.5423E-01
  5.8582E+00  3.7792E+00  6.7844E-01
  5.7925E+00  3.8462E+00  7.3814E-01
