  1.1418E+01  5.8032E+00 -7.9104E-01
  1.1205E+01  6.1419E+00 -1.8726E-01
  1.1494E+01  5.5500E+00  4.0960E-01
  1.1300E+01  5.9209E+00  4.9918E-01
  1.0994E+01  5.8146E+00 -4.6129E-01
  1.0811E+01  6.0479E+00 -1.6527E-01
  1.0816E+01  6.0478E+00 -2.8757E-01
  1.0801E+01  6.0845E+00 -1.5864E-01
  1.0718E+01  6.1615E+00 -5.2267E-03
  1.0585E+01  6.2383E+00 -7.6760E-03
  1.0502E+01  6.1851E+00 -3.8375E-03
  1.0456E+01  6.1515E+00  2.8706E-02
  1.0441E+01  6.1380E+00  5.8692E-02
  1.0463E+01  6.1041E+00  7.3473E-02
  1.0433E+01  6.1333E+00  1.0500E-01
  1.0384E+01  6.1871E+00  1.7966E-01
  1.0338E+01  6.2367E+00  2.2055E-01
  1.0285E+01  6.3042E+00  2.5373E-01
  1.0220E+01  6.3965E+00  3.1413E-01
  1.0150E+01  6.4850E+00  3.1488E-01
  1.0117E+01  6.5982E+00  2.7980E-01
  1.0194E+01  6.6980E+00  2.6497E-01
  1.0257E+01  6.8125E+00  1.6021E-01
  1.0209E+01  6.9438E+00  7.1981E-02
  1.0230E+01  6.9649E+00  6.1117E-03
  1.0213E+01  6.8344E+00 -1.8616E-01
  1.0221E+01  6.8636E+00 -3.7917E-01
  1.0080E+01  6.9916E+00 -5.7266E-01
  1.0074E+01  7.1007E+00 -6.3851E-01
  1.0157E+01  7.1317E+00 -8.7437E-01
  1.0186E+01  7.3598E+00 -8.6827E-01
  1.0238E+01  7.4983E+00 -6.4988E-01
  1.0440E+01  7.3514E+00 -6.8044E-01
  1.0509E+01  7.3361E+00 -4.6212E-01
  1.0601E+01  7.2627E+00 -3.4723E-01
  1.0602E+01  7.5664E+00 -1.8759E-01
  1.0696E+01  7.5545E+00 -3.1400E-01
  1.0679E+01  7.4613E+00 -2.7285E-01
  1.0664E+01  7.4588E+00 -2.5475E-01
  1.0677E+01  7.5175E+00 -2.4809E-01
  1.0735E+01  7.5425E+00 -1.2290E-01
  1.0732E+01  7.4130E+00 -1.3301E-01
  1.0737E+01  7.4328E+00 -1.4177E-01
  1.0916E+01  7.5392E+00 -1.0200E-01
  1.0976E+01  7.7062E+00 -1.3527E-01
  1.1130E+01  7.6757E+00 -8.4805E-02
  1.1141E+01  7.8325E+00 -4.7789E-03
  1.1228E+01  7.8479E+00 -3.6367E-02
  1.1242E+01  7.6540E+00 -3.1283E-02
  1.1015E+01  7.6926E+00 -6.1994E-02
  1.1094E+01  7.6996E+00 -1.9623E-01
  1.1081E+01  7.5774E+00 -1.6758E-01
  1.1121E+01  7.4844E+00 -1.7383E-01
  1.1023E+01  7.5159E+00 -2.3138E-01
  1.0983E+01  7.4483E+00 -1.4215E-01
  1.0792E+01  7.4011E+00 -1.9924E-01
  1.0764E+01  7.3562E+00 -2.7116E-01
  1.0900E+01  7.3856E+00 -2.0387E-01
  1.0926E+01  7.4928E+00 -1.8436E-01
  1.1145E+01  7.3936E+00 -2.9381E-01
  1.1270E+01  7.5569E+00 -2.2885E-01
  1.1379E+01  7.4903E+00 -1.3301E-01
  1.1257E+01  7.4567E+00 -1.5839E-01
  1.1245E+01  7.4023E+00 -1.5315E-01
  1.1149E+01  7.4486E+00 -2.1508E-01
  1.1170E+01  7.4124E+00 -1.6379E-01
  1.1124E+01  7.5217E+00 -1.0158E-01
  1.1103E+01  7.5827E+00 -8.9935E-02
  1.0995E+01  7.6974E+00  9.4700E-02
  1.0958E+01  7.7344E+00  2.5812E-01
  1.0972E+01  7.7264E+00  1.5604E-01
  1.1065E+01  7.8113E+00  1.6049E-01
  1.1107E+01  7.7996E+00  2.8241E-01
  1.1068E+01  7.8243E+00  3.6898E-01
  1.1055E+01  7.8406E+00  5.2140E-01
  1.0897E+01  7.7893E+00  4.9534E-01
  1.1036E+01  7.7760E+00  5.1611E-01
  1.1153E+01  7.6591E+00  5.0476E-01
  1.0963E+01  7.6027E+00  3.4176E-01
  1.0817E+01  7.5832E+00  3.0706E-01
  1.0950E+01  7.5739E+00  2.6352E-01
  1.1044E+01  7.6455E+00 -7.1582E-02
  1.0952E+01  7.6860E+00 -8.7567E-02
  1.0732E+01  7.6713E+00 -1.9194E-01
  1.0819E+01  7.5748E+00 -3.3068E-01
  1.0931E+01  7.6061E+00 -2.4642E-01
  1.0977E+01  7.6343E+00 -3.2860E-01
  1.1041E+01  7.5618E+00 -4.0365E-01
  1.0972E+01  7.5651E+00 -1.4856E-01
  1.1162E+01  7.5035E+00 -1.2736E-01
  1.0993E+01  7.5543E+00 -1.1763E-01
  1.0924E+01  7.5113E+00  1.6744E-01
  1.0728E+01  7.4652E+00  2.9904E-01
  1.0524E+01  7.3895E+00  3.2994E-01
  1.0403E+01  7.2505E+00  4.3387E-01
  1.0070E+01  7.4271E+00  2.5819E-01
  1.0042E+01  7.4219E+00  2.8941E-01
  1.0021E+01  7.5566E+00  3.5253E-01
  1.0114E+01  7.6027E+00  5.6684E-01
  1.0210E+01  7.5866E+00  4.3373E-01
  1.0178E+01  7.4667E+00  3.7024E-01
  1.0184E+01  7.5108E+00  3.7349E-01
  1.0430E+01  7.6950E+00  4.0149E-01
  1.0613E+01  7.6656E+00  4.6120E-01
  1.0517E+01  7.5806E+00  1.9162E-01
  1.0332E+01  7.5479E+00 -4.8036E-02
  1.0497E+01  7.4886E+00  9.8533E-03
  1.0485E+01  7.6940E+00 -2.5557E-02
  1.0422E+01  7.7676E+00 -5.1444E-03
  1.0457E+01  7.7152E+00 -2.7787E-02
  1.0381E+01  7.7837E+00  9.2073E-03
  1.0609E+01  7.6573E+00  1.9286E-01
  1.0713E+01  7.7320E+00  3.3254E-01
  1.0650E+01  7.8865E+00  4.8843E-01
  1.0868E+01  7.5473E+00  5.0644E-01
  1.0754E+01  7.4789E+00  5.6824E-01
  1.0806E+01  7.4676E+00  5.5691E-01
  1.0849E+01  7.4269E+00  6.0755E-01
  1.0553E+01  7.5600E+00  6.4794E-01
  1.0350E+01  7.6048E+00  4.7683E-01
  1.0265E+01  7.6238E+00  3.5487E-01
  1.0252E+01  7.7103E+00  5.3860E-01
  1.0283E+01  7.8938E+00  5.3268E-01
  1.0460E+01  8.0565E+00  5.5815E-01
  1.0687E+01  7.9019E+00  7.0032E-01
  1.0531E+01  8.0154E+00  4.6508E-01
  1.0796E+01  7.8653E+00  5.0577E-01
  1.0789E+01  7.9248E+00  5.4617E-01
  1.0822E+01  7.8593E+00  5.1680E-01
  1.0797E+01  7.8026E+00  3.0019E-01
  1.0863E+01  7.8287E+00  2.7720E-01
  1.0931E+01  7.8698E+00  3.4852E-01
  1.0946E+01  8.0389E+00  5.3898E-01
  1.1047E+01  8.0067E+00  6.1416E-01
  1.0982E+01  7.9345E+00  5.8353E-01
  1.0780E+01  7.9425E+00  5.4546E-01
  1.0763E+01  7.9717E+00  6.1089E-01
  1.0850E+01  7.9701E+00  5.7419E-01
  1.0754E+01  7.8874E+00  5.5057E-01
  1.0559E+01  7.8273E+00  6.4588E-01
  1.0414E+01  7.7867E+00  5.7110E-01
  1.0449E+01  7.9489E+00  5.9898E-01
  1.0454E+01  8.1245E+00  7.9414E-01
  1.0555E+01  8.0882E+00  8.5636E-01
  1.0533E+01  8.0783E+00  7.6605E-01
  1.0695E+01  7.8986E+00  6.1842E-01
  1.0783E+01  7.9562E+00  7.3320E-01
  1.0796E+01  8.2965E+00  8.8787E-01
  1.1009E+01  8.3477E+00  9.3544E-01
  1.1158E+01  8.2316E+00  1.0719E+00
  1.1073E+01  8.2461E+00  9.7873E-01
  1.1123E+01  8.2606E+00  1.1796E+00
  1.1210E+01  8.3477E+00  1.1880E+00
  1.1112E+01  8.3360E+00  1.0515E+00
  1.1183E+01  8.4598E+00  1.0364E+00
  1.1394E+01  8.5389E+00  1.0064E+00
  1.1331E+01  8.5250E+00  8.8231E-01
  1.1410E+01  8.4190E+00  7.0371E-01
  1.1428E+01  8.5346E+00  7.6723E-01
  1.1367E+01  8.5381E+00  8.6256E-01
  1.1409E+01  8.5559E+00  8.0627E-01
  1.1579E+01  8.6238E+00  9.7532E-01
  1.1496E+01  8.7316E+00  9.7190E-01
  1.1795E+01  8.7527E+00  1.0623E+00
  1.1601E+01  8.8696E+00  9.2133E-01
  1.1447E+01  9.0031E+00  8.9353E-01
  1.1731E+01  9.0298E+00  1.1567E+00
  1.1419E+01  8.9828E+00  9.8993E-01
  1.1324E+01  8.8315E+00  1.0825E+00
  1.1432E+01  8.6916E+00  1.0880E+00
  1.1233E+01  8.7339E+00  1.2478E+00
  1.1389E+01  8.5642E+00  1.2874E+00
  1.1447E+01  8.4035E+00  8.8269E-01
  1.1550E+01  8.5393E+00  1.0851E+00
  1.1665E+01  8.7655E+00  1.0111E+00
  1.2089E+01  8.7654E+00  8.8277E-01
  1.1964E+01  8.8588E+00  6.3390E-01
  1.1845E+01  8.8742E+00  6.7623E-01
  1.1748E+01  9.0636E+00  6.3422E-01
  1.1836E+01  8.9225E+00  7.2049E-01
  1.1371E+01  8.8184E+00  7.4256E-01
  1.1365E+01  8.8191E+00  8.6091E-01
  1.1107E+01  8.8583E+00  7.2956E-01
  1.1054E+01  8.9927E+00  1.0092E+00
  1.0854E+01  8.9178E+00  8.0129E-01
  1.1073E+01  8.9358E+00  7.7300E-01
  1.0962E+01  9.0849E+00  7.3840E-01
  1.1082E+01  9.0735E+00  7.6678E-01
  1.1264E+01  9.1901E+00  7.0875E-01
  1.1367E+01  9.3245E+00  7.9082E-01
  1.1585E+01  9.3178E+00  8.7578E-01
  1.1696E+01  9.3150E+00  7.4578E-01
  1.1873E+01  9.3000E+00  8.2730E-01
  1.1907E+01  9.0264E+00  6.4774E-01
  1.2010E+01  9.0657E+00  7.2461E-01
  1.1902E+01  9.2432E+00  9.6092E-01
  1.1735E+01  9.0736E+00  9.0283E-01
  1.1659E+01  9.0123E+00  1.0073E+00
  1.1461E+01  8.9969E+00  1.0551E+00
  1.1126E+01  8.8516E+00  9.9005E-01
  1.1127E+01  8.7216E+00  1.1452E+00
  1.0943E+01  8.9940E+00  9.9598E-01
  1.1107E+01  8.6745E+00  1.1562E+00
  1.0918E+01  8.9157E+00  1.0289E+00
  1.1292E+01  8.7755E+00  1.2083E+00
  1.1064E+01  8.8049E+00  1.0283E+00
  1.1110E+01  8.7276E+00  1.1276E+00
  1.1247E+01  8.8729E+00  1.1355E+00
  1.1158E+01  8.8959E+00  1.0666E+00
  1.1225E+01  8.6683E+00  9.4365E-01
  1.1304E+01  8.8185E+00  8.5319E-01
  1.1445E+01  8.9075E+00  9.8385E-01
  1.1285E+01  8.8153E+00  6.5450E-01
  1.1611E+01  8.8085E+00  7.2580E-01
  1.1431E+01  9.0567E+00  7.2909E-01
  1.1361E+01  8.7749E+00  5.1832E-01
  1.1566E+01  8.8369E+00  7.4105E-01
  1.1384E+01  9.1064E+00  7.3761E-01
  1.1519E+01  8.7464E+00  8.2181E-01
  1.1234E+01  8.8404E+00  5.8319E-01
  1.1489E+01  8.6745E+00  6.1540E-01
  1.1314E+01  8.7580E+00  5.2574E-01
  1.1577E+01  8.8599E+00  7.0437E-01
  1.1666E+01  8.9916E+00  7.0923E-01
  1.1551E+01  8.9896E+00  6.5307E-01
  1.1622E+01  9.2401E+00  8.1702E-01
  1.1576E+01  9.4202E+00  7.8112E-01
  1.1587E+01  9.2343E+00  8.4653E-01
  1.1461E+01  9.2757E+00  8.7490E-01
  1.1798E+01  9.2683E+00  9.0939E-01
  1.1558E+01  9.2171E+00  8.4279E-01
  1.1584E+01  9.1210E+00  8.2760E-01
  1.1648E+01  9.0546E+00  7.4376E-01
  1.1433E+01  9.0014E+00  7.8691E-01
  1.1442E+01  8.8971E+00  7.5664E-01
  1.1488E+01  8.8904E+00  8.0124E-01
  1.1321E+01  8.8610E+00  8.6568E-01
  1.1167E+01  8.9167E+00  7.3539E-01
  1.1428E+01  8.9359E+00  8.2103E-01
  1.1210E+01  8.9466E+00  7.6805E-01
  1.1167E+01  8.7386E+00  8.4136E-01
  1.1102E+01  8.7467E+00  7.9527E-01
  1.1173E+01  8.6696E+00  9.2487E-01
  1.1006E+01  8.6307E+00  9.0971E-01
  1.0956E+01  8.6173E+00  9.6718E-01
  1.1079E+01  8.4827E+00  1.0788E+00
  1.1066E+01  8.4647E+00  1.0698E+00
  1.1082E+01  8.5409E+00  1.2545E+00
  1.1273E+01  8.4420E+00  1.2259E+00
  1.1180E+01  8.4553E+00  1.1581E+00
  1.1488E+01  8.4858E+00  1.3657E+00
  1.1354E+01  8.3414E+00  1.0580E+00
  1.1272E+01  8.3129E+00  1.2253E+00
  1.1233E+01  8.5263E+00  1.5184E+00
  1.1015E+01  8.3126E+00  1.0452E+00
  1.1067E+01  8.4283E+00  1.3968E+00
  1.0916E+01  8.7336E+00  1.5115E+00
  1.1055E+01  8.6014E+00  1.2942E+00
  1.1194E+01  8.6581E+00  1.2270E+00
  1.1364E+01  8.7680E+00  1.2406E+00
  1.1361E+01  9.0338E+00  1.2801E+00
  1.1463E+01  8.8518E+00  1.1643E+00
  1.1385E+01  8.7983E+00  1.0651E+00
  1.1455E+01  8.8711E+00  1.0597E+00
  1.1395E+01  8.8497E+00  9.0633E-01
  1.1445E+01  8.7314E+00  8.3804E-01
  1.1654E+01  8.7754E+00  7.4415E-01
  1.1507E+01  8.9359E+00  7.1639E-01
  1.1507E+01  8.8732E+00  8.6267E-01
  1.1618E+01  8.8443E+00  8.2137E-01
  1.1483E+01  8.8341E+00  7.2166E-01
  1.1428E+01  8.7749E+00  8.6248E-01
  1.1407E+01  8.8614E+00  8.3485E-01
  1.1487E+01  8.7857E+00  8.5007E-01
  1.1571E+01  8.6731E+00  7.4180E-01
  1.1415E+01  9.0400E+00  6.6636E-01
  1.1685E+01  8.9627E+00  6.3194E-01
  1.1510E+01  9.1260E+00  5.1941E-01
  1.1528E+01  9.1440E+00  6.2227E-01
  1.1392E+01  9.2549E+00  5.9734E-01
  1.1166E+01  9.0706E+00  4.9947E-01
  1.0962E+01  8.9469E+00  6.0552E-01
  1.0811E+01  9.1678E+00  7.2816E-01
  1.0769E+01  8.9986E+00  7.4930E-01
  1.0789E+01  8.8759E+00  8.1560E-01
  1.0980E+01  8.9401E+00  7.5836E-01
  1.1080E+01  9.0513E+00  8.1167E-01
  1.1157E+01  9.1466E+00  8.4465E-01
  1.1334E+01  9.2895E+00  8.2831E-01
  1.1503E+01  9.1194E+00  8.7773E-01
  1.1374E+01  9.0875E+00  8.8026E-01
  1.1494E+01  9.0893E+00  9.8201E-01
  1.1415E+01  9.0291E+00  9.8003E-01
  1.1330E+01  8.9013E+00  9.4361E-01
  1.1531E+01  8.8590E+00  1.0288E+00
  1.1419E+01  9.0682E+00  1.0220E+00
  1.1422E+01  8.9076E+00  9.6595E-01
  1.1376E+01  9.0625E+00  8.2867E-01
  1.1493E+01  9.0947E+00  8.8474E-01
  1.1133E+01  9.0571E+00  6.6174E-01
  1.1101E+01  9.1220E+00  7.0223E-01
  1.1176E+01  9.1733E+00  6.7218E-01
  1.1001E+01  9.2622E+00  6.4573E-01
  1.1099E+01  9.2843E+00  6.5361E-01
  1.1134E+01  9.3848E+00  4.4580E-01
  1.1510E+01  9.4242E+00  6.3693E-01
  1.1408E+01  9.4661E+00  5.9164E-01
  1.1507E+01  9.3006E+00  5.6988E-01
  1.1288E+01  9.3376E+00  6.0017E-01
  1.1193E+01  9.2132E+00  5.3552E-01
  1.1526E+01  9.0145E+00  7.5842E-01
  1.1252E+01  9.0100E+00  6.6069E-01
  1.1406E+01  8.9657E+00  8.5396E-01
  1.1387E+01  8.9338E+00  6.3412E-01
  1.1618E+01  8.9578E+00  7.0245E-01
  1.1586E+01  9.0812E+00  6.6139E-01
  1.1685E+01  9.1002E+00  5.8526E-01
  1.1567E+01  9.2011E+00  5.9798E-01
  1.1517E+01  9.2878E+00  6.4008E-01
  1.1594E+01  9.2423E+00  7.0996E-01
  1.1323E+01  9.2553E+00  6.6867E-01
  1.1268E+01  9.2303E+00  7.2856E-01
  1.1098E+01  9.3782E+00  7.7715E-01
  1.1108E+01  9.3068E+00  8.8400E-01
  1.1057E+01  9.1261E+00  7.1992E-01
  1.0821E+01  9.2108E+00  7.0178E-01
  1.0993E+01  9.2118E+00  8.6958E-01
  1.0979E+01  9.0827E+00  5.2581E-01
  1.1202E+01  9.0400E+00  6.3382E-01
  1.1191E+01  9.1997E+00  7.5270E-01
  1.1403E+01  9.2344E+00  5.5115E-01
  1.1731E+01  9.1085E+00  4.5552E-01
  1.1656E+01  9.1686E+00  3.5132E-01
  1.1927E+01  9.1178E+00  3.0862E-01
  1.1977E+01  9.1396E+00  3.6007E-01
  1.1726E+01  9.0453E+00  4.1796E-01
  1.1800E+01  8.9807E+00  5.4461E-01
  1.1465E+01  9.1273E+00  6.0247E-01
  1.1264E+01  8.9826E+00  7.2085E-01
  1.1223E+01  8.9063E+00  6.9063E-01
  1.1195E+01  9.0493E+00  8.9585E-01
  1.1138E+01  8.9445E+00  7.6488E-01
  1.0957E+01  9.1972E+00  6.3404E-01
  1.1081E+01  9.3343E+00  7.7302E-01
  1.1092E+01  9.3186E+00  6.1953E-01
  1.1249E+01  9.4128E+00  6.2597E-01
  1.1245E+01  9.6448E+00  7.2377E-01
  1.1310E+01  9.2768E+00  5.4035E-01
  1.1493E+01  9.3781E+00  6.1489E-01
  1.1579E+01  9.4819E+00  6.7365E-01
  1.1528E+01  9.3608E+00  5.9678E-01
  1.1557E+01  9.3856E+00  5.1832E-01
  1.1607E+01  9.4171E+00  5.2169E-01
  1.1717E+01  9.2119E+00  4.9756E-01
  1.1567E+01  9.3685E+00  4.7175E-01
  1.1658E+01  9.3468E+00  5.3048E-01
  1.1650E+01  9.2276E+00  6.4665E-01
  1.1487E+01  9.3792E+00  7.2118E-01
  1.1689E+01  9.4273E+00  8.4536E-01
  1.1436E+01  9.4439E+00  7.6676E-01
  1.1444E+01  9.2826E+00  7.5014E-01
  1.1393E+01  9.4747E+00  6.9052E-01
  1.1263E+01  9.4154E+00  8.9621E-01
  1.1190E+01  9.3393E+00  6.8264E-01
  1.1242E+01  9.3527E+00  5.3954E-01
  1.1113E+01  9.6330E+00  7.3233E-01
  1.1194E+01  9.3552E+00  5.1442E-01
  1.1439E+01  9.2554E+00  4.0113E-01
  1.1356E+01  9.4310E+00  4.0619E-01
  1.1491E+01  9.4227E+00  3.3402E-01
  1.1485E+01  9.4651E+00  2.2280E-01
  1.1616E+01  9.5338E+00  3.2687E-01
  1.1615E+01  9.5181E+00  3.6106E-01
  1.1461E+01  9.5196E+00  3.7358E-01
  1.1413E+01  9.5144E+00  4.3770E-01
  1.1286E+01  9.5232E+00  5.3592E-01
  1.1146E+01  9.4099E+00  5.3831E-01
  1.1197E+01  9.3115E+00  5.4758E-01
  1.1086E+01  9.2709E+00  4.5559E-01
  1.1153E+01  9.3330E+00  5.8033E-01
  1.1275E+01  9.3912E+00  5.9003E-01
  1.1275E+01  9.5341E+00  5.4646E-01
  1.1434E+01  9.5831E+00  5.8142E-01
  1.1418E+01  9.6660E+00  5.0939E-01
  1.1453E+01  9.7091E+00  5.0157E-01
  1.1610E+01  9.7134E+00  5.1974E-01
  1.1578E+01  9.6451E+00  3.0798E-01
  1.1440E+01  9.6282E+00  2.2547E-01
  1.1474E+01  9.6822E+00  3.4562E-01
  1.1644E+01  9.6556E+00  3.0970E-01
  1.1514E+01  9.6395E+00  2.2561E-01
  1.1659E+01  9.5931E+00  1.8596E-01
  1.1443E+01  9.5728E+00  1.4718E-02
  1.1636E+01  9.6226E+00  9.9151E-02
  1.1625E+01  9.6339E+00 -2.0449E-02
  1.1486E+01  9.6731E+00 -7.7486E-02
  1.1360E+01  9.7312E+00 -3.6242E-02
  1.1379E+01  9.7383E+00 -5.0761E-02
  1.1347E+01  9.7402E+00  1.3421E-01
  1.1385E+01  9.6513E+00  1.5692E-01
