  1.1676E+01  8.8098E+00 -7.1173E-01
  1.1817E+01  8.4161E+00 -4.8556E-01
 -1.2485E+01  8.5151E+00 -4.9692E-01
 -1.1824E+01  8.7030E+00  2.9181E-01
 -1.2031E+01  8.4651E+00  7.4846E-01
 -1.1866E+01  8.5394E+00  7.5113E-01
 -1.1834E+01  8.5133E+00  7.3329E-01
 -1.1943E+01  8.6224E+00  8.9687E-01
 -1.2128E+01  8.5968E+00  1.0881E+00
 -1.2201E+01  8.7102E+00  1.1527E+00
 -1.2229E+01  8.7124E+00  1.0856E+00
 -1.2484E+01  8.7019E+00  1.1889E+00
  1.2244E+01  8.8790E+00  1.4119E+00
  1.2001E+01  8.9880E+00  1.5101E+00
  1.2104E+01  9.0345E+00  1.4837E+00
  1.2145E+01  9.0959E+00  1.4831E+00
  1.2192E+01  9.1443E+00  1.4605E+00
  1.2305E+01  9.1384E+00  1.3705E+00
  1.2328E+01  9.2706E+00  1.3604E+00
  1.2309E+01  9.4309E+00  1.3191E+00
  1.2313E+01  9.5166E+00  1.2425E+00
  1.2233E+01  9.7634E+00  1.1808E+00
  1.2021E+01  1.0118E+01  1.2047E+00
  1.1798E+01  1.0509E+01  1.1055E+00
  1.1506E+01  1.0495E+01  1.0859E+00
  1.1038E+01  1.0256E+01  1.2840E+00
  1.1203E+01  1.0251E+01  1.3715E+00
  1.1330E+01  1.0193E+01  1.5018E+00
  1.1448E+01  1.0020E+01  1.7510E+00
  1.1639E+01  9.8557E+00  1.9888E+00
  1.1745E+01  9.9058E+00  2.1640E+00
  1.1879E+01  1.0315E+01  1.9623E+00
  1.1771E+01  1.0627E+01  1.8414E+00
  1.1595E+01  1.0545E+01  1.9116E+00
  1.1440E+01  1.0601E+01  2.3498E+00
  1.1367E+01  1.0769E+01  2.2037E+00
  1.1328E+01  1.0747E+01  2.2486E+00
  1.1386E+01  1.0595E+01  1.8534E+00
  1.1525E+01  1.0592E+01  1.8553E+00
  1.1247E+01  1.0723E+01  1.7356E+00
  1.1071E+01  1.0760E+01  1.5476E+00
  1.1103E+01  1.0729E+01  1.4794E+00
  1.1008E+01  1.0720E+01  1.4316E+00
  1.0776E+01  1.0810E+01  1.3727E+00
  1.0625E+01  1.0821E+01  1.3838E+00
  1.0647E+01  1.0849E+01  1.3500E+00
  1.0641E+01  1.0989E+01  1.4450E+00
  1.0551E+01  1.1084E+01  1.5418E+00
  1.0657E+01  1.1119E+01  1.4570E+00
  1.0685E+01  1.1112E+01  1.4713E+00
  1.0595E+01  1.1112E+01  1.5032E+00
  1.0621E+01  1.1034E+01  1.3747E+00
  1.0748E+01  1.0910E+01  1.3864E+00
  1.0943E+01  1.0915E+01  1.3171E+00
  1.1106E+01  1.0899E+01  1.2194E+00
  1.1204E+01  1.0764E+01  1.2409E+00
  1.1186E+01  1.0806E+01  1.2840E+00
  1.1200E+01  1.0751E+01  1.2830E+00
  1.1368E+01  1.0745E+01  1.2831E+00
  1.1381E+01  1.0802E+01  1.3407E+00
  1.1331E+01  1.0795E+01  1.2923E+00
  1.1251E+01  1.0711E+01  1.3645E+00
  1.1287E+01  1.0749E+01  1.4139E+00
  1.1100E+01  1.0846E+01  1.1832E+00
  1.0935E+01  1.0840E+01  1.0540E+00
  1.0964E+01  1.0905E+01  9.9691E-01
  1.0803E+01  1.1066E+01  8.0962E-01
  1.0716E+01  1.1146E+01  6.2160E-01
  1.0753E+01  1.1308E+01  4.9127E-01
  1.0763E+01  1.1297E+01  3.2133E-01
  1.0641E+01  1.1403E+01  3.3865E-01
  1.0702E+01  1.1504E+01  3.4293E-01
  1.0854E+01  1.1480E+01  4.0326E-01
  1.0921E+01  1.1603E+01  4.6694E-01
  1.1050E+01  1.1525E+01  3.8919E-01
  1.1021E+01  1.1549E+01  5.1655E-01
  1.0880E+01  1.1455E+01  5.5720E-01
  1.0832E+01  1.1305E+01  5.1774E-01
  1.0925E+01  1.1322E+01  6.1753E-01
  1.1144E+01  1.1374E+01  9.0878E-01
  1.1194E+01  1.1477E+01  1.1570E+00
  1.0818E+01  1.1498E+01  9.7753E-01
  1.0812E+01  1.1381E+01  1.2876E+00
  1.0851E+01  1.1103E+01  1.1219E+00
  1.0735E+01  1.1183E+01  1.0045E+00
  1.0812E+01  1.1078E+01  9.6045E-01
  1.0800E+01  1.0994E+01  9.2439E-01
  1.0748E+01  1.0826E+01  1.0972E+00
  1.0734E+01  1.0903E+01  1.1333E+00
  1.0720E+01  1.0881E+01  1.2815E+00
  1.0614E+01  1.0950E+01  1.4736E+00
  1.0740E+01  1.1055E+01  1.2293E+00
  1.0863E+01  1.1088E+01  1.0615E+00
  1.0979E+01  1.1131E+01  1.0321E+00
  1.0968E+01  1.1287E+01  1.1414E+00
  1.0910E+01  1.1529E+01  1.2640E+00
  1.0836E+01  1.1551E+01  1.1662E+00
  1.0846E+01  1.1435E+01  1.1525E+00
  1.0854E+01  1.1452E+01  1.0890E+00
  1.0731E+01  1.1416E+01  9.5492E-01
  1.0682E+01  1.1252E+01  8.2523E-01
  1.0574E+01  1.1291E+01  6.1146E-01
  1.0442E+01  1.1235E+01  6.3573E-01
  1.0465E+01  1.1275E+01  7.9294E-01
  1.0503E+01  1.1357E+01  6.4606E-01
  1.0342E+01  1.1414E+01  6.1723E-01
  1.0393E+01  1.1450E+01  5.3904E-01
  1.0237E+01  1.1341E+01  4.1034E-01
  1.0232E+01  1.1380E+01  2.1507E-01
  1.0253E+01  1.1437E+01  4.2065E-01
  1.0304E+01  1.1342E+01  3.6031E-01
  1.0244E+01  1.1375E+01  1.8659E-01
  1.0085E+01  1.1271E+01  1.2870E-01
  1.0139E+01  1.1059E+01  1.1638E-01
  1.0047E+01  1.1150E+01  6.2439E-02
  1.0120E+01  1.1293E+01 -2.2424E-03
  1.0297E+01  1.1363E+01  8.8193E-02
  1.0202E+01  1.1578E+01  9.8187E-02
  1.0229E+01  1.1702E+01  9.4279E-02
  1.0400E+01  1.1808E+01  3.1703E-01
  1.0515E+01  1.1821E+01  2.7495E-01
  1.0502E+01  1.1765E+01  2.1922E-01
  1.0654E+01  1.1677E+01  3.5794E-01
  1.0693E+01  1.1654E+01  4.0676E-01
  1.0634E+01  1.1629E+01  2.8090E-01
  1.0613E+01  1.1517E+01  1.7637E-01
  1.0599E+01  1.1565E+01  2.4897E-01
  1.0624E+01  1.1533E+01 -6.2727E-03
  1.0821E+01  1.1616E+01  3.0365E-01
  1.0936E+01  1.1631E+01  5.0922E-01
  1.1004E+01  1.1744E+01  3.7102E-01
  1.0868E+01  1.1846E+01  4.0071E-01
  1.0779E+01  1.1750E+01  2.6779E-01
  1.0611E+01  1.1863E+01  1.1674E-01
  1.0667E+01  1.1809E+01  1.2576E-01
  1.0652E+01  1.1752E+01  2.3669E-01
  1.0598E+01  1.1936E+01  2.4301E-01
  1.0702E+01  1.1861E+01  3.1803E-01
  1.0469E+01  1.1833E+01  3.0931E-01
  1.0534E+01  1.1763E+01  9.0634E-02
  1.0553E+01  1.1686E+01  1.9288E-01
  1.0476E+01  1.1630E+01  2.6274E-01
  1.0522E+01  1.1640E+01  7.9522E-02
  1.0317E+01  1.1575E+01 -1.6148E-02
  1.0288E+01  1.1475E+01 -1.5028E-01
  1.0172E+01  1.1560E+01 -9.6283E-02
  1.0308E+01  1.1502E+01 -2.3656E-01
  1.0346E+01  1.1504E+01 -2.2153E-01
  1.0320E+01  1.1544E+01 -1.8595E-01
  1.0374E+01  1.1669E+01 -2.3325E-01
  1.0183E+01  1.1743E+01 -3.4555E-01
  1.0077E+01  1.1786E+01 -3.8295E-01
  1.0309E+01  1.1801E+01 -3.5346E-01
  1.0313E+01  1.2024E+01 -3.3146E-01
  1.0275E+01  1.1992E+01 -3.5023E-01
  1.0240E+01  1.1914E+01 -1.6924E-01
  1.0184E+01  1.1957E+01 -3.1711E-01
  1.0232E+01  1.1948E+01 -1.6099E-01
  1.0327E+01  1.1868E+01 -1.1483E-01
  1.0215E+01  1.2015E+01 -3.2216E-01
  1.0179E+01  1.2007E+01 -3.1997E-01
  1.0239E+01  1.1658E+01 -4.9903E-01
  1.0288E+01  1.1873E+01 -6.9311E-01
  1.0277E+01  1.2135E+01 -4.6551E-01
  1.0441E+01  1.2153E+01 -4.7809E-01
  1.0356E+01  1.2310E+01 -4.7069E-01
  1.0638E+01  1.2326E+01 -3.8123E-01
  1.0685E+01  1.2270E+01 -3.2946E-01
  1.0614E+01  1.2286E+01 -4.0476E-01
  1.0854E+01  1.2436E+01 -2.8815E-01
  1.0877E+01  1.2357E+01 -1.9747E-01
  1.0924E+01  1.2196E+01 -3.2923E-01
  1.0935E+01  1.2096E+01 -2.8775E-01
  1.0931E+01  1.1917E+01 -2.9993E-01
  1.0819E+01  1.1883E+01 -3.2414E-01
  1.0710E+01  1.1883E+01 -2.7811E-01
  1.0580E+01  1.1883E+01 -3.3891E-01
  1.0450E+01  1.1944E+01 -2.7091E-01
  1.0189E+01  1.1967E+01 -3.2065E-01
  1.0129E+01  1.1948E+01 -4.0662E-01
  1.0361E+01  1.2024E+01 -4.8888E-01
  1.0465E+01  1.2161E+01 -5.4833E-01
  1.0351E+01  1.2464E+01 -5.1267E-01
  1.0507E+01  1.2569E+01 -6.2740E-01
  1.0694E+01 -1.2591E+01 -5.8572E-01
  1.0611E+01 -1.2550E+01 -7.7744E-01
  1.0456E+01 -1.2569E+01 -7.9492E-01
  1.0638E+01 -1.2531E+01 -7.7274E-01
  1.0604E+01 -1.2548E+01 -8.0136E-01
  1.0457E+01 -1.2573E+01 -7.6588E-01
  1.0541E+01  1.2551E+01 -7.2887E-01
  1.0482E+01 -1.2556E+01 -5.2149E-01
  1.0398E+01  1.2335E+01 -7.4265E-01
  1.0400E+01  1.2160E+01 -6.4340E-01
  1.0390E+01  1.2233E+01 -5.9716E-01
  1.0156E+01  1.2129E+01 -6.7045E-01
  1.0214E+01  1.2073E+01 -5.3950E-01
  1.0270E+01  1.1933E+01 -6.2316E-01
  1.0190E+01  1.2027E+01 -4.8565E-01
  1.0493E+01  1.1868E+01 -4.1963E-01
  1.0669E+01  1.1945E+01 -4.2042E-01
  1.0823E+01  1.1994E+01 -2.5956E-01
  1.0913E+01  1.2048E+01 -1.8098E-01
  1.0721E+01  1.2001E+01 -2.6022E-01
  1.0822E+01  1.2091E+01 -2.3139E-01
  1.0769E+01  1.2187E+01 -1.5256E-01
  1.0590E+01  1.2310E+01 -2.0758E-01
  1.0425E+01  1.2344E+01 -1.2406E-01
  1.0318E+01  1.2352E+01 -1.9830E-01
  1.0188E+01  1.2426E+01 -2.3667E-01
  1.0251E+01  1.2412E+01 -1.2145E-01
  1.0313E+01  1.2383E+01 -1.8720E-01
  1.0202E+01  1.2412E+01 -1.5069E-01
  1.0387E+01  1.2335E+01 -1.4527E-01
  1.0546E+01  1.2273E+01 -1.5908E-01
  1.0747E+01  1.2259E+01 -2.5116E-01
  1.0763E+01  1.2087E+01 -2.7003E-01
  1.0642E+01  1.2122E+01 -1.3316E-01
  1.0683E+01  1.2216E+01 -2.2189E-01
  1.0576E+01  1.2027E+01 -3.7453E-01
  1.0569E+01  1.2120E+01 -4.3641E-01
  1.0667E+01  1.2265E+01 -5.2592E-01
  1.0522E+01  1.2366E+01 -5.7465E-01
  1.0348E+01  1.2207E+01 -7.0750E-01
  1.0294E+01  1.2185E+01 -6.7129E-01
  1.0462E+01  1.2396E+01 -7.5192E-01
  1.0517E+01  1.2468E+01 -8.0794E-01
  1.0349E+01  1.2536E+01 -7.0069E-01
  1.0410E+01  1.2436E+01 -8.0118E-01
  1.0544E+01  1.2412E+01 -7.1872E-01
  1.0499E+01  1.2516E+01 -6.7716E-01
  1.0641E+01  1.2513E+01 -7.3948E-01
  1.0842E+01  1.2345E+01 -5.4548E-01
  1.0644E+01  1.2267E+01 -3.9356E-01
  1.0568E+01  1.2365E+01 -4.0428E-01
  1.0707E+01  1.2277E+01 -3.8003E-01
  1.0587E+01  1.2144E+01 -3.5738E-01
  1.0592E+01  1.2186E+01 -3.6956E-01
  1.0665E+01  1.2229E+01 -3.7652E-01
  1.0540E+01  1.2204E+01 -3.5503E-01
  1.0609E+01  1.2179E+01 -2.7119E-01
  1.0441E+01  1.2149E+01 -1.8843E-01
  1.0344E+01  1.2311E+01 -2.0354E-01
  1.0302E+01  1.2388E+01 -5.9536E-02
  1.0221E+01  1.2228E+01  3.2022E-02
  1.0405E+01  1.2122E+01 -6.4030E-03
  1.0413E+01  1.2018E+01  4.9050E-02
  1.0314E+01  1.2115E+01  1.3914E-01
  1.0711E+01  1.2117E+01  3.3955E-01
  1.0250E+01  1.1855E+01  3.1718E-01
  1.0114E+01  1.1628E+01  1.0337E-01
  1.0308E+01  1.1761E+01  1.6645E-01
  9.9404E+00  1.1590E+01 -3.0693E-02
  1.0039E+01  1.1602E+01 -8.2328E-02
  1.0298E+01  1.1764E+01 -1.0952E-01
  1.0291E+01  1.1867E+01 -2.4273E-01
  1.0296E+01  1.1781E+01 -4.8176E-02
  1.0232E+01  1.1884E+01  1.9370E-02
  9.9452E+00  1.1819E+01 -1.4984E-01
  9.9845E+00  1.1791E+01 -3.9093E-02
  9.8771E+00  1.2029E+01 -7.2534E-02
  9.7915E+00  1.1978E+01 -2.0780E-01
  9.9231E+00  1.2000E+01 -9.7346E-02
  9.7677E+00  1.2028E+01 -2.4139E-01
  9.9105E+00  1.1923E+01 -1.7818E-01
  9.7885E+00  1.2034E+01 -1.5296E-01
  9.7746E+00  1.2000E+01 -1.8256E-01
  9.9500E+00  1.1883E+01 -1.0175E-01
  9.9315E+00  1.2030E+01 -1.2875E-01
  1.0201E+01  1.1976E+01 -9.0279E-02
  1.0269E+01  1.1901E+01 -1.6051E-01
  1.0259E+01  1.2131E+01 -1.2881E-01
  1.0421E+01  1.2182E+01 -7.2383E-02
  1.0242E+01  1.2197E+01 -1.0208E-01
  1.0373E+01  1.2291E+01 -1.1785E-02
  1.0473E+01  1.2209E+01 -4.5346E-02
  1.0359E+01  1.2412E+01 -1.5486E-01
  1.0436E+01  1.2261E+01 -2.1567E-01
  1.0554E+01  1.2501E+01 -2.8550E-01
  1.0640E+01 -1.2476E+01 -2.3535E-01
  1.0457E+01  1.2526E+01 -3.2305E-01
  1.0362E+01  1.2447E+01 -5.1640E-01
  1.0294E+01  1.2482E+01 -6.0233E-01
  1.0478E+01  1.2545E+01 -6.3392E-01
  1.0315E+01  1.2566E+01 -6.3178E-01
  1.0152E+01  1.2456E+01 -5.2978E-01
  1.0436E+01 -1.2486E+01 -5.1125E-01
  1.0452E+01 -1.2476E+01 -5.2805E-01
  1.0521E+01  1.2559E+01 -4.9061E-01
  1.0412E+01  1.2300E+01 -4.7069E-01
  1.0381E+01  1.2218E+01 -4.6842E-01
  1.0643E+01  1.2347E+01 -4.0152E-01
  1.0553E+01  1.2266E+01 -4.4789E-01
  1.0424E+01  1.2025E+01 -4.5958E-01
  1.0424E+01  1.1952E+01 -4.1180E-01
  1.0462E+01  1.2069E+01 -4.6901E-01
  1.0692E+01  1.2254E+01 -3.7710E-01
  1.0465E+01  1.2177E+01 -3.9607E-01
  1.0260E+01  1.2282E+01 -5.1344E-01
  1.0307E+01  1.2439E+01 -4.4120E-01
  1.0291E+01  1.2517E+01 -5.5021E-01
  1.0311E+01 -1.2470E+01 -5.3694E-01
  1.0304E+01 -1.2245E+01 -4.2505E-01
  1.0297E+01 -1.2265E+01 -5.2726E-01
  1.0242E+01 -1.2099E+01 -4.4986E-01
  1.0094E+01 -1.2057E+01 -5.2232E-01
  1.0151E+01 -1.2161E+01 -6.5013E-01
  1.0061E+01 -1.2357E+01 -6.1147E-01
  1.0157E+01  1.2512E+01 -7.0775E-01
  1.0040E+01  1.2563E+01 -5.6586E-01
  1.0240E+01  1.2526E+01 -5.4729E-01
  1.0186E+01  1.2274E+01 -4.2847E-01
  1.0196E+01  1.2006E+01 -4.1774E-01
  1.0271E+01  1.1998E+01 -3.3269E-01
  1.0384E+01  1.2233E+01 -2.3625E-01
  1.0399E+01  1.2160E+01 -3.4318E-01
  1.0363E+01  1.2083E+01 -2.9179E-01
  1.0399E+01  1.2263E+01 -3.9950E-01
  1.0422E+01  1.2577E+01 -4.4911E-01
  1.0325E+01 -1.2492E+01 -3.9306E-01
  1.0254E+01  1.2507E+01 -6.6593E-01
  1.0159E+01  1.2535E+01 -8.0192E-01
  1.0228E+01 -1.2473E+01 -7.8107E-01
  1.0186E+01 -1.2370E+01 -8.3040E-01
  1.0026E+01 -1.2425E+01 -7.2703E-01
  1.0036E+01 -1.2559E+01 -6.5950E-01
  1.0170E+01 -1.2429E+01 -6.1016E-01
  1.0371E+01 -1.2343E+01 -4.5637E-01
  1.0345E+01 -1.2488E+01 -4.1467E-01
  1.0270E+01  1.2435E+01 -4.2524E-01
  1.0323E+01  1.2428E+01 -2.4457E-01
  1.0435E+01  1.2462E+01 -3.2172E-01
  1.0403E+01  1.2325E+01 -2.4411E-01
  1.0294E+01  1.2128E+01 -5.5721E-02
  1.0146E+01  1.1910E+01 -1.7478E-01
  1.0154E+01  1.2095E+01 -1.4783E-01
  9.9356E+00  1.2077E+01 -6.0590E-02
  9.9426E+00  1.2153E+01 -3.6187E-01
  9.8632E+00  1.2163E+01 -3.6811E-01
  9.9583E+00  1.2276E+01 -3.7016E-01
  9.8486E+00  1.2515E+01 -3.9686E-01
  1.0137E+01 -1.2510E+01 -4.0385E-01
  1.0513E+01 -1.2421E+01 -4.2627E-01
  1.0315E+01 -1.2374E+01 -4.2577E-01
  1.0336E+01 -1.2142E+01 -4.3243E-01
  1.0316E+01 -1.2213E+01 -5.5804E-01
  1.0250E+01 -1.2495E+01 -6.8859E-01
  1.0252E+01 -1.2509E+01 -7.0191E-01
  1.0036E+01  1.2588E+01 -7.5777E-01
  9.8091E+00  1.2527E+01 -5.9695E-01
  9.7999E+00  1.2417E+01 -5.0633E-01
  9.9111E+00  1.2410E+01 -5.8291E-01
  9.9771E+00  1.2313E+01 -5.0149E-01
  1.0176E+01  1.2403E+01 -4.3224E-01
  9.9526E+00  1.2283E+01 -4.0497E-01
  1.0166E+01  1.2377E+01 -4.1963E-01
  1.0131E+01  1.2497E+01 -3.6588E-01
  1.0357E+01  1.2571E+01 -3.3456E-01
  1.0725E+01 -1.2517E+01 -2.9768E-01
  1.0321E+01  1.2509E+01 -1.6192E-01
  1.0150E+01 -1.2333E+01 -2.2645E-01
  9.9800E+00 -1.2469E+01 -2.1303E-01
  9.8745E+00  1.2561E+01 -3.4491E-01
  9.9862E+00 -1.2598E+01 -4.7465E-01
  9.9118E+00 -1.2454E+01 -3.8695E-01
  9.8850E+00 -1.2345E+01 -4.9651E-01
  1.0141E+01 -1.2295E+01 -4.7750E-01
  1.0213E+01 -1.2379E+01 -5.3176E-01
  9.9561E+00 -1.2438E+01 -4.8596E-01
  1.0128E+01 -1.2286E+01 -4.5635E-01
  1.0226E+01 -1.2277E+01 -4.4258E-01
  9.9874E+00 -1.2514E+01 -3.8521E-01
  1.0116E+01  1.2532E+01 -4.3116E-01
  9.9000E+00  1.2526E+01 -3.4070E-01
  9.7655E+00 -1.2565E+01 -2.9834E-01
  9.8715E+00 -1.2478E+01 -2.8789E-01
  9.7827E+00 -1.2452E+01 -3.5674E-01
  9.8730E+00 -1.2460E+01 -5.1656E-01
  1.0007E+01 -1.2380E+01 -5.5001E-01
  1.0021E+01 -1.2541E+01 -7.0572E-01
  1.0089E+01 -1.2486E+01 -7.4224E-01
  1.0173E+01 -1.2193E+01 -6.1214E-01
  1.0200E+01 -1.2220E+01 -6.1459E-01
  9.9334E+00 -1.2324E+01 -5.1014E-01
  9.8446E+00 -1.2400E+01 -4.7792E-01
  9.8294E+00 -1.2560E+01 -4.0497E-01
  9.8727E+00 -1.2340E+01 -4.1113E-01
  9.8401E+00 -1.2260E+01 -4.1285E-01
  9.8573E+00 -1.2360E+01 -4.3986E-01
  9.8187E+00 -1.2338E+01 -5.3996E-01
  9.6313E+00 -1.2351E+01 -4.2345E-01
  9.6752E+00 -1.2399E+01 -4.5328E-01
  9.6700E+00 -1.2476E+01 -5.0706E-01
  9.5676E+00 -1.2585E+01 -4.1957E-01
  9.5961E+00 -1.2492E+01 -3.8008E-01
  9.6822E+00 -1.2375E+01 -2.8037E-01
  9.6908E+00 -1.2477E+01 -2.7970E-01
  9.6880E+00 -1.2406E+01 -2.2559E-01
  9.8193E+00 -1.2340E+01 -2.2828E-01
  9.6947E+00 -1.2400E+01 -2.0443E-01
