  3.3980E+00  8.9517E+00 -5.3708E-01
  3.0514E+00  8.8418E+00  8.3777E-01
  2.7751E+00  8.7374E+00  1.0014E+00
  3.0659E+00  8.4856E+00  5.4846E-01
  3.1428E+00  8.6197E+00  2.3016E-01
  3.3344E+00  8.5111E+00  4.8517E-01
  3.6364E+00  8.5675E+00  2.7204E-01
  3.9618E+00  8.5745E+00  1.4150E-01
  4.2389E+00  8.5623E+00  5.2695E-02
  4.3497E+00  8.6073E+00  3.5285E-02
  4.3651E+00  8.6520E+00  6.3798E-02
  4.3773E+00  8.6451E+00  3.0607E-02
  4.4306E+00  8.6775E+00  5.2243E-02
  4.4905E+00  8.6998E+00  4.1815E-02
  4.5175E+00  8.7229E+00  2.6934E-02
  4.4762E+00  8.7293E+00  7.4283E-02
  4.4907E+00  8.7361E+00  1.2299E-01
  4.5294E+00  8.7265E+00  1.5198E-01
  4.5151E+00  8.7597E+00  2.2365E-01
  4.4326E+00  8.8147E+00  2.9014E-01
  4.2924E+00  8.8393E+00  3.5897E-01
  4.1506E+00  8.8229E+00  4.1042E-01
  4.0910E+00  8.8247E+00  4.3510E-01
  4.0740E+00  8.8311E+00  4.6144E-01
  4.0321E+00  8.8275E+00  4.4015E-01
  3.9570E+00  8.7742E+00  3.6196E-01
  3.8229E+00  8.7033E+00  3.3165E-01
  3.6595E+00  8.6706E+00  2.9746E-01
  3.7134E+00  8.6795E+00  4.5556E-02
  3.9280E+00  8.7267E+00 -1.4147E-01
  4.1781E+00  8.9828E+00 -2.4775E-01
  4.3951E+00  9.0825E+00 -3.6763E-01
  4.4576E+00  9.1581E+00 -4.8730E-01
  4.4233E+00  9.2972E+00 -4.6626E-01
  4.3761E+00  9.2899E+00 -4.3298E-01
  4.3071E+00  9.3454E+00 -4.2029E-01
  4.3660E+00  9.2055E+00 -3.9498E-01
  4.2658E+00  9.1147E+00 -4.0641E-01
  4.1656E+00  9.0339E+00 -3.7739E-01
  4.3474E+00  8.9340E+00 -3.8993E-01
  4.3443E+00  8.8769E+00 -2.4946E-01
  4.3460E+00  8.7980E+00 -2.0977E-01
  4.5710E+00  8.8118E+00 -3.0526E-01
  4.3634E+00  8.7614E+00 -2.4179E-01
  4.2552E+00  8.7954E+00 -2.5341E-01
  4.4733E+00  8.7858E+00 -3.6409E-01
  4.3447E+00  8.6319E+00 -3.8739E-01
  4.2369E+00  8.5995E+00 -5.1935E-01
  4.0990E+00  8.5304E+00 -5.2027E-01
  4.4155E+00  8.5723E+00 -6.0715E-01
  4.7339E+00  8.7194E+00 -5.8766E-01
  4.8951E+00  8.5373E+00 -4.2634E-01
  4.9636E+00  8.3788E+00 -4.6510E-01
  4.7899E+00  8.5498E+00 -5.6989E-01
  4.5476E+00  8.5231E+00 -5.9794E-01
  4.7693E+00  8.6807E+00 -9.3753E-01
  4.8521E+00  8.7168E+00 -9.2094E-01
  5.0808E+00  8.9029E+00 -9.9494E-01
  5.0282E+00  9.1316E+00 -9.6079E-01
  5.2119E+00  9.2007E+00 -9.9756E-01
  5.3700E+00  9.4280E+00 -1.0097E+00
  5.4733E+00  9.6608E+00 -1.0781E+00
  5.6682E+00  9.5611E+00 -1.0734E+00
  5.9324E+00  9.5659E+00 -9.4634E-01
  6.1267E+00  9.6252E+00 -9.3988E-01
  6.1271E+00  9.5828E+00 -8.4583E-01
  6.3501E+00  9.2894E+00 -8.6675E-01
  6.3817E+00  9.1404E+00 -9.0320E-01
  6.3850E+00  9.2239E+00 -7.9371E-01
  6.2289E+00  8.9942E+00 -6.8816E-01
  6.2585E+00  8.9853E+00 -5.4230E-01
  6.1284E+00  8.9526E+00 -4.9692E-01
  5.9721E+00  8.8895E+00 -6.0382E-01
  5.7681E+00  8.8182E+00 -5.8700E-01
  5.9285E+00  8.8194E+00 -5.7125E-01
  5.9768E+00  8.8784E+00 -6.7660E-01
  6.1228E+00  8.7816E+00 -6.0104E-01
  6.1853E+00  8.6007E+00 -4.3898E-01
  6.1295E+00  8.6190E+00 -2.6809E-01
  6.2987E+00  8.7992E+00 -2.9663E-01
  6.3357E+00  8.6815E+00 -2.3029E-01
  6.4215E+00  8.7937E+00 -7.8120E-02
  6.4369E+00  8.7244E+00 -6.4078E-02
  6.7533E+00  8.9519E+00 -3.1221E-01
  6.8751E+00  9.1462E+00 -3.8387E-01
  7.0294E+00  8.9931E+00 -3.3174E-01
  7.1306E+00  9.0678E+00 -3.8695E-01
  7.0369E+00  9.3929E+00 -6.3953E-01
  6.9469E+00  9.4361E+00 -8.9200E-01
  6.6943E+00  9.3471E+00 -8.3536E-01
  6.5407E+00  9.3389E+00 -8.4478E-01
  6.5102E+00  9.5497E+00 -1.0152E+00
  6.6667E+00  9.5592E+00 -1.0546E+00
  6.6561E+00  9.5036E+00 -9.9567E-01
  6.7658E+00  9.5392E+00 -1.0957E+00
  6.8345E+00  9.6198E+00 -1.1498E+00
  6.9538E+00  9.5785E+00 -1.2345E+00
  7.0944E+00  9.6304E+00 -1.3613E+00
  6.9437E+00  9.6219E+00 -1.5772E+00
  6.8600E+00  9.3006E+00 -1.5917E+00
  6.8017E+00  9.2818E+00 -1.4363E+00
  6.7415E+00  9.4219E+00 -1.3762E+00
  6.6959E+00  9.3802E+00 -1.1734E+00
  6.5014E+00  9.4264E+00 -9.1955E-01
  6.6882E+00  9.3455E+00 -7.3915E-01
  7.0200E+00  9.5439E+00 -5.1865E-01
  7.2881E+00  9.4873E+00 -4.0387E-01
  7.3718E+00  9.3593E+00 -3.8598E-01
  7.3675E+00  9.5877E+00 -3.7525E-01
  7.2921E+00  9.5041E+00 -4.6195E-01
  7.0659E+00  9.4994E+00 -6.7393E-01
  6.9377E+00  9.5890E+00 -9.0380E-01
  6.8598E+00  9.4774E+00 -1.0311E+00
  6.8314E+00  9.4187E+00 -1.1299E+00
  6.9925E+00  9.3843E+00 -1.3207E+00
  6.9326E+00  9.2064E+00 -1.3459E+00
  7.0824E+00  9.2845E+00 -1.3528E+00
  7.2379E+00  9.3843E+00 -1.1439E+00
  7.3572E+00  9.3045E+00 -9.2937E-01
  7.3842E+00  9.2568E+00 -8.8190E-01
  7.4120E+00  9.4015E+00 -6.6731E-01
  7.4227E+00  9.5119E+00 -5.9228E-01
  7.3049E+00  9.5891E+00 -5.7864E-01
  7.0202E+00  9.7400E+00 -5.2095E-01
  7.0023E+00  9.9185E+00 -5.9546E-01
  6.7897E+00  9.9717E+00 -5.1850E-01
  6.6095E+00  9.7918E+00 -5.9132E-01
  6.8986E+00  9.6901E+00 -7.2862E-01
  6.8657E+00  9.4651E+00 -5.7381E-01
  7.0252E+00  9.0877E+00 -4.4894E-01
  6.8429E+00  8.7304E+00 -6.1767E-01
  6.8906E+00  8.6046E+00 -7.3827E-01
  7.0170E+00  8.5524E+00 -8.5651E-01
  6.8400E+00  8.4323E+00 -9.3145E-01
  6.7954E+00  8.3611E+00 -9.2071E-01
  6.9618E+00  8.6558E+00 -1.1101E+00
  6.7957E+00  8.7103E+00 -1.2799E+00
  6.8201E+00  8.8511E+00 -1.1937E+00
  6.8954E+00  9.1611E+00 -1.0884E+00
  6.9285E+00  9.3614E+00 -1.2077E+00
  6.8525E+00  9.2819E+00 -8.2623E-01
  6.7438E+00  9.3743E+00 -6.6311E-01
  6.7958E+00  9.2772E+00 -7.5330E-01
  6.7111E+00  9.2525E+00 -6.5990E-01
  6.9308E+00  9.2914E+00 -5.3594E-01
  6.9259E+00  9.2504E+00 -5.0456E-01
  6.9825E+00  9.0166E+00 -5.8003E-01
  7.0777E+00  8.6740E+00 -5.7680E-01
  7.1210E+00  8.7798E+00 -6.7765E-01
  7.1488E+00  8.7269E+00 -7.0506E-01
  7.1096E+00  8.6526E+00 -5.6797E-01
  7.1338E+00  8.8807E+00 -6.2109E-01
  7.1207E+00  9.0583E+00 -5.9146E-01
  6.9754E+00  9.0750E+00 -5.0619E-01
  6.9344E+00  9.2504E+00 -4.5329E-01
  7.0935E+00  9.3027E+00 -3.4777E-01
  6.8293E+00  9.2856E+00 -9.4931E-02
  7.0618E+00  9.2771E+00 -2.9374E-01
  7.0981E+00  9.5036E+00 -4.4238E-01
  7.2379E+00  9.2026E+00 -3.7007E-01
  7.4571E+00  9.1248E+00 -3.3920E-01
  7.5006E+00  9.0257E+00 -2.7447E-01
  7.4155E+00  8.9801E+00 -3.8517E-01
  7.5056E+00  8.8457E+00 -4.4402E-01
  7.4190E+00  8.7284E+00 -5.6592E-01
  7.3321E+00  8.7010E+00 -7.9841E-01
  7.1762E+00  8.8357E+00 -7.7803E-01
  7.2684E+00  8.9289E+00 -7.2452E-01
  7.5126E+00  9.0902E+00 -8.5499E-01
  7.5725E+00  9.2305E+00 -7.2494E-01
  7.5256E+00  9.2559E+00 -4.9587E-01
  7.4983E+00  9.2027E+00 -3.3983E-01
  7.5670E+00  9.0923E+00 -1.9976E-01
  7.5545E+00  8.9474E+00 -1.2997E-01
  7.3224E+00  8.8703E+00 -5.7106E-02
  7.2953E+00  8.9892E+00  3.4258E-02
  7.2604E+00  9.1127E+00  1.5245E-02
  7.1706E+00  9.0820E+00 -8.1456E-02
  7.2263E+00  9.0229E+00 -6.1852E-02
  7.2589E+00  9.0223E+00 -1.4177E-01
  7.1532E+00  8.9913E+00  2.9202E-02
  7.3139E+00  9.0287E+00  2.6247E-01
  7.3928E+00  9.2862E+00  4.0913E-01
  7.3748E+00  9.1360E+00  5.1053E-01
  7.2348E+00  9.0953E+00  5.4365E-01
  7.2427E+00  9.0387E+00  4.9127E-01
  7.1328E+00  9.0794E+00  4.5103E-01
  7.2246E+00  8.9632E+00  5.5550E-01
  6.8687E+00  8.7565E+00  5.6715E-01
  7.0884E+00  8.9466E+00  4.6310E-01
  7.2426E+00  8.6957E+00  6.5539E-01
  7.3902E+00  8.7226E+00  5.3885E-01
  7.5764E+00  8.6422E+00  2.8895E-01
  7.6724E+00  8.6391E+00  2.3108E-01
  7.4206E+00  8.7195E+00  2.9911E-01
  7.3944E+00  8.9004E+00  3.1311E-01
  7.2390E+00  8.9686E+00  3.4262E-01
  6.9984E+00  9.0146E+00  5.2587E-01
  7.1897E+00  9.1586E+00  4.0009E-01
  6.8995E+00  9.1153E+00  5.4355E-01
  6.8620E+00  9.1548E+00  5.0772E-01
  6.9227E+00  9.2194E+00  3.2256E-01
  7.0801E+00  9.0688E+00  3.8429E-01
  7.0400E+00  9.0472E+00  4.2987E-01
  6.9919E+00  8.8653E+00  4.5233E-01
  7.1119E+00  8.8644E+00  3.4575E-01
  6.9535E+00  8.5775E+00  2.9650E-01
  6.9168E+00  8.4511E+00  2.2955E-01
  7.1416E+00  8.4288E+00  2.1462E-01
  7.0713E+00  8.3246E+00  2.1441E-01
  7.0520E+00  8.3931E+00  7.4681E-02
  7.3109E+00  8.3662E+00  6.6398E-02
  7.3644E+00  8.4062E+00  7.1622E-02
  7.3107E+00  8.5897E+00 -2.4849E-05
  7.2446E+00  8.6010E+00  1.4944E-02
  7.2014E+00  8.6710E+00  7.4388E-02
  7.4344E+00  8.8874E+00  2.7831E-02
  7.2964E+00  9.0177E+00 -2.5175E-02
  6.9815E+00  8.9004E+00  2.0759E-01
  7.0791E+00  9.1348E+00  4.5847E-01
  7.2175E+00  9.3418E+00  4.9680E-01
  7.2750E+00  9.2060E+00  4.9743E-01
  7.2476E+00  9.0906E+00  5.6283E-01
  7.2874E+00  8.9673E+00  5.3499E-01
  7.4994E+00  8.9241E+00  2.4569E-01
  7.3707E+00  8.8587E+00  2.2589E-01
  7.5963E+00  8.7568E+00  3.1810E-01
  7.4162E+00  8.8068E+00  1.3611E-01
  7.4030E+00  8.5984E+00  2.2428E-01
  7.4391E+00  8.7436E+00  2.3375E-01
  7.5361E+00  8.8894E+00  2.1158E-01
  7.5884E+00  8.9029E+00  2.7859E-01
  7.4024E+00  8.9564E+00  1.7921E-01
  7.2017E+00  8.9098E+00  3.7197E-01
  7.3008E+00  9.0002E+00  4.2889E-01
  7.1738E+00  9.1281E+00  4.0669E-01
  7.0281E+00  9.0335E+00  2.6167E-01
  7.0397E+00  8.9730E+00  3.8774E-01
  7.1450E+00  8.8263E+00  4.4308E-01
  6.9815E+00  8.6045E+00  4.1242E-01
  7.2617E+00  8.7414E+00  3.9535E-01
  7.3814E+00  8.5712E+00  4.0921E-01
  7.0856E+00  8.4072E+00  4.4374E-01
  7.4124E+00  8.5217E+00  2.8052E-01
  7.1788E+00  8.5648E+00  2.5328E-01
  7.1448E+00  8.5848E+00  3.2777E-01
  7.2035E+00  8.5488E+00  2.5874E-01
  7.1972E+00  8.7669E+00  1.0150E-01
  7.2545E+00  8.7774E+00  2.1577E-01
  7.1061E+00  8.6810E+00  2.0044E-01
  7.0430E+00  9.0629E+00  9.2664E-02
  7.1086E+00  9.0916E+00  2.1256E-01
  7.2301E+00  9.1563E+00  1.5562E-01
  7.0917E+00  9.1403E+00  1.3634E-01
  7.2134E+00  9.0479E+00  2.4303E-01
  7.3554E+00  8.9781E+00  2.4224E-01
  7.1948E+00  8.7610E+00  2.0816E-01
  7.0001E+00  8.7679E+00  4.4760E-01
  7.4380E+00  8.9524E+00  4.5636E-01
  7.3553E+00  8.6662E+00  6.4836E-01
  7.4521E+00  8.5359E+00  7.0203E-01
  7.3294E+00  8.5198E+00  7.5516E-01
  7.3330E+00  8.6296E+00  6.9853E-01
  7.4547E+00  8.5947E+00  5.4712E-01
  7.2624E+00  8.4788E+00  4.7048E-01
  7.4609E+00  8.6884E+00  3.2895E-01
  7.4714E+00  8.8516E+00  7.9017E-02
  7.4486E+00  8.6257E+00  8.4751E-02
  7.3594E+00  8.7889E+00  1.0173E-01
  7.4326E+00  8.9446E+00 -4.2651E-02
  7.5469E+00  8.9021E+00 -2.0386E-01
  7.2108E+00  8.7703E+00 -7.8327E-02
  7.2527E+00  8.5313E+00 -8.0088E-03
  7.3838E+00  8.6908E+00 -1.4533E-01
  7.2210E+00  8.6528E+00 -2.7951E-03
  7.2161E+00  8.5502E+00  1.0227E-01
  7.2160E+00  8.5565E+00  9.9762E-03
  7.2876E+00  8.5767E+00  1.1260E-01
  7.2994E+00  8.7996E+00  1.2579E-01
  7.1254E+00  8.6814E+00  1.9069E-01
  7.1650E+00  8.6777E+00  4.2043E-01
  7.2560E+00  8.7175E+00  3.9315E-01
  6.9375E+00  8.4676E+00  5.3321E-01
  7.0370E+00  8.7644E+00  6.0342E-01
  7.1212E+00  8.7954E+00  6.1886E-01
  7.2385E+00  8.8057E+00  5.6736E-01
  7.2971E+00  8.8379E+00  6.4693E-01
  7.3177E+00  8.7405E+00  6.5397E-01
  7.1961E+00  8.8296E+00  5.6265E-01
  7.1420E+00  8.7272E+00  5.3744E-01
  7.0855E+00  8.6997E+00  5.6617E-01
  7.0452E+00  8.6861E+00  4.7346E-01
  6.8290E+00  8.7831E+00  3.8522E-01
  6.9016E+00  8.8487E+00  3.8564E-01
  7.0425E+00  8.8839E+00  3.7884E-01
  7.0525E+00  9.0087E+00  3.2064E-01
  7.2273E+00  8.9409E+00  3.2697E-01
  7.2757E+00  9.0865E+00  2.7848E-01
  7.2085E+00  9.0933E+00  3.8137E-01
  7.2035E+00  9.0014E+00  3.8724E-01
  7.1956E+00  8.9355E+00  4.8824E-01
  7.0532E+00  8.6700E+00  6.6139E-01
  7.0569E+00  8.5484E+00  6.8148E-01
  7.1470E+00  8.3417E+00  8.3176E-01
  7.1455E+00  7.9583E+00  8.2489E-01
  7.1129E+00  8.1484E+00  7.2205E-01
  7.2689E+00  8.1709E+00  7.0646E-01
  7.5489E+00  8.4186E+00  5.6287E-01
  7.4470E+00  8.6925E+00  4.5167E-01
  7.3673E+00  8.7014E+00  2.4643E-01
  7.5466E+00  8.8600E+00  1.8590E-01
  7.6029E+00  8.9366E+00  1.4454E-01
  7.3138E+00  8.9324E+00  1.3155E-01
  7.2940E+00  8.9986E+00  1.5426E-01
  7.3151E+00  9.0315E+00  1.6068E-01
  7.3273E+00  8.9956E+00  2.5501E-01
  7.1291E+00  8.8917E+00  3.7254E-01
  7.0438E+00  9.0208E+00  3.3478E-01
  7.2202E+00  8.9965E+00  3.3686E-01
  7.2351E+00  8.7633E+00  4.4630E-01
  7.1534E+00  8.6371E+00  4.2137E-01
  7.1825E+00  8.6373E+00  4.5161E-01
  7.2650E+00  8.6971E+00  4.1608E-01
  7.2463E+00  8.6577E+00  4.7468E-01
  7.3691E+00  8.7064E+00  5.4358E-01
  7.3794E+00  8.7172E+00  4.9097E-01
  7.2784E+00  8.6940E+00  5.3850E-01
  7.3179E+00  8.7337E+00  5.1191E-01
  7.3342E+00  8.5431E+00  4.9326E-01
  7.3114E+00  8.6688E+00  4.5295E-01
  7.2806E+00  8.7214E+00  3.8401E-01
  7.0031E+00  8.7100E+00  5.0995E-01
  7.1576E+00  8.8807E+00  3.7438E-01
  7.0402E+00  8.8446E+00  2.8053E-01
  7.1657E+00  8.9658E+00  1.8039E-01
  7.2865E+00  8.8345E+00  1.4885E-01
  7.1511E+00  8.7409E+00 -1.9946E-02
  7.2805E+00  8.7177E+00  8.1035E-03
  7.2924E+00  8.8292E+00  8.7532E-02
  7.4415E+00  8.6406E+00  3.5814E-02
  7.4625E+00  8.7045E+00  8.3399E-02
  7.2847E+00  8.7478E+00  1.8572E-01
  7.3185E+00  8.7438E+00  3.0352E-01
  7.2185E+00  8.6732E+00  4.7106E-01
  7.1466E+00  8.4260E+00  6.0099E-01
  7.1473E+00  8.5557E+00  6.3766E-01
  6.9937E+00  8.5134E+00  6.1305E-01
  7.1411E+00  8.6838E+00  5.5323E-01
  7.2605E+00  8.7926E+00  5.7291E-01
  7.1868E+00  8.8300E+00  5.6238E-01
  7.2007E+00  9.1036E+00  4.8687E-01
  7.3968E+00  9.0103E+00  5.3096E-01
  7.3328E+00  9.0981E+00  4.7617E-01
  7.4071E+00  9.0622E+00  2.9864E-01
  7.3408E+00  8.8346E+00  3.7771E-01
  7.2579E+00  8.7754E+00  3.7021E-01
  7.2598E+00  8.7118E+00  3.4505E-01
  7.3094E+00  8.7416E+00  3.6761E-01
  7.2517E+00  8.7185E+00  3.3919E-01
  7.2454E+00  8.7873E+00  2.9699E-01
  7.3384E+00  8.8284E+00  2.0470E-01
  7.2562E+00  8.7635E+00  1.5218E-01
  7.2072E+00  8.9297E+00  1.6218E-01
  7.2398E+00  8.8405E+00  9.4705E-02
  7.2985E+00  8.8190E+00  8.3288E-02
  7.3317E+00  8.8637E+00  1.4475E-01
  7.1840E+00  8.7661E+00  1.6651E-01
  7.3217E+00  8.7097E+00  2.6008E-01
  7.3285E+00  8.7467E+00  3.3217E-01
  7.0757E+00  8.6627E+00  4.8693E-01
  7.2094E+00  8.6691E+00  4.9595E-01
  7.1446E+00  8.5823E+00  4.2879E-01
  7.1060E+00  8.5589E+00  5.9899E-01
  7.3314E+00  8.6403E+00  6.0954E-01
  7.2172E+00  8.6896E+00  5.6428E-01
  7.2343E+00  8.6800E+00  6.2722E-01
  7.3832E+00  8.7627E+00  4.9356E-01
  7.3119E+00  8.8144E+00  4.6816E-01
  7.3659E+00  8.7964E+00  4.5459E-01
  7.4608E+00  8.8071E+00  3.0440E-01
  7.3286E+00  8.8271E+00  2.3447E-01
  7.2348E+00  8.7461E+00  2.1661E-01
  7.2451E+00  8.7935E+00  2.2407E-01
  6.9276E+00  8.8131E+00  1.5174E-01
  6.9576E+00  8.6044E+00  3.1135E-01
  7.1350E+00  8.7373E+00  4.3121E-01
  7.2055E+00  8.7310E+00  7.2684E-01
  7.3976E+00  8.7326E+00  5.4394E-01
  7.0942E+00  8.4949E+00  6.7382E-01
  7.5206E+00  8.6321E+00  6.1921E-01
  7.6817E+00  8.7237E+00  5.5730E-01
  7.5668E+00  8.8360E+00  4.6449E-01
  7.6346E+00  8.8503E+00  4.2045E-01
  7.4590E+00  8.7216E+00  4.6185E-01
  7.4239E+00  8.6189E+00  3.1247E-01
  7.4272E+00  8.4490E+00  3.4248E-01
  7.4628E+00  8.4718E+00  5.3123E-01
  7.3041E+00  8.3915E+00  5.5197E-01
  7.3279E+00  8.4709E+00  3.9347E-01
  7.1157E+00  8.4535E+00  5.5946E-01
