  2.513966E-02  0.000000E+00
  7.541899E-02  0.000000E+00
  1.256983E-01  0.000000E+00
  1.759777E-01  0.000000E+00
  2.262570E-01  0.000000E+00
  2.765363E-01  0.000000E+00
  3.268156E-01  0.000000E+00
  3.770950E-01  0.000000E+00
  4.273743E-01  0.000000E+00
  4.776536E-01  0.000000E+00
  5.279330E-01  0.000000E+00
  5.782123E-01  0.000000E+00
  6.284916E-01  0.000000E+00
  6.787709E-01  0.000000E+00
  7.290503E-01  0.000000E+00
  7.793296E-01  0.000000E+00
  8.296089E-01  0.000000E+00
  8.798883E-01  0.000000E+00
  9.301676E-01  0.000000E+00
  9.804469E-01  0.000000E+00
  1.030726E+00  0.000000E+00
  1.081006E+00  0.000000E+00
  1.131285E+00  0.000000E+00
  1.181564E+00  0.000000E+00
  1.231844E+00  0.000000E+00
  1.282123E+00  0.000000E+00
  1.332402E+00  0.000000E+00
  1.382682E+00  0.000000E+00
  1.432961E+00  0.000000E+00
  1.483240E+00  0.000000E+00
  1.533520E+00  0.000000E+00
  1.583799E+00  0.000000E+00
  1.634078E+00  0.000000E+00
  1.684358E+00  2.788652E-03
  1.734637E+00  2.629345E-02
  1.784916E+00  1.763149E-01
  1.835196E+00  5.684845E-01
  1.885475E+00  1.580106E+00
  1.935754E+00  3.614715E+00
  1.986034E+00  7.190977E+00
  2.036313E+00  1.206635E+01
  2.086592E+00  1.742316E+01
  2.136872E+00  2.250404E+01
  2.187151E+00  2.733624E+01
  2.237430E+00  2.892994E+01
  2.287709E+00  2.938512E+01
  2.337989E+00  2.890925E+01
  2.388268E+00  2.820285E+01
  2.438547E+00  2.671126E+01
  2.488827E+00  2.620114E+01
  2.539106E+00  2.504492E+01
  2.589385E+00  2.306696E+01
  2.639665E+00  2.113493E+01
  2.689944E+00  1.846934E+01
  2.740223E+00  1.562510E+01
  2.790503E+00  1.343736E+01
  2.840782E+00  1.190610E+01
  2.891061E+00  1.066636E+01
  2.941341E+00  1.045755E+01
  2.991620E+00  9.941031E+00
  3.041899E+00  9.701486E+00
  3.092179E+00  9.809749E+00
  3.142458E+00  9.931009E+00
  3.192737E+00  9.674246E+00
  3.243017E+00  1.010106E+01
  3.293296E+00  1.088924E+01
  3.343575E+00  1.143472E+01
  3.393855E+00  1.237333E+01
  3.444134E+00  1.338473E+01
  3.494413E+00  1.443560E+01
  3.544693E+00  1.531923E+01
  3.594972E+00  1.667402E+01
  3.645251E+00  1.743489E+01
  3.695531E+00  1.782287E+01
  3.745810E+00  1.786414E+01
  3.796089E+00  1.784594E+01
  3.846369E+00  1.757924E+01
  3.896648E+00  1.695864E+01
  3.946927E+00  1.600011E+01
  3.997207E+00  1.470630E+01
  4.047486E+00  1.365014E+01
  4.097765E+00  1.230370E+01
  4.148045E+00  1.123701E+01
  4.198324E+00  1.068488E+01
  4.248603E+00  9.857961E+00
  4.298883E+00  9.264803E+00
  4.349162E+00  8.926760E+00
  4.399441E+00  8.792155E+00
  4.449721E+00  8.675705E+00
  4.500000E+00  8.628658E+00
  4.550279E+00  8.606017E+00
  4.600559E+00  8.537067E+00
  4.650838E+00  8.290566E+00
  4.701117E+00  8.244133E+00
  4.751397E+00  8.291374E+00
  4.801676E+00  8.230859E+00
  4.851955E+00  8.260459E+00
  4.902235E+00  8.107687E+00
  4.952514E+00  8.014869E+00
  5.002793E+00  7.999365E+00
  5.053073E+00  7.866376E+00
  5.103352E+00  7.628595E+00
  5.153631E+00  7.554647E+00
  5.203911E+00  7.526529E+00
  5.254190E+00  7.373714E+00
  5.304469E+00  7.182851E+00
  5.354749E+00  6.973265E+00
  5.405028E+00  6.810280E+00
  5.455307E+00  6.742219E+00
  5.505587E+00  6.756414E+00
  5.555866E+00  6.568292E+00
  5.606145E+00  6.538864E+00
  5.656425E+00  6.504247E+00
  5.706704E+00  6.397671E+00
  5.756983E+00  6.275668E+00
  5.807263E+00  6.173100E+00
  5.857542E+00  6.044981E+00
  5.907821E+00  6.024815E+00
  5.958101E+00  5.994883E+00
  6.008380E+00  5.761278E+00
  6.058659E+00  5.588887E+00
  6.108939E+00  5.402922E+00
  6.159218E+00  5.198901E+00
  6.209497E+00  5.046102E+00
  6.259777E+00  4.927406E+00
  6.310056E+00  4.747453E+00
  6.360335E+00  4.612648E+00
  6.410615E+00  4.518243E+00
  6.460894E+00  4.268129E+00
  6.511173E+00  4.158422E+00
  6.561453E+00  4.057813E+00
  6.611732E+00  3.948369E+00
  6.662011E+00  3.855481E+00
  6.712291E+00  3.649371E+00
  6.762570E+00  3.597902E+00
  6.812849E+00  3.519935E+00
  6.863128E+00  3.450240E+00
  6.913408E+00  3.337331E+00
  6.963687E+00  3.245423E+00
  7.013966E+00  3.145504E+00
  7.064246E+00  3.023358E+00
  7.114525E+00  2.976399E+00
  7.164804E+00  2.872041E+00
  7.215084E+00  2.785188E+00
  7.265363E+00  2.780948E+00
  7.315642E+00  2.634487E+00
  7.365922E+00  2.586687E+00
  7.416201E+00  2.546266E+00
  7.466480E+00  2.441267E+00
  7.516760E+00  2.443446E+00
  7.567039E+00  2.423104E+00
  7.617318E+00  2.359040E+00
  7.667598E+00  2.275045E+00
  7.717877E+00  2.172709E+00
  7.768156E+00  2.070855E+00
  7.818436E+00  2.005087E+00
  7.868715E+00  1.917824E+00
  7.918994E+00  1.892413E+00
  7.969274E+00  1.776418E+00
  8.019553E+00  1.759749E+00
  8.069832E+00  1.701562E+00
  8.120112E+00  1.650796E+00
  8.170391E+00  1.614540E+00
  8.220670E+00  1.538887E+00
  8.270950E+00  1.489700E+00
  8.321229E+00  1.411191E+00
  8.371508E+00  1.340325E+00
  8.421788E+00  1.328385E+00
  8.472067E+00  1.302634E+00
  8.522346E+00  1.235128E+00
  8.572626E+00  1.205717E+00
  8.622905E+00  1.180950E+00
  8.673184E+00  1.161092E+00
  8.723464E+00  1.086090E+00
  8.773743E+00  1.094440E+00
  8.824022E+00  1.049588E+00
  8.874302E+00  1.023965E+00
  8.924581E+00  9.395450E-01
  8.974860E+00  8.876931E-01
