  2.513966E-02  0.000000E+00
  7.541899E-02  0.000000E+00
  1.256983E-01  0.000000E+00
  1.759777E-01  0.000000E+00
  2.262570E-01  0.000000E+00
  2.765363E-01  0.000000E+00
  3.268156E-01  0.000000E+00
  3.770950E-01  0.000000E+00
  4.273743E-01  0.000000E+00
  4.776536E-01  0.000000E+00
  5.279330E-01  0.000000E+00
  5.782123E-01  0.000000E+00
  6.284916E-01  0.000000E+00
  6.787709E-01  0.000000E+00
  7.290503E-01  0.000000E+00
  7.793296E-01  0.000000E+00
  8.296089E-01  0.000000E+00
  8.798883E-01  0.000000E+00
  9.301676E-01  0.000000E+00
  9.804469E-01  0.000000E+00
  1.030726E+00  0.000000E+00
  1.081006E+00  0.000000E+00
  1.131285E+00  0.000000E+00
  1.181564E+00  0.000000E+00
  1.231844E+00  0.000000E+00
  1.282123E+00  0.000000E+00
  1.332402E+00  0.000000E+00
  1.382682E+00  0.000000E+00
  1.432961E+00  0.000000E+00
  1.483240E+00  0.000000E+00
  1.533520E+00  1.009250E-02
  1.583799E+00  1.072352E-01
  1.634078E+00  1.428112E+00
  1.684358E+00  8.923685E+00
  1.734637E+00  2.693764E+01
  1.784916E+00  4.629384E+01
  1.835196E+00  5.322612E+01
  1.885475E+00  4.694027E+01
  1.935754E+00  3.434190E+01
  1.986034E+00  2.181564E+01
  2.036313E+00  1.335808E+01
  2.086592E+00  8.166425E+00
  2.136872E+00  4.934671E+00
  2.187151E+00  3.068050E+00
  2.237430E+00  1.996095E+00
  2.287709E+00  1.343933E+00
  2.337989E+00  1.110168E+00
  2.388268E+00  9.265937E-01
  2.438547E+00  7.796773E-01
  2.488827E+00  5.594549E-01
  2.539106E+00  7.682340E-01
  2.589385E+00  9.392930E-01
  2.639665E+00  1.645329E+00
  2.689944E+00  2.475554E+00
  2.740223E+00  3.777462E+00
  2.790503E+00  6.283301E+00
  2.840782E+00  9.908027E+00
  2.891061E+00  1.405711E+01
  2.941341E+00  1.936865E+01
  2.991620E+00  2.453742E+01
  3.041899E+00  2.936867E+01
  3.092179E+00  3.335728E+01
  3.142458E+00  3.449693E+01
  3.192737E+00  3.319235E+01
  3.243017E+00  3.009480E+01
  3.293296E+00  2.695209E+01
  3.343575E+00  2.417802E+01
  3.393855E+00  2.236377E+01
  3.444134E+00  2.148948E+01
  3.494413E+00  1.986863E+01
  3.544693E+00  1.902940E+01
  3.594972E+00  1.819045E+01
  3.645251E+00  1.625950E+01
  3.695531E+00  1.437520E+01
  3.745810E+00  1.251167E+01
  3.796089E+00  1.095310E+01
  3.846369E+00  9.906002E+00
  3.896648E+00  9.207011E+00
  3.946927E+00  8.987648E+00
  3.997207E+00  9.076427E+00
  4.047486E+00  8.850397E+00
  4.097765E+00  8.913018E+00
  4.148045E+00  8.908862E+00
  4.198324E+00  8.930178E+00
  4.248603E+00  8.949310E+00
  4.298883E+00  9.140645E+00
  4.349162E+00  8.999124E+00
  4.399441E+00  9.108963E+00
  4.449721E+00  9.368211E+00
  4.500000E+00  9.242089E+00
  4.550279E+00  9.051967E+00
  4.600559E+00  8.911640E+00
  4.650838E+00  9.055792E+00
  4.701117E+00  8.927564E+00
  4.751397E+00  8.785884E+00
  4.801676E+00  8.655013E+00
  4.851955E+00  8.643939E+00
  4.902235E+00  8.502437E+00
  4.952514E+00  8.155514E+00
  5.002793E+00  8.139726E+00
  5.053073E+00  8.208163E+00
  5.103352E+00  8.079123E+00
  5.153631E+00  7.988384E+00
  5.203911E+00  7.789772E+00
  5.254190E+00  7.923704E+00
  5.304469E+00  7.746648E+00
  5.354749E+00  7.607373E+00
  5.405028E+00  7.467313E+00
  5.455307E+00  7.416175E+00
  5.505587E+00  7.309791E+00
  5.555866E+00  7.125540E+00
  5.606145E+00  7.166972E+00
  5.656425E+00  6.960251E+00
  5.706704E+00  6.699419E+00
  5.756983E+00  6.542565E+00
  5.807263E+00  6.231987E+00
  5.857542E+00  6.045211E+00
  5.907821E+00  5.734422E+00
  5.958101E+00  5.615759E+00
  6.008380E+00  5.471099E+00
  6.058659E+00  5.203922E+00
  6.108939E+00  4.975929E+00
  6.159218E+00  4.814307E+00
  6.209497E+00  4.701364E+00
  6.259777E+00  4.510849E+00
  6.310056E+00  4.425340E+00
  6.360335E+00  4.315751E+00
  6.410615E+00  4.120288E+00
  6.460894E+00  4.093939E+00
  6.511173E+00  4.070894E+00
  6.561453E+00  3.992021E+00
  6.611732E+00  3.879411E+00
  6.662011E+00  3.963514E+00
  6.712291E+00  3.926661E+00
  6.762570E+00  3.907589E+00
  6.812849E+00  3.861717E+00
  6.863128E+00  3.699685E+00
  6.913408E+00  3.581837E+00
  6.963687E+00  3.464058E+00
  7.013966E+00  3.350884E+00
  7.064246E+00  3.222812E+00
  7.114525E+00  2.996720E+00
  7.164804E+00  2.976541E+00
  7.215084E+00  2.900851E+00
  7.265363E+00  2.777350E+00
  7.315642E+00  2.660064E+00
  7.365922E+00  2.586833E+00
  7.416201E+00  2.502245E+00
  7.466480E+00  2.352705E+00
  7.516760E+00  2.250059E+00
  7.567039E+00  2.161117E+00
  7.617318E+00  2.144545E+00
  7.667598E+00  2.035631E+00
  7.717877E+00  2.017961E+00
  7.768156E+00  2.001626E+00
  7.818436E+00  1.959138E+00
  7.868715E+00  1.920124E+00
  7.918994E+00  1.896198E+00
  7.969274E+00  1.812049E+00
  8.019553E+00  1.762702E+00
  8.069832E+00  1.761824E+00
  8.120112E+00  1.643716E+00
  8.170391E+00  1.569027E+00
  8.220670E+00  1.521794E+00
  8.270950E+00  1.450376E+00
  8.321229E+00  1.342288E+00
  8.371508E+00  1.317972E+00
  8.421788E+00  1.243716E+00
  8.472067E+00  1.187990E+00
  8.522346E+00  1.158327E+00
  8.572626E+00  1.111727E+00
  8.622905E+00  1.082094E+00
  8.673184E+00  1.064956E+00
  8.723464E+00  1.021524E+00
  8.773743E+00  9.960764E-01
  8.824022E+00  9.734782E-01
  8.874302E+00  9.523313E-01
  8.924581E+00  8.994122E-01
  8.974860E+00  9.023292E-01
