  2.513966E-02  0.000000E+00
  7.541899E-02  0.000000E+00
  1.256983E-01  0.000000E+00
  1.759777E-01  0.000000E+00
  2.262570E-01  0.000000E+00
  2.765363E-01  0.000000E+00
  3.268156E-01  0.000000E+00
  3.770950E-01  0.000000E+00
  4.273743E-01  0.000000E+00
  4.776536E-01  0.000000E+00
  5.279330E-01  0.000000E+00
  5.782123E-01  0.000000E+00
  6.284916E-01  0.000000E+00
  6.787709E-01  0.000000E+00
  7.290503E-01  0.000000E+00
  7.793296E-01  0.000000E+00
  8.296089E-01  0.000000E+00
  8.798883E-01  0.000000E+00
  9.301676E-01  0.000000E+00
  9.804469E-01  0.000000E+00
  1.030726E+00  0.000000E+00
  1.081006E+00  0.000000E+00
  1.131285E+00  0.000000E+00
  1.181564E+00  0.000000E+00
  1.231844E+00  0.000000E+00
  1.282123E+00  0.000000E+00
  1.332402E+00  0.000000E+00
  1.382682E+00  0.000000E+00
  1.432961E+00  0.000000E+00
  1.483240E+00  0.000000E+00
  1.533520E+00  0.000000E+00
  1.583799E+00  0.000000E+00
  1.634078E+00  0.000000E+00
  1.684358E+00  0.000000E+00
  1.734637E+00  0.000000E+00
  1.784916E+00  0.000000E+00
  1.835196E+00  0.000000E+00
  1.885475E+00  0.000000E+00
  1.935754E+00  0.000000E+00
  1.986034E+00  0.000000E+00
  2.036313E+00  0.000000E+00
  2.086592E+00  0.000000E+00
  2.136872E+00  0.000000E+00
  2.187151E+00  0.000000E+00
  2.237430E+00  0.000000E+00
  2.287709E+00  0.000000E+00
  2.337989E+00  0.000000E+00
  2.388268E+00  0.000000E+00
  2.438547E+00  0.000000E+00
  2.488827E+00  2.043671E-02
  2.539106E+00  4.025252E-01
  2.589385E+00  4.946629E+00
  2.639665E+00  2.545775E+01
  2.689944E+00  6.709800E+01
  2.740223E+00  1.006986E+02
  2.790503E+00  1.035485E+02
  2.840782E+00  7.912304E+01
  2.891061E+00  5.021180E+01
  2.941341E+00  2.910373E+01
  2.991620E+00  1.723171E+01
  3.041899E+00  9.894729E+00
  3.092179E+00  6.586723E+00
  3.142458E+00  4.775217E+00
  3.192737E+00  4.604271E+00
  3.243017E+00  4.953108E+00
  3.293296E+00  5.576295E+00
  3.343575E+00  6.145886E+00
  3.393855E+00  6.731730E+00
  3.444134E+00  8.294839E+00
  3.494413E+00  8.226326E+00
  3.544693E+00  9.206149E+00
  3.594972E+00  1.016995E+01
  3.645251E+00  1.068208E+01
  3.695531E+00  1.094956E+01
  3.745810E+00  1.169289E+01
  3.796089E+00  1.190132E+01
  3.846369E+00  1.208636E+01
  3.896648E+00  1.278946E+01
  3.946927E+00  1.259774E+01
  3.997207E+00  1.351684E+01
  4.047486E+00  1.320629E+01
  4.097765E+00  1.339497E+01
  4.148045E+00  1.380060E+01
  4.198324E+00  1.422077E+01
  4.248603E+00  1.401593E+01
  4.298883E+00  1.353929E+01
  4.349162E+00  1.277295E+01
  4.399441E+00  1.196106E+01
  4.449721E+00  1.126231E+01
  4.500000E+00  1.091984E+01
  4.550279E+00  1.095193E+01
  4.600559E+00  9.828636E+00
  4.650838E+00  9.500224E+00
  4.701117E+00  9.620303E+00
  4.751397E+00  8.938338E+00
  4.801676E+00  9.034899E+00
  4.851955E+00  8.663096E+00
  4.902235E+00  8.366464E+00
  4.952514E+00  7.812933E+00
  5.002793E+00  7.580808E+00
  5.053073E+00  7.788908E+00
  5.103352E+00  7.139181E+00
  5.153631E+00  7.159041E+00
  5.203911E+00  7.558960E+00
  5.254190E+00  6.588422E+00
  5.304469E+00  6.046822E+00
  5.354749E+00  6.211948E+00
  5.405028E+00  6.219330E+00
  5.455307E+00  5.715998E+00
  5.505587E+00  5.815674E+00
  5.555866E+00  5.896468E+00
  5.606145E+00  5.752912E+00
  5.656425E+00  5.811337E+00
  5.706704E+00  5.797821E+00
  5.756983E+00  5.372323E+00
  5.807263E+00  5.533080E+00
  5.857542E+00  5.705997E+00
  5.907821E+00  5.750744E+00
  5.958101E+00  6.071332E+00
  6.008380E+00  6.223504E+00
  6.058659E+00  6.171507E+00
  6.108939E+00  6.059312E+00
  6.159218E+00  6.183537E+00
  6.209497E+00  6.105145E+00
  6.259777E+00  6.022811E+00
  6.310056E+00  5.920059E+00
  6.360335E+00  5.620295E+00
  6.410615E+00  5.546342E+00
  6.460894E+00  5.140405E+00
  6.511173E+00  4.756002E+00
  6.561453E+00  4.579007E+00
  6.611732E+00  4.336600E+00
  6.662011E+00  4.054611E+00
  6.712291E+00  3.621800E+00
  6.762570E+00  3.597210E+00
  6.812849E+00  3.655454E+00
  6.863128E+00  3.329969E+00
  6.913408E+00  3.288993E+00
  6.963687E+00  2.976045E+00
  7.013966E+00  2.964410E+00
  7.064246E+00  2.808208E+00
  7.114525E+00  2.686122E+00
  7.164804E+00  2.732401E+00
  7.215084E+00  2.580156E+00
  7.265363E+00  2.554161E+00
  7.315642E+00  2.587770E+00
  7.365922E+00  2.288324E+00
  7.416201E+00  2.206188E+00
  7.466480E+00  2.078930E+00
  7.516760E+00  2.135232E+00
  7.567039E+00  2.006909E+00
  7.617318E+00  1.905232E+00
  7.667598E+00  1.893785E+00
  7.717877E+00  1.830936E+00
  7.768156E+00  1.693502E+00
  7.818436E+00  1.660918E+00
  7.868715E+00  1.626470E+00
  7.918994E+00  1.564499E+00
  7.969274E+00  1.561763E+00
  8.019553E+00  1.655916E+00
  8.069832E+00  1.620767E+00
  8.120112E+00  1.589238E+00
  8.170391E+00  1.596762E+00
  8.220670E+00  1.614286E+00
  8.270950E+00  1.570662E+00
  8.321229E+00  1.522029E+00
  8.371508E+00  1.587798E+00
  8.421788E+00  1.520258E+00
  8.472067E+00  1.345294E+00
  8.522346E+00  1.277613E+00
  8.572626E+00  1.306597E+00
  8.622905E+00  1.289276E+00
  8.673184E+00  1.273530E+00
  8.723464E+00  1.287588E+00
  8.773743E+00  1.186946E+00
  8.824022E+00  9.962401E-01
  8.874302E+00  8.845158E-01
  8.924581E+00  9.015976E-01
  8.974860E+00  8.066544E-01
