amber                                                                           
         2         2        60  -77920.6172791    
     25.196959335562      0.000000000000      0.000000000000
      0.000000000000     25.196959335562      0.000000000000
      0.000000000000      0.000000000000     25.196959335562
OW               1
     5.160646214         6.240762209         2.321211517    
   2.49769345553      -2.87845007624      -2.62901732214    
   54.1177170426      -12289.6011861       1878.54551916    
HW               2
     5.340724531         7.057040714         2.772610676    
  -3.28419733652      -1.36300663569      -3.06284787583    
   999.143170190       9497.13784708       582.373448474    
HW               3
     4.967900135         6.492372032         1.425643855    
   4.99416533232      -5.09591282431      -3.78930997260    
  -1828.95717948       4067.86417312      -3334.40324040    
OW               4
     4.766312838         6.438373626       -0.5825667065    
   3.42441116199       1.22643820667      -1.71843571160    
  -10810.3775018       5682.57485759       1503.77406235    
HW               5
     5.584063191         6.918135085       -0.5224559691    
   1.40767912155       3.36185129235       8.67395788664    
   8371.92072190       1498.10636860      -1042.64337698    
HW               6
     5.020938955         5.525209288       -0.6441818368    
   6.70431524286       2.18257977144      -2.33460153602    
   4573.67411628      -5849.40875567      -92.8051929037    
OW               7
     6.997061100         8.134242075       -0.3274089995    
  0.170220550629       2.57359846259      0.365021646338E-01
   732.973789269      -14291.8279735      -3854.86524024    
HW               8
     6.783030982         8.905158932       -0.8396377639    
  -13.3490924779      -2.18244995285      -1.47254572351    
  -2470.20472404       7574.16428565      -2288.19060200    
HW               9
     7.115692923         8.453452646        0.5594568834    
   12.1100390103       9.06141666704      -3.89579768038    
   1747.78528787       5994.35025336       5001.17827640    
OW              10
     6.015135486         10.33796813        -1.800054718    
  -1.55309971183       1.31530475875      -3.35468112152    
  -6197.49839972      -13487.0544730       441.145967598    
HW              11
     6.168782054         10.94819574        -1.088356047    
  -3.46455850665      -13.7599205018       9.98383999010    
   1455.33684246       8372.21131153       4534.56882116    
HW              12
     6.532666018         10.66964999        -2.524381498    
   2.81478658245       14.9444944803       6.00721145934    
   5164.79914944       4443.59411453      -4893.86472608    
OW              13
     3.821338523         9.063604134       -0.7187603636    
  0.195732153744      -2.05917144790       1.08189073328    
  -9710.01768365       5905.46755431       6552.08897536    
HW              14
     3.895424848         8.116508643       -0.7233806821    
  -26.4934323005      -4.06247220189      -16.2296852516    
   2337.09429671      -7212.83211656      -2023.91122901    
HW              15
     4.481693828         9.364882454        -1.331673275    
  -3.82463260360      -10.3754896308      -7.33756899279    
   5787.17874822       1151.36468472      -4922.87932384    
OW              16
     5.285883879         3.602326890         2.475047914    
   4.53822401925       2.15612219716      -2.32883957445    
   2342.92865091      -14987.7684610      -4366.20499081    
HW              17
     5.297370078         3.413440705         3.406009822    
  -6.90237041765       3.30226396230      -1.95514082736    
  -469.212055938       2314.42782506       1040.80265149    
HW              18
     5.232583292         4.549045331         2.416882341    
  -4.58838826177       1.53099779239      -4.14027223302    
  -1630.20381859       12163.9266849       3816.71427974    
OW              19
     9.377576076         7.022399305        -1.266352815    
  -1.47847135058     -0.692781890175       2.52989399890    
   14571.8345421       10942.3190388      -589.388909481    
HW              20
     9.263652442         6.081042995        -1.324401953    
   4.67031194431      -1.37161480221       1.47099643005    
  -5083.82422195      -9259.44041468       325.518993579    
HW              21
     8.521284844         7.359631470        -1.030684013    
  -5.59257575319      -5.82762555849      -5.07076024986    
  -9945.78977575      -894.755195443       1845.36998161    
OW              22
     5.714986413         8.896952511         2.834682857    
  -3.96364956881      0.970517175141E-01  0.846804511656    
  -2952.45273872      -11883.8430414       7939.61573975    
HW              23
     5.126245568         9.517760057         2.421787946    
  0.803961132539       2.85990799957      -1.79717365145    
  -2765.44284475       6720.42352992      -4310.67258101    
HW              24
     6.586935544         9.188660343         2.595703264    
  -1.52201150437      -4.00434355081       4.74912546089    
   6306.57854681       3875.97420641      -2664.60113019    
OW              25
     6.180320207         12.08231675        0.3004058397    
   3.46867036834      0.581258088342       2.50984831786    
   2633.04764655       2379.19752449      -13033.5057699    
HW              26
     5.380547922         11.74045919        0.6825022918    
   3.09239541949      -8.19107133893      -6.12624710631    
  -4911.15457452      -2881.05996639       6255.96778875    
HW              27
     6.734350689         12.29772093         1.041453244    
  -6.10095839478       4.75289894468       8.45181251770    
   3354.17608407       16.2499063068       7133.45200006    
OW              28
     4.093573518         10.58149539         1.464558140    
 -0.101139696950     -0.117519573873     -0.383489409093    
   6935.26069156       9472.24494536       10779.9963341    
HW              29
     3.864640253         10.10587752        0.6746991678    
  -8.56538852380      -8.99128217635       7.41317868415    
  -4471.79738272      -6980.91697624      -9462.12274060    
HW              30
     3.263617181         10.77477767         1.884456262    
   4.16374671575       8.35153574126       4.14796989170    
  -3025.02332077      -968.568450681      -1351.07896792    
OW              31
     8.556595351         4.413476530        -1.207838249    
  -2.81256799636       1.19628003549       2.14846725894    
   6756.55462507       3704.21275005      -1740.35475398    
HW              32
     7.759938926         4.293998353       -0.7042873538    
  -4.73434298365      -4.00907874160      -2.12701153159    
  -6381.81186597      -2384.57067764       1496.61793692    
HW              33
     8.472716665         3.820323024        -1.945153158    
  0.348544364054       8.25294661494      -3.88808024318    
  -1768.70182065      -1476.93273465       141.717852546    
OW              34
     10.55372869         8.257537066        0.9241449562    
  0.326986249400      -2.77183122534       3.66305688250    
   3441.76330931       9469.21337854       7130.60414084    
HW              35
     10.76592664         7.515865478         1.478577353    
  -6.54952393874      -9.48252790377      -2.68208398261    
  -320.080465650      -3445.35271664      -478.082211208    
HW              36
     10.20434448         7.876655009        0.1270505309    
  -2.41587462026       7.26268124410      0.704417900382E-01
  -3359.41152812      -7156.79240305      -6537.92588399    
OW              37
     8.164417628         9.565798697         1.816649614    
   1.07969764930      0.682122167574      -1.14176988269    
  -9754.62117274      -5226.38359253       457.852537408    
HW              38
     8.283438627         10.50004513         1.941219286    
   7.05215219459      0.620798974495      -6.38828388258    
   3037.23427111       7057.16072046       694.952541696    
HW              39
     9.038401030         9.224187736         1.668477562    
 -0.743707307746      -6.21279487169       3.99923720682    
   6834.10456780       18.8104611975      -1316.04846460    
OW              40
     8.219946361         12.48214123         2.216566476    
   4.82241951583     -0.771495257789      -2.51178928911    
  -11656.1120816      -6161.97404716       3639.96220333    
HW              41
     8.990118728        -12.45521860         1.724689842    
  0.596348940300       10.1910328974      -3.34316843385    
   9011.48030702       2585.59196337      -4279.78370645    
HW              42
     8.156516415        -12.08470715         2.924688513    
  -4.49376973824     -0.516720201148      -3.57299327918    
   2268.88010675       1840.11590926       571.430165976    
OW              43
     8.306761892        -12.24858327        -1.446197004    
  -1.81661439155      -2.24884162890       2.73786555625    
   8184.18241069       4045.04651923       4665.11963247    
HW              44
     7.456710814        -12.23435624        -1.022273951    
  -2.90687700858       5.46802031958      0.292688390274    
  -4931.49447492      -1639.92934853       1120.68791305    
HW              45
     8.183408059         12.42126557        -2.226862331    
  -2.45879349314      -7.52582295006       6.40239039600    
  -2481.71118922      -3156.76321924      -5239.09250750    
OW              46
     5.835417895         3.888342786       -0.2099562385    
  -2.51992261162      -1.94923852459       2.60961276565    
   5598.91461369       5260.83560754      -12445.5367074    
HW              47
     5.344288302         3.133350395       -0.5120790770    
  -5.78372402327       2.24231879384      -2.55929280380    
  -1755.07293680      -2291.44830867       2757.59732273    
HW              48
     5.792513485         3.846242027        0.7381401330    
 -0.831847266076      -9.48325377018       2.35145136959    
  -3057.44994285      -4279.99498135       9312.41497154    
OW              49
     11.74767466         10.35433668       -0.3690127050    
 -0.898181097496      0.907269207205      -1.98985261807    
   206.699320567       8756.07497940      -7743.44944161    
HW              50
    -12.50812600         10.28023498       -0.2630443834    
  -2.56641524294     -0.619301094401       11.7590825989    
   1209.09344176      -1398.47787158       1282.75807917    
HW              51
     11.38491454         9.651274403        0.1569231471    
  -10.0173672622       5.93471691249      -1.55913137237    
  -2121.42655640      -6866.98504838       5764.63632470    
OW              52
     10.32646500        -12.55906578        0.4870688644    
  -1.20294108929       1.23945227012      -1.80594328430    
   528.406351155       5139.01557578       12092.3876521    
HW              53
     10.88453360         11.94410375        0.1558361049    
  -5.48007794760      -4.63185947727       3.28570418628    
   2466.25762941      -4745.66495166      -4709.72506746    
HW              54
     9.694665530        -12.40045292       -0.2044305082    
   1.21227992182       1.66678750654      -3.91462847684    
  -3668.71300281       203.536461005      -8763.74784316    
OW              55
     9.850017114         9.441268863        -2.545124232    
  -1.07270687646       5.14097732382      -1.07774643479    
  -5069.59260890       7776.16084987      -7534.32606646    
HW              56
     9.858314761         8.562521739        -2.184243863    
  -5.66580878900       4.74078949205      -1.94659937377    
   708.938141008      -6611.34926111       3397.10648416    
HW              57
     10.54914745         9.899185943        -2.093428861    
   2.52066104398      0.509596184972      -1.94435704976    
   3920.30388496       125.585591647       4177.72098673    
OW              58
     7.944350711         11.11556222        -3.596404646    
   1.51043658415      -2.85988273324      0.942642822696    
  -10015.3831774       9320.49802602       739.202745169    
HW              59
     8.052002012         11.03778345        -4.537075503    
   8.99690616674      -5.00539896123       1.97680242495    
   2181.44344502      -1680.93931122      -1250.63247579    
HW              60
     8.575462396         10.50989073        -3.225783444    
   3.58582093713       3.30432087173       7.48215827974    
   8891.43261981      -7862.82242115       1195.96082098    
