8.000000E-03 1.470494E+02
1.600000E-02 1.391458E+02
2.400000E-02 1.573583E+02
3.200000E-02 1.309543E+02
4.000000E-02 1.244068E+02
4.800000E-02 1.301075E+02
5.600000E-02 1.103604E+02
6.400000E-02 1.440368E+02
7.200000E-02 1.510361E+02
8.000000E-02 1.310379E+02
8.800000E-02 1.491425E+02
9.600000E-02 1.813263E+02
1.040000E-01 1.999424E+02
1.120000E-01 1.921493E+02
1.200000E-01 1.792651E+02
1.280000E-01 1.418733E+02
1.360000E-01 1.120824E+02
1.440000E-01 1.412962E+02
1.520000E-01 1.436850E+02
1.600000E-01 1.282107E+02
1.680000E-01 1.472692E+02
1.760000E-01 1.438176E+02
1.840000E-01 1.137796E+02
1.920000E-01 1.222677E+02
2.000000E-01 1.663252E+02
2.080000E-01 1.765562E+02
2.160000E-01 1.618881E+02
2.240000E-01 1.517006E+02
2.320000E-01 1.579811E+02
2.400000E-01 1.815769E+02
2.480000E-01 1.943240E+02
2.560000E-01 1.830584E+02
2.640000E-01 1.437762E+02
2.720000E-01 1.354373E+02
2.800000E-01 1.698966E+02
2.880000E-01 1.552117E+02
2.960000E-01 1.693402E+02
3.040000E-01 2.076347E+02
3.120000E-01 1.838869E+02
3.200000E-01 1.667386E+02
3.280000E-01 1.377988E+02
3.360000E-01 1.365849E+02
3.440000E-01 1.620138E+02
3.520000E-01 1.365420E+02
3.600000E-01 1.156164E+02
3.680000E-01 1.192966E+02
3.760000E-01 1.368018E+02
3.840000E-01 1.539483E+02
3.920000E-01 1.406234E+02
4.000000E-01 1.214397E+02
4.080000E-01 1.309990E+02
4.160000E-01 1.544758E+02
4.240000E-01 1.653125E+02
4.320000E-01 1.557494E+02
4.400000E-01 1.514548E+02
4.480000E-01 1.698019E+02
4.560000E-01 2.033165E+02
4.640000E-01 2.265122E+02
4.720000E-01 2.008914E+02
4.800000E-01 1.945724E+02
4.880000E-01 2.131806E+02
4.960000E-01 2.011302E+02
5.040000E-01 1.982044E+02
5.120000E-01 2.003194E+02
5.200000E-01 1.999678E+02
5.280000E-01 2.018321E+02
5.360000E-01 1.994393E+02
5.440000E-01 1.997699E+02
5.520000E-01 1.915109E+02
5.600000E-01 1.584945E+02
5.680000E-01 1.294864E+02
5.760000E-01 1.297694E+02
5.840000E-01 1.380203E+02
5.920000E-01 1.359982E+02
6.000000E-01 1.203949E+02
6.080000E-01 1.310909E+02
6.160000E-01 1.488587E+02
6.240000E-01 1.267626E+02
6.320000E-01 1.504572E+02
6.400000E-01 1.945581E+02
6.480000E-01 1.471538E+02
6.560000E-01 1.427660E+02
6.640000E-01 1.583002E+02
6.720000E-01 1.470858E+02
6.800000E-01 1.903998E+02
6.880000E-01 1.482542E+02
6.960000E-01 1.038752E+02
7.040000E-01 1.159380E+02
7.120000E-01 1.279497E+02
7.200000E-01 1.740996E+02
7.280000E-01 2.094162E+02
7.360000E-01 1.662261E+02
7.440000E-01 1.049706E+02
7.520000E-01 8.080322E+01
7.600000E-01 9.219596E+01
7.680000E-01 1.322503E+02
7.760000E-01 1.378429E+02
7.840000E-01 1.065970E+02
7.920000E-01 1.130178E+02
8.000000E-01 1.569024E+02
8.080000E-01 2.006664E+02
8.160000E-01 1.793872E+02
8.240000E-01 1.225207E+02
8.320000E-01 1.668839E+02
8.400000E-01 1.930412E+02
8.480000E-01 1.644618E+02
8.560000E-01 1.724174E+02
8.640000E-01 1.354556E+02
8.720000E-01 1.338665E+02
8.800000E-01 1.868569E+02
8.880000E-01 1.834751E+02
8.960000E-01 1.547804E+02
9.040000E-01 1.259254E+02
9.120000E-01 1.403745E+02
9.200000E-01 1.701023E+02
9.280000E-01 1.635190E+02
9.360000E-01 1.189112E+02
9.440000E-01 8.842563E+01
9.520000E-01 1.076792E+02
9.600000E-01 1.366893E+02
9.680000E-01 1.583165E+02
9.760000E-01 1.723788E+02
9.840000E-01 1.509368E+02
9.920000E-01 1.282787E+02
1.000000E+00 1.565819E+02
1.008000E+00 2.011638E+02
1.016000E+00 1.752662E+02
1.024000E+00 1.158171E+02
1.032000E+00 9.268182E+01
1.040000E+00 1.230874E+02
1.048000E+00 1.787170E+02
1.056000E+00 1.869407E+02
1.064000E+00 1.539350E+02
1.072000E+00 1.416129E+02
1.080000E+00 1.764725E+02
1.088000E+00 2.030388E+02
1.096000E+00 1.706114E+02
1.104000E+00 1.408865E+02
1.112000E+00 1.557626E+02
1.120000E+00 1.721861E+02
1.128000E+00 1.819938E+02
1.136000E+00 1.569424E+02
1.144000E+00 9.066566E+01
1.152000E+00 6.309539E+01
1.160000E+00 1.079794E+02
1.168000E+00 1.344111E+02
1.176000E+00 1.139851E+02
1.184000E+00 1.131662E+02
1.192000E+00 1.184663E+02
1.200000E+00 1.359315E+02
1.208000E+00 1.887897E+02
1.216000E+00 2.070146E+02
1.224000E+00 1.726845E+02
1.232000E+00 1.509163E+02
1.240000E+00 1.636171E+02
1.248000E+00 2.155655E+02
1.256000E+00 2.310215E+02
1.264000E+00 1.815941E+02
1.272000E+00 1.660834E+02
1.280000E+00 1.823330E+02
1.288000E+00 1.885600E+02
1.296000E+00 1.727861E+02
1.304000E+00 1.457888E+02
1.312000E+00 1.609914E+02
1.320000E+00 1.953653E+02
1.328000E+00 1.976265E+02
1.336000E+00 1.759082E+02
1.344000E+00 1.448042E+02
1.352000E+00 1.337412E+02
1.360000E+00 1.597238E+02
1.368000E+00 1.645835E+02
1.376000E+00 1.521799E+02
1.384000E+00 1.594505E+02
1.392000E+00 1.562255E+02
1.400000E+00 1.488626E+02
1.408000E+00 1.567046E+02
1.416000E+00 1.484884E+02
1.424000E+00 1.495636E+02
1.432000E+00 1.463142E+02
1.440000E+00 1.202798E+02
1.448000E+00 1.314536E+02
1.456000E+00 1.645517E+02
1.464000E+00 1.960577E+02
1.472000E+00 1.979996E+02
1.480000E+00 1.658827E+02
1.488000E+00 1.564623E+02
1.496000E+00 1.456904E+02
1.504000E+00 1.353778E+02
1.512000E+00 1.315493E+02
1.520000E+00 1.272538E+02
1.528000E+00 1.252121E+02
1.536000E+00 1.324222E+02
1.544000E+00 1.271112E+02
1.552000E+00 1.015482E+02
1.560000E+00 1.110096E+02
1.568000E+00 1.606286E+02
1.576000E+00 1.762417E+02
1.584000E+00 1.590988E+02
1.592000E+00 1.572937E+02
1.600000E+00 1.372976E+02
1.608000E+00 1.063362E+02
1.616000E+00 1.389861E+02
1.624000E+00 1.745576E+02
1.632000E+00 1.379951E+02
1.640000E+00 1.346929E+02
1.648000E+00 1.517128E+02
1.656000E+00 1.658528E+02
1.664000E+00 1.840731E+02
1.672000E+00 1.753242E+02
1.680000E+00 1.736306E+02
1.688000E+00 2.103948E+02
1.696000E+00 2.045255E+02
1.704000E+00 1.763016E+02
1.712000E+00 1.567000E+02
1.720000E+00 1.549073E+02
1.728000E+00 1.427995E+02
1.736000E+00 1.086521E+02
1.744000E+00 1.135708E+02
1.752000E+00 1.255612E+02
1.760000E+00 1.427378E+02
1.768000E+00 1.757732E+02
1.776000E+00 1.730436E+02
1.784000E+00 1.569037E+02
1.792000E+00 1.384116E+02
1.800000E+00 1.166052E+02
1.808000E+00 1.347923E+02
1.816000E+00 1.577126E+02
1.824000E+00 1.657075E+02
1.832000E+00 1.654082E+02
1.840000E+00 1.581035E+02
1.848000E+00 1.339466E+02
1.856000E+00 1.393189E+02
1.864000E+00 1.508014E+02
1.872000E+00 1.438088E+02
1.880000E+00 1.645916E+02
1.888000E+00 1.517737E+02
1.896000E+00 1.477820E+02
1.904000E+00 1.624192E+02
1.912000E+00 1.460748E+02
1.920000E+00 1.852104E+02
1.928000E+00 1.666115E+02
1.936000E+00 1.142241E+02
1.944000E+00 1.179463E+02
1.952000E+00 9.520228E+01
1.960000E+00 1.287252E+02
1.968000E+00 1.827679E+02
1.976000E+00 1.435948E+02
1.984000E+00 1.297491E+02
1.992000E+00 1.252090E+02
2.000000E+00 1.276010E+02
2.008000E+00 1.808379E+02
2.016000E+00 2.057265E+02
2.024000E+00 2.112473E+02
2.032000E+00 1.956077E+02
2.040000E+00 1.403914E+02
2.048000E+00 1.502111E+02
2.056000E+00 1.994783E+02
2.064000E+00 1.648130E+02
2.072000E+00 1.581698E+02
2.080000E+00 1.589893E+02
2.088000E+00 1.309571E+02
2.096000E+00 1.690012E+02
2.104000E+00 1.933824E+02
2.112000E+00 1.780273E+02
2.120000E+00 2.027600E+02
2.128000E+00 1.884718E+02
2.136000E+00 1.397494E+02
2.144000E+00 1.383118E+02
2.152000E+00 1.799398E+02
2.160000E+00 1.848874E+02
2.168000E+00 1.336244E+02
2.176000E+00 1.197098E+02
2.184000E+00 1.163600E+02
2.192000E+00 1.159650E+02
2.200000E+00 1.661574E+02
2.208000E+00 2.095416E+02
2.216000E+00 1.810094E+02
2.224000E+00 1.324909E+02
2.232000E+00 1.597381E+02
2.240000E+00 1.838659E+02
2.248000E+00 1.748498E+02
2.256000E+00 2.173216E+02
2.264000E+00 2.014312E+02
2.272000E+00 1.326875E+02
2.280000E+00 1.788086E+02
2.288000E+00 2.063491E+02
2.296000E+00 1.493040E+02
2.304000E+00 1.776099E+02
2.312000E+00 1.912789E+02
2.320000E+00 1.530570E+02
2.328000E+00 1.747044E+02
2.336000E+00 1.995986E+02
2.344000E+00 1.626236E+02
2.352000E+00 1.239467E+02
2.360000E+00 1.119416E+02
2.368000E+00 1.533562E+02
2.376000E+00 1.620713E+02
2.384000E+00 1.390046E+02
2.392000E+00 1.400097E+02
2.400000E+00 1.485730E+02
2.408000E+00 1.632614E+02
2.416000E+00 1.842668E+02
2.424000E+00 1.646668E+02
2.432000E+00 1.439825E+02
2.440000E+00 1.562818E+02
2.448000E+00 1.755163E+02
2.456000E+00 1.815362E+02
2.464000E+00 1.706826E+02
2.472000E+00 1.478205E+02
2.480000E+00 1.366246E+02
2.488000E+00 1.722734E+02
2.496000E+00 2.200648E+02
2.504000E+00 2.176957E+02
2.512000E+00 1.973124E+02
2.520000E+00 1.905248E+02
2.528000E+00 1.910981E+02
2.536000E+00 1.892054E+02
2.544000E+00 2.007273E+02
2.552000E+00 1.853430E+02
2.560000E+00 1.195049E+02
2.568000E+00 1.041096E+02
2.576000E+00 1.499960E+02
2.584000E+00 1.563081E+02
2.592000E+00 1.118047E+02
2.600000E+00 1.255751E+02
2.608000E+00 1.944237E+02
2.616000E+00 1.877814E+02
2.624000E+00 2.013242E+02
2.632000E+00 2.234326E+02
2.640000E+00 1.476354E+02
2.648000E+00 1.630037E+02
2.656000E+00 1.614455E+02
2.664000E+00 1.411934E+02
2.672000E+00 1.742715E+02
2.680000E+00 1.428020E+02
2.688000E+00 1.844097E+02
2.696000E+00 1.626125E+02
2.704000E+00 1.118643E+02
2.712000E+00 1.476501E+02
2.720000E+00 1.083713E+02
2.728000E+00 9.796394E+01
2.736000E+00 1.481130E+02
2.744000E+00 1.299900E+02
2.752000E+00 1.424118E+02
2.760000E+00 1.612177E+02
2.768000E+00 1.026921E+02
2.776000E+00 1.358371E+02
2.784000E+00 2.226181E+02
2.792000E+00 1.537186E+02
2.800000E+00 1.285919E+02
2.808000E+00 9.480791E+01
2.816000E+00 1.204802E+02
2.824000E+00 2.198992E+02
2.832000E+00 1.754165E+02
2.840000E+00 1.489467E+02
2.848000E+00 1.584463E+02
2.856000E+00 1.924750E+02
2.864000E+00 2.246120E+02
2.872000E+00 1.529256E+02
2.880000E+00 9.703851E+01
2.888000E+00 1.466387E+02
2.896000E+00 1.720847E+02
2.904000E+00 1.456183E+02
2.912000E+00 1.615626E+02
2.920000E+00 1.760378E+02
2.928000E+00 1.553946E+02
2.936000E+00 1.475930E+02
2.944000E+00 1.792040E+02
2.952000E+00 2.003270E+02
2.960000E+00 1.733848E+02
2.968000E+00 1.540669E+02
2.976000E+00 1.790061E+02
2.984000E+00 1.944799E+02
2.992000E+00 1.871402E+02
3.000000E+00 2.590810E+02
3.008000E+00 2.181838E+02
3.016000E+00 1.152099E+02
3.024000E+00 1.609477E+02
3.032000E+00 1.583244E+02
3.040000E+00 1.755830E+02
3.048000E+00 1.933938E+02
3.056000E+00 1.098939E+02
3.064000E+00 1.436706E+02
3.072000E+00 1.835755E+02
3.080000E+00 1.680801E+02
3.088000E+00 1.991132E+02
3.096000E+00 2.017764E+02
3.104000E+00 1.617034E+02
3.112000E+00 1.478363E+02
3.120000E+00 1.674322E+02
3.128000E+00 1.784032E+02
3.136000E+00 1.468565E+02
3.144000E+00 1.352870E+02
3.152000E+00 1.511801E+02
3.160000E+00 1.370026E+02
3.168000E+00 1.736114E+02
3.176000E+00 2.113290E+02
3.184000E+00 1.729407E+02
3.192000E+00 1.665510E+02
3.200000E+00 2.268649E+02
3.208000E+00 2.429145E+02
3.216000E+00 1.742781E+02
3.224000E+00 1.630403E+02
3.232000E+00 1.873455E+02
3.240000E+00 1.540579E+02
3.248000E+00 1.421144E+02
3.256000E+00 1.528702E+02
3.264000E+00 1.283101E+02
3.272000E+00 1.258599E+02
3.280000E+00 1.725806E+02
3.288000E+00 1.854210E+02
3.296000E+00 1.600287E+02
3.304000E+00 1.691567E+02
3.312000E+00 1.885667E+02
3.320000E+00 1.615186E+02
3.328000E+00 1.681260E+02
3.336000E+00 1.681653E+02
3.344000E+00 1.417674E+02
3.352000E+00 1.821308E+02
3.360000E+00 1.788985E+02
3.368000E+00 1.192895E+02
3.376000E+00 1.366339E+02
3.384000E+00 1.484019E+02
3.392000E+00 1.616831E+02
3.400000E+00 1.755721E+02
3.408000E+00 1.215252E+02
3.416000E+00 1.366299E+02
3.424000E+00 2.275484E+02
3.432000E+00 2.008320E+02
3.440000E+00 1.439566E+02
3.448000E+00 1.593692E+02
3.456000E+00 1.134414E+02
3.464000E+00 1.401707E+02
3.472000E+00 1.749553E+02
3.480000E+00 1.228024E+02
3.488000E+00 1.285624E+02
3.496000E+00 1.355196E+02
3.504000E+00 1.479917E+02
3.512000E+00 1.528408E+02
3.520000E+00 1.671816E+02
3.528000E+00 1.552948E+02
3.536000E+00 1.451353E+02
3.544000E+00 1.553030E+02
3.552000E+00 1.682732E+02
3.560000E+00 1.833641E+02
3.568000E+00 1.773404E+02
3.576000E+00 1.745242E+02
3.584000E+00 1.654728E+02
3.592000E+00 1.612906E+02
3.600000E+00 1.737916E+02
3.608000E+00 1.494117E+02
3.616000E+00 1.284074E+02
3.624000E+00 1.411783E+02
3.632000E+00 1.506363E+02
3.640000E+00 1.629429E+02
3.648000E+00 1.514037E+02
3.656000E+00 1.507116E+02
3.664000E+00 1.907286E+02
3.672000E+00 1.751870E+02
3.680000E+00 1.539915E+02
3.688000E+00 2.225579E+02
3.696000E+00 1.814870E+02
3.704000E+00 1.134898E+02
3.712000E+00 1.681480E+02
3.720000E+00 1.918624E+02
3.728000E+00 1.526771E+02
3.736000E+00 1.524712E+02
3.744000E+00 1.568309E+02
3.752000E+00 1.779604E+02
3.760000E+00 1.750360E+02
3.768000E+00 1.604039E+02
3.776000E+00 1.893103E+02
3.784000E+00 2.102764E+02
3.792000E+00 1.739832E+02
3.800000E+00 1.720019E+02
3.808000E+00 1.968993E+02
3.816000E+00 1.450407E+02
3.824000E+00 1.768612E+02
3.832000E+00 1.885160E+02
3.840000E+00 1.392965E+02
3.848000E+00 1.953925E+02
3.856000E+00 1.676380E+02
3.864000E+00 1.148915E+02
3.872000E+00 1.712478E+02
3.880000E+00 1.815722E+02
3.888000E+00 1.879268E+02
3.896000E+00 1.838962E+02
3.904000E+00 1.685784E+02
3.912000E+00 1.604132E+02
3.920000E+00 1.758377E+02
3.928000E+00 1.642198E+02
3.936000E+00 1.139512E+02
3.944000E+00 1.455780E+02
3.952000E+00 1.777087E+02
3.960000E+00 1.302188E+02
3.968000E+00 1.565181E+02
3.976000E+00 1.846790E+02
3.984000E+00 1.466944E+02
3.992000E+00 1.729952E+02
4.000000E+00 1.893665E+02
4.008000E+00 1.733903E+02
4.016000E+00 1.785605E+02
4.024000E+00 1.486342E+02
4.032000E+00 1.796523E+02
4.040000E+00 1.757823E+02
4.048000E+00 1.605599E+02
4.056000E+00 1.539025E+02
4.064000E+00 1.371081E+02
4.072000E+00 1.730063E+02
4.080000E+00 1.611197E+02
4.088000E+00 1.491345E+02
4.096000E+00 1.919621E+02
4.104000E+00 1.612640E+02
4.112000E+00 1.531545E+02
4.120000E+00 1.658697E+02
4.128000E+00 1.347566E+02
4.136000E+00 1.701239E+02
4.144000E+00 1.693504E+02
4.152000E+00 1.305984E+02
4.160000E+00 1.520329E+02
4.168000E+00 1.594596E+02
4.176000E+00 1.849504E+02
4.184000E+00 2.021669E+02
4.192000E+00 1.517943E+02
4.200000E+00 1.591207E+02
4.208000E+00 1.827745E+02
4.216000E+00 1.928367E+02
4.224000E+00 2.120677E+02
4.232000E+00 1.613361E+02
4.240000E+00 1.396753E+02
4.248000E+00 1.652227E+02
4.256000E+00 1.844520E+02
4.264000E+00 1.874351E+02
4.272000E+00 1.321002E+02
4.280000E+00 1.159461E+02
4.288000E+00 1.821667E+02
4.296000E+00 1.841653E+02
4.304000E+00 1.350312E+02
4.312000E+00 1.591961E+02
4.320000E+00 1.953410E+02
4.328000E+00 1.912081E+02
4.336000E+00 2.199939E+02
4.344000E+00 2.199018E+02
4.352000E+00 1.445624E+02
4.360000E+00 1.640629E+02
4.368000E+00 2.107788E+02
4.376000E+00 1.370088E+02
4.384000E+00 1.400844E+02
4.392000E+00 1.440843E+02
4.400000E+00 1.580297E+02
4.408000E+00 1.854874E+02
4.416000E+00 1.720313E+02
4.424000E+00 2.027803E+02
4.432000E+00 1.747071E+02
4.440000E+00 1.342679E+02
4.448000E+00 1.475332E+02
4.456000E+00 1.425151E+02
4.464000E+00 1.533378E+02
4.472000E+00 1.581589E+02
4.480000E+00 1.282364E+02
4.488000E+00 1.253159E+02
4.496000E+00 1.740059E+02
4.504000E+00 1.802370E+02
4.512000E+00 1.137437E+02
4.520000E+00 1.329833E+02
4.528000E+00 1.435081E+02
4.536000E+00 1.546561E+02
4.544000E+00 1.923902E+02
4.552000E+00 2.116203E+02
4.560000E+00 2.135672E+02
4.568000E+00 1.540595E+02
4.576000E+00 1.373387E+02
4.584000E+00 1.726418E+02
4.592000E+00 1.614187E+02
4.600000E+00 1.480967E+02
4.608000E+00 1.159912E+02
4.616000E+00 1.112115E+02
4.624000E+00 1.381687E+02
4.632000E+00 1.372383E+02
4.640000E+00 1.827789E+02
4.648000E+00 2.098123E+02
4.656000E+00 1.459520E+02
4.664000E+00 1.186921E+02
4.672000E+00 1.730359E+02
4.680000E+00 1.782894E+02
4.688000E+00 1.439797E+02
4.696000E+00 1.616616E+02
4.704000E+00 1.508450E+02
4.712000E+00 1.291048E+02
4.720000E+00 1.538383E+02
4.728000E+00 1.803771E+02
4.736000E+00 1.832604E+02
4.744000E+00 1.437396E+02
4.752000E+00 1.624498E+02
4.760000E+00 1.662783E+02
4.768000E+00 1.532486E+02
4.776000E+00 1.754644E+02
4.784000E+00 1.430718E+02
4.792000E+00 1.527744E+02
4.800000E+00 1.587365E+02
4.808000E+00 1.721009E+02
4.816000E+00 2.178370E+02
4.824000E+00 1.724701E+02
4.832000E+00 1.525466E+02
4.840000E+00 1.821653E+02
4.848000E+00 1.827484E+02
4.856000E+00 1.620216E+02
4.864000E+00 1.650058E+02
4.872000E+00 1.746552E+02
4.880000E+00 1.364827E+02
4.888000E+00 1.047633E+02
4.896000E+00 1.592134E+02
4.904000E+00 1.970303E+02
4.912000E+00 1.363472E+02
4.920000E+00 1.257929E+02
4.928000E+00 1.829885E+02
4.936000E+00 1.730667E+02
4.944000E+00 1.406837E+02
4.952000E+00 1.480647E+02
4.960000E+00 1.983394E+02
4.968000E+00 1.598470E+02
4.976000E+00 1.692738E+02
4.984000E+00 1.853902E+02
4.992000E+00 1.620420E+02
5.000000E+00 1.775217E+02
5.008000E+00 1.284479E+02
5.016000E+00 1.218506E+02
5.024000E+00 1.717693E+02
5.032000E+00 1.153886E+02
5.040000E+00 1.179482E+02
5.048000E+00 2.075659E+02
5.056000E+00 1.515228E+02
5.064000E+00 1.410360E+02
5.072000E+00 2.461723E+02
5.080000E+00 1.725549E+02
5.088000E+00 1.499377E+02
5.096000E+00 2.245253E+02
5.104000E+00 1.514705E+02
5.112000E+00 1.193036E+02
5.120000E+00 1.545325E+02
5.128000E+00 1.807181E+02
5.136000E+00 1.517675E+02
5.144000E+00 1.436022E+02
5.152000E+00 1.942616E+02
5.160000E+00 1.643582E+02
5.168000E+00 1.175230E+02
5.176000E+00 1.708991E+02
5.184000E+00 1.485747E+02
5.192000E+00 1.121315E+02
5.200000E+00 1.688270E+02
5.208000E+00 1.620420E+02
5.216000E+00 1.180863E+02
5.224000E+00 1.459651E+02
5.232000E+00 1.909467E+02
5.240000E+00 1.521236E+02
5.248000E+00 1.667650E+02
5.256000E+00 1.650644E+02
5.264000E+00 1.375642E+02
5.272000E+00 1.794004E+02
5.280000E+00 1.995149E+02
5.288000E+00 1.683993E+02
5.296000E+00 1.805153E+02
5.304000E+00 1.700678E+02
5.312000E+00 1.313543E+02
5.320000E+00 1.646058E+02
5.328000E+00 1.413537E+02
5.336000E+00 1.345797E+02
5.344000E+00 1.825815E+02
5.352000E+00 1.663035E+02
5.360000E+00 1.508673E+02
5.368000E+00 1.577491E+02
5.376000E+00 1.927585E+02
5.384000E+00 2.165709E+02
5.392000E+00 1.622421E+02
5.400000E+00 1.237194E+02
5.408000E+00 1.643485E+02
5.416000E+00 1.741457E+02
5.424000E+00 1.452013E+02
5.432000E+00 1.376478E+02
5.440000E+00 1.181904E+02
5.448000E+00 1.416795E+02
5.456000E+00 1.771446E+02
5.464000E+00 1.647525E+02
5.472000E+00 1.808674E+02
5.480000E+00 1.964392E+02
5.488000E+00 2.056357E+02
5.496000E+00 1.899361E+02
5.504000E+00 1.673744E+02
5.512000E+00 1.646610E+02
5.520000E+00 1.498254E+02
5.528000E+00 1.353365E+02
5.536000E+00 1.355831E+02
5.544000E+00 1.307690E+02
5.552000E+00 1.428748E+02
5.560000E+00 1.333811E+02
5.568000E+00 1.455515E+02
5.576000E+00 1.842688E+02
5.584000E+00 1.576782E+02
5.592000E+00 1.462513E+02
5.600000E+00 2.026193E+02
5.608000E+00 2.075325E+02
5.616000E+00 1.791068E+02
5.624000E+00 1.741593E+02
5.632000E+00 1.910703E+02
5.640000E+00 1.672569E+02
5.648000E+00 1.418233E+02
5.656000E+00 1.555756E+02
5.664000E+00 1.307522E+02
5.672000E+00 1.332898E+02
5.680000E+00 1.864331E+02
5.688000E+00 1.471858E+02
5.696000E+00 1.715501E+02
5.704000E+00 2.131320E+02
5.712000E+00 1.724204E+02
5.720000E+00 1.923998E+02
5.728000E+00 1.887653E+02
5.736000E+00 1.600733E+02
5.744000E+00 1.677791E+02
5.752000E+00 1.543126E+02
5.760000E+00 1.374230E+02
5.768000E+00 1.200459E+02
5.776000E+00 1.109011E+02
5.784000E+00 1.370311E+02
5.792000E+00 1.503482E+02
5.800000E+00 1.344738E+02
5.808000E+00 1.507097E+02
5.816000E+00 2.107702E+02
5.824000E+00 2.070630E+02
5.832000E+00 1.744294E+02
5.840000E+00 2.114153E+02
5.848000E+00 1.981896E+02
5.856000E+00 1.687623E+02
5.864000E+00 2.159449E+02
5.872000E+00 1.811752E+02
5.880000E+00 1.542846E+02
5.888000E+00 1.875010E+02
5.896000E+00 1.973149E+02
5.904000E+00 1.864027E+02
5.912000E+00 1.446692E+02
5.920000E+00 1.527443E+02
5.928000E+00 1.876107E+02
5.936000E+00 1.694394E+02
5.944000E+00 1.437954E+02
5.952000E+00 1.363925E+02
5.960000E+00 1.462710E+02
5.968000E+00 1.612080E+02
5.976000E+00 1.414714E+02
5.984000E+00 1.208232E+02
5.992000E+00 1.420962E+02
6.000000E+00 1.624056E+02
6.008000E+00 1.596914E+02
6.016000E+00 1.560141E+02
6.024000E+00 1.795226E+02
6.032000E+00 1.938477E+02
6.040000E+00 1.645365E+02
6.048000E+00 1.830111E+02
6.056000E+00 2.227424E+02
6.064000E+00 1.941460E+02
6.072000E+00 1.660327E+02
6.080000E+00 1.693456E+02
6.088000E+00 1.503084E+02
6.096000E+00 1.234542E+02
6.104000E+00 1.217976E+02
6.112000E+00 1.204359E+02
6.120000E+00 1.005363E+02
6.128000E+00 8.029118E+01
6.136000E+00 8.298467E+01
6.144000E+00 1.055808E+02
6.152000E+00 1.372412E+02
6.160000E+00 1.446464E+02
6.168000E+00 1.521733E+02
6.176000E+00 1.856148E+02
6.184000E+00 1.879459E+02
6.192000E+00 1.710227E+02
6.200000E+00 1.442007E+02
6.208000E+00 1.380231E+02
6.216000E+00 1.821070E+02
6.224000E+00 1.479376E+02
6.232000E+00 9.611820E+01
6.240000E+00 1.230607E+02
6.248000E+00 1.373796E+02
6.256000E+00 1.625241E+02
6.264000E+00 1.884351E+02
6.272000E+00 1.601587E+02
6.280000E+00 1.416346E+02
6.288000E+00 1.502161E+02
6.296000E+00 1.760803E+02
6.304000E+00 1.770758E+02
6.312000E+00 1.481635E+02
6.320000E+00 1.647354E+02
6.328000E+00 1.709673E+02
6.336000E+00 1.462183E+02
6.344000E+00 1.597376E+02
6.352000E+00 1.859393E+02
6.360000E+00 1.580214E+02
6.368000E+00 1.544484E+02
6.376000E+00 1.814880E+02
6.384000E+00 1.711871E+02
6.392000E+00 1.989506E+02
6.400000E+00 2.003461E+02
6.408000E+00 1.511390E+02
6.416000E+00 1.714725E+02
6.424000E+00 1.909910E+02
6.432000E+00 1.823335E+02
6.440000E+00 1.945057E+02
6.448000E+00 1.728590E+02
6.456000E+00 1.631992E+02
6.464000E+00 1.892451E+02
6.472000E+00 1.638420E+02
6.480000E+00 1.847782E+02
6.488000E+00 1.761537E+02
6.496000E+00 1.531754E+02
6.504000E+00 1.896762E+02
6.512000E+00 1.354968E+02
6.520000E+00 1.558389E+02
6.528000E+00 2.047198E+02
6.536000E+00 1.731514E+02
6.544000E+00 1.955082E+02
6.552000E+00 1.797072E+02
6.560000E+00 1.406321E+02
6.568000E+00 1.693698E+02
6.576000E+00 1.832417E+02
6.584000E+00 1.827617E+02
6.592000E+00 1.779643E+02
6.600000E+00 1.460761E+02
6.608000E+00 1.704213E+02
6.616000E+00 1.893953E+02
6.624000E+00 1.788376E+02
6.632000E+00 1.925658E+02
6.640000E+00 1.954865E+02
6.648000E+00 2.068360E+02
6.656000E+00 1.865007E+02
6.664000E+00 1.652936E+02
6.672000E+00 1.944349E+02
6.680000E+00 1.685581E+02
6.688000E+00 1.399908E+02
6.696000E+00 1.524863E+02
6.704000E+00 1.335102E+02
6.712000E+00 1.627146E+02
6.720000E+00 1.767915E+02
6.728000E+00 1.398191E+02
6.736000E+00 1.545757E+02
6.744000E+00 1.652432E+02
6.752000E+00 1.308936E+02
6.760000E+00 1.543263E+02
6.768000E+00 1.779298E+02
6.776000E+00 1.453356E+02
6.784000E+00 1.343927E+02
6.792000E+00 1.442629E+02
6.800000E+00 1.603324E+02
6.808000E+00 1.582689E+02
6.816000E+00 1.671933E+02
6.824000E+00 1.967873E+02
6.832000E+00 1.814751E+02
6.840000E+00 1.600193E+02
6.848000E+00 1.724990E+02
6.856000E+00 1.637520E+02
6.864000E+00 1.168333E+02
6.872000E+00 1.035331E+02
6.880000E+00 1.106440E+02
6.888000E+00 8.624239E+01
6.896000E+00 9.446665E+01
6.904000E+00 1.333940E+02
6.912000E+00 1.296952E+02
6.920000E+00 1.224102E+02
6.928000E+00 1.564046E+02
6.936000E+00 1.881944E+02
6.944000E+00 1.845111E+02
6.952000E+00 1.862062E+02
6.960000E+00 1.951884E+02
6.968000E+00 1.744577E+02
6.976000E+00 1.681091E+02
6.984000E+00 1.541703E+02
6.992000E+00 1.465304E+02
7.000000E+00 1.207061E+02
7.008000E+00 1.081377E+02
7.016000E+00 1.407717E+02
7.024000E+00 1.649520E+02
7.032000E+00 2.117620E+02
7.040000E+00 2.127525E+02
7.048000E+00 1.871928E+02
7.056000E+00 2.115097E+02
7.064000E+00 1.845091E+02
7.072000E+00 1.525739E+02
7.080000E+00 1.456794E+02
7.088000E+00 1.123389E+02
7.096000E+00 1.190438E+02
7.104000E+00 1.111347E+02
7.112000E+00 1.145304E+02
7.120000E+00 1.636235E+02
7.128000E+00 1.408131E+02
7.136000E+00 1.611635E+02
7.144000E+00 2.041148E+02
7.152000E+00 1.895051E+02
7.160000E+00 2.376593E+02
7.168000E+00 2.183607E+02
7.176000E+00 1.698361E+02
7.184000E+00 2.028759E+02
7.192000E+00 1.840310E+02
7.200000E+00 1.407810E+02
7.208000E+00 1.635565E+02
7.216000E+00 1.689282E+02
7.224000E+00 1.482744E+02
7.232000E+00 1.996906E+02
7.240000E+00 1.854295E+02
7.248000E+00 1.446162E+02
7.256000E+00 1.686927E+02
7.264000E+00 1.560256E+02
7.272000E+00 1.269569E+02
7.280000E+00 1.328199E+02
7.288000E+00 1.378582E+02
7.296000E+00 1.509356E+02
7.304000E+00 1.289508E+02
7.312000E+00 1.116684E+02
7.320000E+00 1.608646E+02
7.328000E+00 1.636917E+02
7.336000E+00 1.659575E+02
7.344000E+00 1.866786E+02
7.352000E+00 1.790238E+02
7.360000E+00 1.824259E+02
7.368000E+00 1.789035E+02
7.376000E+00 1.685774E+02
7.384000E+00 1.656954E+02
7.392000E+00 1.333947E+02
7.400000E+00 1.609637E+02
7.408000E+00 2.069549E+02
7.416000E+00 1.905671E+02
7.424000E+00 1.814054E+02
7.432000E+00 1.768807E+02
7.440000E+00 1.568015E+02
7.448000E+00 1.553595E+02
7.456000E+00 1.648509E+02
7.464000E+00 1.349927E+02
7.472000E+00 1.299503E+02
7.480000E+00 1.297066E+02
7.488000E+00 1.118803E+02
7.496000E+00 1.471260E+02
7.504000E+00 1.619279E+02
7.512000E+00 1.453752E+02
7.520000E+00 1.799756E+02
7.528000E+00 1.784890E+02
7.536000E+00 1.734303E+02
7.544000E+00 2.158812E+02
7.552000E+00 1.972652E+02
7.560000E+00 1.648133E+02
7.568000E+00 1.992035E+02
7.576000E+00 1.888254E+02
7.584000E+00 1.375047E+02
7.592000E+00 1.579528E+02
7.600000E+00 1.913938E+02
7.608000E+00 1.761950E+02
7.616000E+00 2.313687E+02
7.624000E+00 2.226784E+02
7.632000E+00 1.611344E+02
7.640000E+00 1.883134E+02
7.648000E+00 1.724953E+02
7.656000E+00 1.227845E+02
7.664000E+00 1.155971E+02
7.672000E+00 9.579093E+01
7.680000E+00 1.028814E+02
7.688000E+00 1.266573E+02
7.696000E+00 1.235468E+02
7.704000E+00 1.288620E+02
7.712000E+00 1.357353E+02
7.720000E+00 1.385612E+02
7.728000E+00 1.742898E+02
7.736000E+00 1.881800E+02
7.744000E+00 1.718066E+02
7.752000E+00 1.884100E+02
7.760000E+00 1.930388E+02
7.768000E+00 1.409733E+02
7.776000E+00 1.474978E+02
7.784000E+00 1.478984E+02
7.792000E+00 1.246278E+02
7.800000E+00 1.699224E+02
7.808000E+00 1.566744E+02
7.816000E+00 1.514477E+02
7.824000E+00 1.643051E+02
7.832000E+00 1.552399E+02
7.840000E+00 1.747789E+02
7.848000E+00 1.754983E+02
7.856000E+00 1.472785E+02
7.864000E+00 1.350261E+02
7.872000E+00 1.425329E+02
7.880000E+00 1.437570E+02
7.888000E+00 1.230110E+02
7.896000E+00 1.016926E+02
7.904000E+00 9.780062E+01
7.912000E+00 1.055052E+02
7.920000E+00 1.406256E+02
7.928000E+00 1.661958E+02
7.936000E+00 1.613029E+02
7.944000E+00 1.914528E+02
7.952000E+00 2.224688E+02
7.960000E+00 1.869842E+02
7.968000E+00 1.690941E+02
7.976000E+00 1.901028E+02
7.984000E+00 1.895716E+02
7.992000E+00 2.248431E+02
8.000000E+00 1.946445E+02
8.008000E+00 1.430391E+02
8.016000E+00 1.283850E+02
8.024000E+00 1.288724E+02
8.032000E+00 1.757964E+02
8.040000E+00 1.735359E+02
8.048000E+00 1.330699E+02
8.056000E+00 1.462435E+02
8.064000E+00 1.618608E+02
8.072000E+00 1.523462E+02
8.080000E+00 1.474531E+02
8.088000E+00 1.508642E+02
8.096000E+00 1.561776E+02
8.104000E+00 1.504541E+02
8.112000E+00 1.414881E+02
8.120000E+00 1.404434E+02
8.128000E+00 1.642262E+02
8.136000E+00 1.834137E+02
8.144000E+00 1.515942E+02
8.152000E+00 1.077697E+02
8.160000E+00 1.079695E+02
8.168000E+00 1.564771E+02
8.176000E+00 1.976005E+02
8.184000E+00 1.739960E+02
8.192000E+00 1.447984E+02
8.200000E+00 1.800683E+02
8.208000E+00 1.756941E+02
8.216000E+00 1.376082E+02
8.224000E+00 1.386574E+02
8.232000E+00 1.505219E+02
8.240000E+00 1.483790E+02
8.248000E+00 1.236789E+02
8.256000E+00 1.024004E+02
8.264000E+00 1.225369E+02
8.272000E+00 1.304273E+02
8.280000E+00 1.243439E+02
8.288000E+00 1.454534E+02
8.296000E+00 1.399291E+02
8.304000E+00 1.242756E+02
8.312000E+00 1.414902E+02
8.320000E+00 1.701066E+02
8.328000E+00 1.579893E+02
8.336000E+00 1.167796E+02
8.344000E+00 1.340116E+02
8.352000E+00 1.604756E+02
8.360000E+00 1.384140E+02
8.368000E+00 1.748289E+02
8.376000E+00 2.148609E+02
8.384000E+00 1.799106E+02
8.392000E+00 1.740647E+02
8.400000E+00 1.982157E+02
8.408000E+00 1.930355E+02
8.416000E+00 1.857025E+02
8.424000E+00 1.850541E+02
8.432000E+00 1.451854E+02
8.440000E+00 1.450099E+02
8.448000E+00 1.551709E+02
8.456000E+00 1.316394E+02
8.464000E+00 1.235954E+02
8.472000E+00 1.104729E+02
8.480000E+00 1.097036E+02
8.488000E+00 1.235092E+02
8.496000E+00 1.358430E+02
8.504000E+00 1.665810E+02
8.512000E+00 1.861805E+02
8.520000E+00 1.687366E+02
8.528000E+00 1.565927E+02
8.536000E+00 1.572697E+02
8.544000E+00 1.495018E+02
8.552000E+00 1.643812E+02
8.560000E+00 1.481342E+02
8.568000E+00 1.409511E+02
8.576000E+00 1.872457E+02
8.584000E+00 1.640268E+02
8.592000E+00 1.272582E+02
8.600000E+00 1.551635E+02
8.608000E+00 1.588287E+02
8.616000E+00 1.849403E+02
8.624000E+00 2.165562E+02
8.632000E+00 1.941063E+02
8.640000E+00 1.730531E+02
8.648000E+00 1.338777E+02
8.656000E+00 1.026145E+02
8.664000E+00 1.193316E+02
8.672000E+00 1.325402E+02
8.680000E+00 1.226577E+02
8.688000E+00 9.044797E+01
8.696000E+00 7.509366E+01
8.704000E+00 1.001937E+02
8.712000E+00 1.282320E+02
8.720000E+00 1.433998E+02
8.728000E+00 1.408783E+02
8.736000E+00 1.378659E+02
8.744000E+00 1.556484E+02
8.752000E+00 1.766497E+02
8.760000E+00 2.065692E+02
8.768000E+00 1.946191E+02
8.776000E+00 1.583279E+02
8.784000E+00 1.403565E+02
8.792000E+00 9.321405E+01
8.800000E+00 1.329745E+02
8.808000E+00 1.702544E+02
8.816000E+00 1.684721E+02
8.824000E+00 2.135128E+02
8.832000E+00 2.136329E+02
8.840000E+00 2.315498E+02
8.848000E+00 2.267743E+02
8.856000E+00 1.844222E+02
8.864000E+00 1.694781E+02
8.872000E+00 1.376925E+02
8.880000E+00 1.051533E+02
8.888000E+00 1.162207E+02
8.896000E+00 1.156865E+02
8.904000E+00 7.984895E+01
8.912000E+00 8.550442E+01
8.920000E+00 1.332236E+02
8.928000E+00 1.628302E+02
8.936000E+00 1.779655E+02
8.944000E+00 1.945295E+02
8.952000E+00 2.026908E+02
8.960000E+00 1.924496E+02
8.968000E+00 2.012206E+02
8.976000E+00 2.306223E+02
8.984000E+00 1.786273E+02
8.992000E+00 1.067156E+02
9.000000E+00 1.214590E+02
9.008000E+00 1.532376E+02
9.016000E+00 1.668299E+02
9.024000E+00 1.894185E+02
9.032000E+00 1.771013E+02
9.040000E+00 2.005368E+02
9.048000E+00 2.211747E+02
9.056000E+00 1.844402E+02
9.064000E+00 1.472294E+02
9.072000E+00 1.241438E+02
9.080000E+00 9.212917E+01
9.088000E+00 7.784099E+01
9.096000E+00 9.277452E+01
9.104000E+00 1.117115E+02
9.112000E+00 1.025259E+02
9.120000E+00 9.062178E+01
9.128000E+00 1.199508E+02
9.136000E+00 1.552683E+02
9.144000E+00 1.594765E+02
9.152000E+00 1.798122E+02
9.160000E+00 2.131016E+02
9.168000E+00 1.924715E+02
9.176000E+00 1.573261E+02
9.184000E+00 1.821961E+02
9.192000E+00 1.601668E+02
9.200000E+00 1.268520E+02
9.208000E+00 1.487211E+02
9.216000E+00 1.700103E+02
9.224000E+00 1.469100E+02
9.232000E+00 1.467704E+02
9.240000E+00 1.904916E+02
9.248000E+00 2.031646E+02
9.256000E+00 1.964010E+02
9.264000E+00 1.894618E+02
9.272000E+00 1.651986E+02
9.280000E+00 1.486220E+02
9.288000E+00 1.708052E+02
9.296000E+00 1.638332E+02
9.304000E+00 9.560335E+01
9.312000E+00 6.814765E+01
9.320000E+00 1.163900E+02
9.328000E+00 1.621640E+02
9.336000E+00 1.612561E+02
9.344000E+00 1.556085E+02
9.352000E+00 1.793538E+02
9.360000E+00 2.164910E+02
9.368000E+00 2.503275E+02
9.376000E+00 2.438194E+02
9.384000E+00 1.718299E+02
9.392000E+00 1.659282E+02
9.400000E+00 1.836648E+02
9.408000E+00 1.697430E+02
9.416000E+00 1.652660E+02
9.424000E+00 1.347628E+02
9.432000E+00 1.626749E+02
9.440000E+00 2.279946E+02
9.448000E+00 2.156196E+02
9.456000E+00 1.836749E+02
9.464000E+00 1.778940E+02
9.472000E+00 1.779050E+02
9.480000E+00 1.805752E+02
9.488000E+00 1.731112E+02
9.496000E+00 1.276699E+02
9.504000E+00 8.306179E+01
9.512000E+00 8.554697E+01
9.520000E+00 1.040395E+02
9.528000E+00 1.211067E+02
9.536000E+00 1.484868E+02
9.544000E+00 1.652215E+02
9.552000E+00 1.582944E+02
9.560000E+00 1.544698E+02
9.568000E+00 1.864183E+02
9.576000E+00 2.291266E+02
9.584000E+00 2.097321E+02
9.592000E+00 1.348352E+02
9.600000E+00 1.339107E+02
9.608000E+00 1.647678E+02
9.616000E+00 1.480228E+02
9.624000E+00 1.086080E+02
9.632000E+00 9.010942E+01
9.640000E+00 1.024593E+02
9.648000E+00 1.082817E+02
9.656000E+00 1.410610E+02
9.664000E+00 1.593757E+02
9.672000E+00 1.374811E+02
9.680000E+00 1.427764E+02
9.688000E+00 1.835300E+02
9.696000E+00 1.977762E+02
9.704000E+00 1.637747E+02
9.712000E+00 1.343483E+02
9.720000E+00 1.234348E+02
9.728000E+00 1.178729E+02
9.736000E+00 1.225953E+02
9.744000E+00 1.350108E+02
9.752000E+00 1.479787E+02
9.760000E+00 1.486136E+02
9.768000E+00 1.451488E+02
9.776000E+00 1.920034E+02
9.784000E+00 2.153026E+02
9.792000E+00 2.154218E+02
9.800000E+00 2.312418E+02
9.808000E+00 1.895840E+02
9.816000E+00 1.443434E+02
9.824000E+00 1.414026E+02
9.832000E+00 1.202858E+02
9.840000E+00 1.309461E+02
9.848000E+00 1.560133E+02
9.856000E+00 1.016938E+02
9.864000E+00 1.097908E+02
9.872000E+00 1.912606E+02
9.880000E+00 1.977920E+02
9.888000E+00 1.727287E+02
9.896000E+00 1.775387E+02
9.904000E+00 1.693428E+02
9.912000E+00 1.779409E+02
9.920000E+00 1.619282E+02
9.928000E+00 1.473398E+02
9.936000E+00 1.752448E+02
9.944000E+00 1.342405E+02
9.952000E+00 1.200253E+02
9.960000E+00 1.172365E+02
9.968000E+00 1.121293E+02
9.976000E+00 1.776204E+02
9.984000E+00 2.133961E+02
9.992000E+00 1.996195E+02
1.000000E+01 1.904779E+02
1.000800E+01 1.477174E+02
1.001600E+01 1.407224E+02
1.002400E+01 1.886575E+02
1.003200E+01 2.092121E+02
1.004000E+01 1.978676E+02
1.004800E+01 1.551066E+02
1.005600E+01 1.312600E+02
1.006400E+01 1.598238E+02
1.007200E+01 1.720685E+02
1.008000E+01 1.741702E+02
1.008800E+01 1.323900E+02
1.009600E+01 1.235653E+02
1.010400E+01 1.593152E+02
1.011200E+01 1.738969E+02
1.012000E+01 2.115960E+02
1.012800E+01 1.956440E+02
1.013600E+01 1.340427E+02
1.014400E+01 1.395221E+02
1.015200E+01 1.785501E+02
1.016000E+01 1.743435E+02
1.016800E+01 1.455029E+02
1.017600E+01 1.277853E+02
1.018400E+01 1.264517E+02
1.019200E+01 1.572418E+02
1.020000E+01 1.794885E+02
1.020800E+01 1.699847E+02
1.021600E+01 1.668872E+02
1.022400E+01 1.673813E+02
1.023200E+01 2.290887E+02
1.024000E+01 2.069459E+02
1.024800E+01 1.548368E+02
1.025600E+01 1.522079E+02
1.026400E+01 1.117547E+02
1.027200E+01 1.113583E+02
1.028000E+01 1.322526E+02
1.028800E+01 1.633143E+02
1.029600E+01 1.879700E+02
1.030400E+01 1.767542E+02
1.031200E+01 1.473642E+02
1.032000E+01 1.426906E+02
1.032800E+01 1.676456E+02
1.033600E+01 1.750308E+02
1.034400E+01 1.378382E+02
1.035200E+01 1.231608E+02
1.036000E+01 1.466902E+02
1.036800E+01 1.607397E+02
1.037600E+01 1.734813E+02
1.038400E+01 1.630112E+02
1.039200E+01 1.396758E+02
1.040000E+01 1.129533E+02
1.040800E+01 1.604154E+02
1.041600E+01 1.968412E+02
1.042400E+01 1.284877E+02
1.043200E+01 1.724422E+02
1.044000E+01 1.810817E+02
1.044800E+01 9.350510E+01
1.045600E+01 1.331007E+02
1.046400E+01 1.544302E+02
1.047200E+01 9.634747E+01
1.048000E+01 1.091682E+02
1.048800E+01 1.386336E+02
1.049600E+01 1.557114E+02
1.050400E+01 1.750029E+02
1.051200E+01 1.606067E+02
1.052000E+01 1.860874E+02
1.052800E+01 2.012291E+02
1.053600E+01 1.540654E+02
1.054400E+01 1.453368E+02
1.055200E+01 1.758744E+02
1.056000E+01 1.683834E+02
1.056800E+01 1.520582E+02
1.057600E+01 1.277170E+02
1.058400E+01 1.036702E+02
1.059200E+01 1.557151E+02
1.060000E+01 1.891356E+02
1.060800E+01 1.964070E+02
1.061600E+01 1.738976E+02
1.062400E+01 1.600465E+02
1.063200E+01 1.866825E+02
1.064000E+01 1.796070E+02
1.064800E+01 1.493750E+02
1.065600E+01 1.344810E+02
1.066400E+01 1.690319E+02
1.067200E+01 1.831295E+02
1.068000E+01 1.539907E+02
1.068800E+01 1.638886E+02
1.069600E+01 2.086228E+02
1.070400E+01 1.957728E+02
1.071200E+01 1.234983E+02
1.072000E+01 1.632576E+02
1.072800E+01 1.822949E+02
1.073600E+01 1.678337E+02
1.074400E+01 2.023378E+02
1.075200E+01 1.827341E+02
1.076000E+01 1.379887E+02
1.076800E+01 1.780677E+02
1.077600E+01 1.491626E+02
1.078400E+01 1.522678E+02
1.079200E+01 1.710200E+02
1.080000E+01 1.435681E+02
1.080800E+01 1.584208E+02
1.081600E+01 1.780186E+02
1.082400E+01 1.765823E+02
1.083200E+01 1.629239E+02
1.084000E+01 1.548980E+02
1.084800E+01 1.607223E+02
1.085600E+01 1.626856E+02
1.086400E+01 1.507717E+02
1.087200E+01 1.412470E+02
1.088000E+01 1.417103E+02
1.088800E+01 1.643149E+02
1.089600E+01 1.795851E+02
1.090400E+01 1.636640E+02
1.091200E+01 1.600400E+02
1.092000E+01 1.444780E+02
1.092800E+01 1.128997E+02
1.093600E+01 1.519727E+02
1.094400E+01 1.809426E+02
1.095200E+01 2.090813E+02
1.096000E+01 2.381173E+02
1.096800E+01 1.869319E+02
1.097600E+01 1.559790E+02
1.098400E+01 1.713024E+02
1.099200E+01 1.668093E+02
1.100000E+01 1.599752E+02
1.100800E+01 1.608587E+02
1.101600E+01 1.708952E+02
1.102400E+01 1.684074E+02
1.103200E+01 1.480536E+02
1.104000E+01 1.495622E+02
1.104800E+01 1.380478E+02
1.105600E+01 1.272414E+02
1.106400E+01 1.453209E+02
1.107200E+01 1.682146E+02
1.108000E+01 1.852085E+02
1.108800E+01 1.879852E+02
1.109600E+01 1.756207E+02
1.110400E+01 1.688848E+02
1.111200E+01 1.592097E+02
1.112000E+01 1.553267E+02
1.112800E+01 1.704436E+02
1.113600E+01 1.677469E+02
1.114400E+01 1.391180E+02
1.115200E+01 1.362157E+02
1.116000E+01 1.738141E+02
1.116800E+01 1.881758E+02
1.117600E+01 1.503297E+02
1.118400E+01 1.424728E+02
1.119200E+01 1.619984E+02
1.120000E+01 1.667150E+02
1.120800E+01 1.738008E+02
1.121600E+01 1.868842E+02
1.122400E+01 1.976580E+02
1.123200E+01 1.866282E+02
1.124000E+01 1.634566E+02
1.124800E+01 1.281524E+02
1.125600E+01 9.547935E+01
1.126400E+01 9.598519E+01
1.127200E+01 1.237714E+02
1.128000E+01 1.431649E+02
1.128800E+01 1.368779E+02
1.129600E+01 1.337922E+02
1.130400E+01 1.588426E+02
1.131200E+01 2.008298E+02
1.132000E+01 2.099727E+02
1.132800E+01 1.603308E+02
1.133600E+01 1.376216E+02
1.134400E+01 1.551664E+02
1.135200E+01 1.806196E+02
1.136000E+01 1.829885E+02
1.136800E+01 1.333602E+02
1.137600E+01 9.787918E+01
1.138400E+01 1.045741E+02
1.139200E+01 1.296913E+02
1.140000E+01 1.242142E+02
1.140800E+01 1.055484E+02
1.141600E+01 1.445904E+02
1.142400E+01 1.730713E+02
1.143200E+01 1.472591E+02
1.144000E+01 1.956995E+02
1.144800E+01 2.214901E+02
1.145600E+01 1.725140E+02
1.146400E+01 1.748534E+02
1.147200E+01 1.691587E+02
1.148000E+01 1.396104E+02
1.148800E+01 1.609476E+02
1.149600E+01 1.129038E+02
1.150400E+01 1.195423E+02
1.151200E+01 1.858370E+02
1.152000E+01 1.714523E+02
1.152800E+01 1.947180E+02
1.153600E+01 1.760078E+02
1.154400E+01 1.805845E+02
1.155200E+01 2.192940E+02
1.156000E+01 1.516445E+02
1.156800E+01 1.523260E+02
1.157600E+01 1.827938E+02
1.158400E+01 1.164340E+02
1.159200E+01 1.100027E+02
1.160000E+01 1.183044E+02
1.160800E+01 1.025286E+02
1.161600E+01 1.037123E+02
1.162400E+01 1.311714E+02
1.163200E+01 1.681224E+02
1.164000E+01 1.679785E+02
1.164800E+01 1.777576E+02
1.165600E+01 2.267824E+02
1.166400E+01 1.981319E+02
1.167200E+01 1.954439E+02
1.168000E+01 1.585281E+02
1.168800E+01 1.193074E+02
1.169600E+01 1.623306E+02
1.170400E+01 1.252185E+02
1.171200E+01 1.176513E+02
1.172000E+01 1.631043E+02
1.172800E+01 1.100563E+02
1.173600E+01 1.137195E+02
1.174400E+01 1.796471E+02
1.175200E+01 1.694577E+02
1.176000E+01 1.589606E+02
1.176800E+01 1.679176E+02
1.177600E+01 1.454806E+02
1.178400E+01 1.368385E+02
1.179200E+01 1.506269E+02
1.180000E+01 1.534429E+02
1.180800E+01 1.346638E+02
1.181600E+01 1.348844E+02
1.182400E+01 1.448439E+02
1.183200E+01 1.125911E+02
1.184000E+01 1.313733E+02
1.184800E+01 1.975985E+02
1.185600E+01 1.626819E+02
1.186400E+01 1.584557E+02
1.187200E+01 1.695105E+02
1.188000E+01 1.649192E+02
1.188800E+01 2.216268E+02
1.189600E+01 2.360668E+02
1.190400E+01 1.885179E+02
1.191200E+01 1.546646E+02
1.192000E+01 1.198406E+02
1.192800E+01 1.160594E+02
1.193600E+01 1.499505E+02
1.194400E+01 1.398010E+02
1.195200E+01 1.348002E+02
1.196000E+01 1.467939E+02
1.196800E+01 1.364034E+02
1.197600E+01 1.307153E+02
1.198400E+01 1.389909E+02
1.199200E+01 1.495334E+02
1.200000E+01 1.818998E+02
1.200800E+01 2.121598E+02
1.201600E+01 1.775675E+02
1.202400E+01 1.492176E+02
1.203200E+01 1.983939E+02
1.204000E+01 2.120409E+02
1.204800E+01 1.698157E+02
1.205600E+01 1.571559E+02
1.206400E+01 1.361178E+02
1.207200E+01 1.285545E+02
1.208000E+01 1.748534E+02
1.208800E+01 1.833728E+02
1.209600E+01 1.731470E+02
1.210400E+01 1.789603E+02
1.211200E+01 1.803416E+02
1.212000E+01 1.863474E+02
1.212800E+01 1.988454E+02
1.213600E+01 1.842917E+02
1.214400E+01 1.603134E+02
1.215200E+01 1.439271E+02
1.216000E+01 1.265015E+02
1.216800E+01 1.277289E+02
1.217600E+01 1.501615E+02
1.218400E+01 1.522183E+02
1.219200E+01 1.281463E+02
1.220000E+01 1.234184E+02
1.220800E+01 1.485245E+02
1.221600E+01 1.688957E+02
1.222400E+01 1.860924E+02
1.223200E+01 1.861148E+02
1.224000E+01 1.490005E+02
1.224800E+01 1.663517E+02
1.225600E+01 2.104625E+02
1.226400E+01 1.947875E+02
1.227200E+01 1.869217E+02
1.228000E+01 1.784617E+02
1.228800E+01 1.483176E+02
1.229600E+01 1.549932E+02
1.230400E+01 1.553943E+02
1.231200E+01 1.296089E+02
1.232000E+01 1.071724E+02
1.232800E+01 1.299736E+02
1.233600E+01 1.593786E+02
1.234400E+01 1.340918E+02
1.235200E+01 1.285024E+02
1.236000E+01 1.277428E+02
1.236800E+01 1.077035E+02
1.237600E+01 1.398274E+02
1.238400E+01 1.865354E+02
1.239200E+01 1.789637E+02
1.240000E+01 1.488687E+02
1.240800E+01 1.365596E+02
1.241600E+01 1.357909E+02
1.242400E+01 1.348154E+02
1.243200E+01 1.290568E+02
1.244000E+01 1.204785E+02
1.244800E+01 1.145505E+02
1.245600E+01 1.542604E+02
1.246400E+01 2.113804E+02
1.247200E+01 1.927832E+02
1.248000E+01 1.600480E+02
1.248800E+01 1.516232E+02
1.249600E+01 1.591135E+02
1.250400E+01 1.759583E+02
1.251200E+01 1.647215E+02
1.252000E+01 1.548081E+02
1.252800E+01 1.559858E+02
1.253600E+01 1.449292E+02
1.254400E+01 1.583250E+02
1.255200E+01 1.621648E+02
1.256000E+01 1.403327E+02
1.256800E+01 1.232357E+02
1.257600E+01 1.415898E+02
1.258400E+01 2.060404E+02
1.259200E+01 2.060326E+02
1.260000E+01 1.563094E+02
1.260800E+01 1.856078E+02
1.261600E+01 2.279865E+02
1.262400E+01 2.204084E+02
1.263200E+01 1.859783E+02
1.264000E+01 1.230298E+02
1.264800E+01 1.205626E+02
1.265600E+01 1.668388E+02
1.266400E+01 1.586464E+02
1.267200E+01 1.467772E+02
1.268000E+01 1.815879E+02
1.268800E+01 1.706217E+02
1.269600E+01 1.668287E+02
1.270400E+01 2.405808E+02
1.271200E+01 2.179330E+02
1.272000E+01 1.423035E+02
1.272800E+01 1.541151E+02
1.273600E+01 1.689323E+02
1.274400E+01 1.556865E+02
1.275200E+01 1.756116E+02
1.276000E+01 1.512479E+02
1.276800E+01 7.782032E+01
1.277600E+01 9.832018E+01
1.278400E+01 1.518469E+02
1.279200E+01 1.598597E+02
1.280000E+01 1.589203E+02
1.280800E+01 1.508351E+02
1.281600E+01 1.625009E+02
1.282400E+01 1.896103E+02
1.283200E+01 1.607414E+02
1.284000E+01 1.406713E+02
1.284800E+01 1.612253E+02
1.285600E+01 1.497158E+02
1.286400E+01 1.798074E+02
1.287200E+01 1.672785E+02
1.288000E+01 1.521492E+02
1.288800E+01 1.834193E+02
1.289600E+01 1.586303E+02
1.290400E+01 1.425927E+02
1.291200E+01 1.648872E+02
1.292000E+01 1.689207E+02
1.292800E+01 1.860628E+02
1.293600E+01 1.848106E+02
1.294400E+01 1.474472E+02
1.295200E+01 1.322974E+02
1.296000E+01 1.550577E+02
1.296800E+01 1.386612E+02
1.297600E+01 1.214030E+02
1.298400E+01 1.211553E+02
1.299200E+01 1.272302E+02
1.300000E+01 1.542558E+02
1.300800E+01 1.774969E+02
1.301600E+01 1.796261E+02
1.302400E+01 1.734266E+02
1.303200E+01 1.516058E+02
1.304000E+01 1.486902E+02
1.304800E+01 1.753736E+02
1.305600E+01 1.704871E+02
1.306400E+01 1.579311E+02
1.307200E+01 1.661205E+02
1.308000E+01 2.043183E+02
1.308800E+01 1.952916E+02
1.309600E+01 1.600013E+02
1.310400E+01 1.476564E+02
1.311200E+01 1.636835E+02
1.312000E+01 1.759354E+02
1.312800E+01 1.831509E+02
1.313600E+01 1.953225E+02
1.314400E+01 1.796895E+02
1.315200E+01 1.702082E+02
1.316000E+01 1.410679E+02
1.316800E+01 1.347838E+02
1.317600E+01 1.743341E+02
1.318400E+01 1.397182E+02
1.319200E+01 1.073854E+02
1.320000E+01 1.345357E+02
1.320800E+01 1.502383E+02
1.321600E+01 1.619491E+02
1.322400E+01 1.375881E+02
1.323200E+01 1.438660E+02
1.324000E+01 1.503317E+02
1.324800E+01 1.237180E+02
1.325600E+01 1.241514E+02
1.326400E+01 1.615153E+02
1.327200E+01 1.907962E+02
1.328000E+01 1.716813E+02
1.328800E+01 1.711512E+02
1.329600E+01 1.783331E+02
1.330400E+01 1.474489E+02
1.331200E+01 9.483017E+01
1.332000E+01 9.847999E+01
1.332800E+01 1.404046E+02
1.333600E+01 1.521135E+02
1.334400E+01 1.512488E+02
1.335200E+01 1.509912E+02
1.336000E+01 1.515247E+02
1.336800E+01 1.520372E+02
1.337600E+01 1.054056E+02
1.338400E+01 6.777903E+01
1.339200E+01 9.412077E+01
1.340000E+01 1.184586E+02
1.340800E+01 1.250506E+02
1.341600E+01 1.268752E+02
1.342400E+01 1.213418E+02
1.343200E+01 1.521511E+02
1.344000E+01 1.758598E+02
1.344800E+01 1.222407E+02
1.345600E+01 1.139491E+02
1.346400E+01 1.656235E+02
1.347200E+01 1.496598E+02
1.348000E+01 1.464336E+02
1.348800E+01 1.878124E+02
1.349600E+01 1.570152E+02
1.350400E+01 1.398595E+02
1.351200E+01 1.563390E+02
1.352000E+01 1.177051E+02
1.352800E+01 1.216080E+02
1.353600E+01 1.907054E+02
1.354400E+01 1.889774E+02
1.355200E+01 1.882461E+02
1.356000E+01 2.038526E+02
1.356800E+01 1.687723E+02
1.357600E+01 1.682990E+02
1.358400E+01 1.835395E+02
1.359200E+01 1.361192E+02
1.360000E+01 1.056230E+02
1.360800E+01 1.174709E+02
1.361600E+01 1.101621E+02
1.362400E+01 1.103367E+02
1.363200E+01 1.377059E+02
1.364000E+01 1.429677E+02
1.364800E+01 1.560964E+02
1.365600E+01 2.029672E+02
1.366400E+01 2.139359E+02
1.367200E+01 2.084914E+02
1.368000E+01 2.246718E+02
1.368800E+01 2.028423E+02
1.369600E+01 1.685781E+02
1.370400E+01 1.977052E+02
1.371200E+01 1.957927E+02
1.372000E+01 1.959789E+02
1.372800E+01 1.671537E+02
1.373600E+01 1.374448E+02
1.374400E+01 1.530163E+02
1.375200E+01 1.659965E+02
1.376000E+01 1.826789E+02
1.376800E+01 1.834449E+02
1.377600E+01 1.633009E+02
1.378400E+01 1.510523E+02
1.379200E+01 1.626213E+02
1.380000E+01 1.768589E+02
1.380800E+01 1.629665E+02
1.381600E+01 1.338133E+02
1.382400E+01 1.170678E+02
1.383200E+01 1.062203E+02
1.384000E+01 1.249629E+02
1.384800E+01 1.560743E+02
1.385600E+01 1.542060E+02
1.386400E+01 1.495001E+02
1.387200E+01 1.466857E+02
1.388000E+01 1.351514E+02
1.388800E+01 1.509113E+02
1.389600E+01 1.944756E+02
1.390400E+01 2.359754E+02
1.391200E+01 2.227823E+02
1.392000E+01 1.832423E+02
1.392800E+01 1.733619E+02
1.393600E+01 1.546997E+02
1.394400E+01 1.425846E+02
1.395200E+01 1.443907E+02
1.396000E+01 1.703847E+02
1.396800E+01 1.684580E+02
1.397600E+01 1.412897E+02
1.398400E+01 1.331218E+02
1.399200E+01 1.358467E+02
1.400000E+01 1.347018E+02
1.400800E+01 1.403919E+02
1.401600E+01 1.480793E+02
1.402400E+01 1.598688E+02
1.403200E+01 1.603321E+02
1.404000E+01 1.552654E+02
1.404800E+01 1.765691E+02
1.405600E+01 1.940565E+02
1.406400E+01 1.831235E+02
1.407200E+01 1.609296E+02
1.408000E+01 1.390371E+02
1.408800E+01 1.364248E+02
1.409600E+01 1.584677E+02
1.410400E+01 1.909903E+02
1.411200E+01 2.197891E+02
1.412000E+01 2.126318E+02
1.412800E+01 2.196402E+02
1.413600E+01 2.305990E+02
1.414400E+01 1.971799E+02
1.415200E+01 1.717339E+02
1.416000E+01 1.775903E+02
1.416800E+01 1.742407E+02
1.417600E+01 1.544203E+02
1.418400E+01 1.426614E+02
1.419200E+01 1.154643E+02
1.420000E+01 8.939364E+01
1.420800E+01 1.026681E+02
1.421600E+01 1.199940E+02
1.422400E+01 1.205574E+02
1.423200E+01 1.371837E+02
1.424000E+01 1.511218E+02
1.424800E+01 1.523548E+02
1.425600E+01 1.922549E+02
1.426400E+01 2.236929E+02
1.427200E+01 2.101524E+02
1.428000E+01 2.056426E+02
1.428800E+01 1.793722E+02
1.429600E+01 1.143892E+02
1.430400E+01 1.048155E+02
1.431200E+01 1.336999E+02
1.432000E+01 1.591476E+02
1.432800E+01 2.146023E+02
1.433600E+01 2.285891E+02
1.434400E+01 1.939602E+02
1.435200E+01 1.751886E+02
1.436000E+01 1.503065E+02
1.436800E+01 1.505502E+02
1.437600E+01 1.426085E+02
1.438400E+01 1.372929E+02
1.439200E+01 1.466502E+02
1.440000E+01 1.314419E+02
1.440800E+01 1.320372E+02
1.441600E+01 1.413607E+02
1.442400E+01 1.373929E+02
1.443200E+01 1.455239E+02
1.444000E+01 1.442852E+02
1.444800E+01 1.467062E+02
1.445600E+01 1.937863E+02
1.446400E+01 2.167288E+02
1.447200E+01 2.308318E+02
1.448000E+01 2.562783E+02
1.448800E+01 2.109104E+02
1.449600E+01 1.803298E+02
1.450400E+01 1.696276E+02
1.451200E+01 1.945693E+02
1.452000E+01 1.774003E+02
1.452800E+01 1.979967E+02
1.453600E+01 2.243533E+02
1.454400E+01 2.111138E+02
1.455200E+01 2.204554E+02
1.456000E+01 1.992720E+02
1.456800E+01 1.730924E+02
1.457600E+01 1.590057E+02
1.458400E+01 1.356991E+02
1.459200E+01 1.608851E+02
1.460000E+01 1.889930E+02
1.460800E+01 1.629669E+02
1.461600E+01 1.566982E+02
1.462400E+01 1.620576E+02
1.463200E+01 1.408585E+02
1.464000E+01 1.318739E+02
1.464800E+01 1.235006E+02
1.465600E+01 1.042434E+02
1.466400E+01 1.307896E+02
1.467200E+01 1.744859E+02
1.468000E+01 1.837244E+02
1.468800E+01 1.952345E+02
1.469600E+01 1.735754E+02
1.470400E+01 1.474652E+02
1.471200E+01 1.277243E+02
1.472000E+01 1.082764E+02
1.472800E+01 1.493498E+02
1.473600E+01 1.675536E+02
1.474400E+01 1.388997E+02
1.475200E+01 1.281004E+02
1.476000E+01 1.341563E+02
1.476800E+01 1.390242E+02
1.477600E+01 1.209588E+02
1.478400E+01 1.082769E+02
1.479200E+01 1.184525E+02
1.480000E+01 1.429307E+02
1.480800E+01 1.663601E+02
1.481600E+01 1.753074E+02
1.482400E+01 1.709495E+02
1.483200E+01 1.518467E+02
1.484000E+01 1.649482E+02
1.484800E+01 1.689755E+02
1.485600E+01 1.367505E+02
1.486400E+01 1.518782E+02
1.487200E+01 1.599806E+02
1.488000E+01 1.538758E+02
1.488800E+01 1.898504E+02
1.489600E+01 2.004746E+02
1.490400E+01 2.015506E+02
1.491200E+01 2.185443E+02
1.492000E+01 2.202803E+02
1.492800E+01 2.239217E+02
1.493600E+01 1.922827E+02
1.494400E+01 1.885610E+02
1.495200E+01 1.982374E+02
1.496000E+01 1.694086E+02
1.496800E+01 1.684340E+02
1.497600E+01 1.754656E+02
1.498400E+01 1.436903E+02
1.499200E+01 1.398841E+02
1.500000E+01 1.554799E+02
1.500800E+01 1.566923E+02
1.501600E+01 1.520323E+02
1.502400E+01 1.758596E+02
1.503200E+01 1.660523E+02
1.504000E+01 1.623417E+02
1.504800E+01 1.952053E+02
1.505600E+01 1.442800E+02
1.506400E+01 1.537118E+02
1.507200E+01 1.794084E+02
1.508000E+01 1.175651E+02
1.508800E+01 1.183484E+02
1.509600E+01 1.393914E+02
1.510400E+01 1.300323E+02
1.511200E+01 1.182114E+02
1.512000E+01 1.497870E+02
1.512800E+01 1.958041E+02
1.513600E+01 1.661726E+02
1.514400E+01 1.409182E+02
1.515200E+01 1.666275E+02
1.516000E+01 1.495639E+02
1.516800E+01 1.059492E+02
1.517600E+01 1.355406E+02
1.518400E+01 1.266244E+02
1.519200E+01 1.103101E+02
1.520000E+01 1.769546E+02
1.520800E+01 1.569711E+02
1.521600E+01 1.596669E+02
1.522400E+01 1.852123E+02
1.523200E+01 1.322865E+02
1.524000E+01 1.537242E+02
1.524800E+01 1.582000E+02
1.525600E+01 1.446962E+02
1.526400E+01 1.739029E+02
1.527200E+01 1.720894E+02
1.528000E+01 1.732814E+02
1.528800E+01 1.776501E+02
1.529600E+01 1.569603E+02
1.530400E+01 1.519421E+02
1.531200E+01 1.578336E+02
1.532000E+01 1.325369E+02
1.532800E+01 1.452532E+02
1.533600E+01 1.505685E+02
1.534400E+01 1.601215E+02
1.535200E+01 1.741961E+02
1.536000E+01 1.634441E+02
1.536800E+01 1.693825E+02
1.537600E+01 1.733684E+02
1.538400E+01 1.729436E+02
1.539200E+01 1.703779E+02
1.540000E+01 1.558534E+02
1.540800E+01 1.541711E+02
1.541600E+01 1.698754E+02
1.542400E+01 1.738983E+02
1.543200E+01 1.781270E+02
1.544000E+01 1.711879E+02
1.544800E+01 1.675370E+02
1.545600E+01 1.890424E+02
1.546400E+01 1.569955E+02
1.547200E+01 1.285793E+02
1.548000E+01 1.419412E+02
1.548800E+01 1.328079E+02
1.549600E+01 1.304283E+02
1.550400E+01 1.624690E+02
1.551200E+01 1.447453E+02
1.552000E+01 1.115899E+02
1.552800E+01 1.366892E+02
1.553600E+01 1.610240E+02
1.554400E+01 1.632520E+02
1.555200E+01 1.542716E+02
1.556000E+01 1.267489E+02
1.556800E+01 1.498234E+02
1.557600E+01 1.641004E+02
1.558400E+01 1.153017E+02
1.559200E+01 1.143135E+02
1.560000E+01 1.460083E+02
1.560800E+01 1.342067E+02
1.561600E+01 1.280785E+02
1.562400E+01 1.621783E+02
1.563200E+01 1.825448E+02
1.564000E+01 1.497463E+02
1.564800E+01 1.613690E+02
1.565600E+01 1.919363E+02
1.566400E+01 1.694054E+02
1.567200E+01 1.647393E+02
1.568000E+01 1.415128E+02
1.568800E+01 1.200726E+02
1.569600E+01 1.143808E+02
1.570400E+01 1.085771E+02
1.571200E+01 1.093741E+02
1.572000E+01 1.209884E+02
1.572800E+01 1.376895E+02
1.573600E+01 1.448577E+02
1.574400E+01 1.665326E+02
1.575200E+01 1.564229E+02
1.576000E+01 1.503747E+02
1.576800E+01 1.646304E+02
1.577600E+01 1.508808E+02
1.578400E+01 1.576483E+02
1.579200E+01 1.372865E+02
1.580000E+01 1.534398E+02
1.580800E+01 1.464126E+02
1.581600E+01 1.290534E+02
1.582400E+01 1.275916E+02
1.583200E+01 1.381752E+02
1.584000E+01 1.776184E+02
1.584800E+01 1.584714E+02
1.585600E+01 1.405683E+02
1.586400E+01 1.653871E+02
1.587200E+01 1.369254E+02
1.588000E+01 1.321808E+02
1.588800E+01 1.150706E+02
1.589600E+01 1.406030E+02
1.590400E+01 1.533919E+02
1.591200E+01 1.243791E+02
1.592000E+01 1.781527E+02
1.592800E+01 1.925448E+02
1.593600E+01 1.766685E+02
1.594400E+01 1.748648E+02
1.595200E+01 1.550581E+02
1.596000E+01 1.729572E+02
1.596800E+01 1.568220E+02
1.597600E+01 9.888605E+01
1.598400E+01 1.055976E+02
1.599200E+01 1.439022E+02
1.600000E+01 1.311910E+02
1.600800E+01 1.223070E+02
1.601600E+01 1.580963E+02
1.602400E+01 1.700943E+02
1.603200E+01 1.639701E+02
1.604000E+01 1.805905E+02
1.604800E+01 2.080861E+02
1.605600E+01 1.970640E+02
1.606400E+01 1.926950E+02
1.607200E+01 1.895554E+02
1.608000E+01 1.557685E+02
1.608800E+01 1.486839E+02
1.609600E+01 1.345610E+02
1.610400E+01 1.033667E+02
1.611200E+01 1.294828E+02
1.612000E+01 1.736009E+02
1.612800E+01 1.765294E+02
1.613600E+01 1.582590E+02
1.614400E+01 1.662139E+02
1.615200E+01 1.772839E+02
1.616000E+01 1.599710E+02
1.616800E+01 1.223688E+02
1.617600E+01 1.319392E+02
1.618400E+01 1.584498E+02
1.619200E+01 1.320237E+02
1.620000E+01 1.252579E+02
1.620800E+01 1.588451E+02
1.621600E+01 1.721812E+02
1.622400E+01 1.589722E+02
1.623200E+01 1.529749E+02
1.624000E+01 1.982951E+02
1.624800E+01 1.869876E+02
1.625600E+01 1.203576E+02
1.626400E+01 1.454421E+02
1.627200E+01 1.349844E+02
1.628000E+01 1.019489E+02
1.628800E+01 1.258280E+02
1.629600E+01 1.253011E+02
1.630400E+01 1.354933E+02
1.631200E+01 1.509526E+02
1.632000E+01 1.439548E+02
1.632800E+01 1.351465E+02
1.633600E+01 1.725130E+02
1.634400E+01 1.474074E+02
1.635200E+01 1.241409E+02
1.636000E+01 1.799010E+02
1.636800E+01 1.679554E+02
1.637600E+01 1.375791E+02
1.638400E+01 1.584819E+02
1.639200E+01 1.642225E+02
1.640000E+01 1.300067E+02
1.640800E+01 1.185680E+02
1.641600E+01 1.520419E+02
1.642400E+01 1.441059E+02
1.643200E+01 1.014637E+02
1.644000E+01 1.696226E+02
1.644800E+01 2.016766E+02
1.645600E+01 1.568682E+02
1.646400E+01 1.935978E+02
1.647200E+01 2.034896E+02
1.648000E+01 1.704649E+02
1.648800E+01 1.919057E+02
1.649600E+01 1.577230E+02
1.650400E+01 1.445193E+02
1.651200E+01 1.879385E+02
1.652000E+01 1.696130E+02
1.652800E+01 1.520097E+02
1.653600E+01 1.489273E+02
1.654400E+01 1.436988E+02
1.655200E+01 1.641357E+02
1.656000E+01 1.438111E+02
1.656800E+01 1.313770E+02
1.657600E+01 1.518174E+02
1.658400E+01 1.062481E+02
1.659200E+01 1.136634E+02
1.660000E+01 1.312835E+02
1.660800E+01 1.469677E+02
1.661600E+01 1.618692E+02
1.662400E+01 1.272628E+02
1.663200E+01 1.590790E+02
1.664000E+01 1.637908E+02
1.664800E+01 1.440908E+02
1.665600E+01 1.440320E+02
1.666400E+01 1.249687E+02
1.667200E+01 1.313925E+02
1.668000E+01 1.381073E+02
1.668800E+01 1.211218E+02
1.669600E+01 1.165115E+02
1.670400E+01 1.113834E+02
1.671200E+01 1.133434E+02
1.672000E+01 1.357772E+02
1.672800E+01 1.440651E+02
1.673600E+01 1.400793E+02
1.674400E+01 1.563524E+02
1.675200E+01 1.772019E+02
1.676000E+01 1.858884E+02
1.676800E+01 1.716239E+02
1.677600E+01 1.471836E+02
1.678400E+01 1.471534E+02
1.679200E+01 1.276189E+02
1.680000E+01 1.489220E+02
1.680800E+01 1.615342E+02
1.681600E+01 1.587886E+02
1.682400E+01 2.047339E+02
1.683200E+01 1.880738E+02
1.684000E+01 1.806011E+02
1.684800E+01 1.954548E+02
1.685600E+01 1.866360E+02
1.686400E+01 1.617215E+02
1.687200E+01 1.485765E+02
1.688000E+01 1.712974E+02
1.688800E+01 1.354285E+02
1.689600E+01 1.188290E+02
1.690400E+01 1.354671E+02
1.691200E+01 1.236221E+02
1.692000E+01 1.538628E+02
1.692800E+01 1.777827E+02
1.693600E+01 1.458007E+02
1.694400E+01 1.581338E+02
1.695200E+01 1.888039E+02
1.696000E+01 1.457865E+02
1.696800E+01 1.229566E+02
1.697600E+01 1.217987E+02
1.698400E+01 1.262259E+02
1.699200E+01 1.466568E+02
1.700000E+01 1.159430E+02
1.700800E+01 8.495503E+01
1.701600E+01 1.160620E+02
1.702400E+01 1.559768E+02
1.703200E+01 1.621876E+02
1.704000E+01 1.632524E+02
1.704800E+01 1.738869E+02
1.705600E+01 1.934966E+02
1.706400E+01 1.865577E+02
1.707200E+01 1.799673E+02
1.708000E+01 1.867600E+02
1.708800E+01 1.697155E+02
1.709600E+01 1.418005E+02
1.710400E+01 1.520021E+02
1.711200E+01 1.930015E+02
1.712000E+01 1.988467E+02
1.712800E+01 1.613959E+02
1.713600E+01 1.908629E+02
1.714400E+01 2.135901E+02
1.715200E+01 1.950876E+02
1.716000E+01 2.049216E+02
1.716800E+01 2.030410E+02
1.717600E+01 1.655525E+02
1.718400E+01 1.621541E+02
1.719200E+01 1.419399E+02
1.720000E+01 1.492443E+02
1.720800E+01 1.633749E+02
1.721600E+01 1.437438E+02
1.722400E+01 1.423283E+02
1.723200E+01 1.391453E+02
1.724000E+01 1.762029E+02
1.724800E+01 1.932091E+02
1.725600E+01 1.667250E+02
1.726400E+01 1.859455E+02
1.727200E+01 2.118239E+02
1.728000E+01 1.904337E+02
1.728800E+01 1.568598E+02
1.729600E+01 1.334721E+02
1.730400E+01 1.291748E+02
1.731200E+01 1.196170E+02
1.732000E+01 1.123307E+02
1.732800E+01 1.220165E+02
1.733600E+01 1.359190E+02
1.734400E+01 1.693914E+02
1.735200E+01 1.805332E+02
1.736000E+01 1.422628E+02
1.736800E+01 1.419713E+02
1.737600E+01 1.639451E+02
1.738400E+01 1.581326E+02
1.739200E+01 1.691969E+02
1.740000E+01 1.637477E+02
1.740800E+01 1.423101E+02
1.741600E+01 1.499487E+02
1.742400E+01 1.582122E+02
1.743200E+01 1.416938E+02
1.744000E+01 1.392784E+02
1.744800E+01 1.451828E+02
1.745600E+01 1.613944E+02
1.746400E+01 1.731079E+02
1.747200E+01 1.571882E+02
1.748000E+01 1.377049E+02
1.748800E+01 1.280440E+02
1.749600E+01 1.505087E+02
1.750400E+01 1.553746E+02
1.751200E+01 1.220549E+02
1.752000E+01 1.247632E+02
1.752800E+01 1.492628E+02
1.753600E+01 1.560137E+02
1.754400E+01 1.615175E+02
1.755200E+01 1.740867E+02
1.756000E+01 1.773549E+02
1.756800E+01 1.973134E+02
1.757600E+01 2.095928E+02
1.758400E+01 1.741518E+02
1.759200E+01 1.538208E+02
1.760000E+01 1.251940E+02
1.760800E+01 1.338097E+02
1.761600E+01 1.647364E+02
1.762400E+01 1.433953E+02
1.763200E+01 1.283971E+02
1.764000E+01 1.253919E+02
1.764800E+01 1.266161E+02
1.765600E+01 1.254242E+02
1.766400E+01 1.115697E+02
1.767200E+01 1.280170E+02
1.768000E+01 1.681240E+02
1.768800E+01 1.541442E+02
1.769600E+01 1.378705E+02
1.770400E+01 1.586179E+02
1.771200E+01 1.571158E+02
1.772000E+01 1.665423E+02
1.772800E+01 1.649447E+02
1.773600E+01 1.373820E+02
1.774400E+01 1.359948E+02
1.775200E+01 1.489039E+02
1.776000E+01 1.673393E+02
1.776800E+01 1.588685E+02
1.777600E+01 1.290645E+02
1.778400E+01 1.844049E+02
1.779200E+01 2.020084E+02
1.780000E+01 1.755014E+02
1.780800E+01 1.482849E+02
1.781600E+01 1.312141E+02
1.782400E+01 1.633936E+02
1.783200E+01 1.742786E+02
1.784000E+01 1.482164E+02
1.784800E+01 1.377232E+02
1.785600E+01 1.185549E+02
1.786400E+01 1.238983E+02
1.787200E+01 1.788711E+02
1.788000E+01 1.764349E+02
1.788800E+01 1.274221E+02
1.789600E+01 1.238439E+02
1.790400E+01 1.410122E+02
1.791200E+01 1.539221E+02
1.792000E+01 1.711499E+02
1.792800E+01 1.600400E+02
1.793600E+01 1.415326E+02
1.794400E+01 1.054218E+02
1.795200E+01 1.155937E+02
1.796000E+01 1.643510E+02
1.796800E+01 1.323431E+02
1.797600E+01 1.068720E+02
1.798400E+01 1.344475E+02
1.799200E+01 1.736713E+02
1.800000E+01 1.820343E+02
1.800800E+01 1.939634E+02
1.801600E+01 1.909866E+02
1.802400E+01 1.359106E+02
1.803200E+01 1.047943E+02
1.804000E+01 1.195568E+02
1.804800E+01 1.355052E+02
1.805600E+01 1.343745E+02
1.806400E+01 1.287529E+02
1.807200E+01 1.252163E+02
1.808000E+01 1.372585E+02
1.808800E+01 1.491790E+02
1.809600E+01 1.320276E+02
1.810400E+01 1.385753E+02
1.811200E+01 1.617942E+02
1.812000E+01 1.564800E+02
1.812800E+01 1.854670E+02
1.813600E+01 1.661645E+02
1.814400E+01 1.041919E+02
1.815200E+01 1.391848E+02
1.816000E+01 1.719123E+02
1.816800E+01 1.832463E+02
1.817600E+01 1.934433E+02
1.818400E+01 1.600348E+02
1.819200E+01 1.425955E+02
1.820000E+01 1.312663E+02
1.820800E+01 1.405463E+02
1.821600E+01 1.476110E+02
1.822400E+01 1.049531E+02
1.823200E+01 1.135420E+02
1.824000E+01 1.532674E+02
1.824800E+01 1.126334E+02
1.825600E+01 1.045441E+02
1.826400E+01 1.482301E+02
1.827200E+01 1.278844E+02
1.828000E+01 1.343020E+02
1.828800E+01 1.686774E+02
1.829600E+01 1.696264E+02
1.830400E+01 1.538002E+02
1.831200E+01 1.523805E+02
1.832000E+01 1.438258E+02
1.832800E+01 1.317999E+02
1.833600E+01 1.298179E+02
1.834400E+01 7.839509E+01
1.835200E+01 1.291627E+02
1.836000E+01 1.655667E+02
1.836800E+01 1.244786E+02
1.837600E+01 1.654650E+02
1.838400E+01 1.556820E+02
1.839200E+01 1.511127E+02
1.840000E+01 1.887350E+02
1.840800E+01 1.347128E+02
1.841600E+01 1.364891E+02
1.842400E+01 1.510493E+02
1.843200E+01 1.529221E+02
1.844000E+01 1.443094E+02
1.844800E+01 1.203085E+02
1.845600E+01 1.580049E+02
1.846400E+01 1.504700E+02
1.847200E+01 1.340287E+02
1.848000E+01 1.551090E+02
1.848800E+01 1.543730E+02
1.849600E+01 2.000572E+02
1.850400E+01 1.453912E+02
1.851200E+01 1.307439E+02
1.852000E+01 1.833363E+02
1.852800E+01 1.400698E+02
1.853600E+01 1.638938E+02
1.854400E+01 1.825543E+02
1.855200E+01 1.713948E+02
1.856000E+01 1.503619E+02
1.856800E+01 1.065538E+02
1.857600E+01 1.380999E+02
1.858400E+01 1.160403E+02
1.859200E+01 1.463344E+02
1.860000E+01 1.704816E+02
1.860800E+01 1.316350E+02
1.861600E+01 1.671923E+02
1.862400E+01 1.880471E+02
1.863200E+01 1.575040E+02
1.864000E+01 1.414436E+02
1.864800E+01 1.505438E+02
1.865600E+01 1.318434E+02
1.866400E+01 1.161606E+02
1.867200E+01 1.536303E+02
1.868000E+01 1.743860E+02
1.868800E+01 1.880228E+02
1.869600E+01 2.296075E+02
1.870400E+01 1.768125E+02
1.871200E+01 1.378440E+02
1.872000E+01 1.747477E+02
1.872800E+01 1.740441E+02
1.873600E+01 1.827293E+02
1.874400E+01 1.658639E+02
1.875200E+01 1.455762E+02
1.876000E+01 1.444216E+02
1.876800E+01 1.441498E+02
1.877600E+01 1.719973E+02
1.878400E+01 1.846281E+02
1.879200E+01 1.455911E+02
1.880000E+01 1.571195E+02
1.880800E+01 1.986495E+02
1.881600E+01 1.981910E+02
1.882400E+01 2.036362E+02
1.883200E+01 1.937619E+02
1.884000E+01 1.456436E+02
1.884800E+01 1.237534E+02
1.885600E+01 1.441267E+02
1.886400E+01 1.392379E+02
1.887200E+01 1.566464E+02
1.888000E+01 1.944633E+02
1.888800E+01 1.798418E+02
1.889600E+01 1.963856E+02
1.890400E+01 2.070548E+02
1.891200E+01 1.789919E+02
1.892000E+01 1.785266E+02
1.892800E+01 1.946595E+02
1.893600E+01 1.541881E+02
1.894400E+01 1.263535E+02
1.895200E+01 1.528602E+02
1.896000E+01 1.641220E+02
1.896800E+01 1.818388E+02
1.897600E+01 1.482595E+02
1.898400E+01 1.284266E+02
1.899200E+01 2.015956E+02
1.900000E+01 1.948679E+02
1.900800E+01 1.760852E+02
1.901600E+01 1.648650E+02
1.902400E+01 1.689653E+02
1.903200E+01 1.843317E+02
1.904000E+01 1.508781E+02
1.904800E+01 1.145873E+02
1.905600E+01 1.183243E+02
1.906400E+01 1.608345E+02
1.907200E+01 1.352149E+02
1.908000E+01 1.151505E+02
1.908800E+01 1.634643E+02
1.909600E+01 1.545869E+02
1.910400E+01 1.516090E+02
1.911200E+01 1.622864E+02
1.912000E+01 1.350777E+02
1.912800E+01 1.199743E+02
1.913600E+01 1.681131E+02
1.914400E+01 1.775850E+02
1.915200E+01 1.298652E+02
1.916000E+01 1.256708E+02
1.916800E+01 1.426487E+02
1.917600E+01 1.301651E+02
1.918400E+01 1.044336E+02
1.919200E+01 1.303598E+02
1.920000E+01 1.631802E+02
1.920800E+01 1.388796E+02
1.921600E+01 1.772138E+02
1.922400E+01 1.688356E+02
1.923200E+01 1.339123E+02
1.924000E+01 1.581373E+02
1.924800E+01 1.066698E+02
1.925600E+01 9.844468E+01
1.926400E+01 1.553660E+02
1.927200E+01 1.385585E+02
1.928000E+01 1.277740E+02
1.928800E+01 1.461379E+02
1.929600E+01 1.516304E+02
1.930400E+01 1.713251E+02
1.931200E+01 1.744430E+02
1.932000E+01 1.110661E+02
1.932800E+01 1.051348E+02
1.933600E+01 1.550479E+02
1.934400E+01 1.483994E+02
1.935200E+01 1.161968E+02
1.936000E+01 1.227595E+02
1.936800E+01 1.654094E+02
1.937600E+01 1.632272E+02
1.938400E+01 1.590120E+02
1.939200E+01 2.042904E+02
1.940000E+01 1.618424E+02
1.940800E+01 1.487149E+02
1.941600E+01 1.835476E+02
1.942400E+01 1.994263E+02
1.943200E+01 1.976635E+02
1.944000E+01 1.426567E+02
1.944800E+01 1.523484E+02
1.945600E+01 1.630998E+02
1.946400E+01 1.174345E+02
1.947200E+01 1.148296E+02
1.948000E+01 1.345345E+02
1.948800E+01 1.410435E+02
1.949600E+01 1.388789E+02
1.950400E+01 1.601646E+02
1.951200E+01 1.768853E+02
1.952000E+01 1.507460E+02
1.952800E+01 1.595460E+02
1.953600E+01 1.935353E+02
1.954400E+01 1.978302E+02
1.955200E+01 1.940840E+02
1.956000E+01 1.399672E+02
1.956800E+01 1.120097E+02
1.957600E+01 1.353936E+02
1.958400E+01 1.299602E+02
1.959200E+01 1.516934E+02
1.960000E+01 1.296533E+02
1.960800E+01 1.515887E+02
1.961600E+01 1.560979E+02
1.962400E+01 1.280476E+02
1.963200E+01 1.358165E+02
1.964000E+01 1.448968E+02
1.964800E+01 1.396104E+02
1.965600E+01 1.265437E+02
1.966400E+01 1.213761E+02
1.967200E+01 1.292287E+02
1.968000E+01 1.590152E+02
1.968800E+01 1.718592E+02
1.969600E+01 1.482146E+02
1.970400E+01 1.482711E+02
1.971200E+01 1.649889E+02
1.972000E+01 1.379209E+02
1.972800E+01 1.393163E+02
1.973600E+01 1.574964E+02
1.974400E+01 1.419624E+02
1.975200E+01 1.531580E+02
1.976000E+01 1.620399E+02
1.976800E+01 1.458191E+02
1.977600E+01 1.660517E+02
1.978400E+01 1.781197E+02
1.979200E+01 1.560917E+02
1.980000E+01 1.578541E+02
1.980800E+01 1.463012E+02
1.981600E+01 1.611797E+02
1.982400E+01 1.634396E+02
1.983200E+01 1.616332E+02
1.984000E+01 1.817347E+02
1.984800E+01 1.653909E+02
1.985600E+01 1.561175E+02
1.986400E+01 1.591089E+02
1.987200E+01 1.514622E+02
1.988000E+01 1.718852E+02
1.988800E+01 1.395092E+02
1.989600E+01 1.457174E+02
1.990400E+01 1.590882E+02
1.991200E+01 1.144050E+02
1.992000E+01 1.293723E+02
1.992800E+01 1.376189E+02
1.993600E+01 1.626677E+02
1.994400E+01 1.581143E+02
1.995200E+01 1.792810E+02
1.996000E+01 1.884156E+02
1.996800E+01 1.648617E+02
1.997600E+01 1.592392E+02
1.998400E+01 1.572433E+02
1.999200E+01 1.336048E+02
2.000000E+01 9.999316E+01
