amber                                                                           
         3       179
OW      OW      
  2.513966E-02  0.000000E+00
  7.541899E-02  0.000000E+00
  1.256983E-01  0.000000E+00
  1.759777E-01  0.000000E+00
  2.262570E-01  0.000000E+00
  2.765363E-01  0.000000E+00
  3.268156E-01  0.000000E+00
  3.770950E-01  0.000000E+00
  4.273743E-01  0.000000E+00
  4.776536E-01  0.000000E+00
  5.279330E-01  0.000000E+00
  5.782123E-01  0.000000E+00
  6.284916E-01  0.000000E+00
  6.787709E-01  0.000000E+00
  7.290503E-01  0.000000E+00
  7.793296E-01  0.000000E+00
  8.296089E-01  0.000000E+00
  8.798883E-01  0.000000E+00
  9.301676E-01  0.000000E+00
  9.804469E-01  0.000000E+00
  1.030726E+00  0.000000E+00
  1.081006E+00  0.000000E+00
  1.131285E+00  0.000000E+00
  1.181564E+00  0.000000E+00
  1.231844E+00  0.000000E+00
  1.282123E+00  0.000000E+00
  1.332402E+00  0.000000E+00
  1.382682E+00  0.000000E+00
  1.432961E+00  0.000000E+00
  1.483240E+00  0.000000E+00
  1.533520E+00  0.000000E+00
  1.583799E+00  0.000000E+00
  1.634078E+00  0.000000E+00
  1.684358E+00  0.000000E+00
  1.734637E+00  0.000000E+00
  1.784916E+00  0.000000E+00
  1.835196E+00  0.000000E+00
  1.885475E+00  0.000000E+00
  1.935754E+00  0.000000E+00
  1.986034E+00  0.000000E+00
  2.036313E+00  0.000000E+00
  2.086592E+00  0.000000E+00
  2.136872E+00  0.000000E+00
  2.187151E+00  0.000000E+00
  2.237430E+00  0.000000E+00
  2.287709E+00  0.000000E+00
  2.337989E+00  0.000000E+00
  2.388268E+00  0.000000E+00
  2.438547E+00  0.000000E+00
  2.488827E+00  2.724894E-01
  2.539106E+00  3.316196E+00
  2.589385E+00  3.390056E+01
  2.639665E+00  1.153863E+02
  2.689944E+00  2.060531E+02
  2.740223E+00  2.298064E+02
  2.790503E+00  2.032477E+02
  2.840782E+00  1.496150E+02
  2.891061E+00  8.885480E+01
  2.941341E+00  5.163590E+01
  2.991620E+00  2.640333E+01
  3.041899E+00  1.264726E+01
  3.092179E+00  6.178501E+00
  3.142458E+00  4.159175E+00
  3.192737E+00  2.373371E+00
  3.243017E+00  1.604895E+00
  3.293296E+00  1.296888E+00
  3.343575E+00  2.365375E+00
  3.393855E+00  3.516986E+00
  3.444134E+00  3.415051E+00
  3.494413E+00  2.764571E+00
  3.544693E+00  4.343500E+00
  3.594972E+00  4.745270E+00
  3.645251E+00  4.361219E+00
  3.695531E+00  5.561680E+00
  3.745810E+00  6.937143E+00
  3.796089E+00  6.286070E+00
  3.846369E+00  7.073551E+00
  3.896648E+00  6.299311E+00
  3.946927E+00  9.209766E+00
  3.997207E+00  1.225442E+01
  4.047486E+00  1.109325E+01
  4.097765E+00  1.303414E+01
  4.148045E+00  1.412616E+01
  4.198324E+00  1.698193E+01
  4.248603E+00  1.720577E+01
  4.298883E+00  1.692744E+01
  4.349162E+00  1.805532E+01
  4.399441E+00  2.159840E+01
  4.449721E+00  2.273277E+01
  4.500000E+00  2.147744E+01
  4.550279E+00  2.342390E+01
  4.600559E+00  2.480212E+01
  4.650838E+00  2.320228E+01
  4.701117E+00  2.074836E+01
  4.751397E+00  1.776951E+01
  4.801676E+00  1.742373E+01
  4.851955E+00  1.730349E+01
  4.902235E+00  1.659919E+01
  4.952514E+00  1.530042E+01
  5.002793E+00  1.414016E+01
  5.053073E+00  1.300079E+01
  5.103352E+00  1.106084E+01
  5.153631E+00  1.179934E+01
  5.203911E+00  9.474021E+00
  5.254190E+00  9.110144E+00
  5.304469E+00  7.418555E+00
  5.354749E+00  7.083671E+00
  5.405028E+00  6.393985E+00
  5.455307E+00  5.898555E+00
  5.505587E+00  6.515226E+00
  5.555866E+00  4.939641E+00
  5.606145E+00  4.565004E+00
  5.656425E+00  3.112569E+00
  5.706704E+00  2.902474E+00
  5.756983E+00  3.751735E+00
  5.807263E+00  3.153180E+00
  5.857542E+00  2.164577E+00
  5.907821E+00  1.950566E+00
  5.958101E+00  1.489849E+00
  6.008380E+00  1.309165E+00
  6.058659E+00  1.180233E+00
  6.108939E+00  1.341802E+00
  6.159218E+00  8.602150E-01
  6.209497E+00  7.150121E-01
  6.259777E+00  6.174204E-01
  6.310056E+00  6.217510E-01
  6.360335E+00  4.172454E-01
  6.410615E+00  3.696534E-01
  6.460894E+00  3.908797E-01
  6.511173E+00  2.256113E-01
  6.561453E+00  4.443338E-01
  6.611732E+00  2.702833E-01
  6.662011E+00  2.535419E-01
  6.712291E+00  1.248789E-01
  6.762570E+00  3.690866E-02
  6.812849E+00  6.060983E-02
  6.863128E+00  1.194501E-01
  6.913408E+00  5.885946E-02
  6.963687E+00  5.801258E-02
  7.013966E+00  2.287354E-02
  7.064246E+00  0.000000E+00
  7.114525E+00  0.000000E+00
  7.164804E+00  0.000000E+00
  7.215084E+00  0.000000E+00
  7.265363E+00  0.000000E+00
  7.315642E+00  0.000000E+00
  7.365922E+00  0.000000E+00
  7.416201E+00  0.000000E+00
  7.466480E+00  0.000000E+00
  7.516760E+00  0.000000E+00
  7.567039E+00  0.000000E+00
  7.617318E+00  0.000000E+00
  7.667598E+00  0.000000E+00
  7.717877E+00  0.000000E+00
  7.768156E+00  0.000000E+00
  7.818436E+00  0.000000E+00
  7.868715E+00  0.000000E+00
  7.918994E+00  0.000000E+00
  7.969274E+00  0.000000E+00
  8.019553E+00  0.000000E+00
  8.069832E+00  0.000000E+00
  8.120112E+00  0.000000E+00
  8.170391E+00  0.000000E+00
  8.220670E+00  0.000000E+00
  8.270950E+00  0.000000E+00
  8.321229E+00  0.000000E+00
  8.371508E+00  0.000000E+00
  8.421788E+00  0.000000E+00
  8.472067E+00  0.000000E+00
  8.522346E+00  0.000000E+00
  8.572626E+00  0.000000E+00
  8.622905E+00  0.000000E+00
  8.673184E+00  0.000000E+00
  8.723464E+00  0.000000E+00
  8.773743E+00  0.000000E+00
  8.824022E+00  0.000000E+00
  8.874302E+00  0.000000E+00
  8.924581E+00  0.000000E+00
  8.974860E+00  0.000000E+00
OW      HW      
  2.513966E-02  0.000000E+00
  7.541899E-02  0.000000E+00
  1.256983E-01  0.000000E+00
  1.759777E-01  0.000000E+00
  2.262570E-01  0.000000E+00
  2.765363E-01  0.000000E+00
  3.268156E-01  0.000000E+00
  3.770950E-01  0.000000E+00
  4.273743E-01  0.000000E+00
  4.776536E-01  0.000000E+00
  5.279330E-01  0.000000E+00
  5.782123E-01  0.000000E+00
  6.284916E-01  0.000000E+00
  6.787709E-01  0.000000E+00
  7.290503E-01  0.000000E+00
  7.793296E-01  0.000000E+00
  8.296089E-01  0.000000E+00
  8.798883E-01  0.000000E+00
  9.301676E-01  0.000000E+00
  9.804469E-01  0.000000E+00
  1.030726E+00  0.000000E+00
  1.081006E+00  0.000000E+00
  1.131285E+00  0.000000E+00
  1.181564E+00  0.000000E+00
  1.231844E+00  0.000000E+00
  1.282123E+00  0.000000E+00
  1.332402E+00  0.000000E+00
  1.382682E+00  0.000000E+00
  1.432961E+00  0.000000E+00
  1.483240E+00  0.000000E+00
  1.533520E+00  5.980741E-02
  1.583799E+00  1.177485E+00
  1.634078E+00  1.216759E+01
  1.684358E+00  4.774172E+01
  1.734637E+00  9.937755E+01
  1.784916E+00  1.198610E+02
  1.835196E+00  1.118385E+02
  1.885475E+00  9.562732E+01
  1.935754E+00  5.863120E+01
  1.986034E+00  3.601618E+01
  2.036313E+00  2.109851E+01
  2.086592E+00  1.214687E+01
  2.136872E+00  7.978026E+00
  2.187151E+00  4.292881E+00
  2.237430E+00  3.203024E+00
  2.287709E+00  1.908146E+00
  2.337989E+00  1.518179E+00
  2.388268E+00  1.035713E+00
  2.438547E+00  9.934455E-01
  2.488827E+00  1.453277E+00
  2.539106E+00  2.094440E+00
  2.589385E+00  2.370522E+00
  2.639665E+00  3.391339E+00
  2.689944E+00  4.529282E+00
  2.740223E+00  7.155694E+00
  2.790503E+00  1.190368E+01
  2.840782E+00  1.608744E+01
  2.891061E+00  2.446873E+01
  2.941341E+00  3.342677E+01
  2.991620E+00  4.507426E+01
  3.041899E+00  5.209392E+01
  3.092179E+00  5.607725E+01
  3.142458E+00  5.385561E+01
  3.192737E+00  5.095848E+01
  3.243017E+00  4.473646E+01
  3.293296E+00  3.950322E+01
  3.343575E+00  3.571968E+01
  3.393855E+00  3.352127E+01
  3.444134E+00  3.485012E+01
  3.494413E+00  3.448802E+01
  3.544693E+00  3.442336E+01
  3.594972E+00  3.169318E+01
  3.645251E+00  2.686596E+01
  3.695531E+00  2.302947E+01
  3.745810E+00  1.977888E+01
  3.796089E+00  1.706219E+01
  3.846369E+00  1.431824E+01
  3.896648E+00  1.287653E+01
  3.946927E+00  1.155735E+01
  3.997207E+00  1.188468E+01
  4.047486E+00  1.178872E+01
  4.097765E+00  1.107400E+01
  4.148045E+00  1.141211E+01
  4.198324E+00  1.122818E+01
  4.248603E+00  1.166533E+01
  4.298883E+00  1.214757E+01
  4.349162E+00  1.158575E+01
  4.399441E+00  1.119890E+01
  4.449721E+00  1.237515E+01
  4.500000E+00  1.112076E+01
  4.550279E+00  1.197690E+01
  4.600559E+00  1.235454E+01
  4.650838E+00  1.201733E+01
  4.701117E+00  1.167891E+01
  4.751397E+00  1.240501E+01
  4.801676E+00  1.223199E+01
  4.851955E+00  1.177665E+01
  4.902235E+00  1.242598E+01
  4.952514E+00  1.188248E+01
  5.002793E+00  1.195957E+01
  5.053073E+00  1.143078E+01
  5.103352E+00  1.167653E+01
  5.153631E+00  1.148158E+01
  5.203911E+00  1.120365E+01
  5.254190E+00  1.041450E+01
  5.304469E+00  1.039298E+01
  5.354749E+00  9.526655E+00
  5.405028E+00  8.666546E+00
  5.455307E+00  8.138872E+00
  5.505587E+00  7.837761E+00
  5.555866E+00  7.245414E+00
  5.606145E+00  6.874358E+00
  5.656425E+00  5.851453E+00
  5.706704E+00  5.273692E+00
  5.756983E+00  4.800014E+00
  5.807263E+00  4.571276E+00
  5.857542E+00  4.046283E+00
  5.907821E+00  3.731868E+00
  5.958101E+00  3.288762E+00
  6.008380E+00  3.054719E+00
  6.058659E+00  2.758986E+00
  6.108939E+00  2.280310E+00
  6.159218E+00  2.031887E+00
  6.209497E+00  1.842251E+00
  6.259777E+00  1.715855E+00
  6.310056E+00  1.423669E+00
  6.360335E+00  1.442974E+00
  6.410615E+00  1.218487E+00
  6.460894E+00  1.122094E+00
  6.511173E+00  1.055065E+00
  6.561453E+00  1.055293E+00
  6.611732E+00  1.007127E+00
  6.662011E+00  7.257637E-01
  6.712291E+00  6.493702E-01
  6.762570E+00  5.444027E-01
  6.812849E+00  4.212383E-01
  6.863128E+00  4.031439E-01
  6.913408E+00  3.031262E-01
  6.963687E+00  3.103673E-01
  7.013966E+00  2.802008E-01
  7.064246E+00  2.198537E-01
  7.114525E+00  1.973046E-01
  7.164804E+00  1.397437E-01
  7.215084E+00  1.107827E-01
  7.265363E+00  1.225784E-01
  7.315642E+00  1.051298E-01
  7.365922E+00  9.332955E-02
  7.416201E+00  5.882145E-02
  7.466480E+00  5.298566E-02
  7.516760E+00  3.983177E-02
  7.567039E+00  4.421723E-02
  7.617318E+00  2.181772E-02
  7.667598E+00  1.674752E-02
  7.717877E+00  3.542147E-02
  7.768156E+00  3.030250E-02
  7.818436E+00  9.204312E-03
  7.868715E+00  0.000000E+00
  7.918994E+00  0.000000E+00
  7.969274E+00  0.000000E+00
  8.019553E+00  0.000000E+00
  8.069832E+00  0.000000E+00
  8.120112E+00  0.000000E+00
  8.170391E+00  0.000000E+00
  8.220670E+00  0.000000E+00
  8.270950E+00  0.000000E+00
  8.321229E+00  0.000000E+00
  8.371508E+00  0.000000E+00
  8.421788E+00  0.000000E+00
  8.472067E+00  0.000000E+00
  8.522346E+00  0.000000E+00
  8.572626E+00  0.000000E+00
  8.622905E+00  0.000000E+00
  8.673184E+00  0.000000E+00
  8.723464E+00  0.000000E+00
  8.773743E+00  0.000000E+00
  8.824022E+00  0.000000E+00
  8.874302E+00  0.000000E+00
  8.924581E+00  0.000000E+00
  8.974860E+00  0.000000E+00
HW      HW      
  2.513966E-02  0.000000E+00
  7.541899E-02  0.000000E+00
  1.256983E-01  0.000000E+00
  1.759777E-01  0.000000E+00
  2.262570E-01  0.000000E+00
  2.765363E-01  0.000000E+00
  3.268156E-01  0.000000E+00
  3.770950E-01  0.000000E+00
  4.273743E-01  0.000000E+00
  4.776536E-01  0.000000E+00
  5.279330E-01  0.000000E+00
  5.782123E-01  0.000000E+00
  6.284916E-01  0.000000E+00
  6.787709E-01  0.000000E+00
  7.290503E-01  0.000000E+00
  7.793296E-01  0.000000E+00
  8.296089E-01  0.000000E+00
  8.798883E-01  0.000000E+00
  9.301676E-01  0.000000E+00
  9.804469E-01  0.000000E+00
  1.030726E+00  0.000000E+00
  1.081006E+00  0.000000E+00
  1.131285E+00  0.000000E+00
  1.181564E+00  0.000000E+00
  1.231844E+00  0.000000E+00
  1.282123E+00  0.000000E+00
  1.332402E+00  0.000000E+00
  1.382682E+00  0.000000E+00
  1.432961E+00  0.000000E+00
  1.483240E+00  0.000000E+00
  1.533520E+00  0.000000E+00
  1.583799E+00  0.000000E+00
  1.634078E+00  0.000000E+00
  1.684358E+00  0.000000E+00
  1.734637E+00  4.674391E-02
  1.784916E+00  8.829542E-02
  1.835196E+00  1.044049E+00
  1.885475E+00  3.204722E+00
  1.935754E+00  6.456188E+00
  1.986034E+00  1.158936E+01
  2.036313E+00  1.668886E+01
  2.086592E+00  2.397068E+01
  2.136872E+00  3.311343E+01
  2.187151E+00  4.322284E+01
  2.237430E+00  5.175412E+01
  2.287709E+00  5.590062E+01
  2.337989E+00  5.956923E+01
  2.388268E+00  5.721084E+01
  2.438547E+00  5.336221E+01
  2.488827E+00  5.597387E+01
  2.539106E+00  5.388819E+01
  2.589385E+00  5.370386E+01
  2.639665E+00  5.070859E+01
  2.689944E+00  4.049139E+01
  2.740223E+00  2.944699E+01
  2.790503E+00  2.131463E+01
  2.840782E+00  1.303728E+01
  2.891061E+00  9.743736E+00
  2.941341E+00  7.625075E+00
  2.991620E+00  5.657857E+00
  3.041899E+00  5.654782E+00
  3.092179E+00  5.722468E+00
  3.142458E+00  6.381199E+00
  3.192737E+00  8.444785E+00
  3.243017E+00  9.910229E+00
  3.293296E+00  1.110136E+01
  3.343575E+00  1.419225E+01
  3.393855E+00  1.694992E+01
  3.444134E+00  2.059703E+01
  3.494413E+00  2.580266E+01
  3.544693E+00  2.915071E+01
  3.594972E+00  3.179113E+01
  3.645251E+00  3.423345E+01
  3.695531E+00  3.618182E+01
  3.745810E+00  3.566814E+01
  3.796089E+00  3.481741E+01
  3.846369E+00  3.159329E+01
  3.896648E+00  2.854144E+01
  3.946927E+00  2.518239E+01
  3.997207E+00  2.116353E+01
  4.047486E+00  1.795355E+01
  4.097765E+00  1.589060E+01
  4.148045E+00  1.485372E+01
  4.198324E+00  1.358235E+01
  4.248603E+00  1.282640E+01
  4.298883E+00  1.232263E+01
  4.349162E+00  1.190551E+01
  4.399441E+00  1.233987E+01
  4.449721E+00  1.162213E+01
  4.500000E+00  1.156531E+01
  4.550279E+00  1.149456E+01
  4.600559E+00  1.157698E+01
  4.650838E+00  1.104189E+01
  4.701117E+00  1.090880E+01
  4.751397E+00  1.052339E+01
  4.801676E+00  9.932013E+00
  4.851955E+00  1.010366E+01
  4.902235E+00  9.991118E+00
  4.952514E+00  9.921184E+00
  5.002793E+00  9.385561E+00
  5.053073E+00  9.227259E+00
  5.103352E+00  9.111148E+00
  5.153631E+00  8.701217E+00
  5.203911E+00  8.544279E+00
  5.254190E+00  8.106397E+00
  5.304469E+00  8.128417E+00
  5.354749E+00  7.912716E+00
  5.405028E+00  7.433971E+00
  5.455307E+00  7.151053E+00
  5.505587E+00  7.002475E+00
  5.555866E+00  6.853524E+00
  5.606145E+00  6.382054E+00
  5.656425E+00  6.392196E+00
  5.706704E+00  5.960438E+00
  5.756983E+00  5.720971E+00
  5.807263E+00  5.764146E+00
  5.857542E+00  5.337650E+00
  5.907821E+00  4.868354E+00
  5.958101E+00  4.544831E+00
  6.008380E+00  4.445708E+00
  6.058659E+00  4.192126E+00
  6.108939E+00  3.603267E+00
  6.159218E+00  3.611420E+00
  6.209497E+00  3.399955E+00
  6.259777E+00  3.133768E+00
  6.310056E+00  2.755488E+00
  6.360335E+00  2.659939E+00
  6.410615E+00  2.245302E+00
  6.460894E+00  2.085815E+00
  6.511173E+00  1.881200E+00
  6.561453E+00  1.760999E+00
  6.611732E+00  1.332111E+00
  6.662011E+00  1.226509E+00
  6.712291E+00  1.176984E+00
  6.762570E+00  9.873067E-01
  6.812849E+00  9.212694E-01
  6.863128E+00  8.122604E-01
  6.913408E+00  6.768838E-01
  6.963687E+00  6.120327E-01
  7.013966E+00  5.318097E-01
  7.064246E+00  3.917905E-01
  7.114525E+00  4.529670E-01
  7.164804E+00  4.274513E-01
  7.215084E+00  3.809844E-01
  7.265363E+00  3.837237E-01
  7.315642E+00  3.521849E-01
  7.365922E+00  2.048065E-01
  7.416201E+00  2.352858E-01
  7.466480E+00  2.119426E-01
  7.516760E+00  2.290327E-01
  7.567039E+00  2.186296E-01
  7.617318E+00  1.478756E-01
  7.667598E+00  1.315876E-01
  7.717877E+00  1.416859E-01
  7.768156E+00  1.002313E-01
  7.818436E+00  6.673126E-02
  7.868715E+00  7.496825E-02
  7.918994E+00  5.607523E-02
  7.969274E+00  5.094030E-02
  8.019553E+00  5.030355E-02
  8.069832E+00  4.751873E-02
  8.120112E+00  2.133277E-02
  8.170391E+00  2.739232E-02
  8.220670E+00  2.913968E-02
  8.270950E+00  2.056177E-02
  8.321229E+00  8.125616E-03
  8.371508E+00  1.204246E-02
  8.421788E+00  1.586546E-02
  8.472067E+00  9.798566E-03
  8.522346E+00  9.683290E-03
  8.572626E+00  5.742022E-03
  8.622905E+00  1.135051E-02
  8.673184E+00  0.000000E+00
  8.723464E+00  0.000000E+00
  8.773743E+00  0.000000E+00
  8.824022E+00  0.000000E+00
  8.874302E+00  0.000000E+00
  8.924581E+00  0.000000E+00
  8.974860E+00  0.000000E+00
