  5.9689E+00  8.9510E+00 -9.9711E-02
  5.8841E+00  9.0706E+00 -2.9163E-01
  6.0362E+00  9.3422E+00 -3.7822E-01
  6.3589E+00  9.5707E+00 -3.8834E-01
  6.5008E+00  9.6042E+00 -3.5680E-01
  6.5741E+00  9.5750E+00 -3.9736E-01
  6.6721E+00  9.6778E+00 -3.7336E-01
  6.6916E+00  9.6070E+00 -4.1337E-01
  6.6960E+00  9.3785E+00 -4.4431E-01
  6.8664E+00  9.2569E+00 -4.9287E-01
  7.0629E+00  9.1430E+00 -6.1458E-01
  7.0811E+00  9.1298E+00 -8.3114E-01
  7.0612E+00  9.1743E+00 -1.0401E+00
  7.0064E+00  9.2003E+00 -1.1446E+00
  6.9655E+00  9.2240E+00 -1.0870E+00
  7.0349E+00  9.1102E+00 -9.9921E-01
  7.0131E+00  9.0116E+00 -1.0772E+00
  6.8415E+00  9.0740E+00 -1.2841E+00
  6.6701E+00  9.2510E+00 -1.2985E+00
  6.5114E+00  9.3914E+00 -1.0425E+00
  6.3066E+00  9.3822E+00 -6.8118E-01
  6.2576E+00  9.3831E+00 -2.2276E-01
  6.3184E+00  9.2596E+00  2.5602E-01
  6.1049E+00  9.4526E+00  5.8609E-01
  6.0766E+00  9.3715E+00  6.6097E-01
  5.8148E+00  9.1521E+00  5.3518E-01
  5.7475E+00  8.9088E+00  3.8775E-01
  5.7560E+00  9.0209E+00  3.5774E-01
  5.6644E+00  9.1820E+00  4.9998E-01
  5.8467E+00  9.1736E+00  7.0184E-01
  5.6947E+00  9.1386E+00  9.8600E-01
  5.7118E+00  9.1218E+00  1.2538E+00
  5.7795E+00  9.2380E+00  1.3293E+00
  5.8640E+00  9.4204E+00  1.2792E+00
  5.9660E+00  9.5092E+00  1.2395E+00
  6.0004E+00  9.7005E+00  1.3103E+00
  5.9899E+00  9.9590E+00  1.4096E+00
  6.0325E+00  1.0298E+01  1.5020E+00
  6.1935E+00  1.0626E+01  1.5858E+00
  6.3680E+00  1.0557E+01  1.7771E+00
  6.2864E+00  1.0606E+01  1.9674E+00
  6.1068E+00  1.0793E+01  1.9729E+00
  6.4003E+00  1.0843E+01  1.8366E+00
  6.5820E+00  1.0811E+01  1.8049E+00
  6.5253E+00  1.0856E+01  1.8718E+00
  6.4200E+00  1.0779E+01  1.9943E+00
  6.4884E+00  1.0779E+01  2.1546E+00
  6.5770E+00  1.0649E+01  2.3696E+00
  6.5428E+00  1.0549E+01  2.6297E+00
  6.4167E+00  1.0479E+01  2.7436E+00
  6.3548E+00  1.0398E+01  2.7617E+00
  6.2953E+00  1.0425E+01  2.8275E+00
  6.3153E+00  1.0313E+01  2.9689E+00
  6.6275E+00  1.0423E+01  3.1184E+00
  7.1698E+00  1.0638E+01  3.2228E+00
  7.8350E+00  1.0611E+01  3.2922E+00
  8.3358E+00  1.0622E+01  3.2682E+00
  8.7527E+00  1.0708E+01  3.2714E+00
  9.0091E+00  1.0841E+01  3.1399E+00
  9.0767E+00  1.0938E+01  2.9497E+00
  9.0353E+00  1.0869E+01  2.7433E+00
  8.8122E+00  1.0828E+01  2.4538E+00
  8.5541E+00  1.0722E+01  2.2587E+00
  8.3084E+00  1.0666E+01  2.2204E+00
  7.9811E+00  1.0840E+01  2.2393E+00
  7.8070E+00  1.0721E+01  2.1314E+00
  7.7673E+00  1.0537E+01  2.0673E+00
  7.6011E+00  1.0454E+01  1.9649E+00
  7.5475E+00  1.0451E+01  1.8849E+00
  7.6021E+00  1.0529E+01  1.8356E+00
  7.6809E+00  1.0435E+01  1.8586E+00
  7.5797E+00  1.0409E+01  2.0652E+00
  7.5971E+00  1.0451E+01  2.2815E+00
  7.8441E+00  1.0471E+01  2.3730E+00
  7.9606E+00  1.0369E+01  2.3705E+00
  8.0028E+00  1.0095E+01  2.2968E+00
  8.2424E+00  1.0065E+01  2.2524E+00
  8.4335E+00  1.0035E+01  2.5076E+00
  8.5378E+00  9.9778E+00  2.7242E+00
  8.4901E+00  9.8008E+00  2.7490E+00
  8.4237E+00  9.4143E+00  2.6958E+00
  8.4149E+00  9.2832E+00  2.8484E+00
  8.3157E+00  9.4423E+00  3.0829E+00
  8.1467E+00  9.6034E+00  3.0578E+00
  7.8671E+00  9.7193E+00  3.0128E+00
  7.4379E+00  9.6423E+00  2.9628E+00
  7.1273E+00  9.9154E+00  2.8340E+00
  6.8480E+00  9.9996E+00  2.8343E+00
  6.9331E+00  1.0113E+01  2.8368E+00
  7.0559E+00  1.0168E+01  2.7078E+00
  7.2107E+00  1.0227E+01  2.5406E+00
  7.2234E+00  1.0100E+01  2.4300E+00
  7.1580E+00  1.0198E+01  2.4339E+00
  7.0812E+00  1.0360E+01  2.4719E+00
  7.0050E+00  1.0340E+01  2.3760E+00
  6.8897E+00  1.0131E+01  2.1421E+00
  6.9098E+00  9.9888E+00  2.0268E+00
  7.0415E+00  1.0008E+01  2.1396E+00
  6.8666E+00  1.0223E+01  2.3419E+00
  7.0570E+00  1.0432E+01  2.4589E+00
  7.1945E+00  1.0309E+01  2.6811E+00
  7.2306E+00  9.9584E+00  2.9094E+00
  7.3987E+00  9.6382E+00  3.1061E+00
  7.7038E+00  9.5691E+00  3.4368E+00
  7.8642E+00  9.5405E+00  3.7315E+00
  7.8509E+00  9.3881E+00  3.8352E+00
  7.7676E+00  9.2862E+00  4.0590E+00
  7.7278E+00  9.1548E+00  4.3413E+00
  7.6483E+00  8.9809E+00  4.3759E+00
  7.6295E+00  8.8973E+00  4.3286E+00
  7.6357E+00  8.8781E+00  4.4712E+00
  7.5007E+00  8.8506E+00  4.5023E+00
  7.3436E+00  8.8379E+00  4.5404E+00
  7.2921E+00  8.8109E+00  4.6365E+00
  7.1992E+00  8.7848E+00  4.6276E+00
  7.1053E+00  8.7936E+00  4.6482E+00
  7.0303E+00  8.8217E+00  4.6159E+00
  6.9917E+00  8.8502E+00  4.4933E+00
  6.9159E+00  8.9048E+00  4.3904E+00
  6.8743E+00  8.9555E+00  4.2370E+00
  6.8851E+00  9.0245E+00  4.0677E+00
  6.8915E+00  9.1550E+00  4.0962E+00
  6.9464E+00  9.4585E+00  4.2596E+00
  7.0692E+00  9.7202E+00  4.2816E+00
  7.0810E+00  9.8696E+00  4.2512E+00
  7.1566E+00  1.0010E+01  4.0912E+00
  7.1590E+00  1.0236E+01  3.8981E+00
  7.0974E+00  1.0378E+01  3.6833E+00
  7.0797E+00  1.0580E+01  3.5269E+00
  7.1589E+00  1.0650E+01  3.3125E+00
  7.1409E+00  1.0659E+01  3.1537E+00
  7.2447E+00  1.0672E+01  2.9100E+00
  7.5211E+00  1.0436E+01  3.0127E+00
  7.6322E+00  1.0454E+01  3.1993E+00
  7.5736E+00  1.0573E+01  3.3385E+00
  7.5384E+00  1.0567E+01  3.4253E+00
  7.6342E+00  1.0431E+01  3.4578E+00
  7.6163E+00  1.0436E+01  3.6350E+00
  7.5500E+00  1.0548E+01  3.6711E+00
  7.4305E+00  1.0567E+01  3.7219E+00
  7.2833E+00  1.0561E+01  3.7854E+00
  7.2252E+00  1.0569E+01  3.6519E+00
  7.2191E+00  1.0521E+01  3.7366E+00
  7.2226E+00  1.0603E+01  3.7912E+00
  7.2521E+00  1.0790E+01  3.7656E+00
  7.1852E+00  1.0942E+01  3.7880E+00
  7.2122E+00  1.1191E+01  3.7848E+00
  7.2611E+00  1.1249E+01  3.9007E+00
  7.1424E+00  1.1294E+01  4.2200E+00
  7.0525E+00  1.1383E+01  4.4493E+00
  6.9293E+00  1.1318E+01  4.4422E+00
  6.7217E+00  1.1070E+01  4.3844E+00
  6.5701E+00  1.0988E+01  4.3093E+00
  6.4398E+00  1.0838E+01  4.0702E+00
  6.2249E+00  1.0441E+01  3.7369E+00
  6.0681E+00  1.0281E+01  3.3423E+00
  6.2320E+00  1.0553E+01  3.4555E+00
  6.4177E+00  1.0864E+01  3.6607E+00
  6.4607E+00  1.1136E+01  3.6966E+00
  6.4141E+00  1.1094E+01  3.5156E+00
  6.4800E+00  1.0987E+01  3.3606E+00
  6.4871E+00  1.0954E+01  3.5042E+00
  6.3905E+00  1.0891E+01  3.5081E+00
  6.4523E+00  1.0745E+01  3.5438E+00
  6.5665E+00  1.0773E+01  3.7309E+00
  6.4944E+00  1.0653E+01  3.7658E+00
  6.6324E+00  1.0562E+01  3.5513E+00
  6.7906E+00  1.0249E+01  3.3285E+00
  6.6596E+00  1.0182E+01  3.2824E+00
  6.5672E+00  1.0186E+01  3.3329E+00
  6.5998E+00  1.0034E+01  3.3531E+00
  6.6581E+00  1.0058E+01  3.5468E+00
  6.6937E+00  1.0169E+01  3.7877E+00
  6.6790E+00  1.0184E+01  3.8819E+00
  6.7833E+00  1.0386E+01  4.0849E+00
  6.9578E+00  1.0438E+01  4.3408E+00
  7.0101E+00  1.0339E+01  4.4275E+00
  6.9857E+00  1.0176E+01  4.3004E+00
  7.0860E+00  1.0219E+01  4.0045E+00
  6.9928E+00  1.0261E+01  3.9332E+00
  6.9744E+00  1.0131E+01  3.9383E+00
  7.1613E+00  1.0125E+01  3.7512E+00
  7.1319E+00  9.8434E+00  3.5695E+00
  7.1488E+00  9.7376E+00  3.5843E+00
  7.3650E+00  9.6779E+00  3.7021E+00
  7.4039E+00  9.5265E+00  3.7492E+00
  7.4524E+00  9.5034E+00  3.7383E+00
  7.6366E+00  9.3510E+00  3.9036E+00
  7.6305E+00  9.2678E+00  4.0207E+00
  7.5401E+00  9.2704E+00  4.0756E+00
  7.4851E+00  9.3890E+00  4.0334E+00
  7.3045E+00  9.5827E+00  4.0354E+00
  7.0974E+00  9.7146E+00  4.1388E+00
  7.0546E+00  9.8703E+00  4.0243E+00
  6.8481E+00  9.9299E+00  3.9694E+00
  6.6868E+00  9.9799E+00  3.8430E+00
  6.6453E+00  1.0102E+01  3.6205E+00
  6.5995E+00  1.0053E+01  3.6323E+00
  6.6216E+00  1.0202E+01  3.7038E+00
  6.7054E+00  1.0437E+01  3.7189E+00
  6.6349E+00  1.0449E+01  3.8139E+00
  6.6690E+00  1.0603E+01  3.7560E+00
  6.6124E+00  1.0551E+01  3.6885E+00
  6.5361E+00  1.0490E+01  3.6252E+00
  6.4726E+00  1.0538E+01  3.6171E+00
  6.3588E+00  1.0291E+01  3.7733E+00
  6.4406E+00  1.0152E+01  3.6369E+00
  6.5536E+00  9.8888E+00  3.5481E+00
  6.6054E+00  9.7489E+00  3.7353E+00
  6.8625E+00  9.8932E+00  3.7812E+00
  6.9543E+00  9.9460E+00  3.7755E+00
  7.0240E+00  9.9885E+00  3.6867E+00
  7.2505E+00  9.8838E+00  3.6758E+00
  7.3144E+00  9.7914E+00  3.6553E+00
  7.3340E+00  9.9550E+00  3.6695E+00
  7.3582E+00  1.0231E+01  3.5229E+00
  7.1786E+00  1.0353E+01  3.3901E+00
  6.9837E+00  1.0501E+01  3.3440E+00
  6.9551E+00  1.0527E+01  3.2682E+00
  7.0249E+00  1.0444E+01  3.4082E+00
  7.1068E+00  1.0571E+01  3.4432E+00
  7.0959E+00  1.0744E+01  3.4842E+00
  6.9797E+00  1.0778E+01  3.4975E+00
  6.9544E+00  1.0764E+01  3.2807E+00
  7.0668E+00  1.0590E+01  3.3804E+00
  7.1921E+00  1.0590E+01  3.4165E+00
  7.1940E+00  1.0571E+01  3.3989E+00
  7.0128E+00  1.0478E+01  3.3520E+00
  6.9701E+00  1.0537E+01  3.1292E+00
  7.1787E+00  1.0433E+01  3.1905E+00
  7.2956E+00  1.0554E+01  3.3506E+00
  7.3184E+00  1.0932E+01  3.4758E+00
  7.3420E+00  1.1084E+01  3.5534E+00
  7.4844E+00  1.1160E+01  3.8723E+00
  7.5752E+00  1.1345E+01  4.1330E+00
  7.6300E+00  1.1392E+01  4.1728E+00
  7.6446E+00  1.1447E+01  4.2284E+00
  7.5576E+00  1.1415E+01  4.5501E+00
  7.6658E+00  1.1387E+01  4.8824E+00
  7.6792E+00  1.1289E+01  5.1325E+00
  7.6547E+00  1.1139E+01  5.3668E+00
  7.5997E+00  1.0979E+01  5.6527E+00
  7.5782E+00  1.0880E+01  5.7128E+00
  7.6074E+00  1.0828E+01  5.7860E+00
  7.5592E+00  1.0817E+01  5.6789E+00
  7.3901E+00  1.0811E+01  5.3044E+00
  7.3098E+00  1.0866E+01  4.9780E+00
  7.4103E+00  1.0963E+01  4.7755E+00
  7.3855E+00  1.0995E+01  4.5995E+00
  7.5197E+00  1.1134E+01  4.3792E+00
  7.5227E+00  1.1415E+01  4.2534E+00
  7.4912E+00  1.1527E+01  4.1625E+00
  7.5536E+00  1.1774E+01  4.2203E+00
  7.5492E+00  1.2002E+01  4.3666E+00
  7.5522E+00  1.1876E+01  4.5398E+00
  7.5648E+00  1.1764E+01  4.7583E+00
  7.4395E+00  1.1708E+01  5.0045E+00
  7.3880E+00  1.1620E+01  5.2940E+00
  7.4663E+00  1.1436E+01  5.6276E+00
  7.4163E+00  1.1114E+01  5.7865E+00
  7.3667E+00  1.0827E+01  5.8369E+00
  7.5681E+00  1.0556E+01  5.8684E+00
  7.5037E+00  1.0302E+01  6.0038E+00
  7.4926E+00  1.0096E+01  6.0386E+00
  7.5268E+00  1.0001E+01  5.8600E+00
  7.4045E+00  1.0009E+01  5.7290E+00
  7.3640E+00  1.0057E+01  5.6556E+00
  7.4079E+00  1.0123E+01  5.6409E+00
  7.4797E+00  1.0220E+01  5.6227E+00
  7.5497E+00  1.0374E+01  5.5009E+00
  7.5520E+00  1.0601E+01  5.3954E+00
  7.4314E+00  1.0896E+01  5.3676E+00
  7.4683E+00  1.1099E+01  5.1468E+00
  7.6890E+00  1.1274E+01  4.9174E+00
  7.7737E+00  1.1386E+01  4.5654E+00
  7.7025E+00  1.1516E+01  4.1554E+00
  7.7139E+00  1.1689E+01  3.8362E+00
  7.6225E+00  1.1697E+01  3.5236E+00
  7.4842E+00  1.1634E+01  3.1895E+00
  7.5528E+00  1.1642E+01  2.8169E+00
  7.3602E+00  1.1692E+01  2.6908E+00
  7.5015E+00  1.1704E+01  2.6780E+00
  7.6195E+00  1.1778E+01  2.7988E+00
  7.4944E+00  1.1620E+01  3.0438E+00
  7.5147E+00  1.1402E+01  3.0039E+00
  7.6212E+00  1.1152E+01  2.7506E+00
  7.5944E+00  1.0829E+01  2.6062E+00
  7.5927E+00  1.0571E+01  2.8979E+00
  7.6845E+00  1.0475E+01  3.1199E+00
  7.5331E+00  1.0617E+01  3.1380E+00
  7.5985E+00  1.0895E+01  3.1522E+00
  7.7616E+00  1.1195E+01  3.3613E+00
  7.9021E+00  1.1443E+01  3.5068E+00
  7.9957E+00  1.1557E+01  3.4093E+00
  8.0537E+00  1.1778E+01  3.1703E+00
  7.9330E+00  1.2108E+01  2.9862E+00
  7.9191E+00  1.2223E+01  2.8039E+00
  8.0139E+00  1.2445E+01  2.5602E+00
  8.1114E+00  1.2438E+01  2.4131E+00
  7.9181E+00  1.2466E+01  2.4563E+00
  7.9338E+00 -1.2520E+01  2.6288E+00
  8.0832E+00 -1.2129E+01  2.7503E+00
  8.1695E+00 -1.1947E+01  2.7203E+00
  8.0945E+00 -1.1866E+01  2.6285E+00
  8.1206E+00 -1.1943E+01  2.4755E+00
  8.2462E+00 -1.1875E+01  2.2515E+00
  8.3819E+00 -1.1862E+01  2.0531E+00
  8.4234E+00 -1.1803E+01  1.8528E+00
  8.2585E+00 -1.1723E+01  1.8033E+00
  8.1430E+00 -1.1877E+01  1.8288E+00
  8.1143E+00 -1.1919E+01  1.8171E+00
  8.0030E+00 -1.1874E+01  1.7899E+00
  7.8467E+00 -1.1819E+01  1.9068E+00
  7.8237E+00 -1.1854E+01  2.1316E+00
  7.9811E+00 -1.2059E+01  2.4635E+00
  8.0807E+00 -1.2009E+01  2.7067E+00
  8.0825E+00 -1.1968E+01  2.9193E+00
  7.8976E+00 -1.2020E+01  3.0782E+00
  7.6555E+00 -1.2077E+01  3.1286E+00
  7.5547E+00 -1.2171E+01  3.0489E+00
  7.4318E+00 -1.2075E+01  3.1376E+00
  7.3577E+00 -1.2253E+01  3.1589E+00
  7.3988E+00 -1.2541E+01  3.0209E+00
  7.4470E+00  1.2568E+01  2.9348E+00
  7.4952E+00  1.2409E+01  2.9778E+00
  7.5369E+00  1.2228E+01  3.0010E+00
  7.6838E+00  1.2180E+01  3.1013E+00
  7.5996E+00  1.2213E+01  3.1190E+00
  7.5791E+00  1.2114E+01  3.2199E+00
  7.4782E+00  1.1962E+01  3.3842E+00
  7.2724E+00  1.1931E+01  3.5650E+00
  7.1979E+00  1.1812E+01  3.6338E+00
  7.0791E+00  1.1682E+01  3.4610E+00
  6.9834E+00  1.1773E+01  3.3249E+00
  6.8938E+00  1.1942E+01  3.5063E+00
  6.8750E+00  1.2087E+01  3.6448E+00
  6.9944E+00  1.2111E+01  3.5777E+00
  6.9181E+00  1.2140E+01  3.6461E+00
  6.9169E+00  1.2165E+01  3.7998E+00
  6.9887E+00  1.2130E+01  3.8779E+00
  7.0812E+00  1.2203E+01  3.9964E+00
  7.1865E+00  1.2364E+01  4.0455E+00
  7.2330E+00  1.2532E+01  4.0564E+00
  7.4230E+00 -1.2569E+01  4.1158E+00
  7.6995E+00 -1.2417E+01  4.2043E+00
  7.8877E+00 -1.2378E+01  4.1318E+00
  7.8489E+00 -1.2295E+01  3.9520E+00
  7.7397E+00 -1.2424E+01  3.7120E+00
  7.7027E+00 -1.2510E+01  3.4036E+00
  7.6803E+00 -1.2332E+01  3.1623E+00
  7.8023E+00 -1.2085E+01  3.2616E+00
  7.8400E+00 -1.1755E+01  3.2826E+00
  7.8652E+00 -1.1592E+01  3.1402E+00
  7.8570E+00 -1.1595E+01  2.9994E+00
  7.8857E+00 -1.1423E+01  2.9951E+00
  7.8943E+00 -1.1342E+01  2.8143E+00
  7.9249E+00 -1.1466E+01  2.4196E+00
  7.9852E+00 -1.1583E+01  2.1318E+00
  8.0221E+00 -1.1610E+01  2.1688E+00
  7.9890E+00 -1.1614E+01  2.0712E+00
  7.9016E+00 -1.1574E+01  1.8821E+00
  7.9129E+00 -1.1758E+01  1.8171E+00
  7.8849E+00 -1.2014E+01  1.9086E+00
  7.7078E+00 -1.2183E+01  1.9550E+00
  7.4049E+00 -1.2026E+01  1.7958E+00
  7.3704E+00 -1.1968E+01  1.6684E+00
  7.3759E+00 -1.1984E+01  1.6745E+00
  7.3974E+00 -1.2099E+01  1.8177E+00
  7.5834E+00 -1.2245E+01  1.8341E+00
  7.6282E+00 -1.2178E+01  2.0011E+00
  7.6638E+00 -1.2155E+01  2.0896E+00
  7.8480E+00 -1.2201E+01  2.1015E+00
  7.9804E+00 -1.2075E+01  2.2902E+00
  7.9940E+00 -1.1891E+01  2.4680E+00
  7.9987E+00 -1.1922E+01  2.5379E+00
  7.9369E+00 -1.1917E+01  2.4366E+00
  7.9431E+00 -1.1860E+01  2.3162E+00
  8.0947E+00 -1.1902E+01  2.2954E+00
  8.1926E+00 -1.1867E+01  2.3641E+00
  8.2218E+00 -1.1865E+01  2.2756E+00
  8.2438E+00 -1.1982E+01  2.0523E+00
  8.2458E+00 -1.1956E+01  1.7147E+00
  8.3185E+00 -1.1658E+01  1.5869E+00
  8.3831E+00 -1.1341E+01  1.4303E+00
  8.4587E+00 -1.1126E+01  1.2172E+00
  8.5927E+00 -1.1141E+01  1.0466E+00
  8.6238E+00 -1.1066E+01  8.3625E-01
  8.6117E+00 -1.1117E+01  6.6967E-01
  8.5998E+00 -1.1327E+01  5.9910E-01
  8.6688E+00 -1.1503E+01  4.9863E-01
  8.6885E+00 -1.1591E+01  2.7495E-01
  8.6485E+00 -1.1834E+01  9.1218E-02
  8.6276E+00 -1.2085E+01 -3.2968E-02
  8.6485E+00 -1.2292E+01 -2.1651E-01
  8.6469E+00  1.2557E+01 -3.7896E-01
  8.8686E+00  1.2266E+01 -6.3695E-01
  8.9174E+00  1.2404E+01 -8.0169E-01
  8.8904E+00  1.2483E+01 -8.9224E-01
  8.8840E+00  1.2341E+01 -8.5302E-01
  8.8614E+00  1.2280E+01 -8.8023E-01
