  5.9399E+00  1.1719E+01 -7.4011E-02
  6.2491E+00  1.1918E+01 -2.5616E-01
  6.3641E+00  1.2173E+01 -6.1053E-01
  6.4030E+00  1.2255E+01 -8.6228E-01
  6.5451E+00  1.2340E+01 -1.0763E+00
  6.7730E+00  1.2435E+01 -1.1252E+00
  7.0392E+00  1.2358E+01 -1.0381E+00
  7.0960E+00  1.2235E+01 -1.0100E+00
  7.0962E+00  1.2144E+01 -9.8624E-01
  7.0975E+00  1.1960E+01 -8.4134E-01
  6.9878E+00  1.1845E+01 -6.9164E-01
  6.7926E+00  1.1805E+01 -5.5995E-01
  6.6885E+00  1.1818E+01 -3.5805E-01
  6.6730E+00  1.1783E+01 -1.2014E-01
  6.6872E+00  1.1669E+01  2.0124E-02
  6.7341E+00  1.1547E+01  2.0171E-02
  6.6886E+00  1.1407E+01  1.1526E-01
  6.6561E+00  1.1381E+01  3.2105E-01
  6.6033E+00  1.1470E+01  4.2371E-01
  6.5343E+00  1.1596E+01  4.8398E-01
  6.7093E+00  1.1750E+01  7.0287E-01
  6.7301E+00  1.1950E+01  9.2758E-01
  6.7900E+00  1.2034E+01  1.1115E+00
  6.7563E+00  1.1971E+01  1.2090E+00
  6.5672E+00  1.2184E+01  1.3228E+00
  6.5099E+00  1.2413E+01  1.5762E+00
  6.4430E+00 -1.2459E+01  1.6688E+00
  6.2269E+00 -1.2020E+01  1.7068E+00
  5.8671E+00 -1.1648E+01  1.9423E+00
  5.6267E+00 -1.1286E+01  2.1202E+00
  5.4565E+00 -1.1014E+01  2.0584E+00
  5.2813E+00 -1.0841E+01  1.8927E+00
  5.1821E+00 -1.0688E+01  2.0359E+00
  5.0905E+00 -1.0475E+01  1.9167E+00
  4.9607E+00 -1.0444E+01  1.8275E+00
  4.8198E+00 -1.0492E+01  1.9640E+00
  4.7129E+00 -1.0482E+01  2.0227E+00
  4.5241E+00 -1.0485E+01  2.0755E+00
  4.2818E+00 -1.0409E+01  2.1429E+00
  4.0432E+00 -1.0374E+01  2.2102E+00
  3.7882E+00 -1.0473E+01  2.3040E+00
  3.7201E+00 -1.0681E+01  2.2267E+00
  3.7676E+00 -1.0849E+01  2.0614E+00
  3.6918E+00 -1.0919E+01  1.9362E+00
  3.7371E+00 -1.0963E+01  1.7680E+00
  3.6530E+00 -1.0933E+01  1.6382E+00
  3.5941E+00 -1.0736E+01  1.5509E+00
  3.6836E+00 -1.0630E+01  1.4673E+00
  3.6750E+00 -1.0459E+01  1.3408E+00
  3.8286E+00 -1.0196E+01  1.3100E+00
  3.9060E+00 -1.0146E+01  1.4461E+00
  3.7520E+00 -1.0103E+01  1.5930E+00
  3.7500E+00 -1.0258E+01  1.7359E+00
  3.7878E+00 -1.0423E+01  1.8460E+00
  3.4716E+00 -1.0660E+01  1.8623E+00
  3.0887E+00 -1.1162E+01  1.7656E+00
  2.9476E+00 -1.1447E+01  1.8137E+00
  2.9114E+00 -1.1571E+01  1.8350E+00
  2.8689E+00 -1.1756E+01  1.7400E+00
  2.8761E+00 -1.2029E+01  1.5748E+00
  2.9339E+00 -1.2090E+01  1.5662E+00
  2.8549E+00 -1.1928E+01  1.7609E+00
  2.8325E+00 -1.1871E+01  1.7911E+00
  2.9933E+00 -1.1971E+01  1.7707E+00
  3.1218E+00 -1.2002E+01  1.8743E+00
  3.0488E+00 -1.1985E+01  1.9550E+00
  3.0254E+00 -1.2005E+01  2.0432E+00
  3.1644E+00 -1.2120E+01  2.1008E+00
  3.4515E+00 -1.2326E+01  2.1706E+00
  3.6064E+00 -1.2523E+01  2.3244E+00
  3.8755E+00  1.2428E+01  2.4986E+00
  4.0130E+00  1.2096E+01  2.6093E+00
  4.2744E+00  1.1988E+01  2.7824E+00
  4.3432E+00  1.1913E+01  2.9662E+00
  4.3446E+00  1.1851E+01  2.9743E+00
  4.4333E+00  1.1826E+01  2.9676E+00
  4.4569E+00  1.1844E+01  2.8835E+00
  4.4358E+00  1.2003E+01  2.7036E+00
  4.2924E+00  1.2279E+01  2.6030E+00
  4.1750E+00 -1.2572E+01  2.4990E+00
  4.0515E+00 -1.2422E+01  2.4197E+00
  3.9973E+00 -1.2254E+01  2.3756E+00
  3.8799E+00 -1.2142E+01  2.3897E+00
  3.9337E+00 -1.2095E+01  2.4788E+00
  4.0932E+00 -1.2014E+01  2.5056E+00
  4.1278E+00 -1.1930E+01  2.5267E+00
  4.2693E+00 -1.1855E+01  2.7469E+00
  4.3319E+00 -1.1746E+01  2.7321E+00
  4.3666E+00 -1.1646E+01  2.5671E+00
  4.4102E+00 -1.1602E+01  2.5520E+00
  4.5298E+00 -1.1597E+01  2.4303E+00
  4.4588E+00 -1.1589E+01  2.1601E+00
  4.4266E+00 -1.1424E+01  2.0745E+00
  4.4925E+00 -1.1503E+01  1.8823E+00
  4.5532E+00 -1.1754E+01  1.4999E+00
  4.6009E+00 -1.1706E+01  1.1354E+00
  4.5806E+00 -1.1743E+01  8.6686E-01
  4.5018E+00 -1.1891E+01  7.2298E-01
  4.5602E+00 -1.1650E+01  4.6912E-01
  4.5117E+00 -1.1600E+01  2.0329E-01
  4.4718E+00 -1.1817E+01  6.0076E-02
  4.2917E+00 -1.1691E+01 -2.3833E-01
  4.0965E+00 -1.1498E+01 -3.9643E-01
  4.0899E+00 -1.1625E+01 -3.3526E-01
  4.1197E+00 -1.1612E+01 -3.8855E-01
  3.9499E+00 -1.1436E+01 -4.0120E-01
  3.8540E+00 -1.1502E+01 -1.6361E-01
  3.9345E+00 -1.1692E+01  1.2034E-01
  4.2616E+00 -1.1772E+01  3.0285E-01
  4.5590E+00 -1.1793E+01  5.2548E-01
  4.6689E+00 -1.1756E+01  8.5090E-01
  4.8406E+00 -1.1547E+01  1.2648E+00
  5.0873E+00 -1.1551E+01  1.5546E+00
  5.2744E+00 -1.1851E+01  1.7361E+00
  5.3352E+00 -1.2055E+01  1.8662E+00
  5.4224E+00 -1.2190E+01  1.9968E+00
  5.4810E+00 -1.2439E+01  1.9343E+00
  5.3461E+00  1.2473E+01  1.7911E+00
  5.3985E+00  1.2136E+01  1.6698E+00
  5.3961E+00  1.1757E+01  1.6778E+00
  5.2357E+00  1.1461E+01  1.7969E+00
  5.0876E+00  1.1125E+01  1.8849E+00
  4.9547E+00  1.0809E+01  1.9183E+00
  4.7681E+00  1.0556E+01  1.8529E+00
  4.7641E+00  1.0446E+01  1.7379E+00
  4.7964E+00  1.0613E+01  1.5903E+00
  4.7070E+00  1.0790E+01  1.5058E+00
  4.4902E+00  1.0937E+01  1.4622E+00
  4.4184E+00  1.1003E+01  1.3629E+00
  4.4983E+00  1.1034E+01  1.2196E+00
  4.5587E+00  1.0924E+01  1.1714E+00
  4.4664E+00  1.0635E+01  1.2891E+00
  4.1647E+00  1.0339E+01  1.2140E+00
  3.9754E+00  1.0289E+01  1.1956E+00
  4.0037E+00  1.0242E+01  1.1750E+00
  4.0627E+00  1.0212E+01  1.0839E+00
  4.2982E+00  1.0164E+01  9.7679E-01
  4.1883E+00  9.8995E+00  9.6260E-01
  4.0948E+00  9.8473E+00  8.7898E-01
  4.1742E+00  9.7474E+00  1.0949E+00
  4.3128E+00  9.5839E+00  1.0640E+00
  4.4722E+00  9.5990E+00  1.0689E+00
  4.5442E+00  9.6820E+00  9.1962E-01
  4.4501E+00  9.6492E+00  5.9922E-01
  4.2877E+00  9.8590E+00  6.7717E-01
  4.1106E+00  1.0016E+01  9.7342E-01
  4.0749E+00  1.0236E+01  1.1532E+00
  4.0435E+00  1.0278E+01  1.2029E+00
  4.1870E+00  1.0323E+01  1.3287E+00
  4.4873E+00  1.0386E+01  1.3413E+00
  4.6778E+00  1.0439E+01  1.2338E+00
  4.7450E+00  1.0542E+01  1.1056E+00
  4.8084E+00  1.0830E+01  9.9470E-01
  5.0215E+00  1.1104E+01  9.2841E-01
  5.0975E+00  1.1292E+01  9.2628E-01
  5.1684E+00  1.1415E+01  1.1215E+00
  4.9392E+00  1.1605E+01  1.1048E+00
  4.8389E+00  1.1959E+01  1.1825E+00
  4.8475E+00  1.2098E+01  1.3092E+00
  4.8514E+00  1.2016E+01  1.3356E+00
  4.9065E+00  1.2077E+01  1.4341E+00
  4.9145E+00  1.2184E+01  1.4889E+00
  4.9591E+00  1.2185E+01  1.6309E+00
  4.9799E+00  1.2116E+01  1.6745E+00
  4.9074E+00  1.1955E+01  1.5797E+00
  4.9284E+00  1.1754E+01  1.6974E+00
  4.9188E+00  1.1616E+01  1.7199E+00
  4.7576E+00  1.1470E+01  1.5373E+00
  4.8139E+00  1.1389E+01  1.6423E+00
  4.6865E+00  1.1308E+01  1.6169E+00
  4.6412E+00  1.1321E+01  1.5956E+00
  4.6964E+00  1.1311E+01  1.6421E+00
  4.7588E+00  1.1223E+01  1.5428E+00
  4.9999E+00  1.1184E+01  1.7068E+00
  5.1529E+00  1.1199E+01  1.7707E+00
  5.1043E+00  1.1187E+01  1.7350E+00
  5.2088E+00  1.1141E+01  1.8268E+00
  5.2054E+00  1.1110E+01  1.7383E+00
  5.1106E+00  1.1076E+01  1.8174E+00
  4.9116E+00  1.0897E+01  1.8307E+00
  4.7005E+00  1.0791E+01  1.7845E+00
  4.6062E+00  1.0664E+01  1.8691E+00
  4.6339E+00  1.0620E+01  1.8907E+00
  4.6790E+00  1.0744E+01  1.8772E+00
  4.8111E+00  1.0908E+01  1.9437E+00
  4.7319E+00  1.0995E+01  1.9417E+00
  4.6087E+00  1.0965E+01  1.8501E+00
  4.5981E+00  1.0905E+01  1.7507E+00
  4.8351E+00  1.0772E+01  1.7668E+00
  5.0884E+00  1.0584E+01  1.7818E+00
  5.1346E+00  1.0513E+01  1.6963E+00
  5.1884E+00  1.0647E+01  1.7283E+00
  5.2004E+00  1.0817E+01  1.5969E+00
  5.3230E+00  1.1056E+01  1.6884E+00
  5.3256E+00  1.1231E+01  1.7492E+00
  5.1491E+00  1.1328E+01  1.6465E+00
  5.1556E+00  1.1541E+01  1.8558E+00
  4.9322E+00  1.1794E+01  1.8233E+00
  4.8068E+00  1.1984E+01  1.7581E+00
  4.6739E+00  1.2093E+01  1.7523E+00
  4.5223E+00  1.2157E+01  1.7089E+00
  4.5444E+00  1.2285E+01  1.7688E+00
  4.3311E+00  1.2163E+01  1.6022E+00
  4.2561E+00  1.2086E+01  1.5568E+00
  4.3415E+00  1.2080E+01  1.7086E+00
  4.5577E+00  1.2009E+01  1.6355E+00
  4.5802E+00  1.1664E+01  1.4435E+00
  4.6060E+00  1.1554E+01  1.7057E+00
  4.4701E+00  1.1522E+01  1.7081E+00
  4.4967E+00  1.1369E+01  1.7379E+00
  4.6182E+00  1.1278E+01  2.0123E+00
  4.7288E+00  1.1061E+01  2.0710E+00
  4.8061E+00  1.0885E+01  1.8749E+00
  4.8724E+00  1.1090E+01  1.8778E+00
  4.7157E+00  1.1058E+01  1.7335E+00
  4.5971E+00  1.0983E+01  1.5530E+00
  4.6839E+00  1.0988E+01  1.6042E+00
  4.7682E+00  1.0980E+01  1.5553E+00
  4.7417E+00  1.1085E+01  1.5618E+00
  4.5232E+00  1.1173E+01  1.6165E+00
  4.4527E+00  1.1224E+01  1.5536E+00
  4.5469E+00  1.1440E+01  1.5419E+00
  4.3310E+00  1.1432E+01  1.6069E+00
  4.2517E+00  1.1364E+01  1.6271E+00
  4.1162E+00  1.1273E+01  1.6871E+00
  4.1567E+00  1.1278E+01  1.6996E+00
  4.3210E+00  1.1199E+01  1.6365E+00
  4.2223E+00  1.0979E+01  1.7612E+00
  4.2461E+00  1.0817E+01  1.8778E+00
  4.1626E+00  1.0566E+01  1.7937E+00
  4.2929E+00  1.0329E+01  1.9127E+00
  4.3792E+00  1.0235E+01  1.9017E+00
  4.4928E+00  1.0420E+01  1.6895E+00
  4.6827E+00  1.0715E+01  1.6476E+00
  4.5865E+00  1.0834E+01  1.5441E+00
  4.6060E+00  1.0966E+01  1.5474E+00
  4.6527E+00  1.1114E+01  1.5545E+00
  4.5011E+00  1.1150E+01  1.5875E+00
  4.5564E+00  1.1267E+01  1.6402E+00
  4.5345E+00  1.1158E+01  1.4984E+00
  4.4597E+00  1.0979E+01  1.3847E+00
  4.4368E+00  1.1030E+01  1.4887E+00
  4.2844E+00  1.1042E+01  1.4364E+00
  4.3369E+00  1.1106E+01  1.4466E+00
  4.4655E+00  1.1047E+01  1.4385E+00
  4.6573E+00  1.0946E+01  1.5605E+00
  4.7237E+00  1.0962E+01  1.7195E+00
  4.5513E+00  1.1148E+01  1.5308E+00
  4.5016E+00  1.1400E+01  1.4558E+00
  4.3868E+00  1.1516E+01  1.2926E+00
  4.1452E+00  1.1468E+01  1.2614E+00
  4.2069E+00  1.1385E+01  1.4847E+00
  4.2291E+00  1.1284E+01  1.3484E+00
  4.3018E+00  1.1426E+01  1.2804E+00
  4.1693E+00  1.1370E+01  1.3780E+00
  4.1077E+00  1.1126E+01  1.3529E+00
  4.2709E+00  1.1209E+01  1.3964E+00
  4.3391E+00  1.1283E+01  1.3836E+00
  4.3320E+00  1.1154E+01  1.4662E+00
  4.5231E+00  1.1198E+01  1.5133E+00
  4.7701E+00  1.1362E+01  1.3880E+00
  4.7391E+00  1.1369E+01  1.4753E+00
  4.6930E+00  1.1284E+01  1.4304E+00
  4.7436E+00  1.1331E+01  1.4905E+00
  4.8311E+00  1.1293E+01  1.3996E+00
  4.9828E+00  1.1198E+01  1.3329E+00
  5.2184E+00  1.1138E+01  1.1718E+00
  5.2160E+00  1.0911E+01  1.0506E+00
  5.0904E+00  1.0929E+01  1.1149E+00
  4.7447E+00  1.1133E+01  1.0332E+00
  4.4749E+00  1.1416E+01  9.3202E-01
  4.2573E+00  1.1649E+01  1.0911E+00
  3.9993E+00  1.1623E+01  1.0935E+00
  4.0063E+00  1.1720E+01  1.0328E+00
  4.0598E+00  1.1653E+01  1.0385E+00
  4.0950E+00  1.1467E+01  1.1797E+00
  4.3258E+00  1.1376E+01  1.3168E+00
  4.4913E+00  1.1205E+01  1.3544E+00
  4.4539E+00  1.1152E+01  1.4995E+00
  4.3471E+00  1.1086E+01  1.4458E+00
  4.3064E+00  1.0949E+01  1.4387E+00
  4.1181E+00  1.1048E+01  1.5111E+00
  3.7327E+00  1.1046E+01  1.5237E+00
  3.5135E+00  1.1177E+01  1.5310E+00
  3.4498E+00  1.1321E+01  1.4975E+00
  3.2945E+00  1.1182E+01  1.4485E+00
  3.1683E+00  1.1326E+01  1.3755E+00
  3.3421E+00  1.1435E+01  1.1753E+00
  3.4862E+00  1.1234E+01  9.9110E-01
  3.7759E+00  1.1142E+01  9.5303E-01
  4.0266E+00  1.1085E+01  5.4356E-01
  4.0863E+00  1.0973E+01  3.2550E-01
  4.1481E+00  1.0994E+01  3.3171E-01
  4.2406E+00  1.1039E+01  3.5612E-01
  4.3448E+00  1.1073E+01  3.6007E-01
  4.3359E+00  1.1074E+01  4.5522E-01
  4.0966E+00  1.1094E+01  5.7422E-01
  4.0537E+00  1.1154E+01  6.6871E-01
  4.1364E+00  1.1242E+01  7.0981E-01
  4.0988E+00  1.1406E+01  7.5103E-01
  3.8838E+00  1.1525E+01  9.0053E-01
  3.7286E+00  1.1659E+01  8.6167E-01
  3.7654E+00  1.1785E+01  8.3542E-01
  3.7965E+00  1.1742E+01  8.7976E-01
  3.8374E+00  1.1607E+01  8.9145E-01
  3.9545E+00  1.1520E+01  8.1479E-01
  4.0422E+00  1.1307E+01  6.2905E-01
  4.1786E+00  1.1200E+01  4.7619E-01
  4.1458E+00  1.1098E+01  3.3564E-01
  4.1817E+00  1.1085E+01  1.9333E-01
  4.1750E+00  1.1130E+01  1.4679E-01
  4.0469E+00  1.1262E+01  6.4459E-02
  4.0002E+00  1.1360E+01 -1.1236E-01
  4.0290E+00  1.1293E+01 -3.0094E-01
  4.0956E+00  1.1331E+01 -4.5371E-01
  4.0589E+00  1.1199E+01 -6.0030E-01
  4.0938E+00  1.1160E+01 -6.5591E-01
  4.1087E+00  1.1099E+01 -5.4409E-01
  4.0813E+00  1.1115E+01 -3.7968E-01
  4.0527E+00  1.1292E+01 -3.9272E-01
  3.9242E+00  1.1419E+01 -4.1097E-01
  3.8455E+00  1.1663E+01 -3.6964E-01
  3.8884E+00  1.1769E+01 -4.0756E-01
  3.9933E+00  1.1827E+01 -3.9252E-01
  4.0958E+00  1.1887E+01 -5.1951E-01
  4.1781E+00  1.1849E+01 -6.4370E-01
  4.3753E+00  1.1836E+01 -7.0918E-01
  4.5062E+00  1.1898E+01 -7.6899E-01
  4.5808E+00  1.1776E+01 -8.3720E-01
  4.5760E+00  1.1690E+01 -9.3264E-01
  4.5725E+00  1.1684E+01 -1.0917E+00
  4.6196E+00  1.1656E+01 -1.0505E+00
  4.7801E+00  1.1569E+01 -1.0633E+00
  4.9035E+00  1.1485E+01 -1.1398E+00
  5.0579E+00  1.1534E+01 -1.1429E+00
  5.1902E+00  1.1500E+01 -1.1238E+00
  5.2423E+00  1.1492E+01 -1.0652E+00
  5.2960E+00  1.1536E+01 -1.0330E+00
  5.2170E+00  1.1487E+01 -1.2011E+00
  5.2895E+00  1.1356E+01 -1.3873E+00
  5.2809E+00  1.1141E+01 -1.4378E+00
  5.3087E+00  1.1029E+01 -1.3788E+00
  5.2445E+00  1.0987E+01 -1.4766E+00
  5.2672E+00  1.1020E+01 -1.4836E+00
  5.2620E+00  1.1079E+01 -1.4974E+00
  5.0683E+00  1.1123E+01 -1.5782E+00
  5.0641E+00  1.1288E+01 -1.6297E+00
  5.0000E+00  1.1506E+01 -1.3781E+00
  4.8089E+00  1.1612E+01 -1.2122E+00
  4.8190E+00  1.1878E+01 -1.1749E+00
  4.6606E+00  1.1948E+01 -9.4870E-01
  4.5460E+00  1.1790E+01 -7.9063E-01
  4.8465E+00  1.1936E+01 -7.4462E-01
  4.9274E+00  1.1808E+01 -7.3284E-01
  4.8191E+00  1.1547E+01 -4.8845E-01
  4.8103E+00  1.1643E+01 -3.5509E-01
  4.4887E+00  1.1622E+01 -2.0918E-01
  4.3825E+00  1.1603E+01 -1.2372E-01
  4.4662E+00  1.1547E+01 -1.3993E-01
  4.5398E+00  1.1403E+01 -1.4173E-01
  4.5796E+00  1.1337E+01 -2.1150E-01
  4.4837E+00  1.1280E+01 -2.0709E-01
  4.3033E+00  1.1332E+01 -1.6393E-01
  4.2220E+00  1.1282E+01 -1.9400E-01
  4.2388E+00  1.1236E+01 -3.0355E-01
  4.3839E+00  1.1253E+01 -4.1470E-01
  4.3922E+00  1.1174E+01 -5.3083E-01
  4.4582E+00  1.1312E+01 -6.8729E-01
  4.3945E+00  1.1509E+01 -6.5063E-01
  4.4204E+00  1.1586E+01 -5.5368E-01
  4.5113E+00  1.1731E+01 -4.9811E-01
  4.4006E+00  1.1810E+01 -3.7353E-01
  4.3363E+00  1.1730E+01 -3.2646E-01
  4.4056E+00  1.1594E+01 -4.2624E-01
  4.4422E+00  1.1481E+01 -4.9675E-01
  4.4616E+00  1.1361E+01 -4.7585E-01
  4.4561E+00  1.1259E+01 -5.9767E-01
  4.2544E+00  1.1280E+01 -8.2703E-01
  4.2248E+00  1.1285E+01 -1.0403E+00
  4.3261E+00  1.1217E+01 -1.1733E+00
  4.5059E+00  1.1076E+01 -1.1519E+00
  4.6688E+00  1.1057E+01 -9.7130E-01
  4.6073E+00  1.1205E+01 -7.7702E-01
  4.5842E+00  1.1337E+01 -7.1812E-01
  4.5299E+00  1.1428E+01 -6.3354E-01
  4.3862E+00  1.1483E+01 -4.3057E-01
  4.1983E+00  1.1710E+01 -3.3270E-01
  4.0266E+00  1.1857E+01 -3.2441E-01
  3.9184E+00  1.2079E+01 -3.7779E-01
  3.7218E+00  1.2271E+01 -3.4309E-01
  3.5628E+00  1.2348E+01 -2.4825E-01
  3.5356E+00  1.2491E+01 -3.0259E-01
  3.5924E+00  1.2562E+01 -4.3151E-01
  3.6770E+00  1.2432E+01 -3.1049E-01
  3.6364E+00  1.2260E+01 -1.0822E-02
  3.6859E+00  1.2182E+01  1.9216E-02
  3.5548E+00  1.2106E+01  9.4720E-02
  3.5975E+00  1.1914E+01  4.0035E-01
  3.7920E+00  1.1849E+01  5.1612E-01
  3.9087E+00  1.1842E+01  5.9101E-01
