  5.7922E+00 -1.0368E+01  4.3654E-03
  5.4183E+00 -1.0235E+01 -7.6679E-02
  5.3047E+00 -1.0049E+01 -7.8863E-02
  5.2020E+00 -1.0049E+01  6.1559E-02
  5.2526E+00 -1.0067E+01  7.8316E-02
  5.4483E+00 -1.0108E+01  7.5284E-02
  5.6584E+00 -1.0257E+01  7.9280E-02
  5.6563E+00 -1.0411E+01  5.5620E-02
  5.5666E+00 -1.0435E+01  4.5423E-02
  5.4679E+00 -1.0282E+01 -1.9909E-02
  5.4189E+00 -1.0183E+01 -1.3360E-01
  5.4076E+00 -1.0215E+01 -1.8433E-01
  5.2946E+00 -1.0240E+01 -1.8197E-01
  5.3436E+00 -1.0129E+01 -2.7542E-01
  5.4251E+00 -1.0077E+01 -3.6579E-01
  5.3777E+00 -1.0075E+01 -4.0211E-01
  5.2864E+00 -1.0027E+01 -4.4893E-01
  5.3638E+00 -1.0058E+01 -5.4654E-01
  5.4535E+00 -1.0174E+01 -6.3047E-01
  5.5082E+00 -1.0329E+01 -6.6194E-01
  5.4742E+00 -1.0363E+01 -7.5517E-01
  5.3797E+00 -1.0363E+01 -9.0230E-01
  5.3456E+00 -1.0389E+01 -1.0777E+00
  5.2864E+00 -1.0240E+01 -1.3928E+00
  5.4787E+00 -1.0132E+01 -1.7179E+00
  5.9347E+00 -1.0241E+01 -1.8602E+00
  6.2927E+00 -1.0362E+01 -2.0768E+00
  6.4611E+00 -1.0447E+01 -2.3346E+00
  6.6512E+00 -1.0516E+01 -2.4473E+00
  6.8832E+00 -1.0647E+01 -2.5089E+00
  7.0380E+00 -1.0872E+01 -2.4228E+00
  7.0819E+00 -1.0984E+01 -2.1782E+00
  7.2128E+00 -1.1055E+01 -2.0184E+00
  7.3471E+00 -1.1189E+01 -1.8206E+00
  7.4430E+00 -1.1416E+01 -1.5501E+00
  7.6051E+00 -1.1558E+01 -1.2435E+00
  7.7288E+00 -1.1591E+01 -1.0283E+00
  7.7180E+00 -1.1803E+01 -9.0897E-01
  7.8237E+00 -1.2140E+01 -9.4490E-01
  7.9139E+00 -1.2469E+01 -9.7380E-01
  7.9576E+00  1.2489E+01 -9.8512E-01
  7.9121E+00  1.2483E+01 -9.4004E-01
  7.8807E+00  1.2560E+01 -8.4611E-01
  7.9325E+00 -1.2561E+01 -6.8592E-01
  7.7796E+00 -1.2455E+01 -5.6473E-01
  7.6561E+00 -1.2334E+01 -5.0431E-01
  7.6505E+00 -1.2175E+01 -4.2630E-01
  7.5518E+00 -1.1979E+01 -2.6855E-01
  7.4660E+00 -1.1720E+01 -2.3646E-01
  7.3648E+00 -1.1497E+01 -2.0724E-01
  7.2280E+00 -1.1419E+01 -7.3609E-02
  7.2167E+00 -1.1462E+01 -5.9730E-02
  6.9965E+00 -1.1164E+01 -7.0484E-02
  6.9499E+00 -1.0945E+01 -6.4449E-02
  7.0315E+00 -1.1025E+01  7.2610E-02
  7.2129E+00 -1.1336E+01  3.1752E-01
  7.2811E+00 -1.1445E+01  5.3041E-01
  7.4230E+00 -1.1365E+01  6.9727E-01
  7.4569E+00 -1.1405E+01  1.0153E+00
  7.5796E+00 -1.1484E+01  1.2460E+00
  7.6238E+00 -1.1533E+01  1.3183E+00
  7.6816E+00 -1.1656E+01  1.4820E+00
  7.7678E+00 -1.1616E+01  1.5969E+00
  7.6892E+00 -1.1528E+01  1.7064E+00
  7.7888E+00 -1.1549E+01  1.6852E+00
  7.9927E+00 -1.1261E+01  1.6226E+00
  7.9328E+00 -1.0995E+01  1.6457E+00
  7.8561E+00 -1.0823E+01  1.6565E+00
  7.9924E+00 -1.0596E+01  1.6145E+00
  8.1318E+00 -1.0382E+01  1.5939E+00
  8.3077E+00 -1.0109E+01  1.5560E+00
  8.3578E+00 -9.9333E+00  1.4620E+00
  8.4621E+00 -1.0029E+01  1.2734E+00
  8.5191E+00 -1.0192E+01  1.0602E+00
  8.5173E+00 -1.0124E+01  8.6711E-01
  8.5243E+00 -1.0160E+01  7.5065E-01
  8.4461E+00 -1.0131E+01  7.0425E-01
  8.3262E+00 -1.0033E+01  5.7592E-01
  8.2486E+00 -1.0122E+01  5.0692E-01
  8.3297E+00 -1.0283E+01  3.9979E-01
  8.5346E+00 -1.0477E+01  2.5020E-01
  8.8179E+00 -1.0522E+01  1.1117E-01
  8.9929E+00 -1.0599E+01  3.2426E-02
  9.0183E+00 -1.0824E+01  1.1190E-01
  8.9530E+00 -1.1041E+01  2.2001E-01
  9.0350E+00 -1.0995E+01  9.7897E-02
  9.1423E+00 -1.0814E+01  3.6787E-02
  9.1596E+00 -1.0671E+01  5.8117E-02
  9.1085E+00 -1.0564E+01  2.0008E-01
  9.0078E+00 -1.0496E+01  3.0291E-01
  9.0075E+00 -1.0473E+01  3.6217E-01
  9.0807E+00 -1.0510E+01  4.5147E-01
  9.1143E+00 -1.0561E+01  5.7274E-01
  9.1417E+00 -1.0594E+01  6.7110E-01
  9.1964E+00 -1.0426E+01  6.5752E-01
  9.2192E+00 -1.0378E+01  6.5598E-01
  9.3052E+00 -1.0406E+01  6.7087E-01
  9.3865E+00 -1.0417E+01  6.8593E-01
  9.3390E+00 -1.0417E+01  6.2414E-01
  9.3174E+00 -1.0489E+01  5.4044E-01
  9.4003E+00 -1.0585E+01  4.3870E-01
  9.4328E+00 -1.0590E+01  2.3033E-01
  9.3192E+00 -1.0657E+01 -8.0707E-03
  9.2075E+00 -1.0827E+01 -4.3342E-02
  9.1180E+00 -1.1022E+01 -1.3185E-01
  9.1886E+00 -1.0988E+01 -3.7160E-01
  9.3769E+00 -1.0877E+01 -5.8578E-01
  9.4188E+00 -1.0839E+01 -7.1527E-01
  9.1550E+00 -1.0801E+01 -9.8520E-01
  8.8151E+00 -1.0964E+01 -1.0936E+00
  8.6683E+00 -1.1041E+01 -1.1915E+00
  8.4683E+00 -1.1153E+01 -1.2864E+00
  8.2486E+00 -1.1390E+01 -1.2594E+00
  8.1455E+00 -1.1419E+01 -1.3391E+00
  8.1206E+00 -1.1435E+01 -1.4606E+00
  8.1369E+00 -1.1483E+01 -1.5470E+00
  8.1189E+00 -1.1445E+01 -1.6500E+00
  8.1852E+00 -1.1324E+01 -1.7745E+00
  8.2936E+00 -1.1376E+01 -1.7576E+00
  8.3414E+00 -1.1411E+01 -1.8146E+00
  8.5048E+00 -1.1273E+01 -1.9832E+00
  8.7271E+00 -1.1348E+01 -1.9595E+00
  8.7681E+00 -1.1491E+01 -1.7832E+00
  8.6763E+00 -1.1514E+01 -1.6666E+00
  8.6264E+00 -1.1581E+01 -1.4644E+00
  8.5892E+00 -1.1658E+01 -1.2527E+00
  8.3900E+00 -1.1624E+01 -1.1050E+00
  8.1521E+00 -1.1408E+01 -9.7106E-01
  8.0595E+00 -1.1348E+01 -7.4516E-01
  7.9261E+00 -1.1406E+01 -4.0303E-01
  7.5803E+00 -1.1145E+01 -1.7907E-01
  7.2881E+00 -1.1074E+01  6.1507E-03
  7.2686E+00 -1.1045E+01  1.9564E-01
  7.2000E+00 -1.0778E+01  3.4973E-01
  7.1226E+00 -1.0750E+01  4.4363E-01
  7.1665E+00 -1.0965E+01  5.5027E-01
  7.2601E+00 -1.1084E+01  6.3419E-01
  7.2766E+00 -1.1155E+01  8.0319E-01
  7.3917E+00 -1.1039E+01  9.2171E-01
  7.4600E+00 -1.0992E+01  9.7160E-01
  7.3967E+00 -1.1017E+01  1.1314E+00
  7.3336E+00 -1.1009E+01  1.4016E+00
  7.3630E+00 -1.1064E+01  1.6276E+00
  7.3856E+00 -1.1055E+01  1.7350E+00
  7.3966E+00 -1.0954E+01  1.8542E+00
  7.4321E+00 -1.1059E+01  1.9092E+00
  7.5201E+00 -1.1059E+01  2.0073E+00
  7.5750E+00 -1.0922E+01  2.0740E+00
  7.6646E+00 -1.0756E+01  2.0503E+00
  7.7119E+00 -1.0668E+01  2.0181E+00
  7.7771E+00 -1.0498E+01  2.0716E+00
  7.8940E+00 -1.0233E+01  2.0530E+00
  7.9870E+00 -1.0043E+01  1.8862E+00
  8.0055E+00 -9.8292E+00  1.7809E+00
  8.1316E+00 -9.7096E+00  1.7241E+00
  8.3655E+00 -9.5868E+00  1.5983E+00
  8.4178E+00 -9.3113E+00  1.5674E+00
  8.3595E+00 -9.2824E+00  1.4969E+00
  8.2840E+00 -9.3919E+00  1.4360E+00
  8.3464E+00 -9.6580E+00  1.3641E+00
  8.5588E+00 -9.6326E+00  1.1038E+00
  8.7849E+00 -9.5454E+00  7.5388E-01
  8.9005E+00 -9.5038E+00  4.7868E-01
  8.9300E+00 -9.5307E+00  2.7181E-01
  8.9483E+00 -9.4553E+00  7.6910E-02
  8.9565E+00 -9.4538E+00 -5.4134E-02
  8.9594E+00 -9.5832E+00 -1.4007E-01
  8.9129E+00 -9.6706E+00 -2.4466E-01
  8.8423E+00 -9.7083E+00 -2.8384E-01
  8.7667E+00 -9.7625E+00 -2.5946E-01
  8.6969E+00 -9.9391E+00 -1.8619E-01
  8.6252E+00 -9.9998E+00 -1.2204E-01
  8.5008E+00 -9.9352E+00 -5.3926E-02
  8.4182E+00 -1.0047E+01  1.0012E-01
  8.2450E+00 -1.0048E+01  2.8393E-01
  7.9850E+00 -1.0021E+01  5.0609E-01
  7.7935E+00 -1.0124E+01  7.8744E-01
  7.6239E+00 -9.9866E+00  9.4666E-01
  7.5164E+00 -9.8525E+00  1.1446E+00
  7.4384E+00 -9.7910E+00  1.4032E+00
  7.3783E+00 -9.7860E+00  1.6548E+00
  7.2144E+00 -9.8722E+00  1.9104E+00
  7.0812E+00 -9.9522E+00  2.0602E+00
  6.8914E+00 -1.0027E+01  2.1659E+00
  6.7656E+00 -1.0200E+01  2.2694E+00
  6.7714E+00 -1.0409E+01  2.3384E+00
  6.7994E+00 -1.0518E+01  2.2893E+00
  6.8364E+00 -1.0728E+01  2.2128E+00
  6.8608E+00 -1.0633E+01  2.0017E+00
  7.0202E+00 -1.0687E+01  1.8661E+00
  7.1877E+00 -1.0723E+01  1.8553E+00
  7.3154E+00 -1.0659E+01  1.6822E+00
  7.4021E+00 -1.0692E+01  1.5787E+00
  7.4735E+00 -1.0583E+01  1.5553E+00
  7.6678E+00 -1.0531E+01  1.3707E+00
  7.7724E+00 -1.0358E+01  1.2910E+00
  7.8531E+00 -1.0213E+01  1.2257E+00
  8.0449E+00 -1.0339E+01  1.0429E+00
  8.2641E+00 -1.0217E+01  9.0161E-01
  8.4418E+00 -1.0031E+01  9.7549E-01
  8.5968E+00 -1.0218E+01  9.4913E-01
  8.7962E+00 -1.0413E+01  7.6994E-01
  8.9933E+00 -1.0508E+01  7.4617E-01
  9.0421E+00 -1.0664E+01  8.1170E-01
  9.0061E+00 -1.0881E+01  8.6385E-01
  9.0183E+00 -1.0980E+01  9.5647E-01
  9.0528E+00 -1.1103E+01  9.2682E-01
  9.1019E+00 -1.1232E+01  7.4968E-01
  9.1571E+00 -1.1206E+01  8.3969E-01
  9.1617E+00 -1.1238E+01  8.9872E-01
  8.9999E+00 -1.1415E+01  8.4574E-01
  9.0657E+00 -1.1251E+01  8.2380E-01
  8.9935E+00 -1.0957E+01  1.0104E+00
  8.9903E+00 -1.0856E+01  1.0986E+00
  9.2849E+00 -1.0678E+01  1.0196E+00
  9.4404E+00 -1.0641E+01  9.3255E-01
  9.1688E+00 -1.0570E+01  1.0749E+00
  8.9450E+00 -1.0633E+01  1.2602E+00
  9.1218E+00 -1.0661E+01  1.2438E+00
  9.2018E+00 -1.0741E+01  1.2074E+00
  8.9255E+00 -1.0542E+01  1.3668E+00
  8.7792E+00 -1.0574E+01  1.3933E+00
  8.7389E+00 -1.0791E+01  1.2447E+00
  9.0317E+00 -1.0862E+01  1.0577E+00
  8.9691E+00 -1.0840E+01  8.6362E-01
  8.8703E+00 -1.1085E+01  6.8442E-01
  9.0850E+00 -1.1476E+01  5.0839E-01
  9.0356E+00 -1.1589E+01  3.9831E-01
  9.0871E+00 -1.1611E+01  3.7872E-01
  9.1905E+00 -1.1877E+01  4.8727E-01
  9.3180E+00 -1.1948E+01  6.1438E-01
  9.3807E+00 -1.1843E+01  7.2856E-01
  9.5256E+00 -1.1809E+01  1.0792E+00
  9.5589E+00 -1.1914E+01  1.5579E+00
  9.4116E+00 -1.1967E+01  2.1017E+00
  9.4221E+00 -1.1966E+01  2.7116E+00
  9.5043E+00 -1.2118E+01  3.1735E+00
  9.6884E+00 -1.2177E+01  3.4607E+00
  9.7412E+00 -1.2109E+01  3.8251E+00
  9.6639E+00 -1.2288E+01  4.0000E+00
  9.4581E+00  1.2519E+01  3.9468E+00
  9.2287E+00  1.2114E+01  3.6405E+00
  8.9908E+00  1.1737E+01  3.5651E+00
  8.9889E+00  1.1356E+01  3.4462E+00
  9.1903E+00  1.1013E+01  3.3756E+00
  9.4017E+00  1.0725E+01  3.5062E+00
  9.6916E+00  1.0450E+01  3.5342E+00
  9.7579E+00  1.0162E+01  3.5277E+00
  9.6733E+00  9.9753E+00  3.4094E+00
  9.6074E+00  9.9752E+00  3.2205E+00
  9.5587E+00  9.8215E+00  3.1548E+00
  9.3852E+00  9.7161E+00  3.5105E+00
  9.3284E+00  9.7520E+00  3.8643E+00
  9.3421E+00  9.6974E+00  3.9220E+00
  9.1673E+00  9.7250E+00  3.9503E+00
  8.9470E+00  9.5579E+00  4.0973E+00
  8.9140E+00  9.5878E+00  4.0264E+00
  8.9247E+00  9.8558E+00  3.7871E+00
  8.9675E+00  9.9495E+00  3.8255E+00
  8.9440E+00  9.9850E+00  3.8034E+00
  8.9060E+00  9.9933E+00  3.6037E+00
  8.7965E+00  1.0266E+01  3.5903E+00
  8.8606E+00  1.0381E+01  3.5860E+00
  8.9532E+00  1.0235E+01  3.6404E+00
  9.0333E+00  1.0151E+01  3.7229E+00
  9.2485E+00  1.0068E+01  3.6827E+00
  9.4031E+00  9.7853E+00  3.8494E+00
  9.5058E+00  9.6458E+00  3.9423E+00
  9.5274E+00  9.6096E+00  3.8840E+00
  9.3823E+00  9.5854E+00  3.6846E+00
  9.2205E+00  9.4373E+00  3.7311E+00
  9.2148E+00  9.4759E+00  3.6968E+00
  9.1893E+00  9.5994E+00  3.6691E+00
  9.2143E+00  9.5675E+00  3.4516E+00
  9.1894E+00  9.4447E+00  3.3496E+00
  9.2820E+00  9.4539E+00  3.3839E+00
  9.4265E+00  9.4597E+00  3.4087E+00
  9.3452E+00  9.5348E+00  3.6207E+00
  9.2084E+00  9.5840E+00  3.6880E+00
  9.1085E+00  9.5714E+00  3.5432E+00
  9.1608E+00  9.6541E+00  3.3549E+00
  9.1851E+00  9.6835E+00  3.1495E+00
  9.2838E+00  9.4894E+00  3.0210E+00
  9.4663E+00  9.7223E+00  2.9445E+00
  9.7255E+00  9.7290E+00  3.0902E+00
  9.9415E+00  9.4777E+00  3.3567E+00
  1.0103E+01  9.6680E+00  3.5727E+00
  1.0119E+01  9.8011E+00  3.4594E+00
  1.0399E+01  9.8054E+00  3.3908E+00
  1.0661E+01  9.8884E+00  3.6674E+00
  1.0712E+01  9.7244E+00  3.8310E+00
  1.0719E+01  9.7264E+00  3.8627E+00
  1.0605E+01  9.9779E+00  3.8057E+00
  1.0314E+01  1.0111E+01  3.7032E+00
  1.0043E+01  1.0118E+01  3.7741E+00
  1.0093E+01  1.0012E+01  3.7982E+00
  1.0101E+01  1.0015E+01  3.7306E+00
  1.0074E+01  1.0005E+01  3.7211E+00
  9.9479E+00  9.9746E+00  3.8974E+00
  9.8428E+00  1.0093E+01  3.7994E+00
  9.6331E+00  1.0246E+01  3.4781E+00
  9.4719E+00  1.0267E+01  3.4433E+00
  9.5250E+00  1.0416E+01  3.5199E+00
  9.4126E+00  1.0383E+01  3.4840E+00
  9.0955E+00  1.0168E+01  3.6607E+00
  9.0534E+00  1.0355E+01  3.6967E+00
  8.9292E+00  1.0247E+01  3.8886E+00
  8.9924E+00  1.0222E+01  4.0981E+00
  9.1617E+00  1.0244E+01  4.2027E+00
  9.3369E+00  9.9623E+00  4.3134E+00
  9.6791E+00  9.9016E+00  4.3518E+00
  9.9860E+00  9.8644E+00  4.4979E+00
  1.0119E+01  9.5718E+00  4.7070E+00
  1.0323E+01  9.5761E+00  4.7579E+00
  1.0503E+01  9.6550E+00  4.7042E+00
  1.0522E+01  9.5386E+00  4.7645E+00
  1.0688E+01  9.4351E+00  4.9317E+00
  1.0823E+01  9.4270E+00  4.9740E+00
  1.0763E+01  9.4528E+00  4.9726E+00
  1.0542E+01  9.3782E+00  5.1173E+00
  1.0400E+01  9.3618E+00  5.2565E+00
  1.0299E+01  9.3265E+00  5.3436E+00
  9.9836E+00  9.3056E+00  5.3321E+00
  9.7070E+00  9.4286E+00  5.4928E+00
  9.4544E+00  9.4885E+00  5.6709E+00
  9.3152E+00  9.5776E+00  5.6712E+00
  9.1781E+00  9.6411E+00  5.7825E+00
  8.9987E+00  9.5794E+00  5.8397E+00
  8.9104E+00  9.5368E+00  5.8212E+00
  8.9190E+00  9.4482E+00  5.8463E+00
  9.0572E+00  9.3955E+00  5.9303E+00
  9.2565E+00  9.3967E+00  6.0511E+00
  9.3715E+00  9.5115E+00  6.0547E+00
  9.5109E+00  9.5390E+00  6.1197E+00
  9.6651E+00  9.4756E+00  6.1324E+00
  9.7489E+00  9.3379E+00  6.1409E+00
  9.7412E+00  9.2299E+00  6.2572E+00
  9.7819E+00  9.1572E+00  6.3542E+00
  9.8834E+00  8.9310E+00  6.3508E+00
  9.9355E+00  8.7635E+00  6.2346E+00
  9.9603E+00  8.6759E+00  6.0944E+00
  9.9388E+00  8.4706E+00  5.9543E+00
  9.7764E+00  8.2856E+00  5.7834E+00
  9.6562E+00  8.2416E+00  5.6988E+00
  9.4905E+00  8.3055E+00  5.6002E+00
  9.2033E+00  8.1823E+00  5.5368E+00
  8.8911E+00  8.1117E+00  5.5471E+00
  8.5333E+00  8.0728E+00  5.4502E+00
  8.5237E+00  8.1720E+00  5.5545E+00
  8.6269E+00  8.3409E+00  5.6964E+00
  8.7674E+00  8.4777E+00  5.8384E+00
  8.7398E+00  8.6140E+00  5.7690E+00
  8.7345E+00  8.7363E+00  5.5709E+00
  8.7376E+00  8.8778E+00  5.2522E+00
  8.8465E+00  9.0537E+00  5.2785E+00
  8.7844E+00  9.0112E+00  5.2883E+00
  8.5945E+00  8.8680E+00  5.0281E+00
  8.6519E+00  9.0444E+00  4.9728E+00
  8.6622E+00  9.0869E+00  5.0327E+00
  8.6110E+00  8.8526E+00  4.9851E+00
  8.5999E+00  8.6820E+00  4.8976E+00
  8.7808E+00  8.7389E+00  5.1162E+00
  8.8818E+00  8.7019E+00  5.2082E+00
  8.9046E+00  8.7260E+00  5.0872E+00
  9.0746E+00  8.7022E+00  5.2695E+00
  9.1989E+00  8.6948E+00  5.7499E+00
  9.2119E+00  8.6985E+00  5.8771E+00
  9.3244E+00  8.7730E+00  5.7738E+00
  9.5823E+00  8.9292E+00  5.8690E+00
  9.5448E+00  8.9897E+00  5.9486E+00
  9.5562E+00  9.0502E+00  5.8630E+00
  9.7180E+00  9.1282E+00  5.8814E+00
  9.5638E+00  9.2334E+00  5.8289E+00
  9.4633E+00  9.2326E+00  5.8490E+00
  9.5782E+00  9.1338E+00  5.8159E+00
  9.5103E+00  9.1260E+00  5.5219E+00
  9.2169E+00  9.1658E+00  5.3256E+00
  9.3059E+00  9.2723E+00  5.2684E+00
  9.2518E+00  9.3210E+00  4.9959E+00
  9.0898E+00  9.1114E+00  4.8347E+00
  9.2621E+00  8.9723E+00  4.8443E+00
  9.2219E+00  8.7302E+00  4.7969E+00
  9.1813E+00  8.5026E+00  4.5698E+00
  9.4285E+00  8.3595E+00  4.2981E+00
  9.4888E+00  8.1740E+00  4.4809E+00
  9.5719E+00  8.0892E+00  4.6374E+00
  9.7817E+00  8.0546E+00  4.5731E+00
  9.8303E+00  7.8682E+00  4.6959E+00
  9.8275E+00  7.8066E+00  4.9006E+00
  9.8899E+00  7.9005E+00  5.0198E+00
  9.8595E+00  7.8425E+00  5.1362E+00
  9.6672E+00  7.6825E+00  5.1056E+00
  9.4594E+00  7.7144E+00  5.0527E+00
  9.3168E+00  7.9336E+00  5.0345E+00
  9.0986E+00  8.1459E+00  4.7764E+00
  8.8096E+00  8.1990E+00  4.5190E+00
  8.5085E+00  8.2930E+00  4.3181E+00
  8.1616E+00  8.4616E+00  4.0996E+00
  7.8281E+00  8.5938E+00  4.0995E+00
  7.6935E+00  8.6707E+00  3.9459E+00
