  8.7577E+00  2.9635E+00  6.5716E-02
  8.9321E+00  2.8931E+00  8.8253E-02
  9.0264E+00  2.8246E+00  2.8232E-01
  9.0031E+00  2.8598E+00  4.1006E-01
  9.0600E+00  2.8774E+00  4.1014E-01
  9.1705E+00  3.0503E+00  4.2001E-01
  9.2012E+00  3.1487E+00  3.4172E-01
  9.2064E+00  3.2067E+00  3.2280E-01
  9.1935E+00  3.4551E+00  2.8328E-01
  9.1999E+00  3.7074E+00  2.1279E-01
  9.1681E+00  3.6117E+00  2.2097E-01
  8.9402E+00  3.6656E+00  2.5056E-01
  8.7968E+00  3.8083E+00  3.0809E-01
  8.7068E+00  3.9063E+00  3.4952E-01
  8.4859E+00  4.0063E+00  4.0272E-01
  8.5251E+00  4.0906E+00  5.2041E-01
  8.4876E+00  4.1662E+00  6.2924E-01
  8.4952E+00  4.0863E+00  6.0963E-01
  8.5179E+00  3.9534E+00  4.4078E-01
  8.6067E+00  3.9514E+00  3.7916E-01
  8.7480E+00  4.0217E+00  3.5923E-01
  8.8645E+00  4.0255E+00  1.9812E-01
  8.9566E+00  4.0024E+00 -6.8265E-02
  8.8710E+00  4.0251E+00 -4.0136E-01
  8.8642E+00  4.0020E+00 -7.1544E-01
  8.8860E+00  4.1408E+00 -9.5943E-01
  8.8255E+00  4.4275E+00 -1.1556E+00
  8.8438E+00  4.3826E+00 -1.2937E+00
  8.8654E+00  4.3435E+00 -1.5596E+00
  9.0272E+00  4.4478E+00 -1.6986E+00
  9.0475E+00  4.5225E+00 -1.6814E+00
  8.9685E+00  4.5817E+00 -1.7539E+00
  8.8579E+00  4.7708E+00 -1.7291E+00
  8.7500E+00  4.9919E+00 -1.6232E+00
  8.5682E+00  5.1204E+00 -1.5275E+00
  8.3407E+00  5.2858E+00 -1.5156E+00
  8.2783E+00  5.4085E+00 -1.5813E+00
  8.2791E+00  5.5013E+00 -1.6363E+00
  8.2251E+00  5.5611E+00 -1.7507E+00
  8.2373E+00  5.5955E+00 -1.8793E+00
  8.2685E+00  5.6022E+00 -1.9675E+00
  8.1182E+00  5.6759E+00 -1.9382E+00
  7.9524E+00  5.6917E+00 -1.9327E+00
  7.9537E+00  5.6887E+00 -1.9946E+00
  7.9233E+00  5.6696E+00 -1.9273E+00
  7.9297E+00  5.6203E+00 -1.8252E+00
  7.9425E+00  5.6103E+00 -1.7721E+00
  7.8985E+00  5.5539E+00 -1.7366E+00
  7.9845E+00  5.3694E+00 -1.8825E+00
  8.1624E+00  5.3245E+00 -2.0210E+00
  8.2063E+00  5.1622E+00 -2.0656E+00
  8.1240E+00  5.0197E+00 -2.1351E+00
  8.2264E+00  4.9692E+00 -2.4077E+00
  8.3997E+00  4.6358E+00 -2.5809E+00
  8.4848E+00  4.1963E+00 -2.6806E+00
  8.7040E+00  3.9393E+00 -2.7824E+00
  8.7754E+00  3.6326E+00 -2.9570E+00
  9.0138E+00  3.3922E+00 -2.9629E+00
  9.1849E+00  3.3972E+00 -2.7156E+00
  9.1412E+00  3.5714E+00 -2.4620E+00
  9.1436E+00  3.4566E+00 -2.4787E+00
  9.1624E+00  3.3546E+00 -2.4438E+00
  8.9506E+00  3.4486E+00 -2.2736E+00
  8.7159E+00  3.4784E+00 -2.1072E+00
  8.6090E+00  3.6213E+00 -1.9786E+00
  8.3445E+00  3.6174E+00 -1.9456E+00
  8.1366E+00  3.5439E+00 -1.9195E+00
  7.9566E+00  3.4267E+00 -1.8356E+00
  7.7178E+00  3.3652E+00 -1.7473E+00
  7.7046E+00  3.4305E+00 -1.6975E+00
  7.7763E+00  3.4915E+00 -1.7728E+00
  7.9243E+00  3.5164E+00 -1.7803E+00
  7.9911E+00  3.4868E+00 -1.7538E+00
  8.0565E+00  3.3100E+00 -1.6345E+00
  8.1843E+00  3.3527E+00 -1.5105E+00
  8.2984E+00  3.4802E+00 -1.5098E+00
  8.4596E+00  3.3375E+00 -1.5131E+00
  8.5795E+00  3.1844E+00 -1.4995E+00
  8.5380E+00  2.9284E+00 -1.5536E+00
  8.5258E+00  2.7185E+00 -1.6083E+00
  8.7077E+00  2.7460E+00 -1.6504E+00
  8.9840E+00  2.9015E+00 -1.7177E+00
  9.1563E+00  2.7122E+00 -1.8331E+00
  9.3625E+00  2.5341E+00 -1.8984E+00
  9.5597E+00  2.4068E+00 -2.0419E+00
  9.7805E+00  2.3894E+00 -2.1489E+00
  1.0049E+01  2.5010E+00 -2.1079E+00
  1.0168E+01  2.8077E+00 -1.9799E+00
  1.0205E+01  3.1922E+00 -1.8327E+00
  1.0277E+01  3.4771E+00 -1.7871E+00
  1.0290E+01  3.7516E+00 -1.7527E+00
  1.0289E+01  3.9450E+00 -1.7620E+00
  1.0466E+01  4.0407E+00 -1.7581E+00
  1.0598E+01  3.8981E+00 -1.7668E+00
  1.0711E+01  3.7741E+00 -1.6948E+00
  1.0842E+01  3.7604E+00 -1.5997E+00
  1.0751E+01  3.7989E+00 -1.5768E+00
  1.0762E+01  3.7313E+00 -1.5615E+00
  1.0850E+01  3.5498E+00 -1.7016E+00
  1.0701E+01  3.5516E+00 -1.8123E+00
  1.0574E+01  3.7561E+00 -1.7004E+00
  1.0349E+01  3.9520E+00 -1.4886E+00
  1.0221E+01  3.9241E+00 -1.5956E+00
  1.0325E+01  3.8692E+00 -1.7540E+00
  1.0440E+01  3.9144E+00 -1.7020E+00
  1.0362E+01  4.0693E+00 -1.6339E+00
  1.0395E+01  4.2413E+00 -1.5701E+00
  1.0634E+01  4.0225E+00 -1.6473E+00
  1.0663E+01  3.9567E+00 -1.6433E+00
  1.0628E+01  4.2199E+00 -1.6353E+00
  1.0627E+01  4.2387E+00 -1.5483E+00
  1.0443E+01  4.3241E+00 -1.4332E+00
  1.0276E+01  4.5601E+00 -1.3759E+00
  1.0312E+01  4.7064E+00 -1.3950E+00
  1.0337E+01  4.6263E+00 -1.4550E+00
  1.0420E+01  4.5626E+00 -1.5021E+00
  1.0518E+01  4.5787E+00 -1.4858E+00
  1.0468E+01  4.6295E+00 -1.3636E+00
  1.0375E+01  4.6856E+00 -1.1916E+00
  1.0294E+01  4.6759E+00 -9.9901E-01
  1.0231E+01  4.6240E+00 -8.7244E-01
  1.0268E+01  4.5776E+00 -8.1618E-01
  1.0319E+01  4.5455E+00 -8.1756E-01
  1.0251E+01  4.4434E+00 -8.3778E-01
  1.0146E+01  4.3630E+00 -9.0370E-01
  1.0101E+01  4.5170E+00 -1.0692E+00
  1.0103E+01  4.5864E+00 -1.2304E+00
  1.0083E+01  4.4532E+00 -1.4973E+00
  1.0173E+01  4.3825E+00 -1.6582E+00
  1.0193E+01  4.4323E+00 -1.7564E+00
  1.0317E+01  4.4398E+00 -1.8976E+00
  1.0456E+01  4.4059E+00 -1.9789E+00
  1.0479E+01  4.2268E+00 -2.1389E+00
  1.0699E+01  4.1328E+00 -2.1487E+00
  1.0794E+01  3.9689E+00 -2.2799E+00
  1.0852E+01  3.8131E+00 -2.3978E+00
  1.0951E+01  3.6748E+00 -2.4672E+00
  1.0907E+01  3.6629E+00 -2.5266E+00
  1.0910E+01  3.6220E+00 -2.5504E+00
  1.0750E+01  3.7052E+00 -2.5998E+00
  1.0642E+01  3.8925E+00 -2.5295E+00
  1.0545E+01  3.9670E+00 -2.6016E+00
  1.0379E+01  4.1400E+00 -2.7117E+00
  1.0312E+01  4.3760E+00 -2.7256E+00
  1.0190E+01  4.2559E+00 -2.8840E+00
  1.0125E+01  4.2536E+00 -2.9448E+00
  1.0095E+01  4.4114E+00 -2.9497E+00
  1.0080E+01  4.3965E+00 -3.0708E+00
  1.0212E+01  4.4410E+00 -3.1378E+00
  1.0248E+01  4.3828E+00 -3.3052E+00
  1.0366E+01  4.3640E+00 -3.3707E+00
  1.0551E+01  4.4275E+00 -3.2836E+00
  1.0592E+01  4.2798E+00 -3.4849E+00
  1.0693E+01  4.2784E+00 -3.6081E+00
  1.0739E+01  4.4035E+00 -3.5171E+00
  1.0741E+01  4.4466E+00 -3.4946E+00
  1.0751E+01  4.5174E+00 -3.5004E+00
  1.0677E+01  4.6643E+00 -3.3862E+00
  1.0556E+01  4.6888E+00 -3.3360E+00
  1.0631E+01  4.7237E+00 -3.2161E+00
  1.0620E+01  4.6952E+00 -3.2760E+00
  1.0643E+01  4.7455E+00 -3.3052E+00
  1.0749E+01  4.7675E+00 -3.1850E+00
  1.0824E+01  4.6210E+00 -3.2604E+00
  1.0996E+01  4.5932E+00 -3.1770E+00
  1.1099E+01  4.5713E+00 -3.1776E+00
  1.1091E+01  4.4894E+00 -3.1431E+00
  1.1158E+01  4.5244E+00 -2.8769E+00
  1.1126E+01  4.4783E+00 -2.8218E+00
  1.1238E+01  4.5620E+00 -2.7400E+00
  1.1277E+01  4.6033E+00 -2.6643E+00
  1.1154E+01  4.5009E+00 -2.5840E+00
  1.1156E+01  4.5539E+00 -2.4988E+00
  1.1059E+01  4.4087E+00 -2.4676E+00
  1.0960E+01  4.2939E+00 -2.3595E+00
  1.0820E+01  4.2947E+00 -2.2476E+00
  1.0666E+01  4.2100E+00 -2.0972E+00
  1.0515E+01  4.2415E+00 -1.9542E+00
  1.0343E+01  4.1580E+00 -1.7444E+00
  1.0159E+01  4.1530E+00 -1.4924E+00
  1.0146E+01  4.2368E+00 -1.3058E+00
  9.9714E+00  4.0226E+00 -1.2219E+00
  9.9392E+00  3.8158E+00 -1.2148E+00
  1.0121E+01  3.6550E+00 -1.2903E+00
  1.0091E+01  3.3371E+00 -1.3516E+00
  1.0044E+01  3.1795E+00 -1.4969E+00
  1.0034E+01  3.2861E+00 -1.7300E+00
  9.8984E+00  3.4237E+00 -1.9994E+00
  9.7978E+00  3.5299E+00 -2.3181E+00
  9.7633E+00  3.9032E+00 -2.5049E+00
  9.6649E+00  4.5012E+00 -2.6198E+00
  9.4641E+00  4.9643E+00 -2.7545E+00
  9.4951E+00  5.3467E+00 -2.7961E+00
  9.5039E+00  5.6754E+00 -2.8346E+00
  9.6296E+00  5.8036E+00 -3.0450E+00
  9.7802E+00  5.9781E+00 -3.2607E+00
  9.8589E+00  6.1157E+00 -3.3775E+00
  9.9528E+00  6.2775E+00 -3.4782E+00
  1.0111E+01  6.3897E+00 -3.6653E+00
  1.0197E+01  6.4886E+00 -3.7530E+00
  1.0155E+01  6.6686E+00 -3.6389E+00
  1.0071E+01  6.7630E+00 -3.6416E+00
  1.0014E+01  6.8685E+00 -3.6503E+00
  9.9126E+00  6.9924E+00 -3.4719E+00
  1.0007E+01  7.0849E+00 -3.3558E+00
  1.0121E+01  7.2098E+00 -3.2332E+00
  1.0105E+01  7.5227E+00 -3.0978E+00
  9.9300E+00  7.7935E+00 -3.0088E+00
  9.9106E+00  8.0515E+00 -2.9333E+00
  9.8256E+00  8.2410E+00 -2.8547E+00
  9.6055E+00  8.3452E+00 -2.7712E+00
  9.3841E+00  8.2868E+00 -2.7737E+00
  9.2381E+00  8.2587E+00 -2.9309E+00
  9.3468E+00  8.2366E+00 -3.1404E+00
  9.5133E+00  8.2407E+00 -3.3173E+00
  9.6224E+00  8.2160E+00 -3.3419E+00
  9.5375E+00  8.1896E+00 -3.3405E+00
  9.4806E+00  8.0579E+00 -3.2215E+00
  9.6462E+00  7.9785E+00 -3.0559E+00
  9.6311E+00  7.9184E+00 -2.9024E+00
  9.4737E+00  7.7304E+00 -2.9074E+00
  9.4131E+00  7.9275E+00 -2.9049E+00
  9.4811E+00  7.9830E+00 -2.9581E+00
  9.5437E+00  7.9871E+00 -3.0018E+00
  9.5615E+00  8.1690E+00 -2.8971E+00
  9.4267E+00  8.2971E+00 -2.9038E+00
  9.3123E+00  8.1871E+00 -2.9331E+00
  9.4945E+00  8.2264E+00 -2.8354E+00
  9.5429E+00  8.2698E+00 -2.8571E+00
  9.5545E+00  8.2147E+00 -2.9011E+00
  9.8114E+00  8.1671E+00 -2.9279E+00
  1.0034E+01  8.0237E+00 -2.8948E+00
  1.0097E+01  8.1289E+00 -2.8237E+00
  9.8940E+00  8.3279E+00 -2.8633E+00
  9.8268E+00  8.2577E+00 -2.8281E+00
  9.8797E+00  8.1783E+00 -2.5931E+00
  9.5929E+00  8.1943E+00 -2.5449E+00
  9.3903E+00  8.2210E+00 -2.5970E+00
  9.5235E+00  8.0909E+00 -2.5893E+00
  9.4943E+00  7.9615E+00 -2.6888E+00
  9.3608E+00  8.2152E+00 -2.7381E+00
  9.3175E+00  8.3376E+00 -2.7564E+00
  9.3107E+00  8.1598E+00 -2.7462E+00
  9.5279E+00  8.1871E+00 -2.6540E+00
  9.4450E+00  8.3383E+00 -2.7319E+00
  9.5513E+00  8.3479E+00 -2.7479E+00
  9.8324E+00  8.4432E+00 -2.7125E+00
  9.9532E+00  8.4859E+00 -2.6762E+00
  9.8724E+00  8.3076E+00 -2.7060E+00
  9.5520E+00  8.2760E+00 -2.9017E+00
  9.5728E+00  8.2240E+00 -2.9062E+00
  9.7395E+00  7.9957E+00 -2.8466E+00
  9.7429E+00  8.1814E+00 -2.8513E+00
  9.6899E+00  8.2007E+00 -2.8756E+00
  9.6555E+00  8.1621E+00 -2.7802E+00
  9.6292E+00  8.1993E+00 -2.8371E+00
  9.5222E+00  8.0685E+00 -2.9387E+00
  9.4307E+00  8.1260E+00 -3.0066E+00
  9.6468E+00  8.2119E+00 -3.0268E+00
  9.6955E+00  8.2417E+00 -2.9711E+00
  9.7520E+00  8.3951E+00 -2.7130E+00
  9.8205E+00  8.5004E+00 -2.3758E+00
  9.8915E+00  8.4637E+00 -2.2207E+00
  9.9797E+00  8.5213E+00 -2.2459E+00
  1.0033E+01  8.4582E+00 -2.1613E+00
  1.0077E+01  8.4027E+00 -2.0348E+00
  1.0097E+01  8.3931E+00 -2.1468E+00
  1.0138E+01  8.4701E+00 -2.5204E+00
  1.0209E+01  8.4529E+00 -2.8011E+00
  1.0257E+01  8.3262E+00 -2.8927E+00
  1.0352E+01  8.2088E+00 -2.9318E+00
  1.0328E+01  8.2466E+00 -3.0388E+00
  1.0338E+01  8.1139E+00 -3.1095E+00
  1.0318E+01  8.0555E+00 -3.1269E+00
  1.0250E+01  8.0429E+00 -3.2472E+00
  1.0071E+01  8.0723E+00 -3.2609E+00
  9.7847E+00  8.1014E+00 -3.0491E+00
  9.4731E+00  8.0941E+00 -2.8406E+00
  9.5346E+00  8.3339E+00 -2.6282E+00
  9.4638E+00  8.3556E+00 -2.5497E+00
  9.2710E+00  8.3787E+00 -2.5405E+00
  9.1907E+00  8.4264E+00 -2.5245E+00
  9.2468E+00  8.3788E+00 -2.5147E+00
  9.4025E+00  8.2024E+00 -2.5683E+00
  9.5569E+00  8.2109E+00 -2.7131E+00
  9.7440E+00  8.1796E+00 -2.7686E+00
  9.8892E+00  8.0936E+00 -2.6710E+00
  9.9596E+00  7.9335E+00 -2.5495E+00
  9.9701E+00  8.0445E+00 -2.6214E+00
  1.0027E+01  8.1273E+00 -2.5580E+00
  9.8749E+00  8.0137E+00 -2.3883E+00
  9.6419E+00  7.9712E+00 -2.3284E+00
  9.4859E+00  8.1465E+00 -2.2765E+00
  9.3818E+00  8.0860E+00 -2.1672E+00
  9.2241E+00  7.9885E+00 -2.0651E+00
  8.9812E+00  8.0183E+00 -1.8970E+00
  8.8784E+00  7.8994E+00 -1.7460E+00
  8.9249E+00  7.8279E+00 -1.7209E+00
  8.9880E+00  7.8906E+00 -1.5868E+00
  8.9458E+00  7.7320E+00 -1.5830E+00
  8.8428E+00  7.6874E+00 -1.6303E+00
  8.9680E+00  7.8774E+00 -1.6069E+00
  9.0754E+00  7.9750E+00 -1.7824E+00
  9.1305E+00  8.2588E+00 -1.9703E+00
  9.2902E+00  8.3996E+00 -2.3216E+00
  9.5127E+00  8.4902E+00 -2.6301E+00
  9.7407E+00  8.6494E+00 -2.6950E+00
  9.6750E+00  8.7856E+00 -2.7629E+00
  9.5589E+00  8.7877E+00 -2.7622E+00
  9.3104E+00  8.9110E+00 -2.4535E+00
  8.9786E+00  8.9112E+00 -2.2738E+00
  8.9736E+00  8.6637E+00 -2.2202E+00
  8.9502E+00  8.7546E+00 -2.2071E+00
  8.8350E+00  8.7658E+00 -2.4742E+00
  8.9737E+00  8.8874E+00 -2.4656E+00
  9.1555E+00  8.8892E+00 -2.4333E+00
  9.1728E+00  8.8148E+00 -2.6274E+00
  9.0033E+00  8.8515E+00 -2.7752E+00
  9.0074E+00  8.9239E+00 -2.5013E+00
  9.0978E+00  8.7341E+00 -2.4815E+00
  8.8818E+00  8.6794E+00 -2.5235E+00
  8.7987E+00  8.7315E+00 -2.4793E+00
  8.9091E+00  8.6056E+00 -2.6230E+00
  8.8154E+00  8.6476E+00 -2.7595E+00
  8.6515E+00  8.8291E+00 -2.8194E+00
  8.6300E+00  8.8082E+00 -3.1434E+00
  8.7612E+00  8.7190E+00 -3.4358E+00
  8.4661E+00  8.9238E+00 -3.5479E+00
  8.1689E+00  8.8246E+00 -3.7315E+00
  8.0518E+00  8.5922E+00 -3.9254E+00
  8.0565E+00  8.5882E+00 -4.0525E+00
  7.8187E+00  8.7178E+00 -4.1093E+00
  7.6989E+00  8.5561E+00 -4.3408E+00
  7.5493E+00  8.3592E+00 -4.4760E+00
  7.4565E+00  8.4174E+00 -4.5663E+00
  7.5297E+00  8.3527E+00 -4.7771E+00
  7.5993E+00  8.2813E+00 -4.9075E+00
  7.5459E+00  8.1028E+00 -4.9458E+00
  7.5125E+00  7.8647E+00 -4.9113E+00
  7.4247E+00  7.7893E+00 -4.7221E+00
  7.4590E+00  7.7478E+00 -4.4773E+00
  7.4933E+00  7.7955E+00 -4.2864E+00
  7.6518E+00  7.9455E+00 -4.2496E+00
  7.8637E+00  7.9548E+00 -4.2829E+00
  7.8460E+00  8.0246E+00 -4.3764E+00
  7.7845E+00  8.0437E+00 -4.5024E+00
  7.8490E+00  8.0327E+00 -4.6571E+00
  7.8175E+00  8.1184E+00 -4.6397E+00
  7.6694E+00  7.9842E+00 -4.5147E+00
  7.5370E+00  7.8890E+00 -4.2582E+00
  7.5788E+00  8.1000E+00 -3.9888E+00
  7.8787E+00  8.1960E+00 -3.8546E+00
  7.9606E+00  8.5575E+00 -3.6967E+00
  7.9840E+00  8.9868E+00 -3.5033E+00
  8.1971E+00  8.9847E+00 -3.3054E+00
  8.3712E+00  8.9870E+00 -3.0549E+00
  8.4213E+00  9.1376E+00 -2.6689E+00
  8.4685E+00  9.0095E+00 -2.5159E+00
  8.3452E+00  8.9742E+00 -2.7026E+00
  8.0856E+00  8.9640E+00 -2.8803E+00
  7.8678E+00  8.9232E+00 -3.0596E+00
  8.0146E+00  8.8327E+00 -3.3567E+00
  8.1036E+00  8.6709E+00 -3.7015E+00
  8.1751E+00  8.6174E+00 -3.9890E+00
  8.2927E+00  8.7710E+00 -4.2106E+00
  8.2376E+00  8.9100E+00 -4.2748E+00
  8.1217E+00  8.9542E+00 -4.2112E+00
  7.9339E+00  8.7713E+00 -4.0661E+00
  7.6767E+00  8.4757E+00 -3.9234E+00
  7.5127E+00  8.3835E+00 -3.8193E+00
  7.3550E+00  8.5307E+00 -3.6423E+00
  7.3588E+00  8.5710E+00 -3.7263E+00
  7.2894E+00  8.6446E+00 -3.8959E+00
  7.1372E+00  8.8386E+00 -4.0364E+00
  7.3579E+00  9.0301E+00 -4.2233E+00
  7.7788E+00  9.1586E+00 -4.3078E+00
  8.1578E+00  9.3596E+00 -4.3863E+00
  8.5820E+00  9.6042E+00 -4.4200E+00
  9.0271E+00  9.7716E+00 -4.2804E+00
  9.2589E+00  9.8532E+00 -3.9549E+00
  9.2755E+00  1.0071E+01 -3.5089E+00
  9.4696E+00  1.0250E+01 -3.0732E+00
  9.6213E+00  1.0232E+01 -2.7761E+00
  9.6559E+00  1.0252E+01 -2.5318E+00
  9.7963E+00  1.0161E+01 -2.3569E+00
  9.7619E+00  9.9377E+00 -2.2009E+00
  9.8531E+00  9.8018E+00 -2.1229E+00
  1.0109E+01  9.6762E+00 -2.0560E+00
  1.0217E+01  9.4591E+00 -2.0072E+00
  1.0180E+01  9.2560E+00 -1.8648E+00
  1.0345E+01  9.1377E+00 -1.7386E+00
  1.0532E+01  9.0129E+00 -2.1633E+00
  1.0696E+01  9.0006E+00 -2.7006E+00
  1.0811E+01  9.0096E+00 -3.0289E+00
  1.0769E+01  8.9932E+00 -3.2719E+00
  1.0620E+01  9.0998E+00 -3.4577E+00
  1.0588E+01  8.9527E+00 -3.7422E+00
  1.0725E+01  8.8862E+00 -3.9175E+00
  1.0718E+01  8.7841E+00 -3.9149E+00
  1.0560E+01  8.6218E+00 -3.9039E+00
