  8.8135E+00  5.8558E+00 -5.6196E-02
  8.7207E+00  5.9842E+00 -2.6411E-01
  8.5676E+00  5.8470E+00 -3.8437E-01
  8.3574E+00  5.7107E+00 -4.0120E-01
  8.3092E+00  5.6235E+00 -5.5679E-01
  8.3273E+00  5.5225E+00 -5.0680E-01
  8.3980E+00  5.6169E+00 -4.6794E-01
  8.4220E+00  5.9588E+00 -3.5322E-01
  8.4991E+00  6.2227E+00 -1.4285E-01
  8.6689E+00  6.2328E+00  1.0328E-01
  8.7966E+00  6.4708E+00  3.0048E-01
  8.8707E+00  6.5180E+00  4.9696E-01
  8.8301E+00  6.5276E+00  6.6006E-01
  8.8661E+00  6.6253E+00  7.9850E-01
  8.8627E+00  6.7440E+00  8.7375E-01
  8.8055E+00  6.8433E+00  8.6945E-01
  8.7278E+00  6.8861E+00  8.2163E-01
  8.6449E+00  6.8715E+00  8.1419E-01
  8.4925E+00  6.7971E+00  8.4013E-01
  8.4132E+00  6.6935E+00  8.4888E-01
  8.3059E+00  6.6835E+00  7.8104E-01
  8.0417E+00  6.5961E+00  7.2869E-01
  7.8055E+00  6.4936E+00  6.1848E-01
  8.0368E+00  6.3984E+00  5.9721E-01
  8.3443E+00  6.6962E+00  5.2493E-01
  8.2826E+00  6.8848E+00  1.7863E-01
  8.7472E+00  6.9164E+00 -2.0099E-01
  8.8738E+00  7.3034E+00 -5.8982E-01
  8.5435E+00  7.7942E+00 -7.0769E-01
  8.1220E+00  8.2406E+00 -4.6982E-01
  8.0825E+00  8.5250E+00 -5.5110E-01
  8.1928E+00  8.7574E+00 -6.3936E-01
  8.2570E+00  9.0944E+00 -5.2518E-01
  8.2034E+00  9.1848E+00 -3.3920E-01
  8.2396E+00  9.0946E+00 -1.4955E-01
  8.3658E+00  9.0511E+00 -1.7072E-01
  8.4404E+00  9.0228E+00 -1.0804E-01
  8.5394E+00  9.3192E+00  1.9180E-02
  8.4656E+00  9.4214E+00  1.5340E-01
  8.3610E+00  9.4762E+00  1.3333E-01
  8.2937E+00  9.3406E+00  9.8515E-02
  8.2868E+00  9.2890E+00  2.0862E-01
  8.3199E+00  9.3031E+00  4.5391E-01
  8.4985E+00  9.1802E+00  3.8417E-01
  8.7136E+00  8.9297E+00  3.1958E-01
  8.9854E+00  8.7722E+00  2.7988E-01
  9.2827E+00  8.6111E+00  1.6028E-01
  9.3720E+00  8.6548E+00  1.8563E-01
  9.4453E+00  8.6493E+00  1.9181E-01
  9.4593E+00  8.5294E+00  1.1572E-01
  9.2942E+00  8.5161E+00  2.1173E-01
  9.1512E+00  8.4870E+00  2.5667E-01
  9.1876E+00  8.3860E+00  2.1774E-01
  9.2526E+00  8.4143E+00  4.4780E-01
  9.4892E+00  8.6165E+00  5.9140E-01
  9.7313E+00  8.6427E+00  5.6608E-01
  9.5032E+00  8.5435E+00  5.1067E-01
  9.1444E+00  8.3507E+00  3.7312E-01
  8.9896E+00  8.0751E+00  1.9511E-01
  9.0234E+00  8.0467E+00 -7.2486E-02
  8.9279E+00  8.2263E+00  6.2572E-02
  8.8258E+00  8.3397E+00  3.4014E-01
  8.7801E+00  8.4306E+00  4.6076E-01
  8.7560E+00  8.3632E+00  4.2818E-01
  8.7641E+00  8.2107E+00  3.1598E-01
  8.7038E+00  8.1453E+00  2.6596E-01
  8.7295E+00  8.1210E+00  2.1540E-01
  8.6572E+00  8.0569E+00  3.7342E-01
  8.6128E+00  8.0122E+00  5.0012E-01
  8.5505E+00  8.0749E+00  5.7105E-01
  8.5026E+00  8.1750E+00  4.6805E-01
  8.4935E+00  7.9747E+00  2.7334E-01
  8.4298E+00  8.1778E+00  4.0441E-01
  8.4169E+00  8.3917E+00  5.7895E-01
  8.4991E+00  8.2548E+00  7.2843E-01
  8.5196E+00  7.9555E+00  6.8736E-01
  8.2876E+00  7.8262E+00  7.7424E-01
  8.1847E+00  7.6724E+00  6.9229E-01
  8.2139E+00  7.4659E+00  5.1763E-01
  8.3141E+00  7.1967E+00  5.3638E-01
  8.4516E+00  7.4310E+00  7.0881E-01
  8.5375E+00  7.4257E+00  7.5755E-01
  8.6731E+00  7.2652E+00  6.3639E-01
  8.7041E+00  7.4578E+00  5.2413E-01
  8.6384E+00  7.5853E+00  5.3420E-01
  8.5183E+00  7.6337E+00  7.0908E-01
  8.6419E+00  7.6400E+00  8.3381E-01
  8.7250E+00  7.5774E+00  9.9208E-01
  8.7121E+00  7.4576E+00  1.1173E+00
  8.5270E+00  7.4540E+00  1.3137E+00
  8.1948E+00  7.5252E+00  1.5470E+00
  8.1368E+00  7.7517E+00  1.5265E+00
  8.1345E+00  7.8461E+00  1.3875E+00
  8.0503E+00  7.9029E+00  1.3427E+00
  8.1602E+00  7.9474E+00  1.3798E+00
  8.4754E+00  7.8580E+00  1.3863E+00
  8.5613E+00  7.5496E+00  1.3623E+00
  8.4224E+00  7.5175E+00  1.4728E+00
  8.2829E+00  7.5895E+00  1.5938E+00
  8.2851E+00  7.7115E+00  1.5639E+00
  8.1763E+00  7.7285E+00  1.3888E+00
  8.1818E+00  7.6804E+00  1.2612E+00
  8.3260E+00  7.8509E+00  1.2263E+00
  8.2854E+00  7.8957E+00  1.1974E+00
  8.1090E+00  7.9718E+00  1.2751E+00
  7.9690E+00  8.0727E+00  1.4711E+00
  8.1150E+00  8.1040E+00  1.5571E+00
  8.2337E+00  8.0615E+00  1.5583E+00
  8.2503E+00  7.9663E+00  1.7529E+00
  8.0996E+00  7.8954E+00  1.9311E+00
  8.0653E+00  7.8113E+00  1.8546E+00
  8.0955E+00  7.9527E+00  1.9879E+00
  8.0789E+00  8.1760E+00  1.9925E+00
  7.9051E+00  8.2807E+00  1.8791E+00
  7.5995E+00  8.2038E+00  2.0175E+00
  7.6837E+00  8.2614E+00  1.9627E+00
  7.7473E+00  8.4205E+00  1.8683E+00
  7.6766E+00  8.5597E+00  1.7886E+00
  7.4778E+00  8.4970E+00  1.6261E+00
  7.3250E+00  8.4133E+00  1.4492E+00
  7.3696E+00  8.4513E+00  1.4077E+00
  7.3385E+00  8.4582E+00  1.4936E+00
  7.3580E+00  8.5625E+00  1.5113E+00
  7.3997E+00  8.5920E+00  1.4879E+00
  7.4983E+00  8.6454E+00  1.4943E+00
  7.5685E+00  8.7050E+00  1.6053E+00
  7.7462E+00  8.6262E+00  1.6119E+00
  7.7482E+00  8.4478E+00  1.8680E+00
  8.0036E+00  8.2992E+00  2.0329E+00
  8.2810E+00  8.3045E+00  2.0867E+00
  8.4929E+00  8.1798E+00  2.1141E+00
  8.6683E+00  8.0898E+00  2.1181E+00
  8.6611E+00  8.1254E+00  2.1995E+00
  8.7496E+00  8.1188E+00  2.3372E+00
  9.0649E+00  8.1540E+00  2.3171E+00
  9.1632E+00  8.3556E+00  2.1412E+00
  9.0769E+00  8.6290E+00  2.1206E+00
  9.2200E+00  8.7054E+00  2.0312E+00
  9.2142E+00  8.6419E+00  1.7704E+00
  9.0857E+00  8.6321E+00  1.7252E+00
  8.8937E+00  8.4977E+00  1.9437E+00
  8.8135E+00  8.7080E+00  2.1041E+00
  8.7527E+00  8.7508E+00  2.3399E+00
  8.6883E+00  8.5992E+00  2.4351E+00
  8.5111E+00  8.6075E+00  2.5070E+00
  8.4720E+00  8.6659E+00  2.6348E+00
  8.4874E+00  8.7837E+00  2.6993E+00
  8.4704E+00  9.1063E+00  2.6842E+00
  8.2377E+00  9.1450E+00  2.7601E+00
  8.0720E+00  9.1771E+00  2.6061E+00
  8.1211E+00  9.5050E+00  2.4016E+00
  7.9968E+00  9.6191E+00  2.4068E+00
  7.9675E+00  9.3383E+00  2.2936E+00
  8.2477E+00  9.2273E+00  2.1459E+00
  8.2740E+00  9.0360E+00  2.1773E+00
  8.1934E+00  8.9403E+00  2.1804E+00
  8.1013E+00  8.8369E+00  2.0308E+00
  7.8291E+00  8.7064E+00  2.0229E+00
  7.4304E+00  8.6286E+00  1.9817E+00
  7.2046E+00  8.6343E+00  2.0773E+00
  7.1318E+00  8.7199E+00  2.1080E+00
  7.1183E+00  8.5255E+00  1.7803E+00
  7.0001E+00  8.5376E+00  1.6633E+00
  6.7820E+00  8.8026E+00  1.7419E+00
  6.7900E+00  8.7144E+00  1.6903E+00
  7.0684E+00  8.5854E+00  1.5301E+00
  7.3335E+00  8.4666E+00  1.4386E+00
  7.4226E+00  8.3846E+00  1.5570E+00
  7.5407E+00  8.2852E+00  1.4178E+00
  7.5679E+00  8.3654E+00  1.3006E+00
  7.3940E+00  8.4422E+00  1.3551E+00
  7.2728E+00  8.3753E+00  1.2731E+00
  7.2856E+00  8.4358E+00  1.3740E+00
  7.2315E+00  8.6503E+00  1.7524E+00
  7.2345E+00  8.6302E+00  1.8730E+00
  7.3657E+00  8.7153E+00  1.7555E+00
  7.3355E+00  8.7223E+00  1.8472E+00
  7.5455E+00  8.7119E+00  1.9172E+00
  7.8153E+00  8.9069E+00  1.7801E+00
  7.8724E+00  8.9186E+00  1.5769E+00
  7.7766E+00  8.7272E+00  1.4030E+00
  8.0397E+00  8.7892E+00  1.1283E+00
  8.0800E+00  8.6558E+00  1.2863E+00
  8.0641E+00  8.5849E+00  1.2173E+00
  8.1283E+00  8.7189E+00  9.3320E-01
  7.9834E+00  8.9134E+00  9.6782E-01
  7.7032E+00  8.8202E+00  1.1412E+00
  7.6112E+00  8.9026E+00  1.1150E+00
  7.5761E+00  8.9638E+00  1.1779E+00
  7.6187E+00  8.7712E+00  1.2198E+00
  7.6363E+00  8.9418E+00  1.2774E+00
  7.6096E+00  8.8028E+00  1.3608E+00
  7.6178E+00  8.7970E+00  1.2873E+00
  7.4775E+00  8.8886E+00  1.4373E+00
  7.4650E+00  8.6745E+00  1.4447E+00
  7.6082E+00  8.5821E+00  1.3602E+00
  7.5846E+00  8.6078E+00  1.4989E+00
  7.6028E+00  8.5326E+00  1.5446E+00
  7.5584E+00  8.5217E+00  1.5326E+00
  7.3260E+00  8.5001E+00  1.7297E+00
  7.3305E+00  8.4502E+00  1.8645E+00
  7.3932E+00  8.3003E+00  1.9611E+00
  7.3528E+00  8.2829E+00  2.1670E+00
  7.3118E+00  8.2783E+00  2.1609E+00
  7.3521E+00  8.1616E+00  1.9147E+00
  7.4442E+00  8.1273E+00  1.6710E+00
  7.5310E+00  8.2539E+00  1.5020E+00
  7.5709E+00  8.3646E+00  1.4420E+00
  7.4526E+00  8.2127E+00  1.2668E+00
  7.4215E+00  8.2082E+00  1.0419E+00
  7.4257E+00  8.3093E+00  1.1621E+00
  7.4008E+00  8.5232E+00  1.2538E+00
  7.3780E+00  8.4365E+00  1.3049E+00
  7.3638E+00  8.3921E+00  1.3589E+00
  7.4521E+00  8.4089E+00  1.2894E+00
  7.4534E+00  8.4613E+00  1.2727E+00
  7.3713E+00  8.5944E+00  1.1935E+00
  7.2932E+00  8.4549E+00  1.0526E+00
  7.3411E+00  8.5659E+00  1.0613E+00
  7.3377E+00  8.6010E+00  1.3055E+00
  7.4447E+00  8.6663E+00  1.4173E+00
  7.5930E+00  8.5115E+00  1.4753E+00
  7.6469E+00  8.4108E+00  1.6879E+00
  7.7629E+00  8.5418E+00  1.8102E+00
  7.8516E+00  8.5137E+00  1.7231E+00
  7.8622E+00  8.5031E+00  1.5583E+00
  7.8353E+00  8.5077E+00  1.5488E+00
  8.0574E+00  8.5540E+00  1.4947E+00
  8.2250E+00  8.7033E+00  1.3606E+00
  8.1416E+00  8.6729E+00  1.3221E+00
  7.9310E+00  8.7453E+00  1.3801E+00
  7.8705E+00  8.8848E+00  1.1727E+00
  7.6019E+00  9.0133E+00  9.8891E-01
  7.3537E+00  8.9964E+00  9.6633E-01
  7.1731E+00  8.9591E+00  8.8301E-01
  7.1605E+00  9.0773E+00  5.9980E-01
  7.3318E+00  9.0522E+00  4.0207E-01
  7.6321E+00  8.9508E+00  3.1509E-01
  7.8152E+00  9.0438E+00  1.8606E-01
  7.9225E+00  8.9683E+00  1.6444E-01
  8.0776E+00  8.9607E+00  1.5443E-01
  8.0846E+00  9.0625E+00  1.6563E-01
  8.0644E+00  9.0794E+00  2.8178E-01
  8.0246E+00  9.2217E+00  3.5973E-01
  7.9294E+00  9.2814E+00  3.1050E-01
  7.8773E+00  9.3255E+00  2.6780E-01
  7.8376E+00  9.3686E+00  3.4445E-01
  7.8454E+00  9.2310E+00  3.5423E-01
  7.9455E+00  9.0129E+00  3.0044E-01
  7.8496E+00  9.0359E+00  4.0127E-01
  7.7448E+00  9.0073E+00  4.1548E-01
  7.7640E+00  8.9142E+00  2.4800E-01
  7.7385E+00  8.7643E+00  1.0507E-01
  7.6154E+00  8.9180E+00 -1.4205E-01
  7.3656E+00  8.9511E+00 -3.4795E-01
  7.4863E+00  9.1245E+00 -5.0085E-01
  7.5589E+00  9.1499E+00 -5.7977E-01
  7.5019E+00  9.1619E+00 -5.9057E-01
  7.5845E+00  9.1758E+00 -4.9107E-01
  7.8488E+00  8.9750E+00 -2.6963E-01
  8.0868E+00  8.8678E+00 -9.0856E-02
  7.9022E+00  8.9276E+00 -2.1515E-01
  7.4703E+00  8.9770E+00 -3.0629E-01
  7.4357E+00  9.0566E+00 -2.6883E-01
  7.7730E+00  9.2856E+00 -3.1024E-01
  7.7709E+00  9.3576E+00 -3.8406E-01
  7.6334E+00  9.4596E+00 -3.2963E-01
  7.5190E+00  9.4375E+00 -9.5136E-02
  7.6575E+00  9.4237E+00 -1.1238E-01
  7.7345E+00  9.1821E+00 -2.0921E-02
  7.4667E+00  9.3640E+00  2.0298E-01
  7.2455E+00  9.5219E+00  3.7313E-01
  7.1932E+00  9.4994E+00  5.1412E-01
  7.3994E+00  9.3752E+00  4.1028E-01
  7.3134E+00  9.3607E+00  2.9491E-01
  7.2988E+00  9.4685E+00  3.1253E-01
  7.4506E+00  9.4688E+00  5.0747E-01
  7.6735E+00  9.4919E+00  5.9008E-01
  7.5960E+00  9.3515E+00  5.2696E-01
  7.5047E+00  9.2416E+00  2.8410E-01
  7.4421E+00  9.0927E+00  7.4333E-02
  7.4526E+00  8.8489E+00  1.7701E-01
  7.4985E+00  8.8260E+00  2.8910E-01
  7.6020E+00  8.7677E+00  2.4669E-01
  7.3868E+00  8.9459E+00  1.9531E-01
  7.1763E+00  8.9643E+00  2.2122E-01
  7.1050E+00  8.9577E+00  3.0988E-01
  6.9038E+00  9.2117E+00  6.0753E-02
  6.7434E+00  9.2295E+00  1.3896E-01
  6.5689E+00  9.0768E+00  2.5971E-01
  6.5247E+00  9.0818E+00  2.9771E-01
  6.4328E+00  8.9073E+00  3.8482E-01
  6.6794E+00  8.9147E+00  4.4167E-01
  6.8861E+00  8.8151E+00  6.6085E-01
  7.2001E+00  8.6635E+00  8.6700E-01
  7.4631E+00  8.7304E+00  1.0277E+00
  7.4677E+00  8.7856E+00  1.5059E+00
  7.4131E+00  8.6893E+00  1.9937E+00
  7.4904E+00  8.4241E+00  2.2761E+00
  7.4094E+00  8.4965E+00  2.4842E+00
  7.6617E+00  8.4243E+00  2.7330E+00
  7.8090E+00  8.2441E+00  3.0104E+00
  7.7238E+00  7.9537E+00  3.1670E+00
  7.8239E+00  7.8600E+00  3.2931E+00
  7.9584E+00  7.9273E+00  3.3903E+00
  7.7553E+00  7.7015E+00  3.4823E+00
  7.7371E+00  7.8554E+00  3.7138E+00
  8.0254E+00  7.5886E+00  4.0306E+00
  8.2375E+00  7.3478E+00  4.3330E+00
  8.3293E+00  7.4866E+00  4.6011E+00
  8.2802E+00  7.4525E+00  4.6220E+00
  8.2499E+00  7.3718E+00  4.5226E+00
  8.3409E+00  7.5725E+00  4.5683E+00
  8.2469E+00  7.7210E+00  4.5985E+00
  8.1623E+00  7.8084E+00  4.5655E+00
  8.3008E+00  7.9896E+00  4.5008E+00
  8.3535E+00  8.0580E+00  4.4942E+00
  8.2539E+00  8.1222E+00  4.4381E+00
  8.2155E+00  8.1269E+00  4.3214E+00
  8.2858E+00  8.1129E+00  4.2559E+00
  8.1929E+00  8.0520E+00  4.2269E+00
  8.0773E+00  7.8408E+00  4.2241E+00
  8.1133E+00  7.7323E+00  4.2834E+00
  8.0797E+00  7.7122E+00  4.0860E+00
  8.1458E+00  7.7407E+00  3.9958E+00
  8.2400E+00  7.7626E+00  3.9734E+00
  8.2620E+00  7.8924E+00  3.7987E+00
  8.1848E+00  8.1069E+00  3.6712E+00
  8.0930E+00  8.3038E+00  3.5605E+00
  8.2590E+00  8.2157E+00  3.5077E+00
  8.0912E+00  8.4020E+00  3.6534E+00
  7.9067E+00  8.4424E+00  3.7899E+00
  8.0513E+00  8.2135E+00  4.0791E+00
  8.0446E+00  8.0047E+00  4.2679E+00
  8.1200E+00  7.8424E+00  4.3807E+00
  8.1586E+00  7.8431E+00  4.4991E+00
  8.1748E+00  7.7744E+00  4.5911E+00
  8.1962E+00  7.6555E+00  4.5944E+00
  8.1718E+00  7.6613E+00  4.6207E+00
  8.1213E+00  7.6870E+00  4.5661E+00
  7.9542E+00  7.7054E+00  4.4226E+00
  7.7688E+00  7.8632E+00  4.2080E+00
  7.7010E+00  8.0035E+00  4.0115E+00
  7.6165E+00  7.7401E+00  3.8323E+00
  7.4913E+00  7.5693E+00  3.6553E+00
  7.4159E+00  7.6143E+00  3.4359E+00
  7.3072E+00  7.6654E+00  3.0870E+00
  7.4610E+00  7.7725E+00  3.0212E+00
  7.4432E+00  7.7537E+00  3.0411E+00
  7.6180E+00  7.5392E+00  3.1148E+00
  7.7487E+00  7.2816E+00  3.1759E+00
  7.8414E+00  7.1745E+00  3.2492E+00
  7.8693E+00  7.2381E+00  3.2899E+00
  7.8909E+00  7.2881E+00  3.2910E+00
  7.6811E+00  7.1379E+00  3.1774E+00
  7.6095E+00  6.9812E+00  3.2884E+00
  7.5739E+00  7.0902E+00  3.5141E+00
  7.3380E+00  6.9356E+00  3.4263E+00
  7.2155E+00  6.6592E+00  3.4852E+00
  7.1273E+00  6.7094E+00  3.6567E+00
  6.9986E+00  6.9855E+00  3.7590E+00
  6.6585E+00  7.1168E+00  3.5837E+00
  6.5029E+00  7.3374E+00  3.5935E+00
  6.6843E+00  7.6208E+00  3.9614E+00
  6.6858E+00  7.8851E+00  4.1734E+00
  6.6434E+00  7.9332E+00  4.3384E+00
  6.8147E+00  8.1330E+00  4.5688E+00
  6.9248E+00  8.2936E+00  4.7198E+00
  6.8596E+00  8.2494E+00  4.8199E+00
  7.0073E+00  8.2289E+00  5.1201E+00
  7.0408E+00  8.3036E+00  5.3530E+00
  6.8868E+00  8.3424E+00  5.2715E+00
  7.0012E+00  8.3453E+00  5.1960E+00
  7.0239E+00  8.2861E+00  5.1163E+00
  6.8299E+00  8.2379E+00  4.9523E+00
  6.8227E+00  8.2536E+00  4.7512E+00
  7.0019E+00  8.2605E+00  4.4035E+00
  6.8839E+00  7.9570E+00  4.3725E+00
  6.9079E+00  7.7527E+00  4.4781E+00
  6.9627E+00  7.7235E+00  4.3988E+00
  6.6988E+00  7.5259E+00  4.0707E+00
  6.7281E+00  7.1709E+00  4.1853E+00
  6.9149E+00  7.0744E+00  4.2856E+00
  6.9287E+00  7.0996E+00  4.1178E+00
  7.0357E+00  7.0150E+00  3.9952E+00
  7.2113E+00  6.8248E+00  3.9954E+00
  7.3121E+00  6.8440E+00  3.8776E+00
  7.4383E+00  7.0382E+00  3.7013E+00
  7.6069E+00  7.1155E+00  3.5766E+00
  7.6676E+00  7.0261E+00  3.5062E+00
  7.6324E+00  7.0071E+00  3.4649E+00
  7.5260E+00  7.0424E+00  3.5653E+00
  7.3334E+00  7.1112E+00  3.5582E+00
  7.1021E+00  6.9629E+00  3.5196E+00
  6.8704E+00  6.7514E+00  3.6610E+00
  6.6229E+00  6.6881E+00  3.7194E+00
  6.3073E+00  6.6392E+00  3.7088E+00
  6.0401E+00  6.6438E+00  3.5564E+00
  6.0341E+00  6.5276E+00  3.6984E+00
  6.1335E+00  6.4282E+00  3.8463E+00
