  8.9194E+00  8.7194E+00  6.1543E-02
  9.0095E+00  8.6537E+00 -4.0671E-03
  9.0658E+00  8.7115E+00  7.0203E-02
  9.0309E+00  8.6344E+00  1.3252E-02
  9.0759E+00  8.7011E+00 -9.9405E-02
  9.2963E+00  8.7654E+00 -1.2331E-01
  9.4439E+00  8.7897E+00 -9.8327E-02
  9.5414E+00  8.7726E+00 -5.8359E-02
  9.5001E+00  8.6897E+00 -4.8156E-02
  9.6231E+00  8.7837E+00 -9.4571E-02
  9.7481E+00  9.0190E+00 -1.1827E-01
  9.7656E+00  9.0897E+00 -1.4468E-01
  9.7123E+00  8.9730E+00 -1.9100E-01
  9.7128E+00  8.9665E+00 -2.1389E-01
  9.7443E+00  9.0507E+00 -3.0193E-01
  9.7256E+00  9.0897E+00 -4.1851E-01
  9.6317E+00  9.1575E+00 -3.9262E-01
  9.5758E+00  9.1681E+00 -3.3189E-01
  9.4635E+00  9.1287E+00 -3.0916E-01
  9.2635E+00  9.1300E+00 -2.5091E-01
  9.0659E+00  9.0104E+00 -2.5730E-01
  8.9673E+00  9.0626E+00 -3.2742E-01
  9.0215E+00  9.2576E+00 -2.3722E-01
  8.9935E+00  9.4816E+00  1.3574E-01
  8.6914E+00  9.4215E+00  5.9323E-01
  8.7104E+00  9.5081E+00  1.1850E+00
  8.6496E+00  9.2875E+00  1.6281E+00
  8.7127E+00  9.0741E+00  1.9514E+00
  8.6486E+00  8.8948E+00  2.1368E+00
  8.5086E+00  8.7704E+00  2.0592E+00
  8.5752E+00  8.6091E+00  2.3140E+00
  8.5067E+00  8.5412E+00  2.4860E+00
  8.4752E+00  8.4034E+00  2.5432E+00
  8.4884E+00  8.2511E+00  2.4892E+00
  8.5313E+00  8.2655E+00  2.4303E+00
  8.3888E+00  8.1517E+00  2.4763E+00
  8.2309E+00  8.1666E+00  2.5435E+00
  8.0546E+00  8.1276E+00  2.5457E+00
  7.8553E+00  8.1315E+00  2.5688E+00
  7.5770E+00  8.1935E+00  2.7779E+00
  7.3131E+00  8.2028E+00  2.8269E+00
  7.0897E+00  8.1045E+00  2.7416E+00
  6.8235E+00  8.1354E+00  2.6522E+00
  6.5472E+00  8.2486E+00  2.7054E+00
  6.2857E+00  8.2759E+00  2.8115E+00
  6.0616E+00  8.2363E+00  2.8041E+00
  5.9224E+00  8.0512E+00  2.6955E+00
  5.9462E+00  7.9184E+00  2.6798E+00
  6.0872E+00  7.8473E+00  2.6634E+00
  6.3756E+00  7.7274E+00  2.5770E+00
  6.6227E+00  7.6584E+00  2.3890E+00
  6.7838E+00  7.6757E+00  2.1465E+00
  6.9158E+00  7.8420E+00  2.0165E+00
  6.9877E+00  7.8664E+00  1.9169E+00
  6.9586E+00  7.9505E+00  1.9910E+00
  7.1083E+00  8.1674E+00  2.0008E+00
  7.2970E+00  8.4184E+00  2.0240E+00
  7.1051E+00  8.5833E+00  2.2894E+00
  7.3037E+00  8.6498E+00  2.5106E+00
  7.3192E+00  8.6175E+00  2.7476E+00
  7.2165E+00  8.6967E+00  2.8958E+00
  7.0828E+00  8.6898E+00  2.9158E+00
  6.9641E+00  8.5229E+00  2.7711E+00
  6.7949E+00  8.3746E+00  2.4073E+00
  6.8431E+00  8.1427E+00  2.1376E+00
  6.7712E+00  7.8852E+00  2.2340E+00
  6.5041E+00  7.7687E+00  2.1962E+00
  6.4479E+00  7.6069E+00  2.0553E+00
  6.4365E+00  7.5352E+00  2.2858E+00
  6.3916E+00  7.4368E+00  2.1718E+00
  6.3713E+00  7.3252E+00  2.0240E+00
  6.3610E+00  7.2796E+00  2.0265E+00
  6.4925E+00  7.1652E+00  1.9832E+00
  6.5087E+00  6.9942E+00  1.9050E+00
  6.2267E+00  6.9324E+00  1.7750E+00
  5.9392E+00  7.0038E+00  1.7303E+00
  5.8437E+00  7.2778E+00  1.9363E+00
  5.7011E+00  7.5584E+00  2.1419E+00
  5.6019E+00  7.5768E+00  2.1140E+00
  5.6756E+00  7.6043E+00  1.8830E+00
  5.8945E+00  7.5533E+00  2.0007E+00
  5.9504E+00  7.5784E+00  1.7630E+00
  5.9365E+00  7.5123E+00  1.6253E+00
  5.9371E+00  7.4267E+00  1.6435E+00
  5.9938E+00  7.4603E+00  1.7727E+00
  6.0256E+00  7.5086E+00  1.8447E+00
  5.7604E+00  7.2468E+00  1.7664E+00
  5.6665E+00  6.9067E+00  1.5622E+00
  5.6453E+00  6.7458E+00  1.6315E+00
  5.5603E+00  6.9047E+00  1.4529E+00
  5.6068E+00  6.8932E+00  1.3409E+00
  5.4847E+00  6.7204E+00  1.4010E+00
  5.3010E+00  6.7647E+00  1.5449E+00
  5.4955E+00  6.8297E+00  1.4733E+00
  5.5537E+00  7.1107E+00  1.3203E+00
  5.4344E+00  7.3188E+00  1.4964E+00
  5.5521E+00  7.2820E+00  1.5019E+00
  5.5891E+00  7.2678E+00  1.7321E+00
  5.6442E+00  7.1122E+00  1.8443E+00
  5.5999E+00  6.9464E+00  1.9109E+00
  5.6493E+00  6.8595E+00  1.8859E+00
  5.6253E+00  6.7001E+00  1.7310E+00
  5.4172E+00  6.6553E+00  1.6922E+00
  5.4080E+00  6.6594E+00  1.4067E+00
  5.4813E+00  6.7554E+00  1.3332E+00
  5.5611E+00  6.8277E+00  1.3619E+00
  5.4298E+00  6.8797E+00  1.1385E+00
  5.2890E+00  7.0503E+00  1.2685E+00
  5.2822E+00  7.1255E+00  1.2029E+00
  5.3749E+00  7.2646E+00  1.2255E+00
  5.4265E+00  7.4647E+00  1.2771E+00
  5.2691E+00  7.5318E+00  1.1886E+00
  5.1980E+00  7.5681E+00  1.3910E+00
  5.1302E+00  7.6308E+00  1.4316E+00
  5.0513E+00  7.6457E+00  1.5546E+00
  4.7159E+00  7.6074E+00  1.7424E+00
  4.5099E+00  7.5106E+00  1.7575E+00
  4.4254E+00  7.5918E+00  1.8714E+00
  4.4985E+00  7.7245E+00  1.9676E+00
  4.7191E+00  7.7344E+00  1.9972E+00
  4.7456E+00  7.8176E+00  2.0688E+00
  4.6597E+00  7.7665E+00  2.0685E+00
  4.6841E+00  7.5893E+00  2.0256E+00
  4.7386E+00  7.7320E+00  2.0427E+00
  4.9100E+00  7.7263E+00  1.9933E+00
  5.0044E+00  7.6355E+00  1.9151E+00
  5.0223E+00  7.8019E+00  1.9124E+00
  5.1754E+00  7.8249E+00  2.0024E+00
  5.0939E+00  7.6162E+00  1.9624E+00
  4.9359E+00  7.6895E+00  2.0933E+00
  4.8028E+00  7.8574E+00  2.2249E+00
  4.7838E+00  7.9370E+00  2.1471E+00
  4.8633E+00  8.1277E+00  2.4346E+00
  4.7898E+00  8.0169E+00  2.5989E+00
  4.6150E+00  8.0203E+00  2.6754E+00
  4.6345E+00  8.0405E+00  2.8711E+00
  4.6922E+00  8.2185E+00  3.0473E+00
  4.6062E+00  8.4532E+00  2.9800E+00
  4.4950E+00  8.2861E+00  3.2901E+00
  4.3820E+00  8.2244E+00  3.4555E+00
  4.4960E+00  8.2566E+00  3.5430E+00
  4.6188E+00  8.3483E+00  3.5003E+00
  4.6436E+00  8.4697E+00  3.4315E+00
  4.7951E+00  8.5322E+00  3.2991E+00
  5.0449E+00  8.4850E+00  3.0081E+00
  5.2910E+00  8.4276E+00  2.8249E+00
  5.4623E+00  8.3103E+00  2.7791E+00
  5.4953E+00  8.1929E+00  2.4094E+00
  5.6194E+00  8.0768E+00  2.1820E+00
  5.6845E+00  8.0171E+00  2.2087E+00
  5.6181E+00  7.8753E+00  1.9090E+00
  5.6774E+00  7.8100E+00  1.8121E+00
  5.7676E+00  7.8996E+00  2.1236E+00
  5.7482E+00  7.8031E+00  1.9852E+00
  5.7652E+00  7.7845E+00  1.9185E+00
  5.6921E+00  7.7859E+00  2.0066E+00
  5.4317E+00  7.5738E+00  2.0168E+00
  5.3051E+00  7.3204E+00  2.0704E+00
  5.3279E+00  7.0056E+00  1.9456E+00
  5.0747E+00  6.7070E+00  1.9309E+00
  4.9124E+00  6.4460E+00  2.0301E+00
  4.8864E+00  6.3302E+00  2.1502E+00
  4.7598E+00  6.3391E+00  2.1276E+00
  4.4727E+00  6.1192E+00  2.0458E+00
  4.4546E+00  6.0352E+00  1.9727E+00
  4.5584E+00  6.2190E+00  1.9155E+00
  4.4187E+00  6.5754E+00  1.9673E+00
  4.2716E+00  6.7612E+00  1.7813E+00
  4.3680E+00  6.8246E+00  1.9320E+00
  4.6113E+00  7.1465E+00  2.1012E+00
  4.7222E+00  7.6126E+00  2.3090E+00
  4.8941E+00  7.6072E+00  2.2888E+00
  4.9621E+00  7.2867E+00  2.2978E+00
  4.8804E+00  7.2651E+00  2.4163E+00
  4.8794E+00  7.3762E+00  2.3466E+00
  4.9132E+00  7.3587E+00  2.3081E+00
  5.0943E+00  7.2669E+00  2.1050E+00
  4.9729E+00  7.4013E+00  2.0038E+00
  4.8759E+00  7.5035E+00  2.0168E+00
  5.0974E+00  7.5046E+00  1.8513E+00
  5.5428E+00  7.4405E+00  1.8328E+00
  5.4150E+00  7.6107E+00  1.8173E+00
  5.3416E+00  7.6270E+00  1.5305E+00
  5.5075E+00  7.3300E+00  1.5616E+00
  5.3429E+00  7.3124E+00  1.4968E+00
  5.2459E+00  7.3490E+00  1.5304E+00
  5.4131E+00  7.1541E+00  1.4839E+00
  5.4661E+00  7.1250E+00  1.3900E+00
  5.2340E+00  7.2824E+00  1.3608E+00
  5.1304E+00  7.4461E+00  1.7767E+00
  5.0578E+00  7.4404E+00  1.7065E+00
  4.9394E+00  7.4502E+00  1.4566E+00
  4.9762E+00  7.3669E+00  1.7008E+00
  4.9856E+00  7.4465E+00  1.8980E+00
  5.0287E+00  7.4468E+00  1.7801E+00
  5.1831E+00  7.2106E+00  1.9758E+00
  5.1970E+00  7.2318E+00  1.9500E+00
  5.1845E+00  7.2836E+00  1.9986E+00
  5.2423E+00  7.0936E+00  2.2150E+00
  5.2962E+00  6.8172E+00  2.1994E+00
  5.1333E+00  6.6358E+00  2.2559E+00
  4.8553E+00  6.7607E+00  2.4516E+00
  4.7732E+00  6.6879E+00  2.3869E+00
  4.9193E+00  6.6704E+00  2.4283E+00
  4.9826E+00  6.9735E+00  2.5910E+00
  5.0700E+00  7.0374E+00  2.5118E+00
  5.2573E+00  6.9515E+00  2.4766E+00
  5.2015E+00  7.0551E+00  2.5090E+00
  5.1250E+00  7.3321E+00  2.4096E+00
  5.1103E+00  7.2335E+00  2.2116E+00
  5.0645E+00  7.0698E+00  2.2884E+00
  4.8570E+00  7.1592E+00  2.1098E+00
  4.8414E+00  7.2531E+00  1.9597E+00
  5.0022E+00  7.2435E+00  2.0537E+00
  4.8621E+00  7.2940E+00  1.9987E+00
  4.9219E+00  7.2579E+00  2.0654E+00
  5.0971E+00  7.3050E+00  2.4281E+00
  5.1024E+00  7.3787E+00  2.4047E+00
  5.2836E+00  7.2444E+00  2.6322E+00
  5.5744E+00  7.2316E+00  2.8430E+00
  5.6286E+00  7.2997E+00  2.9342E+00
  5.4865E+00  7.3091E+00  2.8632E+00
  5.3613E+00  7.3026E+00  2.7083E+00
  5.2158E+00  7.4260E+00  2.6872E+00
  5.2004E+00  7.5790E+00  2.4444E+00
  5.2699E+00  7.6204E+00  2.5107E+00
  5.4199E+00  7.7367E+00  2.4040E+00
  5.4897E+00  7.6993E+00  2.3446E+00
  5.5518E+00  7.6381E+00  2.4455E+00
  5.6242E+00  7.6407E+00  2.2563E+00
  5.6575E+00  7.5797E+00  2.1735E+00
  5.5558E+00  7.2478E+00  2.2565E+00
  5.4801E+00  6.9659E+00  2.3134E+00
  5.4900E+00  6.9095E+00  2.4687E+00
  5.5674E+00  6.9619E+00  2.3435E+00
  5.6594E+00  7.0551E+00  2.1959E+00
  5.6283E+00  7.3795E+00  2.1678E+00
  5.6960E+00  7.6473E+00  1.9691E+00
  5.9597E+00  7.9171E+00  1.8898E+00
  6.0170E+00  8.2111E+00  1.9395E+00
  6.0937E+00  8.3000E+00  2.0449E+00
  6.2785E+00  8.1827E+00  2.0496E+00
  6.2718E+00  8.3420E+00  2.2316E+00
  6.3178E+00  8.3347E+00  2.3080E+00
  6.3325E+00  8.2111E+00  2.2734E+00
  6.1734E+00  8.3034E+00  2.3670E+00
  6.1112E+00  8.3747E+00  2.3535E+00
  6.1110E+00  8.2616E+00  2.2365E+00
  5.9274E+00  8.2723E+00  2.2806E+00
  5.9626E+00  8.1504E+00  2.1609E+00
  5.9393E+00  7.9779E+00  2.2581E+00
  5.6370E+00  7.9068E+00  2.3432E+00
  5.4178E+00  7.9928E+00  2.2558E+00
  5.4866E+00  8.1432E+00  2.2863E+00
  5.7052E+00  8.2664E+00  2.3464E+00
  5.9981E+00  8.3912E+00  2.5079E+00
  6.3802E+00  8.5462E+00  2.6591E+00
  6.3810E+00  8.6550E+00  2.5000E+00
  6.3300E+00  8.6568E+00  2.4392E+00
  6.1445E+00  8.6471E+00  2.4769E+00
  6.0266E+00  8.4990E+00  2.5912E+00
  5.9761E+00  8.2404E+00  2.7795E+00
  5.9411E+00  7.8698E+00  2.6597E+00
  6.0397E+00  7.6834E+00  2.5920E+00
  6.1517E+00  7.7261E+00  2.5952E+00
  6.0319E+00  7.9744E+00  2.4696E+00
  5.9820E+00  8.3353E+00  2.2567E+00
  6.3376E+00  8.3910E+00  2.0724E+00
  6.2357E+00  8.3934E+00  2.1890E+00
  5.9442E+00  8.3218E+00  2.3660E+00
  5.8700E+00  8.1799E+00  2.4152E+00
  5.9622E+00  8.0754E+00  2.4798E+00
  6.0615E+00  8.0196E+00  2.4953E+00
  5.9172E+00  8.0205E+00  2.5481E+00
  5.5720E+00  8.1606E+00  2.4709E+00
  5.3686E+00  8.4718E+00  2.4109E+00
  5.5176E+00  8.5634E+00  2.2449E+00
  5.5801E+00  8.6372E+00  2.1315E+00
  5.5221E+00  8.4997E+00  2.1546E+00
  5.3612E+00  8.3896E+00  2.0854E+00
  5.2286E+00  8.4982E+00  2.0026E+00
  5.3283E+00  8.6316E+00  2.0707E+00
  5.5236E+00  8.7193E+00  2.0021E+00
  5.3708E+00  8.8131E+00  1.9737E+00
  5.1637E+00  8.9243E+00  1.7745E+00
  4.8346E+00  9.0612E+00  1.7124E+00
  4.6952E+00  8.8940E+00  1.9526E+00
  4.6739E+00  8.6918E+00  2.1431E+00
  4.5895E+00  8.5203E+00  2.0899E+00
  4.7013E+00  8.3715E+00  2.2131E+00
  4.7816E+00  8.2983E+00  2.3402E+00
  4.7633E+00  8.2897E+00  2.3735E+00
  4.6369E+00  8.2552E+00  2.5493E+00
  4.4416E+00  7.9124E+00  2.4616E+00
  4.4254E+00  7.8697E+00  2.5000E+00
  4.5114E+00  8.0411E+00  2.7295E+00
  4.4826E+00  7.8646E+00  2.7050E+00
  4.4448E+00  7.8288E+00  2.5034E+00
  4.4851E+00  8.0033E+00  2.3441E+00
  4.5308E+00  8.3405E+00  2.3614E+00
  4.4730E+00  8.5231E+00  2.3747E+00
  4.3556E+00  8.6177E+00  2.2619E+00
  4.3924E+00  8.6584E+00  2.2382E+00
  4.6204E+00  8.7392E+00  2.2868E+00
  4.9245E+00  8.8472E+00  2.2933E+00
  5.2607E+00  8.7692E+00  2.3237E+00
  5.4679E+00  8.5137E+00  2.5207E+00
  5.4496E+00  8.6273E+00  2.7639E+00
  5.5206E+00  8.8070E+00  2.8269E+00
  5.5472E+00  8.9546E+00  2.8379E+00
  5.6245E+00  9.0721E+00  2.8507E+00
  5.7389E+00  9.0381E+00  2.9042E+00
  5.9985E+00  8.9173E+00  2.8826E+00
  6.2406E+00  9.0378E+00  2.8496E+00
  6.1389E+00  9.2024E+00  2.8464E+00
  5.9617E+00  9.3889E+00  2.8852E+00
  5.9414E+00  9.7017E+00  2.9121E+00
  6.1380E+00  9.8622E+00  2.7516E+00
  6.4347E+00  9.9386E+00  2.5467E+00
  6.7272E+00  9.8635E+00  2.4878E+00
  6.7514E+00  9.8245E+00  2.6229E+00
  6.7981E+00  9.9279E+00  2.7443E+00
  6.9413E+00  9.9570E+00  2.6927E+00
  6.8074E+00  9.6536E+00  2.6677E+00
  6.4504E+00  9.6247E+00  2.6983E+00
  6.2507E+00  9.8951E+00  2.6621E+00
  6.0251E+00  9.8676E+00  2.6010E+00
  5.9743E+00  9.6703E+00  2.5285E+00
  6.0349E+00  9.5113E+00  2.4425E+00
  6.0746E+00  9.6907E+00  2.1437E+00
  6.0878E+00  9.6024E+00  2.0724E+00
  5.9830E+00  9.5283E+00  2.1766E+00
  5.7860E+00  9.7398E+00  2.1500E+00
  5.5435E+00  9.7275E+00  1.9942E+00
  5.4197E+00  9.7893E+00  1.9137E+00
  5.3728E+00  9.8072E+00  1.9412E+00
  5.3614E+00  9.7579E+00  2.0936E+00
  5.4477E+00  9.7824E+00  2.3321E+00
  5.5860E+00  9.8688E+00  2.5655E+00
  5.7511E+00  9.9638E+00  2.7753E+00
  5.9118E+00  9.9114E+00  2.8774E+00
  6.1788E+00  9.9453E+00  2.9944E+00
  6.4120E+00  1.0066E+01  3.0785E+00
  6.2765E+00  1.0224E+01  3.1822E+00
  6.0889E+00  1.0136E+01  3.1710E+00
  5.9426E+00  1.0103E+01  3.0896E+00
  6.0153E+00  1.0222E+01  2.9806E+00
  6.2973E+00  1.0493E+01  2.8000E+00
  6.4437E+00  1.0208E+01  2.8049E+00
  6.4092E+00  1.0080E+01  2.6052E+00
  6.4254E+00  1.0001E+01  2.3849E+00
  6.3389E+00  9.6782E+00  2.1403E+00
  6.5002E+00  9.5851E+00  2.0114E+00
  6.4210E+00  9.3169E+00  1.9975E+00
  6.3414E+00  9.1411E+00  1.9722E+00
  6.3441E+00  9.2107E+00  1.9120E+00
  6.4991E+00  9.1685E+00  1.8413E+00
  6.5489E+00  9.0411E+00  2.0511E+00
  6.4693E+00  9.1230E+00  2.0650E+00
  6.5393E+00  9.3046E+00  2.0930E+00
  6.7180E+00  9.4000E+00  2.1147E+00
  6.8626E+00  9.4221E+00  2.1176E+00
  7.0244E+00  9.6110E+00  2.0019E+00
  7.0247E+00  9.8137E+00  2.1447E+00
  6.9167E+00  9.8763E+00  2.2940E+00
  6.8353E+00  9.9961E+00  2.2775E+00
  6.7716E+00  9.9612E+00  2.3442E+00
  6.7595E+00  9.7208E+00  2.3445E+00
  6.7265E+00  9.6280E+00  2.4432E+00
  6.5767E+00  9.5478E+00  2.4940E+00
  6.5247E+00  9.3218E+00  2.5599E+00
  6.4557E+00  9.1215E+00  2.6086E+00
  6.5025E+00  9.0585E+00  2.5743E+00
  6.4732E+00  9.1703E+00  2.4680E+00
  6.2939E+00  9.3751E+00  2.3832E+00
  6.3213E+00  9.5454E+00  2.2020E+00
  6.2405E+00  9.4727E+00  2.2408E+00
  6.0526E+00  9.6279E+00  2.0600E+00
  6.0395E+00  9.6740E+00  2.0479E+00
  5.9253E+00  9.4352E+00  2.0784E+00
  5.9684E+00  9.1375E+00  2.2276E+00
  6.0355E+00  9.2175E+00  2.1099E+00
  5.9032E+00  9.1304E+00  2.0997E+00
  6.0025E+00  8.9368E+00  2.2759E+00
  6.1187E+00  8.9012E+00  2.2851E+00
  5.8419E+00  9.0176E+00  2.2851E+00
  5.7231E+00  9.0559E+00  2.4841E+00
  5.8238E+00  8.9424E+00  2.5704E+00
  5.8885E+00  8.9526E+00  2.4988E+00
  5.5223E+00  8.9790E+00  2.4518E+00
  5.2673E+00  8.8746E+00  2.5471E+00
  5.3883E+00  8.7708E+00  2.5874E+00
  5.3610E+00  8.5977E+00  2.5084E+00
  4.9393E+00  8.4445E+00  2.2941E+00
  4.9231E+00  8.4763E+00  2.1230E+00
  4.6804E+00  8.4693E+00  2.0506E+00
  4.3747E+00  8.2644E+00  2.0568E+00
  4.3714E+00  8.3288E+00  2.2748E+00
  4.5661E+00  8.4280E+00  2.3102E+00
  4.4703E+00  8.4211E+00  2.3155E+00
