  9.0060E+00  1.1792E+01  1.0722E-01
  9.0129E+00  1.1742E+01  1.5478E-01
  9.3305E+00  1.1484E+01  2.4128E-01
  9.4942E+00  1.1542E+01  3.0141E-01
  9.4793E+00  1.1630E+01  3.5165E-01
  9.2764E+00  1.1534E+01  4.9265E-01
  9.1886E+00  1.1490E+01  4.1941E-01
  9.3293E+00  1.1426E+01  4.6634E-01
  9.4665E+00  1.1352E+01  5.7822E-01
  9.4286E+00  1.1460E+01  5.7928E-01
  9.3727E+00  1.1608E+01  6.2515E-01
  9.3676E+00  1.1616E+01  7.9789E-01
  9.2498E+00  1.1485E+01  9.7681E-01
  9.1309E+00  1.1303E+01  1.0718E+00
  9.0879E+00  1.1232E+01  1.1453E+00
  9.1555E+00  1.1223E+01  1.3097E+00
  9.2375E+00  1.1167E+01  1.3954E+00
  9.2306E+00  1.1278E+01  1.3854E+00
  9.1638E+00  1.1423E+01  1.3649E+00
  9.1911E+00  1.1324E+01  1.3294E+00
  9.2312E+00  1.1235E+01  1.3706E+00
  9.3852E+00  1.1246E+01  1.4817E+00
  9.4314E+00  1.1402E+01  1.5807E+00
  9.5165E+00  1.1714E+01  1.6465E+00
  9.5092E+00  1.1863E+01  1.9585E+00
  9.2357E+00  1.1773E+01  2.3338E+00
  8.9409E+00  1.2068E+01  2.8334E+00
  8.4838E+00  1.2288E+01  3.3119E+00
  7.9814E+00  1.2379E+01  3.6986E+00
  7.4166E+00  1.2417E+01  3.8955E+00
  6.8353E+00  1.2501E+01  4.0502E+00
  6.1880E+00 -1.2563E+01  4.0536E+00
  5.5349E+00 -1.2428E+01  3.9742E+00
  4.9521E+00 -1.2444E+01  4.0370E+00
  4.4113E+00 -1.2417E+01  3.9974E+00
  3.8728E+00 -1.2375E+01  3.6478E+00
  3.3199E+00 -1.2524E+01  3.3562E+00
  2.9209E+00 -1.2329E+01  3.2851E+00
  2.5868E+00 -1.2292E+01  3.2848E+00
  2.3274E+00 -1.2425E+01  3.2039E+00
  2.2341E+00  1.2561E+01  2.9593E+00
  2.1029E+00  1.2385E+01  2.7099E+00
  1.8975E+00  1.2403E+01  2.5880E+00
  1.8683E+00  1.2351E+01  2.5172E+00
  1.9106E+00  1.2291E+01  2.4279E+00
  2.0208E+00  1.2247E+01  2.2408E+00
  2.0401E+00  1.2215E+01  2.0611E+00
  2.1340E+00  1.2333E+01  1.9443E+00
  2.1511E+00 -1.2580E+01  1.8598E+00
  2.1110E+00 -1.2598E+01  1.6848E+00
  2.2128E+00 -1.2596E+01  1.3504E+00
  2.3714E+00 -1.2392E+01  9.4595E-01
  2.3491E+00 -1.2350E+01  5.2119E-01
  2.1846E+00 -1.2462E+01  1.5557E-01
  2.0988E+00 -1.2548E+01 -1.1340E-01
  2.2404E+00  1.2568E+01 -2.0552E-01
  2.1191E+00  1.2540E+01 -6.9083E-01
  1.9334E+00  1.2426E+01 -9.2305E-01
  1.7927E+00  1.2355E+01 -9.2880E-01
  1.7559E+00  1.2422E+01 -7.9477E-01
  1.8193E+00  1.2405E+01 -7.4705E-01
  1.8124E+00  1.2267E+01 -8.2968E-01
  1.8813E+00  1.2109E+01 -6.1703E-01
  2.0515E+00  1.1923E+01 -3.3619E-01
  2.2703E+00  1.1707E+01 -2.5543E-01
  2.2124E+00  1.1663E+01 -1.4582E-01
  2.1990E+00  1.1518E+01 -7.4746E-03
  2.3163E+00  1.1337E+01  1.2293E-01
  2.3389E+00  1.1338E+01  2.6233E-01
  2.2766E+00  1.1307E+01  3.5737E-01
  2.2996E+00  1.1172E+01  4.4900E-01
  2.4729E+00  1.1147E+01  5.9088E-01
  2.5776E+00  1.1164E+01  6.8011E-01
  2.7458E+00  1.1143E+01  7.1642E-01
  2.8912E+00  1.1242E+01  7.7987E-01
  2.8820E+00  1.1346E+01  7.3913E-01
  2.7639E+00  1.1432E+01  6.4450E-01
  2.6139E+00  1.1605E+01  6.5998E-01
  2.4902E+00  1.1771E+01  6.4006E-01
  2.3709E+00  1.1865E+01  5.7074E-01
  2.2490E+00  1.1951E+01  5.3020E-01
  2.1300E+00  1.2040E+01  5.2030E-01
  2.1409E+00  1.2103E+01  4.8522E-01
  2.1903E+00  1.2185E+01  5.0063E-01
  2.3604E+00  1.2151E+01  5.6822E-01
  2.5289E+00  1.2182E+01  7.7752E-01
  2.5133E+00  1.2255E+01  8.2344E-01
  2.6714E+00  1.2174E+01  8.3300E-01
  2.9664E+00  1.1977E+01  9.3882E-01
  3.0777E+00  1.1841E+01  9.2562E-01
  3.0896E+00  1.1684E+01  9.3304E-01
  3.1231E+00  1.1657E+01  1.0382E+00
  3.1680E+00  1.1515E+01  9.0587E-01
  3.1513E+00  1.1299E+01  9.6251E-01
  3.0599E+00  1.1344E+01  1.1601E+00
  2.8646E+00  1.1214E+01  1.3264E+00
  2.8662E+00  1.1222E+01  1.4985E+00
  2.9142E+00  1.1435E+01  1.4575E+00
  2.9358E+00  1.1286E+01  1.5044E+00
  3.2014E+00  1.1231E+01  1.5441E+00
  3.5501E+00  1.1397E+01  1.4314E+00
  3.6828E+00  1.1209E+01  1.4728E+00
  3.6274E+00  1.1165E+01  1.2387E+00
  3.4699E+00  1.1301E+01  9.5290E-01
  3.2050E+00  1.1302E+01  9.0399E-01
  3.0731E+00  1.1167E+01  8.9585E-01
  2.9213E+00  1.1163E+01  8.6889E-01
  2.6423E+00  1.1334E+01  9.4498E-01
  2.5208E+00  1.1341E+01  1.0887E+00
  2.6101E+00  1.1374E+01  1.1371E+00
  2.8582E+00  1.1509E+01  1.0763E+00
  3.0056E+00  1.1441E+01  9.2149E-01
  3.2601E+00  1.1450E+01  7.0978E-01
  3.5576E+00  1.1570E+01  4.0731E-01
  3.5203E+00  1.1672E+01  3.5508E-01
  3.3477E+00  1.1680E+01  3.4458E-01
  3.1789E+00  1.1648E+01  3.4932E-01
  3.1243E+00  1.1685E+01  5.3640E-01
  2.8817E+00  1.1613E+01  4.9946E-01
  2.8769E+00  1.1542E+01  3.7020E-01
  2.9618E+00  1.1539E+01  2.3377E-01
  2.7547E+00  1.1724E+01  4.1529E-01
  2.7070E+00  1.1798E+01  4.9288E-01
  2.8550E+00  1.1748E+01  4.4632E-01
  2.8531E+00  1.1690E+01  2.2740E-01
  2.7333E+00  1.1791E+01  2.8314E-02
  2.6523E+00  1.1961E+01 -4.9401E-02
  2.4506E+00  1.2129E+01 -6.5264E-02
  2.3603E+00  1.2157E+01 -1.6143E-01
  2.3810E+00  1.2052E+01 -3.4558E-01
  2.5968E+00  1.1898E+01 -5.2462E-01
  2.9219E+00  1.1796E+01 -7.7279E-01
  3.0959E+00  1.1741E+01 -8.1455E-01
  3.0198E+00  1.1676E+01 -1.0258E+00
  3.0355E+00  1.1676E+01 -1.2381E+00
  3.2818E+00  1.1582E+01 -1.3525E+00
  3.3042E+00  1.1569E+01 -1.1908E+00
  3.3806E+00  1.1318E+01 -1.1452E+00
  3.4106E+00  1.1195E+01 -1.4891E+00
  3.4000E+00  1.1314E+01 -1.8503E+00
  3.4699E+00  1.1244E+01 -1.9869E+00
  3.5044E+00  1.1179E+01 -2.1728E+00
  3.4968E+00  1.0991E+01 -2.1098E+00
  3.7516E+00  1.0847E+01 -2.0354E+00
  3.9138E+00  1.0674E+01 -1.8040E+00
  3.9124E+00  1.0656E+01 -1.6834E+00
  4.0274E+00  1.0543E+01 -1.6292E+00
  4.1129E+00  1.0321E+01 -1.4530E+00
  4.1613E+00  1.0187E+01 -1.4016E+00
  4.1529E+00  1.0226E+01 -1.3473E+00
  4.0979E+00  1.0310E+01 -1.3531E+00
  4.0120E+00  1.0333E+01 -1.4812E+00
  3.7498E+00  1.0186E+01 -1.4261E+00
  3.6447E+00  1.0150E+01 -1.3212E+00
  3.7319E+00  1.0283E+01 -1.1130E+00
  3.8113E+00  1.0272E+01 -9.3855E-01
  3.7230E+00  1.0231E+01 -7.7230E-01
  3.7142E+00  1.0039E+01 -7.3429E-01
  3.9418E+00  9.9883E+00 -5.8472E-01
  4.3466E+00  1.0012E+01 -3.3496E-01
  4.4892E+00  9.7996E+00 -7.8139E-02
  4.4324E+00  9.8139E+00  1.4372E-01
  4.3212E+00  9.8935E+00  1.9052E-01
  4.1825E+00  9.9290E+00  3.6680E-03
  4.0001E+00  1.0075E+01 -1.3916E-01
  3.6371E+00  1.0302E+01 -2.7413E-01
  3.4501E+00  1.0341E+01 -4.0831E-01
  3.6102E+00  1.0337E+01 -4.9796E-01
  3.6948E+00  1.0187E+01 -6.9082E-01
  3.7128E+00  1.0368E+01 -7.3492E-01
  3.7767E+00  1.0531E+01 -8.9573E-01
  3.9129E+00  1.0546E+01 -1.0435E+00
  4.0955E+00  1.0516E+01 -9.0290E-01
  4.0679E+00  1.0504E+01 -8.5681E-01
  4.0809E+00  1.0539E+01 -7.1976E-01
  4.2869E+00  1.0469E+01 -6.7326E-01
  4.2843E+00  1.0461E+01 -8.0615E-01
  4.1545E+00  1.0552E+01 -6.2123E-01
  4.1634E+00  1.0548E+01 -7.0241E-01
  4.2533E+00  1.0694E+01 -8.6862E-01
  4.3309E+00  1.0828E+01 -8.8425E-01
  4.3924E+00  1.0886E+01 -8.7583E-01
  4.5512E+00  1.0853E+01 -8.3145E-01
  4.6995E+00  1.0742E+01 -7.8834E-01
  4.5918E+00  1.0960E+01 -7.2173E-01
  4.4779E+00  1.1117E+01 -7.5025E-01
  4.4390E+00  1.1050E+01 -9.1167E-01
  4.5028E+00  1.0913E+01 -9.7291E-01
  4.4852E+00  1.0904E+01 -9.1543E-01
  4.3684E+00  1.0796E+01 -7.9646E-01
  4.3359E+00  1.0628E+01 -8.9081E-01
  4.3878E+00  1.0425E+01 -1.0724E+00
  4.2884E+00  1.0370E+01 -8.8085E-01
  4.1695E+00  1.0466E+01 -7.7398E-01
  4.2110E+00  1.0461E+01 -7.9613E-01
  4.3297E+00  1.0498E+01 -6.4686E-01
  4.1918E+00  1.0900E+01 -7.2754E-01
  4.2272E+00  1.1170E+01 -7.9156E-01
  4.3813E+00  1.1192E+01 -8.3635E-01
  4.4968E+00  1.1236E+01 -8.6053E-01
  4.3958E+00  1.1306E+01 -8.2534E-01
  4.3737E+00  1.1208E+01 -9.4388E-01
  4.5343E+00  1.1153E+01 -9.1234E-01
  4.3419E+00  1.1088E+01 -9.1787E-01
  3.9520E+00  1.0946E+01 -1.0546E+00
  3.8192E+00  1.0829E+01 -9.5601E-01
  3.8082E+00  1.0773E+01 -7.6776E-01
  3.6280E+00  1.0430E+01 -8.7676E-01
  3.5193E+00  1.0194E+01 -6.2393E-01
  3.3597E+00  1.0350E+01 -4.2216E-01
  3.3079E+00  1.0244E+01 -4.7309E-01
  3.5417E+00  1.0044E+01 -3.1578E-01
  3.6598E+00  9.9470E+00 -1.8328E-01
  3.3809E+00  9.7552E+00 -3.1176E-01
  3.3008E+00  9.6730E+00 -3.6675E-01
  3.4879E+00  9.6520E+00 -4.3442E-01
  3.6502E+00  9.6226E+00 -6.5141E-01
  3.6599E+00  9.7411E+00 -5.6260E-01
  3.7634E+00  9.7878E+00 -5.4479E-01
  3.9455E+00  9.6726E+00 -6.8159E-01
  4.0082E+00  9.7321E+00 -6.0136E-01
  4.0211E+00  9.8614E+00 -6.6883E-01
  4.0020E+00  9.8901E+00 -6.5902E-01
  3.8563E+00  9.7296E+00 -4.9327E-01
  3.6456E+00  9.7146E+00 -5.1513E-01
  3.3976E+00  9.9208E+00 -6.2065E-01
  3.1910E+00  1.0169E+01 -5.8623E-01
  3.1179E+00  1.0335E+01 -6.5770E-01
  3.2274E+00  1.0359E+01 -8.0930E-01
  3.4367E+00  1.0261E+01 -6.9477E-01
  3.5402E+00  1.0055E+01 -8.1836E-01
  3.4247E+00  9.9085E+00 -6.7104E-01
  3.1535E+00  1.0008E+01 -5.9602E-01
  3.0075E+00  1.0001E+01 -6.5846E-01
  3.2368E+00  9.9428E+00 -6.7395E-01
  3.6100E+00  9.7784E+00 -6.8735E-01
  3.6149E+00  9.4538E+00 -3.3481E-01
  3.4449E+00  9.3655E+00 -1.8812E-01
  3.2701E+00  9.3684E+00 -3.7238E-01
  3.3500E+00  9.4603E+00 -5.2451E-01
  3.6367E+00  9.5692E+00 -6.3518E-01
  3.5219E+00  9.6130E+00 -6.6875E-01
  3.4090E+00  9.7343E+00 -7.2932E-01
  3.4961E+00  9.6946E+00 -8.5940E-01
  3.7193E+00  9.8509E+00 -9.1676E-01
  3.7064E+00  1.0049E+01 -7.6528E-01
  3.6360E+00  9.9778E+00 -6.4761E-01
  3.6835E+00  9.8535E+00 -6.2342E-01
  3.4250E+00  9.8857E+00 -7.6503E-01
  3.1665E+00  9.9719E+00 -6.8476E-01
  3.0897E+00  9.9659E+00 -6.5317E-01
  3.1216E+00  9.8711E+00 -8.0247E-01
  3.2102E+00  9.8295E+00 -5.7930E-01
  3.2389E+00  9.5626E+00 -5.9577E-01
  3.3681E+00  9.4128E+00 -7.7062E-01
  3.5904E+00  9.5748E+00 -7.1743E-01
  3.7341E+00  9.6024E+00 -7.3942E-01
  3.8464E+00  9.5766E+00 -7.4748E-01
  4.0247E+00  9.4279E+00 -6.3383E-01
  4.1184E+00  9.4750E+00 -6.1108E-01
  3.9558E+00  9.7484E+00 -5.4457E-01
  3.8201E+00  9.7959E+00 -5.9388E-01
  3.7592E+00  9.8785E+00 -6.7228E-01
  3.6101E+00  9.8679E+00 -6.3715E-01
  3.4881E+00  9.9365E+00 -5.7923E-01
  3.5511E+00  9.9875E+00 -5.9977E-01
  3.6375E+00  9.8201E+00 -7.1198E-01
  3.5900E+00  9.5961E+00 -5.7425E-01
  3.3733E+00  9.5635E+00 -7.7686E-01
  3.3257E+00  9.6595E+00 -8.4195E-01
  3.2875E+00  9.7047E+00 -7.3710E-01
  3.1721E+00  9.6372E+00 -6.5678E-01
  3.3255E+00  9.5323E+00 -4.6951E-01
  3.4491E+00  9.5176E+00 -4.6917E-01
  3.4901E+00  9.5799E+00 -5.8618E-01
  3.5988E+00  9.4478E+00 -6.1634E-01
  3.7536E+00  9.2366E+00 -6.3882E-01
  3.8745E+00  9.3574E+00 -5.4965E-01
  3.9808E+00  9.4866E+00 -6.1895E-01
  3.9125E+00  9.5136E+00 -8.0185E-01
  3.7481E+00  9.6729E+00 -1.0015E+00
  3.6300E+00  9.8893E+00 -1.1220E+00
  3.5165E+00  1.0031E+01 -9.8004E-01
  3.4954E+00  9.9840E+00 -9.3696E-01
  3.3512E+00  9.8790E+00 -9.2391E-01
  3.1772E+00  9.7678E+00 -8.9809E-01
  2.9782E+00  9.6277E+00 -9.7963E-01
  2.8468E+00  9.5909E+00 -1.0714E+00
  2.7909E+00  9.5889E+00 -9.0858E-01
  2.5887E+00  9.4008E+00 -8.6662E-01
  2.4364E+00  9.3164E+00 -8.8975E-01
  2.4796E+00  9.2054E+00 -8.8017E-01
  2.6672E+00  9.0328E+00 -9.5585E-01
  2.8796E+00  9.1106E+00 -1.0564E+00
  3.0359E+00  9.3952E+00 -1.1656E+00
  3.0187E+00  9.4670E+00 -1.2305E+00
  2.9902E+00  9.4183E+00 -1.2743E+00
  2.9763E+00  9.6051E+00 -1.3300E+00
  2.9643E+00  9.7958E+00 -1.1902E+00
  2.9032E+00  9.8108E+00 -1.0143E+00
  2.8787E+00  9.7374E+00 -9.4263E-01
  2.7422E+00  9.7219E+00 -7.9131E-01
  2.7420E+00  9.7111E+00 -7.2017E-01
  2.8012E+00  9.6639E+00 -6.0116E-01
  2.7377E+00  9.4312E+00 -2.7447E-01
  2.7604E+00  9.1576E+00 -1.2161E-01
  2.6838E+00  9.1531E+00 -1.0230E-01
  2.5764E+00  9.0942E+00 -1.8509E-01
  2.5282E+00  9.0601E+00 -3.7566E-01
  2.5179E+00  9.0088E+00 -5.1459E-01
  2.6854E+00  8.9542E+00 -4.9823E-01
  2.9459E+00  8.8357E+00 -3.3495E-01
  3.2663E+00  8.6962E+00 -2.5712E-01
  3.4275E+00  8.7500E+00 -2.1322E-01
  3.3980E+00  8.6459E+00 -3.0507E-01
  3.3590E+00  8.6171E+00 -4.6529E-01
  3.2895E+00  8.5278E+00 -4.7785E-01
  3.2180E+00  8.5180E+00 -4.1005E-01
  3.2364E+00  8.6173E+00 -3.5067E-01
  3.2440E+00  8.6772E+00 -3.3871E-01
  3.3254E+00  8.8277E+00 -3.7420E-01
  3.2922E+00  8.9324E+00 -2.4154E-01
  3.2116E+00  9.0961E+00 -6.3926E-02
  3.2495E+00  9.2914E+00  5.4750E-02
  3.3394E+00  9.3240E+00  2.2781E-01
  3.4131E+00  9.4189E+00  3.2599E-01
  3.3430E+00  9.5691E+00  3.1673E-01
  3.2127E+00  9.5887E+00  2.8517E-01
  3.2757E+00  9.6076E+00  1.2706E-01
  3.3237E+00  9.5128E+00 -6.5108E-02
  3.1864E+00  9.3995E+00 -3.0901E-01
  3.0532E+00  9.4689E+00 -5.2631E-01
  3.0453E+00  9.4703E+00 -7.5721E-01
  2.9932E+00  9.5391E+00 -8.0274E-01
  2.9469E+00  9.7037E+00 -6.9542E-01
  3.0320E+00  9.8580E+00 -7.8146E-01
  3.0260E+00  9.9910E+00 -8.9200E-01
  3.0521E+00  9.9674E+00 -9.3741E-01
  3.0947E+00  9.9116E+00 -1.1072E+00
  2.9213E+00  9.9085E+00 -1.1262E+00
  2.9178E+00  9.9271E+00 -1.0616E+00
  2.8763E+00  9.9366E+00 -9.9075E-01
  2.8194E+00  9.9205E+00 -9.2217E-01
  2.8931E+00  9.8191E+00 -8.4322E-01
  2.9497E+00  9.7528E+00 -5.9010E-01
  3.1727E+00  9.7308E+00 -2.9908E-01
  3.3899E+00  9.6062E+00 -4.5146E-02
  3.5582E+00  9.5794E+00 -4.1488E-02
  3.4457E+00  9.6340E+00 -2.3667E-01
  3.1798E+00  9.4688E+00 -3.3287E-01
  3.0081E+00  9.5971E+00 -4.4773E-01
  3.0386E+00  9.7260E+00 -5.1649E-01
  3.0744E+00  9.4836E+00 -4.2169E-01
  3.1601E+00  9.3932E+00 -2.3560E-01
  3.3932E+00  9.5104E+00 -9.7723E-02
  3.3365E+00  9.2723E+00  5.4446E-02
  3.2426E+00  9.2239E+00  1.5096E-02
  3.2235E+00  9.0628E+00 -1.0298E-01
  3.2400E+00  9.0440E+00 -3.3854E-01
  3.1856E+00  9.1140E+00 -5.0803E-01
  3.0056E+00  9.1293E+00 -4.0918E-01
  2.9715E+00  9.0155E+00 -2.7656E-01
  3.0417E+00  8.8876E+00 -8.4112E-02
  2.9328E+00  8.8934E+00  5.7715E-02
  2.7710E+00  9.0027E+00  2.5261E-01
  2.8246E+00  9.0308E+00  4.4237E-01
  3.1568E+00  9.1063E+00  5.3839E-01
  3.0506E+00  9.2079E+00  5.0209E-01
  2.9835E+00  9.3144E+00  3.4899E-01
  3.1011E+00  9.3763E+00  8.3217E-02
  3.1194E+00  9.3222E+00 -2.8437E-01
  3.0801E+00  9.3878E+00 -7.3818E-01
  2.9984E+00  9.4555E+00 -9.2436E-01
  2.8301E+00  9.4368E+00 -9.1448E-01
  2.7566E+00  9.3468E+00 -8.1046E-01
  2.8809E+00  9.1746E+00 -5.4552E-01
  2.9683E+00  9.0437E+00 -2.3454E-01
  2.8179E+00  9.0814E+00 -2.2623E-02
  2.8259E+00  9.1136E+00  1.8056E-01
  2.9710E+00  9.2112E+00  3.5315E-01
  3.0787E+00  9.3478E+00  4.1136E-01
  3.1578E+00  9.4045E+00  4.7233E-01
  3.0844E+00  9.4443E+00  5.9790E-01
  2.7989E+00  9.5970E+00  7.0890E-01
  2.7144E+00  9.6849E+00  7.8157E-01
  2.9107E+00  9.6565E+00  8.1181E-01
  3.0853E+00  9.4748E+00  8.5858E-01
  3.0789E+00  9.6706E+00  9.4358E-01
  3.0506E+00  9.9156E+00  1.1355E+00
  3.1595E+00  9.9991E+00  1.3082E+00
  3.2149E+00  1.0210E+01  1.2997E+00
  3.1167E+00  1.0311E+01  1.5243E+00
  3.2053E+00  1.0369E+01  1.8858E+00
  3.3249E+00  1.0582E+01  2.1700E+00
  3.2604E+00  1.0895E+01  2.2212E+00
  3.1837E+00  1.0858E+01  2.4973E+00
  3.2491E+00  1.0722E+01  2.7186E+00
  3.3298E+00  1.0686E+01  2.7571E+00
  3.1971E+00  1.0789E+01  3.0276E+00
  3.1117E+00  1.0744E+01  3.2575E+00
