  8.7260E+00 -1.0561E+01 -6.7207E-02
  8.6901E+00 -1.0388E+01 -1.8272E-01
  8.5856E+00 -1.0321E+01 -1.8762E-01
  8.6616E+00 -1.0357E+01 -8.7981E-02
  8.6899E+00 -1.0368E+01 -1.1891E-01
  8.5891E+00 -1.0518E+01 -1.8851E-01
  8.4279E+00 -1.0562E+01 -2.1843E-01
  8.3489E+00 -1.0552E+01 -2.1570E-01
  8.1943E+00 -1.0558E+01 -2.6282E-01
  8.2362E+00 -1.0690E+01 -3.1441E-01
  8.1750E+00 -1.0853E+01 -3.6382E-01
  8.0026E+00 -1.0906E+01 -4.6189E-01
  7.9718E+00 -1.0926E+01 -5.9654E-01
  7.9671E+00 -1.0972E+01 -6.6267E-01
  7.9218E+00 -1.1099E+01 -6.3980E-01
  7.7530E+00 -1.1279E+01 -6.4803E-01
  7.7535E+00 -1.1366E+01 -7.0977E-01
  7.7404E+00 -1.1392E+01 -7.0919E-01
  7.8219E+00 -1.1491E+01 -6.2717E-01
  7.9080E+00 -1.1506E+01 -6.1595E-01
  8.0006E+00 -1.1410E+01 -7.2149E-01
  8.0318E+00 -1.1291E+01 -8.1197E-01
  7.8505E+00 -1.1217E+01 -7.7009E-01
  7.8639E+00 -1.1292E+01 -5.6813E-01
  7.8807E+00 -1.1328E+01 -3.7242E-01
  7.9458E+00 -1.1191E+01 -4.1128E-01
  8.1584E+00 -1.1112E+01 -2.7902E-01
  7.9338E+00 -1.0910E+01 -4.4901E-02
  8.0405E+00 -1.0672E+01 -9.5646E-02
  8.3268E+00 -1.0511E+01 -1.4920E-01
  8.5763E+00 -1.0457E+01 -1.4740E-01
  8.9369E+00 -1.0626E+01 -2.0140E-01
  9.3494E+00 -1.0861E+01 -2.7911E-01
  9.8121E+00 -1.1282E+01 -4.8088E-01
  1.0157E+01 -1.1692E+01 -7.3395E-01
  1.0365E+01 -1.1770E+01 -8.8992E-01
  1.0432E+01 -1.2053E+01 -1.1243E+00
  1.0626E+01 -1.2393E+01 -1.3625E+00
  1.0948E+01 -1.2443E+01 -1.5545E+00
  1.1045E+01 -1.2512E+01 -1.6664E+00
  1.0941E+01 -1.2596E+01 -1.7625E+00
  1.0840E+01 -1.2512E+01 -1.7761E+00
  1.0648E+01 -1.2395E+01 -1.7518E+00
  1.0334E+01 -1.2362E+01 -1.7595E+00
  1.0237E+01 -1.2437E+01 -1.8931E+00
  1.0154E+01 -1.2384E+01 -2.0056E+00
  9.9164E+00 -1.2353E+01 -1.9438E+00
  9.7640E+00 -1.2443E+01 -1.8056E+00
  9.6284E+00 -1.2507E+01 -1.7030E+00
  9.5604E+00 -1.2589E+01 -1.6318E+00
  9.5055E+00  1.2510E+01 -1.4379E+00
  9.3137E+00 -1.2531E+01 -1.0248E+00
  9.5574E+00 -1.2490E+01 -8.1377E-01
  9.7858E+00 -1.2354E+01 -6.3681E-01
  9.7837E+00 -1.2237E+01 -4.7676E-01
  9.5853E+00 -1.2275E+01 -3.5962E-01
  9.6469E+00 -1.2555E+01 -3.9934E-01
  9.7500E+00 -1.2411E+01 -4.0389E-01
  9.8748E+00 -1.2273E+01 -3.7205E-01
  9.8368E+00 -1.2321E+01 -3.2144E-01
  9.7634E+00 -1.2331E+01 -2.0426E-01
  9.8249E+00 -1.2189E+01 -1.4735E-01
  9.9529E+00 -1.2234E+01 -1.6939E-01
  1.0066E+01 -1.2411E+01 -1.3235E-01
  1.0026E+01 -1.2337E+01  1.5572E-03
  1.0083E+01 -1.2380E+01  1.5255E-01
  1.0168E+01 -1.2291E+01  2.3435E-01
  1.0133E+01 -1.2140E+01  3.2531E-01
  9.9339E+00 -1.2132E+01  4.1023E-01
  9.8033E+00 -1.2207E+01  4.5963E-01
  9.7300E+00 -1.2197E+01  5.7213E-01
  9.6891E+00 -1.2369E+01  6.2419E-01
  9.5778E+00 -1.2551E+01  7.3665E-01
  9.3751E+00  1.2537E+01  1.0176E+00
  9.2953E+00  1.2292E+01  1.2193E+00
  9.2664E+00  1.2491E+01  1.1428E+00
  9.2375E+00  1.2413E+01  9.9426E-01
  9.1939E+00  1.2407E+01  1.0489E+00
  9.0503E+00  1.2270E+01  9.5834E-01
  8.7877E+00  1.2084E+01  8.0030E-01
  8.5083E+00  1.2089E+01  8.3104E-01
  8.3182E+00  1.2094E+01  1.1547E+00
  8.3797E+00  1.2048E+01  1.5123E+00
  8.4423E+00  1.2141E+01  1.7594E+00
  8.3940E+00  1.2192E+01  1.8643E+00
  8.3595E+00  1.2112E+01  1.9961E+00
  8.4153E+00  1.2105E+01  2.0034E+00
  8.6382E+00  1.2152E+01  1.7430E+00
  8.7864E+00  1.2245E+01  1.5396E+00
  8.9878E+00  1.2099E+01  1.4516E+00
  8.8864E+00  1.1981E+01  1.4067E+00
  8.8275E+00  1.2089E+01  1.3303E+00
  9.0526E+00  1.1945E+01  1.4092E+00
  8.9844E+00  1.2151E+01  1.6172E+00
  9.0324E+00  1.2108E+01  1.8572E+00
  9.1975E+00  1.2145E+01  1.8527E+00
  9.3525E+00  1.2354E+01  1.9616E+00
  9.4104E+00  1.2469E+01  2.1492E+00
  9.4464E+00  1.2375E+01  2.1895E+00
  9.4013E+00  1.2231E+01  2.0096E+00
  9.5210E+00  1.2401E+01  1.9426E+00
  9.7454E+00  1.2482E+01  1.9363E+00
  9.8849E+00  1.2481E+01  2.0139E+00
  1.0049E+01  1.2571E+01  1.9538E+00
  1.0347E+01 -1.2428E+01  1.8287E+00
  1.0717E+01 -1.2280E+01  1.7690E+00
  1.0803E+01 -1.2107E+01  1.5507E+00
  1.0722E+01 -1.2049E+01  1.2447E+00
  1.0555E+01 -1.2159E+01  1.0888E+00
  1.0527E+01 -1.2006E+01  8.7014E-01
  1.0487E+01 -1.1945E+01  5.9513E-01
  1.0397E+01 -1.2176E+01  4.4959E-01
  1.0288E+01 -1.2260E+01  3.1425E-01
  1.0374E+01 -1.2088E+01  1.7732E-01
  1.0409E+01 -1.2082E+01  5.1881E-02
  1.0404E+01 -1.2015E+01 -1.1373E-01
  1.0414E+01 -1.1919E+01 -1.5446E-01
  1.0367E+01 -1.1961E+01 -1.4364E-01
  1.0227E+01 -1.2171E+01 -1.0620E-01
  1.0285E+01 -1.2271E+01 -2.0569E-02
  1.0372E+01 -1.2314E+01  9.5935E-02
  1.0298E+01 -1.2434E+01  1.3911E-01
  1.0390E+01 -1.2257E+01  2.1304E-01
  1.0582E+01 -1.2155E+01  3.8538E-01
  1.0666E+01 -1.2186E+01  4.0321E-01
  1.0626E+01 -1.2373E+01  3.8166E-01
  1.0724E+01 -1.2484E+01  3.3514E-01
  1.0876E+01 -1.2349E+01  3.0753E-01
  1.0695E+01 -1.2144E+01  2.5711E-01
  1.0351E+01 -1.2009E+01  2.3526E-01
  1.0296E+01 -1.2058E+01  2.4943E-01
  1.0193E+01 -1.2116E+01  2.8446E-01
  9.8750E+00 -1.2070E+01  4.3723E-01
  9.6242E+00 -1.2022E+01  7.9315E-01
  9.6017E+00 -1.2064E+01  1.1039E+00
  9.6292E+00 -1.2043E+01  1.2695E+00
  9.6366E+00 -1.2127E+01  1.4594E+00
  9.6916E+00 -1.2284E+01  1.5491E+00
  9.6848E+00 -1.2408E+01  1.5092E+00
  9.7105E+00 -1.2410E+01  1.5296E+00
  9.8280E+00 -1.2280E+01  1.5166E+00
  9.8666E+00 -1.2211E+01  1.3111E+00
  9.7637E+00 -1.2245E+01  1.0545E+00
  9.7403E+00 -1.2078E+01  9.3997E-01
  9.8574E+00 -1.1862E+01  8.4043E-01
  9.7969E+00 -1.1817E+01  7.0791E-01
  9.6451E+00 -1.1885E+01  5.2258E-01
  9.6875E+00 -1.1656E+01  4.0155E-01
  9.7120E+00 -1.1529E+01  4.1854E-01
  9.6663E+00 -1.1546E+01  3.9322E-01
  9.6831E+00 -1.1399E+01  2.4175E-01
  9.6892E+00 -1.1373E+01  2.1246E-01
  9.7260E+00 -1.1334E+01  3.0771E-01
  9.8183E+00 -1.1344E+01  2.4687E-01
  9.7039E+00 -1.1489E+01  1.8038E-01
  9.5551E+00 -1.1474E+01  2.0335E-01
  9.4944E+00 -1.1698E+01  1.7194E-01
  9.4870E+00 -1.2095E+01  2.2451E-01
  9.4716E+00 -1.2172E+01  1.7107E-01
  9.3192E+00 -1.2305E+01  1.1899E-01
  9.1938E+00 -1.2249E+01  2.9438E-01
  9.0664E+00 -1.2275E+01  3.1457E-01
  8.9759E+00 -1.2409E+01  3.0144E-01
  8.9877E+00 -1.2215E+01  4.5262E-01
  9.0030E+00 -1.2376E+01  4.9170E-01
  9.1931E+00 -1.2279E+01  5.4305E-01
  9.3828E+00 -1.2231E+01  5.3382E-01
  9.5195E+00 -1.2252E+01  5.8290E-01
  9.6853E+00 -1.2231E+01  7.3336E-01
  9.6319E+00 -1.2412E+01  7.3347E-01
  9.4571E+00 -1.2466E+01  6.3949E-01
  9.4518E+00 -1.2484E+01  6.4302E-01
  9.4142E+00  1.2492E+01  6.7340E-01
  9.3302E+00 -1.2532E+01  7.7943E-01
  9.2469E+00 -1.2561E+01  9.0094E-01
  9.3605E+00 -1.2557E+01  8.8551E-01
  9.3716E+00 -1.2326E+01  9.0517E-01
  9.3032E+00 -1.2261E+01  9.0567E-01
  9.1226E+00 -1.2126E+01  8.2501E-01
  8.8290E+00 -1.2079E+01  7.3839E-01
  8.6590E+00 -1.2163E+01  5.4653E-01
  8.5363E+00 -1.1871E+01  3.6249E-01
  8.4250E+00 -1.1643E+01  3.2527E-01
  8.4004E+00 -1.1567E+01  2.7068E-01
  8.3611E+00 -1.1568E+01  2.7478E-01
  8.3237E+00 -1.1457E+01  2.3730E-01
  8.3994E+00 -1.1128E+01  1.4762E-01
  8.5343E+00 -1.0969E+01  1.8740E-02
  8.5929E+00 -1.1080E+01 -1.0721E-01
  8.6145E+00 -1.1375E+01 -2.0775E-01
  8.6593E+00 -1.1583E+01 -3.5023E-01
  8.6539E+00 -1.1794E+01 -4.3100E-01
  8.6769E+00 -1.1754E+01 -5.2246E-01
  8.7551E+00 -1.1874E+01 -6.9552E-01
  8.7271E+00 -1.1749E+01 -7.5507E-01
  8.7565E+00 -1.1674E+01 -1.0046E+00
  8.8011E+00 -1.1784E+01 -1.1974E+00
  8.7749E+00 -1.1826E+01 -1.1150E+00
  8.7456E+00 -1.1982E+01 -1.1332E+00
  8.6685E+00 -1.2320E+01 -1.1969E+00
  8.5074E+00 -1.2412E+01 -1.0981E+00
  8.3665E+00 -1.2324E+01 -1.0059E+00
  8.2423E+00 -1.2372E+01 -1.1554E+00
  8.4137E+00 -1.2293E+01 -1.3544E+00
  8.8044E+00 -1.2128E+01 -1.5228E+00
  9.1226E+00 -1.2073E+01 -1.7369E+00
  9.3991E+00 -1.2019E+01 -1.8213E+00
  9.7221E+00 -1.1996E+01 -1.7196E+00
  9.9780E+00 -1.2189E+01 -1.6941E+00
  1.0193E+01 -1.2392E+01 -1.6458E+00
  1.0381E+01  1.2598E+01 -1.2657E+00
  1.0447E+01  1.2559E+01 -1.0076E+00
  1.0799E+01 -1.2551E+01 -1.0082E+00
  1.1108E+01 -1.2414E+01 -8.6131E-01
  1.1163E+01 -1.2296E+01 -5.7167E-01
  1.1094E+01 -1.2170E+01 -3.1185E-01
  1.1262E+01 -1.2294E+01 -2.7441E-01
  1.1205E+01 -1.2482E+01 -3.0700E-01
  1.0956E+01 -1.2503E+01 -1.9013E-01
  1.0650E+01 -1.2449E+01 -3.0616E-02
  1.0651E+01  1.2457E+01 -4.7539E-03
  1.0710E+01  1.2339E+01  1.7050E-01
  1.0677E+01  1.2330E+01  3.9445E-01
  1.0527E+01  1.2293E+01  5.7884E-01
  1.0650E+01  1.1901E+01  6.7027E-01
  1.0775E+01  1.1719E+01  8.0251E-01
  1.0714E+01  1.1734E+01  9.9897E-01
  1.0773E+01  1.1463E+01  1.1399E+00
  1.0796E+01  1.1198E+01  1.1876E+00
  1.0734E+01  1.1182E+01  1.3387E+00
  1.0559E+01  1.0991E+01  1.4450E+00
  1.0351E+01  1.0655E+01  1.6741E+00
  1.0137E+01  1.0548E+01  1.5461E+00
  9.7394E+00  1.0602E+01  1.3047E+00
  9.4538E+00  1.0630E+01  1.2854E+00
  9.4625E+00  1.0728E+01  1.4073E+00
  9.6740E+00  1.0949E+01  1.4916E+00
  9.6611E+00  1.1183E+01  1.5714E+00
  9.5162E+00  1.1197E+01  1.5227E+00
  9.2660E+00  1.1248E+01  1.4159E+00
  9.0852E+00  1.1390E+01  1.1981E+00
  9.1119E+00  1.1524E+01  1.0289E+00
  9.3464E+00  1.1500E+01  7.5572E-01
  9.5570E+00  1.1367E+01  5.9481E-01
  9.7097E+00  1.1373E+01  6.4924E-01
  9.7544E+00  1.1375E+01  7.3046E-01
  9.7000E+00  1.1299E+01  8.6973E-01
  9.5594E+00  1.1299E+01  8.4363E-01
  9.5091E+00  1.1217E+01  7.7919E-01
  9.6241E+00  1.0998E+01  6.7040E-01
  9.7131E+00  1.0908E+01  7.4453E-01
  9.6666E+00  1.0890E+01  8.1667E-01
  9.5545E+00  1.0722E+01  9.1991E-01
  9.4576E+00  1.0516E+01  1.2221E+00
  9.3455E+00  1.0384E+01  1.4260E+00
  9.2851E+00  1.0359E+01  1.2540E+00
  9.1919E+00  1.0574E+01  1.2241E+00
  9.1996E+00  1.0850E+01  1.3952E+00
  9.0914E+00  1.1194E+01  1.1587E+00
  9.0773E+00  1.1291E+01  9.4497E-01
  8.9487E+00  1.1181E+01  1.0163E+00
  8.9264E+00  1.1129E+01  1.0892E+00
  9.1067E+00  1.1178E+01  9.7548E-01
  9.2581E+00  1.1204E+01  8.6926E-01
  9.1817E+00  1.1093E+01  1.0578E+00
  9.2942E+00  1.1122E+01  1.2350E+00
  9.4890E+00  1.1268E+01  1.1160E+00
  9.6124E+00  1.1143E+01  9.5804E-01
  9.6477E+00  1.0918E+01  1.0578E+00
  9.7698E+00  1.0618E+01  1.2950E+00
  9.9312E+00  1.0379E+01  1.1298E+00
  1.0082E+01  1.0235E+01  8.9807E-01
  1.0087E+01  9.9987E+00  7.4633E-01
  9.9586E+00  9.8107E+00  8.2492E-01
  1.0141E+01  9.7657E+00  7.6725E-01
  1.0302E+01  9.7243E+00  7.4625E-01
  1.0279E+01  9.7679E+00  9.0240E-01
  1.0270E+01  9.8561E+00  7.7346E-01
  1.0488E+01  1.0023E+01  7.6179E-01
  1.0630E+01  1.0131E+01  8.4834E-01
  1.0766E+01  1.0198E+01  9.6195E-01
  1.0983E+01  1.0271E+01  9.9712E-01
  1.1214E+01  1.0340E+01  9.4797E-01
  1.1426E+01  1.0355E+01  1.0543E+00
  1.1627E+01  1.0378E+01  1.1309E+00
  1.1788E+01  1.0474E+01  1.1119E+00
  1.1866E+01  1.0515E+01  1.1651E+00
  1.1858E+01  1.0560E+01  1.2410E+00
  1.1797E+01  1.0618E+01  1.2724E+00
  1.1965E+01  1.0786E+01  1.2416E+00
  1.2140E+01  1.1027E+01  1.3641E+00
  1.2136E+01  1.1176E+01  1.5458E+00
  1.2041E+01  1.1213E+01  1.7168E+00
  1.1884E+01  1.1301E+01  1.7761E+00
  1.1796E+01  1.1472E+01  1.6880E+00
  1.1648E+01  1.1579E+01  1.6988E+00
  1.1355E+01  1.1550E+01  1.7716E+00
  1.0948E+01  1.1476E+01  1.6637E+00
  1.0539E+01  1.1504E+01  1.2789E+00
  1.0324E+01  1.1407E+01  1.0966E+00
  1.0267E+01  1.1313E+01  1.1415E+00
  1.0111E+01  1.1271E+01  9.3512E-01
  9.9429E+00  1.1066E+01  7.5103E-01
  9.9571E+00  1.1032E+01  1.0121E+00
  9.8825E+00  1.1182E+01  1.0871E+00
  9.7939E+00  1.1185E+01  1.3036E+00
  9.9700E+00  1.1120E+01  1.4322E+00
  1.0041E+01  1.1320E+01  1.7018E+00
  1.0155E+01  1.1249E+01  1.8608E+00
  1.0052E+01  1.1352E+01  1.8527E+00
  9.8501E+00  1.1255E+01  1.9534E+00
  9.7277E+00  1.1268E+01  2.1717E+00
  9.7232E+00  1.1238E+01  2.2466E+00
  9.6915E+00  1.1015E+01  2.3888E+00
  9.5342E+00  1.1028E+01  2.5985E+00
  9.5184E+00  1.0788E+01  2.6053E+00
  9.4548E+00  1.0887E+01  2.7193E+00
  9.4962E+00  1.0930E+01  2.9217E+00
  9.5017E+00  1.0894E+01  3.1053E+00
  9.3449E+00  1.1091E+01  3.1518E+00
  9.5505E+00  1.1112E+01  3.2798E+00
  9.6593E+00  1.1272E+01  3.3998E+00
  9.6933E+00  1.1438E+01  3.5730E+00
  9.8203E+00  1.1414E+01  3.6057E+00
  9.9316E+00  1.1379E+01  3.5326E+00
  9.9816E+00  1.1118E+01  3.4918E+00
  9.9866E+00  1.0967E+01  3.4600E+00
  1.0148E+01  1.1061E+01  3.6663E+00
  1.0055E+01  1.1112E+01  3.8665E+00
  1.0021E+01  1.1171E+01  3.9211E+00
  1.0031E+01  1.1143E+01  3.9291E+00
  9.8163E+00  1.1136E+01  3.8585E+00
  9.6802E+00  1.1066E+01  3.8245E+00
  9.5337E+00  1.1140E+01  3.8832E+00
  9.4953E+00  1.1177E+01  3.9480E+00
  9.4752E+00  1.1123E+01  4.0734E+00
  9.3367E+00  1.1143E+01  4.2608E+00
  9.3394E+00  1.1145E+01  4.5522E+00
  9.3078E+00  1.1154E+01  4.6594E+00
  9.3185E+00  1.1086E+01  4.7226E+00
  9.3727E+00  1.0974E+01  4.6941E+00
  9.4218E+00  1.1037E+01  4.7083E+00
  9.5231E+00  1.1098E+01  4.8286E+00
  9.5475E+00  1.1072E+01  4.8520E+00
  9.5306E+00  1.0842E+01  4.7165E+00
  9.5246E+00  1.0795E+01  4.5689E+00
  9.5612E+00  1.0702E+01  4.5148E+00
  9.4736E+00  1.0643E+01  4.3606E+00
  9.1991E+00  1.0611E+01  4.1636E+00
  8.9340E+00  1.0557E+01  4.0931E+00
  8.6172E+00  1.0624E+01  4.0068E+00
  8.4190E+00  1.0677E+01  3.8820E+00
  8.2094E+00  1.0815E+01  3.7734E+00
  8.1442E+00  1.1057E+01  3.7128E+00
  8.1751E+00  1.1096E+01  3.5653E+00
  8.2283E+00  1.1151E+01  3.4092E+00
  8.2892E+00  1.1117E+01  3.2807E+00
  8.2309E+00  1.1082E+01  3.2320E+00
  8.2790E+00  1.1067E+01  3.2084E+00
  8.3433E+00  1.1207E+01  3.3239E+00
  8.5251E+00  1.1246E+01  3.8101E+00
  8.7170E+00  1.1256E+01  4.0056E+00
  8.7794E+00  1.1387E+01  3.8754E+00
  8.7438E+00  1.1414E+01  3.8015E+00
  8.7320E+00  1.1371E+01  3.9548E+00
  8.6761E+00  1.1370E+01  3.9768E+00
  8.6158E+00  1.1324E+01  3.8090E+00
  8.6367E+00  1.1217E+01  3.6854E+00
  8.7866E+00  1.1300E+01  3.6578E+00
  8.9644E+00  1.1366E+01  3.8246E+00
  9.0337E+00  1.1527E+01  4.0881E+00
  9.0205E+00  1.1664E+01  4.2093E+00
  9.1558E+00  1.1530E+01  4.2419E+00
  9.3834E+00  1.1376E+01  4.0822E+00
  9.5210E+00  1.1493E+01  3.8030E+00
  9.6434E+00  1.1608E+01  3.7502E+00
  9.7601E+00  1.1709E+01  3.7993E+00
  9.7965E+00  1.1705E+01  3.7759E+00
  9.8676E+00  1.1587E+01  3.7091E+00
  1.0028E+01  1.1517E+01  3.4652E+00
  1.0095E+01  1.1518E+01  3.1883E+00
  1.0013E+01  1.1628E+01  3.0195E+00
  9.8727E+00  1.1815E+01  3.0030E+00
  9.7497E+00  1.2066E+01  3.1298E+00
  9.5980E+00  1.2250E+01  3.1104E+00
  9.4264E+00  1.2424E+01  3.0276E+00
  9.3375E+00  1.2382E+01  2.8869E+00
  9.3894E+00  1.2280E+01  2.7012E+00
  9.5706E+00  1.2134E+01  2.4334E+00
  9.7352E+00  1.1991E+01  2.2417E+00
  9.8943E+00  1.2015E+01  2.2187E+00
  1.0100E+01  1.2232E+01  2.1651E+00
  1.0315E+01  1.2376E+01  2.0286E+00
  1.0428E+01  1.2393E+01  1.9230E+00
  1.0360E+01  1.2398E+01  1.8083E+00
  1.0246E+01  1.2572E+01  1.6397E+00
  1.0241E+01 -1.2420E+01  1.6045E+00
  1.0182E+01 -1.2356E+01  1.6297E+00
  1.0017E+01 -1.2354E+01  1.5310E+00
  9.9576E+00 -1.2291E+01  1.4959E+00
