  1.1774E+01  3.1388E+00  1.5657E-01
  1.1764E+01  2.9549E+00  2.9725E-01
  1.1738E+01  2.7697E+00  4.5826E-01
  1.1883E+01  2.6618E+00  5.3783E-01
  1.1911E+01  2.7281E+00  5.1539E-01
  1.1869E+01  2.9023E+00  4.0821E-01
  1.1935E+01  3.1355E+00  3.5253E-01
  1.1995E+01  3.1662E+00  3.8364E-01
  1.1987E+01  3.0986E+00  4.1417E-01
  1.1878E+01  3.0958E+00  4.0485E-01
  1.1818E+01  3.2568E+00  3.5283E-01
  1.1831E+01  3.4669E+00  3.1891E-01
  1.1655E+01  3.5684E+00  3.1289E-01
  1.1350E+01  3.5040E+00  2.9841E-01
  1.1196E+01  3.4871E+00  2.6499E-01
  1.1107E+01  3.5852E+00  2.3644E-01
  1.1198E+01  3.6122E+00  1.9208E-01
  1.1219E+01  3.6560E+00  2.0234E-01
  1.1175E+01  3.7066E+00  2.7796E-01
  1.1283E+01  3.7001E+00  3.5372E-01
  1.1510E+01  3.6671E+00  4.3137E-01
  1.1642E+01  3.6367E+00  5.4884E-01
  1.1551E+01  3.6951E+00  6.9627E-01
  1.1382E+01  3.7452E+00  8.6370E-01
  1.1048E+01  3.8048E+00  9.5933E-01
  1.0685E+01  3.7707E+00  1.0624E+00
  1.0359E+01  3.8297E+00  1.1561E+00
  9.9977E+00  4.0439E+00  1.0455E+00
  9.8197E+00  4.3476E+00  1.0533E+00
  9.7759E+00  4.6179E+00  1.0169E+00
  9.6622E+00  4.8799E+00  8.7302E-01
  9.6821E+00  5.2963E+00  8.4727E-01
  9.7258E+00  5.7505E+00  8.0075E-01
  9.6860E+00  6.1556E+00  6.7142E-01
  9.9012E+00  6.4627E+00  6.3877E-01
  1.0073E+01  6.5660E+00  4.9435E-01
  1.0083E+01  6.5272E+00  2.6953E-01
  1.0215E+01  6.4178E+00  6.3168E-02
  1.0383E+01  6.4033E+00 -1.0609E-01
  1.0398E+01  6.4934E+00 -4.0521E-01
  1.0461E+01  6.5436E+00 -5.8888E-01
  1.0408E+01  6.4501E+00 -6.2831E-01
  1.0352E+01  6.4728E+00 -7.2049E-01
  1.0425E+01  6.5675E+00 -8.9066E-01
  1.0388E+01  6.5313E+00 -9.7175E-01
  1.0359E+01  6.4622E+00 -9.0940E-01
  1.0417E+01  6.5513E+00 -9.9635E-01
  1.0618E+01  6.4336E+00 -1.2106E+00
  1.0625E+01  6.2936E+00 -1.0381E+00
  1.0465E+01  6.2937E+00 -9.0929E-01
  1.0522E+01  6.2880E+00 -9.9308E-01
  1.0599E+01  6.3742E+00 -1.1659E+00
  1.0314E+01  6.3056E+00 -1.0895E+00
  1.0238E+01  6.1032E+00 -1.1151E+00
  1.0310E+01  5.9730E+00 -1.3433E+00
  1.0284E+01  5.8788E+00 -1.6820E+00
  1.0178E+01  5.8775E+00 -1.7419E+00
  9.9758E+00  6.0068E+00 -1.6678E+00
  9.6691E+00  6.0456E+00 -1.6685E+00
  9.3964E+00  6.0230E+00 -1.6766E+00
  9.4032E+00  6.1889E+00 -1.7805E+00
  9.1926E+00  6.2483E+00 -1.9766E+00
  8.8720E+00  6.1277E+00 -1.7800E+00
  8.8218E+00  6.2665E+00 -1.5076E+00
  8.6653E+00  6.2684E+00 -1.4789E+00
  8.8623E+00  6.3084E+00 -1.7215E+00
  8.8917E+00  6.1501E+00 -1.6304E+00
  8.9243E+00  6.0077E+00 -1.4608E+00
  9.1752E+00  5.9461E+00 -1.4708E+00
  9.2347E+00  5.8041E+00 -1.6026E+00
  9.2817E+00  5.8064E+00 -1.4005E+00
  9.1859E+00  5.8829E+00 -1.1284E+00
  9.2093E+00  5.8267E+00 -1.1192E+00
  9.4042E+00  5.9729E+00 -8.7808E-01
  9.2691E+00  5.8908E+00 -7.1120E-01
  9.1186E+00  5.8747E+00 -7.0674E-01
  9.4091E+00  5.8467E+00 -1.0279E+00
  9.6906E+00  5.5931E+00 -1.0938E+00
  9.7392E+00  5.5335E+00 -1.1424E+00
  9.7760E+00  5.6708E+00 -1.1388E+00
  9.7393E+00  5.5521E+00 -1.3497E+00
  9.6100E+00  5.3936E+00 -1.4934E+00
  9.5076E+00  5.4719E+00 -1.3903E+00
  9.5004E+00  5.1681E+00 -1.0506E+00
  9.4660E+00  4.9380E+00 -7.0274E-01
  9.4305E+00  4.9388E+00 -5.5532E-01
  9.4361E+00  5.0507E+00 -5.4988E-01
  9.3673E+00  5.2132E+00 -6.4486E-01
  9.0153E+00  5.3076E+00 -6.5038E-01
  8.7802E+00  5.5191E+00 -5.5175E-01
  8.9532E+00  5.6401E+00 -2.8900E-01
  9.0869E+00  5.8279E+00 -1.2054E-01
  9.1588E+00  5.8288E+00 -6.0094E-02
  9.1764E+00  5.6672E+00 -6.9292E-02
  9.1133E+00  5.5029E+00 -1.2277E-01
  9.0921E+00  5.4007E+00 -1.0756E-01
  9.1671E+00  5.3939E+00 -2.5075E-02
  9.1761E+00  5.3648E+00 -9.0689E-02
  9.1209E+00  5.4245E+00 -4.6323E-02
  9.0268E+00  5.3842E+00  4.6758E-02
  9.0874E+00  5.3337E+00  2.6339E-01
  9.2337E+00  5.3266E+00  4.3722E-01
  9.1003E+00  5.3566E+00  5.6846E-01
  8.9567E+00  5.2094E+00  5.8586E-01
  8.8203E+00  4.9769E+00  5.8137E-01
  8.5818E+00  4.8112E+00  5.8506E-01
  8.4797E+00  4.8605E+00  1.6373E-01
  8.3506E+00  5.0235E+00  1.5274E-01
  8.2546E+00  5.2153E+00  2.3905E-01
  8.3432E+00  5.4252E+00  1.5252E-01
  8.3626E+00  5.7047E+00  1.4795E-01
  8.4047E+00  5.8942E+00 -1.0618E-02
  8.4386E+00  5.9644E+00  6.3613E-03
  8.4222E+00  6.0974E+00  9.7869E-02
  8.4849E+00  6.2355E+00  8.1933E-02
  8.4116E+00  6.2585E+00  1.7002E-01
  8.3057E+00  6.1295E+00  2.1323E-01
  8.1933E+00  5.9771E+00  2.5729E-01
  8.0811E+00  5.9563E+00  2.8769E-01
  8.1694E+00  6.0756E+00  1.4272E-01
  8.2049E+00  6.2146E+00  1.8968E-01
  8.1799E+00  6.2143E+00  2.1099E-01
  8.1537E+00  6.1535E+00  3.3568E-02
  8.1165E+00  6.3113E+00 -9.0351E-03
  8.1926E+00  6.4830E+00  2.8995E-02
  8.4684E+00  6.4790E+00  6.2310E-02
  8.5400E+00  6.5347E+00  9.4361E-02
  8.5995E+00  6.5244E+00 -3.5027E-02
  8.7505E+00  6.3633E+00 -1.4215E-02
  8.6035E+00  6.1066E+00 -8.0465E-02
  8.4321E+00  6.0796E+00 -1.1009E-01
  8.3077E+00  6.1097E+00  1.0042E-02
  8.2113E+00  6.2042E+00  2.8816E-01
  8.1750E+00  6.3251E+00  3.5240E-01
  8.1176E+00  6.4858E+00  1.5587E-01
  7.9989E+00  6.6760E+00  2.8041E-01
  8.1840E+00  6.7592E+00  3.2455E-01
  8.2257E+00  6.6886E+00  2.1126E-01
  8.2129E+00  6.6914E+00  1.6638E-01
  8.1859E+00  6.6027E+00  3.2735E-02
  8.2824E+00  6.4254E+00  5.3609E-02
  8.1793E+00  6.2123E+00  2.3225E-01
  8.1306E+00  6.0414E+00  3.1605E-01
  8.1026E+00  5.9694E+00  2.5043E-01
  8.0798E+00  5.9591E+00  5.6015E-02
  8.0219E+00  5.9872E+00 -5.8731E-02
  8.0738E+00  6.0272E+00 -1.6415E-01
  8.0866E+00  6.0731E+00 -2.1760E-01
  8.0653E+00  6.0835E+00 -2.5077E-01
  8.1551E+00  6.0160E+00 -4.3719E-01
  8.0765E+00  5.7788E+00 -5.2398E-01
  8.0602E+00  5.5110E+00 -4.7854E-01
  8.2378E+00  5.2256E+00 -2.6820E-01
  8.3173E+00  5.0241E+00 -5.5837E-02
  8.3312E+00  4.9510E+00  2.9977E-02
  8.4775E+00  4.8959E+00  1.4155E-01
  8.5865E+00  4.8671E+00  3.7499E-01
  8.6403E+00  5.0058E+00  4.2726E-01
  8.6122E+00  5.3333E+00  2.7679E-01
  8.5145E+00  5.7804E+00  2.0670E-01
  8.4671E+00  6.1634E+00  2.6786E-01
  8.5477E+00  6.6724E+00  2.2234E-01
  8.4535E+00  6.7218E+00  3.4792E-01
  8.3500E+00  6.4541E+00  3.1229E-01
  8.2679E+00  6.2766E+00  4.8917E-01
  8.2036E+00  6.1968E+00  4.9162E-01
  8.2488E+00  6.1271E+00  4.1231E-01
  8.3954E+00  6.0084E+00  2.6940E-01
  8.5763E+00  5.9416E+00  2.3064E-01
  8.7152E+00  5.8947E+00  2.0963E-01
  8.8261E+00  5.9517E+00  7.9440E-02
  8.6557E+00  6.1349E+00  7.4824E-02
  8.3468E+00  6.3477E+00  2.7587E-02
  8.3520E+00  6.4858E+00  9.7615E-02
  8.3828E+00  6.6810E+00  1.7296E-01
  8.3602E+00  6.9037E+00  2.9777E-02
  8.3720E+00  6.7929E+00 -1.3953E-01
  8.4317E+00  6.7561E+00  9.3200E-02
  8.5386E+00  6.7228E+00  3.1943E-01
  8.8831E+00  6.6629E+00  1.3496E-01
  8.9866E+00  6.4817E+00 -3.7972E-02
  8.8322E+00  6.3728E+00 -9.4300E-03
  8.9874E+00  6.3675E+00 -1.7599E-01
  9.0301E+00  6.3453E+00 -2.2445E-01
  8.8730E+00  6.3679E+00 -1.6720E-01
  8.8821E+00  6.3197E+00 -4.4886E-02
  8.8589E+00  6.5858E+00  5.9315E-02
  8.8169E+00  6.8033E+00 -8.6432E-02
  8.7775E+00  6.7160E+00 -1.7434E-01
  8.7623E+00  6.7396E+00  4.4761E-02
  8.9011E+00  6.6435E+00 -1.0321E-01
  8.7575E+00  6.6686E+00 -1.8721E-02
  8.7956E+00  6.6457E+00  5.4543E-02
  8.9428E+00  6.4465E+00  7.8289E-02
  8.7887E+00  6.3587E+00  3.5465E-01
  8.7867E+00  6.2934E+00  5.0681E-01
  8.8650E+00  6.1741E+00  2.8434E-01
  8.5097E+00  6.0160E+00  4.8495E-01
  8.4752E+00  6.0633E+00  6.3764E-01
  8.6422E+00  6.1408E+00  5.0820E-01
  8.6977E+00  6.2403E+00  4.2196E-01
  8.5451E+00  6.3018E+00  5.4089E-01
  8.4047E+00  6.2098E+00  5.1717E-01
  8.2988E+00  6.0285E+00  5.3244E-01
  8.2675E+00  5.8587E+00  5.4714E-01
  8.2504E+00  5.8439E+00  2.9206E-01
  8.2463E+00  5.8074E+00  3.5021E-01
  8.3686E+00  5.7169E+00  4.1930E-01
  8.5302E+00  5.7467E+00  3.9067E-01
  8.5828E+00  5.8384E+00  3.4855E-01
  8.7945E+00  5.8359E+00  4.3599E-01
  8.8589E+00  5.9184E+00  5.9062E-01
  8.6887E+00  6.1011E+00  6.5836E-01
  8.5485E+00  6.0521E+00  5.1913E-01
  8.3647E+00  5.8686E+00  5.3313E-01
  7.9856E+00  5.8120E+00  3.8732E-01
  7.9036E+00  5.7561E+00  1.9661E-01
  7.8973E+00  5.8414E+00  4.0196E-01
  7.9052E+00  5.8987E+00  5.3781E-01
  7.9084E+00  5.9879E+00  3.6265E-01
  7.8381E+00  6.0644E+00  2.0452E-01
  8.0336E+00  6.0687E+00  3.3351E-01
  8.2468E+00  5.9848E+00  3.9748E-01
  8.3616E+00  6.0844E+00  3.4676E-01
  8.4672E+00  6.2273E+00  3.2171E-01
  8.6593E+00  6.1811E+00  2.2906E-01
  8.8570E+00  5.9808E+00  3.4925E-01
  8.9656E+00  6.0044E+00  4.3571E-01
  9.0722E+00  6.1887E+00  2.5241E-01
  8.8872E+00  6.4313E+00  1.3035E-01
  8.8421E+00  6.3886E+00  2.6535E-02
  8.7601E+00  6.3915E+00  2.6547E-01
  8.6971E+00  6.6003E+00  3.8081E-02
  8.7358E+00  6.8291E+00  4.4717E-02
  8.7485E+00  6.8079E+00  1.5731E-01
  8.8098E+00  6.6858E+00  2.1071E-01
  8.7111E+00  6.5898E+00 -1.3513E-01
  8.6866E+00  6.4107E+00 -2.6112E-01
  8.7764E+00  6.1639E+00 -1.8983E-01
  8.7339E+00  5.9025E+00 -2.7433E-01
  8.4958E+00  5.8729E+00 -1.8150E-01
  8.2697E+00  6.0206E+00 -1.8618E-01
  8.3927E+00  6.2480E+00 -3.1065E-02
  8.7582E+00  6.5028E+00 -1.5881E-02
  8.9076E+00  6.7334E+00  8.8416E-02
  8.8713E+00  6.7324E+00  2.3042E-01
  8.7942E+00  6.5918E+00  3.0513E-01
  9.0159E+00  6.5681E+00  3.9735E-01
  8.9537E+00  6.5730E+00  3.4652E-01
  8.8447E+00  6.3390E+00  3.5270E-01
  8.9259E+00  6.1328E+00  4.3453E-01
  9.0078E+00  6.0268E+00  2.1849E-01
  9.0512E+00  6.2907E+00  2.4177E-02
  9.1009E+00  6.6252E+00 -9.0766E-02
  9.0756E+00  6.7963E+00 -1.0149E-01
  8.9129E+00  6.7923E+00 -2.7274E-02
  8.7854E+00  6.6686E+00  2.8306E-02
  8.6795E+00  6.4463E+00 -8.8288E-02
  8.7551E+00  6.2417E+00 -8.3451E-02
  8.7964E+00  6.1820E+00 -7.4325E-02
  8.9005E+00  6.1763E+00 -4.4759E-02
  8.9867E+00  6.2544E+00  6.8000E-03
  8.9231E+00  6.2882E+00  1.0146E-01
  8.6699E+00  6.4410E+00  1.6134E-01
  8.5241E+00  6.6672E+00  2.7301E-01
  8.8038E+00  6.8216E+00  2.4006E-01
  9.0470E+00  6.7779E+00  1.8821E-01
  8.8832E+00  6.7274E+00  3.6107E-01
  8.7115E+00  6.6854E+00  8.8730E-02
  8.6917E+00  6.8045E+00  1.3507E-01
  8.7259E+00  6.6163E+00  2.3306E-01
  8.5498E+00  6.5790E+00  9.5647E-02
  8.4253E+00  6.7400E+00  9.1802E-02
  8.4353E+00  6.9392E+00 -1.2707E-02
  8.6181E+00  6.8882E+00 -1.3442E-01
  8.5723E+00  6.9157E+00 -2.1190E-03
  8.4580E+00  6.9823E+00 -1.5443E-01
  8.4557E+00  6.9704E+00 -1.4793E-01
  8.4470E+00  6.8003E+00  1.2350E-01
  8.3746E+00  6.4189E+00  3.0245E-01
  8.4174E+00  6.1025E+00  3.5994E-01
  8.4741E+00  5.9867E+00  4.5026E-01
  8.3906E+00  6.0261E+00  4.8364E-01
  8.3834E+00  6.2190E+00  3.7326E-01
  8.5820E+00  6.2232E+00  3.1034E-01
  8.6483E+00  6.3510E+00  1.2182E-01
  8.6379E+00  6.6918E+00  4.3456E-02
  8.8429E+00  7.0434E+00 -8.4661E-02
  8.8383E+00  7.2382E+00 -1.0247E-02
  8.7906E+00  7.4648E+00  2.0547E-01
  8.7791E+00  7.4566E+00  9.0233E-02
  8.7092E+00  7.1409E+00  1.6413E-01
  8.7222E+00  6.7443E+00  2.8697E-01
  8.7720E+00  6.4811E+00  1.7913E-01
  8.9877E+00  6.5341E+00  3.3228E-01
  9.2443E+00  6.5886E+00  5.6191E-01
  9.5067E+00  6.3737E+00  3.7529E-01
  9.6935E+00  6.0510E+00  3.7032E-01
  9.7897E+00  5.9212E+00  4.6066E-01
  9.8359E+00  5.7750E+00  1.5691E-01
  9.8317E+00  5.6859E+00 -5.4810E-02
  9.7749E+00  5.6875E+00  2.5887E-03
  9.6481E+00  5.6688E+00 -2.8989E-01
  9.5707E+00  5.7757E+00 -1.4436E-02
  9.4210E+00  6.0016E+00  8.3404E-03
  9.2008E+00  6.1613E+00 -6.6937E-02
  9.0682E+00  6.2810E+00  1.2997E-01
  9.0697E+00  6.2906E+00  3.3802E-01
  9.0889E+00  6.3940E+00 -2.6007E-02
  9.2918E+00  6.4926E+00 -3.1140E-01
  9.1860E+00  6.5355E+00 -2.3687E-01
  8.8860E+00  6.3387E+00 -1.9941E-01
  8.7790E+00  6.1654E+00 -3.6246E-01
  8.9887E+00  6.1057E+00 -4.4731E-01
  9.0794E+00  6.2479E+00 -3.8460E-01
  8.9464E+00  6.3967E+00 -4.2869E-01
  8.8867E+00  6.3746E+00 -4.4804E-01
  9.0070E+00  6.1535E+00 -4.2550E-01
  9.0344E+00  6.0051E+00 -5.1867E-01
  9.1283E+00  5.9012E+00 -4.2756E-01
  9.1951E+00  5.7931E+00 -4.6186E-01
  9.1114E+00  5.7590E+00 -5.4637E-01
  9.0434E+00  5.8031E+00 -5.5025E-01
  8.9661E+00  5.9574E+00 -7.1411E-01
  8.8540E+00  6.2198E+00 -7.7947E-01
  8.8349E+00  6.5263E+00 -8.1096E-01
  8.8241E+00  6.8876E+00 -7.1569E-01
  8.8294E+00  7.1267E+00 -6.7592E-01
  8.8658E+00  6.8975E+00 -8.0051E-01
  8.9323E+00  6.7656E+00 -7.1103E-01
  9.0459E+00  6.9071E+00 -8.5569E-01
  9.1115E+00  7.1728E+00 -9.3932E-01
  9.0251E+00  7.4468E+00 -9.5271E-01
  8.9408E+00  7.7554E+00 -9.6307E-01
  9.0413E+00  7.9077E+00 -1.0462E+00
  9.2057E+00  7.8818E+00 -1.2247E+00
  9.3084E+00  7.8826E+00 -1.2793E+00
  9.2272E+00  7.9454E+00 -1.0895E+00
  8.9765E+00  7.9034E+00 -9.3380E-01
  9.0196E+00  7.8996E+00 -8.8498E-01
  9.0950E+00  7.7587E+00 -1.1154E+00
  8.9949E+00  7.6867E+00 -1.3898E+00
  9.1068E+00  7.8868E+00 -1.3507E+00
  9.1777E+00  7.7732E+00 -1.6317E+00
  9.4236E+00  7.6941E+00 -1.5585E+00
  9.4473E+00  7.5789E+00 -1.4199E+00
  9.5130E+00  7.4684E+00 -1.2923E+00
  9.8121E+00  7.2999E+00 -1.2076E+00
  9.8995E+00  7.1188E+00 -1.2834E+00
  1.0052E+01  6.9864E+00 -1.0612E+00
  1.0047E+01  6.8514E+00 -9.4363E-01
  9.9380E+00  6.5766E+00 -9.6023E-01
  9.8335E+00  6.4360E+00 -8.7986E-01
  9.5867E+00  6.3812E+00 -8.7623E-01
  9.3515E+00  6.4294E+00 -7.6397E-01
  9.2013E+00  6.5387E+00 -5.9643E-01
  9.2437E+00  6.6973E+00 -6.1190E-01
  9.2655E+00  6.7979E+00 -6.6355E-01
  9.2740E+00  6.8037E+00 -5.2072E-01
  9.4390E+00  6.8395E+00 -5.3626E-01
  9.4980E+00  6.9154E+00 -7.0262E-01
  9.5045E+00  7.1802E+00 -5.3651E-01
  9.4281E+00  7.0250E+00 -5.3095E-01
  9.3774E+00  6.7633E+00 -5.7684E-01
  9.2603E+00  6.7011E+00 -5.8246E-01
  9.2315E+00  6.7551E+00 -7.6007E-01
  9.4107E+00  7.0348E+00 -8.3234E-01
  9.4982E+00  7.4062E+00 -9.8008E-01
  9.5172E+00  7.5778E+00 -1.1776E+00
  9.7589E+00  7.6229E+00 -1.0864E+00
  9.8602E+00  7.4905E+00 -1.1760E+00
  9.7406E+00  7.3192E+00 -1.2759E+00
  9.8495E+00  7.1288E+00 -1.1463E+00
  9.8026E+00  7.0201E+00 -1.0324E+00
  9.7109E+00  7.0548E+00 -1.0427E+00
  9.3852E+00  7.0836E+00 -8.4496E-01
  9.2050E+00  7.0901E+00 -7.2019E-01
  9.0361E+00  7.2278E+00 -6.4290E-01
  8.7636E+00  7.4004E+00 -5.7909E-01
  8.6072E+00  7.4885E+00 -6.2433E-01
  8.4569E+00  7.4520E+00 -8.0957E-01
  8.2566E+00  7.5484E+00 -6.6506E-01
  8.0071E+00  7.6158E+00 -7.6474E-01
  8.1692E+00  7.7233E+00 -7.7502E-01
  8.2451E+00  7.7044E+00 -6.9160E-01
  8.1492E+00  7.5524E+00 -7.6902E-01
  7.9871E+00  7.3915E+00 -5.4543E-01
  7.9845E+00  7.3059E+00 -3.9865E-01
  7.8915E+00  7.3346E+00 -6.3502E-01
  7.9609E+00  7.3783E+00 -7.9972E-01
  7.9141E+00  7.3366E+00 -5.6509E-01
  7.9386E+00  7.2781E+00 -5.2335E-01
  8.0958E+00  7.3644E+00 -5.0134E-01
  8.1558E+00  7.4474E+00 -4.5645E-01
  8.2927E+00  7.4905E+00 -2.3007E-01
  8.4413E+00  7.2601E+00 -2.7057E-01
  8.6417E+00  7.0854E+00 -2.8318E-01
  8.8124E+00  7.0511E+00 -2.3441E-01
  8.6912E+00  7.0894E+00 -2.0105E-01
  8.6770E+00  7.0798E+00 -1.8159E-01
