  1.1876E+01  8.7128E+00  2.6982E-01
  1.2125E+01  8.7593E+00  4.4175E-01
  1.2285E+01  8.9995E+00  5.1681E-01
  1.2301E+01  9.0320E+00  5.1004E-01
  1.2275E+01  8.8459E+00  5.5842E-01
  1.2293E+01  8.7274E+00  3.9987E-01
  1.2275E+01  8.6152E+00  1.5162E-01
  1.2256E+01  8.5509E+00 -1.1792E-01
  1.2351E+01  8.6606E+00 -3.0648E-01
  1.2374E+01  8.6623E+00 -3.9308E-01
  1.2432E+01  8.6151E+00 -4.4091E-01
  1.2539E+01  8.5538E+00 -4.3292E-01
 -1.2573E+01  8.5951E+00 -4.1590E-01
 -1.2505E+01  8.7147E+00 -4.8010E-01
 -1.2578E+01  8.7041E+00 -5.4592E-01
  1.2435E+01  8.7109E+00 -5.3398E-01
  1.2353E+01  8.6818E+00 -4.8650E-01
  1.2406E+01  8.6146E+00 -5.4736E-01
  1.2395E+01  8.5706E+00 -6.0799E-01
  1.2239E+01  8.6328E+00 -5.9168E-01
  1.1943E+01  8.6313E+00 -6.6055E-01
  1.1566E+01  8.5218E+00 -7.9044E-01
  1.1394E+01  8.3769E+00 -1.0270E+00
  1.1447E+01  8.1812E+00 -1.1895E+00
  1.1504E+01  8.2099E+00 -1.2184E+00
  1.1476E+01  7.9576E+00 -1.3597E+00
  1.1437E+01  7.9337E+00 -1.5099E+00
  1.1324E+01  8.0523E+00 -1.3348E+00
  1.1450E+01  8.0469E+00 -9.8789E-01
  1.1610E+01  8.0755E+00 -6.8185E-01
  1.1695E+01  8.2909E+00 -6.3515E-01
  1.1818E+01  8.4042E+00 -6.4231E-01
  1.2042E+01  8.2864E+00 -4.6356E-01
  1.2358E+01  8.3541E+00 -5.2253E-01
 -1.2552E+01  8.3234E+00 -5.3610E-01
 -1.2414E+01  8.1194E+00 -6.3973E-01
 -1.2238E+01  7.9893E+00 -7.6573E-01
 -1.1880E+01  7.8786E+00 -9.5217E-01
 -1.1742E+01  7.8048E+00 -1.1635E+00
 -1.1808E+01  7.7398E+00 -1.2859E+00
 -1.1671E+01  7.6851E+00 -1.3821E+00
 -1.1363E+01  7.6705E+00 -1.6134E+00
 -1.1168E+01  7.5642E+00 -1.6844E+00
 -1.1130E+01  7.5298E+00 -1.7241E+00
 -1.0977E+01  7.5943E+00 -1.8607E+00
 -1.0991E+01  7.5691E+00 -1.8606E+00
 -1.1019E+01  7.5087E+00 -1.8976E+00
 -1.0931E+01  7.4936E+00 -2.0046E+00
 -1.1029E+01  7.5076E+00 -1.9723E+00
 -1.1013E+01  7.5289E+00 -1.9971E+00
 -1.0916E+01  7.4861E+00 -2.1047E+00
 -1.0975E+01  7.4076E+00 -2.0138E+00
 -1.0938E+01  7.4050E+00 -1.9787E+00
 -1.0904E+01  7.4790E+00 -2.0218E+00
 -1.1198E+01  7.4680E+00 -1.9505E+00
 -1.1524E+01  7.4540E+00 -1.7806E+00
 -1.1668E+01  7.5453E+00 -1.8303E+00
 -1.2006E+01  7.7278E+00 -1.9267E+00
 -1.2243E+01  7.8568E+00 -1.9309E+00
 -1.2298E+01  7.9066E+00 -1.9235E+00
 -1.2473E+01  8.0755E+00 -2.0469E+00
  1.2425E+01  8.2159E+00 -2.1263E+00
  1.2268E+01  8.4445E+00 -2.0610E+00
  1.2271E+01  8.5899E+00 -2.1853E+00
  1.2180E+01  8.6731E+00 -2.2658E+00
  1.2139E+01  8.6930E+00 -2.3342E+00
  1.2113E+01  8.8092E+00 -2.3661E+00
  1.2132E+01  8.8851E+00 -2.2227E+00
  1.2147E+01  8.8600E+00 -2.2436E+00
  1.2059E+01  8.8071E+00 -2.2420E+00
  1.1891E+01  8.8944E+00 -2.1190E+00
  1.1600E+01  8.8634E+00 -2.0395E+00
  1.1400E+01  8.7356E+00 -2.0759E+00
  1.1175E+01  8.5789E+00 -2.1154E+00
  1.0988E+01  8.5921E+00 -2.1091E+00
  1.1168E+01  8.8505E+00 -1.9632E+00
  1.1323E+01  9.0846E+00 -1.9230E+00
  1.1304E+01  9.2669E+00 -1.9306E+00
  1.1370E+01  9.2892E+00 -1.9697E+00
  1.1292E+01  9.3596E+00 -1.9930E+00
  1.1028E+01  9.2627E+00 -1.9132E+00
  1.0895E+01  9.1670E+00 -1.9311E+00
  1.0847E+01  9.1299E+00 -2.0076E+00
  1.0711E+01  9.0081E+00 -2.1045E+00
  1.0522E+01  9.0106E+00 -2.1674E+00
  1.0482E+01  9.2112E+00 -2.2444E+00
  1.0408E+01  9.3057E+00 -2.2818E+00
  1.0297E+01  9.3729E+00 -2.3794E+00
  1.0317E+01  9.5463E+00 -2.3329E+00
  1.0420E+01  9.7583E+00 -2.2048E+00
  1.0418E+01  9.6277E+00 -2.1080E+00
  1.0276E+01  9.4436E+00 -1.9192E+00
  9.9951E+00  9.3679E+00 -1.8542E+00
  9.6862E+00  9.2754E+00 -1.8510E+00
  9.3240E+00  9.2541E+00 -1.7955E+00
  8.9968E+00  9.2850E+00 -1.7803E+00
  8.9200E+00  9.3400E+00 -1.8479E+00
  8.8930E+00  9.3992E+00 -2.1402E+00
  8.9208E+00  9.6263E+00 -2.2404E+00
  8.9937E+00  9.7798E+00 -2.1954E+00
  9.0284E+00  9.9997E+00 -2.2703E+00
  9.2963E+00  1.0157E+01 -2.3597E+00
  9.4141E+00  1.0225E+01 -2.2497E+00
  9.2325E+00  1.0257E+01 -2.0310E+00
  9.2870E+00  1.0178E+01 -2.0051E+00
  9.4057E+00  9.9779E+00 -1.8549E+00
  9.3821E+00  9.7372E+00 -1.6292E+00
  9.2073E+00  9.5235E+00 -1.4365E+00
  9.1923E+00  9.5849E+00 -1.1668E+00
  9.3472E+00  9.4510E+00 -1.0495E+00
  9.4756E+00  9.1820E+00 -9.3876E-01
  9.3511E+00  9.1020E+00 -7.9603E-01
  9.2860E+00  8.8637E+00 -9.7581E-01
  9.6610E+00  8.7530E+00 -7.7445E-01
  1.0045E+01  8.8996E+00 -7.2927E-01
  1.0268E+01  9.0939E+00 -8.0895E-01
  1.0588E+01  9.0986E+00 -8.3247E-01
  1.0948E+01  9.0337E+00 -8.2614E-01
  1.1212E+01  9.1744E+00 -7.9643E-01
  1.1489E+01  9.2845E+00 -9.8287E-01
  1.1594E+01  9.3381E+00 -1.1106E+00
  1.1582E+01  9.2802E+00 -1.0492E+00
  1.1588E+01  9.1896E+00 -8.4837E-01
  1.1640E+01  9.2251E+00 -7.3580E-01
  1.1548E+01  9.1475E+00 -7.2826E-01
  1.1338E+01  8.9971E+00 -7.4340E-01
  1.1055E+01  8.8887E+00 -6.1476E-01
  1.0964E+01  8.8072E+00 -5.2884E-01
  1.0882E+01  8.8452E+00 -6.1803E-01
  1.0762E+01  8.8674E+00 -6.1523E-01
  1.0746E+01  8.6992E+00 -7.1400E-01
  1.0724E+01  8.7494E+00 -8.3757E-01
  1.0831E+01  8.7359E+00 -1.2599E+00
  1.0943E+01  8.6245E+00 -1.5358E+00
  1.0853E+01  8.6832E+00 -1.6268E+00
  1.0718E+01  8.6372E+00 -1.7172E+00
  1.0544E+01  8.5863E+00 -1.7604E+00
  1.0198E+01  8.5781E+00 -1.6307E+00
  9.8997E+00  8.6752E+00 -1.5568E+00
  9.7376E+00  8.5852E+00 -1.6959E+00
  9.5571E+00  8.6448E+00 -2.0012E+00
  9.4650E+00  8.8326E+00 -2.0426E+00
  9.5160E+00  8.9282E+00 -1.8784E+00
  9.5951E+00  8.9880E+00 -1.8451E+00
  9.6605E+00  9.1977E+00 -1.9486E+00
  9.8038E+00  9.3669E+00 -1.7394E+00
  9.8440E+00  9.3202E+00 -1.3508E+00
  9.8696E+00  8.9668E+00 -1.2504E+00
  9.6046E+00  8.9268E+00 -1.2405E+00
  9.4494E+00  8.8513E+00 -1.1431E+00
  9.6035E+00  8.7069E+00 -9.2505E-01
  9.7303E+00  8.5630E+00 -9.9166E-01
  9.6111E+00  8.7593E+00 -1.1414E+00
  9.4535E+00  8.9041E+00 -1.4892E+00
  9.5947E+00  8.9032E+00 -1.5838E+00
  9.7119E+00  8.8521E+00 -1.4838E+00
  9.5600E+00  8.8782E+00 -1.4618E+00
  9.4140E+00  8.8197E+00 -1.6565E+00
  9.5603E+00  8.7272E+00 -1.5392E+00
  9.7362E+00  8.6688E+00 -1.4038E+00
  9.7721E+00  8.6773E+00 -1.3688E+00
  9.7801E+00  8.6163E+00 -1.4292E+00
  9.8060E+00  8.7319E+00 -1.6517E+00
  9.8568E+00  8.8325E+00 -1.9605E+00
  1.0089E+01  8.8967E+00 -1.9562E+00
  1.0063E+01  9.0426E+00 -1.7969E+00
  9.9229E+00  9.0498E+00 -1.7967E+00
  9.6528E+00  9.0316E+00 -1.7526E+00
  9.2966E+00  9.0183E+00 -1.6850E+00
  9.3003E+00  8.8638E+00 -1.6242E+00
  9.3013E+00  8.9937E+00 -1.4835E+00
  9.5731E+00  8.9623E+00 -1.5930E+00
  9.6422E+00  9.0852E+00 -1.7516E+00
  9.7618E+00  9.0956E+00 -1.9556E+00
  9.7559E+00  9.1603E+00 -2.0647E+00
  9.5597E+00  9.0926E+00 -2.0531E+00
  9.5594E+00  8.7102E+00 -2.0453E+00
  9.3796E+00  8.6010E+00 -2.0198E+00
  9.4713E+00  8.6420E+00 -2.1183E+00
  9.7735E+00  8.5661E+00 -2.1162E+00
  9.8655E+00  8.7480E+00 -2.0498E+00
  1.0076E+01  8.6829E+00 -2.1663E+00
  1.0075E+01  8.6536E+00 -2.1456E+00
  9.8900E+00  8.8759E+00 -2.0730E+00
  9.7155E+00  9.0483E+00 -2.0956E+00
  9.6496E+00  9.0932E+00 -2.1609E+00
  9.6475E+00  9.0963E+00 -2.1173E+00
  9.7128E+00  9.0848E+00 -1.9720E+00
  9.8697E+00  9.0317E+00 -1.9167E+00
  1.0035E+01  9.1130E+00 -1.8740E+00
  1.0106E+01  9.2370E+00 -1.7812E+00
  1.0322E+01  9.0823E+00 -1.8480E+00
  1.0373E+01  9.0946E+00 -1.8657E+00
  1.0366E+01  9.0592E+00 -1.8526E+00
  1.0291E+01  9.0009E+00 -1.7711E+00
  1.0014E+01  9.0124E+00 -1.6586E+00
  9.7540E+00  8.9918E+00 -1.4744E+00
  9.6298E+00  8.9965E+00 -1.2681E+00
  9.8250E+00  8.8997E+00 -1.2085E+00
  9.7981E+00  9.0243E+00 -1.2012E+00
  9.8677E+00  9.0341E+00 -1.2347E+00
  9.8846E+00  8.9899E+00 -1.1813E+00
  9.9641E+00  8.9094E+00 -1.0713E+00
  1.0150E+01  8.9237E+00 -1.0567E+00
  1.0233E+01  9.0201E+00 -1.0885E+00
  1.0339E+01  9.0640E+00 -1.0736E+00
  1.0373E+01  9.1725E+00 -9.5142E-01
  1.0560E+01  9.3136E+00 -7.8647E-01
  1.0725E+01  9.4861E+00 -7.0957E-01
  1.0814E+01  9.7195E+00 -7.7090E-01
  1.0887E+01  9.9550E+00 -9.5997E-01
  1.0859E+01  9.9117E+00 -1.1742E+00
  1.0759E+01  9.7780E+00 -1.3902E+00
  1.0662E+01  9.8998E+00 -1.4446E+00
  1.0411E+01  1.0074E+01 -1.3517E+00
  1.0217E+01  1.0178E+01 -1.4370E+00
  1.0374E+01  1.0235E+01 -1.6366E+00
  1.0375E+01  1.0331E+01 -1.5578E+00
  1.0327E+01  1.0254E+01 -1.4668E+00
  1.0318E+01  1.0056E+01 -1.5017E+00
  1.0348E+01  1.0112E+01 -1.5437E+00
  1.0331E+01  1.0108E+01 -1.7126E+00
  1.0453E+01  1.0257E+01 -1.7378E+00
  1.0618E+01  1.0443E+01 -1.6876E+00
  1.0617E+01  1.0399E+01 -1.5849E+00
  1.0477E+01  1.0314E+01 -1.5464E+00
  1.0432E+01  1.0400E+01 -1.4857E+00
  1.0347E+01  1.0334E+01 -1.4107E+00
  1.0263E+01  1.0357E+01 -1.2459E+00
  1.0110E+01  1.0410E+01 -1.3604E+00
  1.0116E+01  1.0408E+01 -1.4837E+00
  1.0070E+01  1.0468E+01 -1.4833E+00
  1.0089E+01  1.0442E+01 -1.4220E+00
  1.0330E+01  1.0545E+01 -1.4219E+00
  1.0636E+01  1.0605E+01 -1.4182E+00
  1.0606E+01  1.0394E+01 -1.3523E+00
  1.0332E+01  1.0415E+01 -1.0941E+00
  1.0079E+01  1.0393E+01 -1.0216E+00
  1.0217E+01  1.0375E+01 -1.1732E+00
  1.0588E+01  1.0512E+01 -1.3997E+00
  1.0672E+01  1.0520E+01 -1.5832E+00
  1.0521E+01  1.0523E+01 -1.7236E+00
  1.0514E+01  1.0570E+01 -1.8210E+00
  1.0415E+01  1.0567E+01 -1.9548E+00
  1.0321E+01  1.0935E+01 -2.0329E+00
  1.0132E+01  1.1298E+01 -2.1985E+00
  9.9731E+00  1.1284E+01 -2.3632E+00
  1.0105E+01  1.1144E+01 -2.4290E+00
  1.0124E+01  1.0994E+01 -2.3127E+00
  9.9810E+00  1.0810E+01 -1.9716E+00
  9.9192E+00  1.0631E+01 -2.0209E+00
  1.0095E+01  1.0734E+01 -2.3041E+00
  1.0096E+01  1.0801E+01 -2.4099E+00
  9.9912E+00  1.0931E+01 -2.3358E+00
  1.0122E+01  1.0994E+01 -2.3213E+00
  1.0205E+01  1.0799E+01 -2.2753E+00
  1.0143E+01  1.0657E+01 -2.1508E+00
  1.0153E+01  1.0492E+01 -1.9677E+00
  1.0186E+01  1.0610E+01 -1.6987E+00
  1.0338E+01  1.0861E+01 -1.4449E+00
  1.0603E+01  1.0908E+01 -1.4746E+00
  1.0681E+01  1.0915E+01 -1.5692E+00
  1.0588E+01  1.1041E+01 -1.5396E+00
  1.0561E+01  1.1100E+01 -1.4739E+00
  1.0719E+01  1.1076E+01 -1.5579E+00
  1.0781E+01  1.1011E+01 -1.6148E+00
  1.0668E+01  1.1018E+01 -1.6491E+00
  1.0459E+01  1.1078E+01 -1.6245E+00
  1.0501E+01  1.1018E+01 -1.7732E+00
  1.0579E+01  1.0965E+01 -1.9767E+00
  1.0471E+01  1.0840E+01 -2.0785E+00
  1.0295E+01  1.0728E+01 -2.0402E+00
  1.0167E+01  1.0721E+01 -2.0275E+00
  1.0249E+01  1.0560E+01 -2.1106E+00
  1.0242E+01  1.0519E+01 -1.9366E+00
  1.0195E+01  1.0571E+01 -1.8730E+00
  1.0102E+01  1.0630E+01 -2.0991E+00
  9.9610E+00  1.0745E+01 -2.1169E+00
  9.7188E+00  1.0857E+01 -1.9871E+00
  9.8453E+00  1.1118E+01 -2.0236E+00
  9.9912E+00  1.1199E+01 -1.9887E+00
  1.0069E+01  1.1024E+01 -1.7645E+00
  1.0295E+01  1.0645E+01 -1.5950E+00
  1.0390E+01  1.0505E+01 -1.5290E+00
  1.0394E+01  1.0522E+01 -1.4602E+00
  1.0316E+01  1.0543E+01 -1.2763E+00
  1.0377E+01  1.0438E+01 -1.2926E+00
  1.0484E+01  1.0359E+01 -1.3688E+00
  1.0547E+01  1.0328E+01 -1.2271E+00
  1.0435E+01  1.0348E+01 -1.0811E+00
  1.0387E+01  1.0435E+01 -1.0542E+00
  1.0475E+01  1.0443E+01 -9.7892E-01
  1.0522E+01  1.0257E+01 -8.9833E-01
  1.0557E+01  1.0092E+01 -6.4796E-01
  1.0515E+01  9.8856E+00 -3.4825E-01
  1.0531E+01  9.6230E+00 -2.4037E-01
  1.0692E+01  9.4015E+00 -2.0212E-01
  1.0833E+01  9.3400E+00 -1.9900E-01
  1.0806E+01  9.2426E+00 -1.6360E-01
  1.0904E+01  9.0874E+00 -1.1849E-01
  1.1102E+01  8.8942E+00 -1.2718E-01
  1.1198E+01  8.7212E+00 -6.3629E-02
  1.1307E+01  8.8520E+00 -5.6693E-02
  1.1287E+01  8.8700E+00 -1.0863E-01
  1.1176E+01  8.8324E+00 -1.3204E-01
  1.0888E+01  8.9430E+00 -1.9173E-01
  1.0626E+01  9.1836E+00 -1.9262E-01
  1.0552E+01  9.1286E+00 -1.5432E-01
  1.0478E+01  9.0811E+00  1.0984E-01
  1.0287E+01  8.9789E+00  3.7842E-01
  1.0227E+01  9.0311E+00  6.3292E-01
  1.0183E+01  8.9533E+00  5.7529E-01
  1.0062E+01  8.9067E+00  5.8460E-01
  1.0003E+01  8.9741E+00  6.3263E-01
  9.8811E+00  8.8757E+00  7.2262E-01
  9.7477E+00  8.8670E+00  8.1469E-01
  9.5385E+00  8.7421E+00  8.6534E-01
  9.2714E+00  8.7957E+00  1.0148E+00
  9.0181E+00  8.8888E+00  1.2840E+00
  9.0085E+00  8.8741E+00  1.3926E+00
  9.3411E+00  8.9942E+00  1.2583E+00
  9.6435E+00  9.0466E+00  1.0731E+00
  9.8449E+00  9.0764E+00  1.0001E+00
  9.8720E+00  9.1131E+00  1.0221E+00
  9.9781E+00  9.0343E+00  1.1801E+00
  1.0004E+01  9.1105E+00  1.4403E+00
  1.0028E+01  9.2297E+00  1.4774E+00
  1.0182E+01  9.1637E+00  1.2266E+00
  1.0478E+01  9.3891E+00  1.2202E+00
  1.0708E+01  9.5077E+00  1.2323E+00
  1.1086E+01  9.4811E+00  1.6293E+00
  1.1352E+01  9.4614E+00  2.1744E+00
  1.1499E+01  9.5877E+00  2.5689E+00
  1.1650E+01  9.5190E+00  2.7380E+00
  1.1592E+01  9.4118E+00  2.8451E+00
  1.1354E+01  9.4912E+00  2.8445E+00
  1.1179E+01  9.5677E+00  2.7148E+00
  1.1127E+01  9.4163E+00  2.7430E+00
  1.0880E+01  9.3093E+00  2.8141E+00
  1.0602E+01  9.3395E+00  2.8302E+00
  1.0392E+01  9.3279E+00  2.7703E+00
  1.0129E+01  9.2918E+00  2.7729E+00
  9.8605E+00  9.1598E+00  2.7282E+00
  9.8313E+00  9.1746E+00  2.5123E+00
  9.8642E+00  9.2876E+00  2.4479E+00
  9.7698E+00  9.2615E+00  2.3058E+00
  9.5450E+00  9.2231E+00  2.0545E+00
  9.4677E+00  9.1233E+00  1.9337E+00
  9.6440E+00  9.1350E+00  1.7523E+00
  9.6632E+00  9.0571E+00  1.7683E+00
  9.6669E+00  8.9678E+00  1.8584E+00
  9.6860E+00  9.0047E+00  1.9197E+00
  9.7304E+00  8.9680E+00  2.0219E+00
  9.7338E+00  9.0392E+00  2.2649E+00
  9.7644E+00  9.2134E+00  2.3093E+00
  1.0068E+01  9.3058E+00  2.2694E+00
  1.0315E+01  9.5505E+00  2.4667E+00
  1.0604E+01  9.5994E+00  2.5885E+00
  1.0816E+01  9.6244E+00  2.5806E+00
  1.0782E+01  9.7230E+00  2.5775E+00
  1.0904E+01  9.7900E+00  2.6541E+00
  1.0864E+01  9.8640E+00  2.6791E+00
  1.0655E+01  9.7916E+00  2.7601E+00
  1.0466E+01  9.4738E+00  2.9868E+00
  1.0535E+01  9.1509E+00  3.0141E+00
  1.0580E+01  9.2114E+00  2.9126E+00
  1.0509E+01  9.1878E+00  3.0642E+00
  1.0377E+01  9.0606E+00  3.2678E+00
  1.0193E+01  8.9702E+00  3.1599E+00
  1.0167E+01  9.0622E+00  3.1086E+00
  1.0262E+01  8.9648E+00  3.1986E+00
  1.0294E+01  8.8895E+00  3.0939E+00
  1.0426E+01  8.9320E+00  3.0382E+00
  1.0402E+01  9.1235E+00  2.8939E+00
  1.0410E+01  9.0796E+00  2.7760E+00
  1.0473E+01  9.0600E+00  3.0136E+00
  1.0580E+01  8.9264E+00  2.8464E+00
  1.0752E+01  8.8035E+00  2.6403E+00
  1.1009E+01  8.7790E+00  2.7718E+00
  1.1055E+01  8.9673E+00  2.8605E+00
  1.0991E+01  9.0265E+00  2.6620E+00
  1.1034E+01  9.2102E+00  2.4529E+00
  1.0986E+01  9.3331E+00  2.3630E+00
  1.0749E+01  9.1781E+00  2.2752E+00
  1.0752E+01  9.1766E+00  2.0114E+00
  1.0678E+01  9.1664E+00  1.9921E+00
  1.0424E+01  9.1168E+00  2.2405E+00
  1.0065E+01  9.2836E+00  2.2503E+00
  9.9104E+00  9.4106E+00  2.4573E+00
  9.8399E+00  9.3838E+00  2.7944E+00
  9.8039E+00  9.3965E+00  2.8166E+00
  9.6490E+00  9.5287E+00  2.8724E+00
  9.5426E+00  9.7921E+00  3.0669E+00
  9.7255E+00  9.9461E+00  3.1112E+00
  9.9431E+00  1.0102E+01  3.0992E+00
  9.9882E+00  1.0313E+01  3.1640E+00
  1.0030E+01  1.0323E+01  3.0396E+00
  1.0071E+01  1.0393E+01  2.9198E+00
  1.0096E+01  1.0454E+01  2.8471E+00
  1.0020E+01  1.0485E+01  2.8670E+00
