  1.1869E+01 -1.0483E+01  1.5772E-01
  1.2044E+01 -1.0524E+01  1.5379E-01
  1.2124E+01 -1.0755E+01  7.1474E-02
  1.2071E+01 -1.0766E+01  2.6425E-02
  1.1896E+01 -1.0585E+01 -4.3946E-02
  1.1614E+01 -1.0648E+01 -6.1907E-02
  1.1280E+01 -1.0880E+01 -2.4533E-02
  1.0932E+01 -1.1060E+01 -1.4830E-02
  1.0923E+01 -1.1187E+01  2.7692E-02
  1.0939E+01 -1.1249E+01  7.8019E-02
  1.0963E+01 -1.1384E+01  1.1118E-01
  1.1018E+01 -1.1500E+01  1.3008E-01
  1.0999E+01 -1.1595E+01  1.3343E-01
  1.0777E+01 -1.1692E+01  8.9287E-02
  1.0434E+01 -1.1796E+01 -2.9300E-02
  1.0435E+01 -1.1931E+01 -5.3899E-02
  1.0515E+01 -1.1885E+01 -4.5590E-02
  1.0568E+01 -1.1873E+01 -6.1544E-02
  1.0550E+01 -1.1877E+01 -1.1517E-01
  1.0566E+01 -1.1840E+01 -1.7103E-01
  1.0681E+01 -1.1770E+01 -1.7989E-01
  1.0739E+01 -1.1642E+01 -2.1421E-01
  1.0885E+01 -1.1671E+01 -1.6951E-01
  1.0903E+01 -1.1861E+01  6.2614E-03
  1.0889E+01 -1.1896E+01 -7.1176E-02
  1.0746E+01 -1.2014E+01 -2.8300E-01
  1.0436E+01 -1.2185E+01 -3.7698E-01
  1.0729E+01 -1.2554E+01 -3.9830E-01
  1.0859E+01  1.2245E+01 -3.4809E-01
  1.0848E+01  1.1836E+01 -4.5381E-01
  1.0781E+01  1.1425E+01 -6.3290E-01
  1.0605E+01  1.1134E+01 -9.3488E-01
  1.0236E+01  1.0900E+01 -1.2363E+00
  9.9506E+00  1.1077E+01 -1.5092E+00
  9.6846E+00  1.1177E+01 -1.7480E+00
  9.2534E+00  1.0818E+01 -2.0161E+00
  8.9921E+00  1.0841E+01 -2.1138E+00
  9.0313E+00  1.0878E+01 -2.1731E+00
  9.0162E+00  1.0705E+01 -2.2182E+00
  9.2520E+00  1.0469E+01 -2.2188E+00
  9.4973E+00  1.0378E+01 -2.0876E+00
  9.5377E+00  1.0246E+01 -1.9600E+00
  9.6835E+00  1.0137E+01 -1.9247E+00
  9.9153E+00  1.0079E+01 -1.7484E+00
  1.0273E+01  1.0118E+01 -1.6834E+00
  1.0591E+01  1.0125E+01 -1.6499E+00
  1.0788E+01  1.0214E+01 -1.5375E+00
  1.0918E+01  1.0338E+01 -1.4743E+00
  1.0995E+01  1.0294E+01 -1.4747E+00
  1.0962E+01  1.0139E+01 -1.4928E+00
  1.0747E+01  1.0132E+01 -1.5388E+00
  1.0402E+01  1.0161E+01 -1.5262E+00
  1.0087E+01  1.0134E+01 -1.5477E+00
  9.8790E+00  1.0179E+01 -1.7540E+00
  9.7529E+00  1.0194E+01 -1.8431E+00
  9.7831E+00  1.0206E+01 -1.7119E+00
  9.9053E+00  1.0325E+01 -1.4623E+00
  1.0142E+01  1.0167E+01 -1.4347E+00
  1.0253E+01  1.0221E+01 -1.2970E+00
  1.0252E+01  1.0252E+01 -1.0182E+00
  1.0391E+01  1.0343E+01 -7.9443E-01
  1.0641E+01  1.0283E+01 -7.0303E-01
  1.0793E+01  1.0199E+01 -5.6310E-01
  1.0722E+01  1.0249E+01 -3.7064E-01
  1.0528E+01  1.0088E+01 -2.6884E-01
  1.0444E+01  1.0240E+01 -2.8030E-01
  1.0411E+01  1.0153E+01 -4.1347E-01
  1.0330E+01  1.0146E+01 -5.8582E-01
  1.0082E+01  1.0354E+01 -5.9623E-01
  9.8701E+00  1.0508E+01 -5.6456E-01
  9.7307E+00  1.0293E+01 -6.9269E-01
  9.7241E+00  1.0348E+01 -8.3659E-01
  9.5113E+00  1.0470E+01 -8.1286E-01
  9.2947E+00  1.0447E+01 -8.4444E-01
  9.2568E+00  1.0546E+01 -9.9079E-01
  9.1735E+00  1.0557E+01 -9.1947E-01
  9.1026E+00  1.0434E+01 -6.9895E-01
  9.0731E+00  9.9892E+00 -7.1332E-01
  8.8918E+00  9.7691E+00 -6.4148E-01
  8.8016E+00  9.7959E+00 -6.6778E-01
  8.7815E+00  9.7962E+00 -4.9740E-01
  8.7591E+00  9.9383E+00 -4.2977E-01
  8.6608E+00  1.0054E+01 -3.9977E-01
  8.6783E+00  1.0074E+01 -2.0967E-01
  8.8621E+00  1.0226E+01 -3.6232E-02
  9.1225E+00  1.0340E+01  9.1387E-02
  9.3977E+00  1.0277E+01  1.3199E-01
  9.6662E+00  1.0207E+01  2.7493E-01
  9.9221E+00  9.9402E+00  4.0396E-01
  9.9725E+00  9.7182E+00  5.8902E-01
  1.0086E+01  9.5811E+00  7.2599E-01
  1.0263E+01  9.5677E+00  7.6099E-01
  1.0412E+01  9.8106E+00  8.7466E-01
  1.0616E+01  9.7393E+00  8.3775E-01
  1.0511E+01  9.7647E+00  6.9070E-01
  1.0109E+01  9.9518E+00  6.0591E-01
  9.7299E+00  1.0064E+01  5.6230E-01
  9.4467E+00  1.0039E+01  6.9700E-01
  9.3062E+00  1.0022E+01  5.9018E-01
  9.1052E+00  1.0138E+01  4.7866E-01
  8.9237E+00  1.0134E+01  3.8111E-01
  8.7692E+00  1.0312E+01  4.9583E-01
  8.6996E+00  1.0421E+01  5.7913E-01
  8.7048E+00  1.0751E+01  4.9511E-01
  8.7109E+00  1.0947E+01  6.5129E-01
  8.7043E+00  1.0932E+01  7.9171E-01
  8.7646E+00  1.0820E+01  8.4796E-01
  8.9321E+00  1.0759E+01  9.0877E-01
  9.1031E+00  1.0879E+01  1.1589E+00
  9.0013E+00  1.0726E+01  1.5054E+00
  8.9638E+00  1.0608E+01  1.4765E+00
  8.9903E+00  1.0690E+01  1.1864E+00
  9.0855E+00  1.0751E+01  1.1793E+00
  9.0778E+00  1.0556E+01  1.0873E+00
  9.1180E+00  1.0812E+01  9.0260E-01
  9.3007E+00  1.0851E+01  1.0308E+00
  9.3784E+00  1.0686E+01  1.1236E+00
  9.4025E+00  1.0583E+01  9.5558E-01
  9.4910E+00  1.0558E+01  6.7533E-01
  9.3633E+00  1.0336E+01  6.3204E-01
  9.2395E+00  1.0103E+01  4.4581E-01
  9.3195E+00  1.0358E+01  5.0285E-02
  9.2015E+00  1.0338E+01 -3.1982E-01
  9.0486E+00  1.0258E+01 -3.9698E-01
  8.9539E+00  1.0260E+01 -2.0855E-01
  9.0566E+00  1.0549E+01  9.5873E-02
  9.2262E+00  1.0543E+01  4.2247E-01
  9.2329E+00  1.0482E+01  7.1946E-01
  9.3207E+00  1.0574E+01  9.7710E-01
  9.5414E+00  1.0537E+01  1.0977E+00
  9.7097E+00  1.0546E+01  1.1347E+00
  9.8775E+00  1.0387E+01  9.6117E-01
  9.8774E+00  1.0388E+01  8.7626E-01
  9.7732E+00  1.0367E+01  5.4976E-01
  9.6125E+00  1.0292E+01  1.6630E-01
  9.3183E+00  1.0236E+01  5.6717E-02
  8.9886E+00  1.0437E+01  8.6529E-02
  8.8295E+00  1.0700E+01 -3.9372E-02
  8.9579E+00  1.0692E+01 -6.9889E-02
  8.9069E+00  1.0683E+01  6.1966E-02
  8.7999E+00  1.0622E+01  7.8927E-02
  8.7653E+00  1.0467E+01  1.0073E-01
  8.8349E+00  1.0640E+01  7.1781E-02
  8.8210E+00  1.0581E+01  1.2531E-01
  8.6939E+00  1.0401E+01  4.6154E-01
  8.6908E+00  1.0554E+01  6.6114E-01
  8.9086E+00  1.0839E+01  5.5947E-01
  8.8097E+00  1.0754E+01  6.7667E-01
  8.8254E+00  1.0907E+01  4.9644E-01
  8.9064E+00  1.1103E+01  3.1273E-01
  8.8870E+00  1.1006E+01  3.2381E-01
  8.9419E+00  1.1166E+01  2.9458E-01
  9.0362E+00  1.1178E+01  1.4743E-01
  8.9870E+00  1.0992E+01  2.6223E-01
  8.9164E+00  1.1146E+01  3.0095E-01
  8.7745E+00  1.1005E+01  2.5559E-01
  8.6382E+00  1.0733E+01  1.7354E-01
  8.4472E+00  1.0728E+01  1.0559E-01
  8.3657E+00  1.0351E+01  1.9590E-01
  8.3084E+00  1.0426E+01  1.3248E-01
  8.0840E+00  1.0338E+01 -4.0106E-02
  8.0217E+00  1.0305E+01 -6.4635E-02
  8.2173E+00  1.0320E+01 -7.3738E-02
  8.2325E+00  1.0242E+01 -2.5537E-01
  8.2265E+00  1.0449E+01 -3.1842E-01
  8.3002E+00  1.0327E+01 -2.5799E-01
  8.2094E+00  1.0501E+01 -9.1165E-02
  8.1019E+00  1.0780E+01 -1.4338E-01
  7.9064E+00  1.0649E+01 -1.8653E-01
  7.8305E+00  1.0763E+01 -1.0419E-02
  7.9210E+00  1.0719E+01 -1.4426E-01
  7.7467E+00  1.0620E+01 -2.2332E-01
  7.9552E+00  1.0518E+01 -1.9791E-01
  7.9750E+00  1.0460E+01 -3.4563E-01
  8.0771E+00  1.0528E+01 -3.2792E-01
  8.2594E+00  1.0420E+01 -1.4743E-01
  8.3541E+00  1.0481E+01 -1.8583E-01
  8.4823E+00  1.0650E+01 -3.1958E-01
  8.5695E+00  1.0531E+01 -3.5789E-01
  8.6805E+00  1.0541E+01 -4.2585E-01
  8.7977E+00  1.0699E+01 -5.9516E-01
  8.7136E+00  1.0619E+01 -5.3312E-01
  8.7057E+00  1.0865E+01 -6.6205E-01
  8.9029E+00  1.1020E+01 -5.5901E-01
  8.9740E+00  1.1067E+01 -2.9630E-01
  9.0065E+00  1.1176E+01 -1.0698E-01
  9.0031E+00  1.1196E+01 -1.5990E-01
  8.7523E+00  1.1048E+01 -2.3979E-01
  8.5477E+00  1.1094E+01 -2.2081E-01
  8.5782E+00  1.1173E+01 -2.4523E-01
  8.6124E+00  1.0783E+01 -3.1686E-01
  8.5141E+00  1.0806E+01 -5.0365E-01
  8.4798E+00  1.0553E+01 -5.9685E-01
  8.5770E+00  1.0639E+01 -4.8641E-01
  8.6253E+00  1.0696E+01 -3.0736E-01
  8.5394E+00  1.0669E+01 -6.6490E-02
  8.4766E+00  1.0892E+01  7.4944E-02
  8.4671E+00  1.0885E+01  1.4286E-01
  8.4300E+00  1.0761E+01  3.3534E-01
  8.4532E+00  1.0682E+01  4.4078E-01
  8.3615E+00  1.0584E+01  5.5497E-01
  8.3506E+00  1.0469E+01  5.5341E-01
  8.3638E+00  1.0359E+01  4.7191E-01
  8.2620E+00  1.0226E+01  4.1476E-01
  8.1760E+00  1.0199E+01  3.4512E-01
  8.1439E+00  1.0362E+01  2.9323E-01
  8.1901E+00  1.0400E+01  4.6405E-03
  8.0831E+00  1.0459E+01 -2.5935E-01
  8.1045E+00  1.0374E+01 -3.5634E-01
  8.1366E+00  1.0193E+01 -4.4967E-01
  8.0569E+00  1.0413E+01 -6.3419E-01
  7.9478E+00  1.0469E+01 -6.1045E-01
  7.8400E+00  1.0410E+01 -6.0153E-01
  7.8020E+00  1.0434E+01 -3.6889E-01
  7.8698E+00  1.0660E+01 -2.3230E-01
  7.8911E+00  1.0820E+01 -2.9230E-01
  7.6703E+00  1.0887E+01 -2.1628E-01
  7.7261E+00  1.0955E+01 -1.3425E-01
  7.9421E+00  1.0869E+01 -1.2613E-01
  8.0554E+00  1.0902E+01 -2.1937E-01
  7.9382E+00  1.0732E+01 -2.9798E-01
  7.9281E+00  1.0501E+01 -3.4650E-01
  8.0422E+00  1.0428E+01 -3.2144E-01
  8.0131E+00  1.0362E+01 -3.6949E-01
  7.8855E+00  1.0297E+01 -5.4150E-01
  7.9277E+00  1.0312E+01 -4.6230E-01
  7.7852E+00  1.0554E+01 -3.1475E-01
  7.5791E+00  1.0510E+01 -5.1107E-01
  7.4108E+00  1.0374E+01 -7.0573E-01
  7.3666E+00  1.0399E+01 -6.8147E-01
  7.3298E+00  1.0607E+01 -7.4604E-01
  7.4445E+00  1.0901E+01 -7.0039E-01
  7.5421E+00  1.1069E+01 -6.9188E-01
  7.6492E+00  1.1047E+01 -9.1186E-01
  7.5975E+00  1.1187E+01 -9.4218E-01
  7.3758E+00  1.1163E+01 -1.0831E+00
  7.2985E+00  1.1127E+01 -1.3721E+00
  7.4736E+00  1.1257E+01 -1.4140E+00
  7.5008E+00  1.1252E+01 -1.2082E+00
  7.4120E+00  1.1173E+01 -1.4112E+00
  7.6356E+00  1.1143E+01 -1.5860E+00
  7.8899E+00  1.1098E+01 -1.6171E+00
  7.6619E+00  1.1104E+01 -1.7627E+00
  7.4687E+00  1.1177E+01 -1.6820E+00
  7.3642E+00  1.1088E+01 -1.6515E+00
  7.3938E+00  1.0744E+01 -2.0339E+00
  7.4390E+00  1.0619E+01 -2.1664E+00
  7.2670E+00  1.0598E+01 -1.9657E+00
  7.1302E+00  1.0709E+01 -1.7020E+00
  7.1888E+00  1.0872E+01 -1.5467E+00
  7.2634E+00  1.0971E+01 -1.4438E+00
  7.3514E+00  1.1139E+01 -1.2742E+00
  7.4840E+00  1.1327E+01 -1.2724E+00
  7.5918E+00  1.1329E+01 -1.3298E+00
  7.5317E+00  1.1486E+01 -1.3397E+00
  7.5436E+00  1.1659E+01 -1.4493E+00
  7.6410E+00  1.1754E+01 -1.5993E+00
  7.5676E+00  1.1747E+01 -1.5786E+00
  7.5085E+00  1.1530E+01 -1.6102E+00
  7.5249E+00  1.1387E+01 -1.8938E+00
  7.5651E+00  1.1298E+01 -1.9142E+00
  7.7795E+00  1.1180E+01 -1.7373E+00
  7.8724E+00  1.1224E+01 -1.8397E+00
  7.8076E+00  1.1162E+01 -2.2066E+00
  7.5989E+00  1.1044E+01 -2.4471E+00
  7.5762E+00  1.1186E+01 -2.4657E+00
  7.6512E+00  1.1210E+01 -2.3858E+00
  7.8204E+00  1.1267E+01 -2.2405E+00
  7.7003E+00  1.1317E+01 -1.9664E+00
  7.6249E+00  1.1373E+01 -1.8386E+00
  7.7126E+00  1.1434E+01 -1.6565E+00
  7.7591E+00  1.1519E+01 -1.3526E+00
  7.8179E+00  1.1582E+01 -1.0926E+00
  7.7136E+00  1.1736E+01 -8.8591E-01
  7.6213E+00  1.2002E+01 -8.4578E-01
  7.6251E+00  1.2074E+01 -7.1776E-01
  7.6540E+00  1.2056E+01 -5.3226E-01
  7.8196E+00  1.1940E+01 -4.0403E-01
  8.0001E+00  1.1960E+01 -3.9156E-01
  8.0531E+00  1.1943E+01 -7.9196E-02
  8.1985E+00  1.1729E+01  1.7615E-01
  8.2655E+00  1.1614E+01  1.0245E-01
  8.0085E+00  1.1434E+01  1.8470E-02
  7.7227E+00  1.1463E+01 -1.0158E-01
  7.6436E+00  1.1578E+01 -1.5654E-01
  8.0776E+00  1.1610E+01 -1.8789E-01
  8.2026E+00  1.1698E+01  7.6212E-02
  8.1707E+00  1.1553E+01  3.5249E-01
  8.2641E+00  1.1472E+01  3.9930E-01
  8.3602E+00  1.1295E+01  4.1898E-01
  8.2280E+00  1.1011E+01  5.5664E-01
  8.2454E+00  1.1042E+01  5.2309E-01
  8.2131E+00  1.1066E+01  5.1867E-01
  8.3228E+00  1.1255E+01  5.7427E-01
  8.3279E+00  1.1340E+01  4.4112E-01
  8.2334E+00  1.1089E+01  1.8204E-01
  8.2311E+00  1.1034E+01 -5.0274E-02
  8.2170E+00  1.1089E+01 -1.9276E-01
  8.2085E+00  1.1052E+01 -2.8566E-01
  8.0475E+00  1.1009E+01 -2.7638E-01
  7.9387E+00  1.0753E+01 -3.8932E-01
  7.8562E+00  1.0609E+01 -5.6756E-01
  7.7886E+00  1.0613E+01 -6.5259E-01
  7.7940E+00  1.0464E+01 -8.0464E-01
  7.8970E+00  1.0474E+01 -7.6674E-01
  7.9839E+00  1.0684E+01 -6.3467E-01
  8.0357E+00  1.0852E+01 -5.7472E-01
  8.2200E+00  1.1020E+01 -7.3074E-01
  8.3140E+00  1.1117E+01 -8.7937E-01
  8.3978E+00  1.1190E+01 -9.8513E-01
  8.4658E+00  1.1219E+01 -1.0141E+00
  8.5466E+00  1.1244E+01 -8.7648E-01
  8.5861E+00  1.1056E+01 -9.1091E-01
  8.3008E+00  1.1000E+01 -9.1930E-01
  8.1426E+00  1.0824E+01 -7.5018E-01
  8.0829E+00  1.0814E+01 -7.0689E-01
  7.9390E+00  1.0805E+01 -6.6445E-01
  7.8833E+00  1.0707E+01 -7.0051E-01
  8.1075E+00  1.0622E+01 -7.1097E-01
  8.0812E+00  1.0760E+01 -6.1745E-01
  8.2267E+00  1.0731E+01 -7.0253E-01
  8.1846E+00  1.0690E+01 -8.3772E-01
  8.1407E+00  1.0756E+01 -6.5618E-01
  8.2129E+00  1.0630E+01 -5.2136E-01
  8.1001E+00  1.0394E+01 -7.6010E-01
  8.0937E+00  1.0216E+01 -7.2264E-01
  8.1461E+00  9.9775E+00 -5.4930E-01
  8.1296E+00  9.8766E+00 -5.6116E-01
  8.1749E+00  9.9829E+00 -5.4712E-01
  8.5563E+00  9.8768E+00 -2.4096E-01
  8.7073E+00  9.9399E+00 -1.3029E-01
  8.7996E+00  1.0077E+01  2.3726E-02
  8.9815E+00  1.0151E+01  2.6105E-01
  9.2700E+00  1.0112E+01  5.2004E-01
  9.4289E+00  1.0225E+01  7.3006E-01
  9.5560E+00  1.0381E+01  8.4902E-01
  9.6444E+00  1.0496E+01  7.3165E-01
  9.5727E+00  1.0703E+01  4.0208E-01
  9.5385E+00  1.0720E+01  1.0638E-01
  9.4390E+00  1.0530E+01 -1.0557E-02
  9.2088E+00  1.0339E+01  2.2136E-02
  8.9925E+00  1.0103E+01  1.2254E-01
  8.7354E+00  1.0039E+01  1.8625E-01
  8.6379E+00  1.0238E+01  3.2810E-01
  8.4635E+00  1.0505E+01  3.1945E-01
  8.3087E+00  1.0789E+01  3.1387E-01
  8.2951E+00  1.0906E+01  3.4595E-01
  8.1892E+00  1.1042E+01  3.2879E-01
  8.2506E+00  1.1012E+01  3.3281E-01
  8.1995E+00  1.0986E+01  3.5034E-01
  8.0976E+00  1.0872E+01  2.5723E-01
  8.1902E+00  1.0565E+01  1.2383E-01
  8.2406E+00  1.0286E+01  1.0779E-01
  8.3737E+00  1.0155E+01  2.1618E-02
  8.5136E+00  9.9933E+00  6.0424E-03
  8.4768E+00  9.7977E+00  4.8539E-02
  8.3479E+00  9.7148E+00  3.8817E-02
  8.4542E+00  9.7631E+00  8.5775E-02
  8.6802E+00  9.9157E+00  5.4113E-01
  8.9748E+00  9.9353E+00  7.1065E-01
  8.9684E+00  9.8839E+00  3.8911E-01
  8.9414E+00  9.7250E+00  1.3861E-01
  9.0759E+00  9.7192E+00  2.9978E-01
  9.3609E+00  9.7722E+00  4.4230E-01
  9.3680E+00  9.8929E+00  4.6938E-01
  9.2658E+00  9.8538E+00  6.4744E-01
  9.1148E+00  9.6273E+00  6.6334E-01
  8.8649E+00  9.3847E+00  6.4603E-01
  8.8164E+00  9.3197E+00  7.5931E-01
  8.8287E+00  9.4727E+00  7.3676E-01
  8.8309E+00  9.5539E+00  8.5131E-01
  8.8363E+00  9.5981E+00  9.9886E-01
  8.6294E+00  9.6629E+00  8.9681E-01
  8.6097E+00  9.5677E+00  7.8004E-01
  8.7292E+00  9.2296E+00  6.4155E-01
  8.6182E+00  9.2652E+00  5.3531E-01
  8.6479E+00  9.5744E+00  8.4545E-01
  8.7631E+00  9.7335E+00  1.0098E+00
  8.5043E+00  9.8027E+00  8.7191E-01
  8.4403E+00  9.7779E+00  8.0601E-01
  8.3412E+00  9.8989E+00  8.3505E-01
  8.2861E+00  9.7255E+00  8.2571E-01
  8.5145E+00  9.7290E+00  9.0066E-01
  8.5001E+00  9.8505E+00  9.8702E-01
  8.2360E+00  9.7897E+00  1.0461E+00
  8.2297E+00  9.7948E+00  9.3056E-01
  8.1674E+00  9.9233E+00  6.6385E-01
  8.0825E+00  9.9240E+00  6.4645E-01
  7.6422E+00  9.8374E+00  6.7981E-01
  7.4739E+00  9.7951E+00  5.8636E-01
  7.5358E+00  9.7694E+00  6.6556E-01
  7.5011E+00  9.7831E+00  1.0472E+00
  7.4510E+00  9.8124E+00  1.3034E+00
  7.4487E+00  9.6792E+00  1.3228E+00
  7.3253E+00  9.3573E+00  1.4016E+00
  7.3881E+00  9.2787E+00  1.5662E+00
  7.4499E+00  9.2562E+00  1.6200E+00
  7.3898E+00  9.0445E+00  1.6464E+00
  7.0678E+00  8.8434E+00  1.2603E+00
  7.0017E+00  8.8782E+00  1.0663E+00
