2.000000E-02 -1.643524E+02
4.000000E-02 -2.639521E+02
6.000000E-02 -3.182883E+02
8.000000E-02 -3.049585E+02
1.000000E-01 -3.697653E+02
1.200000E-01 -3.946571E+02
1.400000E-01 -4.063569E+02
1.600000E-01 -4.471664E+02
1.800000E-01 -4.231825E+02
2.000000E-01 -4.493794E+02
2.200000E-01 -4.705534E+02
2.400000E-01 -5.215260E+02
2.600000E-01 -5.172043E+02
2.800000E-01 -5.333287E+02
3.000000E-01 -5.659853E+02
3.200000E-01 -5.843365E+02
3.400000E-01 -6.153225E+02
3.600000E-01 -6.285740E+02
3.800000E-01 -6.447084E+02
4.000000E-01 -6.561278E+02
4.200000E-01 -6.496570E+02
4.400000E-01 -6.699996E+02
4.600000E-01 -6.687903E+02
4.800000E-01 -6.824915E+02
5.000000E-01 -6.905176E+02
5.200000E-01 -6.917702E+02
5.400000E-01 -6.935249E+02
5.600000E-01 -6.968660E+02
5.800000E-01 -7.026749E+02
6.000000E-01 -7.075599E+02
6.200000E-01 -7.166317E+02
6.400000E-01 -7.199950E+02
6.600000E-01 -7.213069E+02
6.800000E-01 -7.220712E+02
7.000000E-01 -7.264105E+02
7.200000E-01 -7.255178E+02
7.400000E-01 -7.234069E+02
7.600000E-01 -7.273316E+02
7.800000E-01 -7.286431E+02
8.000000E-01 -7.286667E+02
8.200000E-01 -7.288256E+02
8.400000E-01 -7.286192E+02
8.600000E-01 -7.285398E+02
8.800000E-01 -7.340843E+02
9.000000E-01 -7.336980E+02
9.200000E-01 -7.363229E+02
9.400000E-01 -7.339206E+02
9.600000E-01 -7.342911E+02
9.800000E-01 -7.352842E+02
1.000000E+00 -7.357287E+02
1.020000E+00 -7.299735E+02
1.040000E+00 -7.262559E+02
1.060000E+00 -7.215955E+02
1.080000E+00 -7.099729E+02
1.100000E+00 -7.055414E+02
1.120000E+00 -7.044879E+02
1.140000E+00 -7.005905E+02
1.160000E+00 -7.084375E+02
1.180000E+00 -6.944190E+02
1.200000E+00 -6.878869E+02
1.220000E+00 -6.971319E+02
1.240000E+00 -6.765266E+02
1.260000E+00 -6.546596E+02
1.280000E+00 -6.432386E+02
1.300000E+00 -6.377015E+02
1.320000E+00 -6.309837E+02
1.340000E+00 -6.180111E+02
1.360000E+00 -6.084216E+02
1.380000E+00 -5.928684E+02
1.400000E+00 -5.822504E+02
1.420000E+00 -5.795024E+02
1.440000E+00 -5.641975E+02
1.460000E+00 -5.688989E+02
1.480000E+00 -5.946531E+02
1.500000E+00 -5.929088E+02
1.520000E+00 -5.842855E+02
1.540000E+00 -5.804630E+02
1.560000E+00 -5.875514E+02
1.580000E+00 -5.889007E+02
1.600000E+00 -5.789997E+02
1.620000E+00 -5.910454E+02
1.640000E+00 -5.876176E+02
1.660000E+00 -5.878974E+02
1.680000E+00 -5.963669E+02
1.700000E+00 -6.045936E+02
1.720000E+00 -6.021807E+02
1.740000E+00 -6.133336E+02
1.760000E+00 -6.088246E+02
1.780000E+00 -6.147290E+02
1.800000E+00 -6.204656E+02
1.820000E+00 -6.198846E+02
1.840000E+00 -6.397596E+02
1.860000E+00 -6.446929E+02
1.880000E+00 -6.511612E+02
1.900000E+00 -6.652289E+02
1.920000E+00 -6.566040E+02
1.940000E+00 -6.479935E+02
1.960000E+00 -6.619480E+02
1.980000E+00 -6.680801E+02
2.000000E+00 -6.846003E+02
2.020000E+00 -6.678177E+02
2.040000E+00 -6.792264E+02
2.060000E+00 -6.747873E+02
2.080000E+00 -6.787800E+02
2.100000E+00 -6.956615E+02
2.120000E+00 -6.838094E+02
2.140000E+00 -6.825089E+02
2.160000E+00 -6.930591E+02
2.180000E+00 -6.766023E+02
2.200000E+00 -6.745593E+02
2.220000E+00 -6.791300E+02
2.240000E+00 -6.772379E+02
2.260000E+00 -6.807592E+02
2.280000E+00 -6.818064E+02
2.300000E+00 -6.876154E+02
2.320000E+00 -6.902000E+02
2.340000E+00 -6.946164E+02
2.360000E+00 -6.989309E+02
2.380000E+00 -7.038398E+02
2.400000E+00 -7.093756E+02
2.420000E+00 -7.078404E+02
2.440000E+00 -7.119727E+02
2.460000E+00 -6.836843E+02
2.480000E+00 -6.936150E+02
2.500000E+00 -6.770418E+02
2.520000E+00 -6.769113E+02
2.540000E+00 -6.705513E+02
2.560000E+00 -6.718979E+02
2.580000E+00 -6.826183E+02
2.600000E+00 -6.786128E+02
2.620000E+00 -6.877037E+02
2.640000E+00 -6.890678E+02
2.660000E+00 -6.851788E+02
2.680000E+00 -6.808331E+02
2.700000E+00 -6.853476E+02
2.720000E+00 -6.669337E+02
2.740000E+00 -6.743058E+02
2.760000E+00 -6.786972E+02
2.780000E+00 -6.677114E+02
2.800000E+00 -6.610842E+02
2.820000E+00 -6.870663E+02
2.840000E+00 -6.779994E+02
2.860000E+00 -6.830049E+02
2.880000E+00 -6.732802E+02
2.900000E+00 -6.663050E+02
2.920000E+00 -6.830681E+02
2.940000E+00 -6.937598E+02
2.960000E+00 -6.837103E+02
2.980000E+00 -6.900152E+02
3.000000E+00 -6.861437E+02
3.020000E+00 -6.937985E+02
3.040000E+00 -6.980744E+02
3.060000E+00 -6.803344E+02
3.080000E+00 -6.828292E+02
3.100000E+00 -6.874398E+02
3.120000E+00 -6.912185E+02
3.140000E+00 -6.768790E+02
3.160000E+00 -6.719491E+02
3.180000E+00 -6.785670E+02
3.200000E+00 -6.948936E+02
3.220000E+00 -7.027042E+02
3.240000E+00 -6.860997E+02
3.260000E+00 -7.066493E+02
3.280000E+00 -7.011563E+02
3.300000E+00 -7.028493E+02
3.320000E+00 -7.031902E+02
3.340000E+00 -7.065814E+02
3.360000E+00 -6.934360E+02
3.380000E+00 -7.084375E+02
3.400000E+00 -6.981331E+02
3.420000E+00 -6.999769E+02
3.440000E+00 -7.041343E+02
3.460000E+00 -6.968436E+02
3.480000E+00 -6.941348E+02
3.500000E+00 -6.964440E+02
3.520000E+00 -6.881477E+02
3.540000E+00 -6.951604E+02
3.560000E+00 -6.901431E+02
3.580000E+00 -6.815290E+02
3.600000E+00 -6.824057E+02
3.620000E+00 -6.824469E+02
3.640000E+00 -6.922064E+02
3.660000E+00 -7.002137E+02
3.680000E+00 -6.786661E+02
3.700000E+00 -6.892393E+02
3.720000E+00 -6.905416E+02
3.740000E+00 -6.805498E+02
3.760000E+00 -6.791181E+02
3.780000E+00 -6.949992E+02
3.800000E+00 -6.891296E+02
3.820000E+00 -6.714098E+02
3.840000E+00 -6.722968E+02
3.860000E+00 -6.702303E+02
3.880000E+00 -6.738866E+02
3.900000E+00 -6.650530E+02
3.920000E+00 -6.666740E+02
3.940000E+00 -6.769674E+02
3.960000E+00 -6.425094E+02
3.980000E+00 -6.593924E+02
4.000000E+00 -6.593538E+02
4.020000E+00 -6.661017E+02
4.040000E+00 -6.383305E+02
4.060000E+00 -6.444479E+02
4.080000E+00 -6.479592E+02
4.100000E+00 -6.853054E+02
4.120000E+00 -6.731163E+02
4.140000E+00 -6.537164E+02
4.160000E+00 -6.621682E+02
4.180000E+00 -6.570847E+02
4.200000E+00 -6.538512E+02
4.220000E+00 -6.468364E+02
4.240000E+00 -6.421348E+02
4.260000E+00 -6.414040E+02
4.280000E+00 -6.337195E+02
4.300000E+00 -6.490932E+02
4.320000E+00 -6.525124E+02
4.340000E+00 -6.677495E+02
4.360000E+00 -6.774330E+02
4.380000E+00 -6.669330E+02
4.400000E+00 -6.804018E+02
4.420000E+00 -6.588216E+02
4.440000E+00 -6.645056E+02
4.460000E+00 -6.664639E+02
4.480000E+00 -6.781188E+02
4.500000E+00 -6.756339E+02
4.520000E+00 -6.695221E+02
4.540000E+00 -6.692715E+02
4.560000E+00 -6.583541E+02
4.580000E+00 -6.657526E+02
4.600000E+00 -6.705977E+02
4.620000E+00 -6.679405E+02
4.640000E+00 -6.709237E+02
4.660000E+00 -6.741509E+02
4.680000E+00 -6.824179E+02
4.700000E+00 -6.817633E+02
4.720000E+00 -6.645621E+02
4.740000E+00 -6.630841E+02
4.760000E+00 -6.549418E+02
4.780000E+00 -6.781932E+02
4.800000E+00 -6.857894E+02
4.820000E+00 -6.830904E+02
4.840000E+00 -6.625267E+02
4.860000E+00 -6.778274E+02
4.880000E+00 -6.786229E+02
4.900000E+00 -6.613120E+02
4.920000E+00 -6.788762E+02
4.940000E+00 -6.596129E+02
4.960000E+00 -6.520100E+02
4.980000E+00 -6.625678E+02
5.000000E+00 -6.737020E+02
5.020000E+00 -6.608849E+02
5.040000E+00 -6.802518E+02
5.060000E+00 -6.685117E+02
5.080000E+00 -6.774616E+02
5.100000E+00 -6.624772E+02
5.120000E+00 -6.605491E+02
5.140000E+00 -6.536206E+02
5.160000E+00 -6.616022E+02
5.180000E+00 -6.439925E+02
5.200000E+00 -6.534574E+02
5.220000E+00 -6.585835E+02
5.240000E+00 -6.524739E+02
5.260000E+00 -6.639330E+02
5.280000E+00 -6.698689E+02
5.300000E+00 -6.484258E+02
5.320000E+00 -6.588372E+02
5.340000E+00 -6.552115E+02
5.360000E+00 -6.348497E+02
5.380000E+00 -6.598675E+02
5.400000E+00 -6.546267E+02
5.420000E+00 -6.442091E+02
5.440000E+00 -6.627979E+02
5.460000E+00 -6.471784E+02
5.480000E+00 -6.476435E+02
5.500000E+00 -6.586188E+02
5.520000E+00 -6.542644E+02
5.540000E+00 -6.710894E+02
5.560000E+00 -6.536797E+02
5.580000E+00 -6.471207E+02
5.600000E+00 -6.694135E+02
5.620000E+00 -6.640355E+02
5.640000E+00 -6.614813E+02
5.660000E+00 -6.669502E+02
5.680000E+00 -6.623408E+02
5.700000E+00 -6.680179E+02
5.720000E+00 -6.710208E+02
5.740000E+00 -6.650508E+02
5.760000E+00 -6.772123E+02
5.780000E+00 -6.659643E+02
5.800000E+00 -6.615132E+02
5.820000E+00 -6.560370E+02
5.840000E+00 -6.614264E+02
5.860000E+00 -6.777847E+02
5.880000E+00 -6.606349E+02
5.900000E+00 -6.649165E+02
5.920000E+00 -6.766279E+02
5.940000E+00 -6.750053E+02
5.960000E+00 -6.737979E+02
5.980000E+00 -6.827933E+02
6.000000E+00 -6.980929E+02
6.020000E+00 -6.899732E+02
6.040000E+00 -6.827593E+02
6.060000E+00 -6.818848E+02
6.080000E+00 -6.923532E+02
6.100000E+00 -6.817704E+02
6.120000E+00 -6.787022E+02
6.140000E+00 -6.811063E+02
6.160000E+00 -6.844946E+02
6.180000E+00 -6.855969E+02
6.200000E+00 -6.894630E+02
6.220000E+00 -6.915970E+02
6.240000E+00 -6.992943E+02
6.260000E+00 -6.969411E+02
6.280000E+00 -6.896195E+02
6.300000E+00 -7.014722E+02
6.320000E+00 -7.020839E+02
6.340000E+00 -6.968149E+02
6.360000E+00 -6.905913E+02
6.380000E+00 -6.736376E+02
6.400000E+00 -6.771676E+02
6.420000E+00 -6.752917E+02
6.440000E+00 -7.038348E+02
6.460000E+00 -6.784484E+02
6.480000E+00 -6.891706E+02
6.500000E+00 -7.138989E+02
6.520000E+00 -7.022394E+02
6.540000E+00 -6.962982E+02
6.560000E+00 -6.980243E+02
6.580000E+00 -6.848830E+02
6.600000E+00 -6.878320E+02
6.620000E+00 -6.972282E+02
6.640000E+00 -6.884059E+02
6.660000E+00 -6.849552E+02
6.680000E+00 -6.763649E+02
6.700000E+00 -6.788926E+02
6.720000E+00 -6.877377E+02
6.740000E+00 -6.933663E+02
6.760000E+00 -6.687985E+02
6.780000E+00 -6.752754E+02
6.800000E+00 -6.744561E+02
6.820000E+00 -6.730611E+02
6.840000E+00 -6.796578E+02
6.860000E+00 -6.572313E+02
6.880000E+00 -6.787530E+02
6.900000E+00 -6.758168E+02
6.920000E+00 -6.688077E+02
6.940000E+00 -6.722731E+02
6.960000E+00 -6.757155E+02
6.980000E+00 -6.647338E+02
7.000000E+00 -6.787892E+02
7.020000E+00 -6.724482E+02
7.040000E+00 -6.761475E+02
7.060000E+00 -6.534280E+02
7.080000E+00 -6.698191E+02
7.100000E+00 -6.489938E+02
7.120000E+00 -6.500152E+02
7.140000E+00 -6.590198E+02
7.160000E+00 -6.396202E+02
7.180000E+00 -6.402493E+02
7.200000E+00 -6.552509E+02
7.220000E+00 -6.454854E+02
7.240000E+00 -6.625799E+02
7.260000E+00 -6.555469E+02
7.280000E+00 -6.501242E+02
7.300000E+00 -6.756495E+02
7.320000E+00 -6.776648E+02
7.340000E+00 -6.800077E+02
7.360000E+00 -6.669285E+02
7.380000E+00 -6.669415E+02
7.400000E+00 -6.614456E+02
7.420000E+00 -6.601879E+02
7.440000E+00 -6.609358E+02
7.460000E+00 -6.580196E+02
7.480000E+00 -6.523982E+02
7.500000E+00 -6.657394E+02
7.520000E+00 -6.651988E+02
7.540000E+00 -6.644519E+02
7.560000E+00 -6.648220E+02
7.580000E+00 -6.689895E+02
7.600000E+00 -6.698632E+02
7.620000E+00 -6.896459E+02
7.640000E+00 -6.920204E+02
7.660000E+00 -6.895760E+02
7.680000E+00 -7.049230E+02
7.700000E+00 -6.876911E+02
7.720000E+00 -6.937206E+02
7.740000E+00 -7.022500E+02
7.760000E+00 -6.895905E+02
7.780000E+00 -6.755127E+02
7.800000E+00 -6.850178E+02
7.820000E+00 -6.855762E+02
7.840000E+00 -6.837677E+02
7.860000E+00 -6.858505E+02
7.880000E+00 -7.061428E+02
7.900000E+00 -6.930842E+02
7.920000E+00 -7.120595E+02
7.940000E+00 -6.923903E+02
7.960000E+00 -7.097119E+02
7.980000E+00 -6.883534E+02
8.000000E+00 -7.156251E+02
8.020000E+00 -7.160761E+02
8.040000E+00 -7.005562E+02
8.060000E+00 -7.095899E+02
8.080000E+00 -7.085109E+02
8.100000E+00 -7.013778E+02
8.120000E+00 -7.025711E+02
8.140000E+00 -7.029670E+02
8.160000E+00 -6.989069E+02
8.180000E+00 -7.016448E+02
8.200000E+00 -7.050105E+02
8.220000E+00 -7.018065E+02
8.240000E+00 -6.999755E+02
8.260000E+00 -7.056353E+02
8.280000E+00 -7.031266E+02
8.300000E+00 -6.984316E+02
8.320000E+00 -7.074980E+02
8.340000E+00 -6.960697E+02
8.360000E+00 -6.931824E+02
8.380000E+00 -7.003919E+02
8.400000E+00 -6.895001E+02
8.420000E+00 -7.184700E+02
8.440000E+00 -7.197467E+02
8.460000E+00 -6.867192E+02
8.480000E+00 -6.973196E+02
8.500000E+00 -7.077195E+02
8.520000E+00 -6.949452E+02
8.540000E+00 -7.071721E+02
8.560000E+00 -6.888942E+02
8.580000E+00 -6.841323E+02
8.600000E+00 -7.077920E+02
8.620000E+00 -6.883422E+02
8.640000E+00 -7.017701E+02
8.660000E+00 -6.995478E+02
8.680000E+00 -6.846973E+02
8.700000E+00 -7.003863E+02
8.720000E+00 -7.033700E+02
8.740000E+00 -6.863477E+02
8.760000E+00 -6.945820E+02
8.780000E+00 -6.937695E+02
8.800000E+00 -6.857850E+02
8.820000E+00 -6.912119E+02
8.840000E+00 -6.905213E+02
8.860000E+00 -6.905073E+02
8.880000E+00 -6.937465E+02
8.900000E+00 -6.931448E+02
8.920000E+00 -6.833029E+02
8.940000E+00 -6.721598E+02
8.960000E+00 -6.945184E+02
8.980000E+00 -6.666952E+02
9.000000E+00 -6.875660E+02
9.020000E+00 -6.772433E+02
9.040000E+00 -6.982239E+02
9.060000E+00 -6.923937E+02
9.080000E+00 -6.912622E+02
9.100000E+00 -6.901227E+02
9.120000E+00 -7.008933E+02
9.140000E+00 -6.828767E+02
9.160000E+00 -6.742692E+02
9.180000E+00 -6.778098E+02
9.200000E+00 -6.846136E+02
9.220000E+00 -6.839645E+02
9.240000E+00 -7.055440E+02
9.260000E+00 -6.870897E+02
9.280000E+00 -6.901521E+02
9.300000E+00 -6.804505E+02
9.320000E+00 -6.559471E+02
9.340000E+00 -6.730283E+02
9.360000E+00 -6.645427E+02
9.380000E+00 -6.896737E+02
9.400000E+00 -6.745889E+02
9.420000E+00 -6.684110E+02
9.440000E+00 -6.848784E+02
9.460000E+00 -6.839416E+02
9.480000E+00 -6.901745E+02
9.500000E+00 -6.741625E+02
9.520000E+00 -6.949852E+02
9.540000E+00 -6.772436E+02
9.560000E+00 -6.894422E+02
9.580000E+00 -6.844625E+02
9.600000E+00 -6.769752E+02
9.620000E+00 -6.742443E+02
9.640000E+00 -6.740534E+02
9.660000E+00 -6.792587E+02
9.680000E+00 -6.767370E+02
9.700000E+00 -6.852839E+02
9.720000E+00 -6.866275E+02
9.740000E+00 -6.915423E+02
9.760000E+00 -6.825303E+02
9.780000E+00 -6.775173E+02
9.800000E+00 -6.804833E+02
9.820000E+00 -6.973338E+02
9.840000E+00 -6.820989E+02
9.860000E+00 -6.884336E+02
9.880000E+00 -6.882424E+02
9.900000E+00 -6.823223E+02
9.920000E+00 -6.767493E+02
9.940000E+00 -6.776891E+02
9.960000E+00 -6.728062E+02
9.980000E+00 -6.729215E+02
1.000000E+01 -6.792255E+02
1.002000E+01 -6.710749E+02
1.004000E+01 -6.636439E+02
1.006000E+01 -6.727900E+02
1.008000E+01 -6.696114E+02
1.010000E+01 -6.910384E+02
1.012000E+01 -6.816047E+02
1.014000E+01 -6.945577E+02
1.016000E+01 -6.973784E+02
1.018000E+01 -6.708436E+02
1.020000E+01 -6.791039E+02
1.022000E+01 -6.762935E+02
1.024000E+01 -6.702708E+02
1.026000E+01 -6.894192E+02
1.028000E+01 -6.739481E+02
1.030000E+01 -6.702162E+02
1.032000E+01 -6.847927E+02
1.034000E+01 -6.887288E+02
1.036000E+01 -6.908310E+02
1.038000E+01 -6.775718E+02
1.040000E+01 -6.801684E+02
1.042000E+01 -6.673869E+02
1.044000E+01 -6.699801E+02
1.046000E+01 -6.748561E+02
1.048000E+01 -6.455334E+02
1.050000E+01 -6.714869E+02
1.052000E+01 -6.591814E+02
1.054000E+01 -6.619745E+02
1.056000E+01 -6.688400E+02
1.058000E+01 -6.827785E+02
1.060000E+01 -6.683290E+02
1.062000E+01 -6.900679E+02
1.064000E+01 -6.778699E+02
1.066000E+01 -7.003649E+02
1.068000E+01 -6.651671E+02
1.070000E+01 -6.701989E+02
1.072000E+01 -6.764473E+02
1.074000E+01 -6.825337E+02
1.076000E+01 -6.702138E+02
1.078000E+01 -6.794786E+02
1.080000E+01 -6.863614E+02
1.082000E+01 -6.686927E+02
1.084000E+01 -6.617599E+02
1.086000E+01 -6.649833E+02
1.088000E+01 -6.662377E+02
1.090000E+01 -6.528104E+02
1.092000E+01 -6.733980E+02
1.094000E+01 -6.612258E+02
1.096000E+01 -6.683306E+02
1.098000E+01 -6.783807E+02
1.100000E+01 -6.587866E+02
1.102000E+01 -6.718634E+02
1.104000E+01 -6.695416E+02
1.106000E+01 -6.716900E+02
1.108000E+01 -6.689899E+02
1.110000E+01 -6.745194E+02
1.112000E+01 -6.757924E+02
1.114000E+01 -6.659731E+02
1.116000E+01 -6.549725E+02
1.118000E+01 -6.507759E+02
1.120000E+01 -6.572579E+02
1.122000E+01 -6.592087E+02
1.124000E+01 -6.426724E+02
1.126000E+01 -6.543517E+02
1.128000E+01 -6.362213E+02
1.130000E+01 -6.486881E+02
1.132000E+01 -6.622799E+02
1.134000E+01 -6.477044E+02
1.136000E+01 -6.760112E+02
1.138000E+01 -6.614586E+02
1.140000E+01 -6.270079E+02
1.142000E+01 -6.590444E+02
1.144000E+01 -6.319969E+02
1.146000E+01 -6.668239E+02
1.148000E+01 -6.481102E+02
1.150000E+01 -6.425845E+02
1.152000E+01 -6.590763E+02
1.154000E+01 -6.364105E+02
1.156000E+01 -6.558961E+02
1.158000E+01 -6.613945E+02
1.160000E+01 -6.690207E+02
1.162000E+01 -6.596984E+02
1.164000E+01 -6.540301E+02
1.166000E+01 -6.535424E+02
1.168000E+01 -6.748430E+02
1.170000E+01 -6.483612E+02
1.172000E+01 -6.616738E+02
1.174000E+01 -6.450531E+02
1.176000E+01 -6.623336E+02
1.178000E+01 -6.562282E+02
1.180000E+01 -6.841460E+02
1.182000E+01 -6.806454E+02
1.184000E+01 -6.579658E+02
1.186000E+01 -6.847900E+02
1.188000E+01 -6.777925E+02
1.190000E+01 -6.744482E+02
1.192000E+01 -6.886573E+02
1.194000E+01 -6.772930E+02
1.196000E+01 -6.740396E+02
1.198000E+01 -6.878685E+02
1.200000E+01 -6.759647E+02
1.202000E+01 -6.972600E+02
1.204000E+01 -6.820137E+02
1.206000E+01 -6.899237E+02
1.208000E+01 -6.766438E+02
1.210000E+01 -6.910393E+02
1.212000E+01 -6.868607E+02
1.214000E+01 -6.956115E+02
1.216000E+01 -6.957736E+02
1.218000E+01 -6.877700E+02
1.220000E+01 -6.908687E+02
1.222000E+01 -6.785685E+02
1.224000E+01 -6.822317E+02
1.226000E+01 -6.791315E+02
1.228000E+01 -6.915457E+02
1.230000E+01 -6.756217E+02
1.232000E+01 -6.845182E+02
1.234000E+01 -6.706114E+02
1.236000E+01 -6.898449E+02
1.238000E+01 -6.696870E+02
1.240000E+01 -6.789031E+02
1.242000E+01 -6.767093E+02
1.244000E+01 -6.746159E+02
1.246000E+01 -6.821388E+02
1.248000E+01 -6.845708E+02
1.250000E+01 -6.678862E+02
1.252000E+01 -6.858763E+02
1.254000E+01 -6.705090E+02
1.256000E+01 -6.700521E+02
1.258000E+01 -6.626235E+02
1.260000E+01 -6.645879E+02
1.262000E+01 -6.753063E+02
1.264000E+01 -6.591764E+02
1.266000E+01 -6.621548E+02
1.268000E+01 -6.634117E+02
1.270000E+01 -6.634663E+02
1.272000E+01 -6.822331E+02
1.274000E+01 -6.554327E+02
1.276000E+01 -6.820331E+02
1.278000E+01 -6.626097E+02
1.280000E+01 -6.582729E+02
1.282000E+01 -6.658529E+02
1.284000E+01 -6.827340E+02
1.286000E+01 -6.753702E+02
1.288000E+01 -6.690892E+02
1.290000E+01 -6.851750E+02
1.292000E+01 -6.544311E+02
1.294000E+01 -6.861418E+02
1.296000E+01 -6.973779E+02
1.298000E+01 -6.799787E+02
1.300000E+01 -6.938275E+02
1.302000E+01 -6.853049E+02
1.304000E+01 -6.906258E+02
1.306000E+01 -6.900019E+02
1.308000E+01 -7.001137E+02
1.310000E+01 -6.791227E+02
1.312000E+01 -6.824159E+02
1.314000E+01 -6.745911E+02
1.316000E+01 -6.796377E+02
1.318000E+01 -6.905492E+02
1.320000E+01 -7.051058E+02
1.322000E+01 -6.812306E+02
1.324000E+01 -6.892077E+02
1.326000E+01 -7.030899E+02
1.328000E+01 -7.114378E+02
1.330000E+01 -6.997323E+02
1.332000E+01 -6.961735E+02
1.334000E+01 -7.038117E+02
1.336000E+01 -7.122663E+02
1.338000E+01 -6.902207E+02
1.340000E+01 -6.983500E+02
1.342000E+01 -6.984108E+02
1.344000E+01 -7.044277E+02
1.346000E+01 -7.070263E+02
1.348000E+01 -7.047518E+02
1.350000E+01 -7.186149E+02
1.352000E+01 -7.055391E+02
1.354000E+01 -7.041122E+02
1.356000E+01 -7.000889E+02
1.358000E+01 -6.949213E+02
1.360000E+01 -6.830861E+02
1.362000E+01 -6.938428E+02
1.364000E+01 -6.901145E+02
1.366000E+01 -6.829957E+02
1.368000E+01 -6.976375E+02
1.370000E+01 -6.907470E+02
1.372000E+01 -6.898198E+02
1.374000E+01 -6.799880E+02
1.376000E+01 -7.121984E+02
1.378000E+01 -7.015181E+02
1.380000E+01 -6.812930E+02
1.382000E+01 -6.731351E+02
1.384000E+01 -6.617899E+02
1.386000E+01 -6.749058E+02
1.388000E+01 -6.666160E+02
1.390000E+01 -6.714575E+02
1.392000E+01 -6.668109E+02
1.394000E+01 -6.869249E+02
1.396000E+01 -6.649471E+02
1.398000E+01 -6.975811E+02
1.400000E+01 -6.893554E+02
1.402000E+01 -6.806900E+02
1.404000E+01 -6.958781E+02
1.406000E+01 -6.649281E+02
1.408000E+01 -6.770105E+02
1.410000E+01 -6.490342E+02
1.412000E+01 -6.560259E+02
1.414000E+01 -6.576344E+02
1.416000E+01 -6.644710E+02
1.418000E+01 -6.753296E+02
1.420000E+01 -6.755108E+02
1.422000E+01 -6.814914E+02
1.424000E+01 -6.626462E+02
1.426000E+01 -6.991722E+02
1.428000E+01 -6.728662E+02
1.430000E+01 -6.837200E+02
1.432000E+01 -6.708064E+02
1.434000E+01 -6.893728E+02
1.436000E+01 -6.793231E+02
1.438000E+01 -6.654188E+02
1.440000E+01 -6.674071E+02
1.442000E+01 -6.703481E+02
1.444000E+01 -6.884419E+02
1.446000E+01 -6.839934E+02
1.448000E+01 -6.943317E+02
1.450000E+01 -6.865388E+02
1.452000E+01 -6.975407E+02
1.454000E+01 -6.875457E+02
1.456000E+01 -7.118353E+02
1.458000E+01 -6.830640E+02
1.460000E+01 -6.853568E+02
1.462000E+01 -6.776196E+02
1.464000E+01 -6.905909E+02
1.466000E+01 -6.855796E+02
1.468000E+01 -6.782843E+02
1.470000E+01 -6.838457E+02
1.472000E+01 -6.949266E+02
1.474000E+01 -6.902746E+02
1.476000E+01 -6.845716E+02
1.478000E+01 -6.809592E+02
1.480000E+01 -6.939941E+02
1.482000E+01 -6.885904E+02
1.484000E+01 -7.006078E+02
1.486000E+01 -6.945906E+02
1.488000E+01 -7.041505E+02
1.490000E+01 -6.852317E+02
1.492000E+01 -6.827425E+02
1.494000E+01 -7.026105E+02
1.496000E+01 -6.885424E+02
1.498000E+01 -6.804188E+02
1.500000E+01 -6.786109E+02
1.502000E+01 -6.952814E+02
1.504000E+01 -6.857609E+02
1.506000E+01 -6.799008E+02
1.508000E+01 -6.858601E+02
1.510000E+01 -6.772514E+02
1.512000E+01 -6.888628E+02
1.514000E+01 -6.905231E+02
1.516000E+01 -6.884986E+02
1.518000E+01 -6.703213E+02
1.520000E+01 -6.821461E+02
1.522000E+01 -6.947028E+02
1.524000E+01 -6.909630E+02
1.526000E+01 -6.786992E+02
1.528000E+01 -6.834051E+02
1.530000E+01 -6.898737E+02
1.532000E+01 -6.889473E+02
1.534000E+01 -6.776205E+02
1.536000E+01 -6.859226E+02
1.538000E+01 -6.743849E+02
1.540000E+01 -6.764463E+02
1.542000E+01 -6.744600E+02
1.544000E+01 -6.585863E+02
1.546000E+01 -6.765439E+02
1.548000E+01 -6.784183E+02
1.550000E+01 -6.832057E+02
1.552000E+01 -6.775695E+02
1.554000E+01 -6.756780E+02
1.556000E+01 -6.774074E+02
1.558000E+01 -6.710174E+02
1.560000E+01 -6.791422E+02
1.562000E+01 -6.844288E+02
1.564000E+01 -6.849778E+02
1.566000E+01 -6.687878E+02
1.568000E+01 -6.783625E+02
1.570000E+01 -6.813944E+02
1.572000E+01 -6.829592E+02
1.574000E+01 -6.711732E+02
1.576000E+01 -6.815291E+02
1.578000E+01 -6.929209E+02
1.580000E+01 -6.865730E+02
1.582000E+01 -6.840842E+02
1.584000E+01 -6.962834E+02
1.586000E+01 -6.798411E+02
1.588000E+01 -7.120389E+02
1.590000E+01 -6.782838E+02
1.592000E+01 -6.974817E+02
1.594000E+01 -6.806663E+02
1.596000E+01 -6.890216E+02
1.598000E+01 -6.834660E+02
1.600000E+01 -6.742813E+02
1.602000E+01 -7.124603E+02
1.604000E+01 -6.994109E+02
1.606000E+01 -6.982071E+02
1.608000E+01 -6.881075E+02
1.610000E+01 -6.967762E+02
1.612000E+01 -7.130235E+02
1.614000E+01 -7.033401E+02
1.616000E+01 -6.967886E+02
1.618000E+01 -7.058992E+02
1.620000E+01 -7.063937E+02
1.622000E+01 -7.087206E+02
1.624000E+01 -6.969134E+02
1.626000E+01 -7.130753E+02
1.628000E+01 -6.890126E+02
1.630000E+01 -6.952495E+02
1.632000E+01 -6.855656E+02
1.634000E+01 -6.957176E+02
1.636000E+01 -6.921022E+02
1.638000E+01 -7.134344E+02
1.640000E+01 -6.817880E+02
1.642000E+01 -7.077231E+02
1.644000E+01 -6.921571E+02
1.646000E+01 -7.089936E+02
1.648000E+01 -6.954557E+02
1.650000E+01 -7.111193E+02
1.652000E+01 -7.249658E+02
1.654000E+01 -6.937940E+02
1.656000E+01 -7.085820E+02
1.658000E+01 -7.097330E+02
1.660000E+01 -7.223070E+02
1.662000E+01 -7.029015E+02
1.664000E+01 -6.773016E+02
1.666000E+01 -6.914365E+02
1.668000E+01 -6.947955E+02
1.670000E+01 -6.886063E+02
1.672000E+01 -6.635301E+02
1.674000E+01 -6.736235E+02
1.676000E+01 -6.676478E+02
1.678000E+01 -6.771744E+02
1.680000E+01 -6.740018E+02
1.682000E+01 -6.820730E+02
1.684000E+01 -6.781825E+02
1.686000E+01 -6.721619E+02
1.688000E+01 -6.844170E+02
1.690000E+01 -7.087905E+02
1.692000E+01 -6.909855E+02
1.694000E+01 -6.803231E+02
1.696000E+01 -6.769961E+02
1.698000E+01 -6.916332E+02
1.700000E+01 -7.134378E+02
1.702000E+01 -6.912262E+02
1.704000E+01 -6.804533E+02
1.706000E+01 -6.735777E+02
1.708000E+01 -6.722185E+02
1.710000E+01 -6.709973E+02
1.712000E+01 -6.756933E+02
1.714000E+01 -6.813684E+02
1.716000E+01 -6.633390E+02
1.718000E+01 -6.740018E+02
1.720000E+01 -6.938732E+02
1.722000E+01 -6.990764E+02
1.724000E+01 -7.071308E+02
1.726000E+01 -7.069402E+02
1.728000E+01 -6.905282E+02
1.730000E+01 -7.073494E+02
1.732000E+01 -7.029979E+02
1.734000E+01 -7.018711E+02
1.736000E+01 -6.941686E+02
1.738000E+01 -6.860076E+02
1.740000E+01 -6.775010E+02
1.742000E+01 -6.916451E+02
1.744000E+01 -6.793042E+02
1.746000E+01 -7.039921E+02
1.748000E+01 -6.718322E+02
1.750000E+01 -6.912874E+02
1.752000E+01 -7.130329E+02
1.754000E+01 -7.049884E+02
1.756000E+01 -7.000411E+02
1.758000E+01 -6.907138E+02
1.760000E+01 -7.061171E+02
1.762000E+01 -7.074848E+02
1.764000E+01 -7.057538E+02
1.766000E+01 -6.895129E+02
1.768000E+01 -6.880160E+02
1.770000E+01 -7.084228E+02
1.772000E+01 -6.964517E+02
1.774000E+01 -6.890222E+02
1.776000E+01 -6.793758E+02
1.778000E+01 -6.991005E+02
1.780000E+01 -7.030201E+02
1.782000E+01 -6.895706E+02
1.784000E+01 -6.958193E+02
1.786000E+01 -6.925674E+02
1.788000E+01 -6.913572E+02
1.790000E+01 -6.812050E+02
1.792000E+01 -6.788606E+02
1.794000E+01 -6.779665E+02
1.796000E+01 -6.794489E+02
1.798000E+01 -6.957523E+02
1.800000E+01 -6.704763E+02
1.802000E+01 -6.857173E+02
1.804000E+01 -6.699407E+02
1.806000E+01 -6.558017E+02
1.808000E+01 -6.683792E+02
1.810000E+01 -6.810448E+02
1.812000E+01 -6.713640E+02
1.814000E+01 -6.667681E+02
1.816000E+01 -6.851424E+02
1.818000E+01 -6.778046E+02
1.820000E+01 -6.743600E+02
1.822000E+01 -6.763006E+02
1.824000E+01 -6.626162E+02
1.826000E+01 -6.809705E+02
1.828000E+01 -6.798373E+02
1.830000E+01 -6.597625E+02
1.832000E+01 -6.655990E+02
1.834000E+01 -6.775803E+02
1.836000E+01 -6.769163E+02
1.838000E+01 -6.711686E+02
1.840000E+01 -6.644461E+02
1.842000E+01 -6.679694E+02
1.844000E+01 -6.735316E+02
1.846000E+01 -6.739981E+02
1.848000E+01 -6.849900E+02
1.850000E+01 -6.960835E+02
1.852000E+01 -6.694134E+02
1.854000E+01 -6.916374E+02
1.856000E+01 -6.997797E+02
1.858000E+01 -6.832156E+02
1.860000E+01 -6.837819E+02
1.862000E+01 -6.796163E+02
1.864000E+01 -6.895315E+02
1.866000E+01 -6.890679E+02
1.868000E+01 -6.890469E+02
1.870000E+01 -7.078389E+02
1.872000E+01 -7.046185E+02
1.874000E+01 -7.083603E+02
1.876000E+01 -6.985790E+02
1.878000E+01 -7.076915E+02
1.880000E+01 -7.235631E+02
1.882000E+01 -7.075755E+02
1.884000E+01 -7.128643E+02
1.886000E+01 -7.320700E+02
1.888000E+01 -7.109163E+02
1.890000E+01 -7.201415E+02
1.892000E+01 -7.140794E+02
1.894000E+01 -7.193523E+02
1.896000E+01 -7.165176E+02
1.898000E+01 -7.218090E+02
1.900000E+01 -7.123096E+02
1.902000E+01 -7.258630E+02
1.904000E+01 -7.221124E+02
1.906000E+01 -7.198731E+02
1.908000E+01 -7.302517E+02
1.910000E+01 -7.249776E+02
1.912000E+01 -7.360670E+02
1.914000E+01 -7.118109E+02
1.916000E+01 -7.213156E+02
1.918000E+01 -7.193939E+02
1.920000E+01 -7.199957E+02
1.922000E+01 -7.201065E+02
1.924000E+01 -7.050777E+02
1.926000E+01 -7.172846E+02
1.928000E+01 -7.116144E+02
1.930000E+01 -6.997968E+02
1.932000E+01 -7.061417E+02
1.934000E+01 -7.037872E+02
1.936000E+01 -7.131075E+02
1.938000E+01 -7.110835E+02
1.940000E+01 -7.095687E+02
1.942000E+01 -6.900596E+02
1.944000E+01 -7.047892E+02
1.946000E+01 -6.848850E+02
1.948000E+01 -6.961423E+02
1.950000E+01 -6.813175E+02
1.952000E+01 -7.011548E+02
1.954000E+01 -6.701420E+02
1.956000E+01 -6.834976E+02
1.958000E+01 -7.030318E+02
1.960000E+01 -6.692708E+02
1.962000E+01 -6.898605E+02
1.964000E+01 -6.640358E+02
1.966000E+01 -6.658077E+02
1.968000E+01 -6.837562E+02
1.970000E+01 -6.981768E+02
1.972000E+01 -6.724410E+02
1.974000E+01 -6.702052E+02
1.976000E+01 -6.657174E+02
1.978000E+01 -6.703361E+02
1.980000E+01 -6.871391E+02
1.982000E+01 -6.545588E+02
1.984000E+01 -6.588092E+02
1.986000E+01 -6.831445E+02
1.988000E+01 -6.941234E+02
1.990000E+01 -7.010631E+02
1.992000E+01 -7.030924E+02
1.994000E+01 -6.959340E+02
1.996000E+01 -6.906137E+02
1.998000E+01 -7.001011E+02
2.000000E+01 -6.817176E+02
