2.000000E-02 3.831305E+02
4.000000E-02 5.752731E+02
6.000000E-02 6.539393E+02
8.000000E-02 5.762565E+02
1.000000E-01 6.257000E+02
1.200000E-01 5.738920E+02
1.400000E-01 4.871935E+02
1.600000E-01 4.525257E+02
1.800000E-01 2.989996E+02
2.000000E-01 2.707654E+02
2.200000E-01 2.413689E+02
2.400000E-01 2.724178E+02
2.600000E-01 2.019567E+02
2.800000E-01 1.734708E+02
3.000000E-01 1.855911E+02
3.200000E-01 1.725723E+02
3.400000E-01 1.837624E+02
3.600000E-01 1.631507E+02
3.800000E-01 1.510044E+02
4.000000E-01 1.350654E+02
4.200000E-01 8.808904E+01
4.400000E-01 1.037625E+02
4.600000E-01 7.630634E+01
4.800000E-01 8.413127E+01
5.000000E-01 8.193552E+01
5.200000E-01 6.834265E+01
5.400000E-01 5.739086E+01
5.600000E-01 5.399676E+01
5.800000E-01 5.635811E+01
6.000000E-01 5.715556E+01
6.200000E-01 6.622390E+01
6.400000E-01 6.495330E+01
6.600000E-01 5.982510E+01
6.800000E-01 5.527881E+01
7.000000E-01 5.873218E+01
7.200000E-01 5.244068E+01
7.400000E-01 4.506035E+01
7.600000E-01 5.088563E+01
7.800000E-01 5.186071E+01
8.000000E-01 5.086841E+01
8.200000E-01 5.097277E+01
8.400000E-01 5.110300E+01
8.600000E-01 5.226376E+01
8.800000E-01 6.594163E+01
9.000000E-01 6.872970E+01
9.200000E-01 7.919642E+01
9.400000E-01 8.068678E+01
9.600000E-01 8.881693E+01
9.800000E-01 1.003806E+02
1.000000E+00 1.136587E+02
1.020000E+00 1.155733E+02
1.040000E+00 1.234126E+02
1.060000E+00 1.311561E+02
1.080000E+00 1.255786E+02
1.100000E+00 1.371882E+02
1.120000E+00 1.582304E+02
1.140000E+00 1.778045E+02
1.160000E+00 2.245683E+02
1.180000E+00 2.347798E+02
1.200000E+00 2.607199E+02
1.220000E+00 3.226066E+02
1.240000E+00 3.254371E+02
1.260000E+00 3.233336E+02
1.280000E+00 3.366407E+02
1.300000E+00 3.596972E+02
1.320000E+00 3.777392E+02
1.340000E+00 3.750769E+02
1.360000E+00 3.743419E+02
1.380000E+00 3.542140E+02
1.400000E+00 3.383989E+02
1.420000E+00 3.342323E+02
1.440000E+00 2.999874E+02
1.460000E+00 3.029205E+02
1.480000E+00 3.451183E+02
1.500000E+00 3.269076E+02
1.520000E+00 2.927944E+02
1.540000E+00 2.665814E+02
1.560000E+00 2.618164E+02
1.580000E+00 2.448296E+02
1.600000E+00 2.045493E+02
1.620000E+00 2.122577E+02
1.640000E+00 1.885545E+02
1.660000E+00 1.729917E+02
1.680000E+00 1.757253E+02
1.700000E+00 1.782122E+02
1.720000E+00 1.605798E+02
1.740000E+00 1.707280E+02
1.760000E+00 1.500291E+02
1.780000E+00 1.524718E+02
1.800000E+00 1.549666E+02
1.820000E+00 1.454021E+02
1.840000E+00 1.774093E+02
1.860000E+00 1.795003E+02
1.880000E+00 1.837627E+02
1.900000E+00 2.033092E+02
1.920000E+00 1.768418E+02
1.940000E+00 1.522813E+02
1.960000E+00 1.754177E+02
1.980000E+00 1.813280E+02
2.000000E+00 2.083335E+02
2.020000E+00 1.674540E+02
2.040000E+00 1.853164E+02
2.060000E+00 1.711927E+02
2.080000E+00 1.743097E+02
2.100000E+00 2.039343E+02
2.120000E+00 1.752425E+02
2.140000E+00 1.684656E+02
2.160000E+00 1.866660E+02
2.180000E+00 1.501259E+02
2.200000E+00 1.441449E+02
2.220000E+00 1.523378E+02
2.240000E+00 1.478109E+02
2.260000E+00 1.551714E+02
2.280000E+00 1.586725E+02
2.300000E+00 1.725876E+02
2.320000E+00 1.804210E+02
2.340000E+00 1.925357E+02
2.360000E+00 2.043824E+02
2.380000E+00 2.174187E+02
2.400000E+00 2.319286E+02
2.420000E+00 2.317954E+02
2.440000E+00 2.426603E+02
2.460000E+00 1.869011E+02
2.480000E+00 2.090639E+02
2.500000E+00 1.769194E+02
2.520000E+00 1.784922E+02
2.540000E+00 1.674934E+02
2.560000E+00 1.728192E+02
2.580000E+00 1.980136E+02
2.600000E+00 1.930599E+02
2.620000E+00 2.149555E+02
2.640000E+00 2.210228E+02
2.660000E+00 2.163902E+02
2.680000E+00 2.104055E+02
2.700000E+00 2.215932E+02
2.720000E+00 1.856591E+02
2.740000E+00 2.018297E+02
2.760000E+00 2.120379E+02
2.780000E+00 1.910785E+02
2.800000E+00 1.791478E+02
2.820000E+00 2.339052E+02
2.840000E+00 2.166286E+02
2.860000E+00 2.272162E+02
2.880000E+00 2.075878E+02
2.900000E+00 1.934061E+02
2.920000E+00 2.273835E+02
2.940000E+00 2.481484E+02
2.960000E+00 2.257851E+02
2.980000E+00 2.354983E+02
3.000000E+00 2.239083E+02
3.020000E+00 2.350113E+02
3.040000E+00 2.380874E+02
3.060000E+00 1.970053E+02
3.080000E+00 1.970988E+02
3.100000E+00 2.018545E+02
3.120000E+00 2.041670E+02
3.140000E+00 1.701361E+02
3.160000E+00 1.559876E+02
3.180000E+00 1.667055E+02
3.200000E+00 1.975287E+02
3.220000E+00 2.104059E+02
3.240000E+00 1.733697E+02
3.260000E+00 2.129358E+02
3.280000E+00 1.990530E+02
3.300000E+00 1.999279E+02
3.320000E+00 1.973807E+02
3.340000E+00 2.011819E+02
3.360000E+00 1.715250E+02
3.380000E+00 1.994568E+02
3.400000E+00 1.758453E+02
3.420000E+00 1.775249E+02
3.440000E+00 1.845883E+02
3.460000E+00 1.689230E+02
3.480000E+00 1.630305E+02
3.500000E+00 1.678331E+02
3.520000E+00 1.519749E+02
3.540000E+00 1.683366E+02
3.560000E+00 1.602702E+02
3.580000E+00 1.457166E+02
3.600000E+00 1.510202E+02
3.620000E+00 1.555544E+02
3.640000E+00 1.804827E+02
3.660000E+00 2.025347E+02
3.680000E+00 1.647083E+02
3.700000E+00 1.925473E+02
3.720000E+00 2.021389E+02
3.740000E+00 1.892554E+02
3.760000E+00 1.939405E+02
3.780000E+00 2.346335E+02
3.800000E+00 2.302808E+02
3.820000E+00 2.009481E+02
3.840000E+00 2.090252E+02
3.860000E+00 2.114408E+02
3.880000E+00 2.256906E+02
3.900000E+00 2.135640E+02
3.920000E+00 2.226333E+02
3.940000E+00 2.494604E+02
3.960000E+00 1.841226E+02
3.980000E+00 2.242927E+02
4.000000E+00 2.290701E+02
4.020000E+00 2.476402E+02
4.040000E+00 1.945697E+02
4.060000E+00 2.100048E+02
4.080000E+00 2.205733E+02
4.100000E+00 3.000955E+02
4.120000E+00 2.764398E+02
4.140000E+00 2.358214E+02
4.160000E+00 2.505367E+02
4.180000E+00 2.365064E+02
4.200000E+00 2.257616E+02
4.220000E+00 2.071150E+02
4.240000E+00 1.929003E+02
4.260000E+00 1.867534E+02
4.280000E+00 1.674374E+02
4.300000E+00 1.954554E+02
4.320000E+00 1.993112E+02
4.340000E+00 2.266987E+02
4.360000E+00 2.422921E+02
4.380000E+00 2.153911E+02
4.400000E+00 2.368673E+02
4.420000E+00 1.875483E+02
4.440000E+00 1.941108E+02
4.460000E+00 1.929339E+02
4.480000E+00 2.112164E+02
4.500000E+00 2.001726E+02
4.520000E+00 1.829110E+02
4.540000E+00 1.782494E+02
4.560000E+00 1.522151E+02
4.580000E+00 1.640329E+02
4.600000E+00 1.712535E+02
4.620000E+00 1.638023E+02
4.640000E+00 1.682933E+02
4.660000E+00 1.737301E+02
4.680000E+00 1.900682E+02
4.700000E+00 1.884909E+02
4.720000E+00 1.533704E+02
4.740000E+00 1.511272E+02
4.760000E+00 1.360368E+02
4.780000E+00 1.859940E+02
4.800000E+00 2.044711E+02
4.820000E+00 2.020638E+02
4.840000E+00 1.630997E+02
4.860000E+00 1.976343E+02
4.880000E+00 2.029552E+02
4.900000E+00 1.711583E+02
4.920000E+00 2.109187E+02
4.940000E+00 1.754526E+02
4.960000E+00 1.642694E+02
4.980000E+00 1.912098E+02
5.000000E+00 2.192090E+02
5.020000E+00 1.984503E+02
5.040000E+00 2.437523E+02
5.060000E+00 2.253325E+02
5.080000E+00 2.479479E+02
5.100000E+00 2.207648E+02
5.120000E+00 2.192086E+02
5.140000E+00 2.071780E+02
5.160000E+00 2.260387E+02
5.180000E+00 1.921370E+02
5.200000E+00 2.133259E+02
5.220000E+00 2.254878E+02
5.240000E+00 2.144838E+02
5.260000E+00 2.391656E+02
5.280000E+00 2.515640E+02
5.300000E+00 2.073365E+02
5.320000E+00 2.281578E+02
5.340000E+00 2.196485E+02
5.360000E+00 1.768672E+02
5.380000E+00 2.270726E+02
5.400000E+00 2.148739E+02
5.420000E+00 1.918105E+02
5.440000E+00 2.280487E+02
5.460000E+00 1.943110E+02
5.480000E+00 1.940528E+02
5.500000E+00 2.152901E+02
5.520000E+00 2.049559E+02
5.540000E+00 2.369113E+02
5.560000E+00 1.985697E+02
5.580000E+00 1.826875E+02
5.600000E+00 2.261507E+02
5.620000E+00 2.130246E+02
5.640000E+00 2.056250E+02
5.660000E+00 2.141476E+02
5.680000E+00 2.020460E+02
5.700000E+00 2.107343E+02
5.720000E+00 2.140481E+02
5.740000E+00 1.995463E+02
5.760000E+00 2.213230E+02
5.780000E+00 1.951538E+02
5.800000E+00 1.838302E+02
5.820000E+00 1.704181E+02
5.840000E+00 1.798092E+02
5.860000E+00 2.114444E+02
5.880000E+00 1.744839E+02
5.900000E+00 1.817107E+02
5.920000E+00 2.044454E+02
5.940000E+00 1.998106E+02
5.960000E+00 1.961957E+02
5.980000E+00 2.126789E+02
6.000000E+00 2.420108E+02
6.020000E+00 2.232296E+02
6.040000E+00 2.054114E+02
6.060000E+00 1.999165E+02
6.080000E+00 2.172331E+02
6.100000E+00 1.917389E+02
6.120000E+00 1.820690E+02
6.140000E+00 1.839604E+02
6.160000E+00 1.877620E+02
6.180000E+00 1.877442E+02
6.200000E+00 1.931893E+02
6.220000E+00 1.952659E+02
6.240000E+00 2.093786E+02
6.260000E+00 2.027055E+02
6.280000E+00 1.854530E+02
6.300000E+00 2.074078E+02
6.320000E+00 2.064511E+02
6.340000E+00 1.932595E+02
6.360000E+00 1.785482E+02
6.380000E+00 1.424537E+02
6.400000E+00 1.491357E+02
6.420000E+00 1.452018E+02
6.440000E+00 2.040329E+02
6.460000E+00 1.534136E+02
6.480000E+00 1.767731E+02
6.500000E+00 2.290210E+02
6.520000E+00 2.071177E+02
6.540000E+00 1.966944E+02
6.560000E+00 2.016358E+02
6.580000E+00 1.761369E+02
6.600000E+00 1.837612E+02
6.620000E+00 2.052550E+02
6.640000E+00 1.898193E+02
6.660000E+00 1.848992E+02
6.680000E+00 1.696162E+02
6.700000E+00 1.774749E+02
6.720000E+00 1.984188E+02
6.740000E+00 2.132132E+02
6.760000E+00 1.658395E+02
6.780000E+00 1.815937E+02
6.800000E+00 1.834841E+02
6.820000E+00 1.846553E+02
6.840000E+00 2.018332E+02
6.860000E+00 1.599270E+02
6.880000E+00 2.087783E+02
6.900000E+00 2.087553E+02
6.920000E+00 1.995940E+02
6.940000E+00 2.113910E+02
6.960000E+00 2.239260E+02
6.980000E+00 2.059156E+02
7.000000E+00 2.391214E+02
7.020000E+00 2.295855E+02
7.040000E+00 2.401724E+02
7.060000E+00 1.958533E+02
7.080000E+00 2.306942E+02
7.100000E+00 1.891588E+02
7.120000E+00 1.923528E+02
7.140000E+00 2.118745E+02
7.160000E+00 1.732517E+02
7.180000E+00 1.755214E+02
7.200000E+00 2.073880E+02
7.220000E+00 1.891127E+02
7.240000E+00 2.256899E+02
7.260000E+00 2.124801E+02
7.280000E+00 2.019662E+02
7.300000E+00 2.547785E+02
7.320000E+00 2.589325E+02
7.340000E+00 2.621588E+02
7.360000E+00 2.325312E+02
7.380000E+00 2.287873E+02
7.400000E+00 2.136036E+02
7.420000E+00 2.069492E+02
7.440000E+00 2.045091E+02
7.460000E+00 1.945109E+02
7.480000E+00 1.790164E+02
7.500000E+00 2.026490E+02
7.520000E+00 1.975519E+02
7.540000E+00 1.921481E+02
7.560000E+00 1.895838E+02
7.580000E+00 1.945554E+02
7.600000E+00 1.929314E+02
7.620000E+00 2.295515E+02
7.640000E+00 2.296208E+02
7.660000E+00 2.191857E+02
7.680000E+00 2.441003E+02
7.700000E+00 2.023870E+02
7.720000E+00 2.078547E+02
7.740000E+00 2.183994E+02
7.760000E+00 1.858743E+02
7.780000E+00 1.526442E+02
7.800000E+00 1.675457E+02
7.820000E+00 1.652520E+02
7.840000E+00 1.583865E+02
7.860000E+00 1.601058E+02
7.880000E+00 1.994714E+02
7.900000E+00 1.706263E+02
7.920000E+00 2.080996E+02
7.940000E+00 1.666324E+02
7.960000E+00 2.010509E+02
7.980000E+00 1.564957E+02
8.000000E+00 2.120058E+02
8.020000E+00 2.127108E+02
8.040000E+00 1.803929E+02
8.060000E+00 1.984135E+02
8.080000E+00 1.960516E+02
8.100000E+00 1.813736E+02
8.120000E+00 1.839312E+02
8.140000E+00 1.854150E+02
8.160000E+00 1.779874E+02
8.180000E+00 1.846053E+02
8.200000E+00 1.928684E+02
8.220000E+00 1.882316E+02
8.240000E+00 1.861083E+02
8.260000E+00 1.996471E+02
8.280000E+00 1.967708E+02
8.300000E+00 1.893743E+02
8.320000E+00 2.107476E+02
8.340000E+00 1.897960E+02
8.360000E+00 1.859145E+02
8.380000E+00 2.033822E+02
8.400000E+00 1.838081E+02
8.420000E+00 2.460275E+02
8.440000E+00 2.511335E+02
8.460000E+00 1.847881E+02
8.480000E+00 2.074552E+02
8.500000E+00 2.298863E+02
8.520000E+00 2.045079E+02
8.540000E+00 2.297504E+02
8.560000E+00 1.924618E+02
8.580000E+00 1.827691E+02
8.600000E+00 2.311331E+02
8.620000E+00 1.907747E+02
8.640000E+00 2.175016E+02
8.660000E+00 2.120301E+02
8.680000E+00 1.807266E+02
8.700000E+00 2.117398E+02
8.720000E+00 2.169035E+02
8.740000E+00 1.813922E+02
8.760000E+00 1.978233E+02
8.780000E+00 1.956355E+02
8.800000E+00 1.782130E+02
8.820000E+00 1.887496E+02
8.840000E+00 1.873152E+02
8.860000E+00 1.875479E+02
8.880000E+00 1.951507E+02
8.900000E+00 1.945684E+02
8.920000E+00 1.752765E+02
8.940000E+00 1.538883E+02
8.960000E+00 2.012969E+02
8.980000E+00 1.471321E+02
9.000000E+00 1.926714E+02
9.020000E+00 1.749005E+02
9.040000E+00 2.219733E+02
9.060000E+00 2.149321E+02
9.080000E+00 2.171809E+02
9.100000E+00 2.192287E+02
9.120000E+00 2.451084E+02
9.140000E+00 2.119550E+02
9.160000E+00 1.969505E+02
9.180000E+00 2.068731E+02
9.200000E+00 2.232814E+02
9.220000E+00 2.239080E+02
9.240000E+00 2.699814E+02
9.260000E+00 2.330357E+02
9.280000E+00 2.384599E+02
9.300000E+00 2.170205E+02
9.320000E+00 1.655273E+02
9.340000E+00 1.992184E+02
9.360000E+00 1.806801E+02
9.380000E+00 2.309543E+02
9.400000E+00 1.985926E+02
9.420000E+00 1.846546E+02
9.440000E+00 2.169289E+02
9.460000E+00 2.129641E+02
9.480000E+00 2.236124E+02
9.500000E+00 1.886452E+02
9.520000E+00 2.289968E+02
9.540000E+00 1.903894E+02
9.560000E+00 2.133608E+02
9.580000E+00 2.009385E+02
9.600000E+00 1.833054E+02
9.620000E+00 1.758847E+02
9.640000E+00 1.743543E+02
9.660000E+00 1.844208E+02
9.680000E+00 1.788219E+02
9.700000E+00 1.964533E+02
9.720000E+00 1.997246E+02
9.740000E+00 2.104108E+02
9.760000E+00 1.924915E+02
9.780000E+00 1.825641E+02
9.800000E+00 1.891864E+02
9.820000E+00 2.246530E+02
9.840000E+00 1.942602E+02
9.860000E+00 2.075885E+02
9.880000E+00 2.074270E+02
9.900000E+00 1.959197E+02
9.920000E+00 1.850149E+02
9.940000E+00 1.878684E+02
9.960000E+00 1.788918E+02
9.980000E+00 1.800665E+02
1.000000E+01 1.945482E+02
1.002000E+01 1.798366E+02
1.004000E+01 1.669741E+02
1.006000E+01 1.887662E+02
1.008000E+01 1.854829E+02
1.010000E+01 2.328970E+02
1.012000E+01 2.171381E+02
1.014000E+01 2.467901E+02
1.016000E+01 2.548417E+02
1.018000E+01 2.016397E+02
1.020000E+01 2.195504E+02
1.022000E+01 2.143827E+02
1.024000E+01 2.026179E+02
1.026000E+01 2.422076E+02
1.028000E+01 2.100424E+02
1.030000E+01 2.019207E+02
1.032000E+01 2.308749E+02
1.034000E+01 2.370976E+02
1.036000E+01 2.393799E+02
1.038000E+01 2.096197E+02
1.040000E+01 2.125838E+02
1.042000E+01 1.839085E+02
1.044000E+01 1.870408E+02
1.046000E+01 1.950925E+02
1.048000E+01 1.339680E+02
1.050000E+01 1.865373E+02
1.052000E+01 1.612971E+02
1.054000E+01 1.676288E+02
1.056000E+01 1.826669E+02
1.058000E+01 2.125219E+02
1.060000E+01 1.843671E+02
1.062000E+01 2.305008E+02
1.064000E+01 2.065520E+02
1.066000E+01 2.534405E+02
1.068000E+01 1.819989E+02
1.070000E+01 1.924164E+02
1.072000E+01 2.052546E+02
1.074000E+01 2.175368E+02
1.076000E+01 1.921092E+02
1.078000E+01 2.104787E+02
1.080000E+01 2.238352E+02
1.082000E+01 1.867040E+02
1.084000E+01 1.717214E+02
1.086000E+01 1.777326E+02
1.088000E+01 1.799096E+02
1.090000E+01 1.522122E+02
1.092000E+01 1.950110E+02
1.094000E+01 1.713536E+02
1.096000E+01 1.869567E+02
1.098000E+01 2.094133E+02
1.100000E+01 1.713403E+02
1.102000E+01 2.005177E+02
1.104000E+01 1.980995E+02
1.106000E+01 2.048747E+02
1.108000E+01 2.019620E+02
1.110000E+01 2.151561E+02
1.112000E+01 2.198469E+02
1.114000E+01 2.014848E+02
1.116000E+01 1.805575E+02
1.118000E+01 1.735295E+02
1.120000E+01 1.886896E+02
1.122000E+01 1.953313E+02
1.124000E+01 1.645968E+02
1.126000E+01 1.915146E+02
1.128000E+01 1.578096E+02
1.130000E+01 1.873003E+02
1.132000E+01 2.187031E+02
1.134000E+01 1.935066E+02
1.136000E+01 2.558529E+02
1.138000E+01 2.300401E+02
1.140000E+01 1.629175E+02
1.142000E+01 2.311775E+02
1.144000E+01 1.792928E+02
1.146000E+01 2.531587E+02
1.148000E+01 2.177488E+02
1.150000E+01 2.081687E+02
1.152000E+01 2.423611E+02
1.154000E+01 1.959257E+02
1.156000E+01 2.348927E+02
1.158000E+01 2.446903E+02
1.160000E+01 2.578567E+02
1.162000E+01 2.355316E+02
1.164000E+01 2.199430E+02
1.166000E+01 2.139385E+02
1.168000E+01 2.525212E+02
1.170000E+01 1.934927E+02
1.172000E+01 2.147875E+02
1.174000E+01 1.754029E+02
1.176000E+01 2.052696E+02
1.178000E+01 1.877461E+02
1.180000E+01 2.388199E+02
1.182000E+01 2.245405E+02
1.184000E+01 1.721202E+02
1.186000E+01 2.212389E+02
1.188000E+01 2.000275E+02
1.190000E+01 1.861282E+02
1.192000E+01 2.085672E+02
1.194000E+01 1.795943E+02
1.196000E+01 1.665554E+02
1.198000E+01 1.899960E+02
1.200000E+01 1.606114E+02
1.202000E+01 1.993602E+02
1.204000E+01 1.645242E+02
1.206000E+01 1.773804E+02
1.208000E+01 1.474642E+02
1.210000E+01 1.749571E+02
1.212000E+01 1.646007E+02
1.214000E+01 1.811140E+02
1.216000E+01 1.807108E+02
1.218000E+01 1.641163E+02
1.220000E+01 1.703919E+02
1.222000E+01 1.460316E+02
1.224000E+01 1.554042E+02
1.226000E+01 1.515085E+02
1.228000E+01 1.799617E+02
1.230000E+01 1.512471E+02
1.232000E+01 1.739016E+02
1.234000E+01 1.503650E+02
1.236000E+01 1.948000E+02
1.238000E+01 1.596540E+02
1.240000E+01 1.846892E+02
1.242000E+01 1.870855E+02
1.244000E+01 1.906562E+02
1.246000E+01 2.153598E+02
1.248000E+01 2.298352E+02
1.250000E+01 2.039776E+02
1.252000E+01 2.485507E+02
1.254000E+01 2.238996E+02
1.256000E+01 2.288313E+02
1.258000E+01 2.184792E+02
1.260000E+01 2.272345E+02
1.262000E+01 2.524130E+02
1.264000E+01 2.221412E+02
1.266000E+01 2.298223E+02
1.268000E+01 2.334189E+02
1.270000E+01 2.344742E+02
1.272000E+01 2.730652E+02
1.274000E+01 2.178308E+02
1.276000E+01 2.704704E+02
1.278000E+01 2.282683E+02
1.280000E+01 2.168439E+02
1.282000E+01 2.286409E+02
1.284000E+01 2.582042E+02
1.286000E+01 2.366918E+02
1.288000E+01 2.171446E+02
1.290000E+01 2.434446E+02
1.292000E+01 1.746288E+02
1.294000E+01 2.322335E+02
1.296000E+01 2.468196E+02
1.298000E+01 2.027569E+02
1.300000E+01 2.232224E+02
1.302000E+01 1.972637E+02
1.304000E+01 2.004910E+02
1.306000E+01 1.908436E+02
1.308000E+01 2.036551E+02
1.310000E+01 1.529930E+02
1.312000E+01 1.538236E+02
1.314000E+01 1.333133E+02
1.316000E+01 1.400615E+02
1.318000E+01 1.597017E+02
1.320000E+01 1.863941E+02
1.322000E+01 1.347367E+02
1.324000E+01 1.494197E+02
1.326000E+01 1.767783E+02
1.328000E+01 1.931381E+02
1.330000E+01 1.682830E+02
1.332000E+01 1.607072E+02
1.334000E+01 1.766135E+02
1.336000E+01 1.944815E+02
1.338000E+01 1.502574E+02
1.340000E+01 1.682773E+02
1.342000E+01 1.703077E+02
1.344000E+01 1.850108E+02
1.346000E+01 1.937357E+02
1.348000E+01 1.922578E+02
1.350000E+01 2.239094E+02
1.352000E+01 2.010015E+02
1.354000E+01 2.013751E+02
1.356000E+01 1.964163E+02
1.358000E+01 1.890817E+02
1.360000E+01 1.681326E+02
1.362000E+01 1.937990E+02
1.364000E+01 1.902522E+02
1.366000E+01 1.795853E+02
1.368000E+01 2.147350E+02
1.370000E+01 2.064714E+02
1.372000E+01 2.096637E+02
1.374000E+01 1.940353E+02
1.376000E+01 2.656294E+02
1.378000E+01 2.488517E+02
1.380000E+01 2.111461E+02
1.382000E+01 1.975822E+02
1.384000E+01 1.771437E+02
1.386000E+01 2.067885E+02
1.388000E+01 1.930394E+02
1.390000E+01 2.064782E+02
1.392000E+01 2.005584E+02
1.394000E+01 2.445220E+02
1.396000E+01 2.022682E+02
1.398000E+01 2.710755E+02
1.400000E+01 2.552961E+02
1.402000E+01 2.376061E+02
1.404000E+01 2.680237E+02
1.406000E+01 2.024786E+02
1.408000E+01 2.249323E+02
1.410000E+01 1.653650E+02
1.412000E+01 1.778537E+02
1.414000E+01 1.797838E+02
1.416000E+01 1.927930E+02
1.418000E+01 2.139829E+02
1.420000E+01 2.131391E+02
1.422000E+01 2.240345E+02
1.424000E+01 1.839545E+02
1.426000E+01 2.570049E+02
1.428000E+01 2.007608E+02
1.430000E+01 2.207188E+02
1.432000E+01 1.918676E+02
1.434000E+01 2.273031E+02
1.436000E+01 2.039946E+02
1.438000E+01 1.727486E+02
1.440000E+01 1.746969E+02
1.442000E+01 1.792343E+02
1.444000E+01 2.150477E+02
1.446000E+01 2.046277E+02
1.448000E+01 2.241735E+02
1.450000E+01 2.061415E+02
1.452000E+01 2.265454E+02
1.454000E+01 2.042317E+02
1.456000E+01 2.511448E+02
1.458000E+01 1.890179E+02
1.460000E+01 1.909748E+02
1.462000E+01 1.724273E+02
1.464000E+01 1.964115E+02
1.466000E+01 1.843400E+02
1.468000E+01 1.679732E+02
1.470000E+01 1.785471E+02
1.472000E+01 2.006983E+02
1.474000E+01 1.906936E+02
1.476000E+01 1.786907E+02
1.478000E+01 1.711501E+02
1.480000E+01 1.978807E+02
1.482000E+01 1.869194E+02
1.484000E+01 2.117467E+02
1.486000E+01 1.997521E+02
1.488000E+01 2.192300E+02
1.490000E+01 1.803829E+02
1.492000E+01 1.754909E+02
1.494000E+01 2.168072E+02
1.496000E+01 1.888174E+02
1.498000E+01 1.726613E+02
1.500000E+01 1.700735E+02
1.502000E+01 2.057310E+02
1.504000E+01 1.874871E+02
1.506000E+01 1.769793E+02
1.508000E+01 1.910446E+02
1.510000E+01 1.750396E+02
1.512000E+01 2.010372E+02
1.514000E+01 2.074167E+02
1.516000E+01 2.061272E+02
1.518000E+01 1.710069E+02
1.520000E+01 1.977926E+02
1.522000E+01 2.265013E+02
1.524000E+01 2.212610E+02
1.526000E+01 1.984200E+02
1.528000E+01 2.103254E+02
1.530000E+01 2.259105E+02
1.532000E+01 2.258045E+02
1.534000E+01 2.038532E+02
1.536000E+01 2.216597E+02
1.538000E+01 1.992016E+02
1.540000E+01 2.044810E+02
1.542000E+01 2.009633E+02
1.544000E+01 1.688203E+02
1.546000E+01 2.062075E+02
1.548000E+01 2.105595E+02
1.550000E+01 2.205392E+02
1.552000E+01 2.088597E+02
1.554000E+01 2.045676E+02
1.556000E+01 2.079880E+02
1.558000E+01 1.947026E+02
1.560000E+01 2.112386E+02
1.562000E+01 2.219085E+02
1.564000E+01 2.223274E+02
1.566000E+01 1.879091E+02
1.568000E+01 2.064979E+02
1.570000E+01 2.118335E+02
1.572000E+01 2.139739E+02
1.574000E+01 1.887615E+02
1.576000E+01 2.088846E+02
1.578000E+01 2.309125E+02
1.580000E+01 2.162006E+02
1.582000E+01 2.085569E+02
1.584000E+01 2.300084E+02
1.586000E+01 1.925495E+02
1.588000E+01 2.544992E+02
1.590000E+01 1.811594E+02
1.592000E+01 2.154557E+02
1.594000E+01 1.762158E+02
1.596000E+01 1.886665E+02
1.598000E+01 1.733289E+02
1.600000E+01 1.512877E+02
1.602000E+01 2.266038E+02
1.604000E+01 1.967894E+02
1.606000E+01 1.914477E+02
1.608000E+01 1.680837E+02
1.610000E+01 1.837272E+02
1.612000E+01 2.138767E+02
1.614000E+01 1.910340E+02
1.616000E+01 1.751505E+02
1.618000E+01 1.913124E+02
1.620000E+01 1.901646E+02
1.622000E+01 1.928791E+02
1.624000E+01 1.668797E+02
1.626000E+01 1.985127E+02
1.628000E+01 1.488745E+02
1.630000E+01 1.618604E+02
1.632000E+01 1.427393E+02
1.634000E+01 1.650189E+02
1.636000E+01 1.599022E+02
1.638000E+01 2.064233E+02
1.640000E+01 1.446723E+02
1.642000E+01 2.011945E+02
1.644000E+01 1.736763E+02
1.646000E+01 2.119752E+02
1.648000E+01 1.894417E+02
1.650000E+01 2.257122E+02
1.652000E+01 2.590542E+02
1.654000E+01 1.991631E+02
1.656000E+01 2.332400E+02
1.658000E+01 2.388545E+02
1.660000E+01 2.671527E+02
1.662000E+01 2.293228E+02
1.664000E+01 1.787226E+02
1.666000E+01 2.095406E+02
1.668000E+01 2.184741E+02
1.670000E+01 2.080317E+02
1.672000E+01 1.590256E+02
1.674000E+01 1.816680E+02
1.676000E+01 1.720960E+02
1.678000E+01 1.946209E+02
1.680000E+01 1.917973E+02
1.682000E+01 2.118781E+02
1.684000E+01 2.074037E+02
1.686000E+01 1.981384E+02
1.688000E+01 2.262434E+02
1.690000E+01 2.796616E+02
1.692000E+01 2.453276E+02
1.694000E+01 2.238467E+02
1.696000E+01 2.171052E+02
1.698000E+01 2.464342E+02
1.700000E+01 2.892506E+02
1.702000E+01 2.409459E+02
1.704000E+01 2.155732E+02
1.706000E+01 1.981541E+02
1.708000E+01 1.921828E+02
1.710000E+01 1.861559E+02
1.712000E+01 1.925762E+02
1.714000E+01 2.020798E+02
1.716000E+01 1.635898E+02
1.718000E+01 1.835584E+02
1.720000E+01 2.223281E+02
1.722000E+01 2.311653E+02
1.724000E+01 2.448796E+02
1.726000E+01 2.409615E+02
1.728000E+01 2.031644E+02
1.730000E+01 2.327143E+02
1.732000E+01 2.187767E+02
1.734000E+01 2.109878E+02
1.736000E+01 1.904303E+02
1.738000E+01 1.689527E+02
1.740000E+01 1.485983E+02
1.742000E+01 1.747920E+02
1.744000E+01 1.476143E+02
1.746000E+01 1.968916E+02
1.748000E+01 1.298755E+02
1.750000E+01 1.692388E+02
1.752000E+01 2.137145E+02
1.754000E+01 1.971111E+02
1.756000E+01 1.868669E+02
1.758000E+01 1.678951E+02
1.760000E+01 2.000467E+02
1.762000E+01 2.036081E+02
1.764000E+01 2.006709E+02
1.766000E+01 1.683826E+02
1.768000E+01 1.666680E+02
1.770000E+01 2.101904E+02
1.772000E+01 1.878009E+02
1.774000E+01 1.745126E+02
1.776000E+01 1.568969E+02
1.778000E+01 2.000544E+02
1.780000E+01 2.117048E+02
1.782000E+01 1.874110E+02
1.784000E+01 2.038409E+02
1.786000E+01 2.010165E+02
1.788000E+01 2.019318E+02
1.790000E+01 1.842181E+02
1.792000E+01 1.828400E+02
1.794000E+01 1.849761E+02
1.796000E+01 1.919543E+02
1.798000E+01 2.294971E+02
1.800000E+01 1.815085E+02
1.802000E+01 2.169793E+02
1.804000E+01 1.886230E+02
1.806000E+01 1.638181E+02
1.808000E+01 1.938407E+02
1.810000E+01 2.241520E+02
1.812000E+01 2.085288E+02
1.814000E+01 2.025449E+02
1.816000E+01 2.431785E+02
1.818000E+01 2.312809E+02
1.820000E+01 2.270866E+02
1.822000E+01 2.332845E+02
1.824000E+01 2.063004E+02
1.826000E+01 2.438760E+02
1.828000E+01 2.410537E+02
1.830000E+01 1.990812E+02
1.832000E+01 2.103618E+02
1.834000E+01 2.339337E+02
1.836000E+01 2.314001E+02
1.838000E+01 2.172810E+02
1.840000E+01 2.015529E+02
1.842000E+01 2.064603E+02
1.844000E+01 2.157262E+02
1.846000E+01 2.142526E+02
1.848000E+01 2.333128E+02
1.850000E+01 2.515364E+02
1.852000E+01 1.920000E+02
1.854000E+01 2.324837E+02
1.856000E+01 2.441963E+02
1.858000E+01 2.047353E+02
1.860000E+01 1.996361E+02
1.862000E+01 1.856106E+02
1.864000E+01 2.006517E+02
1.866000E+01 1.943487E+02
1.868000E+01 1.885553E+02
1.870000E+01 2.220180E+02
1.872000E+01 2.095830E+02
1.874000E+01 2.111655E+02
1.876000E+01 1.861089E+02
1.878000E+01 1.990287E+02
1.880000E+01 2.246934E+02
1.882000E+01 1.855646E+02
1.884000E+01 1.898426E+02
1.886000E+01 2.230664E+02
1.888000E+01 1.741142E+02
1.890000E+01 1.875517E+02
1.892000E+01 1.702785E+02
1.894000E+01 1.774746E+02
1.896000E+01 1.678810E+02
1.898000E+01 1.755851E+02
1.900000E+01 1.537736E+02
1.902000E+01 1.797335E+02
1.904000E+01 1.706460E+02
1.906000E+01 1.654244E+02
1.908000E+01 1.864782E+02
1.910000E+01 1.761064E+02
1.912000E+01 1.997262E+02
1.914000E+01 1.512778E+02
1.916000E+01 1.723871E+02
1.918000E+01 1.706198E+02
1.920000E+01 1.745938E+02
1.922000E+01 1.776726E+02
1.924000E+01 1.505134E+02
1.926000E+01 1.795875E+02
1.928000E+01 1.732850E+02
1.930000E+01 1.542078E+02
1.932000E+01 1.733063E+02
1.934000E+01 1.750109E+02
1.936000E+01 2.012611E+02
1.938000E+01 2.055988E+02
1.940000E+01 2.103878E+02
1.942000E+01 1.781307E+02
1.944000E+01 2.169086E+02
1.946000E+01 1.844729E+02
1.948000E+01 2.153793E+02
1.950000E+01 1.931219E+02
1.952000E+01 2.422359E+02
1.954000E+01 1.864376E+02
1.956000E+01 2.208557E+02
1.958000E+01 2.679838E+02
1.960000E+01 2.064580E+02
1.962000E+01 2.552265E+02
1.964000E+01 2.081831E+02
1.966000E+01 2.169531E+02
1.968000E+01 2.573604E+02
1.970000E+01 2.886977E+02
1.972000E+01 2.365726E+02
1.974000E+01 2.319168E+02
1.976000E+01 2.221685E+02
1.978000E+01 2.308103E+02
1.980000E+01 2.631925E+02
1.982000E+01 1.941591E+02
1.984000E+01 2.004351E+02
1.986000E+01 2.466833E+02
1.988000E+01 2.644981E+02
1.990000E+01 2.705439E+02
1.992000E+01 2.652382E+02
1.994000E+01 2.406236E+02
1.996000E+01 2.197578E+02
1.998000E+01 2.282903E+02
2.000000E+01 1.801841E+02
