amber                                                                           
         3       179
OW      OW      
  2.513966E-02  0.000000E+00
  7.541899E-02  0.000000E+00
  1.256983E-01  0.000000E+00
  1.759777E-01  0.000000E+00
  2.262570E-01  0.000000E+00
  2.765363E-01  0.000000E+00
  3.268156E-01  0.000000E+00
  3.770950E-01  0.000000E+00
  4.273743E-01  0.000000E+00
  4.776536E-01  0.000000E+00
  5.279330E-01  0.000000E+00
  5.782123E-01  0.000000E+00
  6.284916E-01  0.000000E+00
  6.787709E-01  0.000000E+00
  7.290503E-01  0.000000E+00
  7.793296E-01  0.000000E+00
  8.296089E-01  0.000000E+00
  8.798883E-01  0.000000E+00
  9.301676E-01  0.000000E+00
  9.804469E-01  0.000000E+00
  1.030726E+00  0.000000E+00
  1.081006E+00  0.000000E+00
  1.131285E+00  0.000000E+00
  1.181564E+00  0.000000E+00
  1.231844E+00  0.000000E+00
  1.282123E+00  0.000000E+00
  1.332402E+00  0.000000E+00
  1.382682E+00  0.000000E+00
  1.432961E+00  0.000000E+00
  1.483240E+00  0.000000E+00
  1.533520E+00  0.000000E+00
  1.583799E+00  0.000000E+00
  1.634078E+00  0.000000E+00
  1.684358E+00  0.000000E+00
  1.734637E+00  0.000000E+00
  1.784916E+00  0.000000E+00
  1.835196E+00  0.000000E+00
  1.885475E+00  0.000000E+00
  1.935754E+00  0.000000E+00
  1.986034E+00  0.000000E+00
  2.036313E+00  0.000000E+00
  2.086592E+00  0.000000E+00
  2.136872E+00  0.000000E+00
  2.187151E+00  0.000000E+00
  2.237430E+00  0.000000E+00
  2.287709E+00  0.000000E+00
  2.337989E+00  0.000000E+00
  2.388268E+00  0.000000E+00
  2.438547E+00  0.000000E+00
  2.488827E+00  0.000000E+00
  2.539106E+00  1.649371E+00
  2.589385E+00  8.061872E+00
  2.639665E+00  2.834190E+01
  2.689944E+00  5.379737E+01
  2.740223E+00  7.100996E+01
  2.790503E+00  7.253840E+01
  2.840782E+00  6.461296E+01
  2.891061E+00  4.892063E+01
  2.941341E+00  3.627357E+01
  2.991620E+00  2.669094E+01
  3.041899E+00  1.990575E+01
  3.092179E+00  1.541095E+01
  3.142458E+00  1.342188E+01
  3.192737E+00  1.117692E+01
  3.243017E+00  9.846033E+00
  3.293296E+00  9.384284E+00
  3.343575E+00  8.707851E+00
  3.393855E+00  9.309021E+00
  3.444134E+00  8.932494E+00
  3.494413E+00  9.330427E+00
  3.544693E+00  1.018595E+01
  3.594972E+00  9.863849E+00
  3.645251E+00  1.040341E+01
  3.695531E+00  1.043742E+01
  3.745810E+00  1.040271E+01
  3.796089E+00  1.122708E+01
  3.846369E+00  1.167992E+01
  3.896648E+00  1.112199E+01
  3.946927E+00  1.158805E+01
  3.997207E+00  1.172621E+01
  4.047486E+00  1.194671E+01
  4.097765E+00  1.143671E+01
  4.148045E+00  1.172766E+01
  4.198324E+00  1.241804E+01
  4.248603E+00  1.171208E+01
  4.298883E+00  1.161097E+01
  4.349162E+00  1.114329E+01
  4.399441E+00  1.122361E+01
  4.449721E+00  1.100977E+01
  4.500000E+00  1.137151E+01
  4.550279E+00  1.062024E+01
  4.600559E+00  1.056283E+01
  4.650838E+00  1.022448E+01
  4.701117E+00  9.634623E+00
  4.751397E+00  9.835536E+00
  4.801676E+00  9.163929E+00
  4.851955E+00  9.491226E+00
  4.902235E+00  9.155306E+00
  4.952514E+00  9.099389E+00
  5.002793E+00  8.467238E+00
  5.053073E+00  8.279743E+00
  5.103352E+00  8.428487E+00
  5.153631E+00  8.117075E+00
  5.203911E+00  8.138621E+00
  5.254190E+00  7.956090E+00
  5.304469E+00  7.594521E+00
  5.354749E+00  7.576192E+00
  5.405028E+00  7.136901E+00
  5.455307E+00  7.384537E+00
  5.505587E+00  7.329629E+00
  5.555866E+00  7.148353E+00
  5.606145E+00  6.460823E+00
  5.656425E+00  6.469131E+00
  5.706704E+00  6.165166E+00
  5.756983E+00  6.416994E+00
  5.807263E+00  6.291344E+00
  5.857542E+00  5.943977E+00
  5.907821E+00  5.904895E+00
  5.958101E+00  5.887676E+00
  6.008380E+00  5.698376E+00
  6.058659E+00  5.869743E+00
  6.108939E+00  5.546243E+00
  6.159218E+00  5.502780E+00
  6.209497E+00  5.509241E+00
  6.259777E+00  5.214331E+00
  6.310056E+00  5.471762E+00
  6.360335E+00  5.360560E+00
  6.410615E+00  5.597169E+00
  6.460894E+00  5.322367E+00
  6.511173E+00  5.234514E+00
  6.561453E+00  4.822329E+00
  6.611732E+00  4.923018E+00
  6.662011E+00  4.492446E+00
  6.712291E+00  4.400108E+00
  6.762570E+00  4.362604E+00
  6.812849E+00  4.298449E+00
  6.863128E+00  4.130881E+00
  6.913408E+00  3.938581E+00
  6.963687E+00  3.879301E+00
  7.013966E+00  3.723526E+00
  7.064246E+00  3.576850E+00
  7.114525E+00  3.436435E+00
  7.164804E+00  3.225614E+00
  7.215084E+00  3.200269E+00
  7.265363E+00  3.064993E+00
  7.315642E+00  2.904737E+00
  7.365922E+00  3.096208E+00
  7.416201E+00  2.872533E+00
  7.466480E+00  2.856684E+00
  7.516760E+00  2.684163E+00
  7.567039E+00  2.447424E+00
  7.617318E+00  2.491583E+00
  7.667598E+00  2.101574E+00
  7.717877E+00  2.091284E+00
  7.768156E+00  2.003461E+00
  7.818436E+00  1.923931E+00
  7.868715E+00  1.866709E+00
  7.918994E+00  1.887492E+00
  7.969274E+00  1.688339E+00
  8.019553E+00  1.781402E+00
  8.069832E+00  1.553214E+00
  8.120112E+00  1.635796E+00
  8.170391E+00  1.469703E+00
  8.220670E+00  1.322525E+00
  8.270950E+00  1.411977E+00
  8.321229E+00  1.252361E+00
  8.371508E+00  1.266264E+00
  8.421788E+00  1.149453E+00
  8.472067E+00  1.149960E+00
  8.522346E+00  9.778186E-01
  8.572626E+00  9.078137E-01
  8.622905E+00  7.763749E-01
  8.673184E+00  8.464956E-01
  8.723464E+00  7.452706E-01
  8.773743E+00  7.252415E-01
  8.824022E+00  7.283812E-01
  8.874302E+00  6.687116E-01
  8.924581E+00  6.468933E-01
  8.974860E+00  5.940874E-01
OW      HW      
  2.513966E-02  0.000000E+00
  7.541899E-02  0.000000E+00
  1.256983E-01  0.000000E+00
  1.759777E-01  0.000000E+00
  2.262570E-01  0.000000E+00
  2.765363E-01  0.000000E+00
  3.268156E-01  0.000000E+00
  3.770950E-01  0.000000E+00
  4.273743E-01  0.000000E+00
  4.776536E-01  0.000000E+00
  5.279330E-01  0.000000E+00
  5.782123E-01  0.000000E+00
  6.284916E-01  0.000000E+00
  6.787709E-01  0.000000E+00
  7.290503E-01  0.000000E+00
  7.793296E-01  0.000000E+00
  8.296089E-01  0.000000E+00
  8.798883E-01  0.000000E+00
  9.301676E-01  0.000000E+00
  9.804469E-01  0.000000E+00
  1.030726E+00  0.000000E+00
  1.081006E+00  0.000000E+00
  1.131285E+00  0.000000E+00
  1.181564E+00  0.000000E+00
  1.231844E+00  0.000000E+00
  1.282123E+00  0.000000E+00
  1.332402E+00  0.000000E+00
  1.382682E+00  0.000000E+00
  1.432961E+00  0.000000E+00
  1.483240E+00  0.000000E+00
  1.533520E+00  0.000000E+00
  1.583799E+00  2.649341E-01
  1.634078E+00  2.429568E+00
  1.684358E+00  9.091004E+00
  1.734637E+00  2.076131E+01
  1.784916E+00  3.126982E+01
  1.835196E+00  3.618568E+01
  1.885475E+00  3.362287E+01
  1.935754E+00  2.842787E+01
  1.986034E+00  2.240937E+01
  2.036313E+00  1.621821E+01
  2.086592E+00  1.227690E+01
  2.136872E+00  9.231716E+00
  2.187151E+00  6.873755E+00
  2.237430E+00  4.968901E+00
  2.287709E+00  3.984935E+00
  2.337989E+00  3.236423E+00
  2.388268E+00  2.341452E+00
  2.438547E+00  2.703591E+00
  2.488827E+00  2.564807E+00
  2.539106E+00  2.896218E+00
  2.589385E+00  3.365407E+00
  2.639665E+00  4.055980E+00
  2.689944E+00  4.929238E+00
  2.740223E+00  7.013330E+00
  2.790503E+00  8.855960E+00
  2.840782E+00  1.146688E+01
  2.891061E+00  1.405143E+01
  2.941341E+00  1.759905E+01
  2.991620E+00  2.104369E+01
  3.041899E+00  2.431784E+01
  3.092179E+00  2.589674E+01
  3.142458E+00  2.690466E+01
  3.192737E+00  2.661660E+01
  3.243017E+00  2.559006E+01
  3.293296E+00  2.483509E+01
  3.343575E+00  2.336909E+01
  3.393855E+00  2.214327E+01
  3.444134E+00  2.105326E+01
  3.494413E+00  1.947727E+01
  3.544693E+00  1.862136E+01
  3.594972E+00  1.777354E+01
  3.645251E+00  1.612196E+01
  3.695531E+00  1.474540E+01
  3.745810E+00  1.347705E+01
  3.796089E+00  1.246794E+01
  3.846369E+00  1.160504E+01
  3.896648E+00  1.087187E+01
  3.946927E+00  1.033864E+01
  3.997207E+00  1.010198E+01
  4.047486E+00  1.003995E+01
  4.097765E+00  9.902515E+00
  4.148045E+00  9.614250E+00
  4.198324E+00  9.291981E+00
  4.248603E+00  9.629155E+00
  4.298883E+00  9.691224E+00
  4.349162E+00  9.476813E+00
  4.399441E+00  9.382441E+00
  4.449721E+00  9.536043E+00
  4.500000E+00  9.385092E+00
  4.550279E+00  9.357673E+00
  4.600559E+00  9.220047E+00
  4.650838E+00  8.988122E+00
  4.701117E+00  8.838421E+00
  4.751397E+00  8.973384E+00
  4.801676E+00  8.845471E+00
  4.851955E+00  8.742414E+00
  4.902235E+00  8.643019E+00
  4.952514E+00  8.739388E+00
  5.002793E+00  8.536786E+00
  5.053073E+00  8.609446E+00
  5.103352E+00  8.436993E+00
  5.153631E+00  8.156398E+00
  5.203911E+00  8.135115E+00
  5.254190E+00  7.989336E+00
  5.304469E+00  7.812728E+00
  5.354749E+00  7.748378E+00
  5.405028E+00  7.702393E+00
  5.455307E+00  7.764186E+00
  5.505587E+00  7.642861E+00
  5.555866E+00  7.247806E+00
  5.606145E+00  7.309712E+00
  5.656425E+00  7.238701E+00
  5.706704E+00  7.017444E+00
  5.756983E+00  6.956518E+00
  5.807263E+00  6.549417E+00
  5.857542E+00  6.327698E+00
  5.907821E+00  6.300247E+00
  5.958101E+00  5.991094E+00
  6.008380E+00  5.916668E+00
  6.058659E+00  5.840429E+00
  6.108939E+00  5.578468E+00
  6.159218E+00  5.510289E+00
  6.209497E+00  5.184202E+00
  6.259777E+00  5.110949E+00
  6.310056E+00  4.940801E+00
  6.360335E+00  4.832484E+00
  6.410615E+00  4.756208E+00
  6.460894E+00  4.549789E+00
  6.511173E+00  4.571615E+00
  6.561453E+00  4.413607E+00
  6.611732E+00  4.409721E+00
  6.662011E+00  4.344837E+00
  6.712291E+00  4.265238E+00
  6.762570E+00  4.183366E+00
  6.812849E+00  4.119801E+00
  6.863128E+00  4.033455E+00
  6.913408E+00  3.890243E+00
  6.963687E+00  3.817300E+00
  7.013966E+00  3.737679E+00
  7.064246E+00  3.593339E+00
  7.114525E+00  3.437060E+00
  7.164804E+00  3.356315E+00
  7.215084E+00  3.318820E+00
  7.265363E+00  3.218483E+00
  7.315642E+00  3.125904E+00
  7.365922E+00  2.906049E+00
  7.416201E+00  2.897852E+00
  7.466480E+00  2.763013E+00
  7.516760E+00  2.620868E+00
  7.567039E+00  2.512091E+00
  7.617318E+00  2.477402E+00
  7.667598E+00  2.324436E+00
  7.717877E+00  2.227302E+00
  7.768156E+00  2.098390E+00
  7.818436E+00  2.088056E+00
  7.868715E+00  1.954116E+00
  7.918994E+00  1.943007E+00
  7.969274E+00  1.793984E+00
  8.019553E+00  1.719889E+00
  8.069832E+00  1.615907E+00
  8.120112E+00  1.533079E+00
  8.170391E+00  1.482030E+00
  8.220670E+00  1.438199E+00
  8.270950E+00  1.337492E+00
  8.321229E+00  1.331890E+00
  8.371508E+00  1.234653E+00
  8.421788E+00  1.197644E+00
  8.472067E+00  1.168479E+00
  8.522346E+00  1.093292E+00
  8.572626E+00  9.836083E-01
  8.622905E+00  9.176887E-01
  8.673184E+00  9.020310E-01
  8.723464E+00  8.717004E-01
  8.773743E+00  8.642050E-01
  8.824022E+00  8.304033E-01
  8.874302E+00  7.796277E-01
  8.924581E+00  7.434505E-01
  8.974860E+00  7.249281E-01
HW      HW      
  2.513966E-02  0.000000E+00
  7.541899E-02  0.000000E+00
  1.256983E-01  0.000000E+00
  1.759777E-01  0.000000E+00
  2.262570E-01  0.000000E+00
  2.765363E-01  0.000000E+00
  3.268156E-01  0.000000E+00
  3.770950E-01  0.000000E+00
  4.273743E-01  0.000000E+00
  4.776536E-01  0.000000E+00
  5.279330E-01  0.000000E+00
  5.782123E-01  0.000000E+00
  6.284916E-01  0.000000E+00
  6.787709E-01  0.000000E+00
  7.290503E-01  0.000000E+00
  7.793296E-01  0.000000E+00
  8.296089E-01  0.000000E+00
  8.798883E-01  0.000000E+00
  9.301676E-01  0.000000E+00
  9.804469E-01  0.000000E+00
  1.030726E+00  0.000000E+00
  1.081006E+00  0.000000E+00
  1.131285E+00  0.000000E+00
  1.181564E+00  0.000000E+00
  1.231844E+00  0.000000E+00
  1.282123E+00  0.000000E+00
  1.332402E+00  0.000000E+00
  1.382682E+00  0.000000E+00
  1.432961E+00  0.000000E+00
  1.483240E+00  0.000000E+00
  1.533520E+00  0.000000E+00
  1.583799E+00  0.000000E+00
  1.634078E+00  1.185155E-02
  1.684358E+00  1.115461E-01
  1.734637E+00  2.418997E-01
  1.784916E+00  6.953264E-01
  1.835196E+00  1.475241E+00
  1.885475E+00  2.643896E+00
  1.935754E+00  5.008238E+00
  1.986034E+00  7.052573E+00
  2.036313E+00  9.448539E+00
  2.086592E+00  1.289474E+01
  2.136872E+00  1.615550E+01
  2.187151E+00  1.854392E+01
  2.237430E+00  2.050778E+01
  2.287709E+00  2.309932E+01
  2.337989E+00  2.418922E+01
  2.388268E+00  2.497919E+01
  2.438547E+00  2.563089E+01
  2.488827E+00  2.495833E+01
  2.539106E+00  2.432823E+01
  2.589385E+00  2.321800E+01
  2.639665E+00  2.128368E+01
  2.689944E+00  1.980443E+01
  2.740223E+00  1.816554E+01
  2.790503E+00  1.542376E+01
  2.840782E+00  1.355319E+01
  2.891061E+00  1.287006E+01
  2.941341E+00  1.210095E+01
  2.991620E+00  1.120609E+01
  3.041899E+00  1.082503E+01
  3.092179E+00  1.058510E+01
  3.142458E+00  1.058239E+01
  3.192737E+00  1.026414E+01
  3.243017E+00  1.111591E+01
  3.293296E+00  1.105046E+01
  3.343575E+00  1.174258E+01
  3.393855E+00  1.240287E+01
  3.444134E+00  1.286247E+01
  3.494413E+00  1.365612E+01
  3.544693E+00  1.426134E+01
  3.594972E+00  1.509453E+01
  3.645251E+00  1.576946E+01
  3.695531E+00  1.584384E+01
  3.745810E+00  1.631005E+01
  3.796089E+00  1.635306E+01
  3.846369E+00  1.633477E+01
  3.896648E+00  1.544072E+01
  3.946927E+00  1.497670E+01
  3.997207E+00  1.394865E+01
  4.047486E+00  1.291651E+01
  4.097765E+00  1.180612E+01
  4.148045E+00  1.142416E+01
  4.198324E+00  1.120604E+01
  4.248603E+00  1.058120E+01
  4.298883E+00  1.031972E+01
  4.349162E+00  1.005071E+01
  4.399441E+00  9.761794E+00
  4.449721E+00  9.571208E+00
  4.500000E+00  9.744554E+00
  4.550279E+00  9.252204E+00
  4.600559E+00  9.272383E+00
  4.650838E+00  9.352446E+00
  4.701117E+00  9.190697E+00
  4.751397E+00  9.092544E+00
  4.801676E+00  8.999209E+00
  4.851955E+00  8.874162E+00
  4.902235E+00  8.627216E+00
  4.952514E+00  8.665839E+00
  5.002793E+00  8.491264E+00
  5.053073E+00  8.122329E+00
  5.103352E+00  8.144135E+00
  5.153631E+00  7.810838E+00
  5.203911E+00  7.902549E+00
  5.254190E+00  7.573189E+00
  5.304469E+00  7.352693E+00
  5.354749E+00  7.325639E+00
  5.405028E+00  7.134734E+00
  5.455307E+00  7.017650E+00
  5.505587E+00  6.670797E+00
  5.555866E+00  6.838714E+00
  5.606145E+00  6.688402E+00
  5.656425E+00  6.662018E+00
  5.706704E+00  6.551946E+00
  5.756983E+00  6.529674E+00
  5.807263E+00  6.285713E+00
  5.857542E+00  6.401490E+00
  5.907821E+00  6.226798E+00
  5.958101E+00  6.088271E+00
  6.008380E+00  5.833384E+00
  6.058659E+00  5.907679E+00
  6.108939E+00  5.819314E+00
  6.159218E+00  5.708843E+00
  6.209497E+00  5.687356E+00
  6.259777E+00  5.467132E+00
  6.310056E+00  5.309613E+00
  6.360335E+00  5.176711E+00
  6.410615E+00  5.071953E+00
  6.460894E+00  4.796195E+00
  6.511173E+00  4.733607E+00
  6.561453E+00  4.454038E+00
  6.611732E+00  4.513249E+00
  6.662011E+00  4.463922E+00
  6.712291E+00  4.072769E+00
  6.762570E+00  4.020045E+00
  6.812849E+00  3.886605E+00
  6.863128E+00  3.721018E+00
  6.913408E+00  3.712119E+00
  6.963687E+00  3.644350E+00
  7.013966E+00  3.425669E+00
  7.064246E+00  3.367566E+00
  7.114525E+00  3.340145E+00
  7.164804E+00  3.200336E+00
  7.215084E+00  3.104820E+00
  7.265363E+00  3.035615E+00
  7.315642E+00  2.950271E+00
  7.365922E+00  2.884466E+00
  7.416201E+00  2.772984E+00
  7.466480E+00  2.731789E+00
  7.516760E+00  2.586700E+00
  7.567039E+00  2.566257E+00
  7.617318E+00  2.423948E+00
  7.667598E+00  2.337893E+00
  7.717877E+00  2.245898E+00
  7.768156E+00  2.193843E+00
  7.818436E+00  2.138794E+00
  7.868715E+00  2.020054E+00
  7.918994E+00  1.925848E+00
  7.969274E+00  1.882687E+00
  8.019553E+00  1.802562E+00
  8.069832E+00  1.723796E+00
  8.120112E+00  1.690995E+00
  8.170391E+00  1.588702E+00
  8.220670E+00  1.537482E+00
  8.270950E+00  1.492013E+00
  8.321229E+00  1.421018E+00
  8.371508E+00  1.384581E+00
  8.421788E+00  1.270823E+00
  8.472067E+00  1.216100E+00
  8.522346E+00  1.203100E+00
  8.572626E+00  1.118402E+00
  8.622905E+00  1.082839E+00
  8.673184E+00  1.007212E+00
  8.723464E+00  9.607003E-01
  8.773743E+00  9.213527E-01
  8.824022E+00  8.446295E-01
  8.874302E+00  8.246371E-01
  8.924581E+00  7.792124E-01
  8.974860E+00  7.563613E-01
