amber                                                                           
         2         2        60  -68171.7609987    
     25.196959335562      0.000000000000      0.000000000000
      0.000000000000     25.196959335562      0.000000000000
      0.000000000000      0.000000000000     25.196959335562
OW               1
     2.969767823         8.138176997         1.571861580    
   2.87789318880       4.52355980338      -3.47167378842    
  -5243.60116409       2914.11324869      -11786.9667604    
HW               2
     3.304117212         8.159157269         2.460833072    
  -4.00802861236       10.2506428746      -1.01698541394    
   4677.81462323      -1984.85872538       5410.86733264    
HW               3
     2.134821844         7.689247541         1.633728752    
   8.06071551085      -5.86685730811      -8.92186066595    
  -648.865267049      -677.731290784       2151.17803460    
OW               4
     6.104967833         6.198003105        -2.518445986    
  0.745278749436      -5.54309995882      -1.84985447708    
  -7803.97232409       7344.65675395      -13449.9828840    
HW               5
     5.512481319         6.131357954        -1.778839230    
   5.18092230609      0.225528937999E-01   2.20497971467    
  -977.930143098      -2459.34278302       6908.22405900    
HW               6
     6.964436882         6.003978918        -2.163245253    
   3.29203843012      0.708708832832E-01  -4.94561103059    
   7226.03292743      -4095.66001455       7051.81406306    
OW               7
     7.231234659         6.136064657         2.150402042    
   2.50030679091       3.88915742993       2.15372948746    
  -12047.1495350      -5521.16504102       6214.95325796    
HW               8
     7.291649593         6.909842500         1.602571881    
   5.62628864637       16.7852280619       20.7134044146    
   5554.16097075       7269.51991935      -4977.27164119    
HW               9
     8.100363402         5.752972901         2.131536034    
  0.881332414927      0.679556212616      -7.25607221885    
   6046.11452764       329.252722523      -2667.07396046    
OW              10
     3.920531771         10.53059202       -0.6287943094E-01
  -3.27028205444       2.03851514272       1.73329898393    
  -3880.37079010       6023.83435866      -3571.55130525    
HW              11
     4.347319160         10.07617198       -0.7797161966    
 -0.142327713462       1.72021218863       3.79738773666    
   2824.33767210      -4744.36154924      -2214.23497962    
HW              12
     3.463741277         9.852490461        0.4208774359    
   8.88138588410     -0.191054345294       10.0823109187    
  -1043.07680298      -6174.65594737       1753.32017665    
OW              13
     9.530715768         11.21347977         3.041028022    
  0.241295053678      -2.08997192943      0.624188035036    
  -256.916156200      -6822.08484603       3524.25846167    
HW              14
     9.602242801         12.07856576         3.427046310    
  -4.91060381770      -6.13209796031       10.6374095577    
   143.671412349       1631.46760568      -1100.80317261    
HW              15
     9.159171346         11.35889687         2.178874553    
   5.96669457392       6.34857654525     -0.419861678380    
  -1516.79554362       5283.03749826      -5048.63533028    
OW              16
     6.631063581         8.276831013        -4.267341813    
  -3.53848583580      -1.03329935829       3.05767599170    
   2948.58973393       10744.8105332      -3769.34689369    
HW              17
     6.442007417         7.517483129        -3.728687419    
  -28.2023160648       9.38616811069       9.08965401962    
  -2750.65422454      -9504.85306190       3061.96342548    
HW              18
     6.220276883         8.093204837        -5.104023179    
   7.55008563839      -3.14988892085      -1.92196927836    
  -1148.72359016      -2714.63333243      -556.570227897    
OW              19
     9.106900039         12.43195111        -2.186637968    
   6.07999426590       2.32251061145       4.75882334327    
   3231.96530173       8656.88917123       10837.1620601    
HW              20
     8.972084505        -12.07784282        -2.828610307    
   1.36868099430      -4.76886990742      -1.84238492245    
  -493.856301339      -1218.83805113      -2928.34863240    
HW              21
     8.895934229         11.62528932        -2.641929265    
   6.28716192341      -3.02307324466       14.1338608451    
  -3001.09515211      -7968.21692532      -7254.28738273    
OW              22
     7.343172260         8.395181305        0.6039667739    
   2.22820306012      0.805901074892     -0.242981606942    
   8044.78909979      -12728.7074313       156.985603863    
HW              23
     7.099939202         8.763432998       -0.2372991586    
  -6.04471935223       6.34630159026       4.57417540599    
  -4365.08013925       7058.97944940      -3731.05147881    
HW              24
     7.145292228         9.075624674         1.236691285    
   1.47348276320      -6.13620105612       6.98664708853    
  -3040.39476059       4253.95076038       3570.49425901    
OW              25
     6.562658662         9.916849296         2.778335550    
  -1.27918281942      -2.93163386415      0.357681789813    
   1563.43282395      -4336.27310709      -123.706873186    
HW              26
     6.262531061         10.69309282         2.320220483    
  0.451685373054E-01   4.47906867228       12.0469621269    
  -3509.30882974       8174.88211701      -2071.84050262    
HW              27
     7.362951894         10.18330570         3.215407307    
   9.72203230238      -16.2613231802      -11.6596056336    
   2561.99287705       2639.79353172       1800.11069332    
OW              28
     8.371907232         12.14883154        0.4781465380    
  -3.01308264426      -1.89058851639     -0.124507746289    
   4678.48935515      -6584.86637368       12704.6293308    
HW              29
     7.431099277         12.28026329        0.4678466806    
  -1.70333078651       7.13221154435      -4.62385105674    
  -4352.97146309       1382.08292539      -1910.94603519    
HW              30
     8.666073073         12.40950871       -0.3867314098    
   2.70270140594      -11.4850075103      -1.07222243929    
  -331.264996146       2522.96007613      -9270.49130872    
OW              31
     10.55063695         10.29869832       -0.3857717502    
   6.89099531429      0.600657294311      -1.69558832174    
   3476.78505196      -10299.1702469       2129.01332262    
HW              32
     10.79474904         10.98072010        -1.000389989    
  -17.6551175803      -8.46132831972      -21.5005236910    
  -1400.73876455       3605.66772291      -1400.47312152    
HW              33
     9.771808725         10.62632216        0.4849684441E-01
   9.64788250558      -3.92211811584       6.66078524403    
  -3646.63178265       5624.57125039      -578.109299123    
OW              34
     5.136640549         7.723114566         3.126193065    
  -2.41030180179      -3.86175348932      -2.17811923883    
  -14444.5532101      -8055.80716216       6191.49049427    
HW              35
     5.856361488         7.192587156         2.805190828    
  -1.80730014307      -12.9233116648       14.1501093689    
   6386.06787960      -1796.52325636       376.936641497    
HW              36
     5.459095285         8.616348386         3.100575138    
   9.63074860452      -7.98211676780       5.71658244426    
   8203.36233532       6000.81879921      -1429.05244875    
OW              37
     5.032173632         6.550794500        0.2436077078    
  -3.32030259231      -1.11041985320       1.12600858517    
   1466.55274653      -3144.70156689      -12485.3844381    
HW              38
     5.514140783         6.136997957        0.9499929323    
   3.61852096197      -5.23864434011      -6.02664674505    
   758.802286093      -840.248524661       4773.33003426    
HW              39
     4.306709432         6.994034874        0.6675648483    
  0.552034530370      -4.01681030610       10.7908335248    
  -3158.79259399       3397.09525242       5272.91742943    
OW              40
     8.312410806         5.965790100        -1.033645111    
   2.14364167929       2.83277547080       1.07861724227    
   174.355079323      -468.756462076      -8502.86103808    
HW              41
     8.917428914         5.468516107       -0.4958982709    
  -2.31320309102      -1.88808126890       1.72745882366    
   1790.27495508      -649.143939773       6050.32721715    
HW              42
     7.981679067         6.649821436       -0.4633665474    
 -0.250061531400     -0.301224405997       3.44952960426    
   641.165943338       2523.94312952       5859.00324730    
OW              43
     5.311151921         12.11763854         1.374321294    
 -0.289326793562       2.90390396339      -5.35242540430    
   17989.1783531       9416.69036378       12474.1431544    
HW              44
     4.785699567        -12.32887912         1.625791186    
  -3.47332782464     -0.922666379547     -0.586140950245    
  -2785.80983800      -390.227044929      -1355.17799920    
HW              45
     4.844993773         11.72398353        0.6461507700    
  -1.16862540994       2.70290573182      -4.68085719581    
  -9156.39902486      -6701.70484046      -6075.39978095    
OW              46
     10.05427895         8.399411684         1.780748198    
  -3.03487648317       2.38968511133       2.88724872991    
   2068.02580257      -9583.26169805       2607.10713216    
HW              47
     9.919787009         9.138697013         2.362013301    
  -20.1546117112       1.43379610447      0.141872007458    
   292.109025764       4524.86271816       1355.48260988    
HW              48
     10.35927013         8.779948356        0.9654738790    
  -2.57526973030       5.66374905712       4.58738495211    
   1107.07938763       5528.38786042      -2266.34647126    
OW              49
     9.897646021         5.580593380         1.462258518    
   3.32349875502      -1.33367202274      -1.64386258200    
  -4349.33082975      -8329.99755691      -4246.87321055    
HW              50
     10.17355238         6.469731492         1.651491437    
   1.81787067716       1.50057857549      -12.7657533305    
   1785.95168166       8429.37357083       2382.33250031    
HW              51
     10.49860921         5.028011049         1.948052720    
   19.4082214092       5.18705770996      -14.1246334989    
   1888.23385182       781.814159970       1264.11445442    
OW              52
     10.32891096         8.072683483        -2.235179573    
 -0.921153363787      0.520485460856     -0.489966659936    
  -1172.42675691       1299.36129070      -6148.21797873    
HW              53
     10.40378412         8.551793639        -1.418266196    
  -20.5946986982      -5.30798147273       4.73151509534    
   1037.31400126       2654.50209470       3832.96522667    
HW              54
     10.10681274         7.184929380        -1.980101103    
  -29.9740008752       4.12189774764      -13.2523809082    
  -1343.56374884      -1666.51146151       1345.80612736    
OW              55
     6.073070479         9.170045663        -1.654572883    
  -2.73012693918     -0.107316649363      -1.56351468109    
  -2706.29320984       6407.35953622       8592.37580270    
HW              56
     6.190547824         9.286816258        -2.590021279    
   7.29227230124      -16.4214742491      -2.34133314554    
   1977.20290863      -2132.80424497      -5935.73803515    
HW              57
     6.096525895         8.230023401        -1.519265890    
   8.45790881087       2.80616042316       16.7379286328    
  -1887.64713518      -4775.08820285      -3715.91072056    
OW              58
     8.553496267         10.04830318        -3.483456606    
  -3.25015688411     -0.722377612144      -1.35081937590    
   2547.08546436       15051.2573881       2455.91216802    
HW              59
     8.016745430         9.439838335        -3.977591270    
   20.6599619827      -6.02673202695      -20.7913966065    
  -3679.06571697      -7322.08857267      -2162.15221818    
HW              60
     9.252726587         9.518884004        -3.118364450    
  -2.73112718583       8.81862853785       11.4905146823    
   3052.34171569      -7783.65254742       625.587808674    
