amber                                                                           
         3       179
OW      OW      
  2.513966E-02  0.000000E+00
  7.541899E-02  0.000000E+00
  1.256983E-01  0.000000E+00
  1.759777E-01  0.000000E+00
  2.262570E-01  0.000000E+00
  2.765363E-01  0.000000E+00
  3.268156E-01  0.000000E+00
  3.770950E-01  0.000000E+00
  4.273743E-01  0.000000E+00
  4.776536E-01  0.000000E+00
  5.279330E-01  0.000000E+00
  5.782123E-01  0.000000E+00
  6.284916E-01  0.000000E+00
  6.787709E-01  0.000000E+00
  7.290503E-01  0.000000E+00
  7.793296E-01  0.000000E+00
  8.296089E-01  0.000000E+00
  8.798883E-01  0.000000E+00
  9.301676E-01  0.000000E+00
  9.804469E-01  0.000000E+00
  1.030726E+00  0.000000E+00
  1.081006E+00  0.000000E+00
  1.131285E+00  0.000000E+00
  1.181564E+00  0.000000E+00
  1.231844E+00  0.000000E+00
  1.282123E+00  0.000000E+00
  1.332402E+00  0.000000E+00
  1.382682E+00  0.000000E+00
  1.432961E+00  0.000000E+00
  1.483240E+00  0.000000E+00
  1.533520E+00  0.000000E+00
  1.583799E+00  0.000000E+00
  1.634078E+00  0.000000E+00
  1.684358E+00  0.000000E+00
  1.734637E+00  0.000000E+00
  1.784916E+00  0.000000E+00
  1.835196E+00  0.000000E+00
  1.885475E+00  0.000000E+00
  1.935754E+00  0.000000E+00
  1.986034E+00  0.000000E+00
  2.036313E+00  0.000000E+00
  2.086592E+00  0.000000E+00
  2.136872E+00  0.000000E+00
  2.187151E+00  0.000000E+00
  2.237430E+00  0.000000E+00
  2.287709E+00  0.000000E+00
  2.337989E+00  0.000000E+00
  2.388268E+00  0.000000E+00
  2.438547E+00  3.033557E-02
  2.488827E+00  4.215071E-01
  2.539106E+00  2.976232E+00
  2.589385E+00  1.048515E+01
  2.639665E+00  2.274574E+01
  2.689944E+00  3.681227E+01
  2.740223E+00  4.629177E+01
  2.790503E+00  4.928327E+01
  2.840782E+00  4.641223E+01
  2.891061E+00  4.055149E+01
  2.941341E+00  3.425687E+01
  2.991620E+00  2.793885E+01
  3.041899E+00  2.324184E+01
  3.092179E+00  1.894527E+01
  3.142458E+00  1.628349E+01
  3.192737E+00  1.422853E+01
  3.243017E+00  1.266323E+01
  3.293296E+00  1.145752E+01
  3.343575E+00  1.059861E+01
  3.393855E+00  1.013909E+01
  3.444134E+00  9.589891E+00
  3.494413E+00  9.192285E+00
  3.544693E+00  8.939662E+00
  3.594972E+00  8.848323E+00
  3.645251E+00  8.782882E+00
  3.695531E+00  8.792784E+00
  3.745810E+00  8.864856E+00
  3.796089E+00  8.814310E+00
  3.846369E+00  8.890427E+00
  3.896648E+00  8.900719E+00
  3.946927E+00  8.815981E+00
  3.997207E+00  8.798028E+00
  4.047486E+00  8.916950E+00
  4.097765E+00  8.989727E+00
  4.148045E+00  9.098130E+00
  4.198324E+00  9.108476E+00
  4.248603E+00  9.156989E+00
  4.298883E+00  9.202296E+00
  4.349162E+00  9.119592E+00
  4.399441E+00  9.009301E+00
  4.449721E+00  8.905955E+00
  4.500000E+00  8.894973E+00
  4.550279E+00  8.869918E+00
  4.600559E+00  8.697438E+00
  4.650838E+00  8.676764E+00
  4.701117E+00  8.498030E+00
  4.751397E+00  8.390626E+00
  4.801676E+00  8.341015E+00
  4.851955E+00  8.166353E+00
  4.902235E+00  8.176299E+00
  4.952514E+00  8.064159E+00
  5.002793E+00  7.901617E+00
  5.053073E+00  7.772051E+00
  5.103352E+00  7.662559E+00
  5.153631E+00  7.409751E+00
  5.203911E+00  7.310033E+00
  5.254190E+00  7.233851E+00
  5.304469E+00  7.091631E+00
  5.354749E+00  7.022327E+00
  5.405028E+00  6.922729E+00
  5.455307E+00  6.761573E+00
  5.505587E+00  6.475863E+00
  5.555866E+00  6.335807E+00
  5.606145E+00  6.076859E+00
  5.656425E+00  5.926476E+00
  5.706704E+00  5.823866E+00
  5.756983E+00  5.645809E+00
  5.807263E+00  5.447212E+00
  5.857542E+00  5.310746E+00
  5.907821E+00  5.257551E+00
  5.958101E+00  5.086278E+00
  6.008380E+00  4.915069E+00
  6.058659E+00  4.842279E+00
  6.108939E+00  4.702773E+00
  6.159218E+00  4.643909E+00
  6.209497E+00  4.573278E+00
  6.259777E+00  4.480723E+00
  6.310056E+00  4.394420E+00
  6.360335E+00  4.264274E+00
  6.410615E+00  4.240464E+00
  6.460894E+00  4.183592E+00
  6.511173E+00  4.105196E+00
  6.561453E+00  3.977171E+00
  6.611732E+00  3.957889E+00
  6.662011E+00  3.952782E+00
  6.712291E+00  3.872221E+00
  6.762570E+00  3.783576E+00
  6.812849E+00  3.740482E+00
  6.863128E+00  3.601016E+00
  6.913408E+00  3.538697E+00
  6.963687E+00  3.483539E+00
  7.013966E+00  3.421359E+00
  7.064246E+00  3.342643E+00
  7.114525E+00  3.265614E+00
  7.164804E+00  3.177649E+00
  7.215084E+00  3.053691E+00
  7.265363E+00  2.967264E+00
  7.315642E+00  2.863992E+00
  7.365922E+00  2.742605E+00
  7.416201E+00  2.724418E+00
  7.466480E+00  2.675700E+00
  7.516760E+00  2.564631E+00
  7.567039E+00  2.506730E+00
  7.617318E+00  2.455693E+00
  7.667598E+00  2.364432E+00
  7.717877E+00  2.292495E+00
  7.768156E+00  2.223213E+00
  7.818436E+00  2.154741E+00
  7.868715E+00  2.100815E+00
  7.918994E+00  2.032032E+00
  7.969274E+00  1.976622E+00
  8.019553E+00  1.960625E+00
  8.069832E+00  1.878000E+00
  8.120112E+00  1.800336E+00
  8.170391E+00  1.753451E+00
  8.220670E+00  1.702704E+00
  8.270950E+00  1.643713E+00
  8.321229E+00  1.605535E+00
  8.371508E+00  1.550587E+00
  8.421788E+00  1.501740E+00
  8.472067E+00  1.439698E+00
  8.522346E+00  1.386071E+00
  8.572626E+00  1.360558E+00
  8.622905E+00  1.344525E+00
  8.673184E+00  1.289265E+00
  8.723464E+00  1.253610E+00
  8.773743E+00  1.240640E+00
  8.824022E+00  1.184920E+00
  8.874302E+00  1.132952E+00
  8.924581E+00  1.094434E+00
  8.974860E+00  1.063935E+00
OW      HW      
  2.513966E-02  0.000000E+00
  7.541899E-02  0.000000E+00
  1.256983E-01  0.000000E+00
  1.759777E-01  0.000000E+00
  2.262570E-01  0.000000E+00
  2.765363E-01  0.000000E+00
  3.268156E-01  0.000000E+00
  3.770950E-01  0.000000E+00
  4.273743E-01  0.000000E+00
  4.776536E-01  0.000000E+00
  5.279330E-01  0.000000E+00
  5.782123E-01  0.000000E+00
  6.284916E-01  0.000000E+00
  6.787709E-01  0.000000E+00
  7.290503E-01  0.000000E+00
  7.793296E-01  0.000000E+00
  8.296089E-01  0.000000E+00
  8.798883E-01  0.000000E+00
  9.301676E-01  0.000000E+00
  9.804469E-01  0.000000E+00
  1.030726E+00  0.000000E+00
  1.081006E+00  0.000000E+00
  1.131285E+00  0.000000E+00
  1.181564E+00  0.000000E+00
  1.231844E+00  0.000000E+00
  1.282123E+00  0.000000E+00
  1.332402E+00  0.000000E+00
  1.382682E+00  0.000000E+00
  1.432961E+00  0.000000E+00
  1.483240E+00  2.517263E-03
  1.533520E+00  8.982326E-02
  1.583799E+00  7.017599E-01
  1.634078E+00  3.026589E+00
  1.684358E+00  7.586248E+00
  1.734637E+00  1.354822E+01
  1.784916E+00  1.894243E+01
  1.835196E+00  2.172926E+01
  1.885475E+00  2.219359E+01
  1.935754E+00  2.044552E+01
  1.986034E+00  1.799229E+01
  2.036313E+00  1.515544E+01
  2.086592E+00  1.251422E+01
  2.136872E+00  1.024464E+01
  2.187151E+00  8.392729E+00
  2.237430E+00  6.958358E+00
  2.287709E+00  5.886245E+00
  2.337989E+00  5.118209E+00
  2.388268E+00  4.665427E+00
  2.438547E+00  4.349561E+00
  2.488827E+00  4.333221E+00
  2.539106E+00  4.417591E+00
  2.589385E+00  4.743666E+00
  2.639665E+00  5.338747E+00
  2.689944E+00  6.241260E+00
  2.740223E+00  7.412676E+00
  2.790503E+00  8.806579E+00
  2.840782E+00  1.053735E+01
  2.891061E+00  1.239922E+01
  2.941341E+00  1.442831E+01
  2.991620E+00  1.624830E+01
  3.041899E+00  1.794373E+01
  3.092179E+00  1.905905E+01
  3.142458E+00  1.970971E+01
  3.192737E+00  1.998519E+01
  3.243017E+00  1.981206E+01
  3.293296E+00  1.936129E+01
  3.343575E+00  1.891268E+01
  3.393855E+00  1.824127E+01
  3.444134E+00  1.754229E+01
  3.494413E+00  1.682192E+01
  3.544693E+00  1.609332E+01
  3.594972E+00  1.520571E+01
  3.645251E+00  1.433542E+01
  3.695531E+00  1.327996E+01
  3.745810E+00  1.231160E+01
  3.796089E+00  1.149957E+01
  3.846369E+00  1.081628E+01
  3.896648E+00  1.018727E+01
  3.946927E+00  9.709413E+00
  3.997207E+00  9.354925E+00
  4.047486E+00  9.096180E+00
  4.097765E+00  8.913913E+00
  4.148045E+00  8.729755E+00
  4.198324E+00  8.611288E+00
  4.248603E+00  8.471798E+00
  4.298883E+00  8.364910E+00
  4.349162E+00  8.273807E+00
  4.399441E+00  8.189728E+00
  4.449721E+00  8.090812E+00
  4.500000E+00  8.012649E+00
  4.550279E+00  7.990592E+00
  4.600559E+00  7.866273E+00
  4.650838E+00  7.758821E+00
  4.701117E+00  7.686720E+00
  4.751397E+00  7.648440E+00
  4.801676E+00  7.560173E+00
  4.851955E+00  7.453805E+00
  4.902235E+00  7.344328E+00
  4.952514E+00  7.272834E+00
  5.002793E+00  7.213148E+00
  5.053073E+00  7.156276E+00
  5.103352E+00  7.088933E+00
  5.153631E+00  7.004999E+00
  5.203911E+00  6.940149E+00
  5.254190E+00  6.841664E+00
  5.304469E+00  6.791062E+00
  5.354749E+00  6.717579E+00
  5.405028E+00  6.622731E+00
  5.455307E+00  6.568798E+00
  5.505587E+00  6.483354E+00
  5.555866E+00  6.390224E+00
  5.606145E+00  6.279817E+00
  5.656425E+00  6.184104E+00
  5.706704E+00  6.059506E+00
  5.756983E+00  5.983537E+00
  5.807263E+00  5.853207E+00
  5.857542E+00  5.678255E+00
  5.907821E+00  5.540599E+00
  5.958101E+00  5.375246E+00
  6.008380E+00  5.232140E+00
  6.058659E+00  5.107379E+00
  6.108939E+00  4.962700E+00
  6.159218E+00  4.830346E+00
  6.209497E+00  4.699230E+00
  6.259777E+00  4.585296E+00
  6.310056E+00  4.489226E+00
  6.360335E+00  4.399598E+00
  6.410615E+00  4.251920E+00
  6.460894E+00  4.153853E+00
  6.511173E+00  4.031796E+00
  6.561453E+00  3.942015E+00
  6.611732E+00  3.857583E+00
  6.662011E+00  3.792034E+00
  6.712291E+00  3.697348E+00
  6.762570E+00  3.629425E+00
  6.812849E+00  3.540799E+00
  6.863128E+00  3.472816E+00
  6.913408E+00  3.397903E+00
  6.963687E+00  3.301811E+00
  7.013966E+00  3.254933E+00
  7.064246E+00  3.196144E+00
  7.114525E+00  3.129448E+00
  7.164804E+00  3.067970E+00
  7.215084E+00  2.989445E+00
  7.265363E+00  2.945829E+00
  7.315642E+00  2.882546E+00
  7.365922E+00  2.800178E+00
  7.416201E+00  2.738990E+00
  7.466480E+00  2.678581E+00
  7.516760E+00  2.618459E+00
  7.567039E+00  2.561421E+00
  7.617318E+00  2.479556E+00
  7.667598E+00  2.427926E+00
  7.717877E+00  2.333938E+00
  7.768156E+00  2.286634E+00
  7.818436E+00  2.215796E+00
  7.868715E+00  2.152198E+00
  7.918994E+00  2.091520E+00
  7.969274E+00  2.023814E+00
  8.019553E+00  1.964057E+00
  8.069832E+00  1.898132E+00
  8.120112E+00  1.842743E+00
  8.170391E+00  1.782217E+00
  8.220670E+00  1.737360E+00
  8.270950E+00  1.693875E+00
  8.321229E+00  1.648008E+00
  8.371508E+00  1.607849E+00
  8.421788E+00  1.548849E+00
  8.472067E+00  1.495245E+00
  8.522346E+00  1.444243E+00
  8.572626E+00  1.392254E+00
  8.622905E+00  1.350367E+00
  8.673184E+00  1.313425E+00
  8.723464E+00  1.273656E+00
  8.773743E+00  1.231184E+00
  8.824022E+00  1.189594E+00
  8.874302E+00  1.157687E+00
  8.924581E+00  1.114898E+00
  8.974860E+00  1.087549E+00
HW      HW      
  2.513966E-02  0.000000E+00
  7.541899E-02  0.000000E+00
  1.256983E-01  0.000000E+00
  1.759777E-01  0.000000E+00
  2.262570E-01  0.000000E+00
  2.765363E-01  0.000000E+00
  3.268156E-01  0.000000E+00
  3.770950E-01  0.000000E+00
  4.273743E-01  0.000000E+00
  4.776536E-01  0.000000E+00
  5.279330E-01  0.000000E+00
  5.782123E-01  0.000000E+00
  6.284916E-01  0.000000E+00
  6.787709E-01  0.000000E+00
  7.290503E-01  0.000000E+00
  7.793296E-01  0.000000E+00
  8.296089E-01  0.000000E+00
  8.798883E-01  0.000000E+00
  9.301676E-01  0.000000E+00
  9.804469E-01  0.000000E+00
  1.030726E+00  0.000000E+00
  1.081006E+00  0.000000E+00
  1.131285E+00  0.000000E+00
  1.181564E+00  0.000000E+00
  1.231844E+00  0.000000E+00
  1.282123E+00  0.000000E+00
  1.332402E+00  0.000000E+00
  1.382682E+00  1.241435E-03
  1.432961E+00  1.926424E-03
  1.483240E+00  8.271006E-03
  1.533520E+00  1.917575E-02
  1.583799E+00  5.204062E-02
  1.634078E+00  1.422186E-01
  1.684358E+00  2.953182E-01
  1.734637E+00  5.839775E-01
  1.784916E+00  1.047460E+00
  1.835196E+00  1.786028E+00
  1.885475E+00  2.788998E+00
  1.935754E+00  4.065287E+00
  1.986034E+00  5.687391E+00
  2.036313E+00  7.521815E+00
  2.086592E+00  9.494060E+00
  2.136872E+00  1.140294E+01
  2.187151E+00  1.328772E+01
  2.237430E+00  1.494305E+01
  2.287709E+00  1.633445E+01
  2.337989E+00  1.779859E+01
  2.388268E+00  1.868557E+01
  2.438547E+00  1.935249E+01
  2.488827E+00  1.968706E+01
  2.539106E+00  1.952812E+01
  2.589385E+00  1.921480E+01
  2.639665E+00  1.827962E+01
  2.689944E+00  1.722948E+01
  2.740223E+00  1.592803E+01
  2.790503E+00  1.460949E+01
  2.840782E+00  1.341554E+01
  2.891061E+00  1.231952E+01
  2.941341E+00  1.155351E+01
  2.991620E+00  1.097147E+01
  3.041899E+00  1.053585E+01
  3.092179E+00  1.033263E+01
  3.142458E+00  1.019324E+01
  3.192737E+00  1.033625E+01
  3.243017E+00  1.050918E+01
  3.293296E+00  1.069184E+01
  3.343575E+00  1.105453E+01
  3.393855E+00  1.142684E+01
  3.444134E+00  1.180834E+01
  3.494413E+00  1.219752E+01
  3.544693E+00  1.262577E+01
  3.594972E+00  1.294122E+01
  3.645251E+00  1.316212E+01
  3.695531E+00  1.329560E+01
  3.745810E+00  1.333445E+01
  3.796089E+00  1.317760E+01
  3.846369E+00  1.289738E+01
  3.896648E+00  1.245258E+01
  3.946927E+00  1.194739E+01
  3.997207E+00  1.142212E+01
  4.047486E+00  1.087007E+01
  4.097765E+00  1.034901E+01
  4.148045E+00  9.886243E+00
  4.198324E+00  9.443661E+00
  4.248603E+00  9.143138E+00
  4.298883E+00  8.859746E+00
  4.349162E+00  8.620528E+00
  4.399441E+00  8.454048E+00
  4.449721E+00  8.341121E+00
  4.500000E+00  8.176674E+00
  4.550279E+00  8.127472E+00
  4.600559E+00  8.014682E+00
  4.650838E+00  7.933740E+00
  4.701117E+00  7.855411E+00
  4.751397E+00  7.760975E+00
  4.801676E+00  7.723726E+00
  4.851955E+00  7.604677E+00
  4.902235E+00  7.472564E+00
  4.952514E+00  7.321447E+00
  5.002793E+00  7.278682E+00
  5.053073E+00  7.150885E+00
  5.103352E+00  7.015385E+00
  5.153631E+00  6.897637E+00
  5.203911E+00  6.754886E+00
  5.254190E+00  6.652965E+00
  5.304469E+00  6.531350E+00
  5.354749E+00  6.426022E+00
  5.405028E+00  6.328474E+00
  5.455307E+00  6.235888E+00
  5.505587E+00  6.097948E+00
  5.555866E+00  6.048084E+00
  5.606145E+00  5.934471E+00
  5.656425E+00  5.829216E+00
  5.706704E+00  5.740995E+00
  5.756983E+00  5.675292E+00
  5.807263E+00  5.531555E+00
  5.857542E+00  5.475626E+00
  5.907821E+00  5.378083E+00
  5.958101E+00  5.315001E+00
  6.008380E+00  5.182147E+00
  6.058659E+00  5.092830E+00
  6.108939E+00  4.991343E+00
  6.159218E+00  4.892331E+00
  6.209497E+00  4.795859E+00
  6.259777E+00  4.697118E+00
  6.310056E+00  4.582502E+00
  6.360335E+00  4.467974E+00
  6.410615E+00  4.381337E+00
  6.460894E+00  4.265551E+00
  6.511173E+00  4.165925E+00
  6.561453E+00  4.052300E+00
  6.611732E+00  3.959717E+00
  6.662011E+00  3.866819E+00
  6.712291E+00  3.765204E+00
  6.762570E+00  3.672608E+00
  6.812849E+00  3.587865E+00
  6.863128E+00  3.484155E+00
  6.913408E+00  3.402075E+00
  6.963687E+00  3.335536E+00
  7.013966E+00  3.259774E+00
  7.064246E+00  3.170713E+00
  7.114525E+00  3.097262E+00
  7.164804E+00  3.021762E+00
  7.215084E+00  2.943378E+00
  7.265363E+00  2.886097E+00
  7.315642E+00  2.809366E+00
  7.365922E+00  2.741935E+00
  7.416201E+00  2.692453E+00
  7.466480E+00  2.614970E+00
  7.516760E+00  2.555094E+00
  7.567039E+00  2.495358E+00
  7.617318E+00  2.439302E+00
  7.667598E+00  2.386611E+00
  7.717877E+00  2.323657E+00
  7.768156E+00  2.271018E+00
  7.818436E+00  2.222811E+00
  7.868715E+00  2.158843E+00
  7.918994E+00  2.113360E+00
  7.969274E+00  2.045815E+00
  8.019553E+00  1.994161E+00
  8.069832E+00  1.949403E+00
  8.120112E+00  1.891030E+00
  8.170391E+00  1.843127E+00
  8.220670E+00  1.793499E+00
  8.270950E+00  1.745424E+00
  8.321229E+00  1.693806E+00
  8.371508E+00  1.635317E+00
  8.421788E+00  1.578099E+00
  8.472067E+00  1.533926E+00
  8.522346E+00  1.488853E+00
  8.572626E+00  1.436589E+00
  8.622905E+00  1.397613E+00
  8.673184E+00  1.356612E+00
  8.723464E+00  1.315182E+00
  8.773743E+00  1.258853E+00
  8.824022E+00  1.228574E+00
  8.874302E+00  1.193202E+00
  8.924581E+00  1.143984E+00
  8.974860E+00  1.112018E+00
