amber                                                                           
         3       179
OW      OW      
  2.513966E-02  0.000000E+00
  7.541899E-02  0.000000E+00
  1.256983E-01  0.000000E+00
  1.759777E-01  0.000000E+00
  2.262570E-01  0.000000E+00
  2.765363E-01  0.000000E+00
  3.268156E-01  0.000000E+00
  3.770950E-01  0.000000E+00
  4.273743E-01  0.000000E+00
  4.776536E-01  0.000000E+00
  5.279330E-01  0.000000E+00
  5.782123E-01  0.000000E+00
  6.284916E-01  0.000000E+00
  6.787709E-01  0.000000E+00
  7.290503E-01  0.000000E+00
  7.793296E-01  0.000000E+00
  8.296089E-01  0.000000E+00
  8.798883E-01  0.000000E+00
  9.301676E-01  0.000000E+00
  9.804469E-01  0.000000E+00
  1.030726E+00  0.000000E+00
  1.081006E+00  0.000000E+00
  1.131285E+00  0.000000E+00
  1.181564E+00  0.000000E+00
  1.231844E+00  0.000000E+00
  1.282123E+00  0.000000E+00
  1.332402E+00  0.000000E+00
  1.382682E+00  0.000000E+00
  1.432961E+00  0.000000E+00
  1.483240E+00  0.000000E+00
  1.533520E+00  0.000000E+00
  1.583799E+00  0.000000E+00
  1.634078E+00  0.000000E+00
  1.684358E+00  0.000000E+00
  1.734637E+00  0.000000E+00
  1.784916E+00  0.000000E+00
  1.835196E+00  0.000000E+00
  1.885475E+00  0.000000E+00
  1.935754E+00  0.000000E+00
  1.986034E+00  0.000000E+00
  2.036313E+00  0.000000E+00
  2.086592E+00  0.000000E+00
  2.136872E+00  0.000000E+00
  2.187151E+00  0.000000E+00
  2.237430E+00  0.000000E+00
  2.287709E+00  0.000000E+00
  2.337989E+00  0.000000E+00
  2.388268E+00  0.000000E+00
  2.438547E+00  8.515247E-03
  2.488827E+00  8.992152E-02
  2.539106E+00  1.900704E+00
  2.589385E+00  9.221120E+00
  2.639665E+00  2.943924E+01
  2.689944E+00  5.336699E+01
  2.740223E+00  7.115158E+01
  2.790503E+00  6.909193E+01
  2.840782E+00  6.006700E+01
  2.891061E+00  4.667300E+01
  2.941341E+00  3.562682E+01
  2.991620E+00  2.639390E+01
  3.041899E+00  2.028608E+01
  3.092179E+00  1.618414E+01
  3.142458E+00  1.312704E+01
  3.192737E+00  1.184257E+01
  3.243017E+00  1.068860E+01
  3.293296E+00  1.013129E+01
  3.343575E+00  9.819829E+00
  3.393855E+00  9.865145E+00
  3.444134E+00  1.071472E+01
  3.494413E+00  1.075695E+01
  3.544693E+00  1.081263E+01
  3.594972E+00  1.024978E+01
  3.645251E+00  9.915634E+00
  3.695531E+00  1.077483E+01
  3.745810E+00  1.087006E+01
  3.796089E+00  1.098110E+01
  3.846369E+00  1.099024E+01
  3.896648E+00  1.130875E+01
  3.946927E+00  1.124025E+01
  3.997207E+00  1.120329E+01
  4.047486E+00  1.163761E+01
  4.097765E+00  1.155281E+01
  4.148045E+00  1.126267E+01
  4.198324E+00  1.181617E+01
  4.248603E+00  1.131934E+01
  4.298883E+00  1.105885E+01
  4.349162E+00  1.166398E+01
  4.399441E+00  1.147738E+01
  4.449721E+00  1.143430E+01
  4.500000E+00  1.142778E+01
  4.550279E+00  1.056277E+01
  4.600559E+00  1.034272E+01
  4.650838E+00  9.584208E+00
  4.701117E+00  9.320725E+00
  4.751397E+00  9.095347E+00
  4.801676E+00  8.998111E+00
  4.851955E+00  8.571679E+00
  4.902235E+00  8.304041E+00
  4.952514E+00  8.000030E+00
  5.002793E+00  7.864314E+00
  5.053073E+00  7.768085E+00
  5.103352E+00  7.156923E+00
  5.153631E+00  6.953135E+00
  5.203911E+00  7.034461E+00
  5.254190E+00  6.757403E+00
  5.304469E+00  6.583118E+00
  5.354749E+00  6.610184E+00
  5.405028E+00  6.583108E+00
  5.455307E+00  6.554202E+00
  5.505587E+00  6.678941E+00
  5.555866E+00  6.091069E+00
  5.606145E+00  5.745460E+00
  5.656425E+00  5.545648E+00
  5.706704E+00  5.072073E+00
  5.756983E+00  5.170264E+00
  5.807263E+00  4.962504E+00
  5.857542E+00  5.010503E+00
  5.907821E+00  4.912524E+00
  5.958101E+00  4.887021E+00
  6.008380E+00  5.058054E+00
  6.058659E+00  4.757872E+00
  6.108939E+00  4.766716E+00
  6.159218E+00  4.829365E+00
  6.209497E+00  4.810572E+00
  6.259777E+00  4.582408E+00
  6.310056E+00  4.587251E+00
  6.360335E+00  4.618906E+00
  6.410615E+00  4.400108E+00
  6.460894E+00  4.381627E+00
  6.511173E+00  4.314219E+00
  6.561453E+00  4.123679E+00
  6.611732E+00  4.302139E+00
  6.662011E+00  4.297916E+00
  6.712291E+00  4.265238E+00
  6.762570E+00  3.892018E+00
  6.812849E+00  3.850057E+00
  6.863128E+00  3.530466E+00
  6.913408E+00  3.543928E+00
  6.963687E+00  3.458478E+00
  7.013966E+00  3.257763E+00
  7.064246E+00  3.303893E+00
  7.114525E+00  3.087289E+00
  7.164804E+00  3.071731E+00
  7.215084E+00  2.843278E+00
  7.265363E+00  2.740747E+00
  7.315642E+00  2.727803E+00
  7.365922E+00  2.685091E+00
  7.416201E+00  2.407588E+00
  7.466480E+00  2.343480E+00
  7.516760E+00  2.140161E+00
  7.567039E+00  2.038414E+00
  7.617318E+00  2.023811E+00
  7.667598E+00  2.034393E+00
  7.717877E+00  1.962916E+00
  7.768156E+00  1.924162E+00
  7.818436E+00  1.908606E+00
  7.868715E+00  1.881022E+00
  7.918994E+00  1.753046E+00
  7.969274E+00  1.600234E+00
  8.019553E+00  1.529053E+00
  8.069832E+00  1.527943E+00
  8.120112E+00  1.496792E+00
  8.170391E+00  1.502701E+00
  8.220670E+00  1.467141E+00
  8.270950E+00  1.465643E+00
  8.321229E+00  1.406300E+00
  8.371508E+00  1.458823E+00
  8.421788E+00  1.337220E+00
  8.472067E+00  1.283299E+00
  8.522346E+00  1.284934E+00
  8.572626E+00  1.200312E+00
  8.622905E+00  1.136640E+00
  8.673184E+00  1.132251E+00
  8.723464E+00  1.125225E+00
  8.773743E+00  1.077502E+00
  8.824022E+00  1.091921E+00
  8.874302E+00  1.143240E+00
  8.924581E+00  1.084619E+00
  8.974860E+00  1.015292E+00
OW      HW      
  2.513966E-02  0.000000E+00
  7.541899E-02  0.000000E+00
  1.256983E-01  0.000000E+00
  1.759777E-01  0.000000E+00
  2.262570E-01  0.000000E+00
  2.765363E-01  0.000000E+00
  3.268156E-01  0.000000E+00
  3.770950E-01  0.000000E+00
  4.273743E-01  0.000000E+00
  4.776536E-01  0.000000E+00
  5.279330E-01  0.000000E+00
  5.782123E-01  0.000000E+00
  6.284916E-01  0.000000E+00
  6.787709E-01  0.000000E+00
  7.290503E-01  0.000000E+00
  7.793296E-01  0.000000E+00
  8.296089E-01  0.000000E+00
  8.798883E-01  0.000000E+00
  9.301676E-01  0.000000E+00
  9.804469E-01  0.000000E+00
  1.030726E+00  0.000000E+00
  1.081006E+00  0.000000E+00
  1.131285E+00  0.000000E+00
  1.181564E+00  0.000000E+00
  1.231844E+00  0.000000E+00
  1.282123E+00  0.000000E+00
  1.332402E+00  0.000000E+00
  1.382682E+00  0.000000E+00
  1.432961E+00  0.000000E+00
  1.483240E+00  0.000000E+00
  1.533520E+00  2.153067E-02
  1.583799E+00  3.784773E-01
  1.634078E+00  2.825409E+00
  1.684358E+00  9.744664E+00
  1.734637E+00  2.078655E+01
  1.784916E+00  3.140889E+01
  1.835196E+00  3.529678E+01
  1.885475E+00  3.193327E+01
  1.935754E+00  2.727927E+01
  1.986034E+00  2.114328E+01
  2.036313E+00  1.576181E+01
  2.086592E+00  1.237430E+01
  2.136872E+00  9.267756E+00
  2.187151E+00  7.245559E+00
  2.237430E+00  5.221772E+00
  2.287709E+00  4.436037E+00
  2.337989E+00  3.432114E+00
  2.388268E+00  3.056095E+00
  2.438547E+00  2.727008E+00
  2.488827E+00  2.575025E+00
  2.539106E+00  2.768588E+00
  2.589385E+00  3.164332E+00
  2.639665E+00  3.938797E+00
  2.689944E+00  5.106813E+00
  2.740223E+00  6.859913E+00
  2.790503E+00  8.851896E+00
  2.840782E+00  1.112334E+01
  2.891061E+00  1.441265E+01
  2.941341E+00  1.777976E+01
  2.991620E+00  2.135417E+01
  3.041899E+00  2.394983E+01
  3.092179E+00  2.611387E+01
  3.142458E+00  2.685787E+01
  3.192737E+00  2.680598E+01
  3.243017E+00  2.562737E+01
  3.293296E+00  2.447501E+01
  3.343575E+00  2.279668E+01
  3.393855E+00  2.165584E+01
  3.444134E+00  2.030248E+01
  3.494413E+00  1.939277E+01
  3.544693E+00  1.864403E+01
  3.594972E+00  1.758155E+01
  3.645251E+00  1.652733E+01
  3.695531E+00  1.529833E+01
  3.745810E+00  1.388441E+01
  3.796089E+00  1.288654E+01
  3.846369E+00  1.203160E+01
  3.896648E+00  1.125455E+01
  3.946927E+00  1.067954E+01
  3.997207E+00  1.039196E+01
  4.047486E+00  1.034480E+01
  4.097765E+00  1.010230E+01
  4.148045E+00  9.711735E+00
  4.198324E+00  9.493442E+00
  4.248603E+00  9.455227E+00
  4.298883E+00  9.250418E+00
  4.349162E+00  9.006988E+00
  4.399441E+00  8.856579E+00
  4.449721E+00  8.708712E+00
  4.500000E+00  8.543950E+00
  4.550279E+00  8.523706E+00
  4.600559E+00  8.609365E+00
  4.650838E+00  8.428321E+00
  4.701117E+00  8.321748E+00
  4.751397E+00  8.251981E+00
  4.801676E+00  7.970807E+00
  4.851955E+00  7.892505E+00
  4.902235E+00  7.709842E+00
  4.952514E+00  7.755900E+00
  5.002793E+00  7.481922E+00
  5.053073E+00  7.440366E+00
  5.103352E+00  7.463634E+00
  5.153631E+00  7.441685E+00
  5.203911E+00  7.191063E+00
  5.254190E+00  7.242106E+00
  5.304469E+00  7.078021E+00
  5.354749E+00  7.032702E+00
  5.405028E+00  6.872571E+00
  5.455307E+00  6.714994E+00
  5.505587E+00  6.656806E+00
  5.555866E+00  6.514311E+00
  5.606145E+00  6.479754E+00
  5.656425E+00  6.396724E+00
  5.706704E+00  6.177216E+00
  5.756983E+00  5.993014E+00
  5.807263E+00  5.903954E+00
  5.857542E+00  5.688287E+00
  5.907821E+00  5.504102E+00
  5.958101E+00  5.350974E+00
  6.008380E+00  5.187451E+00
  6.058659E+00  5.063084E+00
  6.108939E+00  4.918347E+00
  6.159218E+00  4.710901E+00
  6.209497E+00  4.543318E+00
  6.259777E+00  4.394059E+00
  6.310056E+00  4.238470E+00
  6.360335E+00  4.187057E+00
  6.410615E+00  4.003347E+00
  6.460894E+00  3.985861E+00
  6.511173E+00  3.932007E+00
  6.561453E+00  3.801700E+00
  6.611732E+00  3.751340E+00
  6.662011E+00  3.666121E+00
  6.712291E+00  3.619833E+00
  6.762570E+00  3.548214E+00
  6.812849E+00  3.527401E+00
  6.863128E+00  3.529928E+00
  6.913408E+00  3.364613E+00
  6.963687E+00  3.288008E+00
  7.013966E+00  3.250301E+00
  7.064246E+00  3.142047E+00
  7.114525E+00  3.067281E+00
  7.164804E+00  2.957306E+00
  7.215084E+00  2.871244E+00
  7.265363E+00  2.812215E+00
  7.315642E+00  2.763994E+00
  7.365922E+00  2.639126E+00
  7.416201E+00  2.659855E+00
  7.466480E+00  2.561024E+00
  7.516760E+00  2.474897E+00
  7.567039E+00  2.332680E+00
  7.617318E+00  2.254206E+00
  7.667598E+00  2.172847E+00
  7.717877E+00  2.079594E+00
  7.768156E+00  2.030524E+00
  7.818436E+00  2.024580E+00
  7.868715E+00  1.902081E+00
  7.918994E+00  1.849137E+00
  7.969274E+00  1.812921E+00
  8.019553E+00  1.776284E+00
  8.069832E+00  1.697261E+00
  8.120112E+00  1.635604E+00
  8.170391E+00  1.608519E+00
  8.220670E+00  1.559493E+00
  8.270950E+00  1.502469E+00
  8.321229E+00  1.450727E+00
  8.371508E+00  1.402284E+00
  8.421788E+00  1.384162E+00
  8.472067E+00  1.345735E+00
  8.522346E+00  1.272559E+00
  8.572626E+00  1.281275E+00
  8.622905E+00  1.206956E+00
  8.673184E+00  1.207813E+00
  8.723464E+00  1.144356E+00
  8.773743E+00  1.158413E+00
  8.824022E+00  1.121837E+00
  8.874302E+00  1.046791E+00
  8.924581E+00  1.025493E+00
  8.974860E+00  9.728574E-01
HW      HW      
  2.513966E-02  0.000000E+00
  7.541899E-02  0.000000E+00
  1.256983E-01  0.000000E+00
  1.759777E-01  0.000000E+00
  2.262570E-01  0.000000E+00
  2.765363E-01  0.000000E+00
  3.268156E-01  0.000000E+00
  3.770950E-01  0.000000E+00
  4.273743E-01  0.000000E+00
  4.776536E-01  0.000000E+00
  5.279330E-01  0.000000E+00
  5.782123E-01  0.000000E+00
  6.284916E-01  0.000000E+00
  6.787709E-01  0.000000E+00
  7.290503E-01  0.000000E+00
  7.793296E-01  0.000000E+00
  8.296089E-01  0.000000E+00
  8.798883E-01  0.000000E+00
  9.301676E-01  0.000000E+00
  9.804469E-01  0.000000E+00
  1.030726E+00  0.000000E+00
  1.081006E+00  0.000000E+00
  1.131285E+00  0.000000E+00
  1.181564E+00  0.000000E+00
  1.231844E+00  0.000000E+00
  1.282123E+00  0.000000E+00
  1.332402E+00  0.000000E+00
  1.382682E+00  0.000000E+00
  1.432961E+00  0.000000E+00
  1.483240E+00  0.000000E+00
  1.533520E+00  0.000000E+00
  1.583799E+00  0.000000E+00
  1.634078E+00  3.792496E-02
  1.684358E+00  1.293934E-01
  1.734637E+00  2.734519E-01
  1.784916E+00  5.920208E-01
  1.835196E+00  1.447051E+00
  1.885475E+00  2.652798E+00
  1.935754E+00  4.374818E+00
  1.986034E+00  6.932222E+00
  2.036313E+00  9.219576E+00
  2.086592E+00  1.243826E+01
  2.136872E+00  1.543332E+01
  2.187151E+00  1.823298E+01
  2.237430E+00  2.124869E+01
  2.287709E+00  2.302918E+01
  2.337989E+00  2.442776E+01
  2.388268E+00  2.527659E+01
  2.438547E+00  2.523281E+01
  2.488827E+00  2.486943E+01
  2.539106E+00  2.391981E+01
  2.589385E+00  2.309434E+01
  2.639665E+00  2.154711E+01
  2.689944E+00  1.930232E+01
  2.740223E+00  1.759064E+01
  2.790503E+00  1.526363E+01
  2.840782E+00  1.335084E+01
  2.891061E+00  1.236647E+01
  2.941341E+00  1.159613E+01
  2.991620E+00  1.110920E+01
  3.041899E+00  1.061229E+01
  3.092179E+00  1.054140E+01
  3.142458E+00  1.073366E+01
  3.192737E+00  1.093227E+01
  3.243017E+00  1.121220E+01
  3.293296E+00  1.163348E+01
  3.343575E+00  1.212192E+01
  3.393855E+00  1.277655E+01
  3.444134E+00  1.328882E+01
  3.494413E+00  1.412938E+01
  3.544693E+00  1.483865E+01
  3.594972E+00  1.557156E+01
  3.645251E+00  1.637204E+01
  3.695531E+00  1.658122E+01
  3.745810E+00  1.680493E+01
  3.796089E+00  1.650064E+01
  3.846369E+00  1.602245E+01
  3.896648E+00  1.555995E+01
  3.946927E+00  1.465653E+01
  3.997207E+00  1.358260E+01
  4.047486E+00  1.285623E+01
  4.097765E+00  1.181743E+01
  4.148045E+00  1.102429E+01
  4.198324E+00  1.038332E+01
  4.248603E+00  1.006748E+01
  4.298883E+00  9.512778E+00
  4.349162E+00  9.223830E+00
  4.399441E+00  8.912174E+00
  4.449721E+00  8.709352E+00
  4.500000E+00  8.759628E+00
  4.550279E+00  8.503529E+00
  4.600559E+00  8.468208E+00
  4.650838E+00  8.307758E+00
  4.701117E+00  8.301127E+00
  4.751397E+00  8.374224E+00
  4.801676E+00  8.153097E+00
  4.851955E+00  8.163530E+00
  4.902235E+00  7.928979E+00
  4.952514E+00  7.915385E+00
  5.002793E+00  7.634171E+00
  5.053073E+00  7.424996E+00
  5.103352E+00  7.155950E+00
  5.153631E+00  7.201462E+00
  5.203911E+00  6.964341E+00
  5.254190E+00  6.784917E+00
  5.304469E+00  6.709543E+00
  5.354749E+00  6.594731E+00
  5.405028E+00  6.371211E+00
  5.455307E+00  6.323648E+00
  5.505587E+00  6.267146E+00
  5.555866E+00  6.182936E+00
  5.606145E+00  5.947663E+00
  5.656425E+00  5.883546E+00
  5.706704E+00  5.857296E+00
  5.756983E+00  5.679422E+00
  5.807263E+00  5.665213E+00
  5.857542E+00  5.559150E+00
  5.907821E+00  5.434824E+00
  5.958101E+00  5.432282E+00
  6.008380E+00  5.284587E+00
  6.058659E+00  5.210345E+00
  6.108939E+00  5.085921E+00
  6.159218E+00  5.040600E+00
  6.209497E+00  4.840121E+00
  6.259777E+00  4.737805E+00
  6.310056E+00  4.530657E+00
  6.360335E+00  4.360736E+00
  6.410615E+00  4.265493E+00
  6.460894E+00  4.203911E+00
  6.511173E+00  4.076530E+00
  6.561453E+00  3.879328E+00
  6.611732E+00  3.842271E+00
  6.662011E+00  3.706910E+00
  6.712291E+00  3.628262E+00
  6.762570E+00  3.445239E+00
  6.812849E+00  3.383392E+00
  6.863128E+00  3.318143E+00
  6.913408E+00  3.242774E+00
  6.963687E+00  3.102397E+00
  7.013966E+00  3.086126E+00
  7.064246E+00  3.012164E+00
  7.114525E+00  2.977994E+00
  7.164804E+00  2.887516E+00
  7.215084E+00  2.842792E+00
  7.265363E+00  2.762331E+00
  7.315642E+00  2.710299E+00
  7.365922E+00  2.714023E+00
  7.416201E+00  2.565255E+00
  7.466480E+00  2.492900E+00
  7.516760E+00  2.464367E+00
  7.567039E+00  2.337102E+00
  7.617318E+00  2.290206E+00
  7.667598E+00  2.229047E+00
  7.717877E+00  2.137402E+00
  7.768156E+00  2.126816E+00
  7.818436E+00  2.046947E+00
  7.868715E+00  2.002470E+00
  7.918994E+00  1.947044E+00
  7.969274E+00  1.898833E+00
  8.019553E+00  1.822345E+00
  8.069832E+00  1.770937E+00
  8.120112E+00  1.734290E+00
  8.170391E+00  1.650998E+00
  8.220670E+00  1.633487E+00
  8.270950E+00  1.580748E+00
  8.321229E+00  1.528063E+00
  8.371508E+00  1.506150E+00
  8.421788E+00  1.418253E+00
  8.472067E+00  1.395649E+00
  8.522346E+00  1.341930E+00
  8.572626E+00  1.304874E+00
  8.622905E+00  1.301449E+00
  8.673184E+00  1.263348E+00
  8.723464E+00  1.213061E+00
  8.773743E+00  1.159564E+00
  8.824022E+00  1.088345E+00
  8.874302E+00  1.093247E+00
  8.924581E+00  1.038526E+00
  8.974860E+00  1.003505E+00
