1.000000E-02 -1.777200E+02
2.000000E-02 -1.786778E+02
3.000000E-02 -1.774745E+02
4.000000E-02 -1.751353E+02
5.000000E-02 -1.752372E+02
6.000000E-02 -1.747545E+02
7.000000E-02 -1.794720E+02
8.000000E-02 -1.760974E+02
9.000000E-02 -1.796618E+02
1.000000E-01 -1.845495E+02
1.100000E-01 -1.850784E+02
1.200000E-01 -1.827883E+02
1.300000E-01 -1.759443E+02
1.400000E-01 -1.750336E+02
1.500000E-01 -1.784558E+02
1.600000E-01 -1.756705E+02
1.700000E-01 -1.788627E+02
1.800000E-01 -1.756914E+02
1.900000E-01 -1.738135E+02
2.000000E-01 -1.808185E+02
2.100000E-01 -1.819225E+02
2.200000E-01 -1.796047E+02
2.300000E-01 -1.791708E+02
2.400000E-01 -1.829790E+02
2.500000E-01 -1.848011E+02
2.600000E-01 -1.808701E+02
2.700000E-01 -1.760175E+02
2.800000E-01 -1.813838E+02
2.900000E-01 -1.788576E+02
3.000000E-01 -1.847360E+02
3.100000E-01 -1.845271E+02
3.200000E-01 -1.811201E+02
3.300000E-01 -1.761873E+02
3.400000E-01 -1.791039E+02
3.500000E-01 -1.781595E+02
3.600000E-01 -1.739793E+02
3.700000E-01 -1.748628E+02
3.800000E-01 -1.783471E+02
3.900000E-01 -1.782429E+02
4.000000E-01 -1.747312E+02
4.100000E-01 -1.767998E+02
4.200000E-01 -1.804021E+02
4.300000E-01 -1.799568E+02
4.400000E-01 -1.788728E+02
4.500000E-01 -1.822914E+02
4.600000E-01 -1.882240E+02
4.700000E-01 -1.870047E+02
4.800000E-01 -1.847584E+02
4.900000E-01 -1.871748E+02
5.000000E-01 -1.852344E+02
5.100000E-01 -1.856301E+02
5.200000E-01 -1.855182E+02
5.300000E-01 -1.857710E+02
5.400000E-01 -1.854506E+02
5.500000E-01 -1.851179E+02
5.600000E-01 -1.799978E+02
5.700000E-01 -1.756111E+02
5.800000E-01 -1.765090E+02
5.900000E-01 -1.771514E+02
6.000000E-01 -1.746637E+02
6.100000E-01 -1.769159E+02
6.200000E-01 -1.773418E+02
6.300000E-01 -1.767011E+02
6.400000E-01 -1.849209E+02
6.500000E-01 -1.767822E+02
6.600000E-01 -1.797813E+02
6.700000E-01 -1.777686E+02
6.800000E-01 -1.843115E+02
6.900000E-01 -1.763835E+02
7.000000E-01 -1.729782E+02
7.100000E-01 -1.752047E+02
7.200000E-01 -1.814575E+02
7.300000E-01 -1.863937E+02
7.400000E-01 -1.766266E+02
7.500000E-01 -1.696199E+02
7.600000E-01 -1.703397E+02
7.700000E-01 -1.770065E+02
7.800000E-01 -1.754293E+02
7.900000E-01 -1.730483E+02
8.000000E-01 -1.793534E+02
8.100000E-01 -1.857485E+02
8.200000E-01 -1.784117E+02
8.300000E-01 -1.785162E+02
8.400000E-01 -1.845240E+02
8.500000E-01 -1.809223E+02
8.600000E-01 -1.802028E+02
8.700000E-01 -1.748650E+02
8.800000E-01 -1.840661E+02
8.900000E-01 -1.823409E+02
9.000000E-01 -1.773492E+02
9.100000E-01 -1.759054E+02
9.200000E-01 -1.815301E+02
9.300000E-01 -1.795812E+02
9.400000E-01 -1.717605E+02
9.500000E-01 -1.714474E+02
9.600000E-01 -1.768134E+02
9.700000E-01 -1.809479E+02
9.800000E-01 -1.807975E+02
9.900000E-01 -1.765468E+02
1.000000E+00 -1.804795E+02
1.010000E+00 -1.869499E+02
1.020000E+00 -1.795174E+02
1.030000E+00 -1.719609E+02
1.040000E+00 -1.754265E+02
1.050000E+00 -1.853497E+02
1.060000E+00 -1.831080E+02
1.070000E+00 -1.777790E+02
1.080000E+00 -1.823887E+02
1.090000E+00 -1.869257E+02
1.100000E+00 -1.818085E+02
1.110000E+00 -1.811130E+02
1.120000E+00 -1.834165E+02
1.130000E+00 -1.826544E+02
1.140000E+00 -1.741073E+02
1.150000E+00 -1.666937E+02
1.160000E+00 -1.720795E+02
1.170000E+00 -1.759740E+02
1.180000E+00 -1.750614E+02
1.190000E+00 -1.761444E+02
1.200000E+00 -1.795741E+02
1.210000E+00 -1.866981E+02
1.220000E+00 -1.853357E+02
1.230000E+00 -1.843590E+02
1.240000E+00 -1.842746E+02
1.250000E+00 -1.875304E+02
1.260000E+00 -1.818926E+02
1.270000E+00 -1.772804E+02
1.280000E+00 -1.761770E+02
1.290000E+00 -1.808924E+02
1.300000E+00 -1.846628E+02
1.310000E+00 -1.827819E+02
1.320000E+00 -1.845583E+02
1.330000E+00 -1.853140E+02
1.340000E+00 -1.799441E+02
1.350000E+00 -1.769505E+02
1.360000E+00 -1.770649E+02
1.370000E+00 -1.768517E+02
1.380000E+00 -1.756454E+02
1.390000E+00 -1.749260E+02
1.400000E+00 -1.740140E+02
1.410000E+00 -1.773113E+02
1.420000E+00 -1.825158E+02
1.430000E+00 -1.792823E+02
1.440000E+00 -1.795981E+02
1.450000E+00 -1.811431E+02
1.460000E+00 -1.839335E+02
1.470000E+00 -1.827523E+02
1.480000E+00 -1.764342E+02
1.490000E+00 -1.781325E+02
1.500000E+00 -1.802231E+02
1.510000E+00 -1.791404E+02
1.520000E+00 -1.794619E+02
1.530000E+00 -1.783493E+02
1.540000E+00 -1.813504E+02
1.550000E+00 -1.801926E+02
1.560000E+00 -1.775376E+02
1.570000E+00 -1.773526E+02
1.580000E+00 -1.750303E+02
1.590000E+00 -1.790955E+02
1.600000E+00 -1.778225E+02
1.610000E+00 -1.777991E+02
1.620000E+00 -1.819977E+02
1.630000E+00 -1.849123E+02
1.640000E+00 -1.838814E+02
1.650000E+00 -1.845592E+02
1.660000E+00 -1.827404E+02
1.670000E+00 -1.795881E+02
1.680000E+00 -1.807068E+02
1.690000E+00 -1.814578E+02
1.700000E+00 -1.813350E+02
1.710000E+00 -1.783056E+02
1.720000E+00 -1.802250E+02
1.730000E+00 -1.790188E+02
1.740000E+00 -1.779039E+02
1.750000E+00 -1.781034E+02
1.760000E+00 -1.768484E+02
1.770000E+00 -1.756022E+02
1.780000E+00 -1.779830E+02
1.790000E+00 -1.732585E+02
1.800000E+00 -1.786491E+02
1.810000E+00 -1.772194E+02
1.820000E+00 -1.758262E+02
1.830000E+00 -1.791720E+02
1.840000E+00 -1.782715E+02
1.850000E+00 -1.760916E+02
1.860000E+00 -1.749887E+02
1.870000E+00 -1.764160E+02
1.880000E+00 -1.813057E+02
1.890000E+00 -1.781162E+02
1.900000E+00 -1.742674E+02
1.910000E+00 -1.820267E+02
1.920000E+00 -1.759840E+02
1.930000E+00 -1.784543E+02
1.940000E+00 -1.727946E+02
1.950000E+00 -1.796663E+02
1.960000E+00 -1.809439E+02
1.970000E+00 -1.750085E+02
1.980000E+00 -1.846006E+02
1.990000E+00 -1.821272E+02
2.000000E+00 -1.860378E+02
2.010000E+00 -1.844023E+02
2.020000E+00 -1.784974E+02
2.030000E+00 -1.820507E+02
2.040000E+00 -1.810485E+02
2.050000E+00 -1.828595E+02
2.060000E+00 -1.775900E+02
2.070000E+00 -1.852190E+02
2.080000E+00 -1.777297E+02
2.090000E+00 -1.795346E+02
2.100000E+00 -1.812338E+02
2.110000E+00 -1.813949E+02
2.120000E+00 -1.825754E+02
2.130000E+00 -1.798965E+02
2.140000E+00 -1.787472E+02
2.150000E+00 -1.792473E+02
2.160000E+00 -1.794087E+02
2.170000E+00 -1.813084E+02
2.180000E+00 -1.807616E+02
2.190000E+00 -1.826844E+02
2.200000E+00 -1.824378E+02
2.210000E+00 -1.814305E+02
2.220000E+00 -1.835710E+02
2.230000E+00 -1.817673E+02
2.240000E+00 -1.805148E+02
2.250000E+00 -1.804217E+02
2.260000E+00 -1.845355E+02
2.270000E+00 -1.862057E+02
2.280000E+00 -1.794341E+02
2.290000E+00 -1.762630E+02
2.300000E+00 -1.806889E+02
2.310000E+00 -1.846709E+02
2.320000E+00 -1.814221E+02
2.330000E+00 -1.814833E+02
2.340000E+00 -1.785074E+02
2.350000E+00 -1.782190E+02
2.360000E+00 -1.753528E+02
2.370000E+00 -1.784841E+02
2.380000E+00 -1.752767E+02
2.390000E+00 -1.773748E+02
2.400000E+00 -1.786880E+02
2.410000E+00 -1.824169E+02
2.420000E+00 -1.792605E+02
2.430000E+00 -1.757053E+02
2.440000E+00 -1.769685E+02
2.450000E+00 -1.754077E+02
2.460000E+00 -1.815637E+02
2.470000E+00 -1.849611E+02
2.480000E+00 -1.806919E+02
2.490000E+00 -1.777077E+02
2.500000E+00 -1.817804E+02
2.510000E+00 -1.825165E+02
2.520000E+00 -1.791000E+02
2.530000E+00 -1.786102E+02
2.540000E+00 -1.811084E+02
2.550000E+00 -1.796566E+02
2.560000E+00 -1.748808E+02
2.570000E+00 -1.774268E+02
2.580000E+00 -1.780469E+02
2.590000E+00 -1.763230E+02
2.600000E+00 -1.776217E+02
2.610000E+00 -1.797713E+02
2.620000E+00 -1.820949E+02
2.630000E+00 -1.817701E+02
2.640000E+00 -1.821780E+02
2.650000E+00 -1.827920E+02
2.660000E+00 -1.843943E+02
2.670000E+00 -1.772474E+02
2.680000E+00 -1.765065E+02
2.690000E+00 -1.720834E+02
2.700000E+00 -1.771639E+02
2.710000E+00 -1.772816E+02
2.720000E+00 -1.807798E+02
2.730000E+00 -1.833830E+02
2.740000E+00 -1.890417E+02
2.750000E+00 -1.830931E+02
2.760000E+00 -1.827838E+02
2.770000E+00 -1.761820E+02
2.780000E+00 -1.741320E+02
2.790000E+00 -1.746266E+02
2.800000E+00 -1.760469E+02
2.810000E+00 -1.741585E+02
2.820000E+00 -1.797244E+02
2.830000E+00 -1.824937E+02
2.840000E+00 -1.846524E+02
2.850000E+00 -1.840486E+02
2.860000E+00 -1.816192E+02
2.870000E+00 -1.766821E+02
2.880000E+00 -1.777663E+02
2.890000E+00 -1.765977E+02
2.900000E+00 -1.736232E+02
2.910000E+00 -1.741892E+02
2.920000E+00 -1.758393E+02
2.930000E+00 -1.794490E+02
2.940000E+00 -1.811257E+02
2.950000E+00 -1.860298E+02
2.960000E+00 -1.851403E+02
2.970000E+00 -1.860018E+02
2.980000E+00 -1.786415E+02
2.990000E+00 -1.840584E+02
3.000000E+00 -1.771916E+02
3.010000E+00 -1.738599E+02
3.020000E+00 -1.800696E+02
3.030000E+00 -1.835555E+02
3.040000E+00 -1.874990E+02
3.050000E+00 -1.809778E+02
3.060000E+00 -1.870396E+02
3.070000E+00 -1.812529E+02
3.080000E+00 -1.775744E+02
3.090000E+00 -1.777383E+02
3.100000E+00 -1.809461E+02
3.110000E+00 -1.768127E+02
3.120000E+00 -1.793315E+02
3.130000E+00 -1.839746E+02
3.140000E+00 -1.801886E+02
3.150000E+00 -1.774018E+02
3.160000E+00 -1.879741E+02
3.170000E+00 -1.841264E+02
3.180000E+00 -1.871993E+02
3.190000E+00 -1.797071E+02
3.200000E+00 -1.802564E+02
3.210000E+00 -1.814661E+02
3.220000E+00 -1.808617E+02
3.230000E+00 -1.811731E+02
3.240000E+00 -1.820556E+02
3.250000E+00 -1.849809E+02
3.260000E+00 -1.875047E+02
3.270000E+00 -1.841877E+02
3.280000E+00 -1.795266E+02
3.290000E+00 -1.778109E+02
3.300000E+00 -1.771138E+02
3.310000E+00 -1.756869E+02
3.320000E+00 -1.746347E+02
3.330000E+00 -1.742318E+02
3.340000E+00 -1.771327E+02
3.350000E+00 -1.803933E+02
3.360000E+00 -1.840582E+02
3.370000E+00 -1.868809E+02
3.380000E+00 -1.847145E+02
3.390000E+00 -1.848671E+02
3.400000E+00 -1.813810E+02
3.410000E+00 -1.827470E+02
3.420000E+00 -1.793163E+02
3.430000E+00 -1.735584E+02
3.440000E+00 -1.771091E+02
3.450000E+00 -1.810850E+02
3.460000E+00 -1.782942E+02
3.470000E+00 -1.814363E+02
3.480000E+00 -1.830394E+02
3.490000E+00 -1.815830E+02
3.500000E+00 -1.816595E+02
3.510000E+00 -1.766388E+02
3.520000E+00 -1.781558E+02
3.530000E+00 -1.737558E+02
3.540000E+00 -1.777942E+02
3.550000E+00 -1.887449E+02
3.560000E+00 -1.847043E+02
3.570000E+00 -1.824042E+02
3.580000E+00 -1.739160E+02
3.590000E+00 -1.802138E+02
3.600000E+00 -1.726326E+02
3.610000E+00 -1.744553E+02
3.620000E+00 -1.724135E+02
3.630000E+00 -1.816767E+02
3.640000E+00 -1.811446E+02
3.650000E+00 -1.808840E+02
3.660000E+00 -1.770374E+02
3.670000E+00 -1.802766E+02
3.680000E+00 -1.781383E+02
3.690000E+00 -1.791996E+02
3.700000E+00 -1.834576E+02
3.710000E+00 -1.834528E+02
3.720000E+00 -1.822027E+02
3.730000E+00 -1.792644E+02
3.740000E+00 -1.779732E+02
3.750000E+00 -1.848175E+02
3.760000E+00 -1.862402E+02
3.770000E+00 -1.861158E+02
3.780000E+00 -1.826378E+02
3.790000E+00 -1.868534E+02
3.800000E+00 -1.834708E+02
3.810000E+00 -1.823785E+02
3.820000E+00 -1.786324E+02
3.830000E+00 -1.750088E+02
3.840000E+00 -1.817158E+02
3.850000E+00 -1.805936E+02
3.860000E+00 -1.811301E+02
3.870000E+00 -1.829261E+02
3.880000E+00 -1.768824E+02
3.890000E+00 -1.847760E+02
3.900000E+00 -1.805802E+02
3.910000E+00 -1.785382E+02
3.920000E+00 -1.757369E+02
3.930000E+00 -1.791524E+02
3.940000E+00 -1.832094E+02
3.950000E+00 -1.788569E+02
3.960000E+00 -1.780126E+02
3.970000E+00 -1.819159E+02
3.980000E+00 -1.771461E+02
3.990000E+00 -1.768537E+02
4.000000E+00 -1.772455E+02
4.010000E+00 -1.809948E+02
4.020000E+00 -1.827669E+02
4.030000E+00 -1.807729E+02
4.040000E+00 -1.843040E+02
4.050000E+00 -1.862829E+02
4.060000E+00 -1.845741E+02
4.070000E+00 -1.822658E+02
4.080000E+00 -1.814313E+02
4.090000E+00 -1.829234E+02
4.100000E+00 -1.821278E+02
4.110000E+00 -1.827918E+02
4.120000E+00 -1.807713E+02
4.130000E+00 -1.784444E+02
4.140000E+00 -1.813745E+02
4.150000E+00 -1.777261E+02
4.160000E+00 -1.830766E+02
4.170000E+00 -1.756076E+02
4.180000E+00 -1.823662E+02
4.190000E+00 -1.847064E+02
4.200000E+00 -1.808683E+02
4.210000E+00 -1.862610E+02
4.220000E+00 -1.799030E+02
4.230000E+00 -1.821404E+02
4.240000E+00 -1.832239E+02
4.250000E+00 -1.852633E+02
4.260000E+00 -1.818305E+02
4.270000E+00 -1.876512E+02
4.280000E+00 -1.798546E+02
4.290000E+00 -1.828180E+02
4.300000E+00 -1.867890E+02
4.310000E+00 -1.800854E+02
4.320000E+00 -1.764994E+02
4.330000E+00 -1.780214E+02
4.340000E+00 -1.771976E+02
4.350000E+00 -1.711867E+02
4.360000E+00 -1.724945E+02
4.370000E+00 -1.731662E+02
4.380000E+00 -1.761434E+02
4.390000E+00 -1.729585E+02
4.400000E+00 -1.777433E+02
4.410000E+00 -1.805086E+02
4.420000E+00 -1.823276E+02
4.430000E+00 -1.841016E+02
4.440000E+00 -1.793763E+02
4.450000E+00 -1.808652E+02
4.460000E+00 -1.795823E+02
4.470000E+00 -1.779921E+02
4.480000E+00 -1.786751E+02
4.490000E+00 -1.853635E+02
4.500000E+00 -1.860995E+02
4.510000E+00 -1.826993E+02
4.520000E+00 -1.851339E+02
4.530000E+00 -1.772173E+02
4.540000E+00 -1.745099E+02
4.550000E+00 -1.731826E+02
4.560000E+00 -1.778120E+02
4.570000E+00 -1.838240E+02
4.580000E+00 -1.785056E+02
4.590000E+00 -1.835457E+02
4.600000E+00 -1.807959E+02
4.610000E+00 -1.812798E+02
4.620000E+00 -1.780301E+02
4.630000E+00 -1.786683E+02
4.640000E+00 -1.781076E+02
4.650000E+00 -1.832820E+02
4.660000E+00 -1.820845E+02
4.670000E+00 -1.751209E+02
4.680000E+00 -1.767005E+02
4.690000E+00 -1.738518E+02
4.700000E+00 -1.736353E+02
4.710000E+00 -1.793842E+02
4.720000E+00 -1.787789E+02
4.730000E+00 -1.755483E+02
4.740000E+00 -1.792688E+02
4.750000E+00 -1.765275E+02
4.760000E+00 -1.770908E+02
4.770000E+00 -1.727578E+02
4.780000E+00 -1.735859E+02
4.790000E+00 -1.750316E+02
4.800000E+00 -1.788213E+02
4.810000E+00 -1.851124E+02
4.820000E+00 -1.808178E+02
4.830000E+00 -1.737892E+02
4.840000E+00 -1.774943E+02
4.850000E+00 -1.828790E+02
4.860000E+00 -1.774467E+02
4.870000E+00 -1.788230E+02
4.880000E+00 -1.836309E+02
4.890000E+00 -1.840567E+02
4.900000E+00 -1.814660E+02
4.910000E+00 -1.734471E+02
4.920000E+00 -1.766686E+02
4.930000E+00 -1.815717E+02
4.940000E+00 -1.841564E+02
4.950000E+00 -1.756108E+02
4.960000E+00 -1.742334E+02
4.970000E+00 -1.781199E+02
4.980000E+00 -1.771760E+02
4.990000E+00 -1.724027E+02
5.000000E+00 -1.767996E+02
5.010000E+00 -1.778522E+02
5.020000E+00 -1.763071E+02
5.030000E+00 -1.732675E+02
5.040000E+00 -1.781041E+02
5.050000E+00 -1.816314E+02
5.060000E+00 -1.803853E+02
5.070000E+00 -1.805165E+02
5.080000E+00 -1.786138E+02
5.090000E+00 -1.785893E+02
5.100000E+00 -1.735446E+02
5.110000E+00 -1.809157E+02
5.120000E+00 -1.813063E+02
5.130000E+00 -1.797804E+02
5.140000E+00 -1.738576E+02
5.150000E+00 -1.773467E+02
5.160000E+00 -1.797863E+02
5.170000E+00 -1.779335E+02
5.180000E+00 -1.799824E+02
5.190000E+00 -1.792431E+02
5.200000E+00 -1.801957E+02
5.210000E+00 -1.765483E+02
5.220000E+00 -1.819145E+02
5.230000E+00 -1.790398E+02
5.240000E+00 -1.841296E+02
5.250000E+00 -1.864055E+02
5.260000E+00 -1.759293E+02
5.270000E+00 -1.743651E+02
5.280000E+00 -1.825768E+02
5.290000E+00 -1.797872E+02
5.300000E+00 -1.787005E+02
5.310000E+00 -1.854207E+02
5.320000E+00 -1.833243E+02
5.330000E+00 -1.786938E+02
5.340000E+00 -1.811798E+02
5.350000E+00 -1.763569E+02
5.360000E+00 -1.832420E+02
5.370000E+00 -1.854446E+02
5.380000E+00 -1.802963E+02
5.390000E+00 -1.789497E+02
5.400000E+00 -1.777241E+02
5.410000E+00 -1.823666E+02
5.420000E+00 -1.791510E+02
5.430000E+00 -1.765369E+02
5.440000E+00 -1.824906E+02
5.450000E+00 -1.884309E+02
5.460000E+00 -1.817840E+02
5.470000E+00 -1.769606E+02
5.480000E+00 -1.813998E+02
5.490000E+00 -1.866668E+02
5.500000E+00 -1.851680E+02
5.510000E+00 -1.780209E+02
5.520000E+00 -1.779661E+02
5.530000E+00 -1.760529E+02
5.540000E+00 -1.755008E+02
5.550000E+00 -1.732770E+02
5.560000E+00 -1.737851E+02
5.570000E+00 -1.795169E+02
5.580000E+00 -1.816480E+02
5.590000E+00 -1.833853E+02
5.600000E+00 -1.853978E+02
5.610000E+00 -1.796080E+02
5.620000E+00 -1.751491E+02
5.630000E+00 -1.763531E+02
5.640000E+00 -1.748095E+02
5.650000E+00 -1.780943E+02
5.660000E+00 -1.763666E+02
5.670000E+00 -1.799169E+02
5.680000E+00 -1.788224E+02
5.690000E+00 -1.726569E+02
5.700000E+00 -1.797589E+02
5.710000E+00 -1.799069E+02
5.720000E+00 -1.780221E+02
5.730000E+00 -1.781255E+02
5.740000E+00 -1.787361E+02
5.750000E+00 -1.825169E+02
5.760000E+00 -1.803868E+02
5.770000E+00 -1.786717E+02
5.780000E+00 -1.775842E+02
5.790000E+00 -1.813231E+02
5.800000E+00 -1.823612E+02
5.810000E+00 -1.820363E+02
5.820000E+00 -1.823056E+02
5.830000E+00 -1.831819E+02
5.840000E+00 -1.872667E+02
5.850000E+00 -1.840606E+02
5.860000E+00 -1.780616E+02
5.870000E+00 -1.810934E+02
5.880000E+00 -1.802530E+02
5.890000E+00 -1.794495E+02
5.900000E+00 -1.792691E+02
5.910000E+00 -1.880517E+02
5.920000E+00 -1.858025E+02
5.930000E+00 -1.834704E+02
5.940000E+00 -1.884388E+02
5.950000E+00 -1.820544E+02
5.960000E+00 -1.817006E+02
5.970000E+00 -1.747504E+02
5.980000E+00 -1.740770E+02
5.990000E+00 -1.811008E+02
6.000000E+00 -1.814954E+02
6.010000E+00 -1.823617E+02
6.020000E+00 -1.802669E+02
6.030000E+00 -1.908772E+02
6.040000E+00 -1.814486E+02
6.050000E+00 -1.787632E+02
6.060000E+00 -1.735762E+02
6.070000E+00 -1.767368E+02
6.080000E+00 -1.737512E+02
6.090000E+00 -1.756861E+02
6.100000E+00 -1.814646E+02
6.110000E+00 -1.746469E+02
6.120000E+00 -1.816020E+02
6.130000E+00 -1.831649E+02
6.140000E+00 -1.881935E+02
6.150000E+00 -1.824965E+02
6.160000E+00 -1.807034E+02
6.170000E+00 -1.814706E+02
6.180000E+00 -1.798574E+02
6.190000E+00 -1.801211E+02
6.200000E+00 -1.763423E+02
6.210000E+00 -1.796526E+02
6.220000E+00 -1.835827E+02
6.230000E+00 -1.840944E+02
6.240000E+00 -1.849921E+02
6.250000E+00 -1.820533E+02
6.260000E+00 -1.841752E+02
6.270000E+00 -1.850582E+02
6.280000E+00 -1.790184E+02
6.290000E+00 -1.808464E+02
6.300000E+00 -1.769270E+02
6.310000E+00 -1.780174E+02
6.320000E+00 -1.795531E+02
6.330000E+00 -1.790849E+02
6.340000E+00 -1.805549E+02
6.350000E+00 -1.820127E+02
6.360000E+00 -1.878432E+02
6.370000E+00 -1.858355E+02
6.380000E+00 -1.825214E+02
6.390000E+00 -1.800868E+02
6.400000E+00 -1.827154E+02
6.410000E+00 -1.770432E+02
6.420000E+00 -1.733906E+02
6.430000E+00 -1.793270E+02
6.440000E+00 -1.762677E+02
6.450000E+00 -1.796973E+02
6.460000E+00 -1.860163E+02
6.470000E+00 -1.777220E+02
6.480000E+00 -1.800138E+02
6.490000E+00 -1.767694E+02
6.500000E+00 -1.812958E+02
6.510000E+00 -1.782194E+02
6.520000E+00 -1.728717E+02
6.530000E+00 -1.741346E+02
6.540000E+00 -1.801403E+02
6.550000E+00 -1.759267E+02
6.560000E+00 -1.741976E+02
6.570000E+00 -1.729916E+02
6.580000E+00 -1.759474E+02
6.590000E+00 -1.812877E+02
6.600000E+00 -1.778790E+02
6.610000E+00 -1.764800E+02
6.620000E+00 -1.735019E+02
6.630000E+00 -1.720289E+02
6.640000E+00 -1.752449E+02
6.650000E+00 -1.732336E+02
6.660000E+00 -1.767709E+02
6.670000E+00 -1.787821E+02
6.680000E+00 -1.800575E+02
6.690000E+00 -1.783948E+02
6.700000E+00 -1.782758E+02
6.710000E+00 -1.833052E+02
6.720000E+00 -1.831390E+02
6.730000E+00 -1.820357E+02
6.740000E+00 -1.794398E+02
6.750000E+00 -1.780492E+02
6.760000E+00 -1.828639E+02
6.770000E+00 -1.845107E+02
6.780000E+00 -1.812359E+02
6.790000E+00 -1.817874E+02
6.800000E+00 -1.833044E+02
6.810000E+00 -1.824942E+02
6.820000E+00 -1.831586E+02
6.830000E+00 -1.798609E+02
6.840000E+00 -1.865474E+02
6.850000E+00 -1.803563E+02
6.860000E+00 -1.836197E+02
6.870000E+00 -1.833775E+02
6.880000E+00 -1.848349E+02
6.890000E+00 -1.858082E+02
6.900000E+00 -1.838733E+02
6.910000E+00 -1.841707E+02
6.920000E+00 -1.883343E+02
6.930000E+00 -1.791011E+02
6.940000E+00 -1.776871E+02
6.950000E+00 -1.792521E+02
6.960000E+00 -1.797905E+02
6.970000E+00 -1.786631E+02
6.980000E+00 -1.729010E+02
6.990000E+00 -1.742758E+02
7.000000E+00 -1.753819E+02
7.010000E+00 -1.779647E+02
7.020000E+00 -1.737936E+02
7.030000E+00 -1.751781E+02
7.040000E+00 -1.783759E+02
7.050000E+00 -1.767212E+02
7.060000E+00 -1.804695E+02
7.070000E+00 -1.709766E+02
7.080000E+00 -1.729522E+02
7.090000E+00 -1.759295E+02
7.100000E+00 -1.788395E+02
7.110000E+00 -1.810079E+02
7.120000E+00 -1.769223E+02
7.130000E+00 -1.828935E+02
7.140000E+00 -1.855728E+02
7.150000E+00 -1.824377E+02
7.160000E+00 -1.799396E+02
7.170000E+00 -1.817853E+02
7.180000E+00 -1.809680E+02
7.190000E+00 -1.764147E+02
7.200000E+00 -1.773770E+02
7.210000E+00 -1.757877E+02
7.220000E+00 -1.826204E+02
7.230000E+00 -1.840626E+02
7.240000E+00 -1.858720E+02
7.250000E+00 -1.852300E+02
7.260000E+00 -1.872146E+02
7.270000E+00 -1.899616E+02
7.280000E+00 -1.817174E+02
7.290000E+00 -1.819542E+02
7.300000E+00 -1.819659E+02
7.310000E+00 -1.823007E+02
7.320000E+00 -1.841191E+02
7.330000E+00 -1.874865E+02
7.340000E+00 -1.913105E+02
7.350000E+00 -1.806114E+02
7.360000E+00 -1.838732E+02
7.370000E+00 -1.814038E+02
7.380000E+00 -1.826564E+02
7.390000E+00 -1.751416E+02
7.400000E+00 -1.716038E+02
7.410000E+00 -1.715562E+02
7.420000E+00 -1.787622E+02
7.430000E+00 -1.818011E+02
7.440000E+00 -1.771386E+02
7.450000E+00 -1.823931E+02
7.460000E+00 -1.832301E+02
7.470000E+00 -1.827754E+02
7.480000E+00 -1.758333E+02
7.490000E+00 -1.771473E+02
7.500000E+00 -1.744793E+02
7.510000E+00 -1.703698E+02
7.520000E+00 -1.740623E+02
7.530000E+00 -1.841833E+02
7.540000E+00 -1.771798E+02
7.550000E+00 -1.814113E+02
7.560000E+00 -1.779168E+02
7.570000E+00 -1.761393E+02
7.580000E+00 -1.788268E+02
7.590000E+00 -1.742956E+02
7.600000E+00 -1.722935E+02
7.610000E+00 -1.762536E+02
7.620000E+00 -1.781208E+02
7.630000E+00 -1.740765E+02
7.640000E+00 -1.767933E+02
7.650000E+00 -1.823705E+02
7.660000E+00 -1.810184E+02
7.670000E+00 -1.791541E+02
7.680000E+00 -1.809919E+02
7.690000E+00 -1.792213E+02
7.700000E+00 -1.749192E+02
7.710000E+00 -1.776721E+02
7.720000E+00 -1.768989E+02
7.730000E+00 -1.770800E+02
7.740000E+00 -1.803743E+02
7.750000E+00 -1.762693E+02
7.760000E+00 -1.766539E+02
7.770000E+00 -1.826044E+02
7.780000E+00 -1.778420E+02
7.790000E+00 -1.842505E+02
7.800000E+00 -1.782174E+02
7.810000E+00 -1.781034E+02
7.820000E+00 -1.818454E+02
7.830000E+00 -1.781425E+02
7.840000E+00 -1.763017E+02
7.850000E+00 -1.800055E+02
7.860000E+00 -1.779646E+02
7.870000E+00 -1.763869E+02
7.880000E+00 -1.803031E+02
7.890000E+00 -1.791631E+02
7.900000E+00 -1.765249E+02
7.910000E+00 -1.810575E+02
7.920000E+00 -1.795558E+02
7.930000E+00 -1.757398E+02
7.940000E+00 -1.812028E+02
7.950000E+00 -1.814792E+02
7.960000E+00 -1.824818E+02
7.970000E+00 -1.814150E+02
7.980000E+00 -1.795386E+02
7.990000E+00 -1.848752E+02
8.000000E+00 -1.847333E+02
8.010000E+00 -1.826670E+02
8.020000E+00 -1.794184E+02
8.030000E+00 -1.811340E+02
8.040000E+00 -1.814349E+02
8.050000E+00 -1.778215E+02
8.060000E+00 -1.815555E+02
8.070000E+00 -1.827497E+02
8.080000E+00 -1.816321E+02
8.090000E+00 -1.777795E+02
8.100000E+00 -1.793727E+02
8.110000E+00 -1.784653E+02
8.120000E+00 -1.760762E+02
8.130000E+00 -1.770603E+02
8.140000E+00 -1.723186E+02
8.150000E+00 -1.719725E+02
8.160000E+00 -1.695437E+02
8.170000E+00 -1.770411E+02
8.180000E+00 -1.757970E+02
8.190000E+00 -1.700057E+02
8.200000E+00 -1.750759E+02
8.210000E+00 -1.764014E+02
8.220000E+00 -1.729597E+02
8.230000E+00 -1.737784E+02
8.240000E+00 -1.773440E+02
8.250000E+00 -1.840448E+02
8.260000E+00 -1.849057E+02
8.270000E+00 -1.760295E+02
8.280000E+00 -1.896744E+02
8.290000E+00 -1.871686E+02
8.300000E+00 -1.844841E+02
8.310000E+00 -1.843612E+02
8.320000E+00 -1.871700E+02
8.330000E+00 -1.854749E+02
8.340000E+00 -1.798032E+02
8.350000E+00 -1.806229E+02
8.360000E+00 -1.832287E+02
8.370000E+00 -1.788446E+02
8.380000E+00 -1.735705E+02
8.390000E+00 -1.718301E+02
8.400000E+00 -1.730146E+02
8.410000E+00 -1.739303E+02
8.420000E+00 -1.747954E+02
8.430000E+00 -1.783632E+02
8.440000E+00 -1.796937E+02
8.450000E+00 -1.806758E+02
8.460000E+00 -1.783959E+02
8.470000E+00 -1.816828E+02
8.480000E+00 -1.828674E+02
8.490000E+00 -1.823312E+02
8.500000E+00 -1.763147E+02
8.510000E+00 -1.700700E+02
8.520000E+00 -1.775502E+02
8.530000E+00 -1.782296E+02
8.540000E+00 -1.839517E+02
8.550000E+00 -1.793983E+02
8.560000E+00 -1.792086E+02
8.570000E+00 -1.817965E+02
8.580000E+00 -1.767248E+02
8.590000E+00 -1.769016E+02
8.600000E+00 -1.771276E+02
8.610000E+00 -1.774213E+02
8.620000E+00 -1.799517E+02
8.630000E+00 -1.758334E+02
8.640000E+00 -1.803395E+02
8.650000E+00 -1.787604E+02
8.660000E+00 -1.852634E+02
8.670000E+00 -1.829645E+02
8.680000E+00 -1.798682E+02
8.690000E+00 -1.801196E+02
8.700000E+00 -1.800013E+02
8.710000E+00 -1.805612E+02
8.720000E+00 -1.827004E+02
8.730000E+00 -1.824731E+02
8.740000E+00 -1.858558E+02
8.750000E+00 -1.781759E+02
8.760000E+00 -1.767667E+02
8.770000E+00 -1.732782E+02
8.780000E+00 -1.713018E+02
8.790000E+00 -1.804027E+02
8.800000E+00 -1.761580E+02
8.810000E+00 -1.760636E+02
8.820000E+00 -1.761074E+02
8.830000E+00 -1.809849E+02
8.840000E+00 -1.829542E+02
8.850000E+00 -1.837338E+02
8.860000E+00 -1.777887E+02
8.870000E+00 -1.841558E+02
8.880000E+00 -1.819619E+02
8.890000E+00 -1.758545E+02
8.900000E+00 -1.738849E+02
8.910000E+00 -1.790548E+02
8.920000E+00 -1.892532E+02
8.930000E+00 -1.888874E+02
8.940000E+00 -1.849341E+02
8.950000E+00 -1.787114E+02
8.960000E+00 -1.806923E+02
8.970000E+00 -1.790179E+02
8.980000E+00 -1.756011E+02
8.990000E+00 -1.753537E+02
9.000000E+00 -1.756189E+02
9.010000E+00 -1.812958E+02
9.020000E+00 -1.809776E+02
9.030000E+00 -1.821421E+02
9.040000E+00 -1.837154E+02
9.050000E+00 -1.803584E+02
9.060000E+00 -1.854388E+02
9.070000E+00 -1.815417E+02
9.080000E+00 -1.815371E+02
9.090000E+00 -1.830643E+02
9.100000E+00 -1.783277E+02
9.110000E+00 -1.787445E+02
9.120000E+00 -1.783955E+02
9.130000E+00 -1.788070E+02
9.140000E+00 -1.811669E+02
9.150000E+00 -1.715246E+02
9.160000E+00 -1.777756E+02
9.170000E+00 -1.715992E+02
9.180000E+00 -1.760351E+02
9.190000E+00 -1.770129E+02
9.200000E+00 -1.724745E+02
9.210000E+00 -1.723593E+02
9.220000E+00 -1.722937E+02
9.230000E+00 -1.748971E+02
9.240000E+00 -1.824721E+02
9.250000E+00 -1.829144E+02
9.260000E+00 -1.774697E+02
9.270000E+00 -1.800967E+02
9.280000E+00 -1.850244E+02
9.290000E+00 -1.803129E+02
9.300000E+00 -1.833874E+02
9.310000E+00 -1.809777E+02
9.320000E+00 -1.829684E+02
9.330000E+00 -1.726855E+02
9.340000E+00 -1.773828E+02
9.350000E+00 -1.824186E+02
9.360000E+00 -1.789567E+02
9.370000E+00 -1.861437E+02
9.380000E+00 -1.738793E+02
9.390000E+00 -1.777903E+02
9.400000E+00 -1.783327E+02
9.410000E+00 -1.757834E+02
9.420000E+00 -1.789727E+02
9.430000E+00 -1.794530E+02
9.440000E+00 -1.834391E+02
9.450000E+00 -1.723429E+02
9.460000E+00 -1.754645E+02
9.470000E+00 -1.793121E+02
9.480000E+00 -1.832488E+02
9.490000E+00 -1.795784E+02
9.500000E+00 -1.819827E+02
9.510000E+00 -1.885366E+02
9.520000E+00 -1.796341E+02
9.530000E+00 -1.780690E+02
9.540000E+00 -1.747373E+02
9.550000E+00 -1.827891E+02
9.560000E+00 -1.839054E+02
9.570000E+00 -1.809134E+02
9.580000E+00 -1.802434E+02
9.590000E+00 -1.788079E+02
9.600000E+00 -1.779509E+02
9.610000E+00 -1.810965E+02
9.620000E+00 -1.823531E+02
9.630000E+00 -1.755284E+02
9.640000E+00 -1.766549E+02
9.650000E+00 -1.759620E+02
9.660000E+00 -1.737421E+02
9.670000E+00 -1.759054E+02
9.680000E+00 -1.734581E+02
9.690000E+00 -1.751096E+02
9.700000E+00 -1.736626E+02
9.710000E+00 -1.754004E+02
9.720000E+00 -1.798837E+02
9.730000E+00 -1.779513E+02
9.740000E+00 -1.781015E+02
9.750000E+00 -1.825053E+02
9.760000E+00 -1.784374E+02
9.770000E+00 -1.802663E+02
9.780000E+00 -1.812220E+02
9.790000E+00 -1.832237E+02
9.800000E+00 -1.803577E+02
9.810000E+00 -1.734326E+02
9.820000E+00 -1.733939E+02
9.830000E+00 -1.747127E+02
9.840000E+00 -1.739175E+02
9.850000E+00 -1.750116E+02
9.860000E+00 -1.743633E+02
9.870000E+00 -1.809696E+02
9.880000E+00 -1.828630E+02
9.890000E+00 -1.804606E+02
9.900000E+00 -1.837156E+02
9.910000E+00 -1.859516E+02
9.920000E+00 -1.795454E+02
9.930000E+00 -1.825936E+02
9.940000E+00 -1.710047E+02
9.950000E+00 -1.803054E+02
9.960000E+00 -1.724109E+02
9.970000E+00 -1.794666E+02
9.980000E+00 -1.822303E+02
9.990000E+00 -1.810142E+02
1.000000E+01 -1.864537E+02
1.001000E+01 -1.851743E+02
1.002000E+01 -1.849183E+02
1.003000E+01 -1.810393E+02
1.004000E+01 -1.774961E+02
1.005000E+01 -1.773045E+02
1.006000E+01 -1.756171E+02
1.007000E+01 -1.729811E+02
1.008000E+01 -1.723754E+02
1.009000E+01 -1.757471E+02
1.010000E+01 -1.757977E+02
1.011000E+01 -1.810882E+02
1.012000E+01 -1.830729E+02
1.013000E+01 -1.812983E+02
1.014000E+01 -1.817057E+02
1.015000E+01 -1.814047E+02
1.016000E+01 -1.818512E+02
1.017000E+01 -1.894191E+02
1.018000E+01 -1.820155E+02
1.019000E+01 -1.823237E+02
1.020000E+01 -1.807989E+02
1.021000E+01 -1.812237E+02
1.022000E+01 -1.799698E+02
1.023000E+01 -1.766246E+02
1.024000E+01 -1.768721E+02
1.025000E+01 -1.799635E+02
1.026000E+01 -1.825252E+02
1.027000E+01 -1.783922E+02
1.028000E+01 -1.772688E+02
1.029000E+01 -1.775844E+02
1.030000E+01 -1.804897E+02
1.031000E+01 -1.820484E+02
1.032000E+01 -1.796459E+02
1.033000E+01 -1.794153E+02
1.034000E+01 -1.840982E+02
1.035000E+01 -1.839243E+02
1.036000E+01 -1.790724E+02
1.037000E+01 -1.823858E+02
1.038000E+01 -1.775291E+02
1.039000E+01 -1.829272E+02
1.040000E+01 -1.836106E+02
1.041000E+01 -1.847662E+02
1.042000E+01 -1.795487E+02
1.043000E+01 -1.837143E+02
1.044000E+01 -1.744786E+02
1.045000E+01 -1.711225E+02
1.046000E+01 -1.803345E+02
1.047000E+01 -1.748862E+02
1.048000E+01 -1.789977E+02
1.049000E+01 -1.813979E+02
1.050000E+01 -1.801391E+02
1.051000E+01 -1.829782E+02
1.052000E+01 -1.818253E+02
1.053000E+01 -1.846210E+02
1.054000E+01 -1.825211E+02
1.055000E+01 -1.808843E+02
1.056000E+01 -1.794880E+02
1.057000E+01 -1.802512E+02
1.058000E+01 -1.845357E+02
1.059000E+01 -1.837461E+02
1.060000E+01 -1.814815E+02
1.061000E+01 -1.805455E+02
1.062000E+01 -1.779152E+02
1.063000E+01 -1.721187E+02
1.064000E+01 -1.730445E+02
1.065000E+01 -1.744560E+02
1.066000E+01 -1.743053E+02
1.067000E+01 -1.820684E+02
1.068000E+01 -1.815881E+02
1.069000E+01 -1.833316E+02
1.070000E+01 -1.858021E+02
1.071000E+01 -1.809340E+02
1.072000E+01 -1.765258E+02
1.073000E+01 -1.762494E+02
1.074000E+01 -1.753419E+02
1.075000E+01 -1.812935E+02
1.076000E+01 -1.783221E+02
1.077000E+01 -1.804324E+02
1.078000E+01 -1.749686E+02
1.079000E+01 -1.786381E+02
1.080000E+01 -1.769599E+02
1.081000E+01 -1.788564E+02
1.082000E+01 -1.752003E+02
1.083000E+01 -1.784809E+02
1.084000E+01 -1.850344E+02
1.085000E+01 -1.792843E+02
1.086000E+01 -1.799056E+02
1.087000E+01 -1.750476E+02
1.088000E+01 -1.737599E+02
1.089000E+01 -1.768718E+02
1.090000E+01 -1.822949E+02
1.091000E+01 -1.851675E+02
1.092000E+01 -1.847022E+02
1.093000E+01 -1.875009E+02
1.094000E+01 -1.879349E+02
1.095000E+01 -1.800830E+02
1.096000E+01 -1.764907E+02
1.097000E+01 -1.802796E+02
1.098000E+01 -1.744334E+02
1.099000E+01 -1.759777E+02
1.100000E+01 -1.735730E+02
1.101000E+01 -1.766790E+02
1.102000E+01 -1.794767E+02
1.103000E+01 -1.828599E+02
1.104000E+01 -1.826252E+02
1.105000E+01 -1.851077E+02
1.106000E+01 -1.837322E+02
1.107000E+01 -1.803575E+02
1.108000E+01 -1.819338E+02
1.109000E+01 -1.769975E+02
1.110000E+01 -1.840237E+02
1.111000E+01 -1.785701E+02
1.112000E+01 -1.803424E+02
1.113000E+01 -1.749616E+02
1.114000E+01 -1.749329E+02
1.115000E+01 -1.796314E+02
1.116000E+01 -1.782137E+02
1.117000E+01 -1.809527E+02
1.118000E+01 -1.804197E+02
1.119000E+01 -1.772720E+02
1.120000E+01 -1.788271E+02
1.121000E+01 -1.764957E+02
1.122000E+01 -1.797306E+02
1.123000E+01 -1.764002E+02
1.124000E+01 -1.807033E+02
1.125000E+01 -1.791377E+02
1.126000E+01 -1.800910E+02
1.127000E+01 -1.846332E+02
1.128000E+01 -1.805519E+02
1.129000E+01 -1.852005E+02
1.130000E+01 -1.796098E+02
1.131000E+01 -1.828977E+02
1.132000E+01 -1.776350E+02
1.133000E+01 -1.749586E+02
1.134000E+01 -1.784397E+02
1.135000E+01 -1.784143E+02
1.136000E+01 -1.793104E+02
1.137000E+01 -1.773531E+02
1.138000E+01 -1.800361E+02
1.139000E+01 -1.802118E+02
1.140000E+01 -1.763016E+02
1.141000E+01 -1.783827E+02
1.142000E+01 -1.838831E+02
1.143000E+01 -1.797983E+02
1.144000E+01 -1.869567E+02
1.145000E+01 -1.887514E+02
1.146000E+01 -1.842351E+02
1.147000E+01 -1.775524E+02
1.148000E+01 -1.776554E+02
1.149000E+01 -1.811385E+02
1.150000E+01 -1.800035E+02
1.151000E+01 -1.778414E+02
1.152000E+01 -1.804804E+02
1.153000E+01 -1.823812E+02
1.154000E+01 -1.858786E+02
1.155000E+01 -1.803675E+02
1.156000E+01 -1.785728E+02
1.157000E+01 -1.812708E+02
1.158000E+01 -1.774309E+02
1.159000E+01 -1.727863E+02
1.160000E+01 -1.735870E+02
1.161000E+01 -1.768151E+02
1.162000E+01 -1.763227E+02
1.163000E+01 -1.820646E+02
1.164000E+01 -1.840975E+02
1.165000E+01 -1.825430E+02
1.166000E+01 -1.865699E+02
1.167000E+01 -1.806344E+02
1.168000E+01 -1.830946E+02
1.169000E+01 -1.813276E+02
1.170000E+01 -1.762374E+02
1.171000E+01 -1.809944E+02
1.172000E+01 -1.726593E+02
1.173000E+01 -1.758533E+02
1.174000E+01 -1.816132E+02
1.175000E+01 -1.769534E+02
1.176000E+01 -1.839760E+02
1.177000E+01 -1.846010E+02
1.178000E+01 -1.824742E+02
1.179000E+01 -1.773325E+02
1.180000E+01 -1.858970E+02
1.181000E+01 -1.812593E+02
1.182000E+01 -1.805380E+02
1.183000E+01 -1.804442E+02
1.184000E+01 -1.750137E+02
1.185000E+01 -1.821398E+02
1.186000E+01 -1.816523E+02
1.187000E+01 -1.814127E+02
1.188000E+01 -1.868575E+02
1.189000E+01 -1.811187E+02
1.190000E+01 -1.871308E+02
1.191000E+01 -1.869489E+02
1.192000E+01 -1.855154E+02
1.193000E+01 -1.778245E+02
1.194000E+01 -1.790691E+02
1.195000E+01 -1.745017E+02
1.196000E+01 -1.699044E+02
1.197000E+01 -1.743067E+02
1.198000E+01 -1.800922E+02
1.199000E+01 -1.804677E+02
1.200000E+01 -1.792288E+02
1.201000E+01 -1.820181E+02
1.202000E+01 -1.853414E+02
1.203000E+01 -1.826404E+02
1.204000E+01 -1.768191E+02
1.205000E+01 -1.755436E+02
1.206000E+01 -1.798427E+02
1.207000E+01 -1.813885E+02
1.208000E+01 -1.785707E+02
1.209000E+01 -1.756411E+02
1.210000E+01 -1.820705E+02
1.211000E+01 -1.843263E+02
1.212000E+01 -1.772914E+02
1.213000E+01 -1.762423E+02
1.214000E+01 -1.843237E+02
1.215000E+01 -1.757892E+02
1.216000E+01 -1.715311E+02
1.217000E+01 -1.733824E+02
1.218000E+01 -1.731659E+02
1.219000E+01 -1.746261E+02
1.220000E+01 -1.758539E+02
1.221000E+01 -1.786301E+02
1.222000E+01 -1.809283E+02
1.223000E+01 -1.801498E+02
1.224000E+01 -1.813507E+02
1.225000E+01 -1.845080E+02
1.226000E+01 -1.813752E+02
1.227000E+01 -1.763463E+02
1.228000E+01 -1.756572E+02
1.229000E+01 -1.810881E+02
1.230000E+01 -1.799426E+02
1.231000E+01 -1.811480E+02
1.232000E+01 -1.791023E+02
1.233000E+01 -1.887100E+02
1.234000E+01 -1.829343E+02
1.235000E+01 -1.790770E+02
1.236000E+01 -1.799890E+02
1.237000E+01 -1.754814E+02
1.238000E+01 -1.843526E+02
1.239000E+01 -1.813882E+02
1.240000E+01 -1.764526E+02
1.241000E+01 -1.834579E+02
1.242000E+01 -1.868607E+02
1.243000E+01 -1.822056E+02
1.244000E+01 -1.796832E+02
1.245000E+01 -1.817011E+02
1.246000E+01 -1.862301E+02
1.247000E+01 -1.821156E+02
1.248000E+01 -1.810265E+02
1.249000E+01 -1.830438E+02
1.250000E+01 -1.854777E+02
1.251000E+01 -1.850657E+02
1.252000E+01 -1.813591E+02
1.253000E+01 -1.816845E+02
1.254000E+01 -1.771013E+02
1.255000E+01 -1.762905E+02
1.256000E+01 -1.786667E+02
1.257000E+01 -1.752438E+02
1.258000E+01 -1.758208E+02
1.259000E+01 -1.798129E+02
1.260000E+01 -1.808552E+02
1.261000E+01 -1.818439E+02
1.262000E+01 -1.781960E+02
1.263000E+01 -1.803964E+02
1.264000E+01 -1.833341E+02
1.265000E+01 -1.856297E+02
1.266000E+01 -1.734994E+02
1.267000E+01 -1.730231E+02
1.268000E+01 -1.771048E+02
1.269000E+01 -1.794367E+02
1.270000E+01 -1.740346E+02
1.271000E+01 -1.755259E+02
1.272000E+01 -1.823532E+02
1.273000E+01 -1.842221E+02
1.274000E+01 -1.829705E+02
1.275000E+01 -1.806464E+02
1.276000E+01 -1.770677E+02
1.277000E+01 -1.800620E+02
1.278000E+01 -1.785991E+02
1.279000E+01 -1.756144E+02
1.280000E+01 -1.803639E+02
1.281000E+01 -1.871648E+02
1.282000E+01 -1.868916E+02
1.283000E+01 -1.843955E+02
1.284000E+01 -1.851755E+02
1.285000E+01 -1.844705E+02
1.286000E+01 -1.846937E+02
1.287000E+01 -1.821401E+02
1.288000E+01 -1.761742E+02
1.289000E+01 -1.748822E+02
1.290000E+01 -1.768648E+02
1.291000E+01 -1.795816E+02
1.292000E+01 -1.818118E+02
1.293000E+01 -1.771795E+02
1.294000E+01 -1.844744E+02
1.295000E+01 -1.882477E+02
1.296000E+01 -1.838882E+02
1.297000E+01 -1.846920E+02
1.298000E+01 -1.828741E+02
1.299000E+01 -1.822973E+02
1.300000E+01 -1.745707E+02
1.301000E+01 -1.748773E+02
1.302000E+01 -1.769154E+02
1.303000E+01 -1.796363E+02
1.304000E+01 -1.849660E+02
1.305000E+01 -1.861098E+02
1.306000E+01 -1.878774E+02
1.307000E+01 -1.846751E+02
1.308000E+01 -1.821714E+02
1.309000E+01 -1.714296E+02
1.310000E+01 -1.773556E+02
1.311000E+01 -1.682982E+02
1.312000E+01 -1.736133E+02
1.313000E+01 -1.772529E+02
1.314000E+01 -1.805846E+02
1.315000E+01 -1.834605E+02
1.316000E+01 -1.898647E+02
1.317000E+01 -1.836672E+02
1.318000E+01 -1.810757E+02
1.319000E+01 -1.802673E+02
1.320000E+01 -1.783629E+02
1.321000E+01 -1.748024E+02
1.322000E+01 -1.728893E+02
1.323000E+01 -1.790494E+02
1.324000E+01 -1.779369E+02
1.325000E+01 -1.784704E+02
1.326000E+01 -1.823777E+02
1.327000E+01 -1.826702E+02
1.328000E+01 -1.791978E+02
1.329000E+01 -1.778806E+02
1.330000E+01 -1.825086E+02
1.331000E+01 -1.751164E+02
1.332000E+01 -1.754847E+02
1.333000E+01 -1.761769E+02
1.334000E+01 -1.782549E+02
1.335000E+01 -1.801904E+02
1.336000E+01 -1.776152E+02
1.337000E+01 -1.839834E+02
1.338000E+01 -1.869369E+02
1.339000E+01 -1.847807E+02
1.340000E+01 -1.835659E+02
1.341000E+01 -1.799891E+02
1.342000E+01 -1.750788E+02
1.343000E+01 -1.760490E+02
1.344000E+01 -1.810653E+02
1.345000E+01 -1.843253E+02
1.346000E+01 -1.773481E+02
1.347000E+01 -1.776060E+02
1.348000E+01 -1.846281E+02
1.349000E+01 -1.843518E+02
1.350000E+01 -1.781069E+02
1.351000E+01 -1.820984E+02
1.352000E+01 -1.820276E+02
1.353000E+01 -1.769028E+02
1.354000E+01 -1.803418E+02
1.355000E+01 -1.751642E+02
1.356000E+01 -1.772920E+02
1.357000E+01 -1.809868E+02
1.358000E+01 -1.791089E+02
1.359000E+01 -1.815073E+02
1.360000E+01 -1.763639E+02
1.361000E+01 -1.805543E+02
1.362000E+01 -1.764419E+02
1.363000E+01 -1.801730E+02
1.364000E+01 -1.785757E+02
1.365000E+01 -1.710814E+02
1.366000E+01 -1.818626E+02
1.367000E+01 -1.739721E+02
1.368000E+01 -1.788924E+02
1.369000E+01 -1.803278E+02
1.370000E+01 -1.774891E+02
1.371000E+01 -1.876009E+02
1.372000E+01 -1.821434E+02
1.373000E+01 -1.825805E+02
1.374000E+01 -1.826498E+02
1.375000E+01 -1.808958E+02
1.376000E+01 -1.814959E+02
1.377000E+01 -1.764294E+02
1.378000E+01 -1.812252E+02
1.379000E+01 -1.791289E+02
1.380000E+01 -1.801547E+02
1.381000E+01 -1.822535E+02
1.382000E+01 -1.742423E+02
1.383000E+01 -1.863389E+02
1.384000E+01 -1.810737E+02
1.385000E+01 -1.776735E+02
1.386000E+01 -1.756563E+02
1.387000E+01 -1.820783E+02
1.388000E+01 -1.812637E+02
1.389000E+01 -1.772562E+02
1.390000E+01 -1.762629E+02
1.391000E+01 -1.842627E+02
1.392000E+01 -1.858756E+02
1.393000E+01 -1.806082E+02
1.394000E+01 -1.833595E+02
1.395000E+01 -1.739951E+02
1.396000E+01 -1.788422E+02
1.397000E+01 -1.830941E+02
1.398000E+01 -1.796652E+02
1.399000E+01 -1.800861E+02
1.400000E+01 -1.820646E+02
1.401000E+01 -1.805565E+02
1.402000E+01 -1.766366E+02
1.403000E+01 -1.812159E+02
1.404000E+01 -1.835873E+02
1.405000E+01 -1.816973E+02
1.406000E+01 -1.772516E+02
1.407000E+01 -1.858625E+02
1.408000E+01 -1.824897E+02
1.409000E+01 -1.810658E+02
1.410000E+01 -1.782095E+02
1.411000E+01 -1.771932E+02
1.412000E+01 -1.792742E+02
1.413000E+01 -1.829223E+02
1.414000E+01 -1.818605E+02
1.415000E+01 -1.766203E+02
1.416000E+01 -1.732571E+02
1.417000E+01 -1.787057E+02
1.418000E+01 -1.795358E+02
1.419000E+01 -1.741855E+02
1.420000E+01 -1.733078E+02
1.421000E+01 -1.816464E+02
1.422000E+01 -1.771130E+02
1.423000E+01 -1.810622E+02
1.424000E+01 -1.857040E+02
1.425000E+01 -1.830195E+02
1.426000E+01 -1.856828E+02
1.427000E+01 -1.804639E+02
1.428000E+01 -1.854550E+02
1.429000E+01 -1.831561E+02
1.430000E+01 -1.787144E+02
1.431000E+01 -1.818753E+02
1.432000E+01 -1.791804E+02
1.433000E+01 -1.853436E+02
1.434000E+01 -1.870256E+02
1.435000E+01 -1.769777E+02
1.436000E+01 -1.808023E+02
1.437000E+01 -1.814344E+02
1.438000E+01 -1.812182E+02
1.439000E+01 -1.801638E+02
1.440000E+01 -1.738863E+02
1.441000E+01 -1.823073E+02
1.442000E+01 -1.782723E+02
1.443000E+01 -1.774350E+02
1.444000E+01 -1.830227E+02
1.445000E+01 -1.738033E+02
1.446000E+01 -1.888197E+02
1.447000E+01 -1.801474E+02
1.448000E+01 -1.836450E+02
1.449000E+01 -1.811695E+02
1.450000E+01 -1.755896E+02
1.451000E+01 -1.790318E+02
1.452000E+01 -1.768456E+02
1.453000E+01 -1.711111E+02
1.454000E+01 -1.759737E+02
1.455000E+01 -1.751890E+02
1.456000E+01 -1.762294E+02
1.457000E+01 -1.779356E+02
1.458000E+01 -1.715288E+02
1.459000E+01 -1.798028E+02
1.460000E+01 -1.816965E+02
1.461000E+01 -1.817813E+02
1.462000E+01 -1.815054E+02
1.463000E+01 -1.817004E+02
1.464000E+01 -1.824534E+02
1.465000E+01 -1.787044E+02
1.466000E+01 -1.787570E+02
1.467000E+01 -1.812843E+02
1.468000E+01 -1.796976E+02
1.469000E+01 -1.824687E+02
1.470000E+01 -1.792498E+02
1.471000E+01 -1.787200E+02
1.472000E+01 -1.761396E+02
1.473000E+01 -1.738895E+02
1.474000E+01 -1.800367E+02
1.475000E+01 -1.754870E+02
1.476000E+01 -1.769449E+02
1.477000E+01 -1.876082E+02
1.478000E+01 -1.844611E+02
1.479000E+01 -1.819923E+02
1.480000E+01 -1.840273E+02
1.481000E+01 -1.835374E+02
1.482000E+01 -1.834690E+02
1.483000E+01 -1.800546E+02
1.484000E+01 -1.820007E+02
1.485000E+01 -1.866601E+02
1.486000E+01 -1.818116E+02
1.487000E+01 -1.802917E+02
1.488000E+01 -1.786856E+02
1.489000E+01 -1.802787E+02
1.490000E+01 -1.780534E+02
1.491000E+01 -1.741209E+02
1.492000E+01 -1.787352E+02
1.493000E+01 -1.808252E+02
1.494000E+01 -1.808412E+02
1.495000E+01 -1.779083E+02
1.496000E+01 -1.788956E+02
1.497000E+01 -1.881047E+02
1.498000E+01 -1.820894E+02
1.499000E+01 -1.792336E+02
1.500000E+01 -1.772823E+02
1.501000E+01 -1.806049E+02
1.502000E+01 -1.786608E+02
1.503000E+01 -1.812989E+02
1.504000E+01 -1.812592E+02
1.505000E+01 -1.820594E+02
1.506000E+01 -1.793478E+02
1.507000E+01 -1.799984E+02
1.508000E+01 -1.803863E+02
1.509000E+01 -1.744298E+02
1.510000E+01 -1.738426E+02
1.511000E+01 -1.762982E+02
1.512000E+01 -1.740702E+02
1.513000E+01 -1.720846E+02
1.514000E+01 -1.700758E+02
1.515000E+01 -1.690384E+02
1.516000E+01 -1.782561E+02
1.517000E+01 -1.726312E+02
1.518000E+01 -1.801764E+02
1.519000E+01 -1.809989E+02
1.520000E+01 -1.809729E+02
1.521000E+01 -1.829288E+02
1.522000E+01 -1.820671E+02
1.523000E+01 -1.900759E+02
1.524000E+01 -1.835422E+02
1.525000E+01 -1.840616E+02
1.526000E+01 -1.780150E+02
1.527000E+01 -1.776276E+02
1.528000E+01 -1.782703E+02
1.529000E+01 -1.804876E+02
1.530000E+01 -1.748813E+02
1.531000E+01 -1.760279E+02
1.532000E+01 -1.844709E+02
1.533000E+01 -1.786815E+02
1.534000E+01 -1.837476E+02
1.535000E+01 -1.791662E+02
1.536000E+01 -1.807288E+02
1.537000E+01 -1.866562E+02
1.538000E+01 -1.794820E+02
1.539000E+01 -1.816036E+02
1.540000E+01 -1.803164E+02
1.541000E+01 -1.809021E+02
1.542000E+01 -1.804757E+02
1.543000E+01 -1.745926E+02
1.544000E+01 -1.790079E+02
1.545000E+01 -1.858778E+02
1.546000E+01 -1.795284E+02
1.547000E+01 -1.820231E+02
1.548000E+01 -1.789096E+02
1.549000E+01 -1.853877E+02
1.550000E+01 -1.781430E+02
1.551000E+01 -1.736120E+02
1.552000E+01 -1.779321E+02
1.553000E+01 -1.756118E+02
1.554000E+01 -1.753974E+02
1.555000E+01 -1.810927E+02
1.556000E+01 -1.813055E+02
1.557000E+01 -1.856363E+02
1.558000E+01 -1.831368E+02
1.559000E+01 -1.754105E+02
1.560000E+01 -1.806248E+02
1.561000E+01 -1.828716E+02
1.562000E+01 -1.717053E+02
1.563000E+01 -1.770245E+02
1.564000E+01 -1.818391E+02
1.565000E+01 -1.770207E+02
1.566000E+01 -1.788810E+02
1.567000E+01 -1.742779E+02
1.568000E+01 -1.816542E+02
1.569000E+01 -1.780317E+02
1.570000E+01 -1.842415E+02
1.571000E+01 -1.797450E+02
1.572000E+01 -1.796388E+02
1.573000E+01 -1.815009E+02
1.574000E+01 -1.768808E+02
1.575000E+01 -1.876945E+02
1.576000E+01 -1.768960E+02
1.577000E+01 -1.806320E+02
1.578000E+01 -1.769652E+02
1.579000E+01 -1.811258E+02
1.580000E+01 -1.774556E+02
1.581000E+01 -1.777429E+02
1.582000E+01 -1.835861E+02
1.583000E+01 -1.873605E+02
1.584000E+01 -1.840013E+02
1.585000E+01 -1.808658E+02
1.586000E+01 -1.824680E+02
1.587000E+01 -1.719236E+02
1.588000E+01 -1.833869E+02
1.589000E+01 -1.756194E+02
1.590000E+01 -1.786258E+02
1.591000E+01 -1.764785E+02
1.592000E+01 -1.729012E+02
1.593000E+01 -1.770078E+02
1.594000E+01 -1.793872E+02
1.595000E+01 -1.812142E+02
1.596000E+01 -1.801880E+02
1.597000E+01 -1.842184E+02
1.598000E+01 -1.802002E+02
1.599000E+01 -1.752062E+02
1.600000E+01 -1.695862E+02
1.601000E+01 -1.778187E+02
1.602000E+01 -1.793254E+02
1.603000E+01 -1.830986E+02
1.604000E+01 -1.793281E+02
1.605000E+01 -1.811406E+02
1.606000E+01 -1.844895E+02
1.607000E+01 -1.759728E+02
1.608000E+01 -1.786508E+02
1.609000E+01 -1.846886E+02
1.610000E+01 -1.744627E+02
1.611000E+01 -1.750380E+02
1.612000E+01 -1.855938E+02
1.613000E+01 -1.710454E+02
1.614000E+01 -1.753205E+02
1.615000E+01 -1.849328E+02
1.616000E+01 -1.787356E+02
1.617000E+01 -1.875413E+02
1.618000E+01 -1.847667E+02
1.619000E+01 -1.815223E+02
1.620000E+01 -1.815784E+02
1.621000E+01 -1.753891E+02
1.622000E+01 -1.751496E+02
1.623000E+01 -1.807342E+02
1.624000E+01 -1.826950E+02
1.625000E+01 -1.794601E+02
1.626000E+01 -1.825175E+02
1.627000E+01 -1.818846E+02
1.628000E+01 -1.827395E+02
1.629000E+01 -1.744075E+02
1.630000E+01 -1.895969E+02
1.631000E+01 -1.793003E+02
1.632000E+01 -1.781103E+02
1.633000E+01 -1.774938E+02
1.634000E+01 -1.760801E+02
1.635000E+01 -1.820825E+02
1.636000E+01 -1.786823E+02
1.637000E+01 -1.770334E+02
1.638000E+01 -1.851605E+02
1.639000E+01 -1.774056E+02
1.640000E+01 -1.778642E+02
1.641000E+01 -1.792509E+02
1.642000E+01 -1.834323E+02
1.643000E+01 -1.796850E+02
1.644000E+01 -1.789172E+02
1.645000E+01 -1.768754E+02
1.646000E+01 -1.791889E+02
1.647000E+01 -1.782705E+02
1.648000E+01 -1.750414E+02
1.649000E+01 -1.776760E+02
1.650000E+01 -1.773552E+02
1.651000E+01 -1.800933E+02
1.652000E+01 -1.758688E+02
1.653000E+01 -1.776196E+02
1.654000E+01 -1.808052E+02
1.655000E+01 -1.824574E+02
1.656000E+01 -1.853264E+02
1.657000E+01 -1.750914E+02
1.658000E+01 -1.717853E+02
1.659000E+01 -1.778322E+02
1.660000E+01 -1.781476E+02
1.661000E+01 -1.847774E+02
1.662000E+01 -1.853666E+02
1.663000E+01 -1.844238E+02
1.664000E+01 -1.817399E+02
1.665000E+01 -1.819531E+02
1.666000E+01 -1.771903E+02
1.667000E+01 -1.752484E+02
1.668000E+01 -1.763748E+02
1.669000E+01 -1.809781E+02
1.670000E+01 -1.777877E+02
1.671000E+01 -1.777067E+02
1.672000E+01 -1.837694E+02
1.673000E+01 -1.897772E+02
1.674000E+01 -1.821829E+02
1.675000E+01 -1.858884E+02
1.676000E+01 -1.842508E+02
1.677000E+01 -1.790682E+02
1.678000E+01 -1.800751E+02
1.679000E+01 -1.809416E+02
1.680000E+01 -1.707835E+02
1.681000E+01 -1.807850E+02
1.682000E+01 -1.752973E+02
1.683000E+01 -1.749661E+02
1.684000E+01 -1.818914E+02
1.685000E+01 -1.740757E+02
1.686000E+01 -1.863419E+02
1.687000E+01 -1.796448E+02
1.688000E+01 -1.794105E+02
1.689000E+01 -1.811272E+02
1.690000E+01 -1.783389E+02
1.691000E+01 -1.794594E+02
1.692000E+01 -1.745509E+02
1.693000E+01 -1.751704E+02
1.694000E+01 -1.783427E+02
1.695000E+01 -1.804198E+02
1.696000E+01 -1.848323E+02
1.697000E+01 -1.843840E+02
1.698000E+01 -1.888497E+02
1.699000E+01 -1.861849E+02
1.700000E+01 -1.843861E+02
1.701000E+01 -1.778046E+02
1.702000E+01 -1.809903E+02
1.703000E+01 -1.740127E+02
1.704000E+01 -1.723551E+02
1.705000E+01 -1.711102E+02
1.706000E+01 -1.746658E+02
1.707000E+01 -1.726564E+02
1.708000E+01 -1.769093E+02
1.709000E+01 -1.809615E+02
1.710000E+01 -1.839914E+02
1.711000E+01 -1.828542E+02
1.712000E+01 -1.839797E+02
1.713000E+01 -1.851009E+02
1.714000E+01 -1.799448E+02
1.715000E+01 -1.782053E+02
1.716000E+01 -1.775685E+02
1.717000E+01 -1.798245E+02
1.718000E+01 -1.845248E+02
1.719000E+01 -1.776575E+02
1.720000E+01 -1.823636E+02
1.721000E+01 -1.758378E+02
1.722000E+01 -1.771837E+02
1.723000E+01 -1.778592E+02
1.724000E+01 -1.765064E+02
1.725000E+01 -1.780766E+02
1.726000E+01 -1.780052E+02
1.727000E+01 -1.773498E+02
1.728000E+01 -1.797084E+02
1.729000E+01 -1.818650E+02
1.730000E+01 -1.758866E+02
1.731000E+01 -1.789902E+02
1.732000E+01 -1.788444E+02
1.733000E+01 -1.778327E+02
1.734000E+01 -1.795302E+02
1.735000E+01 -1.785482E+02
1.736000E+01 -1.803239E+02
1.737000E+01 -1.832923E+02
1.738000E+01 -1.786173E+02
1.739000E+01 -1.817324E+02
1.740000E+01 -1.791964E+02
1.741000E+01 -1.790800E+02
1.742000E+01 -1.783730E+02
1.743000E+01 -1.797494E+02
1.744000E+01 -1.766867E+02
1.745000E+01 -1.777640E+02
1.746000E+01 -1.796674E+02
1.747000E+01 -1.764355E+02
1.748000E+01 -1.777042E+02
1.749000E+01 -1.843268E+02
1.750000E+01 -1.858034E+02
1.751000E+01 -1.871290E+02
1.752000E+01 -1.872124E+02
1.753000E+01 -1.799778E+02
1.754000E+01 -1.801033E+02
1.755000E+01 -1.815617E+02
1.756000E+01 -1.789269E+02
1.757000E+01 -1.799385E+02
1.758000E+01 -1.818018E+02
1.759000E+01 -1.807646E+02
1.760000E+01 -1.765289E+02
1.761000E+01 -1.791272E+02
1.762000E+01 -1.807282E+02
1.763000E+01 -1.827349E+02
1.764000E+01 -1.801932E+02
1.765000E+01 -1.759675E+02
1.766000E+01 -1.778399E+02
1.767000E+01 -1.799904E+02
1.768000E+01 -1.828883E+02
1.769000E+01 -1.795731E+02
1.770000E+01 -1.812587E+02
1.771000E+01 -1.800052E+02
1.772000E+01 -1.793692E+02
1.773000E+01 -1.767521E+02
1.774000E+01 -1.796650E+02
1.775000E+01 -1.833831E+02
1.776000E+01 -1.817602E+02
1.777000E+01 -1.770736E+02
1.778000E+01 -1.766780E+02
1.779000E+01 -1.805645E+02
1.780000E+01 -1.861058E+02
1.781000E+01 -1.818342E+02
1.782000E+01 -1.772441E+02
1.783000E+01 -1.759007E+02
1.784000E+01 -1.766704E+02
1.785000E+01 -1.730575E+02
1.786000E+01 -1.705706E+02
1.787000E+01 -1.757910E+02
1.788000E+01 -1.791997E+02
1.789000E+01 -1.812878E+02
1.790000E+01 -1.862244E+02
1.791000E+01 -1.869586E+02
1.792000E+01 -1.872480E+02
1.793000E+01 -1.780646E+02
1.794000E+01 -1.745590E+02
1.795000E+01 -1.769856E+02
1.796000E+01 -1.802714E+02
1.797000E+01 -1.799871E+02
1.798000E+01 -1.819971E+02
1.799000E+01 -1.851522E+02
1.800000E+01 -1.847959E+02
1.801000E+01 -1.805031E+02
1.802000E+01 -1.794859E+02
1.803000E+01 -1.817776E+02
1.804000E+01 -1.840596E+02
1.805000E+01 -1.845463E+02
1.806000E+01 -1.816762E+02
1.807000E+01 -1.794125E+02
1.808000E+01 -1.781418E+02
1.809000E+01 -1.806729E+02
1.810000E+01 -1.785754E+02
1.811000E+01 -1.769708E+02
1.812000E+01 -1.797632E+02
1.813000E+01 -1.778355E+02
1.814000E+01 -1.839358E+02
1.815000E+01 -1.852067E+02
1.816000E+01 -1.860492E+02
1.817000E+01 -1.801688E+02
1.818000E+01 -1.790542E+02
1.819000E+01 -1.736856E+02
1.820000E+01 -1.768932E+02
1.821000E+01 -1.782569E+02
1.822000E+01 -1.710968E+02
1.823000E+01 -1.742730E+02
1.824000E+01 -1.803020E+02
1.825000E+01 -1.830087E+02
1.826000E+01 -1.827581E+02
1.827000E+01 -1.826347E+02
1.828000E+01 -1.793521E+02
1.829000E+01 -1.794144E+02
1.830000E+01 -1.737734E+02
1.831000E+01 -1.700962E+02
1.832000E+01 -1.753195E+02
1.833000E+01 -1.799006E+02
1.834000E+01 -1.798804E+02
1.835000E+01 -1.848671E+02
1.836000E+01 -1.803944E+02
1.837000E+01 -1.842020E+02
1.838000E+01 -1.793916E+02
1.839000E+01 -1.751567E+02
1.840000E+01 -1.792546E+02
1.841000E+01 -1.798314E+02
1.842000E+01 -1.789973E+02
1.843000E+01 -1.753191E+02
1.844000E+01 -1.823028E+02
1.845000E+01 -1.816443E+02
1.846000E+01 -1.787699E+02
1.847000E+01 -1.778003E+02
1.848000E+01 -1.806094E+02
1.849000E+01 -1.819509E+02
1.850000E+01 -1.788419E+02
1.851000E+01 -1.796610E+02
1.852000E+01 -1.763344E+02
1.853000E+01 -1.725274E+02
1.854000E+01 -1.765899E+02
1.855000E+01 -1.765628E+02
1.856000E+01 -1.783720E+02
1.857000E+01 -1.714638E+02
1.858000E+01 -1.798001E+02
1.859000E+01 -1.800191E+02
1.860000E+01 -1.801990E+02
1.861000E+01 -1.833375E+02
1.862000E+01 -1.809514E+02
1.863000E+01 -1.788665E+02
1.864000E+01 -1.828553E+02
1.865000E+01 -1.817684E+02
1.866000E+01 -1.784513E+02
1.867000E+01 -1.753808E+02
1.868000E+01 -1.783632E+02
1.869000E+01 -1.769393E+02
1.870000E+01 -1.839035E+02
1.871000E+01 -1.803528E+02
1.872000E+01 -1.823475E+02
1.873000E+01 -1.861830E+02
1.874000E+01 -1.792348E+02
1.875000E+01 -1.803840E+02
1.876000E+01 -1.809378E+02
1.877000E+01 -1.800988E+02
1.878000E+01 -1.870393E+02
1.879000E+01 -1.807586E+02
1.880000E+01 -1.835366E+02
1.881000E+01 -1.790161E+02
1.882000E+01 -1.777350E+02
1.883000E+01 -1.816714E+02
1.884000E+01 -1.816566E+02
1.885000E+01 -1.810178E+02
1.886000E+01 -1.791119E+02
1.887000E+01 -1.842100E+02
1.888000E+01 -1.831295E+02
1.889000E+01 -1.815215E+02
1.890000E+01 -1.796451E+02
1.891000E+01 -1.793363E+02
1.892000E+01 -1.823533E+02
1.893000E+01 -1.793398E+02
1.894000E+01 -1.818162E+02
1.895000E+01 -1.819502E+02
1.896000E+01 -1.833641E+02
1.897000E+01 -1.853282E+02
1.898000E+01 -1.857028E+02
1.899000E+01 -1.848722E+02
1.900000E+01 -1.769321E+02
1.901000E+01 -1.819456E+02
1.902000E+01 -1.769382E+02
1.903000E+01 -1.784865E+02
1.904000E+01 -1.784193E+02
1.905000E+01 -1.813053E+02
1.906000E+01 -1.825546E+02
1.907000E+01 -1.819052E+02
1.908000E+01 -1.857473E+02
1.909000E+01 -1.796802E+02
1.910000E+01 -1.839496E+02
1.911000E+01 -1.838345E+02
1.912000E+01 -1.770594E+02
1.913000E+01 -1.823810E+02
1.914000E+01 -1.806943E+02
1.915000E+01 -1.840571E+02
1.916000E+01 -1.803594E+02
1.917000E+01 -1.827231E+02
1.918000E+01 -1.820688E+02
1.919000E+01 -1.788423E+02
1.920000E+01 -1.801338E+02
1.921000E+01 -1.770020E+02
1.922000E+01 -1.791796E+02
1.923000E+01 -1.805544E+02
1.924000E+01 -1.777876E+02
1.925000E+01 -1.814450E+02
1.926000E+01 -1.837997E+02
1.927000E+01 -1.835796E+02
1.928000E+01 -1.837300E+02
1.929000E+01 -1.765138E+02
1.930000E+01 -1.807991E+02
1.931000E+01 -1.798256E+02
1.932000E+01 -1.764425E+02
1.933000E+01 -1.867654E+02
1.934000E+01 -1.833458E+02
1.935000E+01 -1.801614E+02
1.936000E+01 -1.817267E+02
1.937000E+01 -1.792521E+02
1.938000E+01 -1.763697E+02
1.939000E+01 -1.787447E+02
1.940000E+01 -1.801889E+02
1.941000E+01 -1.821915E+02
1.942000E+01 -1.784942E+02
1.943000E+01 -1.810690E+02
1.944000E+01 -1.854979E+02
1.945000E+01 -1.826301E+02
1.946000E+01 -1.821327E+02
1.947000E+01 -1.848758E+02
1.948000E+01 -1.777460E+02
1.949000E+01 -1.772438E+02
1.950000E+01 -1.773674E+02
1.951000E+01 -1.794703E+02
1.952000E+01 -1.715283E+02
1.953000E+01 -1.818932E+02
1.954000E+01 -1.828485E+02
1.955000E+01 -1.739546E+02
1.956000E+01 -1.771711E+02
1.957000E+01 -1.821412E+02
1.958000E+01 -1.761692E+02
1.959000E+01 -1.752332E+02
1.960000E+01 -1.774921E+02
1.961000E+01 -1.762628E+02
1.962000E+01 -1.807615E+02
1.963000E+01 -1.784868E+02
1.964000E+01 -1.691679E+02
1.965000E+01 -1.826451E+02
1.966000E+01 -1.818185E+02
1.967000E+01 -1.784538E+02
1.968000E+01 -1.829111E+02
1.969000E+01 -1.799203E+02
1.970000E+01 -1.767270E+02
1.971000E+01 -1.744769E+02
1.972000E+01 -1.780064E+02
1.973000E+01 -1.745967E+02
1.974000E+01 -1.784693E+02
1.975000E+01 -1.738982E+02
1.976000E+01 -1.841954E+02
1.977000E+01 -1.823456E+02
1.978000E+01 -1.826952E+02
1.979000E+01 -1.806949E+02
1.980000E+01 -1.844682E+02
1.981000E+01 -1.843223E+02
1.982000E+01 -1.855402E+02
1.983000E+01 -1.811666E+02
1.984000E+01 -1.817849E+02
1.985000E+01 -1.872882E+02
1.986000E+01 -1.819773E+02
1.987000E+01 -1.832908E+02
1.988000E+01 -1.854065E+02
1.989000E+01 -1.858720E+02
1.990000E+01 -1.782862E+02
1.991000E+01 -1.792067E+02
1.992000E+01 -1.820041E+02
1.993000E+01 -1.866894E+02
1.994000E+01 -1.827149E+02
1.995000E+01 -1.794544E+02
1.996000E+01 -1.750710E+02
1.997000E+01 -1.807889E+02
1.998000E+01 -1.766038E+02
1.999000E+01 -1.760138E+02
2.000000E+01 -1.764270E+02
