1.000000E-02 1.429312E+02
2.000000E-02 1.498844E+02
3.000000E-02 1.411139E+02
4.000000E-02 1.240903E+02
5.000000E-02 1.247862E+02
6.000000E-02 1.213341E+02
7.000000E-02 1.556077E+02
8.000000E-02 1.311315E+02
9.000000E-02 1.570623E+02
1.000000E-01 1.926717E+02
1.100000E-01 1.965288E+02
1.200000E-01 1.798190E+02
1.300000E-01 1.300057E+02
1.400000E-01 1.233564E+02
1.500000E-01 1.482344E+02
1.600000E-01 1.280315E+02
1.700000E-01 1.512033E+02
1.800000E-01 1.281508E+02
1.900000E-01 1.145106E+02
2.000000E-01 1.654693E+02
2.100000E-01 1.735462E+02
2.200000E-01 1.566606E+02
2.300000E-01 1.535224E+02
2.400000E-01 1.812318E+02
2.500000E-01 1.945040E+02
2.600000E-01 1.658639E+02
2.700000E-01 1.305775E+02
2.800000E-01 1.695410E+02
2.900000E-01 1.512868E+02
3.000000E-01 1.940040E+02
3.100000E-01 1.925307E+02
3.200000E-01 1.676749E+02
3.300000E-01 1.318088E+02
3.400000E-01 1.529740E+02
3.500000E-01 1.461200E+02
3.600000E-01 1.156923E+02
3.700000E-01 1.221187E+02
3.800000E-01 1.474791E+02
3.900000E-01 1.467176E+02
4.000000E-01 1.211796E+02
4.100000E-01 1.362331E+02
4.200000E-01 1.624616E+02
4.300000E-01 1.592341E+02
4.400000E-01 1.513607E+02
4.500000E-01 1.762595E+02
4.600000E-01 2.194435E+02
4.700000E-01 2.105863E+02
4.800000E-01 1.942543E+02
4.900000E-01 2.118040E+02
5.000000E-01 1.977088E+02
5.100000E-01 2.005675E+02
5.200000E-01 1.997699E+02
5.300000E-01 2.016022E+02
5.400000E-01 1.992850E+02
5.500000E-01 1.968322E+02
5.600000E-01 1.595481E+02
5.700000E-01 1.276023E+02
5.800000E-01 1.341131E+02
5.900000E-01 1.387784E+02
6.000000E-01 1.207062E+02
6.100000E-01 1.370839E+02
6.200000E-01 1.401616E+02
6.300000E-01 1.355895E+02
6.400000E-01 1.952821E+02
6.500000E-01 1.361950E+02
6.600000E-01 1.578637E+02
6.700000E-01 1.433677E+02
6.800000E-01 1.908139E+02
6.900000E-01 1.332033E+02
7.000000E-01 1.083474E+02
7.100000E-01 1.245894E+02
7.200000E-01 1.701517E+02
7.300000E-01 2.060339E+02
7.400000E-01 1.349691E+02
7.500000E-01 8.390650E+01
7.600000E-01 8.916640E+01
7.700000E-01 1.376610E+02
7.800000E-01 1.262139E+02
7.900000E-01 1.089117E+02
8.000000E-01 1.548200E+02
8.100000E-01 2.013303E+02
8.200000E-01 1.479961E+02
8.300000E-01 1.487497E+02
8.400000E-01 1.923985E+02
8.500000E-01 1.662624E+02
8.600000E-01 1.609317E+02
8.700000E-01 1.221964E+02
8.800000E-01 1.890560E+02
8.900000E-01 1.766000E+02
9.000000E-01 1.402243E+02
9.100000E-01 1.297336E+02
9.200000E-01 1.706480E+02
9.300000E-01 1.564513E+02
9.400000E-01 9.952509E+01
9.500000E-01 9.723089E+01
9.600000E-01 1.363046E+02
9.700000E-01 1.664342E+02
9.800000E-01 1.653257E+02
9.900000E-01 1.344104E+02
1.000000E+00 1.630546E+02
1.010000E+00 2.100963E+02
1.020000E+00 1.560116E+02
1.030000E+00 1.009741E+02
1.040000E+00 1.262284E+02
1.050000E+00 1.984390E+02
1.060000E+00 1.821541E+02
1.070000E+00 1.433915E+02
1.080000E+00 1.769292E+02
1.090000E+00 2.099456E+02
1.100000E+00 1.727506E+02
1.110000E+00 1.676558E+02
1.120000E+00 1.844334E+02
1.130000E+00 1.788442E+02
1.140000E+00 1.165883E+02
1.150000E+00 6.262099E+01
1.160000E+00 1.017885E+02
1.170000E+00 1.301756E+02
1.180000E+00 1.235665E+02
1.190000E+00 1.314456E+02
1.200000E+00 1.564780E+02
1.210000E+00 2.083081E+02
1.220000E+00 1.984530E+02
1.230000E+00 1.913025E+02
1.240000E+00 1.907206E+02
1.250000E+00 2.143496E+02
1.260000E+00 1.733317E+02
1.270000E+00 1.397041E+02
1.280000E+00 1.316927E+02
1.290000E+00 1.660214E+02
1.300000E+00 1.934830E+02
1.310000E+00 1.798299E+02
1.320000E+00 1.927633E+02
1.330000E+00 1.982248E+02
1.340000E+00 1.591383E+02
1.350000E+00 1.373229E+02
1.360000E+00 1.381365E+02
1.370000E+00 1.365841E+02
1.380000E+00 1.277982E+02
1.390000E+00 1.225484E+02
1.400000E+00 1.159325E+02
1.410000E+00 1.399532E+02
1.420000E+00 1.778187E+02
1.430000E+00 1.543211E+02
1.440000E+00 1.566064E+02
1.450000E+00 1.678619E+02
1.460000E+00 1.881868E+02
1.470000E+00 1.795263E+02
1.480000E+00 1.335657E+02
1.490000E+00 1.459207E+02
1.500000E+00 1.611131E+02
1.510000E+00 1.532860E+02
1.520000E+00 1.555895E+02
1.530000E+00 1.475443E+02
1.540000E+00 1.693610E+02
1.550000E+00 1.609351E+02
1.560000E+00 1.416085E+02
1.570000E+00 1.402118E+02
1.580000E+00 1.233570E+02
1.590000E+00 1.529011E+02
1.600000E+00 1.436784E+02
1.610000E+00 1.435102E+02
1.620000E+00 1.740853E+02
1.630000E+00 1.953032E+02
1.640000E+00 1.878173E+02
1.650000E+00 1.927255E+02
1.660000E+00 1.794857E+02
1.670000E+00 1.565559E+02
1.680000E+00 1.646640E+02
1.690000E+00 1.701492E+02
1.700000E+00 1.692187E+02
1.710000E+00 1.472277E+02
1.720000E+00 1.611430E+02
1.730000E+00 1.523911E+02
1.740000E+00 1.442615E+02
1.750000E+00 1.457091E+02
1.760000E+00 1.365716E+02
1.770000E+00 1.275245E+02
1.780000E+00 1.447712E+02
1.790000E+00 1.104788E+02
1.800000E+00 1.496350E+02
1.810000E+00 1.392619E+02
1.820000E+00 1.291336E+02
1.830000E+00 1.534598E+02
1.840000E+00 1.469227E+02
1.850000E+00 1.310418E+02
1.860000E+00 1.230181E+02
1.870000E+00 1.334136E+02
1.880000E+00 1.689992E+02
1.890000E+00 1.457750E+02
1.900000E+00 1.178267E+02
1.910000E+00 1.741746E+02
1.920000E+00 1.303436E+02
1.930000E+00 1.481889E+02
1.940000E+00 1.071170E+02
1.950000E+00 1.570844E+02
1.960000E+00 1.663552E+02
1.970000E+00 1.232598E+02
1.980000E+00 1.929657E+02
1.990000E+00 1.750977E+02
2.000000E+00 2.035140E+02
2.010000E+00 1.915748E+02
2.020000E+00 1.486400E+02
2.030000E+00 1.744309E+02
2.040000E+00 1.672160E+02
2.050000E+00 1.803033E+02
2.060000E+00 1.420898E+02
2.070000E+00 1.974479E+02
2.080000E+00 1.430937E+02
2.090000E+00 1.561276E+02
2.100000E+00 1.685260E+02
2.110000E+00 1.697096E+02
2.120000E+00 1.782793E+02
2.130000E+00 1.587887E+02
2.140000E+00 1.504201E+02
2.150000E+00 1.540470E+02
2.160000E+00 1.552462E+02
2.170000E+00 1.690431E+02
2.180000E+00 1.651123E+02
2.190000E+00 1.790735E+02
2.200000E+00 1.772967E+02
2.210000E+00 1.699962E+02
2.220000E+00 1.855424E+02
2.230000E+00 1.724576E+02
2.240000E+00 1.633047E+02
2.250000E+00 1.626480E+02
2.260000E+00 1.926084E+02
2.270000E+00 2.047150E+02
2.280000E+00 1.554364E+02
2.290000E+00 1.323442E+02
2.300000E+00 1.645549E+02
2.310000E+00 1.935439E+02
2.320000E+00 1.699416E+02
2.330000E+00 1.703232E+02
2.340000E+00 1.486878E+02
2.350000E+00 1.465253E+02
2.360000E+00 1.257245E+02
2.370000E+00 1.484376E+02
2.380000E+00 1.251690E+02
2.390000E+00 1.403966E+02
2.400000E+00 1.500135E+02
2.410000E+00 1.771270E+02
2.420000E+00 1.541797E+02
2.430000E+00 1.282957E+02
2.440000E+00 1.374348E+02
2.450000E+00 1.261448E+02
2.460000E+00 1.709430E+02
2.470000E+00 1.956825E+02
2.480000E+00 1.646047E+02
2.490000E+00 1.428798E+02
2.500000E+00 1.725128E+02
2.510000E+00 1.778693E+02
2.520000E+00 1.530045E+02
2.530000E+00 1.494362E+02
2.540000E+00 1.676034E+02
2.550000E+00 1.570291E+02
2.560000E+00 1.222877E+02
2.570000E+00 1.407850E+02
2.580000E+00 1.452971E+02
2.590000E+00 1.327636E+02
2.600000E+00 1.422022E+02
2.610000E+00 1.578761E+02
2.620000E+00 1.747929E+02
2.630000E+00 1.724439E+02
2.640000E+00 1.753965E+02
2.650000E+00 1.799058E+02
2.660000E+00 1.914822E+02
2.670000E+00 1.395222E+02
2.680000E+00 1.340092E+02
2.690000E+00 1.018967E+02
2.700000E+00 1.387901E+02
2.710000E+00 1.397594E+02
2.720000E+00 1.651864E+02
2.730000E+00 1.842281E+02
2.740000E+00 2.253452E+02
2.750000E+00 1.821485E+02
2.760000E+00 1.797796E+02
2.770000E+00 1.317789E+02
2.780000E+00 1.167872E+02
2.790000E+00 1.204200E+02
2.800000E+00 1.307022E+02
2.810000E+00 1.170219E+02
2.820000E+00 1.575105E+02
2.830000E+00 1.777240E+02
2.840000E+00 1.934233E+02
2.850000E+00 1.890534E+02
2.860000E+00 1.713183E+02
2.870000E+00 1.354035E+02
2.880000E+00 1.432548E+02
2.890000E+00 1.347243E+02
2.900000E+00 1.130717E+02
2.910000E+00 1.171904E+02
2.920000E+00 1.292365E+02
2.930000E+00 1.555127E+02
2.940000E+00 1.677913E+02
2.950000E+00 2.034845E+02
2.960000E+00 1.970889E+02
2.970000E+00 2.032183E+02
2.980000E+00 1.497819E+02
2.990000E+00 1.890627E+02
3.000000E+00 1.391170E+02
3.010000E+00 1.148595E+02
3.020000E+00 1.600379E+02
3.030000E+00 1.855098E+02
3.040000E+00 2.141355E+02
3.050000E+00 1.667903E+02
3.060000E+00 2.107677E+02
3.070000E+00 1.687352E+02
3.080000E+00 1.418862E+02
3.090000E+00 1.431148E+02
3.100000E+00 1.664006E+02
3.110000E+00 1.363826E+02
3.120000E+00 1.546853E+02
3.130000E+00 1.884958E+02
3.140000E+00 1.609419E+02
3.150000E+00 1.407321E+02
3.160000E+00 2.175763E+02
3.170000E+00 1.897294E+02
3.180000E+00 2.119491E+02
3.190000E+00 1.575009E+02
3.200000E+00 1.614106E+02
3.210000E+00 1.702571E+02
3.220000E+00 1.658501E+02
3.230000E+00 1.681082E+02
3.240000E+00 1.745670E+02
3.250000E+00 1.958676E+02
3.260000E+00 2.142252E+02
3.270000E+00 1.900897E+02
3.280000E+00 1.561309E+02
3.290000E+00 1.436044E+02
3.300000E+00 1.385252E+02
3.310000E+00 1.281164E+02
3.320000E+00 1.204483E+02
3.330000E+00 1.175330E+02
3.340000E+00 1.386570E+02
3.350000E+00 1.624081E+02
3.360000E+00 1.891328E+02
3.370000E+00 2.096691E+02
3.380000E+00 1.939337E+02
3.390000E+00 1.949802E+02
3.400000E+00 1.696544E+02
3.410000E+00 1.795464E+02
3.420000E+00 1.545428E+02
3.430000E+00 1.126542E+02
3.440000E+00 1.384730E+02
3.450000E+00 1.674108E+02
3.460000E+00 1.471578E+02
3.470000E+00 1.700019E+02
3.480000E+00 1.816892E+02
3.490000E+00 1.711174E+02
3.500000E+00 1.716040E+02
3.510000E+00 1.351111E+02
3.520000E+00 1.460561E+02
3.530000E+00 1.140837E+02
3.540000E+00 1.435222E+02
3.550000E+00 2.231683E+02
3.560000E+00 1.938883E+02
3.570000E+00 1.769679E+02
3.580000E+00 1.153429E+02
3.590000E+00 1.609538E+02
3.600000E+00 1.059402E+02
3.610000E+00 1.190691E+02
3.620000E+00 1.043465E+02
3.630000E+00 1.716925E+02
3.640000E+00 1.679249E+02
3.650000E+00 1.659671E+02
3.660000E+00 1.380194E+02
3.670000E+00 1.615281E+02
3.680000E+00 1.460199E+02
3.690000E+00 1.537434E+02
3.700000E+00 1.847284E+02
3.710000E+00 1.847220E+02
3.720000E+00 1.756083E+02
3.730000E+00 1.541997E+02
3.740000E+00 1.448390E+02
3.750000E+00 1.946299E+02
3.760000E+00 2.050573E+02
3.770000E+00 2.040949E+02
3.780000E+00 1.788834E+02
3.790000E+00 2.094447E+02
3.800000E+00 1.849194E+02
3.810000E+00 1.769057E+02
3.820000E+00 1.495985E+02
3.830000E+00 1.232641E+02
3.840000E+00 1.720363E+02
3.850000E+00 1.639204E+02
3.860000E+00 1.678415E+02
3.870000E+00 1.808196E+02
3.880000E+00 1.369565E+02
3.890000E+00 1.942788E+02
3.900000E+00 1.638363E+02
3.910000E+00 1.488946E+02
3.920000E+00 1.285453E+02
3.930000E+00 1.534030E+02
3.940000E+00 1.829406E+02
3.950000E+00 1.512729E+02
3.960000E+00 1.451415E+02
3.970000E+00 1.734850E+02
3.980000E+00 1.388296E+02
3.990000E+00 1.366544E+02
4.000000E+00 1.395403E+02
4.010000E+00 1.668348E+02
4.020000E+00 1.797330E+02
4.030000E+00 1.652605E+02
4.040000E+00 1.909401E+02
4.050000E+00 2.053533E+02
4.060000E+00 1.929370E+02
4.070000E+00 1.761100E+02
4.080000E+00 1.700262E+02
4.090000E+00 1.808874E+02
4.100000E+00 1.751170E+02
4.110000E+00 1.799284E+02
4.120000E+00 1.652174E+02
4.130000E+00 1.483071E+02
4.140000E+00 1.695709E+02
4.150000E+00 1.431125E+02
4.160000E+00 1.819313E+02
4.170000E+00 1.277138E+02
4.180000E+00 1.768196E+02
4.190000E+00 1.938926E+02
4.200000E+00 1.660182E+02
4.210000E+00 2.051432E+02
4.220000E+00 1.589667E+02
4.230000E+00 1.751780E+02
4.240000E+00 1.831162E+02
4.250000E+00 1.978819E+02
4.260000E+00 1.730166E+02
4.270000E+00 2.152411E+02
4.280000E+00 1.586174E+02
4.290000E+00 1.801300E+02
4.300000E+00 2.090279E+02
4.310000E+00 1.602686E+02
4.320000E+00 1.341307E+02
4.330000E+00 1.451988E+02
4.340000E+00 1.391574E+02
4.350000E+00 9.544068E+01
4.360000E+00 1.048988E+02
4.370000E+00 1.098482E+02
4.380000E+00 1.314530E+02
4.390000E+00 1.083529E+02
4.400000E+00 1.431491E+02
4.410000E+00 1.633096E+02
4.420000E+00 1.765862E+02
4.430000E+00 1.894608E+02
4.440000E+00 1.551159E+02
4.450000E+00 1.658702E+02
4.460000E+00 1.565635E+02
4.470000E+00 1.449580E+02
4.480000E+00 1.499848E+02
4.490000E+00 1.986702E+02
4.500000E+00 2.040414E+02
4.510000E+00 1.793562E+02
4.520000E+00 1.969491E+02
4.530000E+00 1.393833E+02
4.540000E+00 1.196054E+02
4.550000E+00 1.099510E+02
4.560000E+00 1.436842E+02
4.570000E+00 1.873900E+02
4.580000E+00 1.487985E+02
4.590000E+00 1.853860E+02
4.600000E+00 1.654479E+02
4.610000E+00 1.688801E+02
4.620000E+00 1.452741E+02
4.630000E+00 1.498667E+02
4.640000E+00 1.458432E+02
4.650000E+00 1.834759E+02
4.660000E+00 1.747440E+02
4.670000E+00 1.240893E+02
4.680000E+00 1.355045E+02
4.690000E+00 1.147961E+02
4.700000E+00 1.132375E+02
4.710000E+00 1.550817E+02
4.720000E+00 1.506887E+02
4.730000E+00 1.272159E+02
4.740000E+00 1.542315E+02
4.750000E+00 1.343288E+02
4.760000E+00 1.383502E+02
4.770000E+00 1.068432E+02
4.780000E+00 1.128307E+02
4.790000E+00 1.234059E+02
4.800000E+00 1.510217E+02
4.810000E+00 1.968056E+02
4.820000E+00 1.655446E+02
4.830000E+00 1.143847E+02
4.840000E+00 1.413515E+02
4.850000E+00 1.805004E+02
4.860000E+00 1.410301E+02
4.870000E+00 1.510357E+02
4.880000E+00 1.860301E+02
4.890000E+00 1.891525E+02
4.900000E+00 1.702189E+02
4.910000E+00 1.118927E+02
4.920000E+00 1.352889E+02
4.930000E+00 1.710312E+02
4.940000E+00 1.897943E+02
4.950000E+00 1.276657E+02
4.960000E+00 1.175743E+02
4.970000E+00 1.458744E+02
4.980000E+00 1.389819E+02
4.990000E+00 1.042858E+02
5.000000E+00 1.362470E+02
5.010000E+00 1.439369E+02
5.020000E+00 1.326567E+02
5.030000E+00 1.105679E+02
5.040000E+00 1.457680E+02
5.050000E+00 1.714417E+02
5.060000E+00 1.624178E+02
5.070000E+00 1.633224E+02
5.080000E+00 1.495068E+02
5.090000E+00 1.492484E+02
5.100000E+00 1.126333E+02
5.110000E+00 1.662013E+02
5.120000E+00 1.691181E+02
5.130000E+00 1.579432E+02
5.140000E+00 1.148813E+02
5.150000E+00 1.402344E+02
5.160000E+00 1.579956E+02
5.170000E+00 1.445598E+02
5.180000E+00 1.594159E+02
5.190000E+00 1.540859E+02
5.200000E+00 1.609602E+02
5.210000E+00 1.344968E+02
5.220000E+00 1.734410E+02
5.230000E+00 1.526506E+02
5.240000E+00 1.896650E+02
5.250000E+00 2.061965E+02
5.260000E+00 1.299670E+02
5.270000E+00 1.185718E+02
5.280000E+00 1.782826E+02
5.290000E+00 1.580416E+02
5.300000E+00 1.501585E+02
5.310000E+00 1.990391E+02
5.320000E+00 1.837885E+02
5.330000E+00 1.501059E+02
5.340000E+00 1.681050E+02
5.350000E+00 1.331050E+02
5.360000E+00 1.831661E+02
5.370000E+00 1.992140E+02
5.380000E+00 1.617640E+02
5.390000E+00 1.519025E+02
5.400000E+00 1.430345E+02
5.410000E+00 1.767465E+02
5.420000E+00 1.533727E+02
5.430000E+00 1.343358E+02
5.440000E+00 1.777133E+02
5.450000E+00 2.209248E+02
5.460000E+00 1.725702E+02
5.470000E+00 1.374567E+02
5.480000E+00 1.697577E+02
5.490000E+00 2.081272E+02
5.500000E+00 1.971794E+02
5.510000E+00 1.451876E+02
5.520000E+00 1.447155E+02
5.530000E+00 1.307921E+02
5.540000E+00 1.267465E+02
5.550000E+00 1.105660E+02
5.560000E+00 1.142772E+02
5.570000E+00 1.560043E+02
5.580000E+00 1.715714E+02
5.590000E+00 1.842582E+02
5.600000E+00 1.988388E+02
5.610000E+00 1.566854E+02
5.620000E+00 1.242171E+02
5.630000E+00 1.329293E+02
5.640000E+00 1.217487E+02
5.650000E+00 1.456232E+02
5.660000E+00 1.331121E+02
5.670000E+00 1.589237E+02
5.680000E+00 1.509287E+02
5.690000E+00 1.061158E+02
5.700000E+00 1.577406E+02
5.710000E+00 1.588643E+02
5.720000E+00 1.451433E+02
5.730000E+00 1.458878E+02
5.740000E+00 1.503702E+02
5.750000E+00 1.778650E+02
5.760000E+00 1.623892E+02
5.770000E+00 1.498619E+02
5.780000E+00 1.419732E+02
5.790000E+00 1.691798E+02
5.800000E+00 1.767411E+02
5.810000E+00 1.743757E+02
5.820000E+00 1.763588E+02
5.830000E+00 1.827637E+02
5.840000E+00 2.124672E+02
5.850000E+00 1.891379E+02
5.860000E+00 1.454782E+02
5.870000E+00 1.674828E+02
5.880000E+00 1.614145E+02
5.890000E+00 1.555313E+02
5.900000E+00 1.543057E+02
5.910000E+00 2.181649E+02
5.920000E+00 2.018548E+02
5.930000E+00 1.849094E+02
5.940000E+00 2.209869E+02
5.950000E+00 1.745832E+02
5.960000E+00 1.718979E+02
5.970000E+00 1.213262E+02
5.980000E+00 1.164379E+02
5.990000E+00 1.675226E+02
6.000000E+00 1.704784E+02
6.010000E+00 1.767284E+02
6.020000E+00 1.616252E+02
6.030000E+00 2.386894E+02
6.040000E+00 1.702043E+02
6.050000E+00 1.505265E+02
6.060000E+00 1.128178E+02
6.070000E+00 1.357211E+02
6.080000E+00 1.140560E+02
6.090000E+00 1.281751E+02
6.100000E+00 1.701078E+02
6.110000E+00 1.206383E+02
6.120000E+00 1.711554E+02
6.130000E+00 1.826524E+02
6.140000E+00 2.191715E+02
6.150000E+00 1.777757E+02
6.160000E+00 1.646752E+02
6.170000E+00 1.702274E+02
6.180000E+00 1.585253E+02
6.190000E+00 1.603780E+02
6.200000E+00 1.329216E+02
6.210000E+00 1.569957E+02
6.220000E+00 1.856329E+02
6.230000E+00 1.893851E+02
6.240000E+00 1.958892E+02
6.250000E+00 1.745574E+02
6.260000E+00 1.899733E+02
6.270000E+00 1.963631E+02
6.280000E+00 1.524469E+02
6.290000E+00 1.656656E+02
6.300000E+00 1.371700E+02
6.310000E+00 1.450974E+02
6.320000E+00 1.562594E+02
6.330000E+00 1.528735E+02
6.340000E+00 1.635724E+02
6.350000E+00 1.742490E+02
6.360000E+00 2.166509E+02
6.370000E+00 2.020755E+02
6.380000E+00 1.779151E+02
6.390000E+00 1.602015E+02
6.400000E+00 1.792805E+02
6.410000E+00 1.380293E+02
6.420000E+00 1.114583E+02
6.430000E+00 1.545800E+02
6.440000E+00 1.324099E+02
6.450000E+00 1.574069E+02
6.460000E+00 2.033125E+02
6.470000E+00 1.430442E+02
6.480000E+00 1.595978E+02
6.490000E+00 1.360833E+02
6.500000E+00 1.689392E+02
6.510000E+00 1.465930E+02
6.520000E+00 1.076315E+02
6.530000E+00 1.168601E+02
6.540000E+00 1.605071E+02
6.550000E+00 1.299255E+02
6.560000E+00 1.172755E+02
6.570000E+00 1.085051E+02
6.580000E+00 1.300417E+02
6.590000E+00 1.688967E+02
6.600000E+00 1.441331E+02
6.610000E+00 1.339013E+02
6.620000E+00 1.122137E+02
6.630000E+00 1.015061E+02
6.640000E+00 1.248721E+02
6.650000E+00 1.102844E+02
6.660000E+00 1.360091E+02
6.670000E+00 1.506916E+02
6.680000E+00 1.599557E+02
6.690000E+00 1.478567E+02
6.700000E+00 1.470132E+02
6.710000E+00 1.836219E+02
6.720000E+00 1.824456E+02
6.730000E+00 1.743945E+02
6.740000E+00 1.554864E+02
6.750000E+00 1.453891E+02
6.760000E+00 1.804227E+02
6.770000E+00 1.924397E+02
6.780000E+00 1.686294E+02
6.790000E+00 1.726257E+02
6.800000E+00 1.836572E+02
6.810000E+00 1.778047E+02
6.820000E+00 1.825417E+02
6.830000E+00 1.586401E+02
6.840000E+00 2.071750E+02
6.850000E+00 1.622389E+02
6.860000E+00 1.858776E+02
6.870000E+00 1.842239E+02
6.880000E+00 1.947783E+02
6.890000E+00 2.018749E+02
6.900000E+00 1.877936E+02
6.910000E+00 1.900046E+02
6.920000E+00 2.202012E+02
6.930000E+00 1.530634E+02
6.940000E+00 1.427224E+02
6.950000E+00 1.541066E+02
6.960000E+00 1.580373E+02
6.970000E+00 1.497966E+02
6.980000E+00 1.078917E+02
6.990000E+00 1.178383E+02
7.000000E+00 1.259381E+02
7.010000E+00 1.446979E+02
7.020000E+00 1.143870E+02
7.030000E+00 1.244479E+02
7.040000E+00 1.477115E+02
7.050000E+00 1.357488E+02
7.060000E+00 1.628918E+02
7.070000E+00 9.389165E+01
7.080000E+00 1.081959E+02
7.090000E+00 1.299135E+02
7.100000E+00 1.511227E+02
7.110000E+00 1.668686E+02
7.120000E+00 1.372200E+02
7.130000E+00 1.806256E+02
7.140000E+00 2.001604E+02
7.150000E+00 1.773544E+02
7.160000E+00 1.591539E+02
7.170000E+00 1.725703E+02
7.180000E+00 1.666098E+02
7.190000E+00 1.335002E+02
7.200000E+00 1.404253E+02
7.210000E+00 1.289483E+02
7.220000E+00 1.786328E+02
7.230000E+00 1.892169E+02
7.240000E+00 2.023641E+02
7.250000E+00 1.977250E+02
7.260000E+00 2.121815E+02
7.270000E+00 2.321044E+02
7.280000E+00 1.721468E+02
7.290000E+00 1.737987E+02
7.300000E+00 1.739017E+02
7.310000E+00 1.763418E+02
7.320000E+00 1.895861E+02
7.330000E+00 2.141722E+02
7.340000E+00 2.419051E+02
7.350000E+00 1.641584E+02
7.360000E+00 1.877531E+02
7.370000E+00 1.698670E+02
7.380000E+00 1.788911E+02
7.390000E+00 1.242135E+02
7.400000E+00 9.839799E+01
7.410000E+00 9.808715E+01
7.420000E+00 1.505453E+02
7.430000E+00 1.726595E+02
7.440000E+00 1.387947E+02
7.450000E+00 1.769778E+02
7.460000E+00 1.831181E+02
7.470000E+00 1.797438E+02
7.480000E+00 1.292715E+02
7.490000E+00 1.387413E+02
7.500000E+00 1.193353E+02
7.510000E+00 8.940198E+01
7.520000E+00 1.163596E+02
7.530000E+00 1.899000E+02
7.540000E+00 1.390979E+02
7.550000E+00 1.697518E+02
7.560000E+00 1.444004E+02
7.570000E+00 1.314526E+02
7.580000E+00 1.509685E+02
7.590000E+00 1.180016E+02
7.600000E+00 1.034092E+02
7.610000E+00 1.322517E+02
7.620000E+00 1.458239E+02
7.630000E+00 1.164386E+02
7.640000E+00 1.362161E+02
7.650000E+00 1.768041E+02
7.660000E+00 1.669809E+02
7.670000E+00 1.534217E+02
7.680000E+00 1.667771E+02
7.690000E+00 1.538692E+02
7.700000E+00 1.225904E+02
7.710000E+00 1.425764E+02
7.720000E+00 1.369836E+02
7.730000E+00 1.383018E+02
7.740000E+00 1.622296E+02
7.750000E+00 1.323899E+02
7.760000E+00 1.352035E+02
7.770000E+00 1.784520E+02
7.780000E+00 1.439331E+02
7.790000E+00 1.904404E+02
7.800000E+00 1.466390E+02
7.810000E+00 1.457728E+02
7.820000E+00 1.729735E+02
7.830000E+00 1.460407E+02
7.840000E+00 1.326627E+02
7.850000E+00 1.595745E+02
7.860000E+00 1.447561E+02
7.870000E+00 1.332846E+02
7.880000E+00 1.617678E+02
7.890000E+00 1.534924E+02
7.900000E+00 1.343184E+02
7.910000E+00 1.672773E+02
7.920000E+00 1.563239E+02
7.930000E+00 1.285974E+02
7.940000E+00 1.682995E+02
7.950000E+00 1.703647E+02
7.960000E+00 1.776555E+02
7.970000E+00 1.698845E+02
7.980000E+00 1.562682E+02
7.990000E+00 1.950646E+02
8.000000E+00 1.940695E+02
8.010000E+00 1.789942E+02
8.020000E+00 1.553739E+02
8.030000E+00 1.678323E+02
8.040000E+00 1.699968E+02
8.050000E+00 1.437389E+02
8.060000E+00 1.708992E+02
8.070000E+00 1.796069E+02
8.080000E+00 1.714480E+02
8.090000E+00 1.434275E+02
8.100000E+00 1.549692E+02
8.110000E+00 1.483647E+02
8.120000E+00 1.309981E+02
8.130000E+00 1.380934E+02
8.140000E+00 1.036308E+02
8.150000E+00 1.010203E+02
8.160000E+00 8.343430E+01
8.170000E+00 1.379423E+02
8.180000E+00 1.289133E+02
8.190000E+00 8.679764E+01
8.200000E+00 1.236579E+02
8.210000E+00 1.333263E+02
8.220000E+00 1.082878E+02
8.230000E+00 1.142385E+02
8.240000E+00 1.402266E+02
8.250000E+00 1.890284E+02
8.260000E+00 1.952210E+02
8.270000E+00 1.307732E+02
8.280000E+00 2.299151E+02
8.290000E+00 2.118479E+02
8.300000E+00 1.922401E+02
8.310000E+00 1.913913E+02
8.320000E+00 2.118019E+02
8.330000E+00 1.994491E+02
8.340000E+00 1.581759E+02
8.350000E+00 1.641267E+02
8.360000E+00 1.830836E+02
8.370000E+00 1.511665E+02
8.380000E+00 1.127478E+02
8.390000E+00 1.000592E+02
8.400000E+00 1.086760E+02
8.410000E+00 1.153537E+02
8.420000E+00 1.216876E+02
8.430000E+00 1.476449E+02
8.440000E+00 1.573504E+02
8.450000E+00 1.644636E+02
8.460000E+00 1.479145E+02
8.470000E+00 1.718008E+02
8.480000E+00 1.804680E+02
8.490000E+00 1.765365E+02
8.500000E+00 1.326913E+02
8.510000E+00 8.729734E+01
8.520000E+00 1.416407E+02
8.530000E+00 1.467327E+02
8.540000E+00 1.883025E+02
8.550000E+00 1.552314E+02
8.560000E+00 1.538306E+02
8.570000E+00 1.726258E+02
8.580000E+00 1.357589E+02
8.590000E+00 1.370090E+02
8.600000E+00 1.386500E+02
8.610000E+00 1.408245E+02
8.620000E+00 1.591788E+02
8.630000E+00 1.292868E+02
8.640000E+00 1.619992E+02
8.650000E+00 1.506305E+02
8.660000E+00 1.978821E+02
8.670000E+00 1.811960E+02
8.680000E+00 1.586261E+02
8.690000E+00 1.604492E+02
8.700000E+00 1.595860E+02
8.710000E+00 1.636944E+02
8.720000E+00 1.792599E+02
8.730000E+00 1.776744E+02
8.740000E+00 2.021980E+02
8.750000E+00 1.463499E+02
8.760000E+00 1.360074E+02
8.770000E+00 1.106091E+02
8.780000E+00 9.627815E+01
8.790000E+00 1.624414E+02
8.800000E+00 1.316574E+02
8.810000E+00 1.309034E+02
8.820000E+00 1.312764E+02
8.830000E+00 1.667511E+02
8.840000E+00 1.811527E+02
8.850000E+00 1.867551E+02
8.860000E+00 1.435711E+02
8.870000E+00 1.898263E+02
8.880000E+00 1.738999E+02
8.890000E+00 1.294038E+02
8.900000E+00 1.150608E+02
8.910000E+00 1.527552E+02
8.920000E+00 2.269960E+02
8.930000E+00 2.243887E+02
8.940000E+00 1.955622E+02
8.950000E+00 1.502875E+02
8.960000E+00 1.646316E+02
8.970000E+00 1.524646E+02
8.980000E+00 1.275898E+02
8.990000E+00 1.257617E+02
9.000000E+00 1.277338E+02
9.010000E+00 1.690336E+02
9.020000E+00 1.667533E+02
9.030000E+00 1.752336E+02
9.040000E+00 1.866494E+02
9.050000E+00 1.622871E+02
9.060000E+00 1.991469E+02
9.070000E+00 1.708783E+02
9.080000E+00 1.708068E+02
9.090000E+00 1.819020E+02
9.100000E+00 1.474342E+02
9.110000E+00 1.504447E+02
9.120000E+00 1.479249E+02
9.130000E+00 1.509594E+02
9.140000E+00 1.680227E+02
9.150000E+00 9.797745E+01
9.160000E+00 1.432926E+02
9.170000E+00 9.847719E+01
9.180000E+00 1.307047E+02
9.190000E+00 1.378261E+02
9.200000E+00 1.047957E+02
9.210000E+00 1.039268E+02
9.220000E+00 1.034659E+02
9.230000E+00 1.224698E+02
9.240000E+00 1.775975E+02
9.250000E+00 1.808125E+02
9.260000E+00 1.412076E+02
9.270000E+00 1.603209E+02
9.280000E+00 1.961332E+02
9.290000E+00 1.619635E+02
9.300000E+00 1.842415E+02
9.310000E+00 1.667954E+02
9.320000E+00 1.811593E+02
9.330000E+00 1.064221E+02
9.340000E+00 1.405471E+02
9.350000E+00 1.772114E+02
9.360000E+00 1.521449E+02
9.370000E+00 2.042650E+02
9.380000E+00 1.151614E+02
9.390000E+00 1.434993E+02
9.400000E+00 1.474489E+02
9.410000E+00 1.289363E+02
9.420000E+00 1.521055E+02
9.430000E+00 1.556987E+02
9.440000E+00 1.845794E+02
9.450000E+00 1.039350E+02
9.460000E+00 1.265540E+02
9.470000E+00 1.546284E+02
9.480000E+00 1.832538E+02
9.490000E+00 1.565905E+02
9.500000E+00 1.741014E+02
9.510000E+00 2.217551E+02
9.520000E+00 1.570572E+02
9.530000E+00 1.455262E+02
9.540000E+00 1.213760E+02
9.550000E+00 1.799319E+02
9.560000E+00 1.881201E+02
9.570000E+00 1.663269E+02
9.580000E+00 1.614298E+02
9.590000E+00 1.509725E+02
9.600000E+00 1.447587E+02
9.610000E+00 1.676472E+02
9.620000E+00 1.767680E+02
9.630000E+00 1.271360E+02
9.640000E+00 1.352828E+02
9.650000E+00 1.302309E+02
9.660000E+00 1.140918E+02
9.670000E+00 1.297911E+02
9.680000E+00 1.120283E+02
9.690000E+00 1.240001E+02
9.700000E+00 1.135004E+02
9.710000E+00 1.261578E+02
9.720000E+00 1.587741E+02
9.730000E+00 1.447071E+02
9.740000E+00 1.458338E+02
9.750000E+00 1.778385E+02
9.760000E+00 1.483588E+02
9.770000E+00 1.615886E+02
9.780000E+00 1.686093E+02
9.790000E+00 1.831354E+02
9.800000E+00 1.622538E+02
9.810000E+00 1.118410E+02
9.820000E+00 1.115075E+02
9.830000E+00 1.211267E+02
9.840000E+00 1.153626E+02
9.850000E+00 1.233182E+02
9.860000E+00 1.186518E+02
9.870000E+00 1.667297E+02
9.880000E+00 1.805394E+02
9.890000E+00 1.630690E+02
9.900000E+00 1.867639E+02
9.910000E+00 2.029973E+02
9.920000E+00 1.564774E+02
9.930000E+00 1.784302E+02
9.940000E+00 9.430511E+01
9.950000E+00 1.617205E+02
9.960000E+00 1.044848E+02
9.970000E+00 1.557201E+02
9.980000E+00 1.759281E+02
9.990000E+00 1.671244E+02
1.000000E+01 2.066760E+02
1.001000E+01 1.974342E+02
1.002000E+01 1.955103E+02
1.003000E+01 1.672678E+02
1.004000E+01 1.414554E+02
1.005000E+01 1.400353E+02
1.006000E+01 1.277359E+02
1.007000E+01 1.085423E+02
1.008000E+01 1.041508E+02
1.009000E+01 1.286599E+02
1.010000E+01 1.290784E+02
1.011000E+01 1.675744E+02
1.012000E+01 1.820600E+02
1.013000E+01 1.691524E+02
1.014000E+01 1.721151E+02
1.015000E+01 1.698890E+02
1.016000E+01 1.732364E+02
1.017000E+01 2.281929E+02
1.018000E+01 1.744378E+02
1.019000E+01 1.765873E+02
1.020000E+01 1.655171E+02
1.021000E+01 1.685869E+02
1.022000E+01 1.594490E+02
1.023000E+01 1.351062E+02
1.024000E+01 1.368918E+02
1.025000E+01 1.594184E+02
1.026000E+01 1.780636E+02
1.027000E+01 1.479987E+02
1.028000E+01 1.397817E+02
1.029000E+01 1.420959E+02
1.030000E+01 1.632578E+02
1.031000E+01 1.745975E+02
1.032000E+01 1.571098E+02
1.033000E+01 1.554419E+02
1.034000E+01 1.895234E+02
1.035000E+01 1.882426E+02
1.036000E+01 1.529777E+02
1.037000E+01 1.769974E+02
1.038000E+01 1.417552E+02
1.039000E+01 1.809559E+02
1.040000E+01 1.860322E+02
1.041000E+01 1.943744E+02
1.042000E+01 1.564931E+02
1.043000E+01 1.866720E+02
1.044000E+01 1.195061E+02
1.045000E+01 9.509000E+01
1.046000E+01 1.620307E+02
1.047000E+01 1.224987E+02
1.048000E+01 1.523803E+02
1.049000E+01 1.698536E+02
1.050000E+01 1.607451E+02
1.051000E+01 1.813538E+02
1.052000E+01 1.730152E+02
1.053000E+01 1.933228E+02
1.054000E+01 1.780558E+02
1.055000E+01 1.661082E+02
1.056000E+01 1.559348E+02
1.057000E+01 1.615205E+02
1.058000E+01 1.927046E+02
1.059000E+01 1.869787E+02
1.060000E+01 1.704880E+02
1.061000E+01 1.636630E+02
1.062000E+01 1.444697E+02
1.063000E+01 1.022936E+02
1.064000E+01 1.090057E+02
1.065000E+01 1.192659E+02
1.066000E+01 1.182467E+02
1.067000E+01 1.747030E+02
1.068000E+01 1.713100E+02
1.069000E+01 1.839811E+02
1.070000E+01 2.019401E+02
1.071000E+01 1.664916E+02
1.072000E+01 1.343870E+02
1.073000E+01 1.322936E+02
1.074000E+01 1.257724E+02
1.075000E+01 1.690201E+02
1.076000E+01 1.474978E+02
1.077000E+01 1.627347E+02
1.078000E+01 1.230833E+02
1.079000E+01 1.496961E+02
1.080000E+01 1.375621E+02
1.081000E+01 1.512955E+02
1.082000E+01 1.247509E+02
1.083000E+01 1.486449E+02
1.084000E+01 1.962955E+02
1.085000E+01 1.545325E+02
1.086000E+01 1.589495E+02
1.087000E+01 1.236201E+02
1.088000E+01 1.142060E+02
1.089000E+01 1.368916E+02
1.090000E+01 1.763987E+02
1.091000E+01 1.973173E+02
1.092000E+01 1.939755E+02
1.093000E+01 2.143330E+02
1.094000E+01 2.174672E+02
1.095000E+01 1.603050E+02
1.096000E+01 1.341690E+02
1.097000E+01 1.616370E+02
1.098000E+01 1.191721E+02
1.099000E+01 1.303204E+02
1.100000E+01 1.128811E+02
1.101000E+01 1.354601E+02
1.102000E+01 1.558800E+02
1.103000E+01 1.804974E+02
1.104000E+01 1.788389E+02
1.105000E+01 1.968834E+02
1.106000E+01 1.868665E+02
1.107000E+01 1.623157E+02
1.108000E+01 1.736987E+02
1.109000E+01 1.378977E+02
1.110000E+01 1.888868E+02
1.111000E+01 1.493366E+02
1.112000E+01 1.621179E+02
1.113000E+01 1.230058E+02
1.114000E+01 1.227663E+02
1.115000E+01 1.569706E+02
1.116000E+01 1.467098E+02
1.117000E+01 1.666256E+02
1.118000E+01 1.627343E+02
1.119000E+01 1.398521E+02
1.120000E+01 1.511138E+02
1.121000E+01 1.341953E+02
1.122000E+01 1.576539E+02
1.123000E+01 1.335147E+02
1.124000E+01 1.647692E+02
1.125000E+01 1.534194E+02
1.126000E+01 1.603880E+02
1.127000E+01 1.933896E+02
1.128000E+01 1.638069E+02
1.129000E+01 1.975085E+02
1.130000E+01 1.569332E+02
1.131000E+01 1.807458E+02
1.132000E+01 1.424698E+02
1.133000E+01 1.229824E+02
1.134000E+01 1.482902E+02
1.135000E+01 1.481561E+02
1.136000E+01 1.546539E+02
1.137000E+01 1.404433E+02
1.138000E+01 1.599522E+02
1.139000E+01 1.612185E+02
1.140000E+01 1.327691E+02
1.141000E+01 1.479505E+02
1.142000E+01 1.879162E+02
1.143000E+01 1.583049E+02
1.144000E+01 2.103489E+02
1.145000E+01 2.234394E+02
1.146000E+01 1.905105E+02
1.147000E+01 1.418763E+02
1.148000E+01 1.425913E+02
1.149000E+01 1.679435E+02
1.150000E+01 1.596945E+02
1.151000E+01 1.439813E+02
1.152000E+01 1.631616E+02
1.153000E+01 1.770573E+02
1.154000E+01 2.024717E+02
1.155000E+01 1.623965E+02
1.156000E+01 1.493172E+02
1.157000E+01 1.689206E+02
1.158000E+01 1.409449E+02
1.159000E+01 1.071325E+02
1.160000E+01 1.129390E+02
1.161000E+01 1.364382E+02
1.162000E+01 1.329071E+02
1.163000E+01 1.746963E+02
1.164000E+01 1.894654E+02
1.165000E+01 1.782210E+02
1.166000E+01 2.074805E+02
1.167000E+01 1.643275E+02
1.168000E+01 1.821876E+02
1.169000E+01 1.693402E+02
1.170000E+01 1.323417E+02
1.171000E+01 1.668212E+02
1.172000E+01 1.062719E+02
1.173000E+01 1.294782E+02
1.174000E+01 1.713702E+02
1.175000E+01 1.375762E+02
1.176000E+01 1.886089E+02
1.177000E+01 1.932211E+02
1.178000E+01 1.776749E+02
1.179000E+01 1.403545E+02
1.180000E+01 2.025686E+02
1.181000E+01 1.689081E+02
1.182000E+01 1.636250E+02
1.183000E+01 1.628681E+02
1.184000E+01 1.234179E+02
1.185000E+01 1.752022E+02
1.186000E+01 1.717495E+02
1.187000E+01 1.700434E+02
1.188000E+01 2.095371E+02
1.189000E+01 1.679459E+02
1.190000E+01 2.115876E+02
1.191000E+01 2.103258E+02
1.192000E+01 1.997803E+02
1.193000E+01 1.438790E+02
1.194000E+01 1.528219E+02
1.195000E+01 1.196049E+02
1.196000E+01 8.614155E+01
1.197000E+01 1.181782E+02
1.198000E+01 1.603220E+02
1.199000E+01 1.630694E+02
1.200000E+01 1.540720E+02
1.201000E+01 1.743832E+02
1.202000E+01 1.985665E+02
1.203000E+01 1.789124E+02
1.204000E+01 1.365090E+02
1.205000E+01 1.272065E+02
1.206000E+01 1.584939E+02
1.207000E+01 1.697667E+02
1.208000E+01 1.492092E+02
1.209000E+01 1.279390E+02
1.210000E+01 1.747175E+02
1.211000E+01 1.911374E+02
1.212000E+01 1.399527E+02
1.213000E+01 1.323492E+02
1.214000E+01 1.910650E+02
1.215000E+01 1.290069E+02
1.216000E+01 9.795762E+01
1.217000E+01 1.114124E+02
1.218000E+01 1.098529E+02
1.219000E+01 1.204834E+02
1.220000E+01 1.294393E+02
1.221000E+01 1.496625E+02
1.222000E+01 1.664077E+02
1.223000E+01 1.607324E+02
1.224000E+01 1.694992E+02
1.225000E+01 1.924444E+02
1.226000E+01 1.696479E+02
1.227000E+01 1.330275E+02
1.228000E+01 1.280256E+02
1.229000E+01 1.675202E+02
1.230000E+01 1.592364E+02
1.231000E+01 1.679567E+02
1.232000E+01 1.532137E+02
1.233000E+01 2.230150E+02
1.234000E+01 1.810876E+02
1.235000E+01 1.529806E+02
1.236000E+01 1.595340E+02
1.237000E+01 1.268259E+02
1.238000E+01 1.913106E+02
1.239000E+01 1.697803E+02
1.240000E+01 1.338909E+02
1.241000E+01 1.848486E+02
1.242000E+01 2.096238E+02
1.243000E+01 1.757638E+02
1.244000E+01 1.573645E+02
1.245000E+01 1.720739E+02
1.246000E+01 2.050096E+02
1.247000E+01 1.751179E+02
1.248000E+01 1.671659E+02
1.249000E+01 1.818579E+02
1.250000E+01 1.995849E+02
1.251000E+01 1.965806E+02
1.252000E+01 1.696274E+02
1.253000E+01 1.719226E+02
1.254000E+01 1.385890E+02
1.255000E+01 1.326785E+02
1.256000E+01 1.499357E+02
1.257000E+01 1.250438E+02
1.258000E+01 1.292421E+02
1.259000E+01 1.582903E+02
1.260000E+01 1.659308E+02
1.261000E+01 1.730817E+02
1.262000E+01 1.465773E+02
1.263000E+01 1.625546E+02
1.264000E+01 1.839982E+02
1.265000E+01 2.006014E+02
1.266000E+01 1.123832E+02
1.267000E+01 1.088233E+02
1.268000E+01 1.385700E+02
1.269000E+01 1.555234E+02
1.270000E+01 1.162563E+02
1.271000E+01 1.271048E+02
1.272000E+01 1.768162E+02
1.273000E+01 1.904519E+02
1.274000E+01 1.813411E+02
1.275000E+01 1.643770E+02
1.276000E+01 1.383514E+02
1.277000E+01 1.600939E+02
1.278000E+01 1.494495E+02
1.279000E+01 1.277521E+02
1.280000E+01 1.623409E+02
1.281000E+01 2.118625E+02
1.282000E+01 2.098855E+02
1.283000E+01 1.917279E+02
1.284000E+01 1.973779E+02
1.285000E+01 1.922657E+02
1.286000E+01 1.938789E+02
1.287000E+01 1.752529E+02
1.288000E+01 1.318240E+02
1.289000E+01 1.223934E+02
1.290000E+01 1.368296E+02
1.291000E+01 1.566461E+02
1.292000E+01 1.728234E+02
1.293000E+01 1.391961E+02
1.294000E+01 1.922490E+02
1.295000E+01 2.197541E+02
1.296000E+01 1.880852E+02
1.297000E+01 1.938535E+02
1.298000E+01 1.806690E+02
1.299000E+01 1.763913E+02
1.300000E+01 1.201803E+02
1.301000E+01 1.223536E+02
1.302000E+01 1.372148E+02
1.303000E+01 1.570705E+02
1.304000E+01 1.958630E+02
1.305000E+01 2.042521E+02
1.306000E+01 2.170863E+02
1.307000E+01 1.938225E+02
1.308000E+01 1.754334E+02
1.309000E+01 9.737559E+01
1.310000E+01 1.402614E+02
1.311000E+01 7.451890E+01
1.312000E+01 1.130938E+02
1.313000E+01 1.396867E+02
1.314000E+01 1.639323E+02
1.315000E+01 1.849693E+02
1.316000E+01 2.314993E+02
1.317000E+01 1.864535E+02
1.318000E+01 1.675430E+02
1.319000E+01 1.616377E+02
1.320000E+01 1.477526E+02
1.321000E+01 1.218073E+02
1.322000E+01 1.079162E+02
1.323000E+01 1.527172E+02
1.324000E+01 1.446795E+02
1.325000E+01 1.485807E+02
1.326000E+01 1.770042E+02
1.327000E+01 1.791309E+02
1.328000E+01 1.538467E+02
1.329000E+01 1.442791E+02
1.330000E+01 1.778869E+02
1.331000E+01 1.241647E+02
1.332000E+01 1.267613E+02
1.333000E+01 1.318451E+02
1.334000E+01 1.469742E+02
1.335000E+01 1.610414E+02
1.336000E+01 1.423777E+02
1.337000E+01 1.887113E+02
1.338000E+01 2.102417E+02
1.339000E+01 1.945650E+02
1.340000E+01 1.856960E+02
1.341000E+01 1.596235E+02
1.342000E+01 1.238742E+02
1.343000E+01 1.309267E+02
1.344000E+01 1.674793E+02
1.345000E+01 1.911697E+02
1.346000E+01 1.404280E+02
1.347000E+01 1.422866E+02
1.348000E+01 1.934008E+02
1.349000E+01 1.913873E+02
1.350000E+01 1.459820E+02
1.351000E+01 1.749845E+02
1.352000E+01 1.744589E+02
1.353000E+01 1.372035E+02
1.354000E+01 1.621099E+02
1.355000E+01 1.245073E+02
1.356000E+01 1.399778E+02
1.357000E+01 1.668505E+02
1.358000E+01 1.532496E+02
1.359000E+01 1.706184E+02
1.360000E+01 1.332697E+02
1.361000E+01 1.636688E+02
1.362000E+01 1.338581E+02
1.363000E+01 1.609528E+02
1.364000E+01 1.492959E+02
1.365000E+01 9.485902E+01
1.366000E+01 1.731592E+02
1.367000E+01 1.158864E+02
1.368000E+01 1.516118E+02
1.369000E+01 1.620816E+02
1.370000E+01 1.415112E+02
1.371000E+01 2.149992E+02
1.372000E+01 1.754084E+02
1.373000E+01 1.785091E+02
1.374000E+01 1.789744E+02
1.375000E+01 1.662300E+02
1.376000E+01 1.705248E+02
1.377000E+01 1.337531E+02
1.378000E+01 1.685966E+02
1.379000E+01 1.533525E+02
1.380000E+01 1.608554E+02
1.381000E+01 1.760199E+02
1.382000E+01 1.178748E+02
1.383000E+01 2.057585E+02
1.384000E+01 1.675542E+02
1.385000E+01 1.427360E+02
1.386000E+01 1.280976E+02
1.387000E+01 1.747981E+02
1.388000E+01 1.688764E+02
1.389000E+01 1.396919E+02
1.390000E+01 1.324948E+02
1.391000E+01 1.907337E+02
1.392000E+01 2.024848E+02
1.393000E+01 1.642157E+02
1.394000E+01 1.841011E+02
1.395000E+01 1.160429E+02
1.396000E+01 1.512771E+02
1.397000E+01 1.822058E+02
1.398000E+01 1.572788E+02
1.399000E+01 1.603297E+02
1.400000E+01 1.747414E+02
1.401000E+01 1.637423E+02
1.402000E+01 1.352465E+02
1.403000E+01 1.685496E+02
1.404000E+01 1.858494E+02
1.405000E+01 1.720323E+02
1.406000E+01 1.397557E+02
1.407000E+01 2.023110E+02
1.408000E+01 1.778968E+02
1.409000E+01 1.674351E+02
1.410000E+01 1.466799E+02
1.411000E+01 1.392685E+02
1.412000E+01 1.544429E+02
1.413000E+01 1.809854E+02
1.414000E+01 1.732480E+02
1.415000E+01 1.350861E+02
1.416000E+01 1.106189E+02
1.417000E+01 1.502426E+02
1.418000E+01 1.563084E+02
1.419000E+01 1.173708E+02
1.420000E+01 1.110185E+02
1.421000E+01 1.716031E+02
1.422000E+01 1.387326E+02
1.423000E+01 1.674695E+02
1.424000E+01 2.012128E+02
1.425000E+01 1.817510E+02
1.426000E+01 2.010487E+02
1.427000E+01 1.631643E+02
1.428000E+01 1.994037E+02
1.429000E+01 1.827100E+02
1.430000E+01 1.504000E+02
1.431000E+01 1.733241E+02
1.432000E+01 1.538052E+02
1.433000E+01 1.986471E+02
1.434000E+01 2.108445E+02
1.435000E+01 1.377807E+02
1.436000E+01 1.655230E+02
1.437000E+01 1.701701E+02
1.438000E+01 1.686023E+02
1.439000E+01 1.608636E+02
1.440000E+01 1.152419E+02
1.441000E+01 1.764281E+02
1.442000E+01 1.471262E+02
1.443000E+01 1.410641E+02
1.444000E+01 1.815798E+02
1.445000E+01 1.147248E+02
1.446000E+01 2.237657E+02
1.447000E+01 1.608853E+02
1.448000E+01 1.862009E+02
1.449000E+01 1.682212E+02
1.450000E+01 1.276207E+02
1.451000E+01 1.526173E+02
1.452000E+01 1.367080E+02
1.453000E+01 9.501058E+01
1.454000E+01 1.303431E+02
1.455000E+01 1.246801E+02
1.456000E+01 1.322554E+02
1.457000E+01 1.446093E+02
1.458000E+01 9.808342E+01
1.459000E+01 1.582287E+02
1.460000E+01 1.720884E+02
1.461000E+01 1.726959E+02
1.462000E+01 1.706963E+02
1.463000E+01 1.721072E+02
1.464000E+01 1.775374E+02
1.465000E+01 1.502787E+02
1.466000E+01 1.506390E+02
1.467000E+01 1.690220E+02
1.468000E+01 1.575477E+02
1.469000E+01 1.776706E+02
1.470000E+01 1.542914E+02
1.471000E+01 1.503834E+02
1.472000E+01 1.315940E+02
1.473000E+01 1.152571E+02
1.474000E+01 1.599222E+02
1.475000E+01 1.268636E+02
1.476000E+01 1.375115E+02
1.477000E+01 2.150706E+02
1.478000E+01 1.922304E+02
1.479000E+01 1.742498E+02
1.480000E+01 1.890402E+02
1.481000E+01 1.854818E+02
1.482000E+01 1.849582E+02
1.483000E+01 1.601249E+02
1.484000E+01 1.743055E+02
1.485000E+01 2.081904E+02
1.486000E+01 1.729360E+02
1.487000E+01 1.618163E+02
1.488000E+01 1.501619E+02
1.489000E+01 1.617195E+02
1.490000E+01 1.455159E+02
1.491000E+01 1.169227E+02
1.492000E+01 1.504704E+02
1.493000E+01 1.657014E+02
1.494000E+01 1.658092E+02
1.495000E+01 1.444968E+02
1.496000E+01 1.517279E+02
1.497000E+01 2.186758E+02
1.498000E+01 1.749876E+02
1.499000E+01 1.541114E+02
1.500000E+01 1.399211E+02
1.501000E+01 1.640316E+02
1.502000E+01 1.499903E+02
1.503000E+01 1.691234E+02
1.504000E+01 1.688871E+02
1.505000E+01 1.746943E+02
1.506000E+01 1.549743E+02
1.507000E+01 1.596850E+02
1.508000E+01 1.624920E+02
1.509000E+01 1.191555E+02
1.510000E+01 1.148616E+02
1.511000E+01 1.326933E+02
1.512000E+01 1.165002E+02
1.513000E+01 1.020248E+02
1.514000E+01 8.737326E+01
1.515000E+01 7.990710E+01
1.516000E+01 1.468849E+02
1.517000E+01 1.061105E+02
1.518000E+01 1.609340E+02
1.519000E+01 1.669816E+02
1.520000E+01 1.668122E+02
1.521000E+01 1.809813E+02
1.522000E+01 1.748284E+02
1.523000E+01 2.329976E+02
1.524000E+01 1.855761E+02
1.525000E+01 1.892405E+02
1.526000E+01 1.452751E+02
1.527000E+01 1.424006E+02
1.528000E+01 1.470993E+02
1.529000E+01 1.631909E+02
1.530000E+01 1.224319E+02
1.531000E+01 1.308045E+02
1.532000E+01 1.921708E+02
1.533000E+01 1.501857E+02
1.534000E+01 1.869341E+02
1.535000E+01 1.536706E+02
1.536000E+01 1.650499E+02
1.537000E+01 2.081208E+02
1.538000E+01 1.559971E+02
1.539000E+01 1.713535E+02
1.540000E+01 1.620041E+02
1.541000E+01 1.662636E+02
1.542000E+01 1.631364E+02
1.543000E+01 1.203569E+02
1.544000E+01 1.525006E+02
1.545000E+01 2.024488E+02
1.546000E+01 1.563531E+02
1.547000E+01 1.743560E+02
1.548000E+01 1.518481E+02
1.549000E+01 1.988576E+02
1.550000E+01 1.462333E+02
1.551000E+01 1.132257E+02
1.552000E+01 1.446012E+02
1.553000E+01 1.277525E+02
1.554000E+01 1.262163E+02
1.555000E+01 1.676431E+02
1.556000E+01 1.692951E+02
1.557000E+01 2.007653E+02
1.558000E+01 1.825544E+02
1.559000E+01 1.263505E+02
1.560000E+01 1.642585E+02
1.561000E+01 1.805416E+02
1.562000E+01 9.937287E+01
1.563000E+01 1.380272E+02
1.564000E+01 1.730658E+02
1.565000E+01 1.380595E+02
1.566000E+01 1.514955E+02
1.567000E+01 1.181186E+02
1.568000E+01 1.716636E+02
1.569000E+01 1.454630E+02
1.570000E+01 1.905766E+02
1.571000E+01 1.579475E+02
1.572000E+01 1.571225E+02
1.573000E+01 1.706124E+02
1.574000E+01 1.371676E+02
1.575000E+01 2.156207E+02
1.576000E+01 1.372461E+02
1.577000E+01 1.642444E+02
1.578000E+01 1.376624E+02
1.579000E+01 1.678388E+02
1.580000E+01 1.412052E+02
1.581000E+01 1.433074E+02
1.582000E+01 1.858381E+02
1.583000E+01 2.133315E+02
1.584000E+01 1.888944E+02
1.585000E+01 1.661030E+02
1.586000E+01 1.775820E+02
1.587000E+01 1.010637E+02
1.588000E+01 1.842353E+02
1.589000E+01 1.279365E+02
1.590000E+01 1.497127E+02
1.591000E+01 1.340886E+02
1.592000E+01 1.080813E+02
1.593000E+01 1.379344E+02
1.594000E+01 1.552945E+02
1.595000E+01 1.685923E+02
1.596000E+01 1.611793E+02
1.597000E+01 1.904421E+02
1.598000E+01 1.612242E+02
1.599000E+01 1.247746E+02
1.600000E+01 8.395913E+01
1.601000E+01 1.437551E+02
1.602000E+01 1.548311E+02
1.603000E+01 1.822735E+02
1.604000E+01 1.548959E+02
1.605000E+01 1.680868E+02
1.606000E+01 1.924104E+02
1.607000E+01 1.304758E+02
1.608000E+01 1.499479E+02
1.609000E+01 1.938486E+02
1.610000E+01 1.194668E+02
1.611000E+01 1.236814E+02
1.612000E+01 2.003451E+02
1.613000E+01 9.461804E+01
1.614000E+01 1.256826E+02
1.615000E+01 1.955753E+02
1.616000E+01 1.506487E+02
1.617000E+01 2.146238E+02
1.618000E+01 1.945001E+02
1.619000E+01 1.708569E+02
1.620000E+01 1.712077E+02
1.621000E+01 1.261726E+02
1.622000E+01 1.244213E+02
1.623000E+01 1.650885E+02
1.624000E+01 1.793488E+02
1.625000E+01 1.558827E+02
1.626000E+01 1.780266E+02
1.627000E+01 1.735301E+02
1.628000E+01 1.796206E+02
1.629000E+01 1.191930E+02
1.630000E+01 2.295035E+02
1.631000E+01 1.547817E+02
1.632000E+01 1.459931E+02
1.633000E+01 1.414948E+02
1.634000E+01 1.312425E+02
1.635000E+01 1.748709E+02
1.636000E+01 1.501596E+02
1.637000E+01 1.382225E+02
1.638000E+01 1.972336E+02
1.639000E+01 1.409415E+02
1.640000E+01 1.441661E+02
1.641000E+01 1.543248E+02
1.642000E+01 1.846949E+02
1.643000E+01 1.574779E+02
1.644000E+01 1.518407E+02
1.645000E+01 1.370359E+02
1.646000E+01 1.538224E+02
1.647000E+01 1.471332E+02
1.648000E+01 1.236693E+02
1.649000E+01 1.427862E+02
1.650000E+01 1.405312E+02
1.651000E+01 1.603999E+02
1.652000E+01 1.297163E+02
1.653000E+01 1.424344E+02
1.654000E+01 1.656543E+02
1.655000E+01 1.777357E+02
1.656000E+01 1.985311E+02
1.657000E+01 1.240602E+02
1.658000E+01 9.996336E+01
1.659000E+01 1.439316E+02
1.660000E+01 1.463387E+02
1.661000E+01 1.945760E+02
1.662000E+01 1.988936E+02
1.663000E+01 1.919967E+02
1.664000E+01 1.725303E+02
1.665000E+01 1.739728E+02
1.666000E+01 1.393324E+02
1.667000E+01 1.251561E+02
1.668000E+01 1.333940E+02
1.669000E+01 1.668604E+02
1.670000E+01 1.436832E+02
1.671000E+01 1.431008E+02
1.672000E+01 1.872524E+02
1.673000E+01 2.309051E+02
1.674000E+01 1.757839E+02
1.675000E+01 2.026359E+02
1.676000E+01 1.907832E+02
1.677000E+01 1.530263E+02
1.678000E+01 1.603705E+02
1.679000E+01 1.665736E+02
1.680000E+01 9.277029E+01
1.681000E+01 1.653944E+02
1.682000E+01 1.255803E+02
1.683000E+01 1.231775E+02
1.684000E+01 1.734595E+02
1.685000E+01 1.167812E+02
1.686000E+01 2.058696E+02
1.687000E+01 1.572664E+02
1.688000E+01 1.554974E+02
1.689000E+01 1.679815E+02
1.690000E+01 1.477193E+02
1.691000E+01 1.558135E+02
1.692000E+01 1.201011E+02
1.693000E+01 1.245915E+02
1.694000E+01 1.476744E+02
1.695000E+01 1.628650E+02
1.696000E+01 1.949338E+02
1.697000E+01 1.917863E+02
1.698000E+01 2.242319E+02
1.699000E+01 2.048849E+02
1.700000E+01 1.917038E+02
1.701000E+01 1.438793E+02
1.702000E+01 1.669320E+02
1.703000E+01 1.162164E+02
1.704000E+01 1.040676E+02
1.705000E+01 9.505673E+01
1.706000E+01 1.208753E+02
1.707000E+01 1.063300E+02
1.708000E+01 1.372723E+02
1.709000E+01 1.668091E+02
1.710000E+01 1.888485E+02
1.711000E+01 1.806280E+02
1.712000E+01 1.887816E+02
1.713000E+01 1.969302E+02
1.714000E+01 1.593820E+02
1.715000E+01 1.467019E+02
1.716000E+01 1.420573E+02
1.717000E+01 1.585272E+02
1.718000E+01 1.926971E+02
1.719000E+01 1.428177E+02
1.720000E+01 1.769289E+02
1.721000E+01 1.295321E+02
1.722000E+01 1.392702E+02
1.723000E+01 1.441950E+02
1.724000E+01 1.343665E+02
1.725000E+01 1.457742E+02
1.726000E+01 1.452643E+02
1.727000E+01 1.404873E+02
1.728000E+01 1.576800E+02
1.729000E+01 1.733134E+02
1.730000E+01 1.298782E+02
1.731000E+01 1.523806E+02
1.732000E+01 1.513465E+02
1.733000E+01 1.439966E+02
1.734000E+01 1.563173E+02
1.735000E+01 1.492038E+02
1.736000E+01 1.621531E+02
1.737000E+01 1.837333E+02
1.738000E+01 1.497877E+02
1.739000E+01 1.723667E+02
1.740000E+01 1.539554E+02
1.741000E+01 1.530594E+02
1.742000E+01 1.479614E+02
1.743000E+01 1.579277E+02
1.744000E+01 1.356674E+02
1.745000E+01 1.434998E+02
1.746000E+01 1.573306E+02
1.747000E+01 1.338351E+02
1.748000E+01 1.430801E+02
1.749000E+01 1.912880E+02
1.750000E+01 2.020811E+02
1.751000E+01 2.117285E+02
1.752000E+01 2.122860E+02
1.753000E+01 1.596701E+02
1.754000E+01 1.605312E+02
1.755000E+01 1.711311E+02
1.756000E+01 1.519966E+02
1.757000E+01 1.593408E+02
1.758000E+01 1.729155E+02
1.759000E+01 1.653484E+02
1.760000E+01 1.345600E+02
1.761000E+01 1.534263E+02
1.762000E+01 1.651239E+02
1.763000E+01 1.797159E+02
1.764000E+01 1.612004E+02
1.765000E+01 1.304556E+02
1.766000E+01 1.440463E+02
1.767000E+01 1.597493E+02
1.768000E+01 1.808080E+02
1.769000E+01 1.567391E+02
1.770000E+01 1.689426E+02
1.771000E+01 1.598529E+02
1.772000E+01 1.551583E+02
1.773000E+01 1.361419E+02
1.774000E+01 1.573591E+02
1.775000E+01 1.844258E+02
1.776000E+01 1.726215E+02
1.777000E+01 1.385093E+02
1.778000E+01 1.356065E+02
1.779000E+01 1.639374E+02
1.780000E+01 2.042507E+02
1.781000E+01 1.731910E+02
1.782000E+01 1.397432E+02
1.783000E+01 1.299533E+02
1.784000E+01 1.355162E+02
1.785000E+01 1.092131E+02
1.786000E+01 9.112636E+01
1.787000E+01 1.291160E+02
1.788000E+01 1.539702E+02
1.789000E+01 1.692190E+02
1.790000E+01 2.051512E+02
1.791000E+01 2.105569E+02
1.792000E+01 2.125763E+02
1.793000E+01 1.457502E+02
1.794000E+01 1.201732E+02
1.795000E+01 1.378443E+02
1.796000E+01 1.617546E+02
1.797000E+01 1.597220E+02
1.798000E+01 1.743537E+02
1.799000E+01 1.973400E+02
1.800000E+01 1.947389E+02
1.801000E+01 1.634993E+02
1.802000E+01 1.560762E+02
1.803000E+01 1.727668E+02
1.804000E+01 1.893950E+02
1.805000E+01 1.929378E+02
1.806000E+01 1.720392E+02
1.807000E+01 1.555322E+02
1.808000E+01 1.462953E+02
1.809000E+01 1.646917E+02
1.810000E+01 1.494392E+02
1.811000E+01 1.377690E+02
1.812000E+01 1.580336E+02
1.813000E+01 1.440919E+02
1.814000E+01 1.884543E+02
1.815000E+01 1.977663E+02
1.816000E+01 2.038595E+02
1.817000E+01 1.610772E+02
1.818000E+01 1.528434E+02
1.819000E+01 1.138612E+02
1.820000E+01 1.371550E+02
1.821000E+01 1.470477E+02
1.822000E+01 9.497146E+01
1.823000E+01 1.180768E+02
1.824000E+01 1.619882E+02
1.825000E+01 1.817207E+02
1.826000E+01 1.799216E+02
1.827000E+01 1.789841E+02
1.828000E+01 1.551151E+02
1.829000E+01 1.554782E+02
1.830000E+01 1.144229E+02
1.831000E+01 8.763687E+01
1.832000E+01 1.256681E+02
1.833000E+01 1.590241E+02
1.834000E+01 1.589786E+02
1.835000E+01 1.951980E+02
1.836000E+01 1.627482E+02
1.837000E+01 1.903662E+02
1.838000E+01 1.553658E+02
1.839000E+01 1.245225E+02
1.840000E+01 1.543355E+02
1.841000E+01 1.585515E+02
1.842000E+01 1.524496E+02
1.843000E+01 1.257543E+02
1.844000E+01 1.765079E+02
1.845000E+01 1.717749E+02
1.846000E+01 1.508130E+02
1.847000E+01 1.437810E+02
1.848000E+01 1.642149E+02
1.849000E+01 1.739846E+02
1.850000E+01 1.513848E+02
1.851000E+01 1.572994E+02
1.852000E+01 1.330728E+02
1.853000E+01 1.053926E+02
1.854000E+01 1.349050E+02
1.855000E+01 1.347868E+02
1.856000E+01 1.478530E+02
1.857000E+01 9.769745E+01
1.858000E+01 1.582526E+02
1.859000E+01 1.599568E+02
1.860000E+01 1.612637E+02
1.861000E+01 1.841005E+02
1.862000E+01 1.667273E+02
1.863000E+01 1.515721E+02
1.864000E+01 1.805731E+02
1.865000E+01 1.726817E+02
1.866000E+01 1.484832E+02
1.867000E+01 1.261791E+02
1.868000E+01 1.478271E+02
1.869000E+01 1.375740E+02
1.870000E+01 1.881658E+02
1.871000E+01 1.624177E+02
1.872000E+01 1.769295E+02
1.873000E+01 2.047850E+02
1.874000E+01 1.542788E+02
1.875000E+01 1.625786E+02
1.876000E+01 1.666100E+02
1.877000E+01 1.605668E+02
1.878000E+01 2.110058E+02
1.879000E+01 1.653800E+02
1.880000E+01 1.854961E+02
1.881000E+01 1.526469E+02
1.882000E+01 1.432880E+02
1.883000E+01 1.719608E+02
1.884000E+01 1.718545E+02
1.885000E+01 1.672050E+02
1.886000E+01 1.533730E+02
1.887000E+01 1.904329E+02
1.888000E+01 1.826138E+02
1.889000E+01 1.708776E+02
1.890000E+01 1.572165E+02
1.891000E+01 1.549981E+02
1.892000E+01 1.769040E+02
1.893000E+01 1.550420E+02
1.894000E+01 1.730133E+02
1.895000E+01 1.740114E+02
1.896000E+01 1.843253E+02
1.897000E+01 1.986111E+02
1.898000E+01 2.013790E+02
1.899000E+01 1.952648E+02
1.900000E+01 1.375528E+02
1.901000E+01 1.739046E+02
1.902000E+01 1.375743E+02
1.903000E+01 1.487531E+02
1.904000E+01 1.483229E+02
1.905000E+01 1.693243E+02
1.906000E+01 1.784317E+02
1.907000E+01 1.737438E+02
1.908000E+01 2.016135E+02
1.909000E+01 1.575446E+02
1.910000E+01 1.885584E+02
1.911000E+01 1.877134E+02
1.912000E+01 1.384643E+02
1.913000E+01 1.770902E+02
1.914000E+01 1.649301E+02
1.915000E+01 1.893216E+02
1.916000E+01 1.624888E+02
1.917000E+01 1.796448E+02
1.918000E+01 1.748882E+02
1.919000E+01 1.514272E+02
1.920000E+01 1.607758E+02
1.921000E+01 1.380225E+02
1.922000E+01 1.538526E+02
1.923000E+01 1.638471E+02
1.924000E+01 1.437517E+02
1.925000E+01 1.703507E+02
1.926000E+01 1.875093E+02
1.927000E+01 1.859423E+02
1.928000E+01 1.869713E+02
1.929000E+01 1.344946E+02
1.930000E+01 1.656116E+02
1.931000E+01 1.585471E+02
1.932000E+01 1.340178E+02
1.933000E+01 2.090705E+02
1.934000E+01 1.842581E+02
1.935000E+01 1.610645E+02
1.936000E+01 1.724084E+02
1.937000E+01 1.544078E+02
1.938000E+01 1.334367E+02
1.939000E+01 1.506904E+02
1.940000E+01 1.612579E+02
1.941000E+01 1.757730E+02
1.942000E+01 1.489013E+02
1.943000E+01 1.676423E+02
1.944000E+01 1.998812E+02
1.945000E+01 1.790116E+02
1.946000E+01 1.754131E+02
1.947000E+01 1.952939E+02
1.948000E+01 1.434914E+02
1.949000E+01 1.397446E+02
1.950000E+01 1.407097E+02
1.951000E+01 1.559150E+02
1.952000E+01 9.824641E+01
1.953000E+01 1.736141E+02
1.954000E+01 1.805774E+02
1.955000E+01 1.158804E+02
1.956000E+01 1.392754E+02
1.957000E+01 1.754159E+02
1.958000E+01 1.319875E+02
1.959000E+01 1.251405E+02
1.960000E+01 1.415492E+02
1.961000E+01 1.326719E+02
1.962000E+01 1.653826E+02
1.963000E+01 1.487673E+02
1.964000E+01 8.105852E+01
1.965000E+01 1.790305E+02
1.966000E+01 1.731028E+02
1.967000E+01 1.486651E+02
1.968000E+01 1.809840E+02
1.969000E+01 1.592678E+02
1.970000E+01 1.360041E+02
1.971000E+01 1.196416E+02
1.972000E+01 1.452729E+02
1.973000E+01 1.205456E+02
1.974000E+01 1.486320E+02
1.975000E+01 1.155229E+02
1.976000E+01 1.903422E+02
1.977000E+01 1.769984E+02
1.978000E+01 1.794926E+02
1.979000E+01 1.649767E+02
1.980000E+01 1.923887E+02
1.981000E+01 1.913956E+02
1.982000E+01 2.002005E+02
1.983000E+01 1.683798E+02
1.984000E+01 1.729055E+02
1.985000E+01 2.128756E+02
1.986000E+01 1.743152E+02
1.987000E+01 1.838263E+02
1.988000E+01 1.992713E+02
1.989000E+01 2.025995E+02
1.990000E+01 1.474417E+02
1.991000E+01 1.540795E+02
1.992000E+01 1.744981E+02
1.993000E+01 2.085570E+02
1.994000E+01 1.796852E+02
1.995000E+01 1.558990E+02
1.996000E+01 1.240400E+02
1.997000E+01 1.655650E+02
1.998000E+01 1.351666E+02
1.999000E+01 1.308054E+02
2.000000E+01 1.338909E+02
