amber                                                                           
         3       179
OW      OW      
  2.513966E-02  0.000000E+00
  7.541899E-02  0.000000E+00
  1.256983E-01  0.000000E+00
  1.759777E-01  0.000000E+00
  2.262570E-01  0.000000E+00
  2.765363E-01  0.000000E+00
  3.268156E-01  0.000000E+00
  3.770950E-01  0.000000E+00
  4.273743E-01  0.000000E+00
  4.776536E-01  0.000000E+00
  5.279330E-01  0.000000E+00
  5.782123E-01  0.000000E+00
  6.284916E-01  0.000000E+00
  6.787709E-01  0.000000E+00
  7.290503E-01  0.000000E+00
  7.793296E-01  0.000000E+00
  8.296089E-01  0.000000E+00
  8.798883E-01  0.000000E+00
  9.301676E-01  0.000000E+00
  9.804469E-01  0.000000E+00
  1.030726E+00  0.000000E+00
  1.081006E+00  0.000000E+00
  1.131285E+00  0.000000E+00
  1.181564E+00  0.000000E+00
  1.231844E+00  0.000000E+00
  1.282123E+00  0.000000E+00
  1.332402E+00  0.000000E+00
  1.382682E+00  0.000000E+00
  1.432961E+00  0.000000E+00
  1.483240E+00  0.000000E+00
  1.533520E+00  0.000000E+00
  1.583799E+00  0.000000E+00
  1.634078E+00  0.000000E+00
  1.684358E+00  0.000000E+00
  1.734637E+00  0.000000E+00
  1.784916E+00  0.000000E+00
  1.835196E+00  0.000000E+00
  1.885475E+00  0.000000E+00
  1.935754E+00  0.000000E+00
  1.986034E+00  0.000000E+00
  2.036313E+00  0.000000E+00
  2.086592E+00  0.000000E+00
  2.136872E+00  0.000000E+00
  2.187151E+00  0.000000E+00
  2.237430E+00  0.000000E+00
  2.287709E+00  0.000000E+00
  2.337989E+00  0.000000E+00
  2.388268E+00  0.000000E+00
  2.438547E+00  0.000000E+00
  2.488827E+00  0.000000E+00
  2.539106E+00  2.072623E+00
  2.589385E+00  3.702629E+01
  2.639665E+00  1.162745E+02
  2.689944E+00  2.117876E+02
  2.740223E+00  2.302185E+02
  2.790503E+00  1.995989E+02
  2.840782E+00  1.451879E+02
  2.891061E+00  8.935966E+01
  2.941341E+00  4.625445E+01
  2.991620E+00  2.176703E+01
  3.041899E+00  1.102075E+01
  3.092179E+00  4.707429E+00
  3.142458E+00  1.709250E+00
  3.192737E+00  7.589268E-01
  3.243017E+00  1.003060E+00
  3.293296E+00  1.102355E+00
  3.343575E+00  1.132360E+00
  3.393855E+00  2.381292E+00
  3.444134E+00  1.660094E+00
  3.494413E+00  4.492428E+00
  3.544693E+00  3.638241E+00
  3.594972E+00  2.557657E+00
  3.645251E+00  5.927871E+00
  3.695531E+00  5.922159E+00
  3.745810E+00  6.766722E+00
  3.796089E+00  7.711173E+00
  3.846369E+00  7.368282E+00
  3.896648E+00  7.735184E+00
  3.946927E+00  8.938890E+00
  3.997207E+00  9.155603E+00
  4.047486E+00  1.275037E+01
  4.097765E+00  1.348649E+01
  4.148045E+00  1.520524E+01
  4.198324E+00  1.967127E+01
  4.248603E+00  2.049419E+01
  4.298883E+00  1.967510E+01
  4.349162E+00  1.896255E+01
  4.399441E+00  1.998506E+01
  4.449721E+00  2.006878E+01
  4.500000E+00  2.302643E+01
  4.550279E+00  2.190896E+01
  4.600559E+00  1.933927E+01
  4.650838E+00  2.201226E+01
  4.701117E+00  2.163940E+01
  4.751397E+00  2.052964E+01
  4.801676E+00  1.787518E+01
  4.851955E+00  1.759626E+01
  4.902235E+00  1.685672E+01
  4.952514E+00  1.605741E+01
  5.002793E+00  1.489326E+01
  5.053073E+00  1.523186E+01
  5.103352E+00  1.225981E+01
  5.153631E+00  1.051243E+01
  5.203911E+00  1.015445E+01
  5.254190E+00  8.610818E+00
  5.304469E+00  7.673506E+00
  5.354749E+00  7.873471E+00
  5.405028E+00  6.644352E+00
  5.455307E+00  6.144328E+00
  5.505587E+00  5.498962E+00
  5.555866E+00  4.192315E+00
  5.606145E+00  3.692282E+00
  5.656425E+00  3.956655E+00
  5.706704E+00  3.325751E+00
  5.756983E+00  3.246694E+00
  5.807263E+00  2.836193E+00
  5.857542E+00  2.664725E+00
  5.907821E+00  2.317304E+00
  5.958101E+00  1.743440E+00
  6.008380E+00  1.597494E+00
  6.058659E+00  1.513610E+00
  6.108939E+00  1.206115E+00
  6.159218E+00  1.019651E+00
  6.209497E+00  9.849656E-01
  6.259777E+00  6.102411E-01
  6.310056E+00  6.005550E-01
  6.360335E+00  5.737124E-01
  6.410615E+00  2.909310E-01
  6.460894E+00  4.043583E-01
  6.511173E+00  4.313157E-01
  6.561453E+00  1.960296E-01
  6.611732E+00  6.435318E-02
  6.662011E+00  0.000000E+00
  6.712291E+00  0.000000E+00
  6.762570E+00  0.000000E+00
  6.812849E+00  0.000000E+00
  6.863128E+00  0.000000E+00
  6.913408E+00  0.000000E+00
  6.963687E+00  0.000000E+00
  7.013966E+00  0.000000E+00
  7.064246E+00  0.000000E+00
  7.114525E+00  0.000000E+00
  7.164804E+00  0.000000E+00
  7.215084E+00  0.000000E+00
  7.265363E+00  0.000000E+00
  7.315642E+00  0.000000E+00
  7.365922E+00  0.000000E+00
  7.416201E+00  0.000000E+00
  7.466480E+00  0.000000E+00
  7.516760E+00  0.000000E+00
  7.567039E+00  0.000000E+00
  7.617318E+00  0.000000E+00
  7.667598E+00  0.000000E+00
  7.717877E+00  0.000000E+00
  7.768156E+00  0.000000E+00
  7.818436E+00  0.000000E+00
  7.868715E+00  0.000000E+00
  7.918994E+00  0.000000E+00
  7.969274E+00  0.000000E+00
  8.019553E+00  0.000000E+00
  8.069832E+00  0.000000E+00
  8.120112E+00  0.000000E+00
  8.170391E+00  0.000000E+00
  8.220670E+00  0.000000E+00
  8.270950E+00  0.000000E+00
  8.321229E+00  0.000000E+00
  8.371508E+00  0.000000E+00
  8.421788E+00  0.000000E+00
  8.472067E+00  0.000000E+00
  8.522346E+00  0.000000E+00
  8.572626E+00  0.000000E+00
  8.622905E+00  0.000000E+00
  8.673184E+00  0.000000E+00
  8.723464E+00  0.000000E+00
  8.773743E+00  0.000000E+00
  8.824022E+00  0.000000E+00
  8.874302E+00  0.000000E+00
  8.924581E+00  0.000000E+00
  8.974860E+00  0.000000E+00
OW      HW      
  2.513966E-02  0.000000E+00
  7.541899E-02  0.000000E+00
  1.256983E-01  0.000000E+00
  1.759777E-01  0.000000E+00
  2.262570E-01  0.000000E+00
  2.765363E-01  0.000000E+00
  3.268156E-01  0.000000E+00
  3.770950E-01  0.000000E+00
  4.273743E-01  0.000000E+00
  4.776536E-01  0.000000E+00
  5.279330E-01  0.000000E+00
  5.782123E-01  0.000000E+00
  6.284916E-01  0.000000E+00
  6.787709E-01  0.000000E+00
  7.290503E-01  0.000000E+00
  7.793296E-01  0.000000E+00
  8.296089E-01  0.000000E+00
  8.798883E-01  0.000000E+00
  9.301676E-01  0.000000E+00
  9.804469E-01  0.000000E+00
  1.030726E+00  0.000000E+00
  1.081006E+00  0.000000E+00
  1.131285E+00  0.000000E+00
  1.181564E+00  0.000000E+00
  1.231844E+00  0.000000E+00
  1.282123E+00  0.000000E+00
  1.332402E+00  0.000000E+00
  1.382682E+00  0.000000E+00
  1.432961E+00  0.000000E+00
  1.483240E+00  0.000000E+00
  1.533520E+00  0.000000E+00
  1.583799E+00  4.906187E-01
  1.634078E+00  1.290502E+01
  1.684358E+00  5.174498E+01
  1.734637E+00  1.023692E+02
  1.784916E+00  1.226203E+02
  1.835196E+00  1.175599E+02
  1.885475E+00  8.605272E+01
  1.935754E+00  6.188744E+01
  1.986034E+00  3.512469E+01
  2.036313E+00  1.818984E+01
  2.086592E+00  9.691648E+00
  2.136872E+00  6.276150E+00
  2.187151E+00  3.344624E+00
  2.237430E+00  1.369714E+00
  2.287709E+00  1.142200E+00
  2.337989E+00  1.093603E+00
  2.388268E+00  7.397953E-01
  2.438547E+00  4.435024E-01
  2.488827E+00  4.825334E-01
  2.539106E+00  5.726984E-01
  2.589385E+00  9.964582E-01
  2.639665E+00  1.766322E+00
  2.689944E+00  3.013041E+00
  2.740223E+00  4.378648E+00
  2.790503E+00  9.076783E+00
  2.840782E+00  1.424863E+01
  2.891061E+00  2.179299E+01
  2.941341E+00  3.523955E+01
  2.991620E+00  4.498782E+01
  3.041899E+00  5.318460E+01
  3.092179E+00  5.670981E+01
  3.142458E+00  5.615598E+01
  3.192737E+00  4.962346E+01
  3.243017E+00  4.309813E+01
  3.293296E+00  3.927950E+01
  3.343575E+00  3.648717E+01
  3.393855E+00  3.559727E+01
  3.444134E+00  3.545487E+01
  3.494413E+00  3.529148E+01
  3.544693E+00  3.247830E+01
  3.594972E+00  2.979398E+01
  3.645251E+00  2.676804E+01
  3.695531E+00  2.195061E+01
  3.745810E+00  1.926009E+01
  3.796089E+00  1.613002E+01
  3.846369E+00  1.449888E+01
  3.896648E+00  1.415029E+01
  3.946927E+00  1.320518E+01
  3.997207E+00  1.376642E+01
  4.047486E+00  1.262158E+01
  4.097765E+00  1.161220E+01
  4.148045E+00  1.180246E+01
  4.198324E+00  1.137183E+01
  4.248603E+00  1.124064E+01
  4.298883E+00  1.030374E+01
  4.349162E+00  1.062460E+01
  4.399441E+00  1.004703E+01
  4.449721E+00  1.102895E+01
  4.500000E+00  1.147848E+01
  4.550279E+00  1.147248E+01
  4.600559E+00  1.187936E+01
  4.650838E+00  1.258308E+01
  4.701117E+00  1.300751E+01
  4.751397E+00  1.293617E+01
  4.801676E+00  1.307847E+01
  4.851955E+00  1.329429E+01
  4.902235E+00  1.315468E+01
  4.952514E+00  1.293195E+01
  5.002793E+00  1.235016E+01
  5.053073E+00  1.196789E+01
  5.103352E+00  1.156446E+01
  5.153631E+00  1.165105E+01
  5.203911E+00  1.120625E+01
  5.254190E+00  1.066162E+01
  5.304469E+00  1.016677E+01
  5.354749E+00  9.357412E+00
  5.405028E+00  8.841081E+00
  5.455307E+00  8.277119E+00
  5.505587E+00  7.204336E+00
  5.555866E+00  6.664414E+00
  5.606145E+00  6.483872E+00
  5.656425E+00  6.011918E+00
  5.706704E+00  5.280170E+00
  5.756983E+00  4.748024E+00
  5.807263E+00  4.509756E+00
  5.857542E+00  3.838229E+00
  5.907821E+00  3.722800E+00
  5.958101E+00  3.392774E+00
  6.008380E+00  3.073227E+00
  6.058659E+00  2.500331E+00
  6.108939E+00  2.756160E+00
  6.159218E+00  1.988320E+00
  6.209497E+00  2.170572E+00
  6.259777E+00  1.817262E+00
  6.310056E+00  1.580873E+00
  6.360335E+00  1.599441E+00
  6.410615E+00  1.313468E+00
  6.460894E+00  1.124622E+00
  6.511173E+00  1.032669E+00
  6.561453E+00  9.801481E-01
  6.611732E+00  9.290990E-01
  6.662011E+00  6.893171E-01
  6.712291E+00  7.765906E-01
  6.762570E+00  5.959211E-01
  6.812849E+00  6.250388E-01
  6.863128E+00  5.151284E-01
  6.913408E+00  4.083375E-01
  6.963687E+00  3.770818E-01
  7.013966E+00  3.288071E-01
  7.064246E+00  3.170966E-01
  7.114525E+00  2.535781E-01
  7.164804E+00  1.678295E-01
  7.215084E+00  1.452334E-01
  7.265363E+00  1.265755E-01
  7.315642E+00  8.870328E-02
  7.365922E+00  5.833097E-02
  7.416201E+00  2.557454E-02
  7.466480E+00  1.261563E-02
  7.516760E+00  0.000000E+00
  7.567039E+00  0.000000E+00
  7.617318E+00  0.000000E+00
  7.667598E+00  0.000000E+00
  7.717877E+00  0.000000E+00
  7.768156E+00  0.000000E+00
  7.818436E+00  0.000000E+00
  7.868715E+00  0.000000E+00
  7.918994E+00  0.000000E+00
  7.969274E+00  0.000000E+00
  8.019553E+00  0.000000E+00
  8.069832E+00  0.000000E+00
  8.120112E+00  0.000000E+00
  8.170391E+00  0.000000E+00
  8.220670E+00  0.000000E+00
  8.270950E+00  0.000000E+00
  8.321229E+00  0.000000E+00
  8.371508E+00  0.000000E+00
  8.421788E+00  0.000000E+00
  8.472067E+00  0.000000E+00
  8.522346E+00  0.000000E+00
  8.572626E+00  0.000000E+00
  8.622905E+00  0.000000E+00
  8.673184E+00  0.000000E+00
  8.723464E+00  0.000000E+00
  8.773743E+00  0.000000E+00
  8.824022E+00  0.000000E+00
  8.874302E+00  0.000000E+00
  8.924581E+00  0.000000E+00
  8.974860E+00  0.000000E+00
HW      HW      
  2.513966E-02  0.000000E+00
  7.541899E-02  0.000000E+00
  1.256983E-01  0.000000E+00
  1.759777E-01  0.000000E+00
  2.262570E-01  0.000000E+00
  2.765363E-01  0.000000E+00
  3.268156E-01  0.000000E+00
  3.770950E-01  0.000000E+00
  4.273743E-01  0.000000E+00
  4.776536E-01  0.000000E+00
  5.279330E-01  0.000000E+00
  5.782123E-01  0.000000E+00
  6.284916E-01  0.000000E+00
  6.787709E-01  0.000000E+00
  7.290503E-01  0.000000E+00
  7.793296E-01  0.000000E+00
  8.296089E-01  0.000000E+00
  8.798883E-01  0.000000E+00
  9.301676E-01  0.000000E+00
  9.804469E-01  0.000000E+00
  1.030726E+00  0.000000E+00
  1.081006E+00  0.000000E+00
  1.131285E+00  0.000000E+00
  1.181564E+00  0.000000E+00
  1.231844E+00  0.000000E+00
  1.282123E+00  0.000000E+00
  1.332402E+00  0.000000E+00
  1.382682E+00  0.000000E+00
  1.432961E+00  0.000000E+00
  1.483240E+00  0.000000E+00
  1.533520E+00  0.000000E+00
  1.583799E+00  0.000000E+00
  1.634078E+00  0.000000E+00
  1.684358E+00  6.197004E-02
  1.734637E+00  2.921494E-01
  1.784916E+00  2.759232E-01
  1.835196E+00  1.044049E+00
  1.885475E+00  3.313524E+00
  1.935754E+00  6.005756E+00
  1.986034E+00  9.717235E+00
  2.036313E+00  1.632421E+01
  2.086592E+00  2.479447E+01
  2.136872E+00  3.376800E+01
  2.187151E+00  3.991497E+01
  2.237430E+00  4.892338E+01
  2.287709E+00  5.492640E+01
  2.337989E+00  5.728552E+01
  2.388268E+00  5.875208E+01
  2.438547E+00  5.617698E+01
  2.488827E+00  5.781885E+01
  2.539106E+00  5.372456E+01
  2.589385E+00  5.220917E+01
  2.639665E+00  4.607578E+01
  2.689944E+00  3.635089E+01
  2.740223E+00  2.777046E+01
  2.790503E+00  1.889867E+01
  2.840782E+00  1.270176E+01
  2.891061E+00  9.466065E+00
  2.941341E+00  6.706489E+00
  2.991620E+00  5.441758E+00
  3.041899E+00  5.073343E+00
  3.092179E+00  5.498130E+00
  3.142458E+00  6.160421E+00
  3.192737E+00  7.365039E+00
  3.243017E+00  9.261584E+00
  3.293296E+00  1.087765E+01
  3.343575E+00  1.299069E+01
  3.393855E+00  1.723384E+01
  3.444134E+00  2.008418E+01
  3.494413E+00  2.465076E+01
  3.544693E+00  2.976361E+01
  3.594972E+00  3.195711E+01
  3.645251E+00  3.437636E+01
  3.695531E+00  3.630541E+01
  3.745810E+00  3.567566E+01
  3.796089E+00  3.501751E+01
  3.846369E+00  3.407236E+01
  3.896648E+00  2.982909E+01
  3.946927E+00  2.522528E+01
  3.997207E+00  2.139242E+01
  4.047486E+00  1.825621E+01
  4.097765E+00  1.566443E+01
  4.148045E+00  1.445929E+01
  4.198324E+00  1.381577E+01
  4.248603E+00  1.365630E+01
  4.298883E+00  1.335776E+01
  4.349162E+00  1.199102E+01
  4.399441E+00  1.189111E+01
  4.449721E+00  1.228103E+01
  4.500000E+00  1.265064E+01
  4.550279E+00  1.127717E+01
  4.600559E+00  1.105695E+01
  4.650838E+00  1.081104E+01
  4.701117E+00  1.092312E+01
  4.751397E+00  1.049847E+01
  4.801676E+00  9.989970E+00
  4.851955E+00  1.006034E+01
  4.902235E+00  9.737974E+00
  4.952514E+00  9.161325E+00
  5.002793E+00  9.020255E+00
  5.053073E+00  8.765896E+00
  5.103352E+00  9.336631E+00
  5.153631E+00  8.672089E+00
  5.203911E+00  8.083304E+00
  5.254190E+00  8.133147E+00
  5.304469E+00  7.948452E+00
  5.354749E+00  7.793755E+00
  5.405028E+00  7.643412E+00
  5.455307E+00  7.804478E+00
  5.505587E+00  7.256541E+00
  5.555866E+00  6.892257E+00
  5.606145E+00  6.769184E+00
  5.656425E+00  6.709828E+00
  5.706704E+00  6.516529E+00
  5.756983E+00  5.984102E+00
  5.807263E+00  5.740163E+00
  5.857542E+00  5.144970E+00
  5.907821E+00  4.936866E+00
  5.958101E+00  4.705307E+00
  6.008380E+00  4.719425E+00
  6.058659E+00  4.387554E+00
  6.108939E+00  3.792665E+00
  6.159218E+00  3.712458E+00
  6.209497E+00  3.260419E+00
  6.259777E+00  3.033257E+00
  6.310056E+00  2.843804E+00
  6.360335E+00  2.668632E+00
  6.410615E+00  2.216209E+00
  6.460894E+00  2.047064E+00
  6.511173E+00  1.928479E+00
  6.561453E+00  1.780602E+00
  6.611732E+00  1.500233E+00
  6.662011E+00  1.200363E+00
  6.712291E+00  1.030251E+00
  6.762570E+00  8.227555E-01
  6.812849E+00  8.409613E-01
  6.863128E+00  7.764253E-01
  6.913408E+00  7.026348E-01
  6.963687E+00  6.345126E-01
  7.013966E+00  5.611164E-01
  7.064246E+00  5.108779E-01
  7.114525E+00  4.793669E-01
  7.164804E+00  5.514396E-01
  7.215084E+00  3.647723E-01
  7.265363E+00  4.263597E-01
  7.315642E+00  3.351013E-01
  7.365922E+00  3.013767E-01
  7.416201E+00  3.036977E-01
  7.466480E+00  2.491588E-01
  7.516760E+00  2.489485E-01
  7.567039E+00  2.026623E-01
  7.617318E+00  1.848445E-01
  7.667598E+00  1.375689E-01
  7.717877E+00  1.712038E-01
  7.768156E+00  1.602536E-01
  7.818436E+00  1.524464E-01
  7.868715E+00  1.164280E-01
  7.918994E+00  1.065429E-01
  7.969274E+00  9.412881E-02
  8.019553E+00  4.921000E-02
  8.069832E+00  4.319884E-02
  8.120112E+00  2.133277E-02
  8.170391E+00  1.316939E-02
  8.220670E+00  1.300879E-02
  8.270950E+00  1.285111E-02
  8.321229E+00  2.539255E-03
  8.371508E+00  0.000000E+00
  8.421788E+00  0.000000E+00
  8.472067E+00  0.000000E+00
  8.522346E+00  0.000000E+00
  8.572626E+00  0.000000E+00
  8.622905E+00  0.000000E+00
  8.673184E+00  0.000000E+00
  8.723464E+00  0.000000E+00
  8.773743E+00  0.000000E+00
  8.824022E+00  0.000000E+00
  8.874302E+00  0.000000E+00
  8.924581E+00  0.000000E+00
  8.974860E+00  0.000000E+00
