amber                                                                           
         2         2        18  -17642.7048616    
     25.196959335562      0.000000000000      0.000000000000
      0.000000000000     25.196959335562      0.000000000000
      0.000000000000      0.000000000000     25.196959335562
OW               1
    -7.779033603         9.721407904         8.318068600    
   1.92995317120       2.23869297283      0.832817695735    
   899.144061362      -9340.54100670      -5729.72205324    
HW               2
    -7.485968448         10.34537100         8.982218655    
   11.5607225024      -7.35761618744       5.59875855285    
  -1731.39735756       6907.33555302       4476.80222379    
HW               3
    -8.643267229         10.03844741         8.055583110    
 -0.721343896812       7.56493489265       15.9954430738    
  -549.212395271       2934.91421396       1737.98375955    
OW               4
    -3.731924002         11.59414281         8.619147314    
  -3.93438972850      -1.80937263541     -0.272576518956    
  -1719.80983454       10200.2875804       9029.66969456    
HW               5
    -4.009990190         12.01175256         7.803921133    
  -2.01644004002      -4.22936187776      -2.16644116474    
   404.076373691      -2017.74748400      -2651.82002800    
HW               6
    -3.631564209         10.66940917         8.393076458    
  -4.49137217091      -2.66617115839       2.98486141603    
   1676.69325242      -7375.85519641      -6409.58411540    
OW               7
    -5.926232069         7.893378675         7.465786953    
   4.45703634801     -0.356716943983      0.157306267299E-01
   11518.9446263      -5189.65702962      -2129.44188108    
HW               8
    -6.327437363         7.126746767         7.056369982    
  -5.70284536927      0.675035096359       8.03988334103    
  -2085.07139818       495.980547732       128.027225682    
HW               9
    -6.666344958         8.411329332         7.782445233    
   12.4463892011      -2.99419633391       23.0029937578    
  -7657.37140657       5983.94872374       2565.22922658    
OW              10
    -7.626992888         11.89589733         10.16858864    
 -0.653098426430       2.07351202437      -3.58881939816    
  -5750.48782977      -6761.27118596      -3704.73631303    
HW              11
    -6.719723796         12.20068855         10.18524805    
  -4.92926560726       14.3877876155       3.99556072483    
   5766.81985593       5566.57992716       2257.68508413    
HW              12
    -7.951556829         12.05971152         11.05410296    
  -13.2256990194       6.58872398118      -9.03228713004    
   1597.56496865       1694.53235241       891.315503830    
OW              13
    -3.418408482         9.066919510         7.702283876    
  -2.14887401889      0.803600883340      0.895876282315    
   8069.15802464       6925.43732402       1394.66235044    
HW              14
    -4.304499138         8.724759257         7.583615687    
  -6.85489894195       9.57706669813       10.7387282786    
  -8293.17580345      -6133.33326035      -945.103236268    
HW              15
    -3.075713798         8.589055018         8.457610507    
   3.01991333857      -5.60143042668      -5.50142626377    
  -1252.57471611      -2768.11304133      -220.301901582    
OW              16
    -5.013637339        -12.04281244         10.46941171    
  0.976778241165      -3.31380853546      -1.19835043618    
  -9680.22252105       3378.81473882       6082.69888615    
HW              17
    -4.367247915        -11.64473344         11.05252941    
   1.35181961372      -5.80130782093      0.840637938601E-01
   1858.18237127      -539.024548455      -1033.72727118    
HW              18
    -4.526839920         12.47900063         9.996634567    
 -0.396412989506      -4.36386611628      -1.11273607470    
   6928.73972818      -3962.28820843      -5739.63715492    
