amber                                                                           
         2       128
OW      
 -6.350000E+00  0.000000E+00
 -6.250000E+00  0.000000E+00
 -6.150000E+00  0.000000E+00
 -6.050000E+00  0.000000E+00
 -5.950000E+00  0.000000E+00
 -5.850000E+00  0.000000E+00
 -5.750000E+00  0.000000E+00
 -5.650000E+00  0.000000E+00
 -5.550000E+00  0.000000E+00
 -5.450000E+00  0.000000E+00
 -5.350000E+00  0.000000E+00
 -5.250000E+00  0.000000E+00
 -5.150000E+00  0.000000E+00
 -5.050000E+00  0.000000E+00
 -4.950000E+00  0.000000E+00
 -4.850000E+00  0.000000E+00
 -4.750000E+00  0.000000E+00
 -4.650000E+00  0.000000E+00
 -4.550000E+00  0.000000E+00
 -4.450000E+00  0.000000E+00
 -4.350000E+00  0.000000E+00
 -4.250000E+00  0.000000E+00
 -4.150000E+00  0.000000E+00
 -4.050000E+00  0.000000E+00
 -3.950000E+00  0.000000E+00
 -3.850000E+00  0.000000E+00
 -3.750000E+00  0.000000E+00
 -3.650000E+00  0.000000E+00
 -3.550000E+00  0.000000E+00
 -3.450000E+00  0.000000E+00
 -3.350000E+00  0.000000E+00
 -3.250000E+00  0.000000E+00
 -3.150000E+00  0.000000E+00
 -3.050000E+00  0.000000E+00
 -2.950000E+00  0.000000E+00
 -2.850000E+00  0.000000E+00
 -2.750000E+00  0.000000E+00
 -2.650000E+00  0.000000E+00
 -2.550000E+00  0.000000E+00
 -2.450000E+00  0.000000E+00
 -2.350000E+00  0.000000E+00
 -2.250000E+00  0.000000E+00
 -2.150000E+00  0.000000E+00
 -2.050000E+00  0.000000E+00
 -1.950000E+00  0.000000E+00
 -1.850000E+00  0.000000E+00
 -1.750000E+00  0.000000E+00
 -1.650000E+00  0.000000E+00
 -1.550000E+00  0.000000E+00
 -1.450000E+00  0.000000E+00
 -1.350000E+00  0.000000E+00
 -1.250000E+00  0.000000E+00
 -1.150000E+00  0.000000E+00
 -1.050000E+00  0.000000E+00
 -9.500000E-01  0.000000E+00
 -8.500000E-01  0.000000E+00
 -7.500000E-01  0.000000E+00
 -6.500000E-01  0.000000E+00
 -5.500000E-01  0.000000E+00
 -4.500000E-01  0.000000E+00
 -3.500000E-01  0.000000E+00
 -2.500000E-01  0.000000E+00
 -1.500000E-01  0.000000E+00
 -5.000000E-02  0.000000E+00
  5.000000E-02  0.000000E+00
  1.500000E-01  0.000000E+00
  2.500000E-01  0.000000E+00
  3.500000E-01  0.000000E+00
  4.500000E-01  0.000000E+00
  5.500000E-01  0.000000E+00
  6.500000E-01  0.000000E+00
  7.500000E-01  0.000000E+00
  8.500000E-01  0.000000E+00
  9.500000E-01  0.000000E+00
  1.050000E+00  0.000000E+00
  1.150000E+00  0.000000E+00
  1.250000E+00  0.000000E+00
  1.350000E+00  0.000000E+00
  1.450000E+00  0.000000E+00
  1.550000E+00  0.000000E+00
  1.650000E+00  0.000000E+00
  1.750000E+00  0.000000E+00
  1.850000E+00  0.000000E+00
  1.950000E+00  0.000000E+00
  2.050000E+00  0.000000E+00
  2.150000E+00  0.000000E+00
  2.250000E+00  0.000000E+00
  2.350000E+00  0.000000E+00
  2.450000E+00  0.000000E+00
  2.550000E+00  0.000000E+00
  2.650000E+00  0.000000E+00
  2.750000E+00  0.000000E+00
  2.850000E+00  0.000000E+00
  2.950000E+00  0.000000E+00
  3.050000E+00  0.000000E+00
  3.150000E+00  0.000000E+00
  3.250000E+00  0.000000E+00
  3.350000E+00  0.000000E+00
  3.450000E+00  0.000000E+00
  3.550000E+00  0.000000E+00
  3.650000E+00  0.000000E+00
  3.750000E+00  0.000000E+00
  3.850000E+00  0.000000E+00
  3.950000E+00  0.000000E+00
  4.050000E+00  0.000000E+00
  4.150000E+00  0.000000E+00
  4.250000E+00  0.000000E+00
  4.350000E+00  0.000000E+00
  4.450000E+00  0.000000E+00
  4.550000E+00  0.000000E+00
  4.650000E+00  0.000000E+00
  4.750000E+00  0.000000E+00
  4.850000E+00  0.000000E+00
  4.950000E+00  0.000000E+00
  5.050000E+00  0.000000E+00
  5.150000E+00  0.000000E+00
  5.250000E+00  0.000000E+00
  5.350000E+00  0.000000E+00
  5.450000E+00  0.000000E+00
  5.550000E+00  0.000000E+00
  5.650000E+00  0.000000E+00
  5.750000E+00  0.000000E+00
  5.850000E+00  9.441643E-05
  5.950000E+00  1.524265E-04
  6.050000E+00  3.008524E-04
  6.150000E+00  3.116542E-04
  6.250000E+00  3.344582E-04
  6.350000E+00  6.289094E-04
HW      
 -6.350000E+00  0.000000E+00
 -6.250000E+00  0.000000E+00
 -6.150000E+00  0.000000E+00
 -6.050000E+00  0.000000E+00
 -5.950000E+00  0.000000E+00
 -5.850000E+00  0.000000E+00
 -5.750000E+00  0.000000E+00
 -5.650000E+00  0.000000E+00
 -5.550000E+00  0.000000E+00
 -5.450000E+00  0.000000E+00
 -5.350000E+00  0.000000E+00
 -5.250000E+00  0.000000E+00
 -5.150000E+00  0.000000E+00
 -5.050000E+00  0.000000E+00
 -4.950000E+00  0.000000E+00
 -4.850000E+00  0.000000E+00
 -4.750000E+00  0.000000E+00
 -4.650000E+00  0.000000E+00
 -4.550000E+00  0.000000E+00
 -4.450000E+00  0.000000E+00
 -4.350000E+00  0.000000E+00
 -4.250000E+00  0.000000E+00
 -4.150000E+00  0.000000E+00
 -4.050000E+00  0.000000E+00
 -3.950000E+00  0.000000E+00
 -3.850000E+00  0.000000E+00
 -3.750000E+00  0.000000E+00
 -3.650000E+00  0.000000E+00
 -3.550000E+00  0.000000E+00
 -3.450000E+00  0.000000E+00
 -3.350000E+00  0.000000E+00
 -3.250000E+00  0.000000E+00
 -3.150000E+00  0.000000E+00
 -3.050000E+00  0.000000E+00
 -2.950000E+00  0.000000E+00
 -2.850000E+00  0.000000E+00
 -2.750000E+00  0.000000E+00
 -2.650000E+00  0.000000E+00
 -2.550000E+00  0.000000E+00
 -2.450000E+00  0.000000E+00
 -2.350000E+00  0.000000E+00
 -2.250000E+00  0.000000E+00
 -2.150000E+00  0.000000E+00
 -2.050000E+00  0.000000E+00
 -1.950000E+00  0.000000E+00
 -1.850000E+00  0.000000E+00
 -1.750000E+00  0.000000E+00
 -1.650000E+00  0.000000E+00
 -1.550000E+00  0.000000E+00
 -1.450000E+00  0.000000E+00
 -1.350000E+00  0.000000E+00
 -1.250000E+00  0.000000E+00
 -1.150000E+00  0.000000E+00
 -1.050000E+00  0.000000E+00
 -9.500000E-01  0.000000E+00
 -8.500000E-01  0.000000E+00
 -7.500000E-01  0.000000E+00
 -6.500000E-01  0.000000E+00
 -5.500000E-01  0.000000E+00
 -4.500000E-01  0.000000E+00
 -3.500000E-01  0.000000E+00
 -2.500000E-01  0.000000E+00
 -1.500000E-01  0.000000E+00
 -5.000000E-02  0.000000E+00
  5.000000E-02  0.000000E+00
  1.500000E-01  0.000000E+00
  2.500000E-01  0.000000E+00
  3.500000E-01  0.000000E+00
  4.500000E-01  0.000000E+00
  5.500000E-01  0.000000E+00
  6.500000E-01  0.000000E+00
  7.500000E-01  0.000000E+00
  8.500000E-01  0.000000E+00
  9.500000E-01  0.000000E+00
  1.050000E+00  0.000000E+00
  1.150000E+00  0.000000E+00
  1.250000E+00  0.000000E+00
  1.350000E+00  0.000000E+00
  1.450000E+00  0.000000E+00
  1.550000E+00  0.000000E+00
  1.650000E+00  0.000000E+00
  1.750000E+00  0.000000E+00
  1.850000E+00  0.000000E+00
  1.950000E+00  0.000000E+00
  2.050000E+00  0.000000E+00
  2.150000E+00  0.000000E+00
  2.250000E+00  0.000000E+00
  2.350000E+00  0.000000E+00
  2.450000E+00  0.000000E+00
  2.550000E+00  0.000000E+00
  2.650000E+00  0.000000E+00
  2.750000E+00  0.000000E+00
  2.850000E+00  0.000000E+00
  2.950000E+00  0.000000E+00
  3.050000E+00  0.000000E+00
  3.150000E+00  0.000000E+00
  3.250000E+00  0.000000E+00
  3.350000E+00  0.000000E+00
  3.450000E+00  0.000000E+00
  3.550000E+00  0.000000E+00
  3.650000E+00  0.000000E+00
  3.750000E+00  0.000000E+00
  3.850000E+00  0.000000E+00
  3.950000E+00  0.000000E+00
  4.050000E+00  0.000000E+00
  4.150000E+00  0.000000E+00
  4.250000E+00  0.000000E+00
  4.350000E+00  0.000000E+00
  4.450000E+00  0.000000E+00
  4.550000E+00  0.000000E+00
  4.650000E+00  0.000000E+00
  4.750000E+00  0.000000E+00
  4.850000E+00  0.000000E+00
  4.950000E+00  1.640285E-05
  5.050000E+00  3.080536E-05
  5.150000E+00  1.232214E-04
  5.250000E+00  1.424248E-04
  5.350000E+00  2.436424E-04
  5.450000E+00  2.884502E-04
  5.550000E+00  4.004697E-04
  5.650000E+00  2.964516E-04
  5.750000E+00  3.076535E-04
  5.850000E+00  3.852670E-04
  5.950000E+00  2.972517E-04
  6.050000E+00  4.032702E-04
  6.150000E+00  5.745000E-04
  6.250000E+00  6.697165E-04
  6.350000E+00  8.657506E-04
