  2.513966E-02  0.000000E+00
  7.541899E-02  0.000000E+00
  1.256983E-01  0.000000E+00
  1.759777E-01  0.000000E+00
  2.262570E-01  0.000000E+00
  2.765363E-01  0.000000E+00
  3.268156E-01  0.000000E+00
  3.770950E-01  0.000000E+00
  4.273743E-01  0.000000E+00
  4.776536E-01  0.000000E+00
  5.279330E-01  0.000000E+00
  5.782123E-01  0.000000E+00
  6.284916E-01  0.000000E+00
  6.787709E-01  0.000000E+00
  7.290503E-01  0.000000E+00
  7.793296E-01  0.000000E+00
  8.296089E-01  0.000000E+00
  8.798883E-01  0.000000E+00
  9.301676E-01  0.000000E+00
  9.804469E-01  0.000000E+00
  1.030726E+00  0.000000E+00
  1.081006E+00  0.000000E+00
  1.131285E+00  0.000000E+00
  1.181564E+00  0.000000E+00
  1.231844E+00  0.000000E+00
  1.282123E+00  0.000000E+00
  1.332402E+00  0.000000E+00
  1.382682E+00  0.000000E+00
  1.432961E+00  0.000000E+00
  1.483240E+00  1.438436E-02
  1.533520E+00  4.037000E-02
  1.583799E+00  5.992557E-02
  1.634078E+00  1.688846E-01
  1.684358E+00  3.095403E-01
  1.734637E+00  6.625949E-01
  1.784916E+00  1.057889E+00
  1.835196E+00  1.844051E+00
  1.885475E+00  2.875348E+00
  1.935754E+00  4.100336E+00
  1.986034E+00  5.694612E+00
  2.036313E+00  7.342079E+00
  2.086592E+00  9.194951E+00
  2.136872E+00  1.103717E+01
  2.187151E+00  1.253187E+01
  2.237430E+00  1.426030E+01
  2.287709E+00  1.560111E+01
  2.337989E+00  1.735597E+01
  2.388268E+00  1.803112E+01
  2.438547E+00  1.866702E+01
  2.488827E+00  1.942381E+01
  2.539106E+00  1.854684E+01
  2.589385E+00  1.845428E+01
  2.639665E+00  1.775457E+01
  2.689944E+00  1.718345E+01
  2.740223E+00  1.552395E+01
  2.790503E+00  1.440973E+01
  2.840782E+00  1.349241E+01
  2.891061E+00  1.256242E+01
  2.941341E+00  1.175251E+01
  2.991620E+00  1.132102E+01
  3.041899E+00  1.062067E+01
  3.092179E+00  1.054207E+01
  3.142458E+00  1.041174E+01
  3.192737E+00  1.064369E+01
  3.243017E+00  1.063669E+01
  3.293296E+00  1.079368E+01
  3.343575E+00  1.123372E+01
  3.393855E+00  1.134503E+01
  3.444134E+00  1.177792E+01
  3.494413E+00  1.209975E+01
  3.544693E+00  1.246986E+01
  3.594972E+00  1.280305E+01
  3.645251E+00  1.295723E+01
  3.695531E+00  1.309138E+01
  3.745810E+00  1.309586E+01
  3.796089E+00  1.290773E+01
  3.846369E+00  1.262276E+01
  3.896648E+00  1.216572E+01
  3.946927E+00  1.165713E+01
  3.997207E+00  1.103443E+01
  4.047486E+00  1.056928E+01
  4.097765E+00  1.016261E+01
  4.148045E+00  9.603214E+00
  4.198324E+00  9.221955E+00
  4.248603E+00  9.030839E+00
  4.298883E+00  8.697527E+00
  4.349162E+00  8.481279E+00
  4.399441E+00  8.303247E+00
  4.449721E+00  8.218563E+00
  4.500000E+00  8.046095E+00
  4.550279E+00  7.942252E+00
  4.600559E+00  7.883619E+00
  4.650838E+00  7.761272E+00
  4.701117E+00  7.761901E+00
  4.751397E+00  7.542774E+00
  4.801676E+00  7.517071E+00
  4.851955E+00  7.340912E+00
  4.902235E+00  7.301396E+00
  4.952514E+00  7.080349E+00
  5.002793E+00  6.924205E+00
  5.053073E+00  6.871691E+00
  5.103352E+00  6.703843E+00
  5.153631E+00  6.588570E+00
  5.203911E+00  6.492841E+00
  5.254190E+00  6.337358E+00
  5.304469E+00  6.405909E+00
  5.354749E+00  6.319012E+00
  5.405028E+00  6.206601E+00
  5.455307E+00  6.174075E+00
  5.505587E+00  6.056602E+00
  5.555866E+00  5.979517E+00
  5.606145E+00  5.819876E+00
  5.656425E+00  5.720829E+00
  5.706704E+00  5.715946E+00
  5.756983E+00  5.620600E+00
  5.807263E+00  5.468561E+00
  5.857542E+00  5.407138E+00
  5.907821E+00  5.277636E+00
  5.958101E+00  5.192058E+00
  6.008380E+00  5.033420E+00
  6.058659E+00  4.993980E+00
  6.108939E+00  4.938191E+00
  6.159218E+00  4.735678E+00
  6.209497E+00  4.671610E+00
  6.259777E+00  4.649970E+00
  6.310056E+00  4.497472E+00
  6.360335E+00  4.287587E+00
  6.410615E+00  4.246587E+00
  6.460894E+00  4.157056E+00
  6.511173E+00  4.052978E+00
  6.561453E+00  4.006355E+00
  6.611732E+00  3.870180E+00
  6.662011E+00  3.787560E+00
  6.712291E+00  3.744552E+00
  6.762570E+00  3.663646E+00
  6.812849E+00  3.583518E+00
  6.863128E+00  3.490555E+00
  6.913408E+00  3.437485E+00
  6.963687E+00  3.347725E+00
  7.013966E+00  3.264518E+00
  7.064246E+00  3.186346E+00
  7.114525E+00  3.092229E+00
  7.164804E+00  3.046516E+00
  7.215084E+00  2.948880E+00
  7.265363E+00  2.846001E+00
  7.315642E+00  2.812338E+00
  7.365922E+00  2.747680E+00
  7.416201E+00  2.697891E+00
  7.466480E+00  2.608881E+00
  7.516760E+00  2.578438E+00
  7.567039E+00  2.481554E+00
  7.617318E+00  2.433084E+00
  7.667598E+00  2.404644E+00
  7.717877E+00  2.349108E+00
  7.768156E+00  2.305816E+00
  7.818436E+00  2.302272E+00
  7.868715E+00  2.208411E+00
  7.918994E+00  2.142480E+00
  7.969274E+00  2.085382E+00
  8.019553E+00  2.045906E+00
  8.069832E+00  1.995827E+00
  8.120112E+00  1.965908E+00
  8.170391E+00  1.879561E+00
  8.220670E+00  1.849030E+00
  8.270950E+00  1.844082E+00
  8.321229E+00  1.788156E+00
  8.371508E+00  1.743936E+00
  8.421788E+00  1.713135E+00
  8.472067E+00  1.638626E+00
  8.522346E+00  1.607039E+00
  8.572626E+00  1.546362E+00
  8.622905E+00  1.511249E+00
  8.673184E+00  1.470428E+00
  8.723464E+00  1.395927E+00
  8.773743E+00  1.345233E+00
  8.824022E+00  1.329540E+00
  8.874302E+00  1.284276E+00
  8.924581E+00  1.236270E+00
  8.974860E+00  1.188764E+00
