  2.513966E-02  0.000000E+00
  7.541899E-02  0.000000E+00
  1.256983E-01  0.000000E+00
  1.759777E-01  0.000000E+00
  2.262570E-01  0.000000E+00
  2.765363E-01  0.000000E+00
  3.268156E-01  0.000000E+00
  3.770950E-01  0.000000E+00
  4.273743E-01  0.000000E+00
  4.776536E-01  0.000000E+00
  5.279330E-01  0.000000E+00
  5.782123E-01  0.000000E+00
  6.284916E-01  0.000000E+00
  6.787709E-01  0.000000E+00
  7.290503E-01  0.000000E+00
  7.793296E-01  0.000000E+00
  8.296089E-01  0.000000E+00
  8.798883E-01  0.000000E+00
  9.301676E-01  0.000000E+00
  9.804469E-01  0.000000E+00
  1.030726E+00  0.000000E+00
  1.081006E+00  0.000000E+00
  1.131285E+00  0.000000E+00
  1.181564E+00  0.000000E+00
  1.231844E+00  0.000000E+00
  1.282123E+00  0.000000E+00
  1.332402E+00  0.000000E+00
  1.382682E+00  0.000000E+00
  1.432961E+00  0.000000E+00
  1.483240E+00  0.000000E+00
  1.533520E+00  0.000000E+00
  1.583799E+00  0.000000E+00
  1.634078E+00  0.000000E+00
  1.684358E+00  0.000000E+00
  1.734637E+00  0.000000E+00
  1.784916E+00  0.000000E+00
  1.835196E+00  0.000000E+00
  1.885475E+00  0.000000E+00
  1.935754E+00  0.000000E+00
  1.986034E+00  0.000000E+00
  2.036313E+00  0.000000E+00
  2.086592E+00  0.000000E+00
  2.136872E+00  0.000000E+00
  2.187151E+00  0.000000E+00
  2.237430E+00  0.000000E+00
  2.287709E+00  0.000000E+00
  2.337989E+00  0.000000E+00
  2.388268E+00  0.000000E+00
  2.438547E+00  4.257623E-02
  2.488827E+00  4.700443E-01
  2.539106E+00  2.778405E+00
  2.589385E+00  9.614773E+00
  2.639665E+00  2.117013E+01
  2.689944E+00  3.542753E+01
  2.740223E+00  4.622728E+01
  2.790503E+00  4.798231E+01
  2.840782E+00  4.549104E+01
  2.891061E+00  3.943563E+01
  2.941341E+00  3.244722E+01
  2.991620E+00  2.757144E+01
  3.041899E+00  2.225545E+01
  3.092179E+00  1.881353E+01
  3.142458E+00  1.676774E+01
  3.192737E+00  1.486531E+01
  3.243017E+00  1.368875E+01
  3.293296E+00  1.283336E+01
  3.343575E+00  1.167463E+01
  3.393855E+00  1.072131E+01
  3.444134E+00  1.015978E+01
  3.494413E+00  9.514444E+00
  3.544693E+00  9.294306E+00
  3.594972E+00  9.361841E+00
  3.645251E+00  9.022008E+00
  3.695531E+00  8.467658E+00
  3.745810E+00  9.022295E+00
  3.796089E+00  8.686051E+00
  3.846369E+00  8.691483E+00
  3.896648E+00  8.827142E+00
  3.946927E+00  8.741828E+00
  3.997207E+00  8.307389E+00
  4.047486E+00  8.324445E+00
  4.097765E+00  8.643497E+00
  4.148045E+00  8.705614E+00
  4.198324E+00  8.728178E+00
  4.248603E+00  8.645550E+00
  4.298883E+00  9.105538E+00
  4.349162E+00  8.740620E+00
  4.399441E+00  8.564870E+00
  4.449721E+00  8.156626E+00
  4.500000E+00  8.417670E+00
  4.550279E+00  8.701933E+00
  4.600559E+00  8.455946E+00
  4.650838E+00  8.344336E+00
  4.701117E+00  7.857488E+00
  4.751397E+00  7.917775E+00
  4.801676E+00  7.851659E+00
  4.851955E+00  7.809424E+00
  4.902235E+00  7.544699E+00
  4.952514E+00  7.745836E+00
  5.002793E+00  7.402510E+00
  5.053073E+00  7.451769E+00
  5.103352E+00  7.583937E+00
  5.153631E+00  7.204322E+00
  5.203911E+00  6.959432E+00
  5.254190E+00  6.941517E+00
  5.304469E+00  6.567596E+00
  5.354749E+00  6.766034E+00
  5.405028E+00  6.729573E+00
  5.455307E+00  6.628430E+00
  5.505587E+00  6.584137E+00
  5.555866E+00  6.609048E+00
  5.606145E+00  6.199006E+00
  5.656425E+00  6.232721E+00
  5.706704E+00  5.880425E+00
  5.756983E+00  5.778160E+00
  5.807263E+00  5.601586E+00
  5.857542E+00  5.452335E+00
  5.907821E+00  5.171317E+00
  5.958101E+00  5.015758E+00
  6.008380E+00  4.847127E+00
  6.058659E+00  4.703209E+00
  6.108939E+00  4.804199E+00
  6.159218E+00  4.777808E+00
  6.209497E+00  4.648217E+00
  6.259777E+00  4.375967E+00
  6.310056E+00  4.164231E+00
  6.360335E+00  4.175322E+00
  6.410615E+00  4.035383E+00
  6.460894E+00  4.132037E+00
  6.511173E+00  3.857953E+00
  6.561453E+00  3.884327E+00
  6.611732E+00  3.947102E+00
  6.662011E+00  3.859938E+00
  6.712291E+00  3.615478E+00
  6.762570E+00  3.602055E+00
  6.812849E+00  3.701139E+00
  6.863128E+00  3.625608E+00
  6.913408E+00  3.468441E+00
  6.963687E+00  3.350009E+00
  7.013966E+00  3.486785E+00
  7.064246E+00  3.315562E+00
  7.114525E+00  3.118177E+00
  7.164804E+00  3.021547E+00
  7.215084E+00  2.905411E+00
  7.265363E+00  2.856344E+00
  7.315642E+00  2.795336E+00
  7.365922E+00  2.661059E+00
  7.416201E+00  2.706234E+00
  7.466480E+00  2.753930E+00
  7.516760E+00  2.670720E+00
  7.567039E+00  2.499932E+00
  7.617318E+00  2.422312E+00
  7.667598E+00  2.319591E+00
  7.717877E+00  2.273527E+00
  7.768156E+00  2.257303E+00
  7.818436E+00  2.296188E+00
  7.868715E+00  2.217868E+00
  7.918994E+00  2.097438E+00
  7.969274E+00  2.046139E+00
  8.019553E+00  2.018594E+00
  8.069832E+00  1.958528E+00
  8.120112E+00  1.833551E+00
  8.170391E+00  1.828596E+00
  8.220670E+00  1.829712E+00
  8.270950E+00  1.767747E+00
  8.321229E+00  1.751476E+00
  8.371508E+00  1.698438E+00
  8.421788E+00  1.634936E+00
  8.472067E+00  1.651744E+00
  8.522346E+00  1.562157E+00
  8.572626E+00  1.509434E+00
  8.622905E+00  1.425908E+00
  8.673184E+00  1.422045E+00
  8.723464E+00  1.352882E+00
  8.773743E+00  1.397036E+00
  8.824022E+00  1.338482E+00
  8.874302E+00  1.236554E+00
  8.924581E+00  1.221468E+00
  8.974860E+00  1.197605E+00
