amber                                                                           
         2       128
OW      
 -6.350000E+00  0.000000E+00
 -6.250000E+00  0.000000E+00
 -6.150000E+00  0.000000E+00
 -6.050000E+00  5.260915E-05
 -5.950000E+00  4.500783E-05
 -5.850000E+00  4.340755E-05
 -5.750000E+00  4.200731E-05
 -5.650000E+00  1.292225E-04
 -5.550000E+00  2.372413E-04
 -5.450000E+00  3.318577E-04
 -5.350000E+00  4.910855E-04
 -5.250000E+00  3.838668E-04
 -5.150000E+00  2.926509E-04
 -5.050000E+00  2.606454E-04
 -4.950000E+00  2.330406E-04
 -4.850000E+00  2.610454E-04
 -4.750000E+00  3.524613E-04
 -4.650000E+00  4.542790E-04
 -4.550000E+00  5.907028E-04
 -4.450000E+00  5.056880E-04
 -4.350000E+00  5.072883E-04
 -4.250000E+00  6.449122E-04
 -4.150000E+00  7.015221E-04
 -4.050000E+00  8.607498E-04
 -3.950000E+00  6.761177E-04
 -3.850000E+00  7.615325E-04
 -3.750000E+00  6.131067E-04
 -3.650000E+00  5.468952E-04
 -3.550000E+00  7.265264E-04
 -3.450000E+00  7.193252E-04
 -3.350000E+00  8.205428E-04
 -3.250000E+00  1.042781E-03
 -3.150000E+00  1.091790E-03
 -3.050000E+00  1.119395E-03
 -2.950000E+00  1.512663E-03
 -2.850000E+00  1.391042E-03
 -2.750000E+00  1.728101E-03
 -2.650000E+00  1.559871E-03
 -2.550000E+00  1.869725E-03
 -2.450000E+00  1.973543E-03
 -2.350000E+00  2.037154E-03
 -2.250000E+00  2.159776E-03
 -2.150000E+00  2.341007E-03
 -2.050000E+00  2.009550E-03
 -1.950000E+00  2.125170E-03
 -1.850000E+00  1.743503E-03
 -1.750000E+00  1.994147E-03
 -1.650000E+00  1.750905E-03
 -1.550000E+00  1.902331E-03
 -1.450000E+00  1.755505E-03
 -1.350000E+00  1.956140E-03
 -1.250000E+00  1.995547E-03
 -1.150000E+00  2.162776E-03
 -1.050000E+00  2.102766E-03
 -9.500000E-01  2.161976E-03
 -8.500000E-01  2.029553E-03
 -7.500000E-01  2.202783E-03
 -6.500000E-01  2.607454E-03
 -5.500000E-01  2.547443E-03
 -4.500000E-01  2.871100E-03
 -3.500000E-01  2.993521E-03
 -2.500000E-01  3.269169E-03
 -1.500000E-01  3.346982E-03
 -5.000000E-02  3.385589E-03
  5.000000E-02  3.214959E-03
  1.500000E-01  2.874700E-03
  2.500000E-01  2.675466E-03
  3.500000E-01  2.508637E-03
  4.500000E-01  2.196382E-03
  5.500000E-01  2.241190E-03
  6.500000E-01  2.175979E-03
  7.500000E-01  1.962141E-03
  8.500000E-01  1.701296E-03
  9.500000E-01  1.764707E-03
  1.050000E+00  1.836119E-03
  1.150000E+00  1.914333E-03
  1.250000E+00  2.549244E-03
  1.350000E+00  2.453827E-03
  1.450000E+00  2.211985E-03
  1.550000E+00  2.052557E-03
  1.650000E+00  2.565046E-03
  1.750000E+00  2.126770E-03
  1.850000E+00  2.433824E-03
  1.950000E+00  2.053357E-03
  2.050000E+00  1.997748E-03
  2.150000E+00  1.885928E-03
  2.250000E+00  1.549270E-03
  2.350000E+00  1.473256E-03
  2.450000E+00  1.297626E-03
  2.550000E+00  1.346634E-03
  2.650000E+00  1.315029E-03
  2.750000E+00  1.359036E-03
  2.850000E+00  1.250818E-03
  2.950000E+00  1.293025E-03
  3.050000E+00  1.074787E-03
  3.150000E+00  9.255611E-04
  3.250000E+00  1.169203E-03
  3.350000E+00  1.176205E-03
  3.450000E+00  1.188007E-03
  3.550000E+00  9.819709E-04
  3.650000E+00  8.745522E-04
  3.750000E+00  9.283615E-04
  3.850000E+00  8.551488E-04
  3.950000E+00  8.857541E-04
  4.050000E+00  9.401636E-04
  4.150000E+00  9.167595E-04
  4.250000E+00  9.291617E-04
  4.350000E+00  7.401288E-04
  4.450000E+00  7.941382E-04
  4.550000E+00  4.282745E-04
  4.650000E+00  3.608628E-04
  4.750000E+00  3.802662E-04
  4.850000E+00  3.566621E-04
  4.950000E+00  3.670639E-04
  5.050000E+00  3.706645E-04
  5.150000E+00  3.336581E-04
  5.250000E+00  2.604453E-04
  5.350000E+00  3.108541E-04
  5.450000E+00  2.496434E-04
  5.550000E+00  1.404244E-04
  5.650000E+00  1.172204E-04
  5.750000E+00  5.761002E-05
  5.850000E+00  4.080710E-05
  5.950000E+00  5.821013E-05
  6.050000E+00  3.240564E-05
  6.150000E+00  5.881023E-05
  6.250000E+00  6.201079E-05
  6.350000E+00  1.200209E-05
HW      
 -6.350000E+00  1.538268E-04
 -6.250000E+00  2.112368E-04
 -6.150000E+00  2.624457E-04
 -6.050000E+00  2.522439E-04
 -5.950000E+00  3.454601E-04
 -5.850000E+00  2.626457E-04
 -5.750000E+00  2.452427E-04
 -5.650000E+00  3.246565E-04
 -5.550000E+00  4.302749E-04
 -5.450000E+00  4.664812E-04
 -5.350000E+00  4.368760E-04
 -5.250000E+00  5.638981E-04
 -5.150000E+00  5.654984E-04
 -5.050000E+00  7.885372E-04
 -4.950000E+00  8.255437E-04
 -4.850000E+00  9.309620E-04
 -4.750000E+00  8.571492E-04
 -4.650000E+00  8.499479E-04
 -4.550000E+00  8.951558E-04
 -4.450000E+00  8.171422E-04
 -4.350000E+00  8.417465E-04
 -4.250000E+00  9.263612E-04
 -4.150000E+00  1.128596E-03
 -4.050000E+00  1.268021E-03
 -3.950000E+00  1.425248E-03
 -3.850000E+00  1.637885E-03
 -3.750000E+00  1.745904E-03
 -3.650000E+00  1.898530E-03
 -3.550000E+00  2.000348E-03
 -3.450000E+00  2.118969E-03
 -3.350000E+00  1.987946E-03
 -3.250000E+00  1.868325E-03
 -3.150000E+00  2.181780E-03
 -3.050000E+00  2.470230E-03
 -2.950000E+00  2.669064E-03
 -2.850000E+00  2.840694E-03
 -2.750000E+00  3.084537E-03
 -2.650000E+00  3.164151E-03
 -2.550000E+00  3.146948E-03
 -2.450000E+00  3.180954E-03
 -2.350000E+00  3.373387E-03
 -2.250000E+00  3.506810E-03
 -2.150000E+00  3.920082E-03
 -2.050000E+00  3.908280E-03
 -1.950000E+00  4.300948E-03
 -1.850000E+00  4.290947E-03
 -1.750000E+00  4.240538E-03
 -1.650000E+00  4.293947E-03
 -1.550000E+00  4.236937E-03
 -1.450000E+00  4.332154E-03
 -1.350000E+00  4.279545E-03
 -1.250000E+00  4.319752E-03
 -1.150000E+00  4.348357E-03
 -1.050000E+00  4.320552E-03
 -9.500000E-01  4.274344E-03
 -8.500000E-01  4.296748E-03
 -7.500000E-01  4.493982E-03
 -6.500000E-01  4.639207E-03
 -5.500000E-01  4.825640E-03
 -4.500000E-01  5.190303E-03
 -3.500000E-01  5.243512E-03
 -2.500000E-01  5.305123E-03
 -1.500000E-01  5.211107E-03
 -5.000000E-02  5.444747E-03
  5.000000E-02  5.300122E-03
  1.500000E-01  5.411742E-03
  2.500000E-01  5.627979E-03
  3.500000E-01  5.458550E-03
  4.500000E-01  5.122091E-03
  5.500000E-01  4.988868E-03
  6.500000E-01  4.769030E-03
  7.500000E-01  4.809437E-03
  8.500000E-01  4.673813E-03
  9.500000E-01  4.433772E-03
  1.050000E+00  4.336555E-03
  1.150000E+00  4.345956E-03
  1.250000E+00  4.402966E-03
  1.350000E+00  4.342356E-03
  1.450000E+00  4.117116E-03
  1.550000E+00  3.928684E-03
  1.650000E+00  3.849270E-03
  1.750000E+00  3.855471E-03
  1.850000E+00  3.678240E-03
  1.950000E+00  3.653036E-03
  2.050000E+00  3.325379E-03
  2.150000E+00  3.128944E-03
  2.250000E+00  3.055332E-03
  2.350000E+00  3.397991E-03
  2.450000E+00  3.469204E-03
  2.550000E+00  3.403992E-03
  2.650000E+00  3.429597E-03
  2.750000E+00  3.318577E-03
  2.850000E+00  2.849296E-03
  2.950000E+00  2.614455E-03
  3.050000E+00  2.543043E-03
  3.150000E+00  2.262394E-03
  3.250000E+00  2.184580E-03
  3.350000E+00  2.088963E-03
  3.450000E+00  1.844721E-03
  3.550000E+00  2.080762E-03
  3.650000E+00  1.899330E-03
  3.750000E+00  1.638485E-03
  3.850000E+00  1.655688E-03
  3.950000E+00  1.612481E-03
  4.050000E+00  1.590877E-03
  4.150000E+00  1.583075E-03
  4.250000E+00  1.252418E-03
  4.350000E+00  1.198809E-03
  4.450000E+00  1.260619E-03
  4.550000E+00  1.189207E-03
  4.650000E+00  1.167403E-03
  4.750000E+00  9.067578E-04
  4.850000E+00  1.008976E-03
  4.950000E+00  9.531659E-04
  5.050000E+00  7.857367E-04
  5.150000E+00  6.469126E-04
  5.250000E+00  7.029223E-04
  5.350000E+00  5.893025E-04
  5.450000E+00  4.122717E-04
  5.550000E+00  3.798661E-04
  5.650000E+00  3.064533E-04
  5.750000E+00  2.864498E-04
  5.850000E+00  3.596626E-04
  5.950000E+00  3.024526E-04
  6.050000E+00  2.546443E-04
  6.150000E+00  2.106367E-04
  6.250000E+00  1.798313E-04
  6.350000E+00  1.122195E-04
