2.000000E-02 -1.783196E+02
4.000000E-02 -1.747348E+02
6.000000E-02 -1.740996E+02
8.000000E-02 -1.759831E+02
1.000000E-01 -1.840753E+02
1.200000E-01 -1.830148E+02
1.400000E-01 -1.746226E+02
1.600000E-01 -1.753433E+02
1.800000E-01 -1.759583E+02
2.000000E-01 -1.800568E+02
2.200000E-01 -1.798462E+02
2.400000E-01 -1.825199E+02
2.600000E-01 -1.810948E+02
2.800000E-01 -1.809406E+02
3.000000E-01 -1.837251E+02
3.200000E-01 -1.816372E+02
3.400000E-01 -1.785357E+02
3.600000E-01 -1.738332E+02
3.800000E-01 -1.779720E+02
4.000000E-01 -1.743285E+02
4.200000E-01 -1.799762E+02
4.400000E-01 -1.786495E+02
4.600000E-01 -1.879335E+02
4.800000E-01 -1.843475E+02
5.000000E-01 -1.851689E+02
5.200000E-01 -1.851218E+02
5.400000E-01 -1.851832E+02
5.600000E-01 -1.804339E+02
5.800000E-01 -1.764195E+02
6.000000E-01 -1.745826E+02
6.200000E-01 -1.772406E+02
6.400000E-01 -1.852611E+02
6.600000E-01 -1.789977E+02
6.800000E-01 -1.838861E+02
7.000000E-01 -1.724349E+02
7.200000E-01 -1.793555E+02
7.400000E-01 -1.781565E+02
7.600000E-01 -1.691693E+02
7.800000E-01 -1.773536E+02
8.000000E-01 -1.785767E+02
8.200000E-01 -1.802533E+02
8.400000E-01 -1.837730E+02
8.600000E-01 -1.808138E+02
8.800000E-01 -1.847076E+02
9.000000E-01 -1.799706E+02
9.200000E-01 -1.803865E+02
9.400000E-01 -1.722040E+02
9.600000E-01 -1.779835E+02
9.800000E-01 -1.793258E+02
1.000000E+00 -1.843716E+02
1.020000E+00 -1.839740E+02
1.040000E+00 -1.832642E+02
1.060000E+00 -1.811761E+02
1.080000E+00 -1.806872E+02
1.100000E+00 -1.844624E+02
1.120000E+00 -1.847077E+02
1.140000E+00 -1.804495E+02
1.160000E+00 -1.712753E+02
1.180000E+00 -1.756652E+02
1.200000E+00 -1.804738E+02
1.220000E+00 -1.809122E+02
1.240000E+00 -1.849664E+02
1.260000E+00 -1.814903E+02
1.280000E+00 -1.821718E+02
1.300000E+00 -1.805369E+02
1.320000E+00 -1.807008E+02
1.340000E+00 -1.804554E+02
1.360000E+00 -1.753419E+02
1.380000E+00 -1.755836E+02
1.400000E+00 -1.749207E+02
1.420000E+00 -1.828181E+02
1.440000E+00 -1.786436E+02
1.460000E+00 -1.833293E+02
1.480000E+00 -1.840473E+02
1.500000E+00 -1.844989E+02
1.520000E+00 -1.823206E+02
1.540000E+00 -1.831724E+02
1.560000E+00 -1.826875E+02
1.580000E+00 -1.825734E+02
1.600000E+00 -1.784754E+02
1.620000E+00 -1.790028E+02
1.640000E+00 -1.794219E+02
1.660000E+00 -1.793343E+02
1.680000E+00 -1.779039E+02
1.700000E+00 -1.722204E+02
1.720000E+00 -1.797153E+02
1.740000E+00 -1.776571E+02
1.760000E+00 -1.763309E+02
1.780000E+00 -1.801759E+02
1.800000E+00 -1.811695E+02
1.820000E+00 -1.768116E+02
1.840000E+00 -1.808189E+02
1.860000E+00 -1.768937E+02
1.880000E+00 -1.863198E+02
1.900000E+00 -1.805577E+02
1.920000E+00 -1.784960E+02
1.940000E+00 -1.780125E+02
1.960000E+00 -1.747768E+02
1.980000E+00 -1.764299E+02
2.000000E+00 -1.820649E+02
2.020000E+00 -1.818489E+02
2.040000E+00 -1.849545E+02
2.060000E+00 -1.854552E+02
2.080000E+00 -1.858822E+02
2.100000E+00 -1.929577E+02
2.120000E+00 -1.899247E+02
2.140000E+00 -1.803271E+02
2.160000E+00 -1.778167E+02
2.180000E+00 -1.772321E+02
2.200000E+00 -1.821538E+02
2.220000E+00 -1.840512E+02
2.240000E+00 -1.819001E+02
2.260000E+00 -1.799678E+02
2.280000E+00 -1.879799E+02
2.300000E+00 -1.794006E+02
2.320000E+00 -1.818652E+02
2.340000E+00 -1.798972E+02
2.360000E+00 -1.799689E+02
2.380000E+00 -1.779129E+02
2.400000E+00 -1.762697E+02
2.420000E+00 -1.776088E+02
2.440000E+00 -1.821113E+02
2.460000E+00 -1.814923E+02
2.480000E+00 -1.732862E+02
2.500000E+00 -1.756009E+02
2.520000E+00 -1.773320E+02
2.540000E+00 -1.720157E+02
2.560000E+00 -1.715729E+02
2.580000E+00 -1.738245E+02
2.600000E+00 -1.824482E+02
2.620000E+00 -1.792147E+02
2.640000E+00 -1.802076E+02
2.660000E+00 -1.828311E+02
2.680000E+00 -1.857990E+02
2.700000E+00 -1.753742E+02
2.720000E+00 -1.718845E+02
2.740000E+00 -1.740450E+02
2.760000E+00 -1.751829E+02
2.780000E+00 -1.728957E+02
2.800000E+00 -1.791691E+02
2.820000E+00 -1.818338E+02
2.840000E+00 -1.796785E+02
2.860000E+00 -1.844408E+02
2.880000E+00 -1.787136E+02
2.900000E+00 -1.713825E+02
2.920000E+00 -1.726274E+02
2.940000E+00 -1.782316E+02
2.960000E+00 -1.830281E+02
2.980000E+00 -1.740549E+02
3.000000E+00 -1.782915E+02
3.020000E+00 -1.845601E+02
3.040000E+00 -1.840628E+02
3.060000E+00 -1.781360E+02
3.080000E+00 -1.812532E+02
3.100000E+00 -1.751496E+02
3.120000E+00 -1.789267E+02
3.140000E+00 -1.802575E+02
3.160000E+00 -1.796156E+02
3.180000E+00 -1.790497E+02
3.200000E+00 -1.770595E+02
3.220000E+00 -1.770485E+02
3.240000E+00 -1.829860E+02
3.260000E+00 -1.775977E+02
3.280000E+00 -1.813087E+02
3.300000E+00 -1.823181E+02
3.320000E+00 -1.842100E+02
3.340000E+00 -1.800182E+02
3.360000E+00 -1.778520E+02
3.380000E+00 -1.818301E+02
3.400000E+00 -1.783837E+02
3.420000E+00 -1.789333E+02
3.440000E+00 -1.809042E+02
3.460000E+00 -1.801365E+02
3.480000E+00 -1.800986E+02
3.500000E+00 -1.808174E+02
3.520000E+00 -1.804886E+02
3.540000E+00 -1.801317E+02
3.560000E+00 -1.834165E+02
3.580000E+00 -1.765778E+02
3.600000E+00 -1.774343E+02
3.620000E+00 -1.801897E+02
3.640000E+00 -1.797802E+02
3.660000E+00 -1.835118E+02
3.680000E+00 -1.825572E+02
3.700000E+00 -1.847829E+02
3.720000E+00 -1.845650E+02
3.740000E+00 -1.863902E+02
3.760000E+00 -1.846493E+02
3.780000E+00 -1.797282E+02
3.800000E+00 -1.775783E+02
3.820000E+00 -1.811856E+02
3.840000E+00 -1.808069E+02
3.860000E+00 -1.812848E+02
3.880000E+00 -1.814696E+02
3.900000E+00 -1.750121E+02
3.920000E+00 -1.781693E+02
3.940000E+00 -1.798764E+02
3.960000E+00 -1.843071E+02
3.980000E+00 -1.796012E+02
4.000000E+00 -1.782304E+02
4.020000E+00 -1.866202E+02
4.040000E+00 -1.845687E+02
4.060000E+00 -1.791364E+02
4.080000E+00 -1.775430E+02
4.100000E+00 -1.750524E+02
4.120000E+00 -1.796223E+02
4.140000E+00 -1.765796E+02
4.160000E+00 -1.836078E+02
4.180000E+00 -1.821503E+02
4.200000E+00 -1.755793E+02
4.220000E+00 -1.794825E+02
4.240000E+00 -1.861313E+02
4.260000E+00 -1.837381E+02
4.280000E+00 -1.804251E+02
4.300000E+00 -1.832884E+02
4.320000E+00 -1.811079E+02
4.340000E+00 -1.817413E+02
4.360000E+00 -1.800090E+02
4.380000E+00 -1.759688E+02
4.400000E+00 -1.815376E+02
4.420000E+00 -1.803175E+02
4.440000E+00 -1.856867E+02
4.460000E+00 -1.845994E+02
4.480000E+00 -1.792095E+02
4.500000E+00 -1.742746E+02
4.520000E+00 -1.793836E+02
4.540000E+00 -1.842012E+02
4.560000E+00 -1.826462E+02
4.580000E+00 -1.771261E+02
4.600000E+00 -1.818700E+02
4.620000E+00 -1.771765E+02
4.640000E+00 -1.810582E+02
4.660000E+00 -1.770570E+02
4.680000E+00 -1.845664E+02
4.700000E+00 -1.835801E+02
4.720000E+00 -1.819401E+02
4.740000E+00 -1.844260E+02
4.760000E+00 -1.795888E+02
4.780000E+00 -1.788778E+02
4.800000E+00 -1.756929E+02
4.820000E+00 -1.798088E+02
4.840000E+00 -1.802459E+02
4.860000E+00 -1.838552E+02
4.880000E+00 -1.779335E+02
4.900000E+00 -1.837847E+02
4.920000E+00 -1.839007E+02
4.940000E+00 -1.818340E+02
4.960000E+00 -1.779945E+02
4.980000E+00 -1.797700E+02
5.000000E+00 -1.782212E+02
5.020000E+00 -1.792117E+02
5.040000E+00 -1.857644E+02
5.060000E+00 -1.785294E+02
5.080000E+00 -1.803115E+02
5.100000E+00 -1.790825E+02
5.120000E+00 -1.811264E+02
5.140000E+00 -1.846490E+02
5.160000E+00 -1.808650E+02
5.180000E+00 -1.791752E+02
5.200000E+00 -1.823136E+02
5.220000E+00 -1.797948E+02
5.240000E+00 -1.831420E+02
5.260000E+00 -1.745115E+02
5.280000E+00 -1.794420E+02
5.300000E+00 -1.784521E+02
5.320000E+00 -1.798823E+02
5.340000E+00 -1.842810E+02
5.360000E+00 -1.780167E+02
5.380000E+00 -1.817030E+02
5.400000E+00 -1.904249E+02
5.420000E+00 -1.791648E+02
5.440000E+00 -1.761812E+02
5.460000E+00 -1.737398E+02
5.480000E+00 -1.740977E+02
5.500000E+00 -1.739420E+02
5.520000E+00 -1.822610E+02
5.540000E+00 -1.832793E+02
5.560000E+00 -1.745788E+02
5.580000E+00 -1.819191E+02
5.600000E+00 -1.858542E+02
5.620000E+00 -1.843045E+02
5.640000E+00 -1.735400E+02
5.660000E+00 -1.797509E+02
5.680000E+00 -1.766370E+02
5.700000E+00 -1.820906E+02
5.720000E+00 -1.862615E+02
5.740000E+00 -1.868643E+02
5.760000E+00 -1.835256E+02
5.780000E+00 -1.805375E+02
5.800000E+00 -1.813025E+02
5.820000E+00 -1.767802E+02
5.840000E+00 -1.809508E+02
5.860000E+00 -1.789030E+02
5.880000E+00 -1.775388E+02
5.900000E+00 -1.764449E+02
5.920000E+00 -1.847502E+02
5.940000E+00 -1.861150E+02
5.960000E+00 -1.768813E+02
5.980000E+00 -1.728028E+02
6.000000E+00 -1.762234E+02
6.020000E+00 -1.851323E+02
6.040000E+00 -1.785555E+02
6.060000E+00 -1.817367E+02
6.080000E+00 -1.752311E+02
6.100000E+00 -1.735540E+02
6.120000E+00 -1.764329E+02
6.140000E+00 -1.818879E+02
6.160000E+00 -1.814141E+02
6.180000E+00 -1.766141E+02
6.200000E+00 -1.789664E+02
6.220000E+00 -1.818379E+02
6.240000E+00 -1.757021E+02
6.260000E+00 -1.720466E+02
6.280000E+00 -1.713851E+02
6.300000E+00 -1.792240E+02
6.320000E+00 -1.848880E+02
6.340000E+00 -1.739941E+02
6.360000E+00 -1.750452E+02
6.380000E+00 -1.827194E+02
6.400000E+00 -1.775453E+02
6.420000E+00 -1.767081E+02
6.440000E+00 -1.823350E+02
6.460000E+00 -1.806862E+02
6.480000E+00 -1.778267E+02
6.500000E+00 -1.828330E+02
6.520000E+00 -1.825482E+02
6.540000E+00 -1.843852E+02
6.560000E+00 -1.818511E+02
6.580000E+00 -1.732610E+02
6.600000E+00 -1.758545E+02
6.620000E+00 -1.789210E+02
6.640000E+00 -1.807412E+02
6.660000E+00 -1.787116E+02
6.680000E+00 -1.795671E+02
6.700000E+00 -1.812784E+02
6.720000E+00 -1.880018E+02
6.740000E+00 -1.842842E+02
6.760000E+00 -1.776013E+02
6.780000E+00 -1.728290E+02
6.800000E+00 -1.814254E+02
6.820000E+00 -1.857743E+02
6.840000E+00 -1.848439E+02
6.860000E+00 -1.791533E+02
6.880000E+00 -1.774338E+02
6.900000E+00 -1.835681E+02
6.920000E+00 -1.918387E+02
6.940000E+00 -1.845625E+02
6.960000E+00 -1.770620E+02
6.980000E+00 -1.708726E+02
7.000000E+00 -1.788183E+02
7.020000E+00 -1.862973E+02
7.040000E+00 -1.864636E+02
7.060000E+00 -1.762408E+02
7.080000E+00 -1.772432E+02
7.100000E+00 -1.872190E+02
7.120000E+00 -1.839324E+02
7.140000E+00 -1.781913E+02
7.160000E+00 -1.765695E+02
7.180000E+00 -1.738101E+02
7.200000E+00 -1.729262E+02
7.220000E+00 -1.827902E+02
7.240000E+00 -1.821053E+02
7.260000E+00 -1.770334E+02
7.280000E+00 -1.725711E+02
7.300000E+00 -1.789718E+02
7.320000E+00 -1.821309E+02
7.340000E+00 -1.797814E+02
7.360000E+00 -1.747440E+02
7.380000E+00 -1.752712E+02
7.400000E+00 -1.779175E+02
7.420000E+00 -1.785527E+02
7.440000E+00 -1.754003E+02
7.460000E+00 -1.740770E+02
7.480000E+00 -1.830033E+02
7.500000E+00 -1.836366E+02
7.520000E+00 -1.804131E+02
7.540000E+00 -1.800810E+02
7.560000E+00 -1.758453E+02
7.580000E+00 -1.786834E+02
7.600000E+00 -1.772466E+02
7.620000E+00 -1.834490E+02
7.640000E+00 -1.800667E+02
7.660000E+00 -1.835742E+02
7.680000E+00 -1.750013E+02
7.700000E+00 -1.750667E+02
7.720000E+00 -1.783759E+02
7.740000E+00 -1.786077E+02
7.760000E+00 -1.843274E+02
7.780000E+00 -1.825876E+02
7.800000E+00 -1.752518E+02
7.820000E+00 -1.739222E+02
7.840000E+00 -1.835972E+02
7.860000E+00 -1.835466E+02
7.880000E+00 -1.812121E+02
7.900000E+00 -1.699054E+02
7.920000E+00 -1.745947E+02
7.940000E+00 -1.827362E+02
7.960000E+00 -1.801437E+02
7.980000E+00 -1.824325E+02
8.000000E+00 -1.817622E+02
8.020000E+00 -1.854067E+02
8.040000E+00 -1.890771E+02
8.060000E+00 -1.881941E+02
8.080000E+00 -1.795486E+02
8.100000E+00 -1.780594E+02
8.120000E+00 -1.787897E+02
8.140000E+00 -1.766744E+02
8.160000E+00 -1.753737E+02
8.180000E+00 -1.785964E+02
8.200000E+00 -1.763885E+02
8.220000E+00 -1.797416E+02
8.240000E+00 -1.814722E+02
8.260000E+00 -1.835482E+02
8.280000E+00 -1.710390E+02
8.300000E+00 -1.782261E+02
8.320000E+00 -1.723878E+02
8.340000E+00 -1.755351E+02
8.360000E+00 -1.775695E+02
8.380000E+00 -1.777139E+02
8.400000E+00 -1.820972E+02
8.420000E+00 -1.893835E+02
8.440000E+00 -1.851221E+02
8.460000E+00 -1.858024E+02
8.480000E+00 -1.816992E+02
8.500000E+00 -1.821166E+02
8.520000E+00 -1.797539E+02
8.540000E+00 -1.778887E+02
8.560000E+00 -1.833042E+02
8.580000E+00 -1.779091E+02
8.600000E+00 -1.810192E+02
8.620000E+00 -1.764872E+02
8.640000E+00 -1.785907E+02
8.660000E+00 -1.786729E+02
8.680000E+00 -1.757477E+02
8.700000E+00 -1.782589E+02
8.720000E+00 -1.729719E+02
8.740000E+00 -1.787220E+02
8.760000E+00 -1.804780E+02
8.780000E+00 -1.803241E+02
8.800000E+00 -1.863504E+02
8.820000E+00 -1.815513E+02
8.840000E+00 -1.842988E+02
8.860000E+00 -1.862868E+02
8.880000E+00 -1.812423E+02
8.900000E+00 -1.838845E+02
8.920000E+00 -1.816147E+02
8.940000E+00 -1.794619E+02
8.960000E+00 -1.729004E+02
8.980000E+00 -1.768484E+02
9.000000E+00 -1.812911E+02
9.020000E+00 -1.830288E+02
9.040000E+00 -1.836875E+02
9.060000E+00 -1.815826E+02
9.080000E+00 -1.829273E+02
9.100000E+00 -1.698883E+02
9.120000E+00 -1.743516E+02
9.140000E+00 -1.699106E+02
9.160000E+00 -1.824816E+02
9.180000E+00 -1.799453E+02
9.200000E+00 -1.830245E+02
9.220000E+00 -1.804527E+02
9.240000E+00 -1.771758E+02
9.260000E+00 -1.792094E+02
9.280000E+00 -1.767135E+02
9.300000E+00 -1.830590E+02
9.320000E+00 -1.779638E+02
9.340000E+00 -1.857168E+02
9.360000E+00 -1.804022E+02
9.380000E+00 -1.843758E+02
9.400000E+00 -1.852830E+02
9.420000E+00 -1.792349E+02
9.440000E+00 -1.792277E+02
9.460000E+00 -1.804900E+02
9.480000E+00 -1.808786E+02
9.500000E+00 -1.794818E+02
9.520000E+00 -1.776937E+02
9.540000E+00 -1.790973E+02
9.560000E+00 -1.821324E+02
9.580000E+00 -1.785433E+02
9.600000E+00 -1.774277E+02
9.620000E+00 -1.824959E+02
9.640000E+00 -1.811952E+02
9.660000E+00 -1.753303E+02
9.680000E+00 -1.750173E+02
9.700000E+00 -1.783498E+02
9.720000E+00 -1.763863E+02
9.740000E+00 -1.808454E+02
9.760000E+00 -1.740632E+02
9.780000E+00 -1.838874E+02
9.800000E+00 -1.782605E+02
9.820000E+00 -1.799264E+02
9.840000E+00 -1.823249E+02
9.860000E+00 -1.765007E+02
9.880000E+00 -1.795689E+02
9.900000E+00 -1.745536E+02
9.920000E+00 -1.868443E+02
9.940000E+00 -1.776098E+02
9.960000E+00 -1.787967E+02
9.980000E+00 -1.771143E+02
1.000000E+01 -1.830696E+02
1.002000E+01 -1.806586E+02
1.004000E+01 -1.789071E+02
1.006000E+01 -1.786862E+02
1.008000E+01 -1.822047E+02
1.010000E+01 -1.778848E+02
1.012000E+01 -1.815569E+02
1.014000E+01 -1.795982E+02
1.016000E+01 -1.763971E+02
1.018000E+01 -1.813771E+02
1.020000E+01 -1.740985E+02
1.022000E+01 -1.771714E+02
1.024000E+01 -1.812960E+02
1.026000E+01 -1.732444E+02
1.028000E+01 -1.721920E+02
1.030000E+01 -1.796703E+02
1.032000E+01 -1.835211E+02
1.034000E+01 -1.841873E+02
1.036000E+01 -1.804524E+02
1.038000E+01 -1.818076E+02
1.040000E+01 -1.785296E+02
1.042000E+01 -1.830199E+02
1.044000E+01 -1.825675E+02
1.046000E+01 -1.735251E+02
1.048000E+01 -1.781001E+02
1.050000E+01 -1.772032E+02
1.052000E+01 -1.821523E+02
1.054000E+01 -1.777287E+02
1.056000E+01 -1.901068E+02
1.058000E+01 -1.826227E+02
1.060000E+01 -1.821206E+02
1.062000E+01 -1.798513E+02
1.064000E+01 -1.773330E+02
1.066000E+01 -1.751088E+02
1.068000E+01 -1.840392E+02
1.070000E+01 -1.819627E+02
1.072000E+01 -1.807769E+02
1.074000E+01 -1.769560E+02
1.076000E+01 -1.824776E+02
1.078000E+01 -1.699338E+02
1.080000E+01 -1.725445E+02
1.082000E+01 -1.754190E+02
1.084000E+01 -1.780883E+02
1.086000E+01 -1.806144E+02
1.088000E+01 -1.746209E+02
1.090000E+01 -1.792306E+02
1.092000E+01 -1.765918E+02
1.094000E+01 -1.841975E+02
1.096000E+01 -1.801551E+02
1.098000E+01 -1.761298E+02
1.100000E+01 -1.812493E+02
1.102000E+01 -1.789529E+02
1.104000E+01 -1.746150E+02
1.106000E+01 -1.758046E+02
1.108000E+01 -1.814772E+02
1.110000E+01 -1.842861E+02
1.112000E+01 -1.865033E+02
1.114000E+01 -1.851691E+02
1.116000E+01 -1.805848E+02
1.118000E+01 -1.792079E+02
1.120000E+01 -1.805336E+02
1.122000E+01 -1.782552E+02
1.124000E+01 -1.842959E+02
1.126000E+01 -1.848925E+02
1.128000E+01 -1.747152E+02
1.130000E+01 -1.745838E+02
1.132000E+01 -1.752921E+02
1.134000E+01 -1.817384E+02
1.136000E+01 -1.796991E+02
1.138000E+01 -1.779308E+02
1.140000E+01 -1.699460E+02
1.142000E+01 -1.734478E+02
1.144000E+01 -1.737564E+02
1.146000E+01 -1.735179E+02
1.148000E+01 -1.889223E+02
1.150000E+01 -1.819458E+02
1.152000E+01 -1.849764E+02
1.154000E+01 -1.729167E+02
1.156000E+01 -1.802457E+02
1.158000E+01 -1.766244E+02
1.160000E+01 -1.812183E+02
1.162000E+01 -1.843973E+02
1.164000E+01 -1.773629E+02
1.166000E+01 -1.750410E+02
1.168000E+01 -1.811754E+02
1.170000E+01 -1.820126E+02
1.172000E+01 -1.825706E+02
1.174000E+01 -1.883739E+02
1.176000E+01 -1.801957E+02
1.178000E+01 -1.777892E+02
1.180000E+01 -1.772103E+02
1.182000E+01 -1.836775E+02
1.184000E+01 -1.844968E+02
1.186000E+01 -1.806578E+02
1.188000E+01 -1.800911E+02
1.190000E+01 -1.751166E+02
1.192000E+01 -1.758297E+02
1.194000E+01 -1.790423E+02
1.196000E+01 -1.785161E+02
1.198000E+01 -1.845029E+02
1.200000E+01 -1.809704E+02
1.202000E+01 -1.810316E+02
1.204000E+01 -1.778312E+02
1.206000E+01 -1.818046E+02
1.208000E+01 -1.847254E+02
1.210000E+01 -1.831722E+02
1.212000E+01 -1.764445E+02
1.214000E+01 -1.796955E+02
1.216000E+01 -1.790488E+02
1.218000E+01 -1.733628E+02
1.220000E+01 -1.746467E+02
1.222000E+01 -1.758420E+02
1.224000E+01 -1.771898E+02
1.226000E+01 -1.799289E+02
1.228000E+01 -1.809956E+02
1.230000E+01 -1.825144E+02
1.232000E+01 -1.704507E+02
1.234000E+01 -1.769147E+02
1.236000E+01 -1.806355E+02
1.238000E+01 -1.802551E+02
1.240000E+01 -1.827149E+02
1.242000E+01 -1.809063E+02
1.244000E+01 -1.793565E+02
1.246000E+01 -1.762680E+02
1.248000E+01 -1.859158E+02
1.250000E+01 -1.834804E+02
1.252000E+01 -1.820779E+02
1.254000E+01 -1.833437E+02
1.256000E+01 -1.770432E+02
1.258000E+01 -1.785444E+02
1.260000E+01 -1.746457E+02
1.262000E+01 -1.777650E+02
1.264000E+01 -1.799537E+02
1.266000E+01 -1.841543E+02
1.268000E+01 -1.758484E+02
1.270000E+01 -1.810443E+02
1.272000E+01 -1.745725E+02
1.274000E+01 -1.799641E+02
1.276000E+01 -1.761715E+02
1.278000E+01 -1.732758E+02
1.280000E+01 -1.831768E+02
1.282000E+01 -1.712401E+02
1.284000E+01 -1.762340E+02
1.286000E+01 -1.772443E+02
1.288000E+01 -1.811239E+02
1.290000E+01 -1.837429E+02
1.292000E+01 -1.829752E+02
1.294000E+01 -1.768889E+02
1.296000E+01 -1.782151E+02
1.298000E+01 -1.905172E+02
1.300000E+01 -1.837789E+02
1.302000E+01 -1.779931E+02
1.304000E+01 -1.745749E+02
1.306000E+01 -1.734908E+02
1.308000E+01 -1.810540E+02
1.310000E+01 -1.860655E+02
1.312000E+01 -1.840852E+02
1.314000E+01 -1.745268E+02
1.316000E+01 -1.724783E+02
1.318000E+01 -1.722056E+02
1.320000E+01 -1.847234E+02
1.322000E+01 -1.870708E+02
1.324000E+01 -1.817904E+02
1.326000E+01 -1.712720E+02
1.328000E+01 -1.716238E+02
1.330000E+01 -1.785740E+02
1.332000E+01 -1.890063E+02
1.334000E+01 -1.900854E+02
1.336000E+01 -1.824131E+02
1.338000E+01 -1.778614E+02
1.340000E+01 -1.741085E+02
1.342000E+01 -1.823744E+02
1.344000E+01 -1.865652E+02
1.346000E+01 -1.830596E+02
1.348000E+01 -1.772140E+02
1.350000E+01 -1.687783E+02
1.352000E+01 -1.775356E+02
1.354000E+01 -1.842438E+02
1.356000E+01 -1.853875E+02
1.358000E+01 -1.766838E+02
1.360000E+01 -1.734966E+02
1.362000E+01 -1.765392E+02
1.364000E+01 -1.730172E+02
1.366000E+01 -1.809826E+02
1.368000E+01 -1.753066E+02
1.370000E+01 -1.780221E+02
1.372000E+01 -1.801894E+02
1.374000E+01 -1.791547E+02
1.376000E+01 -1.761072E+02
1.378000E+01 -1.810635E+02
1.380000E+01 -1.810547E+02
1.382000E+01 -1.791578E+02
1.384000E+01 -1.796650E+02
1.386000E+01 -1.759878E+02
1.388000E+01 -1.836929E+02
1.390000E+01 -1.844575E+02
1.392000E+01 -1.858340E+02
1.394000E+01 -1.789272E+02
1.396000E+01 -1.803202E+02
1.398000E+01 -1.811998E+02
1.400000E+01 -1.828942E+02
1.402000E+01 -1.802876E+02
1.404000E+01 -1.805496E+02
1.406000E+01 -1.800843E+02
1.408000E+01 -1.768884E+02
1.410000E+01 -1.792875E+02
1.412000E+01 -1.863746E+02
1.414000E+01 -1.855691E+02
1.416000E+01 -1.784645E+02
1.418000E+01 -1.739306E+02
1.420000E+01 -1.757862E+02
1.422000E+01 -1.771012E+02
1.424000E+01 -1.784691E+02
1.426000E+01 -1.767707E+02
1.428000E+01 -1.764193E+02
1.430000E+01 -1.761549E+02
1.432000E+01 -1.688616E+02
1.434000E+01 -1.730542E+02
1.436000E+01 -1.759590E+02
1.438000E+01 -1.765442E+02
1.440000E+01 -1.838771E+02
1.442000E+01 -1.784674E+02
1.444000E+01 -1.725285E+02
1.446000E+01 -1.730649E+02
1.448000E+01 -1.785002E+02
1.450000E+01 -1.788254E+02
1.452000E+01 -1.801897E+02
1.454000E+01 -1.807833E+02
1.456000E+01 -1.790045E+02
1.458000E+01 -1.825736E+02
1.460000E+01 -1.761962E+02
1.462000E+01 -1.804964E+02
1.464000E+01 -1.745917E+02
1.466000E+01 -1.752519E+02
1.468000E+01 -1.784909E+02
1.470000E+01 -1.787528E+02
1.472000E+01 -1.784712E+02
1.474000E+01 -1.751880E+02
1.476000E+01 -1.715903E+02
1.478000E+01 -1.805325E+02
1.480000E+01 -1.763928E+02
1.482000E+01 -1.757160E+02
1.484000E+01 -1.781789E+02
1.486000E+01 -1.730967E+02
1.488000E+01 -1.797086E+02
1.490000E+01 -1.792243E+02
1.492000E+01 -1.813864E+02
1.494000E+01 -1.796191E+02
1.496000E+01 -1.778582E+02
1.498000E+01 -1.736315E+02
1.500000E+01 -1.787671E+02
1.502000E+01 -1.746807E+02
1.504000E+01 -1.783652E+02
1.506000E+01 -1.805060E+02
1.508000E+01 -1.775889E+02
1.510000E+01 -1.768115E+02
1.512000E+01 -1.837994E+02
1.514000E+01 -1.899538E+02
1.516000E+01 -1.844006E+02
1.518000E+01 -1.861215E+02
1.520000E+01 -1.782869E+02
1.522000E+01 -1.834189E+02
1.524000E+01 -1.831524E+02
1.526000E+01 -1.871521E+02
1.528000E+01 -1.860810E+02
1.530000E+01 -1.743328E+02
1.532000E+01 -1.804075E+02
1.534000E+01 -1.795718E+02
1.536000E+01 -1.797525E+02
1.538000E+01 -1.790628E+02
1.540000E+01 -1.754692E+02
1.542000E+01 -1.814349E+02
1.544000E+01 -1.843461E+02
1.546000E+01 -1.820229E+02
1.548000E+01 -1.824933E+02
1.550000E+01 -1.849789E+02
1.552000E+01 -1.773774E+02
1.554000E+01 -1.788037E+02
1.556000E+01 -1.840215E+02
1.558000E+01 -1.816380E+02
1.560000E+01 -1.808641E+02
1.562000E+01 -1.723286E+02
1.564000E+01 -1.756386E+02
1.566000E+01 -1.809767E+02
1.568000E+01 -1.827852E+02
1.570000E+01 -1.754143E+02
1.572000E+01 -1.777151E+02
1.574000E+01 -1.735391E+02
1.576000E+01 -1.818939E+02
1.578000E+01 -1.773071E+02
1.580000E+01 -1.795144E+02
1.582000E+01 -1.810495E+02
1.584000E+01 -1.836186E+02
1.586000E+01 -1.721287E+02
1.588000E+01 -1.776862E+02
1.590000E+01 -1.810668E+02
1.592000E+01 -1.828365E+02
1.594000E+01 -1.777497E+02
1.596000E+01 -1.794919E+02
1.598000E+01 -1.774493E+02
1.600000E+01 -1.781679E+02
1.602000E+01 -1.804729E+02
1.604000E+01 -1.840437E+02
1.606000E+01 -1.833461E+02
1.608000E+01 -1.852945E+02
1.610000E+01 -1.870262E+02
1.612000E+01 -1.849850E+02
1.614000E+01 -1.788537E+02
1.616000E+01 -1.793114E+02
1.618000E+01 -1.825189E+02
1.620000E+01 -1.791190E+02
1.622000E+01 -1.820168E+02
1.624000E+01 -1.800421E+02
1.626000E+01 -1.857061E+02
1.628000E+01 -1.774451E+02
1.630000E+01 -1.764399E+02
1.632000E+01 -1.752778E+02
1.634000E+01 -1.772865E+02
1.636000E+01 -1.839395E+02
1.638000E+01 -1.761454E+02
1.640000E+01 -1.814107E+02
1.642000E+01 -1.780655E+02
1.644000E+01 -1.841949E+02
1.646000E+01 -1.811987E+02
1.648000E+01 -1.862044E+02
1.650000E+01 -1.854698E+02
1.652000E+01 -1.814075E+02
1.654000E+01 -1.777473E+02
1.656000E+01 -1.826871E+02
1.658000E+01 -1.775277E+02
1.660000E+01 -1.815392E+02
1.662000E+01 -1.743247E+02
1.664000E+01 -1.812421E+02
1.666000E+01 -1.799740E+02
1.668000E+01 -1.837215E+02
1.670000E+01 -1.829878E+02
1.672000E+01 -1.851835E+02
1.674000E+01 -1.721700E+02
1.676000E+01 -1.735778E+02
1.678000E+01 -1.771312E+02
1.680000E+01 -1.842344E+02
1.682000E+01 -1.822770E+02
1.684000E+01 -1.764425E+02
1.686000E+01 -1.746981E+02
1.688000E+01 -1.848028E+02
1.690000E+01 -1.794120E+02
1.692000E+01 -1.750877E+02
1.694000E+01 -1.702169E+02
1.696000E+01 -1.787770E+02
1.698000E+01 -1.774868E+02
1.700000E+01 -1.877540E+02
1.702000E+01 -1.791316E+02
1.704000E+01 -1.811006E+02
1.706000E+01 -1.816741E+02
1.708000E+01 -1.803552E+02
1.710000E+01 -1.827071E+02
1.712000E+01 -1.814746E+02
1.714000E+01 -1.763303E+02
1.716000E+01 -1.767601E+02
1.718000E+01 -1.786767E+02
1.720000E+01 -1.832808E+02
1.722000E+01 -1.792839E+02
1.724000E+01 -1.826556E+02
1.726000E+01 -1.814641E+02
1.728000E+01 -1.792576E+02
1.730000E+01 -1.829973E+02
1.732000E+01 -1.837755E+02
1.734000E+01 -1.832717E+02
1.736000E+01 -1.858261E+02
1.738000E+01 -1.781827E+02
1.740000E+01 -1.821226E+02
1.742000E+01 -1.750760E+02
1.744000E+01 -1.814151E+02
1.746000E+01 -1.797074E+02
1.748000E+01 -1.793218E+02
1.750000E+01 -1.783919E+02
1.752000E+01 -1.803285E+02
1.754000E+01 -1.793399E+02
1.756000E+01 -1.828523E+02
1.758000E+01 -1.845555E+02
1.760000E+01 -1.864177E+02
1.762000E+01 -1.753409E+02
1.764000E+01 -1.750310E+02
1.766000E+01 -1.741121E+02
1.768000E+01 -1.784311E+02
1.770000E+01 -1.813110E+02
1.772000E+01 -1.802285E+02
1.774000E+01 -1.754791E+02
1.776000E+01 -1.728774E+02
1.778000E+01 -1.851941E+02
1.780000E+01 -1.816496E+02
1.782000E+01 -1.799278E+02
1.784000E+01 -1.827045E+02
1.786000E+01 -1.795947E+02
1.788000E+01 -1.822668E+02
1.790000E+01 -1.814428E+02
1.792000E+01 -1.845230E+02
1.794000E+01 -1.860083E+02
1.796000E+01 -1.802639E+02
1.798000E+01 -1.803296E+02
1.800000E+01 -1.790739E+02
1.802000E+01 -1.846597E+02
1.804000E+01 -1.782759E+02
1.806000E+01 -1.776137E+02
1.808000E+01 -1.850635E+02
1.810000E+01 -1.831491E+02
1.812000E+01 -1.889466E+02
1.814000E+01 -1.829040E+02
1.816000E+01 -1.851232E+02
1.818000E+01 -1.755471E+02
1.820000E+01 -1.818782E+02
1.822000E+01 -1.823169E+02
1.824000E+01 -1.794367E+02
1.826000E+01 -1.719691E+02
1.828000E+01 -1.767014E+02
1.830000E+01 -1.775143E+02
1.832000E+01 -1.774719E+02
1.834000E+01 -1.807890E+02
1.836000E+01 -1.832695E+02
1.838000E+01 -1.791430E+02
1.840000E+01 -1.814982E+02
1.842000E+01 -1.828974E+02
1.844000E+01 -1.864086E+02
1.846000E+01 -1.741600E+02
1.848000E+01 -1.800046E+02
1.850000E+01 -1.793953E+02
1.852000E+01 -1.792490E+02
1.854000E+01 -1.735379E+02
1.856000E+01 -1.737398E+02
1.858000E+01 -1.731420E+02
1.860000E+01 -1.813411E+02
1.862000E+01 -1.818244E+02
1.864000E+01 -1.852129E+02
1.866000E+01 -1.734632E+02
1.868000E+01 -1.828348E+02
1.870000E+01 -1.822406E+02
1.872000E+01 -1.830473E+02
1.874000E+01 -1.827000E+02
1.876000E+01 -1.840202E+02
1.878000E+01 -1.840475E+02
1.880000E+01 -1.808843E+02
1.882000E+01 -1.840612E+02
1.884000E+01 -1.798655E+02
1.886000E+01 -1.818936E+02
1.888000E+01 -1.752271E+02
1.890000E+01 -1.810639E+02
1.892000E+01 -1.740571E+02
1.894000E+01 -1.761492E+02
1.896000E+01 -1.758564E+02
1.898000E+01 -1.761162E+02
1.900000E+01 -1.756975E+02
1.902000E+01 -1.790680E+02
1.904000E+01 -1.783249E+02
1.906000E+01 -1.830674E+02
1.908000E+01 -1.814521E+02
1.910000E+01 -1.845544E+02
1.912000E+01 -1.833459E+02
1.914000E+01 -1.802536E+02
1.916000E+01 -1.748333E+02
1.918000E+01 -1.752393E+02
1.920000E+01 -1.745272E+02
1.922000E+01 -1.782335E+02
1.924000E+01 -1.812817E+02
1.926000E+01 -1.741387E+02
1.928000E+01 -1.750432E+02
1.930000E+01 -1.830280E+02
1.932000E+01 -1.699800E+02
1.934000E+01 -1.823174E+02
1.936000E+01 -1.771279E+02
1.938000E+01 -1.832214E+02
1.940000E+01 -1.779860E+02
1.942000E+01 -1.821144E+02
1.944000E+01 -1.842972E+02
1.946000E+01 -1.762236E+02
1.948000E+01 -1.802009E+02
1.950000E+01 -1.822866E+02
1.952000E+01 -1.754951E+02
1.954000E+01 -1.774837E+02
1.956000E+01 -1.797499E+02
1.958000E+01 -1.796291E+02
1.960000E+01 -1.831864E+02
1.962000E+01 -1.797977E+02
1.964000E+01 -1.783580E+02
1.966000E+01 -1.830714E+02
1.968000E+01 -1.789839E+02
1.970000E+01 -1.803503E+02
1.972000E+01 -1.773194E+02
1.974000E+01 -1.799995E+02
1.976000E+01 -1.781979E+02
1.978000E+01 -1.822056E+02
1.980000E+01 -1.859469E+02
1.982000E+01 -1.784626E+02
1.984000E+01 -1.789751E+02
1.986000E+01 -1.782873E+02
1.988000E+01 -1.793011E+02
1.990000E+01 -1.763721E+02
1.992000E+01 -1.808214E+02
1.994000E+01 -1.819469E+02
1.996000E+01 -1.773025E+02
1.998000E+01 -1.822897E+02
2.000000E+01 -1.842887E+02
