2.000000E-02 -1.579247E+02
4.000000E-02 -1.579090E+02
6.000000E-02 -1.578997E+02
8.000000E-02 -1.579041E+02
1.000000E-01 -1.579389E+02
1.200000E-01 -1.579457E+02
1.400000E-01 -1.579088E+02
1.600000E-01 -1.578946E+02
1.800000E-01 -1.579171E+02
2.000000E-01 -1.579384E+02
2.200000E-01 -1.579251E+02
2.400000E-01 -1.579340E+02
2.600000E-01 -1.579338E+02
2.800000E-01 -1.579652E+02
3.000000E-01 -1.579434E+02
3.200000E-01 -1.579384E+02
3.400000E-01 -1.579349E+02
3.600000E-01 -1.579009E+02
3.800000E-01 -1.579281E+02
4.000000E-01 -1.578966E+02
4.200000E-01 -1.579261E+02
4.400000E-01 -1.579033E+02
4.600000E-01 -1.579444E+02
4.800000E-01 -1.579031E+02
5.000000E-01 -1.579142E+02
5.200000E-01 -1.579140E+02
5.400000E-01 -1.579090E+02
5.600000E-01 -1.579089E+02
5.800000E-01 -1.579111E+02
6.000000E-01 -1.578886E+02
6.200000E-01 -1.579276E+02
6.400000E-01 -1.579988E+02
6.600000E-01 -1.579571E+02
6.800000E-01 -1.579898E+02
7.000000E-01 -1.579060E+02
7.200000E-01 -1.579118E+02
7.400000E-01 -1.579210E+02
7.600000E-01 -1.578981E+02
7.800000E-01 -1.579368E+02
8.000000E-01 -1.579250E+02
8.200000E-01 -1.579275E+02
8.400000E-01 -1.579749E+02
8.600000E-01 -1.579671E+02
8.800000E-01 -1.579927E+02
9.000000E-01 -1.579469E+02
9.200000E-01 -1.579361E+02
9.400000E-01 -1.578928E+02
9.600000E-01 -1.579244E+02
9.800000E-01 -1.579210E+02
1.000000E+00 -1.579153E+02
1.020000E+00 -1.579122E+02
1.040000E+00 -1.579149E+02
1.060000E+00 -1.579026E+02
1.080000E+00 -1.579181E+02
1.100000E+00 -1.579112E+02
1.120000E+00 -1.579248E+02
1.140000E+00 -1.579410E+02
1.160000E+00 -1.578974E+02
1.180000E+00 -1.579150E+02
1.200000E+00 -1.579351E+02
1.220000E+00 -1.578889E+02
1.240000E+00 -1.579149E+02
1.260000E+00 -1.579574E+02
1.280000E+00 -1.579630E+02
1.300000E+00 -1.579276E+02
1.320000E+00 -1.579115E+02
1.340000E+00 -1.579076E+02
1.360000E+00 -1.579170E+02
1.380000E+00 -1.579315E+02
1.400000E+00 -1.579022E+02
1.420000E+00 -1.579308E+02
1.440000E+00 -1.578977E+02
1.460000E+00 -1.579169E+02
1.480000E+00 -1.579111E+02
1.500000E+00 -1.579055E+02
1.520000E+00 -1.578895E+02
1.540000E+00 -1.579283E+02
1.560000E+00 -1.579529E+02
1.580000E+00 -1.579836E+02
1.600000E+00 -1.579478E+02
1.620000E+00 -1.579180E+02
1.640000E+00 -1.579242E+02
1.660000E+00 -1.579323E+02
1.680000E+00 -1.579323E+02
1.700000E+00 -1.579122E+02
1.720000E+00 -1.579421E+02
1.740000E+00 -1.579373E+02
1.760000E+00 -1.579502E+02
1.780000E+00 -1.579539E+02
1.800000E+00 -1.579360E+02
1.820000E+00 -1.579055E+02
1.840000E+00 -1.579336E+02
1.860000E+00 -1.579029E+02
1.880000E+00 -1.579399E+02
1.900000E+00 -1.579123E+02
1.920000E+00 -1.579253E+02
1.940000E+00 -1.579275E+02
1.960000E+00 -1.579167E+02
1.980000E+00 -1.579227E+02
2.000000E+00 -1.579233E+02
2.020000E+00 -1.579128E+02
2.040000E+00 -1.579224E+02
2.060000E+00 -1.579289E+02
2.080000E+00 -1.579452E+02
2.100000E+00 -1.579631E+02
2.120000E+00 -1.579478E+02
2.140000E+00 -1.579264E+02
2.160000E+00 -1.579278E+02
2.180000E+00 -1.579247E+02
2.200000E+00 -1.579310E+02
2.220000E+00 -1.579251E+02
2.240000E+00 -1.579407E+02
2.260000E+00 -1.579346E+02
2.280000E+00 -1.579590E+02
2.300000E+00 -1.579365E+02
2.320000E+00 -1.579661E+02
2.340000E+00 -1.579459E+02
2.360000E+00 -1.579471E+02
2.380000E+00 -1.579429E+02
2.400000E+00 -1.579599E+02
2.420000E+00 -1.579559E+02
2.440000E+00 -1.579387E+02
2.460000E+00 -1.579456E+02
2.480000E+00 -1.579214E+02
2.500000E+00 -1.579220E+02
2.520000E+00 -1.579270E+02
2.540000E+00 -1.579244E+02
2.560000E+00 -1.579202E+02
2.580000E+00 -1.579157E+02
2.600000E+00 -1.579612E+02
2.620000E+00 -1.579307E+02
2.640000E+00 -1.579486E+02
2.660000E+00 -1.579333E+02
2.680000E+00 -1.579561E+02
2.700000E+00 -1.579186E+02
2.720000E+00 -1.579003E+02
2.740000E+00 -1.579405E+02
2.760000E+00 -1.579449E+02
2.780000E+00 -1.579010E+02
2.800000E+00 -1.579472E+02
2.820000E+00 -1.579700E+02
2.840000E+00 -1.579280E+02
2.860000E+00 -1.579551E+02
2.880000E+00 -1.579331E+02
2.900000E+00 -1.579138E+02
2.920000E+00 -1.579278E+02
2.940000E+00 -1.579687E+02
2.960000E+00 -1.579802E+02
2.980000E+00 -1.579155E+02
3.000000E+00 -1.579570E+02
3.020000E+00 -1.579824E+02
3.040000E+00 -1.579601E+02
3.060000E+00 -1.579583E+02
3.080000E+00 -1.579906E+02
3.100000E+00 -1.579485E+02
3.120000E+00 -1.579786E+02
3.140000E+00 -1.580048E+02
3.160000E+00 -1.579947E+02
3.180000E+00 -1.579401E+02
3.200000E+00 -1.579190E+02
3.220000E+00 -1.579256E+02
3.240000E+00 -1.579808E+02
3.260000E+00 -1.579240E+02
3.280000E+00 -1.579176E+02
3.300000E+00 -1.579492E+02
3.320000E+00 -1.579765E+02
3.340000E+00 -1.579133E+02
3.360000E+00 -1.579116E+02
3.380000E+00 -1.579761E+02
3.400000E+00 -1.579346E+02
3.420000E+00 -1.579075E+02
3.440000E+00 -1.579407E+02
3.460000E+00 -1.579765E+02
3.480000E+00 -1.579992E+02
3.500000E+00 -1.579799E+02
3.520000E+00 -1.579232E+02
3.540000E+00 -1.579185E+02
3.560000E+00 -1.579488E+02
3.580000E+00 -1.579024E+02
3.600000E+00 -1.579359E+02
3.620000E+00 -1.579417E+02
3.640000E+00 -1.579012E+02
3.660000E+00 -1.579175E+02
3.680000E+00 -1.579676E+02
3.700000E+00 -1.580179E+02
3.720000E+00 -1.579807E+02
3.740000E+00 -1.579644E+02
3.760000E+00 -1.579627E+02
3.780000E+00 -1.578994E+02
3.800000E+00 -1.579119E+02
3.820000E+00 -1.579747E+02
3.840000E+00 -1.579213E+02
3.860000E+00 -1.578970E+02
3.880000E+00 -1.579213E+02
3.900000E+00 -1.579197E+02
3.920000E+00 -1.579224E+02
3.940000E+00 -1.579081E+02
3.960000E+00 -1.579429E+02
3.980000E+00 -1.579248E+02
4.000000E+00 -1.579326E+02
4.020000E+00 -1.579837E+02
4.040000E+00 -1.579757E+02
4.060000E+00 -1.579096E+02
4.080000E+00 -1.579059E+02
4.100000E+00 -1.579203E+02
4.120000E+00 -1.579230E+02
4.140000E+00 -1.578800E+02
4.160000E+00 -1.579334E+02
4.180000E+00 -1.579233E+02
4.200000E+00 -1.578974E+02
4.220000E+00 -1.579203E+02
4.240000E+00 -1.579659E+02
4.260000E+00 -1.579747E+02
4.280000E+00 -1.579539E+02
4.300000E+00 -1.579709E+02
4.320000E+00 -1.579469E+02
4.340000E+00 -1.579424E+02
4.360000E+00 -1.579211E+02
4.380000E+00 -1.579025E+02
4.400000E+00 -1.579419E+02
4.420000E+00 -1.579198E+02
4.440000E+00 -1.579685E+02
4.460000E+00 -1.579759E+02
4.480000E+00 -1.579403E+02
4.500000E+00 -1.579021E+02
4.520000E+00 -1.579196E+02
4.540000E+00 -1.579364E+02
4.560000E+00 -1.579270E+02
4.580000E+00 -1.579048E+02
4.600000E+00 -1.579426E+02
4.620000E+00 -1.578889E+02
4.640000E+00 -1.579106E+02
4.660000E+00 -1.579098E+02
4.680000E+00 -1.579558E+02
4.700000E+00 -1.579161E+02
4.720000E+00 -1.579148E+02
4.740000E+00 -1.579775E+02
4.760000E+00 -1.579376E+02
4.780000E+00 -1.579053E+02
4.800000E+00 -1.578992E+02
4.820000E+00 -1.579106E+02
4.840000E+00 -1.578782E+02
4.860000E+00 -1.579112E+02
4.880000E+00 -1.578995E+02
4.900000E+00 -1.579595E+02
4.920000E+00 -1.579754E+02
4.940000E+00 -1.579731E+02
4.960000E+00 -1.579266E+02
4.980000E+00 -1.579322E+02
5.000000E+00 -1.579394E+02
5.020000E+00 -1.579179E+02
5.040000E+00 -1.579187E+02
5.060000E+00 -1.578979E+02
5.080000E+00 -1.579213E+02
5.100000E+00 -1.579194E+02
5.120000E+00 -1.579330E+02
5.140000E+00 -1.579299E+02
5.160000E+00 -1.579195E+02
5.180000E+00 -1.579100E+02
5.200000E+00 -1.579201E+02
5.220000E+00 -1.579169E+02
5.240000E+00 -1.579467E+02
5.260000E+00 -1.578992E+02
5.280000E+00 -1.579390E+02
5.300000E+00 -1.579021E+02
5.320000E+00 -1.579106E+02
5.340000E+00 -1.579529E+02
5.360000E+00 -1.579291E+02
5.380000E+00 -1.579352E+02
5.400000E+00 -1.579595E+02
5.420000E+00 -1.579145E+02
5.440000E+00 -1.579370E+02
5.460000E+00 -1.579411E+02
5.480000E+00 -1.579126E+02
5.500000E+00 -1.578815E+02
5.520000E+00 -1.579344E+02
5.540000E+00 -1.579377E+02
5.560000E+00 -1.578860E+02
5.580000E+00 -1.579195E+02
5.600000E+00 -1.579304E+02
5.620000E+00 -1.579171E+02
5.640000E+00 -1.578564E+02
5.660000E+00 -1.579252E+02
5.680000E+00 -1.578940E+02
5.700000E+00 -1.578725E+02
5.720000E+00 -1.578867E+02
5.740000E+00 -1.579374E+02
5.760000E+00 -1.578953E+02
5.780000E+00 -1.578574E+02
5.800000E+00 -1.578841E+02
5.820000E+00 -1.578565E+02
5.840000E+00 -1.579020E+02
5.860000E+00 -1.578819E+02
5.880000E+00 -1.578768E+02
5.900000E+00 -1.578784E+02
5.920000E+00 -1.579001E+02
5.940000E+00 -1.579204E+02
5.960000E+00 -1.579023E+02
5.980000E+00 -1.578895E+02
6.000000E+00 -1.578904E+02
6.020000E+00 -1.579198E+02
6.040000E+00 -1.578998E+02
6.060000E+00 -1.579367E+02
6.080000E+00 -1.578943E+02
6.100000E+00 -1.579062E+02
6.120000E+00 -1.579278E+02
6.140000E+00 -1.579320E+02
6.160000E+00 -1.579096E+02
6.180000E+00 -1.579101E+02
6.200000E+00 -1.579193E+02
6.220000E+00 -1.579046E+02
6.240000E+00 -1.578895E+02
6.260000E+00 -1.578830E+02
6.280000E+00 -1.578496E+02
6.300000E+00 -1.578720E+02
6.320000E+00 -1.578929E+02
6.340000E+00 -1.578226E+02
6.360000E+00 -1.578587E+02
6.380000E+00 -1.579183E+02
6.400000E+00 -1.578897E+02
6.420000E+00 -1.578675E+02
6.440000E+00 -1.578936E+02
6.460000E+00 -1.579162E+02
6.480000E+00 -1.579045E+02
6.500000E+00 -1.578982E+02
6.520000E+00 -1.578890E+02
6.540000E+00 -1.579131E+02
6.560000E+00 -1.579066E+02
6.580000E+00 -1.578714E+02
6.600000E+00 -1.578891E+02
6.620000E+00 -1.578834E+02
6.640000E+00 -1.578789E+02
6.660000E+00 -1.578673E+02
6.680000E+00 -1.579039E+02
6.700000E+00 -1.579305E+02
6.720000E+00 -1.579141E+02
6.740000E+00 -1.578697E+02
6.760000E+00 -1.578803E+02
6.780000E+00 -1.578865E+02
6.800000E+00 -1.579437E+02
6.820000E+00 -1.579264E+02
6.840000E+00 -1.578824E+02
6.860000E+00 -1.578522E+02
6.880000E+00 -1.578750E+02
6.900000E+00 -1.579362E+02
6.920000E+00 -1.579908E+02
6.940000E+00 -1.579258E+02
6.960000E+00 -1.578938E+02
6.980000E+00 -1.578751E+02
7.000000E+00 -1.579041E+02
7.020000E+00 -1.579112E+02
7.040000E+00 -1.579049E+02
7.060000E+00 -1.578676E+02
7.080000E+00 -1.578791E+02
7.100000E+00 -1.579347E+02
7.120000E+00 -1.579085E+02
7.140000E+00 -1.578959E+02
7.160000E+00 -1.579170E+02
7.180000E+00 -1.578896E+02
7.200000E+00 -1.578501E+02
7.220000E+00 -1.578910E+02
7.240000E+00 -1.578941E+02
7.260000E+00 -1.579185E+02
7.280000E+00 -1.579047E+02
7.300000E+00 -1.579052E+02
7.320000E+00 -1.579176E+02
7.340000E+00 -1.579255E+02
7.360000E+00 -1.578913E+02
7.380000E+00 -1.578901E+02
7.400000E+00 -1.578928E+02
7.420000E+00 -1.578846E+02
7.440000E+00 -1.578581E+02
7.460000E+00 -1.578470E+02
7.480000E+00 -1.579098E+02
7.500000E+00 -1.579090E+02
7.520000E+00 -1.578792E+02
7.540000E+00 -1.579133E+02
7.560000E+00 -1.579313E+02
7.580000E+00 -1.579489E+02
7.600000E+00 -1.579141E+02
7.620000E+00 -1.579106E+02
7.640000E+00 -1.578665E+02
7.660000E+00 -1.579292E+02
7.680000E+00 -1.578585E+02
7.700000E+00 -1.578641E+02
7.720000E+00 -1.578904E+02
7.740000E+00 -1.579019E+02
7.760000E+00 -1.579466E+02
7.780000E+00 -1.579145E+02
7.800000E+00 -1.578449E+02
7.820000E+00 -1.578436E+02
7.840000E+00 -1.579419E+02
7.860000E+00 -1.579652E+02
7.880000E+00 -1.579341E+02
7.900000E+00 -1.578416E+02
7.920000E+00 -1.578671E+02
7.940000E+00 -1.579323E+02
7.960000E+00 -1.578727E+02
7.980000E+00 -1.579025E+02
8.000000E+00 -1.579374E+02
8.020000E+00 -1.579630E+02
8.040000E+00 -1.579635E+02
8.060000E+00 -1.579380E+02
8.080000E+00 -1.578609E+02
8.100000E+00 -1.578594E+02
8.120000E+00 -1.578900E+02
8.140000E+00 -1.578713E+02
8.160000E+00 -1.578518E+02
8.180000E+00 -1.578796E+02
8.200000E+00 -1.578823E+02
8.220000E+00 -1.579229E+02
8.240000E+00 -1.579577E+02
8.260000E+00 -1.579835E+02
8.280000E+00 -1.578646E+02
8.300000E+00 -1.578965E+02
8.320000E+00 -1.578470E+02
8.340000E+00 -1.578742E+02
8.360000E+00 -1.578808E+02
8.380000E+00 -1.578630E+02
8.400000E+00 -1.579032E+02
8.420000E+00 -1.579935E+02
8.440000E+00 -1.579364E+02
8.460000E+00 -1.579533E+02
8.480000E+00 -1.579423E+02
8.500000E+00 -1.579365E+02
8.520000E+00 -1.579075E+02
8.540000E+00 -1.578807E+02
8.560000E+00 -1.579080E+02
8.580000E+00 -1.578344E+02
8.600000E+00 -1.578467E+02
8.620000E+00 -1.578610E+02
8.640000E+00 -1.578367E+02
8.660000E+00 -1.577936E+02
8.680000E+00 -1.578157E+02
8.700000E+00 -1.578674E+02
8.720000E+00 -1.578670E+02
8.740000E+00 -1.579115E+02
8.760000E+00 -1.578965E+02
8.780000E+00 -1.578868E+02
8.800000E+00 -1.579079E+02
8.820000E+00 -1.578572E+02
8.840000E+00 -1.578985E+02
8.860000E+00 -1.578781E+02
8.880000E+00 -1.578232E+02
8.900000E+00 -1.578676E+02
8.920000E+00 -1.578793E+02
8.940000E+00 -1.578591E+02
8.960000E+00 -1.578047E+02
8.980000E+00 -1.578229E+02
9.000000E+00 -1.578580E+02
9.020000E+00 -1.579294E+02
9.040000E+00 -1.579381E+02
9.060000E+00 -1.578838E+02
9.080000E+00 -1.579181E+02
9.100000E+00 -1.578245E+02
9.120000E+00 -1.578484E+02
9.140000E+00 -1.577974E+02
9.160000E+00 -1.578908E+02
9.180000E+00 -1.579071E+02
9.200000E+00 -1.579091E+02
9.220000E+00 -1.578680E+02
9.240000E+00 -1.578367E+02
9.260000E+00 -1.578581E+02
9.280000E+00 -1.578443E+02
9.300000E+00 -1.578757E+02
9.320000E+00 -1.578514E+02
9.340000E+00 -1.578943E+02
9.360000E+00 -1.578380E+02
9.380000E+00 -1.578398E+02
9.400000E+00 -1.578699E+02
9.420000E+00 -1.578619E+02
9.440000E+00 -1.578322E+02
9.460000E+00 -1.578337E+02
9.480000E+00 -1.578547E+02
9.500000E+00 -1.578252E+02
9.520000E+00 -1.578210E+02
9.540000E+00 -1.578542E+02
9.560000E+00 -1.578595E+02
9.580000E+00 -1.578511E+02
9.600000E+00 -1.578485E+02
9.620000E+00 -1.578632E+02
9.640000E+00 -1.578607E+02
9.660000E+00 -1.578377E+02
9.680000E+00 -1.578519E+02
9.700000E+00 -1.578673E+02
9.720000E+00 -1.578359E+02
9.740000E+00 -1.578439E+02
9.760000E+00 -1.578182E+02
9.780000E+00 -1.578679E+02
9.800000E+00 -1.578424E+02
9.820000E+00 -1.578289E+02
9.840000E+00 -1.578573E+02
9.860000E+00 -1.578443E+02
9.880000E+00 -1.578607E+02
9.900000E+00 -1.578221E+02
9.920000E+00 -1.578855E+02
9.940000E+00 -1.578157E+02
9.960000E+00 -1.578222E+02
9.980000E+00 -1.578228E+02
1.000000E+01 -1.578815E+02
1.002000E+01 -1.579077E+02
1.004000E+01 -1.578937E+02
1.006000E+01 -1.578663E+02
1.008000E+01 -1.578551E+02
1.010000E+01 -1.578524E+02
1.012000E+01 -1.578789E+02
1.014000E+01 -1.578365E+02
1.016000E+01 -1.578177E+02
1.018000E+01 -1.578282E+02
1.020000E+01 -1.577609E+02
1.022000E+01 -1.577979E+02
1.024000E+01 -1.579033E+02
1.026000E+01 -1.578385E+02
1.028000E+01 -1.578106E+02
1.030000E+01 -1.578768E+02
1.032000E+01 -1.578862E+02
1.034000E+01 -1.578827E+02
1.036000E+01 -1.578760E+02
1.038000E+01 -1.578995E+02
1.040000E+01 -1.578424E+02
1.042000E+01 -1.578792E+02
1.044000E+01 -1.578873E+02
1.046000E+01 -1.577965E+02
1.048000E+01 -1.578188E+02
1.050000E+01 -1.578633E+02
1.052000E+01 -1.578849E+02
1.054000E+01 -1.578619E+02
1.056000E+01 -1.579586E+02
1.058000E+01 -1.578873E+02
1.060000E+01 -1.578495E+02
1.062000E+01 -1.578492E+02
1.064000E+01 -1.578639E+02
1.066000E+01 -1.578340E+02
1.068000E+01 -1.578813E+02
1.070000E+01 -1.578939E+02
1.072000E+01 -1.579116E+02
1.074000E+01 -1.578578E+02
1.076000E+01 -1.578635E+02
1.078000E+01 -1.577820E+02
1.080000E+01 -1.578083E+02
1.082000E+01 -1.578453E+02
1.084000E+01 -1.578699E+02
1.086000E+01 -1.578220E+02
1.088000E+01 -1.577838E+02
1.090000E+01 -1.578497E+02
1.092000E+01 -1.578759E+02
1.094000E+01 -1.579008E+02
1.096000E+01 -1.578058E+02
1.098000E+01 -1.577985E+02
1.100000E+01 -1.578886E+02
1.102000E+01 -1.578731E+02
1.104000E+01 -1.578106E+02
1.106000E+01 -1.577779E+02
1.108000E+01 -1.578180E+02
1.110000E+01 -1.578360E+02
1.112000E+01 -1.578848E+02
1.114000E+01 -1.579089E+02
1.116000E+01 -1.578456E+02
1.118000E+01 -1.578366E+02
1.120000E+01 -1.578176E+02
1.122000E+01 -1.578066E+02
1.124000E+01 -1.579044E+02
1.126000E+01 -1.579404E+02
1.128000E+01 -1.578487E+02
1.130000E+01 -1.578203E+02
1.132000E+01 -1.578164E+02
1.134000E+01 -1.578749E+02
1.136000E+01 -1.578666E+02
1.138000E+01 -1.578336E+02
1.140000E+01 -1.578082E+02
1.142000E+01 -1.578292E+02
1.144000E+01 -1.578336E+02
1.146000E+01 -1.578650E+02
1.148000E+01 -1.579360E+02
1.150000E+01 -1.578872E+02
1.152000E+01 -1.579225E+02
1.154000E+01 -1.578456E+02
1.156000E+01 -1.579185E+02
1.158000E+01 -1.578690E+02
1.160000E+01 -1.578557E+02
1.162000E+01 -1.578884E+02
1.164000E+01 -1.578381E+02
1.166000E+01 -1.578333E+02
1.168000E+01 -1.578798E+02
1.170000E+01 -1.578806E+02
1.172000E+01 -1.579081E+02
1.174000E+01 -1.579404E+02
1.176000E+01 -1.578698E+02
1.178000E+01 -1.578514E+02
1.180000E+01 -1.578900E+02
1.182000E+01 -1.579504E+02
1.184000E+01 -1.579105E+02
1.186000E+01 -1.578785E+02
1.188000E+01 -1.578769E+02
1.190000E+01 -1.578393E+02
1.192000E+01 -1.578232E+02
1.194000E+01 -1.578251E+02
1.196000E+01 -1.578279E+02
1.198000E+01 -1.578751E+02
1.200000E+01 -1.578990E+02
1.202000E+01 -1.578681E+02
1.204000E+01 -1.578438E+02
1.206000E+01 -1.578720E+02
1.208000E+01 -1.578917E+02
1.210000E+01 -1.578603E+02
1.212000E+01 -1.578063E+02
1.214000E+01 -1.578604E+02
1.216000E+01 -1.578488E+02
1.218000E+01 -1.578020E+02
1.220000E+01 -1.578121E+02
1.222000E+01 -1.578171E+02
1.224000E+01 -1.578321E+02
1.226000E+01 -1.578466E+02
1.228000E+01 -1.578794E+02
1.230000E+01 -1.578718E+02
1.232000E+01 -1.577928E+02
1.234000E+01 -1.578347E+02
1.236000E+01 -1.578829E+02
1.238000E+01 -1.579206E+02
1.240000E+01 -1.579204E+02
1.242000E+01 -1.578766E+02
1.244000E+01 -1.578323E+02
1.246000E+01 -1.578574E+02
1.248000E+01 -1.579353E+02
1.250000E+01 -1.578505E+02
1.252000E+01 -1.578515E+02
1.254000E+01 -1.578388E+02
1.256000E+01 -1.577687E+02
1.258000E+01 -1.578027E+02
1.260000E+01 -1.577991E+02
1.262000E+01 -1.578478E+02
1.264000E+01 -1.578636E+02
1.266000E+01 -1.579012E+02
1.268000E+01 -1.578439E+02
1.270000E+01 -1.578927E+02
1.272000E+01 -1.578582E+02
1.274000E+01 -1.578481E+02
1.276000E+01 -1.578149E+02
1.278000E+01 -1.578174E+02
1.280000E+01 -1.579189E+02
1.282000E+01 -1.578168E+02
1.284000E+01 -1.578423E+02
1.286000E+01 -1.578672E+02
1.288000E+01 -1.578227E+02
1.290000E+01 -1.578301E+02
1.292000E+01 -1.579244E+02
1.294000E+01 -1.578568E+02
1.296000E+01 -1.578365E+02
1.298000E+01 -1.579131E+02
1.300000E+01 -1.578910E+02
1.302000E+01 -1.578690E+02
1.304000E+01 -1.578443E+02
1.306000E+01 -1.578135E+02
1.308000E+01 -1.578332E+02
1.310000E+01 -1.578365E+02
1.312000E+01 -1.578270E+02
1.314000E+01 -1.578162E+02
1.316000E+01 -1.578367E+02
1.318000E+01 -1.578108E+02
1.320000E+01 -1.578442E+02
1.322000E+01 -1.578187E+02
1.324000E+01 -1.577978E+02
1.326000E+01 -1.577902E+02
1.328000E+01 -1.577937E+02
1.330000E+01 -1.578110E+02
1.332000E+01 -1.578826E+02
1.334000E+01 -1.578797E+02
1.336000E+01 -1.578309E+02
1.338000E+01 -1.578506E+02
1.340000E+01 -1.577980E+02
1.342000E+01 -1.577849E+02
1.344000E+01 -1.578041E+02
1.346000E+01 -1.578397E+02
1.348000E+01 -1.578510E+02
1.350000E+01 -1.577904E+02
1.352000E+01 -1.577872E+02
1.354000E+01 -1.577928E+02
1.356000E+01 -1.578120E+02
1.358000E+01 -1.578045E+02
1.360000E+01 -1.578153E+02
1.362000E+01 -1.578288E+02
1.364000E+01 -1.578013E+02
1.366000E+01 -1.578546E+02
1.368000E+01 -1.578252E+02
1.370000E+01 -1.578503E+02
1.372000E+01 -1.578449E+02
1.374000E+01 -1.578242E+02
1.376000E+01 -1.578226E+02
1.378000E+01 -1.578644E+02
1.380000E+01 -1.578440E+02
1.382000E+01 -1.578460E+02
1.384000E+01 -1.578344E+02
1.386000E+01 -1.578060E+02
1.388000E+01 -1.578321E+02
1.390000E+01 -1.578224E+02
1.392000E+01 -1.578229E+02
1.394000E+01 -1.577698E+02
1.396000E+01 -1.577935E+02
1.398000E+01 -1.578224E+02
1.400000E+01 -1.578370E+02
1.402000E+01 -1.578061E+02
1.404000E+01 -1.578344E+02
1.406000E+01 -1.578653E+02
1.408000E+01 -1.578094E+02
1.410000E+01 -1.578022E+02
1.412000E+01 -1.578245E+02
1.414000E+01 -1.578044E+02
1.416000E+01 -1.577777E+02
1.418000E+01 -1.577793E+02
1.420000E+01 -1.578088E+02
1.422000E+01 -1.578266E+02
1.424000E+01 -1.578432E+02
1.426000E+01 -1.578004E+02
1.428000E+01 -1.578038E+02
1.430000E+01 -1.578088E+02
1.432000E+01 -1.577654E+02
1.434000E+01 -1.578206E+02
1.436000E+01 -1.578287E+02
1.438000E+01 -1.578048E+02
1.440000E+01 -1.578663E+02
1.442000E+01 -1.578502E+02
1.444000E+01 -1.578142E+02
1.446000E+01 -1.578067E+02
1.448000E+01 -1.578297E+02
1.450000E+01 -1.578104E+02
1.452000E+01 -1.578268E+02
1.454000E+01 -1.578252E+02
1.456000E+01 -1.578045E+02
1.458000E+01 -1.578260E+02
1.460000E+01 -1.577958E+02
1.462000E+01 -1.578381E+02
1.464000E+01 -1.578033E+02
1.466000E+01 -1.577961E+02
1.468000E+01 -1.577807E+02
1.470000E+01 -1.578144E+02
1.472000E+01 -1.578203E+02
1.474000E+01 -1.577790E+02
1.476000E+01 -1.577734E+02
1.478000E+01 -1.578354E+02
1.480000E+01 -1.578027E+02
1.482000E+01 -1.577669E+02
1.484000E+01 -1.578032E+02
1.486000E+01 -1.577785E+02
1.488000E+01 -1.578095E+02
1.490000E+01 -1.578192E+02
1.492000E+01 -1.578634E+02
1.494000E+01 -1.578616E+02
1.496000E+01 -1.578241E+02
1.498000E+01 -1.577865E+02
1.500000E+01 -1.578304E+02
1.502000E+01 -1.577970E+02
1.504000E+01 -1.578005E+02
1.506000E+01 -1.578463E+02
1.508000E+01 -1.578199E+02
1.510000E+01 -1.577912E+02
1.512000E+01 -1.578063E+02
1.514000E+01 -1.578204E+02
1.516000E+01 -1.577872E+02
1.518000E+01 -1.578175E+02
1.520000E+01 -1.578015E+02
1.522000E+01 -1.578171E+02
1.524000E+01 -1.577790E+02
1.526000E+01 -1.578047E+02
1.528000E+01 -1.578216E+02
1.530000E+01 -1.577716E+02
1.532000E+01 -1.578114E+02
1.534000E+01 -1.577657E+02
1.536000E+01 -1.577420E+02
1.538000E+01 -1.577756E+02
1.540000E+01 -1.577663E+02
1.542000E+01 -1.578074E+02
1.544000E+01 -1.578316E+02
1.546000E+01 -1.577873E+02
1.548000E+01 -1.578015E+02
1.550000E+01 -1.578555E+02
1.552000E+01 -1.578124E+02
1.554000E+01 -1.578116E+02
1.556000E+01 -1.578453E+02
1.558000E+01 -1.577930E+02
1.560000E+01 -1.578254E+02
1.562000E+01 -1.577827E+02
1.564000E+01 -1.577790E+02
1.566000E+01 -1.577976E+02
1.568000E+01 -1.577942E+02
1.570000E+01 -1.577837E+02
1.572000E+01 -1.578280E+02
1.574000E+01 -1.578002E+02
1.576000E+01 -1.578318E+02
1.578000E+01 -1.577924E+02
1.580000E+01 -1.578072E+02
1.582000E+01 -1.578307E+02
1.584000E+01 -1.578686E+02
1.586000E+01 -1.577983E+02
1.588000E+01 -1.578277E+02
1.590000E+01 -1.578392E+02
1.592000E+01 -1.578288E+02
1.594000E+01 -1.578001E+02
1.596000E+01 -1.578308E+02
1.598000E+01 -1.578140E+02
1.600000E+01 -1.577892E+02
1.602000E+01 -1.578095E+02
1.604000E+01 -1.578393E+02
1.606000E+01 -1.578390E+02
1.608000E+01 -1.578412E+02
1.610000E+01 -1.578215E+02
1.612000E+01 -1.578058E+02
1.614000E+01 -1.577871E+02
1.616000E+01 -1.578052E+02
1.618000E+01 -1.578435E+02
1.620000E+01 -1.578404E+02
1.622000E+01 -1.578603E+02
1.624000E+01 -1.578551E+02
1.626000E+01 -1.579496E+02
1.628000E+01 -1.578652E+02
1.630000E+01 -1.578201E+02
1.632000E+01 -1.577991E+02
1.634000E+01 -1.577911E+02
1.636000E+01 -1.578371E+02
1.638000E+01 -1.577858E+02
1.640000E+01 -1.578411E+02
1.642000E+01 -1.578136E+02
1.644000E+01 -1.578144E+02
1.646000E+01 -1.577639E+02
1.648000E+01 -1.577928E+02
1.650000E+01 -1.578284E+02
1.652000E+01 -1.578209E+02
1.654000E+01 -1.577904E+02
1.656000E+01 -1.577964E+02
1.658000E+01 -1.577700E+02
1.660000E+01 -1.578085E+02
1.662000E+01 -1.577723E+02
1.664000E+01 -1.578423E+02
1.666000E+01 -1.578011E+02
1.668000E+01 -1.577952E+02
1.670000E+01 -1.578263E+02
1.672000E+01 -1.578829E+02
1.674000E+01 -1.577697E+02
1.676000E+01 -1.577681E+02
1.678000E+01 -1.578064E+02
1.680000E+01 -1.578183E+02
1.682000E+01 -1.577917E+02
1.684000E+01 -1.577999E+02
1.686000E+01 -1.577961E+02
1.688000E+01 -1.578588E+02
1.690000E+01 -1.578125E+02
1.692000E+01 -1.577714E+02
1.694000E+01 -1.577725E+02
1.696000E+01 -1.578227E+02
1.698000E+01 -1.577810E+02
1.700000E+01 -1.578402E+02
1.702000E+01 -1.578082E+02
1.704000E+01 -1.578207E+02
1.706000E+01 -1.577987E+02
1.708000E+01 -1.577836E+02
1.710000E+01 -1.578140E+02
1.712000E+01 -1.578202E+02
1.714000E+01 -1.577854E+02
1.716000E+01 -1.578258E+02
1.718000E+01 -1.578281E+02
1.720000E+01 -1.578032E+02
1.722000E+01 -1.577809E+02
1.724000E+01 -1.578088E+02
1.726000E+01 -1.577941E+02
1.728000E+01 -1.577509E+02
1.730000E+01 -1.577771E+02
1.732000E+01 -1.577898E+02
1.734000E+01 -1.577736E+02
1.736000E+01 -1.578290E+02
1.738000E+01 -1.578168E+02
1.740000E+01 -1.578359E+02
1.742000E+01 -1.577885E+02
1.744000E+01 -1.578430E+02
1.746000E+01 -1.578253E+02
1.748000E+01 -1.578030E+02
1.750000E+01 -1.577840E+02
1.752000E+01 -1.577884E+02
1.754000E+01 -1.577913E+02
1.756000E+01 -1.578030E+02
1.758000E+01 -1.578077E+02
1.760000E+01 -1.578293E+02
1.762000E+01 -1.577633E+02
1.764000E+01 -1.577803E+02
1.766000E+01 -1.577957E+02
1.768000E+01 -1.578282E+02
1.770000E+01 -1.578335E+02
1.772000E+01 -1.578038E+02
1.774000E+01 -1.577805E+02
1.776000E+01 -1.578148E+02
1.778000E+01 -1.579027E+02
1.780000E+01 -1.578019E+02
1.782000E+01 -1.577539E+02
1.784000E+01 -1.577913E+02
1.786000E+01 -1.578005E+02
1.788000E+01 -1.578542E+02
1.790000E+01 -1.578170E+02
1.792000E+01 -1.578132E+02
1.794000E+01 -1.578686E+02
1.796000E+01 -1.578768E+02
1.798000E+01 -1.578576E+02
1.800000E+01 -1.578279E+02
1.802000E+01 -1.578480E+02
1.804000E+01 -1.578153E+02
1.806000E+01 -1.578290E+02
1.808000E+01 -1.578641E+02
1.810000E+01 -1.578249E+02
1.812000E+01 -1.578570E+02
1.814000E+01 -1.578043E+02
1.816000E+01 -1.578073E+02
1.818000E+01 -1.577642E+02
1.820000E+01 -1.578374E+02
1.822000E+01 -1.578381E+02
1.824000E+01 -1.578445E+02
1.826000E+01 -1.578235E+02
1.828000E+01 -1.578408E+02
1.830000E+01 -1.577712E+02
1.832000E+01 -1.577728E+02
1.834000E+01 -1.578167E+02
1.836000E+01 -1.578164E+02
1.838000E+01 -1.577924E+02
1.840000E+01 -1.577549E+02
1.842000E+01 -1.577731E+02
1.844000E+01 -1.578254E+02
1.846000E+01 -1.577491E+02
1.848000E+01 -1.577984E+02
1.850000E+01 -1.577790E+02
1.852000E+01 -1.577799E+02
1.854000E+01 -1.577644E+02
1.856000E+01 -1.577888E+02
1.858000E+01 -1.578051E+02
1.860000E+01 -1.578375E+02
1.862000E+01 -1.578339E+02
1.864000E+01 -1.578471E+02
1.866000E+01 -1.577469E+02
1.868000E+01 -1.577965E+02
1.870000E+01 -1.577575E+02
1.872000E+01 -1.577880E+02
1.874000E+01 -1.578173E+02
1.876000E+01 -1.578321E+02
1.878000E+01 -1.578400E+02
1.880000E+01 -1.578055E+02
1.882000E+01 -1.578135E+02
1.884000E+01 -1.578036E+02
1.886000E+01 -1.578336E+02
1.888000E+01 -1.577780E+02
1.890000E+01 -1.578113E+02
1.892000E+01 -1.577712E+02
1.894000E+01 -1.577905E+02
1.896000E+01 -1.577738E+02
1.898000E+01 -1.577806E+02
1.900000E+01 -1.577904E+02
1.902000E+01 -1.577835E+02
1.904000E+01 -1.577357E+02
1.906000E+01 -1.577758E+02
1.908000E+01 -1.578071E+02
1.910000E+01 -1.578283E+02
1.912000E+01 -1.578162E+02
1.914000E+01 -1.577940E+02
1.916000E+01 -1.577510E+02
1.918000E+01 -1.577455E+02
1.920000E+01 -1.577345E+02
1.922000E+01 -1.577606E+02
1.924000E+01 -1.578306E+02
1.926000E+01 -1.577931E+02
1.928000E+01 -1.577629E+02
1.930000E+01 -1.578101E+02
1.932000E+01 -1.577421E+02
1.934000E+01 -1.578270E+02
1.936000E+01 -1.577857E+02
1.938000E+01 -1.578316E+02
1.940000E+01 -1.577685E+02
1.942000E+01 -1.577917E+02
1.944000E+01 -1.578175E+02
1.946000E+01 -1.577637E+02
1.948000E+01 -1.577905E+02
1.950000E+01 -1.578228E+02
1.952000E+01 -1.577469E+02
1.954000E+01 -1.577424E+02
1.956000E+01 -1.577812E+02
1.958000E+01 -1.577897E+02
1.960000E+01 -1.577861E+02
1.962000E+01 -1.577768E+02
1.964000E+01 -1.577568E+02
1.966000E+01 -1.577695E+02
1.968000E+01 -1.577577E+02
1.970000E+01 -1.577765E+02
1.972000E+01 -1.577435E+02
1.974000E+01 -1.577441E+02
1.976000E+01 -1.577729E+02
1.978000E+01 -1.577917E+02
1.980000E+01 -1.577929E+02
1.982000E+01 -1.577678E+02
1.984000E+01 -1.577835E+02
1.986000E+01 -1.577654E+02
1.988000E+01 -1.577766E+02
1.990000E+01 -1.577368E+02
1.992000E+01 -1.577706E+02
1.994000E+01 -1.577898E+02
1.996000E+01 -1.577405E+02
1.998000E+01 -1.577662E+02
2.000000E+01 -1.578077E+02
