amber                                                                           
         3       179
OW      OW      
  2.513966E-02  0.000000E+00
  7.541899E-02  0.000000E+00
  1.256983E-01  0.000000E+00
  1.759777E-01  0.000000E+00
  2.262570E-01  0.000000E+00
  2.765363E-01  0.000000E+00
  3.268156E-01  0.000000E+00
  3.770950E-01  0.000000E+00
  4.273743E-01  0.000000E+00
  4.776536E-01  0.000000E+00
  5.279330E-01  0.000000E+00
  5.782123E-01  0.000000E+00
  6.284916E-01  0.000000E+00
  6.787709E-01  0.000000E+00
  7.290503E-01  0.000000E+00
  7.793296E-01  0.000000E+00
  8.296089E-01  0.000000E+00
  8.798883E-01  0.000000E+00
  9.301676E-01  0.000000E+00
  9.804469E-01  0.000000E+00
  1.030726E+00  0.000000E+00
  1.081006E+00  0.000000E+00
  1.131285E+00  0.000000E+00
  1.181564E+00  0.000000E+00
  1.231844E+00  0.000000E+00
  1.282123E+00  0.000000E+00
  1.332402E+00  0.000000E+00
  1.382682E+00  0.000000E+00
  1.432961E+00  0.000000E+00
  1.483240E+00  0.000000E+00
  1.533520E+00  0.000000E+00
  1.583799E+00  0.000000E+00
  1.634078E+00  0.000000E+00
  1.684358E+00  0.000000E+00
  1.734637E+00  0.000000E+00
  1.784916E+00  0.000000E+00
  1.835196E+00  0.000000E+00
  1.885475E+00  0.000000E+00
  1.935754E+00  0.000000E+00
  1.986034E+00  0.000000E+00
  2.036313E+00  0.000000E+00
  2.086592E+00  0.000000E+00
  2.136872E+00  0.000000E+00
  2.187151E+00  0.000000E+00
  2.237430E+00  0.000000E+00
  2.287709E+00  0.000000E+00
  2.337989E+00  0.000000E+00
  2.388268E+00  0.000000E+00
  2.438547E+00  0.000000E+00
  2.488827E+00  2.270745E-01
  2.539106E+00  3.708904E+00
  2.589385E+00  2.936930E+01
  2.639665E+00  1.090073E+02
  2.689944E+00  2.004158E+02
  2.740223E+00  2.446423E+02
  2.790503E+00  2.115207E+02
  2.840782E+00  1.537283E+02
  2.891061E+00  8.346966E+01
  2.941341E+00  4.568542E+01
  2.991620E+00  2.467454E+01
  3.041899E+00  1.520103E+01
  3.092179E+00  1.132725E+01
  3.142458E+00  7.976499E+00
  3.192737E+00  7.175308E+00
  3.243017E+00  7.355770E+00
  3.293296E+00  5.965686E+00
  3.343575E+00  5.787619E+00
  3.393855E+00  8.548229E+00
  3.444134E+00  7.589003E+00
  3.494413E+00  6.220285E+00
  3.544693E+00  9.179562E+00
  3.594972E+00  7.618553E+00
  3.645251E+00  1.005621E+01
  3.695531E+00  1.153534E+01
  3.745810E+00  1.032552E+01
  3.796089E+00  1.327493E+01
  3.846369E+00  1.169418E+01
  3.896648E+00  1.241335E+01
  3.946927E+00  1.408552E+01
  3.997207E+00  1.478982E+01
  4.047486E+00  1.399535E+01
  4.097765E+00  1.382155E+01
  4.148045E+00  1.528699E+01
  4.198324E+00  1.699789E+01
  4.248603E+00  1.659796E+01
  4.298883E+00  1.636420E+01
  4.349162E+00  1.680602E+01
  4.399441E+00  1.584270E+01
  4.449721E+00  1.761790E+01
  4.500000E+00  1.687910E+01
  4.550279E+00  1.854619E+01
  4.600559E+00  1.701324E+01
  4.650838E+00  1.573698E+01
  4.701117E+00  1.451113E+01
  4.751397E+00  1.370720E+01
  4.801676E+00  1.390970E+01
  4.851955E+00  1.320466E+01
  4.902235E+00  1.492522E+01
  4.952514E+00  1.387819E+01
  5.002793E+00  1.281382E+01
  5.053073E+00  1.173377E+01
  5.103352E+00  1.220581E+01
  5.153631E+00  1.000931E+01
  5.203911E+00  1.028430E+01
  5.254190E+00  8.356060E+00
  5.304469E+00  6.998637E+00
  5.354749E+00  6.818769E+00
  5.405028E+00  6.066582E+00
  5.455307E+00  5.104519E+00
  5.505587E+00  4.454855E+00
  5.555866E+00  4.556864E+00
  5.606145E+00  3.893680E+00
  5.656425E+00  3.077398E+00
  5.706704E+00  4.060008E+00
  5.756983E+00  3.055712E+00
  5.807263E+00  3.461824E+00
  5.857542E+00  3.320658E+00
  5.907821E+00  2.861367E+00
  5.958101E+00  2.100053E+00
  6.008380E+00  1.792310E+00
  6.058659E+00  1.647728E+00
  6.108939E+00  1.545334E+00
  6.159218E+00  1.928068E+00
  6.209497E+00  1.568649E+00
  6.259777E+00  1.507655E+00
  6.310056E+00  1.307090E+00
  6.360335E+00  9.040317E-01
  6.410615E+00  7.187706E-01
  6.460894E+00  4.717514E-01
  6.511173E+00  3.981376E-01
  6.561453E+00  1.306864E-01
  6.611732E+00  3.217659E-02
  6.662011E+00  0.000000E+00
  6.712291E+00  0.000000E+00
  6.762570E+00  6.151443E-02
  6.812849E+00  3.030491E-02
  6.863128E+00  0.000000E+00
  6.913408E+00  0.000000E+00
  6.963687E+00  0.000000E+00
  7.013966E+00  0.000000E+00
  7.064246E+00  0.000000E+00
  7.114525E+00  0.000000E+00
  7.164804E+00  0.000000E+00
  7.215084E+00  0.000000E+00
  7.265363E+00  0.000000E+00
  7.315642E+00  0.000000E+00
  7.365922E+00  0.000000E+00
  7.416201E+00  0.000000E+00
  7.466480E+00  0.000000E+00
  7.516760E+00  0.000000E+00
  7.567039E+00  0.000000E+00
  7.617318E+00  0.000000E+00
  7.667598E+00  0.000000E+00
  7.717877E+00  0.000000E+00
  7.768156E+00  0.000000E+00
  7.818436E+00  0.000000E+00
  7.868715E+00  0.000000E+00
  7.918994E+00  0.000000E+00
  7.969274E+00  0.000000E+00
  8.019553E+00  0.000000E+00
  8.069832E+00  0.000000E+00
  8.120112E+00  0.000000E+00
  8.170391E+00  0.000000E+00
  8.220670E+00  0.000000E+00
  8.270950E+00  0.000000E+00
  8.321229E+00  0.000000E+00
  8.371508E+00  0.000000E+00
  8.421788E+00  0.000000E+00
  8.472067E+00  0.000000E+00
  8.522346E+00  0.000000E+00
  8.572626E+00  0.000000E+00
  8.622905E+00  0.000000E+00
  8.673184E+00  0.000000E+00
  8.723464E+00  0.000000E+00
  8.773743E+00  0.000000E+00
  8.824022E+00  0.000000E+00
  8.874302E+00  0.000000E+00
  8.924581E+00  0.000000E+00
  8.974860E+00  0.000000E+00
OW      HW      
  2.513966E-02  0.000000E+00
  7.541899E-02  0.000000E+00
  1.256983E-01  0.000000E+00
  1.759777E-01  0.000000E+00
  2.262570E-01  0.000000E+00
  2.765363E-01  0.000000E+00
  3.268156E-01  0.000000E+00
  3.770950E-01  0.000000E+00
  4.273743E-01  0.000000E+00
  4.776536E-01  0.000000E+00
  5.279330E-01  0.000000E+00
  5.782123E-01  0.000000E+00
  6.284916E-01  0.000000E+00
  6.787709E-01  0.000000E+00
  7.290503E-01  0.000000E+00
  7.793296E-01  0.000000E+00
  8.296089E-01  0.000000E+00
  8.798883E-01  0.000000E+00
  9.301676E-01  0.000000E+00
  9.804469E-01  0.000000E+00
  1.030726E+00  0.000000E+00
  1.081006E+00  0.000000E+00
  1.131285E+00  0.000000E+00
  1.181564E+00  0.000000E+00
  1.231844E+00  0.000000E+00
  1.282123E+00  0.000000E+00
  1.332402E+00  0.000000E+00
  1.382682E+00  0.000000E+00
  1.432961E+00  0.000000E+00
  1.483240E+00  0.000000E+00
  1.533520E+00  1.495185E-01
  1.583799E+00  1.121414E+00
  1.634078E+00  1.185155E+01
  1.684358E+00  4.573389E+01
  1.734637E+00  9.290351E+01
  1.784916E+00  1.242758E+02
  1.835196E+00  1.195436E+02
  1.885475E+00  9.406452E+01
  1.935754E+00  6.099596E+01
  1.986034E+00  3.833405E+01
  2.036313E+00  1.950425E+01
  2.086592E+00  1.211456E+01
  2.136872E+00  7.007726E+00
  2.187151E+00  4.998560E+00
  2.237430E+00  2.879912E+00
  2.287709E+00  2.821907E+00
  2.337989E+00  1.672570E+00
  2.388268E+00  9.863938E-01
  2.438547E+00  1.478341E+00
  2.488827E+00  2.043671E+00
  2.539106E+00  1.581738E+00
  2.589385E+00  2.517368E+00
  2.639665E+00  3.684043E+00
  2.689944E+00  5.734498E+00
  2.740223E+00  1.006855E+01
  2.790503E+00  1.395386E+01
  2.840782E+00  2.065398E+01
  2.891061E+00  2.642084E+01
  2.941341E+00  3.869441E+01
  2.991620E+00  4.903476E+01
  3.041899E+00  5.631981E+01
  3.092179E+00  5.961518E+01
  3.142458E+00  5.661890E+01
  3.192737E+00  5.381481E+01
  3.243017E+00  4.667571E+01
  3.293296E+00  4.260278E+01
  3.343575E+00  3.831152E+01
  3.393855E+00  3.556674E+01
  3.444134E+00  3.758928E+01
  3.494413E+00  3.599702E+01
  3.544693E+00  3.529094E+01
  3.594972E+00  3.441953E+01
  3.645251E+00  3.006277E+01
  3.695531E+00  2.502756E+01
  3.745810E+00  2.082647E+01
  3.796089E+00  1.720372E+01
  3.846369E+00  1.490294E+01
  3.896648E+00  1.375658E+01
  3.946927E+00  1.241513E+01
  3.997207E+00  1.228083E+01
  4.047486E+00  1.169857E+01
  4.097765E+00  1.172738E+01
  4.148045E+00  1.136306E+01
  4.198324E+00  1.081321E+01
  4.248603E+00  1.176663E+01
  4.298883E+00  1.174036E+01
  4.349162E+00  1.132176E+01
  4.399441E+00  1.053758E+01
  4.449721E+00  1.078031E+01
  4.500000E+00  1.048866E+01
  4.550279E+00  1.013926E+01
  4.600559E+00  1.079942E+01
  4.650838E+00  1.159139E+01
  4.701117E+00  1.058103E+01
  4.751397E+00  1.171342E+01
  4.801676E+00  1.076782E+01
  4.851955E+00  1.053087E+01
  4.902235E+00  1.169142E+01
  4.952514E+00  1.075273E+01
  5.002793E+00  1.065008E+01
  5.053073E+00  1.059069E+01
  5.103352E+00  9.869960E+00
  5.153631E+00  9.890154E+00
  5.203911E+00  9.570112E+00
  5.254190E+00  9.476995E+00
  5.304469E+00  8.085925E+00
  5.354749E+00  8.302710E+00
  5.405028E+00  7.787855E+00
  5.455307E+00  7.361378E+00
  5.505587E+00  6.983913E+00
  5.555866E+00  6.550492E+00
  5.606145E+00  5.594367E+00
  5.656425E+00  5.440401E+00
  5.706704E+00  5.161394E+00
  5.756983E+00  4.721499E+00
  5.807263E+00  4.243863E+00
  5.857542E+00  4.448041E+00
  5.907821E+00  3.334903E+00
  5.958101E+00  3.001490E+00
  6.008380E+00  3.078097E+00
  6.058659E+00  2.758986E+00
  6.108939E+00  2.365115E+00
  6.159218E+00  2.030033E+00
  6.209497E+00  1.760170E+00
  6.259777E+00  1.525603E+00
  6.310056E+00  1.580873E+00
  6.360335E+00  1.608133E+00
  6.410615E+00  1.232178E+00
  6.460894E+00  1.288892E+00
  6.511173E+00  1.094878E+00
  6.561453E+00  8.004543E-01
  6.611732E+00  1.029651E+00
  6.662011E+00  8.715503E-01
  6.712291E+00  9.131769E-01
  6.762570E+00  8.304448E-01
  6.812849E+00  7.045892E-01
  6.863128E+00  5.001971E-01
  6.913408E+00  4.708757E-01
  6.963687E+00  3.915849E-01
  7.013966E+00  5.932823E-01
  7.064246E+00  4.932614E-01
  7.114525E+00  3.821040E-01
  7.164804E+00  3.836102E-01
  7.215084E+00  2.566916E-01
  7.265363E+00  1.998561E-01
  7.315642E+00  1.642653E-01
  7.365922E+00  3.240609E-02
  7.416201E+00  2.557454E-02
  7.466480E+00  6.307817E-03
  7.516760E+00  1.867114E-02
  7.567039E+00  1.228256E-02
  7.617318E+00  6.060476E-03
  7.667598E+00  0.000000E+00
  7.717877E+00  0.000000E+00
  7.768156E+00  0.000000E+00
  7.818436E+00  0.000000E+00
  7.868715E+00  0.000000E+00
  7.918994E+00  0.000000E+00
  7.969274E+00  0.000000E+00
  8.019553E+00  0.000000E+00
  8.069832E+00  0.000000E+00
  8.120112E+00  0.000000E+00
  8.170391E+00  0.000000E+00
  8.220670E+00  0.000000E+00
  8.270950E+00  0.000000E+00
  8.321229E+00  0.000000E+00
  8.371508E+00  0.000000E+00
  8.421788E+00  0.000000E+00
  8.472067E+00  0.000000E+00
  8.522346E+00  0.000000E+00
  8.572626E+00  0.000000E+00
  8.622905E+00  0.000000E+00
  8.673184E+00  0.000000E+00
  8.723464E+00  0.000000E+00
  8.773743E+00  0.000000E+00
  8.824022E+00  0.000000E+00
  8.874302E+00  0.000000E+00
  8.924581E+00  0.000000E+00
  8.974860E+00  0.000000E+00
HW      HW      
  2.513966E-02  0.000000E+00
  7.541899E-02  0.000000E+00
  1.256983E-01  0.000000E+00
  1.759777E-01  0.000000E+00
  2.262570E-01  0.000000E+00
  2.765363E-01  0.000000E+00
  3.268156E-01  0.000000E+00
  3.770950E-01  0.000000E+00
  4.273743E-01  0.000000E+00
  4.776536E-01  0.000000E+00
  5.279330E-01  0.000000E+00
  5.782123E-01  0.000000E+00
  6.284916E-01  0.000000E+00
  6.787709E-01  0.000000E+00
  7.290503E-01  0.000000E+00
  7.793296E-01  0.000000E+00
  8.296089E-01  0.000000E+00
  8.798883E-01  0.000000E+00
  9.301676E-01  0.000000E+00
  9.804469E-01  0.000000E+00
  1.030726E+00  0.000000E+00
  1.081006E+00  0.000000E+00
  1.131285E+00  0.000000E+00
  1.181564E+00  0.000000E+00
  1.231844E+00  0.000000E+00
  1.282123E+00  0.000000E+00
  1.332402E+00  0.000000E+00
  1.382682E+00  0.000000E+00
  1.432961E+00  0.000000E+00
  1.483240E+00  0.000000E+00
  1.533520E+00  0.000000E+00
  1.583799E+00  0.000000E+00
  1.634078E+00  1.316839E-01
  1.684358E+00  0.000000E+00
  1.734637E+00  3.505793E-01
  1.784916E+00  8.829542E-01
  1.835196E+00  2.923336E+00
  1.885475E+00  3.956447E+00
  1.935754E+00  1.097927E+01
  1.986034E+00  1.595766E+01
  2.036313E+00  2.230269E+01
  2.086592E+00  2.834807E+01
  2.136872E+00  3.873501E+01
  2.187151E+00  4.050304E+01
  2.237430E+00  5.127648E+01
  2.287709E+00  5.287715E+01
  2.337989E+00  5.551646E+01
  2.388268E+00  5.400506E+01
  2.438547E+00  5.292462E+01
  2.488827E+00  5.529265E+01
  2.539106E+00  5.219737E+01
  2.589385E+00  5.286473E+01
  2.639665E+00  5.092054E+01
  2.689944E+00  4.004429E+01
  2.740223E+00  3.493552E+01
  2.790503E+00  2.546918E+01
  2.840782E+00  1.930319E+01
  2.891061E+00  1.510363E+01
  2.941341E+00  1.093361E+01
  2.991620E+00  1.009770E+01
  3.041899E+00  9.842666E+00
  3.092179E+00  1.088593E+01
  3.142458E+00  1.011306E+01
  3.192737E+00  1.159088E+01
  3.243017E+00  1.277229E+01
  3.293296E+00  1.306615E+01
  3.343575E+00  1.733140E+01
  3.393855E+00  1.813446E+01
  3.444134E+00  2.223341E+01
  3.494413E+00  2.490994E+01
  3.544693E+00  2.759466E+01
  3.594972E+00  3.069188E+01
  3.645251E+00  3.191523E+01
  3.695531E+00  3.519822E+01
  3.745810E+00  3.405917E+01
  3.796089E+00  3.545675E+01
  3.846369E+00  3.144593E+01
  3.896648E+00  2.894904E+01
  3.946927E+00  2.539457E+01
  3.997207E+00  2.253687E+01
  4.047486E+00  1.893236E+01
  4.097765E+00  1.824026E+01
  4.148045E+00  1.512349E+01
  4.198324E+00  1.418486E+01
  4.248603E+00  1.316927E+01
  4.298883E+00  1.335776E+01
  4.349162E+00  1.247438E+01
  4.399441E+00  1.326281E+01
  4.449721E+00  1.255631E+01
  4.500000E+00  1.255513E+01
  4.550279E+00  1.110733E+01
  4.600559E+00  1.060005E+01
  4.650838E+00  1.033958E+01
  4.701117E+00  1.015142E+01
  4.751397E+00  9.392544E+00
  4.801676E+00  9.166370E+00
  4.851955E+00  8.798130E+00
  4.902235E+00  8.369829E+00
  4.952514E+00  8.587846E+00
  5.002793E+00  7.910286E+00
  5.053073E+00  7.946460E+00
  5.103352E+00  8.155206E+00
  5.153631E+00  7.626143E+00
  5.203911E+00  7.557402E+00
  5.254190E+00  6.993105E+00
  5.304469E+00  6.661203E+00
  5.354749E+00  6.548962E+00
  5.405028E+00  6.680463E+00
  5.455307E+00  6.652417E+00
  5.505587E+00  6.218235E+00
  5.555866E+00  6.516316E+00
  5.606145E+00  6.355201E+00
  5.656425E+00  5.275540E+00
  5.706704E+00  5.517724E+00
  5.756983E+00  5.570308E+00
  5.807263E+00  5.682814E+00
  5.857542E+00  5.073227E+00
  5.907821E+00  4.876415E+00
  5.958101E+00  4.368506E+00
  6.008380E+00  4.042438E+00
  6.058659E+00  3.621169E+00
  6.108939E+00  3.429888E+00
  6.159218E+00  3.309232E+00
  6.209497E+00  3.073458E+00
  6.259777E+00  2.683266E+00
  6.310056E+00  2.570022E+00
  6.360335E+00  2.494780E+00
  6.410615E+00  2.301777E+00
  6.460894E+00  2.156578E+00
  6.511173E+00  1.990688E+00
  6.561453E+00  1.690755E+00
  6.611732E+00  1.600785E+00
  6.662011E+00  1.410327E+00
  6.712291E+00  1.311228E+00
  6.762570E+00  1.045745E+00
  6.812849E+00  7.727753E-01
  6.863128E+00  6.868378E-01
  6.913408E+00  7.136710E-01
  6.963687E+00  6.816478E-01
  7.013966E+00  6.004303E-01
  7.064246E+00  4.157489E-01
  7.114525E+00  4.724195E-01
  7.164804E+00  3.288087E-01
  7.215084E+00  3.580172E-01
  7.265363E+00  4.130360E-01
  7.315642E+00  3.810956E-01
  7.365922E+00  3.175797E-01
  7.416201E+00  3.260754E-01
  7.466480E+00  2.901596E-01
  7.516760E+00  2.053826E-01
  7.567039E+00  2.702164E-01
  7.617318E+00  2.848424E-01
  7.667598E+00  2.213065E-01
  7.717877E+00  1.298787E-01
  7.768156E+00  1.631673E-01
  7.818436E+00  1.265593E-01
  7.868715E+00  1.419853E-01
  7.918994E+00  1.401881E-01
  7.969274E+00  1.771836E-01
  8.019553E+00  9.841999E-02
  8.069832E+00  5.939841E-02
  8.120112E+00  6.399830E-02
  8.170391E+00  6.321305E-02
  8.220670E+00  1.561054E-02
  8.270950E+00  5.140442E-03
  8.321229E+00  0.000000E+00
  8.371508E+00  5.017690E-03
  8.421788E+00  4.957956E-03
  8.472067E+00  0.000000E+00
  8.522346E+00  0.000000E+00
  8.572626E+00  0.000000E+00
  8.622905E+00  0.000000E+00
  8.673184E+00  0.000000E+00
  8.723464E+00  0.000000E+00
  8.773743E+00  0.000000E+00
  8.824022E+00  0.000000E+00
  8.874302E+00  0.000000E+00
  8.924581E+00  0.000000E+00
  8.974860E+00  0.000000E+00
