amber                                                                           
         3       179
OW      OW      
  2.513966E-02  0.000000E+00
  7.541899E-02  0.000000E+00
  1.256983E-01  0.000000E+00
  1.759777E-01  0.000000E+00
  2.262570E-01  0.000000E+00
  2.765363E-01  0.000000E+00
  3.268156E-01  0.000000E+00
  3.770950E-01  0.000000E+00
  4.273743E-01  0.000000E+00
  4.776536E-01  0.000000E+00
  5.279330E-01  0.000000E+00
  5.782123E-01  0.000000E+00
  6.284916E-01  0.000000E+00
  6.787709E-01  0.000000E+00
  7.290503E-01  0.000000E+00
  7.793296E-01  0.000000E+00
  8.296089E-01  0.000000E+00
  8.798883E-01  0.000000E+00
  9.301676E-01  0.000000E+00
  9.804469E-01  0.000000E+00
  1.030726E+00  0.000000E+00
  1.081006E+00  0.000000E+00
  1.131285E+00  0.000000E+00
  1.181564E+00  0.000000E+00
  1.231844E+00  0.000000E+00
  1.282123E+00  0.000000E+00
  1.332402E+00  0.000000E+00
  1.382682E+00  0.000000E+00
  1.432961E+00  0.000000E+00
  1.483240E+00  0.000000E+00
  1.533520E+00  0.000000E+00
  1.583799E+00  0.000000E+00
  1.634078E+00  0.000000E+00
  1.684358E+00  0.000000E+00
  1.734637E+00  0.000000E+00
  1.784916E+00  0.000000E+00
  1.835196E+00  0.000000E+00
  1.885475E+00  0.000000E+00
  1.935754E+00  0.000000E+00
  1.986034E+00  0.000000E+00
  2.036313E+00  0.000000E+00
  2.086592E+00  0.000000E+00
  2.136872E+00  0.000000E+00
  2.187151E+00  0.000000E+00
  2.237430E+00  0.000000E+00
  2.287709E+00  0.000000E+00
  2.337989E+00  0.000000E+00
  2.388268E+00  0.000000E+00
  2.438547E+00  0.000000E+00
  2.488827E+00  0.000000E+00
  2.539106E+00  3.381648E+00
  2.589385E+00  3.057553E+01
  2.639665E+00  1.103699E+02
  2.689944E+00  2.073167E+02
  2.740223E+00  2.424413E+02
  2.790503E+00  2.118819E+02
  2.840782E+00  1.484559E+02
  2.891061E+00  8.982244E+01
  2.941341E+00  4.162088E+01
  2.991620E+00  2.003824E+01
  3.041899E+00  9.120617E+00
  3.092179E+00  5.111974E+00
  3.142458E+00  4.237515E+00
  3.192737E+00  2.000807E+00
  3.243017E+00  3.410403E+00
  3.293296E+00  3.339487E+00
  3.343575E+00  3.837443E+00
  3.393855E+00  3.083468E+00
  3.444134E+00  3.171966E+00
  3.494413E+00  3.628499E+00
  3.544693E+00  4.757700E+00
  3.594972E+00  4.380668E+00
  3.645251E+00  5.213351E+00
  3.695531E+00  6.256890E+00
  3.745810E+00  6.215359E+00
  3.796089E+00  7.418344E+00
  3.846369E+00  7.938730E+00
  3.896648E+00  8.661553E+00
  3.946927E+00  9.503214E+00
  3.997207E+00  1.146651E+01
  4.047486E+00  1.330846E+01
  4.097765E+00  1.153890E+01
  4.148045E+00  1.381552E+01
  4.198324E+00  1.568115E+01
  4.248603E+00  1.681225E+01
  4.298883E+00  1.704922E+01
  4.349162E+00  1.539313E+01
  4.399441E+00  1.738700E+01
  4.449721E+00  1.790206E+01
  4.500000E+00  2.049109E+01
  4.550279E+00  2.092391E+01
  4.600559E+00  2.204743E+01
  4.650838E+00  2.048408E+01
  4.701117E+00  1.950728E+01
  4.751397E+00  1.690035E+01
  4.801676E+00  1.816497E+01
  4.851955E+00  1.816388E+01
  4.902235E+00  1.681282E+01
  4.952514E+00  1.569898E+01
  5.002793E+00  1.617183E+01
  5.053073E+00  1.389598E+01
  5.103352E+00  1.167923E+01
  5.153631E+00  8.923646E+00
  5.203911E+00  8.778013E+00
  5.254190E+00  8.356060E+00
  5.304469E+00  7.710998E+00
  5.354749E+00  7.370648E+00
  5.405028E+00  6.921200E+00
  5.455307E+00  6.498809E+00
  5.505587E+00  5.406152E+00
  5.555866E+00  6.334041E+00
  5.606145E+00  5.538424E+00
  5.656425E+00  3.945664E+00
  5.706704E+00  3.919636E+00
  5.756983E+00  3.586217E+00
  5.807263E+00  3.357552E+00
  5.857542E+00  2.961945E+00
  5.907821E+00  3.234151E+00
  5.958101E+00  2.674595E+00
  6.008380E+00  2.659242E+00
  6.058659E+00  2.624869E+00
  6.108939E+00  1.611294E+00
  6.159218E+00  1.575825E+00
  6.209497E+00  1.404488E+00
  6.259777E+00  1.005103E+00
  6.310056E+00  7.771888E-01
  6.360335E+00  6.954090E-01
  6.410615E+00  3.422717E-01
  6.460894E+00  2.021792E-01
  6.511173E+00  2.820141E-01
  6.561453E+00  1.796938E-01
  6.611732E+00  3.217659E-02
  6.662011E+00  2.376955E-02
  6.712291E+00  2.341479E-02
  6.762570E+00  3.075722E-02
  6.812849E+00  3.788114E-02
  6.863128E+00  5.225940E-02
  6.913408E+00  0.000000E+00
  6.963687E+00  0.000000E+00
  7.013966E+00  0.000000E+00
  7.064246E+00  0.000000E+00
  7.114525E+00  0.000000E+00
  7.164804E+00  0.000000E+00
  7.215084E+00  0.000000E+00
  7.265363E+00  0.000000E+00
  7.315642E+00  0.000000E+00
  7.365922E+00  0.000000E+00
  7.416201E+00  0.000000E+00
  7.466480E+00  0.000000E+00
  7.516760E+00  0.000000E+00
  7.567039E+00  0.000000E+00
  7.617318E+00  0.000000E+00
  7.667598E+00  0.000000E+00
  7.717877E+00  0.000000E+00
  7.768156E+00  0.000000E+00
  7.818436E+00  0.000000E+00
  7.868715E+00  0.000000E+00
  7.918994E+00  0.000000E+00
  7.969274E+00  0.000000E+00
  8.019553E+00  0.000000E+00
  8.069832E+00  0.000000E+00
  8.120112E+00  0.000000E+00
  8.170391E+00  0.000000E+00
  8.220670E+00  0.000000E+00
  8.270950E+00  0.000000E+00
  8.321229E+00  0.000000E+00
  8.371508E+00  0.000000E+00
  8.421788E+00  0.000000E+00
  8.472067E+00  0.000000E+00
  8.522346E+00  0.000000E+00
  8.572626E+00  0.000000E+00
  8.622905E+00  0.000000E+00
  8.673184E+00  0.000000E+00
  8.723464E+00  0.000000E+00
  8.773743E+00  0.000000E+00
  8.824022E+00  0.000000E+00
  8.874302E+00  0.000000E+00
  8.924581E+00  0.000000E+00
  8.974860E+00  0.000000E+00
OW      HW      
  2.513966E-02  0.000000E+00
  7.541899E-02  0.000000E+00
  1.256983E-01  0.000000E+00
  1.759777E-01  0.000000E+00
  2.262570E-01  0.000000E+00
  2.765363E-01  0.000000E+00
  3.268156E-01  0.000000E+00
  3.770950E-01  0.000000E+00
  4.273743E-01  0.000000E+00
  4.776536E-01  0.000000E+00
  5.279330E-01  0.000000E+00
  5.782123E-01  0.000000E+00
  6.284916E-01  0.000000E+00
  6.787709E-01  0.000000E+00
  7.290503E-01  0.000000E+00
  7.793296E-01  0.000000E+00
  8.296089E-01  0.000000E+00
  8.798883E-01  0.000000E+00
  9.301676E-01  0.000000E+00
  9.804469E-01  0.000000E+00
  1.030726E+00  0.000000E+00
  1.081006E+00  0.000000E+00
  1.131285E+00  0.000000E+00
  1.181564E+00  0.000000E+00
  1.231844E+00  0.000000E+00
  1.282123E+00  0.000000E+00
  1.332402E+00  0.000000E+00
  1.382682E+00  0.000000E+00
  1.432961E+00  0.000000E+00
  1.483240E+00  0.000000E+00
  1.533520E+00  0.000000E+00
  1.583799E+00  9.812373E-01
  1.634078E+00  1.083100E+01
  1.684358E+00  4.455646E+01
  1.734637E+00  9.471484E+01
  1.784916E+00  1.216269E+02
  1.835196E+00  1.208747E+02
  1.885475E+00  9.386670E+01
  1.935754E+00  6.416306E+01
  1.986034E+00  3.603846E+01
  2.036313E+00  2.009786E+01
  2.086592E+00  1.134730E+01
  2.136872E+00  5.698590E+00
  2.187151E+00  3.601903E+00
  2.237430E+00  2.370659E+00
  2.287709E+00  1.242983E+00
  2.337989E+00  9.649443E-01
  2.388268E+00  9.247442E-01
  2.438547E+00  8.130878E-01
  2.488827E+00  8.373373E-01
  2.539106E+00  8.863189E-01
  2.589385E+00  1.219350E+00
  2.639665E+00  2.081737E+00
  2.689944E+00  4.118633E+00
  2.740223E+00  6.731879E+00
  2.790503E+00  1.114277E+01
  2.840782E+00  1.735326E+01
  2.891061E+00  2.557941E+01
  2.941341E+00  3.554439E+01
  2.991620E+00  4.452615E+01
  3.041899E+00  5.207302E+01
  3.092179E+00  5.462273E+01
  3.142458E+00  5.434880E+01
  3.192737E+00  4.917500E+01
  3.243017E+00  4.523799E+01
  3.293296E+00  4.009816E+01
  3.343575E+00  3.732071E+01
  3.393855E+00  3.630708E+01
  3.444134E+00  3.448401E+01
  3.494413E+00  3.444195E+01
  3.544693E+00  3.331789E+01
  3.594972E+00  3.263053E+01
  3.645251E+00  2.733701E+01
  3.695531E+00  2.379163E+01
  3.745810E+00  1.979893E+01
  3.796089E+00  1.671568E+01
  3.846369E+00  1.387495E+01
  3.896648E+00  1.223387E+01
  3.946927E+00  1.134855E+01
  3.997207E+00  1.098782E+01
  4.047486E+00  1.105461E+01
  4.097765E+00  1.083212E+01
  4.148045E+00  1.060177E+01
  4.198324E+00  9.750845E+00
  4.248603E+00  9.891566E+00
  4.298883E+00  9.528343E+00
  4.349162E+00  9.221005E+00
  4.399441E+00  1.003795E+01
  4.449721E+00  1.002551E+01
  4.500000E+00  1.036276E+01
  4.550279E+00  1.109035E+01
  4.600559E+00  1.129786E+01
  4.650838E+00  1.183931E+01
  4.701117E+00  1.202100E+01
  4.751397E+00  1.252729E+01
  4.801676E+00  1.202991E+01
  4.851955E+00  1.224867E+01
  4.902235E+00  1.260962E+01
  4.952514E+00  1.267030E+01
  5.002793E+00  1.214292E+01
  5.053073E+00  1.157883E+01
  5.103352E+00  1.195939E+01
  5.153631E+00  1.132006E+01
  5.203911E+00  1.090110E+01
  5.254190E+00  1.054379E+01
  5.304469E+00  9.994928E+00
  5.354749E+00  9.529107E+00
  5.405028E+00  9.319546E+00
  5.455307E+00  9.130826E+00
  5.505587E+00  8.457264E+00
  5.555866E+00  7.362184E+00
  5.606145E+00  6.360795E+00
  5.656425E+00  6.047638E+00
  5.706704E+00  5.307165E+00
  5.756983E+00  4.888608E+00
  5.807263E+00  4.306426E+00
  5.857542E+00  4.081642E+00
  5.907821E+00  3.619529E+00
  5.958101E+00  2.971773E+00
  6.008380E+00  2.817531E+00
  6.058659E+00  2.656003E+00
  6.108939E+00  2.671355E+00
  6.159218E+00  2.549128E+00
  6.209497E+00  2.159172E+00
  6.259777E+00  1.873351E+00
  6.310056E+00  1.845823E+00
  6.360335E+00  1.777639E+00
  6.410615E+00  1.612955E+00
  6.460894E+00  1.499495E+00
  6.511173E+00  1.557298E+00
  6.561453E+00  1.337494E+00
  6.611732E+00  1.085960E+00
  6.662011E+00  8.814543E-01
  6.712291E+00  8.292739E-01
  6.762570E+00  8.285225E-01
  6.812849E+00  8.447494E-01
  6.863128E+00  6.831050E-01
  6.913408E+00  6.088276E-01
  6.963687E+00  5.638097E-01
  7.013966E+00  4.306658E-01
  7.064246E+00  3.858009E-01
  7.114525E+00  2.483676E-01
  7.164804E+00  2.397564E-01
  7.215084E+00  2.600691E-01
  7.265363E+00  1.365683E-01
  7.315642E+00  4.763695E-02
  7.365922E+00  5.671066E-02
  7.416201E+00  5.594431E-02
  7.466480E+00  3.469299E-02
  7.516760E+00  1.867114E-02
  7.567039E+00  1.074724E-02
  7.617318E+00  1.666631E-02
  7.667598E+00  0.000000E+00
  7.717877E+00  0.000000E+00
  7.768156E+00  0.000000E+00
  7.818436E+00  0.000000E+00
  7.868715E+00  0.000000E+00
  7.918994E+00  0.000000E+00
  7.969274E+00  0.000000E+00
  8.019553E+00  0.000000E+00
  8.069832E+00  0.000000E+00
  8.120112E+00  0.000000E+00
  8.170391E+00  0.000000E+00
  8.220670E+00  0.000000E+00
  8.270950E+00  0.000000E+00
  8.321229E+00  0.000000E+00
  8.371508E+00  0.000000E+00
  8.421788E+00  0.000000E+00
  8.472067E+00  0.000000E+00
  8.522346E+00  0.000000E+00
  8.572626E+00  0.000000E+00
  8.622905E+00  0.000000E+00
  8.673184E+00  0.000000E+00
  8.723464E+00  0.000000E+00
  8.773743E+00  0.000000E+00
  8.824022E+00  0.000000E+00
  8.874302E+00  0.000000E+00
  8.924581E+00  0.000000E+00
  8.974860E+00  0.000000E+00
HW      HW      
  2.513966E-02  0.000000E+00
  7.541899E-02  0.000000E+00
  1.256983E-01  0.000000E+00
  1.759777E-01  0.000000E+00
  2.262570E-01  0.000000E+00
  2.765363E-01  0.000000E+00
  3.268156E-01  0.000000E+00
  3.770950E-01  0.000000E+00
  4.273743E-01  0.000000E+00
  4.776536E-01  0.000000E+00
  5.279330E-01  0.000000E+00
  5.782123E-01  0.000000E+00
  6.284916E-01  0.000000E+00
  6.787709E-01  0.000000E+00
  7.290503E-01  0.000000E+00
  7.793296E-01  0.000000E+00
  8.296089E-01  0.000000E+00
  8.798883E-01  0.000000E+00
  9.301676E-01  0.000000E+00
  9.804469E-01  0.000000E+00
  1.030726E+00  0.000000E+00
  1.081006E+00  0.000000E+00
  1.131285E+00  0.000000E+00
  1.181564E+00  0.000000E+00
  1.231844E+00  0.000000E+00
  1.282123E+00  0.000000E+00
  1.332402E+00  0.000000E+00
  1.382682E+00  0.000000E+00
  1.432961E+00  0.000000E+00
  1.483240E+00  0.000000E+00
  1.533520E+00  0.000000E+00
  1.583799E+00  0.000000E+00
  1.634078E+00  0.000000E+00
  1.684358E+00  0.000000E+00
  1.734637E+00  2.045046E-01
  1.784916E+00  3.587001E-01
  1.835196E+00  1.148453E+00
  1.885475E+00  2.571690E+00
  1.935754E+00  6.029216E+00
  1.986034E+00  1.065330E+01
  2.036313E+00  1.558220E+01
  2.086592E+00  2.410798E+01
  2.136872E+00  3.486536E+01
  2.187151E+00  4.138513E+01
  2.237430E+00  4.658784E+01
  2.287709E+00  5.148300E+01
  2.337989E+00  5.554862E+01
  2.388268E+00  5.952270E+01
  2.438547E+00  5.620654E+01
  2.488827E+00  5.675444E+01
  2.539106E+00  5.459725E+01
  2.589385E+00  5.256317E+01
  2.639665E+00  4.870003E+01
  2.689944E+00  4.044522E+01
  2.740223E+00  3.139982E+01
  2.790503E+00  2.395638E+01
  2.840782E+00  1.632928E+01
  2.891061E+00  1.141187E+01
  2.941341E+00  8.576177E+00
  2.991620E+00  6.443670E+00
  3.041899E+00  6.260923E+00
  3.092179E+00  5.856704E+00
  3.142458E+00  7.228702E+00
  3.192737E+00  7.856617E+00
  3.243017E+00  8.852001E+00
  3.293296E+00  1.003467E+01
  3.343575E+00  1.315582E+01
  3.393855E+00  1.714988E+01
  3.444134E+00  2.088458E+01
  3.494413E+00  2.393082E+01
  3.544693E+00  2.714687E+01
  3.594972E+00  3.015450E+01
  3.645251E+00  3.388016E+01
  3.695531E+00  3.483774E+01
  3.745810E+00  3.434111E+01
  3.796089E+00  3.410852E+01
  3.846369E+00  3.168956E+01
  3.896648E+00  2.786056E+01
  3.946927E+00  2.397248E+01
  3.997207E+00  2.060561E+01
  4.047486E+00  1.777861E+01
  4.097765E+00  1.607279E+01
  4.148045E+00  1.456147E+01
  4.198324E+00  1.397039E+01
  4.248603E+00  1.291115E+01
  4.298883E+00  1.270604E+01
  4.349162E+00  1.236749E+01
  4.399441E+00  1.242253E+01
  4.449721E+00  1.195691E+01
  4.500000E+00  1.145678E+01
  4.550279E+00  1.168478E+01
  4.600559E+00  1.131447E+01
  4.650838E+00  1.079072E+01
  4.701117E+00  1.074810E+01
  4.751397E+00  1.016747E+01
  4.801676E+00  9.978531E+00
  4.851955E+00  9.313471E+00
  4.902235E+00  8.947816E+00
  4.952514E+00  8.598599E+00
  5.002793E+00  8.475808E+00
  5.053073E+00  8.218458E+00
  5.103352E+00  8.080945E+00
  5.153631E+00  7.745301E+00
  5.203911E+00  7.297697E+00
  5.254190E+00  7.470776E+00
  5.304469E+00  7.382937E+00
  5.354749E+00  7.477958E+00
  5.405028E+00  7.128836E+00
  5.455307E+00  7.577020E+00
  5.505587E+00  7.242040E+00
  5.555866E+00  7.288135E+00
  5.606145E+00  7.264286E+00
  5.656425E+00  6.926894E+00
  5.706704E+00  6.616410E+00
  5.756983E+00  6.411159E+00
  5.807263E+00  6.251095E+00
  5.857542E+00  5.711224E+00
  5.907821E+00  5.400327E+00
  5.958101E+00  5.156026E+00
  6.008380E+00  4.794916E+00
  6.058659E+00  4.480957E+00
  6.108939E+00  3.983476E+00
  6.159218E+00  3.851501E+00
  6.209497E+00  3.625221E+00
  6.259777E+00  3.275559E+00
  6.310056E+00  2.998359E+00
  6.360335E+00  2.809887E+00
  6.410615E+00  2.603404E+00
  6.460894E+00  2.148154E+00
  6.511173E+00  1.924332E+00
  6.561453E+00  1.670336E+00
  6.611732E+00  1.359461E+00
  6.662011E+00  1.271671E+00
  6.712291E+00  1.127812E+00
  6.762570E+00  1.003454E+00
  6.812849E+00  8.826306E-01
  6.863128E+00  7.745589E-01
  6.913408E+00  6.934380E-01
  6.963687E+00  6.762091E-01
  7.013966E+00  7.362419E-01
  7.064246E+00  7.293223E-01
  7.114525E+00  5.297351E-01
  7.164804E+00  5.668525E-01
  7.215084E+00  4.745417E-01
  7.265363E+00  4.896475E-01
  7.315642E+00  4.353031E-01
  7.365922E+00  4.698884E-01
  7.416201E+00  3.884134E-01
  7.466480E+00  3.642764E-01
  7.516760E+00  2.847349E-01
  7.567039E+00  2.579338E-01
  7.617318E+00  1.939352E-01
  7.667598E+00  2.228018E-01
  7.717877E+00  2.066252E-01
  7.768156E+00  2.010454E-01
  7.818436E+00  2.128497E-01
  7.868715E+00  1.263669E-01
  7.918994E+00  1.065429E-01
  7.969274E+00  9.828155E-02
  8.019553E+00  7.108110E-02
  8.069832E+00  7.154808E-02
  8.120112E+00  6.666489E-02
  8.170391E+00  3.160653E-02
  8.220670E+00  1.300879E-02
  8.270950E+00  1.285111E-02
  8.321229E+00  1.396590E-02
  8.371508E+00  6.272113E-03
  8.421788E+00  7.436934E-03
  8.472067E+00  0.000000E+00
  8.522346E+00  0.000000E+00
  8.572626E+00  0.000000E+00
  8.622905E+00  0.000000E+00
  8.673184E+00  0.000000E+00
  8.723464E+00  0.000000E+00
  8.773743E+00  0.000000E+00
  8.824022E+00  0.000000E+00
  8.874302E+00  0.000000E+00
  8.924581E+00  0.000000E+00
  8.974860E+00  0.000000E+00
