amber                                                                           
         2         2        18  -18084.0000492    
     25.196959335562      0.000000000000      0.000000000000
      0.000000000000     25.196959335562      0.000000000000
      0.000000000000      0.000000000000     25.196959335562
OW               1
    -3.352732115         8.858448125         7.552433756    
  -5.99120339940       1.62526044814      0.936372185448    
   5106.47322630      -739.966969202       7302.34703424    
HW               2
    -4.246244762         8.945059019         7.220099393    
  -10.2182609884     -0.592121777891       11.7233396548    
  -6403.65476093       1325.50949076      -4790.64149375    
HW               3
    -2.801364604         9.208869677         6.852783098    
  -14.2615370089      -12.1416503030      -12.4763437062    
  -1332.28585928       319.574578445      -1725.34399946    
OW               4
    -7.634831298         12.28556925         10.03633935    
  -2.50315065867       2.05019689051      -4.89762063119    
  -9205.05199910       705.881425554      -8113.68886915    
HW               5
    -8.070831670        -12.48182411         10.77233471    
   5.10447370780       4.90914582631      -2.05953229037    
   1860.16351706      -57.5161724906       1483.20230583    
HW               6
    -6.795964451         11.99235519         10.39220501    
   1.88684674421       4.92369216086      -12.8783683899    
   8347.24128259       49.9964106053       6196.05824194    
OW               7
    -3.766201353         9.434643474         10.33228562    
 -0.167821650550       1.67210954488       1.99816850011    
  -3524.99882163       5937.24949479       8305.47647089    
HW               8
    -3.851740821         8.544921507         10.67490823    
   9.73354472912     -0.684402973196      -1.64923635640    
   896.713601480      -1636.80279298      -2265.08145593    
HW               9
    -3.551105288         9.315953196         9.407105242    
   3.71734725465       7.84243845424       2.10985103125    
   2098.24937777      -3720.64049269      -7634.29684247    
OW              10
    -6.017928568         9.436234483         6.347953293    
   5.18860719284      0.693239962545     -0.602787436382    
   10059.2341255      -8746.51872757      -1180.30959022    
HW              11
    -6.450754511         10.21006737         6.708725782    
  0.667582947058      -7.42506443848       11.3864703372    
  -6528.26468635       7064.32884484       1724.97448842    
HW              12
    -6.496937567         9.247612726         5.540931205    
  -4.93253240885     -0.132426658230       5.59760746361    
  -1923.57484283       1772.24346907       429.078597977    
OW              13
    -5.216942295         11.73565299         11.18286280    
   5.33215111868      -2.64239078862       1.76315008673    
  -8001.21268576       6581.26210870       1332.56237106    
HW              14
    -4.747428808         11.08488802         10.66096774    
   11.9944044622      -2.27614178874       7.30004048208    
   6141.15010047      -6764.79450470      -788.860319874    
HW              15
    -5.024629134         11.49967606         12.09041058    
  -9.46419734144      -5.64777656186       4.11710971554    
   2694.72825563      -1933.16970026      -276.052899548    
OW              16
    -7.513083620         11.55911412         7.327885966    
 -0.908606426801      -2.93243104667      0.625611245747    
   2818.73380139      -5265.73620641      -10903.5834785    
HW              17
    -8.360734646         12.00060493         7.274164176    
 -0.835745798477      -4.28760274031      -11.6609531101    
  -345.186112224       1367.99737720       3211.84571024    
HW              18
    -7.225255479         11.70100002         8.229737280    
  -8.47184435227       8.11486702393       1.30139546693    
  -2758.45752006       3741.10236634       7692.31372830    
