1.000000E-02 -1.146742E+02
2.000000E-02 -1.737066E+02
3.000000E-02 -2.354358E+02
4.000000E-02 -2.651698E+02
5.000000E-02 -2.485861E+02
6.000000E-02 -3.343729E+02
7.000000E-02 -2.816711E+02
8.000000E-02 -3.163453E+02
9.000000E-02 -3.862587E+02
1.000000E-01 -3.748636E+02
1.100000E-01 -3.954645E+02
1.200000E-01 -4.217244E+02
1.300000E-01 -4.124238E+02
1.400000E-01 -4.019709E+02
1.500000E-01 -4.134401E+02
1.600000E-01 -4.686600E+02
1.700000E-01 -4.679717E+02
1.800000E-01 -4.552337E+02
1.900000E-01 -4.812671E+02
2.000000E-01 -4.916819E+02
2.100000E-01 -4.904102E+02
2.200000E-01 -5.313078E+02
2.300000E-01 -5.291282E+02
2.400000E-01 -5.567430E+02
2.500000E-01 -5.549048E+02
2.600000E-01 -5.624960E+02
2.700000E-01 -5.964212E+02
2.800000E-01 -6.007128E+02
2.900000E-01 -6.150505E+02
3.000000E-01 -6.237169E+02
3.100000E-01 -6.344485E+02
3.200000E-01 -6.330444E+02
3.300000E-01 -6.485468E+02
3.400000E-01 -6.642604E+02
3.500000E-01 -6.762716E+02
3.600000E-01 -6.810979E+02
3.700000E-01 -6.789409E+02
3.800000E-01 -6.912286E+02
3.900000E-01 -6.915707E+02
4.000000E-01 -6.956153E+02
4.100000E-01 -7.011822E+02
4.200000E-01 -7.066122E+02
4.300000E-01 -7.059709E+02
4.400000E-01 -7.135409E+02
4.500000E-01 -7.166238E+02
4.600000E-01 -7.179011E+02
4.700000E-01 -7.234884E+02
4.800000E-01 -7.274574E+02
4.900000E-01 -7.292956E+02
5.000000E-01 -7.305178E+02
5.100000E-01 -7.346399E+02
5.200000E-01 -7.373896E+02
5.300000E-01 -7.368527E+02
5.400000E-01 -7.377829E+02
5.500000E-01 -7.421797E+02
5.600000E-01 -7.413830E+02
5.700000E-01 -7.447423E+02
5.800000E-01 -7.465926E+02
5.900000E-01 -7.485888E+02
6.000000E-01 -7.476857E+02
6.100000E-01 -7.498166E+02
6.200000E-01 -7.508342E+02
6.300000E-01 -7.533383E+02
6.400000E-01 -7.546155E+02
6.500000E-01 -7.553492E+02
6.600000E-01 -7.546382E+02
6.700000E-01 -7.541735E+02
6.800000E-01 -7.545836E+02
6.900000E-01 -7.560362E+02
7.000000E-01 -7.566708E+02
7.100000E-01 -7.565212E+02
7.200000E-01 -7.570401E+02
7.300000E-01 -7.588486E+02
7.400000E-01 -7.594302E+02
7.500000E-01 -7.604361E+02
7.600000E-01 -7.614326E+02
7.700000E-01 -7.620747E+02
7.800000E-01 -7.615201E+02
7.900000E-01 -7.611896E+02
8.000000E-01 -7.617870E+02
8.100000E-01 -7.612176E+02
8.200000E-01 -7.616578E+02
8.300000E-01 -7.610103E+02
8.400000E-01 -7.611452E+02
8.500000E-01 -7.614164E+02
8.600000E-01 -7.617557E+02
8.700000E-01 -7.616547E+02
8.800000E-01 -7.611103E+02
8.900000E-01 -7.612376E+02
9.000000E-01 -7.616488E+02
9.100000E-01 -7.618349E+02
9.200000E-01 -7.607645E+02
9.300000E-01 -7.610402E+02
9.400000E-01 -7.608587E+02
9.500000E-01 -7.612042E+02
9.600000E-01 -7.610390E+02
9.700000E-01 -7.622806E+02
9.800000E-01 -7.617678E+02
9.900000E-01 -7.614138E+02
1.000000E+00 -7.601054E+02
1.010000E+00 -7.610230E+02
1.020000E+00 -7.614300E+02
1.030000E+00 -7.608888E+02
1.040000E+00 -7.599004E+02
1.050000E+00 -7.591208E+02
1.060000E+00 -7.589998E+02
1.070000E+00 -7.584906E+02
1.080000E+00 -7.593667E+02
1.090000E+00 -7.595232E+02
1.100000E+00 -7.589556E+02
1.110000E+00 -7.580008E+02
1.120000E+00 -7.570763E+02
1.130000E+00 -7.575300E+02
1.140000E+00 -7.579114E+02
1.150000E+00 -7.534758E+02
1.160000E+00 -7.513721E+02
1.170000E+00 -7.496895E+02
1.180000E+00 -7.483589E+02
1.190000E+00 -7.450803E+02
1.200000E+00 -7.456989E+02
1.210000E+00 -7.434546E+02
1.220000E+00 -7.413199E+02
1.230000E+00 -7.381804E+02
1.240000E+00 -7.335022E+02
1.250000E+00 -7.314376E+02
1.260000E+00 -7.277197E+02
1.270000E+00 -7.249821E+02
1.280000E+00 -7.133241E+02
1.290000E+00 -7.177585E+02
1.300000E+00 -7.100290E+02
1.310000E+00 -7.045209E+02
1.320000E+00 -7.025196E+02
1.330000E+00 -6.979755E+02
1.340000E+00 -6.906026E+02
1.350000E+00 -6.886879E+02
1.360000E+00 -6.837838E+02
1.370000E+00 -6.777124E+02
1.380000E+00 -6.743058E+02
1.390000E+00 -6.495122E+02
1.400000E+00 -6.452412E+02
1.410000E+00 -6.260349E+02
1.420000E+00 -6.265685E+02
1.430000E+00 -6.141510E+02
1.440000E+00 -5.852180E+02
1.450000E+00 -5.894118E+02
1.460000E+00 -5.902648E+02
1.470000E+00 -5.945534E+02
1.480000E+00 -5.770902E+02
1.490000E+00 -5.713966E+02
1.500000E+00 -5.680404E+02
1.510000E+00 -5.575122E+02
1.520000E+00 -5.749856E+02
1.530000E+00 -5.594571E+02
1.540000E+00 -5.578229E+02
1.550000E+00 -5.639081E+02
1.560000E+00 -5.699190E+02
1.570000E+00 -5.717400E+02
1.580000E+00 -5.667104E+02
1.590000E+00 -5.568551E+02
1.600000E+00 -5.536900E+02
1.610000E+00 -5.715163E+02
1.620000E+00 -5.747171E+02
1.630000E+00 -5.762642E+02
1.640000E+00 -5.825290E+02
1.650000E+00 -5.918039E+02
1.660000E+00 -6.047747E+02
1.670000E+00 -6.127317E+02
1.680000E+00 -6.213997E+02
1.690000E+00 -6.197673E+02
1.700000E+00 -6.261561E+02
1.710000E+00 -6.398322E+02
1.720000E+00 -6.449950E+02
1.730000E+00 -6.447878E+02
1.740000E+00 -6.551965E+02
1.750000E+00 -6.616289E+02
1.760000E+00 -6.505654E+02
1.770000E+00 -6.618028E+02
1.780000E+00 -6.688826E+02
1.790000E+00 -6.674792E+02
1.800000E+00 -6.750580E+02
1.810000E+00 -6.722639E+02
1.820000E+00 -6.770146E+02
1.830000E+00 -6.845795E+02
1.840000E+00 -6.963835E+02
1.850000E+00 -7.019067E+02
1.860000E+00 -6.970967E+02
1.870000E+00 -6.985385E+02
1.880000E+00 -7.073549E+02
1.890000E+00 -7.082160E+02
1.900000E+00 -7.107463E+02
1.910000E+00 -7.087168E+02
1.920000E+00 -7.137609E+02
1.930000E+00 -7.222760E+02
1.940000E+00 -7.188629E+02
1.950000E+00 -7.239087E+02
1.960000E+00 -7.248866E+02
1.970000E+00 -7.224539E+02
1.980000E+00 -7.305447E+02
1.990000E+00 -7.338171E+02
2.000000E+00 -7.359970E+02
2.010000E+00 -7.372313E+02
2.020000E+00 -7.343264E+02
2.030000E+00 -7.369617E+02
2.040000E+00 -7.376276E+02
2.050000E+00 -7.388086E+02
2.060000E+00 -7.378949E+02
2.070000E+00 -7.406440E+02
2.080000E+00 -7.431441E+02
2.090000E+00 -7.416814E+02
2.100000E+00 -7.403661E+02
2.110000E+00 -7.428711E+02
2.120000E+00 -7.459955E+02
2.130000E+00 -7.476841E+02
2.140000E+00 -7.454724E+02
2.150000E+00 -7.443610E+02
2.160000E+00 -7.496043E+02
2.170000E+00 -7.533700E+02
2.180000E+00 -7.526378E+02
2.190000E+00 -7.501795E+02
2.200000E+00 -7.520113E+02
2.210000E+00 -7.514765E+02
2.220000E+00 -7.507536E+02
2.230000E+00 -7.505518E+02
2.240000E+00 -7.484928E+02
2.250000E+00 -7.493689E+02
2.260000E+00 -7.532946E+02
2.270000E+00 -7.505258E+02
2.280000E+00 -7.495031E+02
2.290000E+00 -7.476506E+02
2.300000E+00 -7.514599E+02
2.310000E+00 -7.528920E+02
2.320000E+00 -7.543077E+02
2.330000E+00 -7.547828E+02
2.340000E+00 -7.582178E+02
2.350000E+00 -7.599382E+02
2.360000E+00 -7.575752E+02
2.370000E+00 -7.590717E+02
2.380000E+00 -7.613928E+02
2.390000E+00 -7.628566E+02
2.400000E+00 -7.594079E+02
2.410000E+00 -7.577890E+02
2.420000E+00 -7.509828E+02
2.430000E+00 -7.471560E+02
2.440000E+00 -7.457751E+02
2.450000E+00 -7.465069E+02
2.460000E+00 -7.464663E+02
2.470000E+00 -7.420699E+02
2.480000E+00 -7.418665E+02
2.490000E+00 -7.464807E+02
2.500000E+00 -7.442941E+02
2.510000E+00 -7.427428E+02
2.520000E+00 -7.367888E+02
2.530000E+00 -7.254549E+02
2.540000E+00 -7.266597E+02
2.550000E+00 -7.301360E+02
2.560000E+00 -7.291473E+02
2.570000E+00 -7.202919E+02
2.580000E+00 -7.180792E+02
2.590000E+00 -7.256340E+02
2.600000E+00 -7.221770E+02
2.610000E+00 -7.183513E+02
2.620000E+00 -7.107130E+02
2.630000E+00 -7.041518E+02
2.640000E+00 -7.024939E+02
2.650000E+00 -7.059973E+02
2.660000E+00 -6.971566E+02
2.670000E+00 -7.089277E+02
2.680000E+00 -7.133925E+02
2.690000E+00 -7.201191E+02
2.700000E+00 -7.208155E+02
2.710000E+00 -7.094509E+02
2.720000E+00 -6.936368E+02
2.730000E+00 -6.812037E+02
2.740000E+00 -6.875601E+02
2.750000E+00 -6.866448E+02
2.760000E+00 -6.873409E+02
2.770000E+00 -6.952239E+02
2.780000E+00 -6.881425E+02
2.790000E+00 -6.774570E+02
2.800000E+00 -6.828337E+02
2.810000E+00 -6.701113E+02
2.820000E+00 -6.677296E+02
2.830000E+00 -6.476287E+02
2.840000E+00 -6.521554E+02
2.850000E+00 -6.419393E+02
2.860000E+00 -6.507139E+02
2.870000E+00 -6.525493E+02
2.880000E+00 -6.472095E+02
2.890000E+00 -6.565501E+02
2.900000E+00 -6.432578E+02
2.910000E+00 -6.468792E+02
2.920000E+00 -6.579380E+02
2.930000E+00 -6.574397E+02
2.940000E+00 -6.670418E+02
2.950000E+00 -6.601011E+02
2.960000E+00 -6.624209E+02
2.970000E+00 -6.579422E+02
2.980000E+00 -6.771703E+02
2.990000E+00 -6.738748E+02
3.000000E+00 -6.670280E+02
3.010000E+00 -6.654249E+02
3.020000E+00 -6.768736E+02
3.030000E+00 -6.657666E+02
3.040000E+00 -6.767402E+02
3.050000E+00 -6.822520E+02
3.060000E+00 -6.789114E+02
3.070000E+00 -6.662014E+02
3.080000E+00 -6.667698E+02
3.090000E+00 -6.913392E+02
3.100000E+00 -6.852140E+02
3.110000E+00 -6.925928E+02
3.120000E+00 -6.932876E+02
3.130000E+00 -6.842751E+02
3.140000E+00 -6.969048E+02
3.150000E+00 -7.018395E+02
3.160000E+00 -6.884052E+02
3.170000E+00 -6.892377E+02
3.180000E+00 -6.982448E+02
3.190000E+00 -6.971294E+02
3.200000E+00 -6.894096E+02
3.210000E+00 -6.969139E+02
3.220000E+00 -7.089687E+02
3.230000E+00 -7.073082E+02
3.240000E+00 -6.998732E+02
3.250000E+00 -7.085628E+02
3.260000E+00 -7.174076E+02
3.270000E+00 -7.212846E+02
3.280000E+00 -7.144928E+02
3.290000E+00 -7.276555E+02
3.300000E+00 -7.305308E+02
3.310000E+00 -7.210770E+02
3.320000E+00 -7.242765E+02
3.330000E+00 -7.381390E+02
3.340000E+00 -7.365740E+02
3.350000E+00 -7.343893E+02
3.360000E+00 -7.409506E+02
3.370000E+00 -7.314357E+02
3.380000E+00 -7.444884E+02
3.390000E+00 -7.470349E+02
3.400000E+00 -7.413517E+02
3.410000E+00 -7.432803E+02
3.420000E+00 -7.482316E+02
3.430000E+00 -7.464286E+02
3.440000E+00 -7.395153E+02
3.450000E+00 -7.378100E+02
3.460000E+00 -7.379653E+02
3.470000E+00 -7.424592E+02
3.480000E+00 -7.493925E+02
3.490000E+00 -7.432740E+02
3.500000E+00 -7.390350E+02
3.510000E+00 -7.432942E+02
3.520000E+00 -7.409692E+02
3.530000E+00 -7.498489E+02
3.540000E+00 -7.460338E+02
3.550000E+00 -7.459121E+02
3.560000E+00 -7.475083E+02
3.570000E+00 -7.435730E+02
3.580000E+00 -7.504012E+02
3.590000E+00 -7.460197E+02
3.600000E+00 -7.454983E+02
3.610000E+00 -7.463188E+02
3.620000E+00 -7.565733E+02
3.630000E+00 -7.479732E+02
3.640000E+00 -7.486282E+02
3.650000E+00 -7.442775E+02
3.660000E+00 -7.479238E+02
3.670000E+00 -7.459635E+02
3.680000E+00 -7.356240E+02
3.690000E+00 -7.458442E+02
3.700000E+00 -7.411703E+02
3.710000E+00 -7.460690E+02
3.720000E+00 -7.395351E+02
3.730000E+00 -7.437749E+02
3.740000E+00 -7.434706E+02
3.750000E+00 -7.508075E+02
3.760000E+00 -7.417657E+02
3.770000E+00 -7.409677E+02
3.780000E+00 -7.377818E+02
3.790000E+00 -7.369606E+02
3.800000E+00 -7.437852E+02
3.810000E+00 -7.408177E+02
3.820000E+00 -7.467847E+02
3.830000E+00 -7.397873E+02
3.840000E+00 -7.390641E+02
3.850000E+00 -7.409914E+02
3.860000E+00 -7.467661E+02
3.870000E+00 -7.417602E+02
3.880000E+00 -7.380206E+02
3.890000E+00 -7.308227E+02
3.900000E+00 -7.214430E+02
3.910000E+00 -7.231569E+02
3.920000E+00 -7.135438E+02
3.930000E+00 -7.175126E+02
3.940000E+00 -7.240888E+02
3.950000E+00 -7.165381E+02
3.960000E+00 -7.111803E+02
3.970000E+00 -7.173406E+02
3.980000E+00 -7.174754E+02
3.990000E+00 -7.071159E+02
4.000000E+00 -6.949540E+02
4.010000E+00 -6.976711E+02
4.020000E+00 -7.054827E+02
4.030000E+00 -7.039743E+02
4.040000E+00 -7.070491E+02
4.050000E+00 -7.005353E+02
4.060000E+00 -7.137184E+02
4.070000E+00 -7.015448E+02
4.080000E+00 -6.850669E+02
4.090000E+00 -6.867926E+02
4.100000E+00 -6.946613E+02
4.110000E+00 -6.955691E+02
4.120000E+00 -7.000451E+02
4.130000E+00 -6.919085E+02
4.140000E+00 -6.738801E+02
4.150000E+00 -6.808849E+02
4.160000E+00 -6.759200E+02
4.170000E+00 -6.835645E+02
4.180000E+00 -6.683731E+02
4.190000E+00 -6.692472E+02
4.200000E+00 -6.820815E+02
4.210000E+00 -6.894221E+02
4.220000E+00 -6.788386E+02
4.230000E+00 -6.642965E+02
4.240000E+00 -6.547118E+02
4.250000E+00 -6.641541E+02
4.260000E+00 -6.777259E+02
4.270000E+00 -6.499639E+02
4.280000E+00 -6.627107E+02
4.290000E+00 -6.731595E+02
4.300000E+00 -6.733433E+02
4.310000E+00 -6.654974E+02
4.320000E+00 -6.644585E+02
4.330000E+00 -6.576140E+02
4.340000E+00 -6.745940E+02
4.350000E+00 -6.790609E+02
4.360000E+00 -6.713636E+02
4.370000E+00 -6.816006E+02
4.380000E+00 -6.747442E+02
4.390000E+00 -6.783012E+02
4.400000E+00 -6.808561E+02
4.410000E+00 -6.841601E+02
4.420000E+00 -6.984185E+02
4.430000E+00 -6.928669E+02
4.440000E+00 -6.897317E+02
4.450000E+00 -7.015931E+02
4.460000E+00 -6.870148E+02
4.470000E+00 -6.928979E+02
4.480000E+00 -6.924830E+02
4.490000E+00 -6.996596E+02
4.500000E+00 -6.973567E+02
4.510000E+00 -6.947477E+02
4.520000E+00 -6.931953E+02
4.530000E+00 -6.982390E+02
4.540000E+00 -6.930061E+02
4.550000E+00 -6.834140E+02
4.560000E+00 -6.898706E+02
4.570000E+00 -6.989360E+02
4.580000E+00 -7.006487E+02
4.590000E+00 -6.946205E+02
4.600000E+00 -7.027501E+02
4.610000E+00 -7.046781E+02
4.620000E+00 -7.112431E+02
4.630000E+00 -7.155725E+02
4.640000E+00 -7.134794E+02
4.650000E+00 -7.157118E+02
4.660000E+00 -7.251083E+02
4.670000E+00 -7.349794E+02
4.680000E+00 -7.265084E+02
4.690000E+00 -7.252986E+02
4.700000E+00 -7.361577E+02
4.710000E+00 -7.254453E+02
4.720000E+00 -7.318505E+02
4.730000E+00 -7.343876E+02
4.740000E+00 -7.351421E+02
4.750000E+00 -7.350213E+02
4.760000E+00 -7.309160E+02
4.770000E+00 -7.392533E+02
4.780000E+00 -7.408321E+02
4.790000E+00 -7.398869E+02
4.800000E+00 -7.343559E+02
4.810000E+00 -7.318290E+02
4.820000E+00 -7.350693E+02
4.830000E+00 -7.380763E+02
4.840000E+00 -7.456344E+02
4.850000E+00 -7.466071E+02
4.860000E+00 -7.479621E+02
4.870000E+00 -7.519115E+02
4.880000E+00 -7.464589E+02
4.890000E+00 -7.465486E+02
4.900000E+00 -7.461047E+02
4.910000E+00 -7.477387E+02
4.920000E+00 -7.376146E+02
4.930000E+00 -7.490663E+02
4.940000E+00 -7.519514E+02
4.950000E+00 -7.474927E+02
4.960000E+00 -7.531093E+02
4.970000E+00 -7.550600E+02
4.980000E+00 -7.509547E+02
4.990000E+00 -7.500562E+02
5.000000E+00 -7.430186E+02
5.010000E+00 -7.443901E+02
5.020000E+00 -7.498909E+02
5.030000E+00 -7.479221E+02
5.040000E+00 -7.492424E+02
5.050000E+00 -7.493899E+02
5.060000E+00 -7.575440E+02
5.070000E+00 -7.532754E+02
5.080000E+00 -7.514334E+02
5.090000E+00 -7.513310E+02
5.100000E+00 -7.496822E+02
5.110000E+00 -7.523598E+02
5.120000E+00 -7.339612E+02
5.130000E+00 -7.513518E+02
5.140000E+00 -7.367231E+02
5.150000E+00 -7.457359E+02
5.160000E+00 -7.533303E+02
5.170000E+00 -7.417142E+02
5.180000E+00 -7.399072E+02
5.190000E+00 -7.400073E+02
5.200000E+00 -7.313515E+02
5.210000E+00 -7.459592E+02
5.220000E+00 -7.373222E+02
5.230000E+00 -7.344157E+02
5.240000E+00 -7.363853E+02
5.250000E+00 -7.346058E+02
5.260000E+00 -7.322473E+02
5.270000E+00 -7.375486E+02
5.280000E+00 -7.375768E+02
5.290000E+00 -7.245904E+02
5.300000E+00 -7.366737E+02
5.310000E+00 -7.306046E+02
5.320000E+00 -7.242317E+02
5.330000E+00 -7.333283E+02
5.340000E+00 -7.239758E+02
5.350000E+00 -7.301274E+02
5.360000E+00 -7.199975E+02
5.370000E+00 -7.378451E+02
5.380000E+00 -7.248847E+02
5.390000E+00 -7.337669E+02
5.400000E+00 -7.216597E+02
5.410000E+00 -7.058102E+02
5.420000E+00 -7.135244E+02
5.430000E+00 -7.254046E+02
5.440000E+00 -7.183756E+02
5.450000E+00 -7.035153E+02
5.460000E+00 -7.093416E+02
5.470000E+00 -7.032323E+02
5.480000E+00 -7.131491E+02
5.490000E+00 -7.070175E+02
5.500000E+00 -6.908091E+02
5.510000E+00 -7.019692E+02
5.520000E+00 -7.017680E+02
5.530000E+00 -6.840717E+02
5.540000E+00 -6.958702E+02
5.550000E+00 -6.956173E+02
5.560000E+00 -6.865533E+02
5.570000E+00 -6.899542E+02
5.580000E+00 -7.038398E+02
5.590000E+00 -6.824759E+02
5.600000E+00 -6.912877E+02
5.610000E+00 -6.969173E+02
5.620000E+00 -6.936603E+02
5.630000E+00 -6.843777E+02
5.640000E+00 -7.015910E+02
5.650000E+00 -7.076442E+02
5.660000E+00 -6.843317E+02
5.670000E+00 -6.962533E+02
5.680000E+00 -7.033171E+02
5.690000E+00 -7.073784E+02
5.700000E+00 -6.942612E+02
5.710000E+00 -7.010743E+02
5.720000E+00 -6.816843E+02
5.730000E+00 -6.927656E+02
5.740000E+00 -6.789358E+02
5.750000E+00 -6.958390E+02
5.760000E+00 -7.072984E+02
5.770000E+00 -6.812478E+02
5.780000E+00 -6.829191E+02
5.790000E+00 -6.783031E+02
5.800000E+00 -6.805814E+02
5.810000E+00 -6.938502E+02
5.820000E+00 -7.043889E+02
5.830000E+00 -6.964759E+02
5.840000E+00 -6.908676E+02
5.850000E+00 -7.009191E+02
5.860000E+00 -7.110042E+02
5.870000E+00 -7.064850E+02
5.880000E+00 -7.145101E+02
5.890000E+00 -7.061672E+02
5.900000E+00 -6.972374E+02
5.910000E+00 -7.065791E+02
5.920000E+00 -7.136247E+02
5.930000E+00 -7.181119E+02
5.940000E+00 -7.054933E+02
5.950000E+00 -7.155289E+02
5.960000E+00 -7.151718E+02
5.970000E+00 -7.152130E+02
5.980000E+00 -7.128156E+02
5.990000E+00 -7.203252E+02
6.000000E+00 -7.254050E+02
6.010000E+00 -7.206346E+02
6.020000E+00 -7.348019E+02
6.030000E+00 -7.324318E+02
6.040000E+00 -7.207247E+02
6.050000E+00 -7.191901E+02
6.060000E+00 -7.318776E+02
6.070000E+00 -7.329096E+02
6.080000E+00 -7.289896E+02
6.090000E+00 -7.309013E+02
6.100000E+00 -7.350821E+02
6.110000E+00 -7.376668E+02
6.120000E+00 -7.360696E+02
6.130000E+00 -7.521588E+02
6.140000E+00 -7.519800E+02
6.150000E+00 -7.471166E+02
6.160000E+00 -7.479826E+02
6.170000E+00 -7.402446E+02
6.180000E+00 -7.415099E+02
6.190000E+00 -7.505277E+02
6.200000E+00 -7.495683E+02
6.210000E+00 -7.493330E+02
6.220000E+00 -7.453328E+02
6.230000E+00 -7.408761E+02
6.240000E+00 -7.464451E+02
6.250000E+00 -7.478958E+02
6.260000E+00 -7.412546E+02
6.270000E+00 -7.431333E+02
6.280000E+00 -7.459531E+02
6.290000E+00 -7.509339E+02
6.300000E+00 -7.500376E+02
6.310000E+00 -7.511545E+02
6.320000E+00 -7.498288E+02
6.330000E+00 -7.463862E+02
6.340000E+00 -7.464585E+02
6.350000E+00 -7.416018E+02
6.360000E+00 -7.418840E+02
6.370000E+00 -7.432859E+02
6.380000E+00 -7.456372E+02
6.390000E+00 -7.458938E+02
6.400000E+00 -7.472076E+02
6.410000E+00 -7.502183E+02
6.420000E+00 -7.409962E+02
6.430000E+00 -7.445191E+02
6.440000E+00 -7.399809E+02
6.450000E+00 -7.444789E+02
6.460000E+00 -7.533940E+02
6.470000E+00 -7.464109E+02
6.480000E+00 -7.492330E+02
6.490000E+00 -7.494570E+02
6.500000E+00 -7.429144E+02
6.510000E+00 -7.439199E+02
6.520000E+00 -7.462205E+02
6.530000E+00 -7.485314E+02
6.540000E+00 -7.423592E+02
6.550000E+00 -7.396567E+02
6.560000E+00 -7.436788E+02
6.570000E+00 -7.448466E+02
6.580000E+00 -7.440739E+02
6.590000E+00 -7.475002E+02
6.600000E+00 -7.607216E+02
6.610000E+00 -7.411512E+02
6.620000E+00 -7.433450E+02
6.630000E+00 -7.417730E+02
6.640000E+00 -7.420788E+02
6.650000E+00 -7.377586E+02
6.660000E+00 -7.421239E+02
6.670000E+00 -7.406881E+02
6.680000E+00 -7.412797E+02
6.690000E+00 -7.320098E+02
6.700000E+00 -7.247649E+02
6.710000E+00 -7.322202E+02
6.720000E+00 -7.258552E+02
6.730000E+00 -7.271394E+02
6.740000E+00 -7.182343E+02
6.750000E+00 -7.158704E+02
6.760000E+00 -7.141473E+02
6.770000E+00 -7.172016E+02
6.780000E+00 -7.170173E+02
6.790000E+00 -7.162698E+02
6.800000E+00 -7.155780E+02
6.810000E+00 -7.089210E+02
6.820000E+00 -7.038345E+02
6.830000E+00 -7.044319E+02
6.840000E+00 -7.030844E+02
6.850000E+00 -6.979616E+02
6.860000E+00 -7.018104E+02
6.870000E+00 -7.128943E+02
6.880000E+00 -7.023692E+02
6.890000E+00 -6.928550E+02
6.900000E+00 -6.951157E+02
6.910000E+00 -6.951001E+02
6.920000E+00 -6.930447E+02
6.930000E+00 -6.800827E+02
6.940000E+00 -6.891141E+02
6.950000E+00 -7.023543E+02
6.960000E+00 -6.929530E+02
6.970000E+00 -6.917088E+02
6.980000E+00 -6.983635E+02
6.990000E+00 -7.034968E+02
7.000000E+00 -6.859931E+02
7.010000E+00 -6.946795E+02
7.020000E+00 -6.905771E+02
7.030000E+00 -6.918259E+02
7.040000E+00 -6.770874E+02
7.050000E+00 -6.684015E+02
7.060000E+00 -6.855632E+02
7.070000E+00 -6.962240E+02
7.080000E+00 -6.878299E+02
7.090000E+00 -6.820348E+02
7.100000E+00 -6.919558E+02
7.110000E+00 -7.040365E+02
7.120000E+00 -6.873764E+02
7.130000E+00 -7.012529E+02
7.140000E+00 -6.890922E+02
7.150000E+00 -7.081170E+02
7.160000E+00 -6.989460E+02
7.170000E+00 -6.862933E+02
7.180000E+00 -6.813762E+02
7.190000E+00 -6.914510E+02
7.200000E+00 -6.821661E+02
7.210000E+00 -6.937166E+02
7.220000E+00 -6.997947E+02
7.230000E+00 -6.973480E+02
7.240000E+00 -6.891745E+02
7.250000E+00 -7.014653E+02
7.260000E+00 -6.994219E+02
7.270000E+00 -6.949381E+02
7.280000E+00 -6.913140E+02
7.290000E+00 -6.861939E+02
7.300000E+00 -6.910814E+02
7.310000E+00 -7.080072E+02
7.320000E+00 -7.074123E+02
7.330000E+00 -7.057569E+02
7.340000E+00 -7.115607E+02
7.350000E+00 -7.112459E+02
7.360000E+00 -6.927163E+02
7.370000E+00 -7.168249E+02
7.380000E+00 -7.150772E+02
7.390000E+00 -7.236090E+02
7.400000E+00 -7.189092E+02
7.410000E+00 -7.273590E+02
7.420000E+00 -7.276430E+02
7.430000E+00 -7.299992E+02
7.440000E+00 -7.258571E+02
7.450000E+00 -7.124084E+02
7.460000E+00 -7.188822E+02
7.470000E+00 -7.281752E+02
7.480000E+00 -7.236408E+02
7.490000E+00 -7.300704E+02
7.500000E+00 -7.264218E+02
7.510000E+00 -7.220527E+02
7.520000E+00 -7.407148E+02
7.530000E+00 -7.336521E+02
7.540000E+00 -7.299362E+02
7.550000E+00 -7.340923E+02
7.560000E+00 -7.438657E+02
7.570000E+00 -7.458261E+02
7.580000E+00 -7.348799E+02
7.590000E+00 -7.391971E+02
7.600000E+00 -7.425144E+02
7.610000E+00 -7.385032E+02
7.620000E+00 -7.371248E+02
7.630000E+00 -7.372754E+02
7.640000E+00 -7.457942E+02
7.650000E+00 -7.448447E+02
7.660000E+00 -7.438226E+02
7.670000E+00 -7.501336E+02
7.680000E+00 -7.352497E+02
7.690000E+00 -7.512179E+02
7.700000E+00 -7.600968E+02
7.710000E+00 -7.456562E+02
7.720000E+00 -7.530225E+02
7.730000E+00 -7.453419E+02
7.740000E+00 -7.538858E+02
7.750000E+00 -7.489224E+02
7.760000E+00 -7.361574E+02
7.770000E+00 -7.550912E+02
7.780000E+00 -7.479908E+02
7.790000E+00 -7.423922E+02
7.800000E+00 -7.516556E+02
7.810000E+00 -7.571962E+02
7.820000E+00 -7.598974E+02
7.830000E+00 -7.521500E+02
7.840000E+00 -7.526168E+02
7.850000E+00 -7.500287E+02
7.860000E+00 -7.511477E+02
7.870000E+00 -7.636921E+02
7.880000E+00 -7.541775E+02
7.890000E+00 -7.532217E+02
7.900000E+00 -7.562690E+02
7.910000E+00 -7.593170E+02
7.920000E+00 -7.498974E+02
7.930000E+00 -7.500101E+02
7.940000E+00 -7.573077E+02
7.950000E+00 -7.480425E+02
7.960000E+00 -7.602926E+02
7.970000E+00 -7.547598E+02
7.980000E+00 -7.554291E+02
7.990000E+00 -7.440880E+02
8.000000E+00 -7.497319E+02
8.010000E+00 -7.395767E+02
8.020000E+00 -7.383750E+02
8.030000E+00 -7.500658E+02
8.040000E+00 -7.466867E+02
8.050000E+00 -7.545169E+02
8.060000E+00 -7.454052E+02
8.070000E+00 -7.378215E+02
8.080000E+00 -7.538463E+02
8.090000E+00 -7.377936E+02
8.100000E+00 -7.401977E+02
8.110000E+00 -7.375764E+02
8.120000E+00 -7.449656E+02
8.130000E+00 -7.436495E+02
8.140000E+00 -7.398483E+02
8.150000E+00 -7.357104E+02
8.160000E+00 -7.397448E+02
8.170000E+00 -7.396031E+02
8.180000E+00 -7.287373E+02
8.190000E+00 -7.321635E+02
8.200000E+00 -7.344478E+02
8.210000E+00 -7.277606E+02
8.220000E+00 -7.395918E+02
8.230000E+00 -7.369044E+02
8.240000E+00 -7.175191E+02
8.250000E+00 -7.289019E+02
8.260000E+00 -7.306843E+02
8.270000E+00 -7.219689E+02
8.280000E+00 -7.115803E+02
8.290000E+00 -7.227277E+02
8.300000E+00 -7.216818E+02
8.310000E+00 -7.216562E+02
8.320000E+00 -7.214795E+02
8.330000E+00 -7.050840E+02
8.340000E+00 -7.184739E+02
8.350000E+00 -7.202728E+02
8.360000E+00 -7.142294E+02
8.370000E+00 -7.111374E+02
8.380000E+00 -7.064895E+02
8.390000E+00 -7.026051E+02
8.400000E+00 -7.141872E+02
8.410000E+00 -7.019201E+02
8.420000E+00 -7.042575E+02
8.430000E+00 -7.027825E+02
8.440000E+00 -7.177833E+02
8.450000E+00 -7.114393E+02
8.460000E+00 -6.990939E+02
8.470000E+00 -7.079574E+02
8.480000E+00 -7.077399E+02
8.490000E+00 -7.071089E+02
8.500000E+00 -7.133519E+02
8.510000E+00 -7.131357E+02
8.520000E+00 -6.977635E+02
8.530000E+00 -6.899436E+02
8.540000E+00 -6.971249E+02
8.550000E+00 -7.042493E+02
8.560000E+00 -6.949279E+02
8.570000E+00 -6.997366E+02
8.580000E+00 -7.008837E+02
8.590000E+00 -7.062652E+02
8.600000E+00 -7.040567E+02
8.610000E+00 -7.102785E+02
8.620000E+00 -7.099526E+02
8.630000E+00 -7.029315E+02
8.640000E+00 -7.142621E+02
8.650000E+00 -7.104173E+02
8.660000E+00 -7.107567E+02
8.670000E+00 -7.070705E+02
8.680000E+00 -7.117752E+02
8.690000E+00 -6.971189E+02
8.700000E+00 -7.015853E+02
8.710000E+00 -7.126807E+02
8.720000E+00 -7.078541E+02
8.730000E+00 -6.889755E+02
8.740000E+00 -6.926755E+02
8.750000E+00 -7.095606E+02
8.760000E+00 -7.130401E+02
8.770000E+00 -7.060873E+02
8.780000E+00 -7.229759E+02
8.790000E+00 -7.101276E+02
8.800000E+00 -7.240011E+02
8.810000E+00 -7.155730E+02
8.820000E+00 -7.150309E+02
8.830000E+00 -7.083297E+02
8.840000E+00 -7.026318E+02
8.850000E+00 -7.089158E+02
8.860000E+00 -7.180383E+02
8.870000E+00 -7.274456E+02
8.880000E+00 -7.241139E+02
8.890000E+00 -7.216653E+02
8.900000E+00 -7.342262E+02
8.910000E+00 -7.267726E+02
8.920000E+00 -7.178055E+02
8.930000E+00 -7.103387E+02
8.940000E+00 -7.331942E+02
8.950000E+00 -7.259182E+02
8.960000E+00 -7.296282E+02
8.970000E+00 -7.359217E+02
8.980000E+00 -7.318859E+02
8.990000E+00 -7.235008E+02
9.000000E+00 -7.371208E+02
9.010000E+00 -7.371091E+02
9.020000E+00 -7.380844E+02
9.030000E+00 -7.379803E+02
9.040000E+00 -7.396983E+02
9.050000E+00 -7.383930E+02
9.060000E+00 -7.343504E+02
9.070000E+00 -7.346795E+02
9.080000E+00 -7.445015E+02
9.090000E+00 -7.336922E+02
9.100000E+00 -7.390378E+02
9.110000E+00 -7.360125E+02
9.120000E+00 -7.364051E+02
9.130000E+00 -7.333284E+02
9.140000E+00 -7.335374E+02
9.150000E+00 -7.384769E+02
9.160000E+00 -7.450255E+02
9.170000E+00 -7.437000E+02
9.180000E+00 -7.465150E+02
9.190000E+00 -7.535211E+02
9.200000E+00 -7.451432E+02
9.210000E+00 -7.436430E+02
9.220000E+00 -7.504679E+02
9.230000E+00 -7.562754E+02
9.240000E+00 -7.385025E+02
9.250000E+00 -7.371472E+02
9.260000E+00 -7.514415E+02
9.270000E+00 -7.493318E+02
9.280000E+00 -7.391642E+02
9.290000E+00 -7.328142E+02
9.300000E+00 -7.352887E+02
9.310000E+00 -7.391347E+02
9.320000E+00 -7.402477E+02
9.330000E+00 -7.441606E+02
9.340000E+00 -7.383136E+02
9.350000E+00 -7.452872E+02
9.360000E+00 -7.404843E+02
9.370000E+00 -7.421775E+02
9.380000E+00 -7.449538E+02
9.390000E+00 -7.523979E+02
9.400000E+00 -7.454939E+02
9.410000E+00 -7.535179E+02
9.420000E+00 -7.429299E+02
9.430000E+00 -7.463931E+02
9.440000E+00 -7.450513E+02
9.450000E+00 -7.517026E+02
9.460000E+00 -7.496578E+02
9.470000E+00 -7.435506E+02
9.480000E+00 -7.395968E+02
9.490000E+00 -7.396607E+02
9.500000E+00 -7.499191E+02
9.510000E+00 -7.431230E+02
9.520000E+00 -7.476697E+02
9.530000E+00 -7.473139E+02
9.540000E+00 -7.320075E+02
9.550000E+00 -7.370880E+02
9.560000E+00 -7.311942E+02
9.570000E+00 -7.333589E+02
9.580000E+00 -7.406532E+02
9.590000E+00 -7.270130E+02
9.600000E+00 -7.374167E+02
9.610000E+00 -7.423828E+02
9.620000E+00 -7.254615E+02
9.630000E+00 -7.281494E+02
9.640000E+00 -7.317545E+02
9.650000E+00 -7.245524E+02
9.660000E+00 -7.190397E+02
9.670000E+00 -7.224475E+02
9.680000E+00 -7.235008E+02
9.690000E+00 -7.126082E+02
9.700000E+00 -7.290768E+02
9.710000E+00 -7.174981E+02
9.720000E+00 -7.210275E+02
9.730000E+00 -7.258400E+02
9.740000E+00 -7.309093E+02
9.750000E+00 -7.152116E+02
9.760000E+00 -7.290995E+02
9.770000E+00 -7.301602E+02
9.780000E+00 -7.273045E+02
9.790000E+00 -7.124436E+02
9.800000E+00 -7.116938E+02
9.810000E+00 -7.084225E+02
9.820000E+00 -7.201148E+02
9.830000E+00 -7.163527E+02
9.840000E+00 -7.208637E+02
9.850000E+00 -7.277548E+02
9.860000E+00 -7.106341E+02
9.870000E+00 -7.063491E+02
9.880000E+00 -7.219645E+02
9.890000E+00 -7.096620E+02
9.900000E+00 -7.140931E+02
9.910000E+00 -7.197829E+02
9.920000E+00 -7.170342E+02
9.930000E+00 -7.035080E+02
9.940000E+00 -6.996057E+02
9.950000E+00 -6.957454E+02
9.960000E+00 -6.984072E+02
9.970000E+00 -7.043613E+02
9.980000E+00 -6.952356E+02
9.990000E+00 -6.945000E+02
1.000000E+01 -6.951013E+02
1.001000E+01 -7.190322E+02
1.002000E+01 -7.102632E+02
1.003000E+01 -6.924756E+02
1.004000E+01 -7.026201E+02
1.005000E+01 -7.090230E+02
1.006000E+01 -7.052055E+02
1.007000E+01 -6.796323E+02
1.008000E+01 -6.906631E+02
1.009000E+01 -7.050601E+02
1.010000E+01 -7.168104E+02
1.011000E+01 -7.021062E+02
1.012000E+01 -7.027558E+02
1.013000E+01 -7.075769E+02
1.014000E+01 -7.232987E+02
1.015000E+01 -7.203851E+02
1.016000E+01 -7.146177E+02
1.017000E+01 -7.087175E+02
1.018000E+01 -7.206720E+02
1.019000E+01 -7.198357E+02
1.020000E+01 -7.133086E+02
1.021000E+01 -7.157290E+02
1.022000E+01 -7.083742E+02
1.023000E+01 -7.134808E+02
1.024000E+01 -7.294642E+02
1.025000E+01 -7.297928E+02
1.026000E+01 -7.413398E+02
1.027000E+01 -7.248537E+02
1.028000E+01 -7.273571E+02
1.029000E+01 -7.334327E+02
1.030000E+01 -7.175110E+02
1.031000E+01 -7.245194E+02
1.032000E+01 -7.294046E+02
1.033000E+01 -7.302773E+02
1.034000E+01 -7.281564E+02
1.035000E+01 -7.318744E+02
1.036000E+01 -7.311108E+02
1.037000E+01 -7.311943E+02
1.038000E+01 -7.265229E+02
1.039000E+01 -7.395795E+02
1.040000E+01 -7.335034E+02
1.041000E+01 -7.442490E+02
1.042000E+01 -7.291756E+02
1.043000E+01 -7.304789E+02
1.044000E+01 -7.282884E+02
1.045000E+01 -7.312572E+02
1.046000E+01 -7.458849E+02
1.047000E+01 -7.453748E+02
1.048000E+01 -7.531496E+02
1.049000E+01 -7.486817E+02
1.050000E+01 -7.471852E+02
1.051000E+01 -7.438880E+02
1.052000E+01 -7.446211E+02
1.053000E+01 -7.558465E+02
1.054000E+01 -7.520403E+02
1.055000E+01 -7.545619E+02
1.056000E+01 -7.488624E+02
1.057000E+01 -7.586578E+02
1.058000E+01 -7.590647E+02
1.059000E+01 -7.576513E+02
1.060000E+01 -7.567629E+02
1.061000E+01 -7.521642E+02
1.062000E+01 -7.564360E+02
1.063000E+01 -7.532513E+02
1.064000E+01 -7.464752E+02
1.065000E+01 -7.565822E+02
1.066000E+01 -7.511301E+02
1.067000E+01 -7.616800E+02
1.068000E+01 -7.539558E+02
1.069000E+01 -7.602779E+02
1.070000E+01 -7.659368E+02
1.071000E+01 -7.556794E+02
1.072000E+01 -7.560840E+02
1.073000E+01 -7.593158E+02
1.074000E+01 -7.652677E+02
1.075000E+01 -7.592915E+02
1.076000E+01 -7.506667E+02
1.077000E+01 -7.617822E+02
1.078000E+01 -7.551627E+02
1.079000E+01 -7.651163E+02
1.080000E+01 -7.588187E+02
1.081000E+01 -7.677503E+02
1.082000E+01 -7.604294E+02
1.083000E+01 -7.600270E+02
1.084000E+01 -7.549571E+02
1.085000E+01 -7.525550E+02
1.086000E+01 -7.572129E+02
1.087000E+01 -7.529668E+02
1.088000E+01 -7.569877E+02
1.089000E+01 -7.540975E+02
1.090000E+01 -7.494393E+02
1.091000E+01 -7.520303E+02
1.092000E+01 -7.503202E+02
1.093000E+01 -7.540568E+02
1.094000E+01 -7.531519E+02
1.095000E+01 -7.485533E+02
1.096000E+01 -7.509807E+02
1.097000E+01 -7.459780E+02
1.098000E+01 -7.386653E+02
1.099000E+01 -7.464458E+02
1.100000E+01 -7.462513E+02
1.101000E+01 -7.503847E+02
1.102000E+01 -7.569273E+02
1.103000E+01 -7.442884E+02
1.104000E+01 -7.405063E+02
1.105000E+01 -7.518325E+02
1.106000E+01 -7.439266E+02
1.107000E+01 -7.310741E+02
1.108000E+01 -7.465798E+02
1.109000E+01 -7.324126E+02
1.110000E+01 -7.314318E+02
1.111000E+01 -7.372018E+02
1.112000E+01 -7.344386E+02
1.113000E+01 -7.333476E+02
1.114000E+01 -7.389345E+02
1.115000E+01 -7.348367E+02
1.116000E+01 -7.306364E+02
1.117000E+01 -7.264291E+02
1.118000E+01 -7.225659E+02
1.119000E+01 -7.350332E+02
1.120000E+01 -7.185131E+02
1.121000E+01 -7.333036E+02
1.122000E+01 -7.024865E+02
1.123000E+01 -7.233112E+02
1.124000E+01 -7.250191E+02
1.125000E+01 -7.249648E+02
1.126000E+01 -7.230306E+02
1.127000E+01 -7.336043E+02
1.128000E+01 -7.273106E+02
1.129000E+01 -7.019206E+02
1.130000E+01 -7.056346E+02
1.131000E+01 -7.125306E+02
1.132000E+01 -7.205565E+02
1.133000E+01 -7.090092E+02
1.134000E+01 -7.180610E+02
1.135000E+01 -7.220587E+02
1.136000E+01 -7.112580E+02
1.137000E+01 -7.048003E+02
1.138000E+01 -7.061847E+02
1.139000E+01 -7.016247E+02
1.140000E+01 -7.007525E+02
1.141000E+01 -7.023194E+02
1.142000E+01 -7.028742E+02
1.143000E+01 -7.026792E+02
1.144000E+01 -7.076035E+02
1.145000E+01 -7.100401E+02
1.146000E+01 -6.985774E+02
1.147000E+01 -6.976932E+02
1.148000E+01 -7.118248E+02
1.149000E+01 -7.067037E+02
1.150000E+01 -7.125180E+02
1.151000E+01 -7.229690E+02
1.152000E+01 -7.053841E+02
1.153000E+01 -7.151680E+02
1.154000E+01 -7.090852E+02
1.155000E+01 -7.123333E+02
1.156000E+01 -7.128337E+02
1.157000E+01 -7.102103E+02
1.158000E+01 -7.252236E+02
1.159000E+01 -7.059928E+02
1.160000E+01 -7.003316E+02
1.161000E+01 -7.225114E+02
1.162000E+01 -7.214497E+02
1.163000E+01 -7.130605E+02
1.164000E+01 -7.241673E+02
1.165000E+01 -7.240766E+02
1.166000E+01 -7.246342E+02
1.167000E+01 -7.184313E+02
1.168000E+01 -7.217153E+02
1.169000E+01 -7.196370E+02
1.170000E+01 -7.166123E+02
1.171000E+01 -7.239917E+02
1.172000E+01 -7.196353E+02
1.173000E+01 -7.249521E+02
1.174000E+01 -7.310791E+02
1.175000E+01 -7.272528E+02
1.176000E+01 -7.264188E+02
1.177000E+01 -7.293746E+02
1.178000E+01 -7.350895E+02
1.179000E+01 -7.309195E+02
1.180000E+01 -7.323094E+02
1.181000E+01 -7.224483E+02
1.182000E+01 -7.413304E+02
1.183000E+01 -7.411486E+02
1.184000E+01 -7.347755E+02
1.185000E+01 -7.442692E+02
1.186000E+01 -7.421117E+02
1.187000E+01 -7.438863E+02
1.188000E+01 -7.461283E+02
1.189000E+01 -7.415937E+02
1.190000E+01 -7.506019E+02
1.191000E+01 -7.407006E+02
1.192000E+01 -7.462033E+02
1.193000E+01 -7.494949E+02
1.194000E+01 -7.502165E+02
1.195000E+01 -7.588704E+02
1.196000E+01 -7.613841E+02
1.197000E+01 -7.576134E+02
1.198000E+01 -7.611081E+02
1.199000E+01 -7.600218E+02
1.200000E+01 -7.543550E+02
1.201000E+01 -7.522310E+02
1.202000E+01 -7.576666E+02
1.203000E+01 -7.531596E+02
1.204000E+01 -7.538765E+02
1.205000E+01 -7.564106E+02
1.206000E+01 -7.531140E+02
1.207000E+01 -7.474968E+02
1.208000E+01 -7.467147E+02
1.209000E+01 -7.439032E+02
1.210000E+01 -7.482189E+02
1.211000E+01 -7.485069E+02
1.212000E+01 -7.519151E+02
1.213000E+01 -7.545429E+02
1.214000E+01 -7.517430E+02
1.215000E+01 -7.588103E+02
1.216000E+01 -7.641971E+02
1.217000E+01 -7.481819E+02
1.218000E+01 -7.584427E+02
1.219000E+01 -7.474740E+02
1.220000E+01 -7.525094E+02
1.221000E+01 -7.535516E+02
1.222000E+01 -7.558492E+02
1.223000E+01 -7.566645E+02
1.224000E+01 -7.632159E+02
1.225000E+01 -7.630596E+02
1.226000E+01 -7.553911E+02
1.227000E+01 -7.398783E+02
1.228000E+01 -7.387371E+02
1.229000E+01 -7.419455E+02
1.230000E+01 -7.475379E+02
1.231000E+01 -7.479582E+02
1.232000E+01 -7.555498E+02
1.233000E+01 -7.441052E+02
1.234000E+01 -7.389464E+02
1.235000E+01 -7.411874E+02
1.236000E+01 -7.509074E+02
1.237000E+01 -7.488478E+02
1.238000E+01 -7.548520E+02
1.239000E+01 -7.447708E+02
1.240000E+01 -7.504776E+02
1.241000E+01 -7.583617E+02
1.242000E+01 -7.427388E+02
1.243000E+01 -7.427316E+02
1.244000E+01 -7.341240E+02
1.245000E+01 -7.445001E+02
1.246000E+01 -7.453927E+02
1.247000E+01 -7.409732E+02
1.248000E+01 -7.456475E+02
1.249000E+01 -7.428764E+02
1.250000E+01 -7.300179E+02
1.251000E+01 -7.270798E+02
1.252000E+01 -7.283683E+02
1.253000E+01 -7.291070E+02
1.254000E+01 -7.232241E+02
1.255000E+01 -7.397450E+02
1.256000E+01 -7.221059E+02
1.257000E+01 -7.186308E+02
1.258000E+01 -7.194978E+02
1.259000E+01 -7.267175E+02
1.260000E+01 -7.259004E+02
1.261000E+01 -7.278374E+02
1.262000E+01 -7.099476E+02
1.263000E+01 -7.183296E+02
1.264000E+01 -7.095340E+02
1.265000E+01 -7.112724E+02
1.266000E+01 -7.094835E+02
1.267000E+01 -7.133493E+02
1.268000E+01 -7.054617E+02
1.269000E+01 -7.204888E+02
1.270000E+01 -7.214310E+02
1.271000E+01 -7.272971E+02
1.272000E+01 -7.155575E+02
1.273000E+01 -7.137052E+02
1.274000E+01 -7.041195E+02
1.275000E+01 -6.979321E+02
1.276000E+01 -7.020383E+02
1.277000E+01 -7.056576E+02
1.278000E+01 -7.027240E+02
1.279000E+01 -6.947549E+02
1.280000E+01 -7.135264E+02
1.281000E+01 -7.132462E+02
1.282000E+01 -7.069778E+02
1.283000E+01 -7.191581E+02
1.284000E+01 -7.238190E+02
1.285000E+01 -7.131911E+02
1.286000E+01 -7.173636E+02
1.287000E+01 -7.201777E+02
1.288000E+01 -7.220876E+02
1.289000E+01 -7.087347E+02
1.290000E+01 -6.984996E+02
1.291000E+01 -7.137884E+02
1.292000E+01 -7.195846E+02
1.293000E+01 -7.080291E+02
1.294000E+01 -7.191428E+02
1.295000E+01 -7.100348E+02
1.296000E+01 -7.204266E+02
1.297000E+01 -7.309129E+02
1.298000E+01 -7.206431E+02
1.299000E+01 -7.112534E+02
1.300000E+01 -7.083848E+02
1.301000E+01 -7.122553E+02
1.302000E+01 -7.171430E+02
1.303000E+01 -7.104475E+02
1.304000E+01 -7.181002E+02
1.305000E+01 -7.217302E+02
1.306000E+01 -7.200228E+02
1.307000E+01 -7.151800E+02
1.308000E+01 -7.152617E+02
1.309000E+01 -7.214151E+02
1.310000E+01 -7.397966E+02
1.311000E+01 -7.321349E+02
1.312000E+01 -7.364905E+02
1.313000E+01 -7.374722E+02
1.314000E+01 -7.419919E+02
1.315000E+01 -7.302905E+02
1.316000E+01 -7.219100E+02
1.317000E+01 -7.374603E+02
1.318000E+01 -7.496754E+02
1.319000E+01 -7.432232E+02
1.320000E+01 -7.359405E+02
1.321000E+01 -7.402876E+02
1.322000E+01 -7.540480E+02
1.323000E+01 -7.506331E+02
1.324000E+01 -7.363706E+02
1.325000E+01 -7.434003E+02
1.326000E+01 -7.503393E+02
1.327000E+01 -7.577331E+02
1.328000E+01 -7.591414E+02
1.329000E+01 -7.585020E+02
1.330000E+01 -7.588941E+02
1.331000E+01 -7.581405E+02
1.332000E+01 -7.525500E+02
1.333000E+01 -7.682699E+02
1.334000E+01 -7.600983E+02
1.335000E+01 -7.622011E+02
1.336000E+01 -7.542112E+02
1.337000E+01 -7.624300E+02
1.338000E+01 -7.575434E+02
1.339000E+01 -7.612831E+02
1.340000E+01 -7.619603E+02
1.341000E+01 -7.602251E+02
1.342000E+01 -7.668725E+02
1.343000E+01 -7.585623E+02
1.344000E+01 -7.573977E+02
1.345000E+01 -7.669107E+02
1.346000E+01 -7.690608E+02
1.347000E+01 -7.537479E+02
1.348000E+01 -7.640488E+02
1.349000E+01 -7.682191E+02
1.350000E+01 -7.710459E+02
1.351000E+01 -7.665589E+02
1.352000E+01 -7.701346E+02
1.353000E+01 -7.650233E+02
1.354000E+01 -7.589581E+02
1.355000E+01 -7.669261E+02
1.356000E+01 -7.743497E+02
1.357000E+01 -7.756613E+02
1.358000E+01 -7.686042E+02
1.359000E+01 -7.570002E+02
1.360000E+01 -7.639113E+02
1.361000E+01 -7.735328E+02
1.362000E+01 -7.662244E+02
1.363000E+01 -7.608784E+02
1.364000E+01 -7.753314E+02
1.365000E+01 -7.736277E+02
1.366000E+01 -7.648793E+02
1.367000E+01 -7.703187E+02
1.368000E+01 -7.586241E+02
1.369000E+01 -7.702304E+02
1.370000E+01 -7.710107E+02
1.371000E+01 -7.692967E+02
1.372000E+01 -7.650595E+02
1.373000E+01 -7.590735E+02
1.374000E+01 -7.697209E+02
1.375000E+01 -7.586087E+02
1.376000E+01 -7.623603E+02
1.377000E+01 -7.667320E+02
1.378000E+01 -7.526791E+02
1.379000E+01 -7.556025E+02
1.380000E+01 -7.471014E+02
1.381000E+01 -7.533723E+02
1.382000E+01 -7.635362E+02
1.383000E+01 -7.484336E+02
1.384000E+01 -7.435056E+02
1.385000E+01 -7.643340E+02
1.386000E+01 -7.506320E+02
1.387000E+01 -7.490738E+02
1.388000E+01 -7.358539E+02
1.389000E+01 -7.422263E+02
1.390000E+01 -7.578577E+02
1.391000E+01 -7.510715E+02
1.392000E+01 -7.499015E+02
1.393000E+01 -7.459142E+02
1.394000E+01 -7.426960E+02
1.395000E+01 -7.555349E+02
1.396000E+01 -7.431530E+02
1.397000E+01 -7.351598E+02
1.398000E+01 -7.402459E+02
1.399000E+01 -7.493264E+02
1.400000E+01 -7.376415E+02
1.401000E+01 -7.427306E+02
1.402000E+01 -7.370667E+02
1.403000E+01 -7.316049E+02
1.404000E+01 -7.426883E+02
1.405000E+01 -7.378804E+02
1.406000E+01 -7.264378E+02
1.407000E+01 -7.344036E+02
1.408000E+01 -7.294825E+02
1.409000E+01 -7.286520E+02
1.410000E+01 -7.317595E+02
1.411000E+01 -7.160435E+02
1.412000E+01 -7.163170E+02
1.413000E+01 -7.192858E+02
1.414000E+01 -7.202474E+02
1.415000E+01 -7.157585E+02
1.416000E+01 -7.308300E+02
1.417000E+01 -7.136688E+02
1.418000E+01 -7.188608E+02
1.419000E+01 -7.310429E+02
1.420000E+01 -7.097761E+02
1.421000E+01 -7.150766E+02
1.422000E+01 -7.169978E+02
1.423000E+01 -7.167135E+02
1.424000E+01 -7.293999E+02
1.425000E+01 -7.095608E+02
1.426000E+01 -7.041229E+02
1.427000E+01 -7.020720E+02
1.428000E+01 -7.079274E+02
1.429000E+01 -7.189311E+02
1.430000E+01 -6.979551E+02
1.431000E+01 -6.938551E+02
1.432000E+01 -7.077767E+02
1.433000E+01 -7.047949E+02
1.434000E+01 -6.991208E+02
1.435000E+01 -7.081339E+02
1.436000E+01 -7.092463E+02
1.437000E+01 -7.134576E+02
1.438000E+01 -7.187960E+02
1.439000E+01 -7.173989E+02
1.440000E+01 -7.262128E+02
1.441000E+01 -7.105263E+02
1.442000E+01 -7.104761E+02
1.443000E+01 -7.174564E+02
1.444000E+01 -7.343117E+02
1.445000E+01 -7.303797E+02
1.446000E+01 -7.230828E+02
1.447000E+01 -7.255947E+02
1.448000E+01 -7.329302E+02
1.449000E+01 -7.280270E+02
1.450000E+01 -7.286124E+02
1.451000E+01 -7.322809E+02
1.452000E+01 -7.321016E+02
1.453000E+01 -7.477279E+02
1.454000E+01 -7.342412E+02
1.455000E+01 -7.391462E+02
1.456000E+01 -7.380310E+02
1.457000E+01 -7.249059E+02
1.458000E+01 -7.261477E+02
1.459000E+01 -7.167730E+02
1.460000E+01 -7.250717E+02
1.461000E+01 -7.406544E+02
1.462000E+01 -7.268720E+02
1.463000E+01 -7.457921E+02
1.464000E+01 -7.363702E+02
1.465000E+01 -7.367568E+02
1.466000E+01 -7.367445E+02
1.467000E+01 -7.371587E+02
1.468000E+01 -7.415866E+02
1.469000E+01 -7.442277E+02
1.470000E+01 -7.413118E+02
1.471000E+01 -7.649656E+02
1.472000E+01 -7.522995E+02
1.473000E+01 -7.540702E+02
1.474000E+01 -7.545358E+02
1.475000E+01 -7.514136E+02
1.476000E+01 -7.463493E+02
1.477000E+01 -7.492291E+02
1.478000E+01 -7.481955E+02
1.479000E+01 -7.611556E+02
1.480000E+01 -7.553465E+02
1.481000E+01 -7.600397E+02
1.482000E+01 -7.599005E+02
1.483000E+01 -7.494336E+02
1.484000E+01 -7.532277E+02
1.485000E+01 -7.497392E+02
1.486000E+01 -7.509771E+02
1.487000E+01 -7.561078E+02
1.488000E+01 -7.578298E+02
1.489000E+01 -7.573783E+02
1.490000E+01 -7.671823E+02
1.491000E+01 -7.671302E+02
1.492000E+01 -7.565861E+02
1.493000E+01 -7.593822E+02
1.494000E+01 -7.626051E+02
1.495000E+01 -7.651065E+02
1.496000E+01 -7.714652E+02
1.497000E+01 -7.673900E+02
1.498000E+01 -7.706483E+02
1.499000E+01 -7.635341E+02
1.500000E+01 -7.684555E+02
1.501000E+01 -7.636326E+02
1.502000E+01 -7.693359E+02
1.503000E+01 -7.772888E+02
1.504000E+01 -7.692399E+02
1.505000E+01 -7.588455E+02
1.506000E+01 -7.666319E+02
1.507000E+01 -7.528868E+02
1.508000E+01 -7.514476E+02
1.509000E+01 -7.701190E+02
1.510000E+01 -7.711187E+02
1.511000E+01 -7.606933E+02
1.512000E+01 -7.650881E+02
1.513000E+01 -7.654628E+02
1.514000E+01 -7.557090E+02
1.515000E+01 -7.580414E+02
1.516000E+01 -7.498688E+02
1.517000E+01 -7.434820E+02
1.518000E+01 -7.551771E+02
1.519000E+01 -7.612220E+02
1.520000E+01 -7.569098E+02
1.521000E+01 -7.626187E+02
1.522000E+01 -7.644906E+02
1.523000E+01 -7.620326E+02
1.524000E+01 -7.559551E+02
1.525000E+01 -7.538714E+02
1.526000E+01 -7.505802E+02
1.527000E+01 -7.577217E+02
1.528000E+01 -7.518836E+02
1.529000E+01 -7.519665E+02
1.530000E+01 -7.463054E+02
1.531000E+01 -7.591934E+02
1.532000E+01 -7.506960E+02
1.533000E+01 -7.541129E+02
1.534000E+01 -7.438582E+02
1.535000E+01 -7.488058E+02
1.536000E+01 -7.447793E+02
1.537000E+01 -7.444442E+02
1.538000E+01 -7.492435E+02
1.539000E+01 -7.431241E+02
1.540000E+01 -7.372482E+02
1.541000E+01 -7.384844E+02
1.542000E+01 -7.523992E+02
1.543000E+01 -7.414340E+02
1.544000E+01 -7.380424E+02
1.545000E+01 -7.449502E+02
1.546000E+01 -7.422201E+02
1.547000E+01 -7.359833E+02
1.548000E+01 -7.302031E+02
1.549000E+01 -7.426066E+02
1.550000E+01 -7.308946E+02
1.551000E+01 -7.379346E+02
1.552000E+01 -7.451380E+02
1.553000E+01 -7.342880E+02
1.554000E+01 -7.264554E+02
1.555000E+01 -7.304401E+02
1.556000E+01 -7.298078E+02
1.557000E+01 -7.195157E+02
1.558000E+01 -7.329761E+02
1.559000E+01 -7.264749E+02
1.560000E+01 -7.210651E+02
1.561000E+01 -7.280429E+02
1.562000E+01 -7.169525E+02
1.563000E+01 -7.142560E+02
1.564000E+01 -7.202077E+02
1.565000E+01 -7.138114E+02
1.566000E+01 -7.336917E+02
1.567000E+01 -7.282834E+02
1.568000E+01 -7.325064E+02
1.569000E+01 -7.255641E+02
1.570000E+01 -7.116060E+02
1.571000E+01 -7.211370E+02
1.572000E+01 -7.141440E+02
1.573000E+01 -7.173944E+02
1.574000E+01 -7.281556E+02
1.575000E+01 -7.298460E+02
1.576000E+01 -7.102780E+02
1.577000E+01 -7.146640E+02
1.578000E+01 -7.224193E+02
1.579000E+01 -7.200994E+02
1.580000E+01 -7.170912E+02
1.581000E+01 -7.281659E+02
1.582000E+01 -7.386989E+02
1.583000E+01 -7.432866E+02
1.584000E+01 -7.211949E+02
1.585000E+01 -7.467438E+02
1.586000E+01 -7.335505E+02
1.587000E+01 -7.419887E+02
1.588000E+01 -7.402519E+02
1.589000E+01 -7.430603E+02
1.590000E+01 -7.387773E+02
1.591000E+01 -7.332302E+02
1.592000E+01 -7.345225E+02
1.593000E+01 -7.298935E+02
1.594000E+01 -7.319569E+02
1.595000E+01 -7.337218E+02
1.596000E+01 -7.242864E+02
1.597000E+01 -7.291900E+02
1.598000E+01 -7.299186E+02
1.599000E+01 -7.271726E+02
1.600000E+01 -7.316038E+02
1.601000E+01 -7.292927E+02
1.602000E+01 -7.304217E+02
1.603000E+01 -7.349563E+02
1.604000E+01 -7.447134E+02
1.605000E+01 -7.410973E+02
1.606000E+01 -7.496814E+02
1.607000E+01 -7.511823E+02
1.608000E+01 -7.390368E+02
1.609000E+01 -7.478990E+02
1.610000E+01 -7.527622E+02
1.611000E+01 -7.582664E+02
1.612000E+01 -7.547399E+02
1.613000E+01 -7.606372E+02
1.614000E+01 -7.554355E+02
1.615000E+01 -7.604163E+02
1.616000E+01 -7.612598E+02
1.617000E+01 -7.627530E+02
1.618000E+01 -7.563011E+02
1.619000E+01 -7.494752E+02
1.620000E+01 -7.493164E+02
1.621000E+01 -7.597430E+02
1.622000E+01 -7.583210E+02
1.623000E+01 -7.585044E+02
1.624000E+01 -7.574196E+02
1.625000E+01 -7.674900E+02
1.626000E+01 -7.556047E+02
1.627000E+01 -7.603857E+02
1.628000E+01 -7.614683E+02
1.629000E+01 -7.563496E+02
1.630000E+01 -7.586100E+02
1.631000E+01 -7.677523E+02
1.632000E+01 -7.708406E+02
1.633000E+01 -7.713858E+02
1.634000E+01 -7.615351E+02
1.635000E+01 -7.683187E+02
1.636000E+01 -7.525486E+02
1.637000E+01 -7.640073E+02
1.638000E+01 -7.610787E+02
1.639000E+01 -7.752655E+02
1.640000E+01 -7.732465E+02
1.641000E+01 -7.522658E+02
1.642000E+01 -7.646565E+02
1.643000E+01 -7.644574E+02
1.644000E+01 -7.655252E+02
1.645000E+01 -7.651112E+02
1.646000E+01 -7.596314E+02
1.647000E+01 -7.578314E+02
1.648000E+01 -7.567480E+02
1.649000E+01 -7.611508E+02
1.650000E+01 -7.600379E+02
1.651000E+01 -7.521243E+02
1.652000E+01 -7.598458E+02
1.653000E+01 -7.505610E+02
1.654000E+01 -7.435684E+02
1.655000E+01 -7.530172E+02
1.656000E+01 -7.632141E+02
1.657000E+01 -7.650112E+02
1.658000E+01 -7.627535E+02
1.659000E+01 -7.583268E+02
1.660000E+01 -7.643906E+02
1.661000E+01 -7.619534E+02
1.662000E+01 -7.667601E+02
1.663000E+01 -7.687190E+02
1.664000E+01 -7.622013E+02
1.665000E+01 -7.571821E+02
1.666000E+01 -7.544032E+02
1.667000E+01 -7.475885E+02
1.668000E+01 -7.614786E+02
1.669000E+01 -7.486377E+02
1.670000E+01 -7.538892E+02
1.671000E+01 -7.568889E+02
1.672000E+01 -7.484298E+02
1.673000E+01 -7.496937E+02
1.674000E+01 -7.491052E+02
1.675000E+01 -7.453710E+02
1.676000E+01 -7.442540E+02
1.677000E+01 -7.444544E+02
1.678000E+01 -7.319482E+02
1.679000E+01 -7.422215E+02
1.680000E+01 -7.393805E+02
1.681000E+01 -7.427159E+02
1.682000E+01 -7.413044E+02
1.683000E+01 -7.449969E+02
1.684000E+01 -7.366940E+02
1.685000E+01 -7.349776E+02
1.686000E+01 -7.360380E+02
1.687000E+01 -7.348296E+02
1.688000E+01 -7.313514E+02
1.689000E+01 -7.413000E+02
1.690000E+01 -7.204413E+02
1.691000E+01 -7.251445E+02
1.692000E+01 -7.311590E+02
1.693000E+01 -7.327608E+02
1.694000E+01 -7.174124E+02
1.695000E+01 -7.323336E+02
1.696000E+01 -7.288906E+02
1.697000E+01 -7.309547E+02
1.698000E+01 -7.316033E+02
1.699000E+01 -7.228878E+02
1.700000E+01 -7.305311E+02
1.701000E+01 -7.219932E+02
1.702000E+01 -7.270092E+02
1.703000E+01 -7.205976E+02
1.704000E+01 -7.204463E+02
1.705000E+01 -7.262518E+02
1.706000E+01 -7.203369E+02
1.707000E+01 -7.296986E+02
1.708000E+01 -7.092197E+02
1.709000E+01 -7.159533E+02
1.710000E+01 -7.102934E+02
1.711000E+01 -7.094366E+02
1.712000E+01 -7.186255E+02
1.713000E+01 -7.181725E+02
1.714000E+01 -7.131451E+02
1.715000E+01 -7.160623E+02
1.716000E+01 -7.045752E+02
1.717000E+01 -7.118084E+02
1.718000E+01 -7.192719E+02
1.719000E+01 -7.001102E+02
1.720000E+01 -7.096403E+02
1.721000E+01 -7.105353E+02
1.722000E+01 -7.168489E+02
1.723000E+01 -7.242094E+02
1.724000E+01 -7.191251E+02
1.725000E+01 -7.075637E+02
1.726000E+01 -7.077749E+02
1.727000E+01 -7.243369E+02
1.728000E+01 -7.256970E+02
1.729000E+01 -7.165854E+02
1.730000E+01 -7.066691E+02
1.731000E+01 -7.046398E+02
1.732000E+01 -7.166759E+02
1.733000E+01 -7.230639E+02
1.734000E+01 -7.159859E+02
1.735000E+01 -7.124886E+02
1.736000E+01 -7.175278E+02
1.737000E+01 -7.077831E+02
1.738000E+01 -7.161188E+02
1.739000E+01 -7.137876E+02
1.740000E+01 -7.019375E+02
1.741000E+01 -7.161007E+02
1.742000E+01 -7.132770E+02
1.743000E+01 -7.134397E+02
1.744000E+01 -7.042395E+02
1.745000E+01 -7.183075E+02
1.746000E+01 -7.283025E+02
1.747000E+01 -7.140843E+02
1.748000E+01 -7.169433E+02
1.749000E+01 -7.281072E+02
1.750000E+01 -7.269194E+02
1.751000E+01 -7.256197E+02
1.752000E+01 -7.233411E+02
1.753000E+01 -7.248990E+02
1.754000E+01 -7.149704E+02
1.755000E+01 -7.141230E+02
1.756000E+01 -7.306935E+02
1.757000E+01 -7.456390E+02
1.758000E+01 -7.311626E+02
1.759000E+01 -7.208147E+02
1.760000E+01 -7.200213E+02
1.761000E+01 -7.157049E+02
1.762000E+01 -7.280032E+02
1.763000E+01 -7.348350E+02
1.764000E+01 -7.389983E+02
1.765000E+01 -7.312175E+02
1.766000E+01 -7.309347E+02
1.767000E+01 -7.288713E+02
1.768000E+01 -7.320216E+02
1.769000E+01 -7.265289E+02
1.770000E+01 -7.300650E+02
1.771000E+01 -7.304581E+02
1.772000E+01 -7.252502E+02
1.773000E+01 -7.303723E+02
1.774000E+01 -7.277094E+02
1.775000E+01 -7.257943E+02
1.776000E+01 -7.427412E+02
1.777000E+01 -7.450356E+02
1.778000E+01 -7.400679E+02
1.779000E+01 -7.439150E+02
1.780000E+01 -7.519921E+02
1.781000E+01 -7.435380E+02
1.782000E+01 -7.460709E+02
1.783000E+01 -7.401223E+02
1.784000E+01 -7.460989E+02
1.785000E+01 -7.429601E+02
1.786000E+01 -7.488139E+02
1.787000E+01 -7.394541E+02
1.788000E+01 -7.412480E+02
1.789000E+01 -7.446512E+02
1.790000E+01 -7.414327E+02
1.791000E+01 -7.368770E+02
1.792000E+01 -7.350253E+02
1.793000E+01 -7.496084E+02
1.794000E+01 -7.440186E+02
1.795000E+01 -7.388195E+02
1.796000E+01 -7.500497E+02
1.797000E+01 -7.489601E+02
1.798000E+01 -7.485449E+02
1.799000E+01 -7.567962E+02
1.800000E+01 -7.489459E+02
1.801000E+01 -7.427116E+02
1.802000E+01 -7.464314E+02
1.803000E+01 -7.570678E+02
1.804000E+01 -7.564963E+02
1.805000E+01 -7.382458E+02
1.806000E+01 -7.484838E+02
1.807000E+01 -7.508163E+02
1.808000E+01 -7.430283E+02
1.809000E+01 -7.465780E+02
1.810000E+01 -7.608204E+02
1.811000E+01 -7.538515E+02
1.812000E+01 -7.453106E+02
1.813000E+01 -7.553186E+02
1.814000E+01 -7.466499E+02
1.815000E+01 -7.543330E+02
1.816000E+01 -7.534679E+02
1.817000E+01 -7.541476E+02
1.818000E+01 -7.580525E+02
1.819000E+01 -7.517371E+02
1.820000E+01 -7.491886E+02
1.821000E+01 -7.568685E+02
1.822000E+01 -7.442595E+02
1.823000E+01 -7.451820E+02
1.824000E+01 -7.535863E+02
1.825000E+01 -7.502620E+02
1.826000E+01 -7.422948E+02
1.827000E+01 -7.522634E+02
1.828000E+01 -7.544948E+02
1.829000E+01 -7.404866E+02
1.830000E+01 -7.531569E+02
1.831000E+01 -7.488071E+02
1.832000E+01 -7.446445E+02
1.833000E+01 -7.467244E+02
1.834000E+01 -7.486079E+02
1.835000E+01 -7.512971E+02
1.836000E+01 -7.471739E+02
1.837000E+01 -7.419522E+02
1.838000E+01 -7.518386E+02
1.839000E+01 -7.452792E+02
1.840000E+01 -7.573919E+02
1.841000E+01 -7.609660E+02
1.842000E+01 -7.576935E+02
1.843000E+01 -7.570704E+02
1.844000E+01 -7.564981E+02
1.845000E+01 -7.531428E+02
1.846000E+01 -7.629286E+02
1.847000E+01 -7.586872E+02
1.848000E+01 -7.521982E+02
1.849000E+01 -7.538893E+02
1.850000E+01 -7.590557E+02
1.851000E+01 -7.562281E+02
1.852000E+01 -7.489444E+02
1.853000E+01 -7.484892E+02
1.854000E+01 -7.520961E+02
1.855000E+01 -7.530926E+02
1.856000E+01 -7.347217E+02
1.857000E+01 -7.379673E+02
1.858000E+01 -7.575510E+02
1.859000E+01 -7.534102E+02
1.860000E+01 -7.438185E+02
1.861000E+01 -7.407169E+02
1.862000E+01 -7.368408E+02
1.863000E+01 -7.388924E+02
1.864000E+01 -7.259181E+02
1.865000E+01 -7.335789E+02
1.866000E+01 -7.364203E+02
1.867000E+01 -7.462662E+02
1.868000E+01 -7.482869E+02
1.869000E+01 -7.552241E+02
1.870000E+01 -7.529721E+02
1.871000E+01 -7.448692E+02
1.872000E+01 -7.396655E+02
1.873000E+01 -7.488919E+02
1.874000E+01 -7.461920E+02
1.875000E+01 -7.471907E+02
1.876000E+01 -7.457342E+02
1.877000E+01 -7.333648E+02
1.878000E+01 -7.323440E+02
1.879000E+01 -7.337836E+02
1.880000E+01 -7.334957E+02
1.881000E+01 -7.288747E+02
1.882000E+01 -7.459834E+02
1.883000E+01 -7.418447E+02
1.884000E+01 -7.423096E+02
1.885000E+01 -7.352905E+02
1.886000E+01 -7.500812E+02
1.887000E+01 -7.395497E+02
1.888000E+01 -7.360826E+02
1.889000E+01 -7.454078E+02
1.890000E+01 -7.494834E+02
1.891000E+01 -7.499641E+02
1.892000E+01 -7.386997E+02
1.893000E+01 -7.459453E+02
1.894000E+01 -7.437661E+02
1.895000E+01 -7.264061E+02
1.896000E+01 -7.445630E+02
1.897000E+01 -7.399008E+02
1.898000E+01 -7.294166E+02
1.899000E+01 -7.555804E+02
1.900000E+01 -7.447515E+02
1.901000E+01 -7.424161E+02
1.902000E+01 -7.389851E+02
1.903000E+01 -7.393228E+02
1.904000E+01 -7.360646E+02
1.905000E+01 -7.371875E+02
1.906000E+01 -7.379558E+02
1.907000E+01 -7.317325E+02
1.908000E+01 -7.305564E+02
1.909000E+01 -7.175403E+02
1.910000E+01 -7.343325E+02
1.911000E+01 -7.306563E+02
1.912000E+01 -7.210419E+02
1.913000E+01 -7.384772E+02
1.914000E+01 -7.303441E+02
1.915000E+01 -7.431502E+02
1.916000E+01 -7.394131E+02
1.917000E+01 -7.219141E+02
1.918000E+01 -7.390567E+02
1.919000E+01 -7.221168E+02
1.920000E+01 -7.461118E+02
1.921000E+01 -7.439385E+02
1.922000E+01 -7.376352E+02
1.923000E+01 -7.429701E+02
1.924000E+01 -7.404200E+02
1.925000E+01 -7.339604E+02
1.926000E+01 -7.346047E+02
1.927000E+01 -7.335067E+02
1.928000E+01 -7.360807E+02
1.929000E+01 -7.332728E+02
1.930000E+01 -7.401396E+02
1.931000E+01 -7.323175E+02
1.932000E+01 -7.326234E+02
1.933000E+01 -7.445643E+02
1.934000E+01 -7.463953E+02
1.935000E+01 -7.423025E+02
1.936000E+01 -7.453903E+02
1.937000E+01 -7.329975E+02
1.938000E+01 -7.326898E+02
1.939000E+01 -7.388261E+02
1.940000E+01 -7.342726E+02
1.941000E+01 -7.213508E+02
1.942000E+01 -7.444986E+02
1.943000E+01 -7.439912E+02
1.944000E+01 -7.253776E+02
1.945000E+01 -7.291159E+02
1.946000E+01 -7.311532E+02
1.947000E+01 -7.290276E+02
1.948000E+01 -7.379335E+02
1.949000E+01 -7.413654E+02
1.950000E+01 -7.415994E+02
1.951000E+01 -7.520777E+02
1.952000E+01 -7.454055E+02
1.953000E+01 -7.351223E+02
1.954000E+01 -7.397591E+02
1.955000E+01 -7.515060E+02
1.956000E+01 -7.398458E+02
1.957000E+01 -7.303251E+02
1.958000E+01 -7.413379E+02
1.959000E+01 -7.433128E+02
1.960000E+01 -7.501268E+02
1.961000E+01 -7.434913E+02
1.962000E+01 -7.328947E+02
1.963000E+01 -7.443434E+02
1.964000E+01 -7.381176E+02
1.965000E+01 -7.303152E+02
1.966000E+01 -7.296585E+02
1.967000E+01 -7.368557E+02
1.968000E+01 -7.243332E+02
1.969000E+01 -7.343922E+02
1.970000E+01 -7.536756E+02
1.971000E+01 -7.507239E+02
1.972000E+01 -7.454650E+02
1.973000E+01 -7.359777E+02
1.974000E+01 -7.392200E+02
1.975000E+01 -7.348808E+02
1.976000E+01 -7.546708E+02
1.977000E+01 -7.412240E+02
1.978000E+01 -7.402352E+02
1.979000E+01 -7.600084E+02
1.980000E+01 -7.540084E+02
1.981000E+01 -7.529553E+02
1.982000E+01 -7.492725E+02
1.983000E+01 -7.556797E+02
1.984000E+01 -7.530379E+02
1.985000E+01 -7.466247E+02
1.986000E+01 -7.377101E+02
1.987000E+01 -7.525258E+02
1.988000E+01 -7.517484E+02
1.989000E+01 -7.432498E+02
1.990000E+01 -7.412206E+02
1.991000E+01 -7.452465E+02
1.992000E+01 -7.521289E+02
1.993000E+01 -7.481251E+02
1.994000E+01 -7.471856E+02
1.995000E+01 -7.484963E+02
1.996000E+01 -7.517577E+02
1.997000E+01 -7.530231E+02
1.998000E+01 -7.532801E+02
1.999000E+01 -7.563238E+02
2.000000E+01 -7.607715E+02
