1.000000E-02 2.288157E+02
2.000000E-02 3.492732E+02
3.000000E-02 4.720339E+02
4.000000E-02 5.226587E+02
5.000000E-02 4.733201E+02
6.000000E-02 6.243799E+02
7.000000E-02 4.839667E+02
8.000000E-02 5.211791E+02
9.000000E-02 6.164343E+02
1.000000E-01 5.362711E+02
1.100000E-01 5.212014E+02
1.200000E-01 5.103749E+02
1.300000E-01 4.278617E+02
1.400000E-01 3.504470E+02
1.500000E-01 3.243590E+02
1.600000E-01 3.820150E+02
1.700000E-01 3.208968E+02
1.800000E-01 2.476153E+02
1.900000E-01 2.580521E+02
2.000000E-01 2.337541E+02
2.100000E-01 1.949871E+02
2.200000E-01 2.382131E+02
2.300000E-01 1.942777E+02
2.400000E-01 2.132106E+02
2.500000E-01 1.720644E+02
2.600000E-01 1.583009E+02
2.700000E-01 1.936995E+02
2.800000E-01 1.680144E+02
2.900000E-01 1.657485E+02
3.000000E-01 1.528527E+02
3.100000E-01 1.461589E+02
3.200000E-01 1.178577E+02
3.300000E-01 1.271709E+02
3.400000E-01 1.339242E+02
3.500000E-01 1.336240E+02
3.600000E-01 1.190106E+02
3.700000E-01 9.497909E+01
3.800000E-01 1.019654E+02
3.900000E-01 8.501134E+01
4.000000E-01 7.887062E+01
4.100000E-01 7.614745E+01
4.200000E-01 7.401007E+01
4.300000E-01 6.082602E+01
4.400000E-01 6.578993E+01
4.500000E-01 6.104953E+01
4.600000E-01 5.432685E+01
4.700000E-01 5.673572E+01
4.800000E-01 5.583124E+01
4.900000E-01 5.118333E+01
5.000000E-01 4.626177E+01
5.100000E-01 4.771555E+01
5.200000E-01 4.638391E+01
5.300000E-01 3.911683E+01
5.400000E-01 3.596160E+01
5.500000E-01 3.974596E+01
5.600000E-01 3.333026E+01
5.700000E-01 3.582158E+01
5.800000E-01 3.522089E+01
5.900000E-01 3.500065E+01
6.000000E-01 2.946596E+01
6.100000E-01 3.044374E+01
6.200000E-01 2.934009E+01
6.300000E-01 3.128197E+01
6.400000E-01 3.079448E+01
6.500000E-01 2.936635E+01
6.600000E-01 2.536434E+01
6.700000E-01 2.232284E+01
6.800000E-01 2.133400E+01
6.900000E-01 2.257701E+01
7.000000E-01 2.215367E+01
7.100000E-01 2.035293E+01
7.200000E-01 2.006539E+01
7.300000E-01 2.246252E+01
7.400000E-01 2.233010E+01
7.500000E-01 2.318371E+01
7.600000E-01 2.404479E+01
7.700000E-01 2.425671E+01
7.800000E-01 2.214781E+01
7.900000E-01 2.067940E+01
8.000000E-01 2.121340E+01
8.100000E-01 1.945871E+01
8.200000E-01 1.988594E+01
8.300000E-01 1.817300E+01
8.400000E-01 1.817221E+01
8.500000E-01 1.852072E+01
8.600000E-01 1.908910E+01
8.700000E-01 1.883539E+01
8.800000E-01 1.775184E+01
8.900000E-01 1.812550E+01
9.000000E-01 1.917205E+01
9.100000E-01 1.984792E+01
9.200000E-01 1.802341E+01
9.300000E-01 1.901990E+01
9.400000E-01 1.919668E+01
9.500000E-01 2.054600E+01
9.600000E-01 2.097762E+01
9.700000E-01 2.444770E+01
9.800000E-01 2.451913E+01
9.900000E-01 2.501945E+01
1.000000E+00 2.363679E+01
1.010000E+00 2.695825E+01
1.020000E+00 2.956716E+01
1.030000E+00 3.042750E+01
1.040000E+00 3.054367E+01
1.050000E+00 3.120295E+01
1.060000E+00 3.349459E+01
1.070000E+00 3.523348E+01
1.080000E+00 4.027610E+01
1.090000E+00 4.436787E+01
1.100000E+00 4.750397E+01
1.110000E+00 5.020308E+01
1.120000E+00 5.349268E+01
1.130000E+00 6.019822E+01
1.140000E+00 6.782538E+01
1.150000E+00 6.602253E+01
1.160000E+00 6.913685E+01
1.170000E+00 7.385247E+01
1.180000E+00 8.006724E+01
1.190000E+00 8.305168E+01
1.200000E+00 9.499076E+01
1.210000E+00 1.026630E+02
1.220000E+00 1.115012E+02
1.230000E+00 1.197073E+02
1.240000E+00 1.255358E+02
1.250000E+00 1.381252E+02
1.260000E+00 1.487890E+02
1.270000E+00 1.632672E+02
1.280000E+00 1.599061E+02
1.290000E+00 1.910105E+02
1.300000E+00 2.002077E+02
1.310000E+00 2.142613E+02
1.320000E+00 2.378986E+02
1.330000E+00 2.580167E+02
1.340000E+00 2.736720E+02
1.350000E+00 3.015618E+02
1.360000E+00 3.250009E+02
1.370000E+00 3.460457E+02
1.380000E+00 3.730888E+02
1.390000E+00 3.537334E+02
1.400000E+00 3.737635E+02
1.410000E+00 3.610715E+02
1.420000E+00 3.862621E+02
1.430000E+00 3.832529E+02
1.440000E+00 3.417682E+02
1.450000E+00 3.655334E+02
1.460000E+00 3.807759E+02
1.470000E+00 4.006988E+02
1.480000E+00 3.727052E+02
1.490000E+00 3.656303E+02
1.500000E+00 3.607141E+02
1.510000E+00 3.386255E+02
1.520000E+00 3.715565E+02
1.530000E+00 3.343370E+02
1.540000E+00 3.240171E+02
1.550000E+00 3.276226E+02
1.560000E+00 3.290779E+02
1.570000E+00 3.201094E+02
1.580000E+00 2.959606E+02
1.590000E+00 2.618700E+02
1.600000E+00 2.421746E+02
1.610000E+00 2.644720E+02
1.620000E+00 2.552292E+02
1.630000E+00 2.426490E+02
1.640000E+00 2.394085E+02
1.650000E+00 2.417090E+02
1.660000E+00 2.504139E+02
1.670000E+00 2.477160E+02
1.680000E+00 2.458253E+02
1.690000E+00 2.230774E+02
1.700000E+00 2.176542E+02
1.710000E+00 2.263187E+02
1.720000E+00 2.168009E+02
1.730000E+00 1.974065E+02
1.740000E+00 2.004130E+02
1.750000E+00 1.942437E+02
1.760000E+00 1.549598E+02
1.770000E+00 1.627547E+02
1.780000E+00 1.612952E+02
1.790000E+00 1.435712E+02
1.800000E+00 1.450429E+02
1.810000E+00 1.260050E+02
1.820000E+00 1.239029E+02
1.830000E+00 1.274021E+02
1.840000E+00 1.390144E+02
1.850000E+00 1.371535E+02
1.860000E+00 1.152663E+02
1.870000E+00 1.081674E+02
1.880000E+00 1.158199E+02
1.890000E+00 1.075043E+02
1.900000E+00 1.032986E+02
1.910000E+00 9.056810E+01
1.920000E+00 9.335012E+01
1.930000E+00 1.023379E+02
1.940000E+00 8.766676E+01
1.950000E+00 9.088209E+01
1.960000E+00 8.590440E+01
1.970000E+00 7.489125E+01
1.980000E+00 8.568787E+01
1.990000E+00 8.617758E+01
2.000000E+00 8.479694E+01
2.010000E+00 8.167677E+01
2.020000E+00 7.080706E+01
2.030000E+00 7.182688E+01
2.040000E+00 6.898841E+01
2.050000E+00 6.752913E+01
2.060000E+00 6.216864E+01
2.070000E+00 6.459165E+01
2.080000E+00 6.655985E+01
2.090000E+00 6.061248E+01
2.100000E+00 5.550590E+01
2.110000E+00 5.839823E+01
2.120000E+00 6.264395E+01
2.130000E+00 6.397179E+01
2.140000E+00 5.756016E+01
2.150000E+00 5.380443E+01
2.160000E+00 6.315923E+01
2.170000E+00 6.948157E+01
2.180000E+00 6.668844E+01
2.190000E+00 6.065672E+01
2.200000E+00 6.361754E+01
2.210000E+00 6.187521E+01
2.220000E+00 5.997058E+01
2.230000E+00 5.930209E+01
2.240000E+00 5.501723E+01
2.250000E+00 5.694394E+01
2.260000E+00 6.531037E+01
2.270000E+00 6.015553E+01
2.280000E+00 5.868757E+01
2.290000E+00 5.570379E+01
2.300000E+00 6.454110E+01
2.310000E+00 6.884668E+01
2.320000E+00 7.338059E+01
2.330000E+00 7.624623E+01
2.340000E+00 8.556077E+01
2.350000E+00 9.174842E+01
2.360000E+00 8.982410E+01
2.370000E+00 9.599139E+01
2.380000E+00 1.043542E+02
2.390000E+00 1.113697E+02
2.400000E+00 1.085587E+02
2.410000E+00 1.095526E+02
2.420000E+00 9.994416E+01
2.430000E+00 9.622725E+01
2.440000E+00 9.773416E+01
2.450000E+00 1.038866E+02
2.460000E+00 1.089372E+02
2.470000E+00 1.052258E+02
2.480000E+00 1.101959E+02
2.490000E+00 1.258633E+02
2.500000E+00 1.281465E+02
2.510000E+00 1.319547E+02
2.520000E+00 1.268158E+02
2.530000E+00 1.100760E+02
2.540000E+00 1.188258E+02
2.550000E+00 1.333016E+02
2.560000E+00 1.391747E+02
2.570000E+00 1.289244E+02
2.580000E+00 1.318852E+02
2.590000E+00 1.560153E+02
2.600000E+00 1.583703E+02
2.610000E+00 1.598831E+02
2.620000E+00 1.534900E+02
2.630000E+00 1.488389E+02
2.640000E+00 1.542561E+02
2.650000E+00 1.710127E+02
2.660000E+00 1.625986E+02
2.670000E+00 1.968356E+02
2.680000E+00 2.178293E+02
2.690000E+00 2.438822E+02
2.700000E+00 2.581342E+02
2.710000E+00 2.467520E+02
2.720000E+00 2.245540E+02
2.730000E+00 2.078667E+02
2.740000E+00 2.294587E+02
2.750000E+00 2.361364E+02
2.760000E+00 2.457634E+02
2.770000E+00 2.697282E+02
2.780000E+00 2.624419E+02
2.790000E+00 2.462706E+02
2.800000E+00 2.622701E+02
2.810000E+00 2.402337E+02
2.820000E+00 2.383581E+02
2.830000E+00 1.993651E+02
2.840000E+00 2.102220E+02
2.850000E+00 1.906358E+02
2.860000E+00 2.095638E+02
2.870000E+00 2.139920E+02
2.880000E+00 2.032360E+02
2.890000E+00 2.221585E+02
2.900000E+00 1.942256E+02
2.910000E+00 2.007417E+02
2.920000E+00 2.220268E+02
2.930000E+00 2.190877E+02
2.940000E+00 2.361672E+02
2.950000E+00 2.187912E+02
2.960000E+00 2.198717E+02
2.970000E+00 2.068305E+02
2.980000E+00 2.415447E+02
2.990000E+00 2.292707E+02
3.000000E+00 2.092911E+02
3.010000E+00 2.005177E+02
3.020000E+00 2.173943E+02
3.030000E+00 1.883804E+02
3.040000E+00 2.042088E+02
3.050000E+00 2.083010E+02
3.060000E+00 1.938097E+02
3.070000E+00 1.608349E+02
3.080000E+00 1.561310E+02
3.090000E+00 1.993869E+02
3.100000E+00 1.791039E+02
3.110000E+00 1.866257E+02
3.120000E+00 1.799977E+02
3.130000E+00 1.543008E+02
3.140000E+00 1.730422E+02
3.150000E+00 1.751464E+02
3.160000E+00 1.403572E+02
3.170000E+00 1.359097E+02
3.180000E+00 1.479902E+02
3.190000E+00 1.390875E+02
3.200000E+00 1.176276E+02
3.210000E+00 1.277671E+02
3.220000E+00 1.466188E+02
3.230000E+00 1.370128E+02
3.240000E+00 1.165045E+02
3.250000E+00 1.293620E+02
3.260000E+00 1.419947E+02
3.270000E+00 1.441211E+02
3.280000E+00 1.248886E+02
3.290000E+00 1.466599E+02
3.300000E+00 1.467090E+02
3.310000E+00 1.220637E+02
3.320000E+00 1.241164E+02
3.330000E+00 1.474656E+02
3.340000E+00 1.388542E+02
3.350000E+00 1.295935E+02
3.360000E+00 1.380823E+02
3.370000E+00 1.141735E+02
3.380000E+00 1.366945E+02
3.390000E+00 1.371590E+02
3.400000E+00 1.212020E+02
3.410000E+00 1.212420E+02
3.420000E+00 1.274589E+02
3.430000E+00 1.199116E+02
3.440000E+00 1.023584E+02
3.450000E+00 9.613809E+01
3.460000E+00 9.387093E+01
3.470000E+00 1.008165E+02
3.480000E+00 1.125043E+02
3.490000E+00 9.766709E+01
3.500000E+00 8.715278E+01
3.510000E+00 9.424423E+01
3.520000E+00 8.805785E+01
3.530000E+00 1.049105E+02
3.540000E+00 9.582186E+01
3.550000E+00 9.457794E+01
3.560000E+00 9.698265E+01
3.570000E+00 8.828641E+01
3.580000E+00 1.017909E+02
3.590000E+00 9.249829E+01
3.600000E+00 9.126966E+01
3.610000E+00 9.303830E+01
3.620000E+00 1.142914E+02
3.630000E+00 9.707863E+01
3.640000E+00 9.890351E+01
3.650000E+00 9.066995E+01
3.660000E+00 9.898489E+01
3.670000E+00 9.602866E+01
3.680000E+00 7.588975E+01
3.690000E+00 9.813946E+01
3.700000E+00 9.017905E+01
3.710000E+00 1.020028E+02
3.720000E+00 9.059788E+01
3.730000E+00 1.013790E+02
3.740000E+00 1.032513E+02
3.750000E+00 1.211300E+02
3.760000E+00 1.056684E+02
3.770000E+00 1.068698E+02
3.780000E+00 1.035195E+02
3.790000E+00 1.049504E+02
3.800000E+00 1.226999E+02
3.810000E+00 1.206873E+02
3.820000E+00 1.373200E+02
3.830000E+00 1.276397E+02
3.840000E+00 1.306466E+02
3.850000E+00 1.394968E+02
3.860000E+00 1.567490E+02
3.870000E+00 1.521609E+02
3.880000E+00 1.499078E+02
3.890000E+00 1.404251E+02
3.900000E+00 1.259980E+02
3.910000E+00 1.343341E+02
3.920000E+00 1.194423E+02
3.930000E+00 1.323704E+02
3.940000E+00 1.515254E+02
3.950000E+00 1.419122E+02
3.960000E+00 1.363400E+02
3.970000E+00 1.547729E+02
3.980000E+00 1.614889E+02
3.990000E+00 1.462740E+02
4.000000E+00 1.267867E+02
4.010000E+00 1.374538E+02
4.020000E+00 1.597846E+02
4.030000E+00 1.630738E+02
4.040000E+00 1.764153E+02
4.050000E+00 1.696170E+02
4.060000E+00 2.039964E+02
4.070000E+00 1.862286E+02
4.080000E+00 1.585827E+02
4.090000E+00 1.676567E+02
4.100000E+00 1.901249E+02
4.110000E+00 1.984703E+02
4.120000E+00 2.142230E+02
4.130000E+00 2.037974E+02
4.140000E+00 1.720069E+02
4.150000E+00 1.911794E+02
4.160000E+00 1.859567E+02
4.170000E+00 2.063203E+02
4.180000E+00 1.797055E+02
4.190000E+00 1.852662E+02
4.200000E+00 2.157622E+02
4.210000E+00 2.349461E+02
4.220000E+00 2.167879E+02
4.230000E+00 1.895983E+02
4.240000E+00 1.720566E+02
4.250000E+00 1.934364E+02
4.260000E+00 2.232659E+02
4.270000E+00 1.678576E+02
4.280000E+00 1.950882E+02
4.290000E+00 2.176970E+02
4.300000E+00 2.186868E+02
4.310000E+00 2.027629E+02
4.320000E+00 2.003356E+02
4.330000E+00 1.858012E+02
4.340000E+00 2.198040E+02
4.350000E+00 2.275378E+02
4.360000E+00 2.098268E+02
4.370000E+00 2.284155E+02
4.380000E+00 2.113204E+02
4.390000E+00 2.153797E+02
4.400000E+00 2.166897E+02
4.410000E+00 2.193290E+02
4.420000E+00 2.432075E+02
4.430000E+00 2.259899E+02
4.440000E+00 2.134160E+02
4.450000E+00 2.310548E+02
4.460000E+00 1.941411E+02
4.470000E+00 1.994901E+02
4.480000E+00 1.917397E+02
4.490000E+00 1.990611E+02
4.500000E+00 1.869481E+02
4.510000E+00 1.742208E+02
4.520000E+00 1.642251E+02
4.530000E+00 1.677121E+02
4.540000E+00 1.501095E+02
4.550000E+00 1.248659E+02
4.560000E+00 1.327454E+02
4.570000E+00 1.458559E+02
4.580000E+00 1.432385E+02
4.590000E+00 1.257323E+02
4.600000E+00 1.370797E+02
4.610000E+00 1.358705E+02
4.620000E+00 1.438496E+02
4.630000E+00 1.472312E+02
4.640000E+00 1.374039E+02
4.650000E+00 1.368869E+02
4.660000E+00 1.508356E+02
4.670000E+00 1.651366E+02
4.680000E+00 1.418558E+02
4.690000E+00 1.343234E+02
4.700000E+00 1.512368E+02
4.710000E+00 1.240948E+02
4.720000E+00 1.327489E+02
4.730000E+00 1.330737E+02
4.740000E+00 1.301096E+02
4.750000E+00 1.253488E+02
4.760000E+00 1.130230E+02
4.770000E+00 1.262328E+02
4.780000E+00 1.254878E+02
4.790000E+00 1.197442E+02
4.800000E+00 1.050175E+02
4.810000E+00 9.702983E+01
4.820000E+00 1.010332E+02
4.830000E+00 1.046919E+02
4.840000E+00 1.175920E+02
4.850000E+00 1.169817E+02
4.860000E+00 1.172848E+02
4.870000E+00 1.229674E+02
4.880000E+00 1.095171E+02
4.890000E+00 1.077757E+02
4.900000E+00 1.051255E+02
4.910000E+00 1.068327E+02
4.920000E+00 8.482145E+01
4.930000E+00 1.072334E+02
4.940000E+00 1.120487E+02
4.950000E+00 1.019941E+02
4.960000E+00 1.127688E+02
4.970000E+00 1.161103E+02
4.980000E+00 1.071757E+02
4.990000E+00 1.049629E+02
5.000000E+00 9.035066E+01
5.010000E+00 9.319541E+01
5.020000E+00 1.046855E+02
5.030000E+00 1.010398E+02
5.040000E+00 1.042922E+02
5.050000E+00 1.053085E+02
5.060000E+00 1.229973E+02
5.070000E+00 1.153416E+02
5.080000E+00 1.127385E+02
5.090000E+00 1.138063E+02
5.100000E+00 1.118899E+02
5.110000E+00 1.189577E+02
5.120000E+00 8.279367E+01
5.130000E+00 1.200776E+02
5.140000E+00 9.221332E+01
5.150000E+00 1.125899E+02
5.160000E+00 1.309078E+02
5.170000E+00 1.097896E+02
5.180000E+00 1.085370E+02
5.190000E+00 1.115472E+02
5.200000E+00 9.644939E+01
5.210000E+00 1.295337E+02
5.220000E+00 1.154675E+02
5.230000E+00 1.127781E+02
5.240000E+00 1.204937E+02
5.250000E+00 1.206735E+02
5.260000E+00 1.198647E+02
5.270000E+00 1.349430E+02
5.280000E+00 1.399217E+02
5.290000E+00 1.176739E+02
5.300000E+00 1.471669E+02
5.310000E+00 1.399747E+02
5.320000E+00 1.317848E+02
5.330000E+00 1.557284E+02
5.340000E+00 1.420869E+02
5.350000E+00 1.602560E+02
5.360000E+00 1.451015E+02
5.370000E+00 1.877027E+02
5.380000E+00 1.676898E+02
5.390000E+00 1.919304E+02
5.400000E+00 1.735416E+02
5.410000E+00 1.460376E+02
5.420000E+00 1.669941E+02
5.430000E+00 1.972636E+02
5.440000E+00 1.889490E+02
5.450000E+00 1.635513E+02
5.460000E+00 1.804645E+02
5.470000E+00 1.729511E+02
5.480000E+00 1.982539E+02
5.490000E+00 1.908492E+02
5.500000E+00 1.617478E+02
5.510000E+00 1.887845E+02
5.520000E+00 1.927496E+02
5.530000E+00 1.601949E+02
5.540000E+00 1.879199E+02
5.550000E+00 1.911962E+02
5.560000E+00 1.759539E+02
5.570000E+00 1.859908E+02
5.580000E+00 2.177804E+02
5.590000E+00 1.767661E+02
5.600000E+00 1.971550E+02
5.610000E+00 2.110810E+02
5.620000E+00 2.063575E+02
5.630000E+00 1.888164E+02
5.640000E+00 2.253932E+02
5.650000E+00 2.386224E+02
5.660000E+00 1.910592E+02
5.670000E+00 2.153039E+02
5.680000E+00 2.292436E+02
5.690000E+00 2.362297E+02
5.700000E+00 2.075845E+02
5.710000E+00 2.192319E+02
5.720000E+00 1.770936E+02
5.730000E+00 1.971913E+02
5.740000E+00 1.661638E+02
5.750000E+00 1.981208E+02
5.760000E+00 2.178415E+02
5.770000E+00 1.608139E+02
5.780000E+00 1.610477E+02
5.790000E+00 1.484109E+02
5.800000E+00 1.501878E+02
5.810000E+00 1.741410E+02
5.820000E+00 1.919404E+02
5.830000E+00 1.715565E+02
5.840000E+00 1.563641E+02
5.850000E+00 1.732065E+02
5.860000E+00 1.894373E+02
5.870000E+00 1.756709E+02
5.880000E+00 1.872815E+02
5.890000E+00 1.653172E+02
5.900000E+00 1.427182E+02
5.910000E+00 1.577952E+02
5.920000E+00 1.677034E+02
5.930000E+00 1.719562E+02
5.940000E+00 1.415716E+02
5.950000E+00 1.578006E+02
5.960000E+00 1.525465E+02
5.970000E+00 1.481858E+02
5.980000E+00 1.390961E+02
5.990000E+00 1.503940E+02
6.000000E+00 1.562527E+02
6.010000E+00 1.422525E+02
6.020000E+00 1.668333E+02
6.030000E+00 1.571358E+02
6.040000E+00 1.288227E+02
6.050000E+00 1.221760E+02
6.060000E+00 1.444516E+02
6.070000E+00 1.425251E+02
6.080000E+00 1.307182E+02
6.090000E+00 1.311504E+02
6.100000E+00 1.362139E+02
6.110000E+00 1.379231E+02
6.120000E+00 1.313250E+02
6.130000E+00 1.606777E+02
6.140000E+00 1.562959E+02
6.150000E+00 1.425068E+02
6.160000E+00 1.407313E+02
6.170000E+00 1.215295E+02
6.180000E+00 1.213467E+02
6.190000E+00 1.368099E+02
6.200000E+00 1.318625E+02
6.210000E+00 1.284880E+02
6.220000E+00 1.176604E+02
6.230000E+00 1.062803E+02
6.240000E+00 1.156584E+02
6.250000E+00 1.165633E+02
6.260000E+00 1.011452E+02
6.270000E+00 1.035137E+02
6.280000E+00 1.079048E+02
6.290000E+00 1.168069E+02
6.300000E+00 1.137373E+02
6.310000E+00 1.149402E+02
6.320000E+00 1.112699E+02
6.330000E+00 1.034523E+02
6.340000E+00 1.030113E+02
6.350000E+00 9.266826E+01
6.360000E+00 9.304875E+01
6.370000E+00 9.592456E+01
6.380000E+00 1.009202E+02
6.390000E+00 1.017885E+02
6.400000E+00 1.050008E+02
6.410000E+00 1.118701E+02
6.420000E+00 9.376102E+01
6.430000E+00 1.018635E+02
6.440000E+00 9.370069E+01
6.450000E+00 1.041717E+02
6.460000E+00 1.241771E+02
6.470000E+00 1.116925E+02
6.480000E+00 1.193709E+02
6.490000E+00 1.220054E+02
6.500000E+00 1.107479E+02
6.510000E+00 1.150534E+02
6.520000E+00 1.222894E+02
6.530000E+00 1.298411E+02
6.540000E+00 1.200081E+02
6.550000E+00 1.172725E+02
6.560000E+00 1.285405E+02
6.570000E+00 1.343193E+02
6.580000E+00 1.362923E+02
6.590000E+00 1.470095E+02
6.600000E+00 1.785234E+02
6.610000E+00 1.425856E+02
6.620000E+00 1.507359E+02
6.630000E+00 1.514788E+02
6.640000E+00 1.560679E+02
6.650000E+00 1.511197E+02
6.660000E+00 1.641433E+02
6.670000E+00 1.653478E+02
6.680000E+00 1.706949E+02
6.690000E+00 1.556327E+02
6.700000E+00 1.442374E+02
6.710000E+00 1.632134E+02
6.720000E+00 1.539041E+02
6.730000E+00 1.601932E+02
6.740000E+00 1.454754E+02
6.750000E+00 1.439331E+02
6.760000E+00 1.437288E+02
6.770000E+00 1.535478E+02
6.780000E+00 1.567862E+02
6.790000E+00 1.589566E+02
6.800000E+00 1.611654E+02
6.810000E+00 1.510706E+02
6.820000E+00 1.439169E+02
6.830000E+00 1.484444E+02
6.840000E+00 1.490803E+02
6.850000E+00 1.418906E+02
6.860000E+00 1.531578E+02
6.870000E+00 1.797300E+02
6.880000E+00 1.620256E+02
6.890000E+00 1.457348E+02
6.900000E+00 1.535916E+02
6.910000E+00 1.569574E+02
6.920000E+00 1.560705E+02
6.930000E+00 1.325812E+02
6.940000E+00 1.540860E+02
6.950000E+00 1.850353E+02
6.960000E+00 1.693694E+02
6.970000E+00 1.701778E+02
6.980000E+00 1.871937E+02
6.990000E+00 2.012818E+02
7.000000E+00 1.683692E+02
7.010000E+00 1.889121E+02
7.020000E+00 1.832068E+02
7.030000E+00 1.881920E+02
7.040000E+00 1.600391E+02
7.050000E+00 1.439494E+02
7.060000E+00 1.810336E+02
7.070000E+00 2.050692E+02
7.080000E+00 1.896067E+02
7.090000E+00 1.791151E+02
7.100000E+00 2.006986E+02
7.110000E+00 2.265160E+02
7.120000E+00 1.929355E+02
7.130000E+00 2.214648E+02
7.140000E+00 1.963704E+02
7.150000E+00 2.346406E+02
7.160000E+00 2.145568E+02
7.170000E+00 1.869516E+02
7.180000E+00 1.752897E+02
7.190000E+00 1.939931E+02
7.200000E+00 1.729646E+02
7.210000E+00 1.943668E+02
7.220000E+00 2.041200E+02
7.230000E+00 1.959257E+02
7.240000E+00 1.760726E+02
7.250000E+00 1.979243E+02
7.260000E+00 1.898692E+02
7.270000E+00 1.768566E+02
7.280000E+00 1.656588E+02
7.290000E+00 1.516343E+02
7.300000E+00 1.583172E+02
7.310000E+00 1.890382E+02
7.320000E+00 1.833762E+02
7.330000E+00 1.754456E+02
7.340000E+00 1.828420E+02
7.350000E+00 1.770570E+02
7.360000E+00 1.350030E+02
7.370000E+00 1.799986E+02
7.380000E+00 1.715381E+02
7.390000E+00 1.837823E+02
7.400000E+00 1.688998E+02
7.410000E+00 1.807921E+02
7.420000E+00 1.757599E+02
7.430000E+00 1.747688E+02
7.440000E+00 1.606209E+02
7.450000E+00 1.280963E+02
7.460000E+00 1.371451E+02
7.470000E+00 1.513641E+02
7.480000E+00 1.373826E+02
7.490000E+00 1.460133E+02
7.500000E+00 1.338852E+02
7.510000E+00 1.210719E+02
7.520000E+00 1.550389E+02
7.530000E+00 1.359868E+02
7.540000E+00 1.244738E+02
7.550000E+00 1.292714E+02
7.560000E+00 1.454059E+02
7.570000E+00 1.451386E+02
7.580000E+00 1.189427E+02
7.590000E+00 1.245037E+02
7.600000E+00 1.278748E+02
7.610000E+00 1.164777E+02
7.620000E+00 1.108246E+02
7.630000E+00 1.085416E+02
7.640000E+00 1.235216E+02
7.650000E+00 1.188782E+02
7.660000E+00 1.145598E+02
7.670000E+00 1.250634E+02
7.680000E+00 9.264742E+01
7.690000E+00 1.236905E+02
7.700000E+00 1.397896E+02
7.710000E+00 1.083418E+02
7.720000E+00 1.218230E+02
7.730000E+00 1.046396E+02
7.740000E+00 1.209154E+02
7.750000E+00 1.094721E+02
7.760000E+00 8.250384E+01
7.770000E+00 1.206286E+02
7.780000E+00 1.054221E+02
7.790000E+00 9.353504E+01
7.800000E+00 1.122965E+02
7.810000E+00 1.235673E+02
7.820000E+00 1.290690E+02
7.830000E+00 1.132526E+02
7.840000E+00 1.143790E+02
7.850000E+00 1.093919E+02
7.860000E+00 1.121641E+02
7.870000E+00 1.385790E+02
7.880000E+00 1.198711E+02
7.890000E+00 1.186747E+02
7.900000E+00 1.259303E+02
7.910000E+00 1.332777E+02
7.920000E+00 1.151567E+02
7.930000E+00 1.165193E+02
7.940000E+00 1.329662E+02
7.950000E+00 1.154936E+02
7.960000E+00 1.423064E+02
7.970000E+00 1.328763E+02
7.980000E+00 1.361125E+02
7.990000E+00 1.147078E+02
8.000000E+00 1.281288E+02
8.010000E+00 1.093373E+02
8.020000E+00 1.087116E+02
8.030000E+00 1.350968E+02
8.040000E+00 1.308189E+02
8.050000E+00 1.497050E+02
8.060000E+00 1.339737E+02
8.070000E+00 1.210018E+02
8.080000E+00 1.568814E+02
8.090000E+00 1.271681E+02
8.100000E+00 1.348522E+02
8.110000E+00 1.326779E+02
8.120000E+00 1.510516E+02
8.130000E+00 1.520389E+02
8.140000E+00 1.476848E+02
8.150000E+00 1.425913E+02
8.160000E+00 1.543836E+02
8.170000E+00 1.577759E+02
8.180000E+00 1.390039E+02
8.190000E+00 1.493090E+02
8.200000E+00 1.577623E+02
8.210000E+00 1.475647E+02
8.220000E+00 1.756234E+02
8.230000E+00 1.741449E+02
8.240000E+00 1.378213E+02
8.250000E+00 1.643498E+02
8.260000E+00 1.718492E+02
8.270000E+00 1.573374E+02
8.280000E+00 1.391607E+02
8.290000E+00 1.651120E+02
8.300000E+00 1.665294E+02
8.310000E+00 1.698028E+02
8.320000E+00 1.727989E+02
8.330000E+00 1.421335E+02
8.340000E+00 1.724616E+02
8.350000E+00 1.794646E+02
8.360000E+00 1.700587E+02
8.370000E+00 1.664674E+02
8.380000E+00 1.595701E+02
8.390000E+00 1.539930E+02
8.400000E+00 1.803625E+02
8.410000E+00 1.577088E+02
8.420000E+00 1.647439E+02
8.430000E+00 1.640136E+02
8.440000E+00 1.971843E+02
8.450000E+00 1.864749E+02
8.460000E+00 1.629805E+02
8.470000E+00 1.828624E+02
8.480000E+00 1.841000E+02
8.490000E+00 1.842678E+02
8.500000E+00 1.983367E+02
8.510000E+00 1.989151E+02
8.520000E+00 1.680245E+02
8.530000E+00 1.524055E+02
8.540000E+00 1.675717E+02
8.550000E+00 1.825904E+02
8.560000E+00 1.636850E+02
8.570000E+00 1.736424E+02
8.580000E+00 1.759898E+02
8.590000E+00 1.868608E+02
8.600000E+00 1.819443E+02
8.610000E+00 1.940899E+02
8.620000E+00 1.924804E+02
8.630000E+00 1.770009E+02
8.640000E+00 1.988780E+02
8.650000E+00 1.893314E+02
8.660000E+00 1.880949E+02
8.670000E+00 1.785252E+02
8.680000E+00 1.858728E+02
8.690000E+00 1.535526E+02
8.700000E+00 1.606403E+02
8.710000E+00 1.810140E+02
8.720000E+00 1.684317E+02
8.730000E+00 1.274029E+02
8.740000E+00 1.331450E+02
8.750000E+00 1.656641E+02
8.760000E+00 1.702591E+02
8.770000E+00 1.536324E+02
8.780000E+00 1.855138E+02
8.790000E+00 1.563955E+02
8.800000E+00 1.819488E+02
8.810000E+00 1.615456E+02
8.820000E+00 1.574493E+02
8.830000E+00 1.409425E+02
8.840000E+00 1.267655E+02
8.850000E+00 1.374141E+02
8.860000E+00 1.536268E+02
8.870000E+00 1.701594E+02
8.880000E+00 1.602833E+02
8.890000E+00 1.525150E+02
8.900000E+00 1.751898E+02
8.910000E+00 1.567097E+02
8.920000E+00 1.353987E+02
8.930000E+00 1.178145E+02
8.940000E+00 1.621569E+02
8.950000E+00 1.444218E+02
8.960000E+00 1.494361E+02
8.970000E+00 1.595202E+02
8.980000E+00 1.483567E+02
8.990000E+00 1.287071E+02
9.000000E+00 1.541436E+02
9.010000E+00 1.514023E+02
9.020000E+00 1.507244E+02
9.030000E+00 1.478200E+02
9.040000E+00 1.487449E+02
9.050000E+00 1.434156E+02
9.060000E+00 1.327198E+02
9.070000E+00 1.312337E+02
9.080000E+00 1.490000E+02
9.090000E+00 1.246711E+02
9.100000E+00 1.335970E+02
9.110000E+00 1.254970E+02
9.120000E+00 1.244900E+02
9.130000E+00 1.166185E+02
9.140000E+00 1.156188E+02
9.150000E+00 1.245046E+02
9.160000E+00 1.365774E+02
9.170000E+00 1.325996E+02
9.180000E+00 1.371489E+02
9.190000E+00 1.502505E+02
9.200000E+00 1.318711E+02
9.210000E+00 1.277067E+02
9.220000E+00 1.408102E+02
9.230000E+00 1.515987E+02
9.240000E+00 1.142460E+02
9.250000E+00 1.108026E+02
9.260000E+00 1.395594E+02
9.270000E+00 1.346639E+02
9.280000E+00 1.133138E+02
9.290000E+00 1.000191E+02
9.300000E+00 1.050084E+02
9.310000E+00 1.129754E+02
9.320000E+00 1.155038E+02
9.330000E+00 1.238851E+02
9.340000E+00 1.123786E+02
9.350000E+00 1.272836E+02
9.360000E+00 1.181965E+02
9.370000E+00 1.224649E+02
9.380000E+00 1.292277E+02
9.390000E+00 1.456383E+02
9.400000E+00 1.327965E+02
9.410000E+00 1.504692E+02
9.420000E+00 1.301820E+02
9.430000E+00 1.385049E+02
9.440000E+00 1.372728E+02
9.450000E+00 1.524317E+02
9.460000E+00 1.499063E+02
9.470000E+00 1.389044E+02
9.480000E+00 1.322560E+02
9.490000E+00 1.339892E+02
9.500000E+00 1.567471E+02
9.510000E+00 1.447505E+02
9.520000E+00 1.557958E+02
9.530000E+00 1.570084E+02
9.540000E+00 1.272486E+02
9.550000E+00 1.392703E+02
9.560000E+00 1.289688E+02
9.570000E+00 1.351235E+02
9.580000E+00 1.521627E+02
9.590000E+00 1.261184E+02
9.600000E+00 1.494628E+02
9.610000E+00 1.619846E+02
9.620000E+00 1.294251E+02
9.630000E+00 1.368376E+02
9.640000E+00 1.464708E+02
9.650000E+00 1.339128E+02
9.660000E+00 1.246243E+02
9.670000E+00 1.338608E+02
9.680000E+00 1.383541E+02
9.690000E+00 1.184230E+02
9.700000E+00 1.545922E+02
9.710000E+00 1.338202E+02
9.720000E+00 1.435435E+02
9.730000E+00 1.564548E+02
9.740000E+00 1.699937E+02
9.750000E+00 1.407681E+02
9.760000E+00 1.721233E+02
9.770000E+00 1.776213E+02
9.780000E+00 1.747912E+02
9.790000E+00 1.469660E+02
9.800000E+00 1.478150E+02
9.810000E+00 1.435264E+02
9.820000E+00 1.701706E+02
9.830000E+00 1.652301E+02
9.840000E+00 1.771747E+02
9.850000E+00 1.940342E+02
9.860000E+00 1.613466E+02
9.870000E+00 1.545441E+02
9.880000E+00 1.887684E+02
9.890000E+00 1.656757E+02
9.900000E+00 1.765567E+02
9.910000E+00 1.901488E+02
9.920000E+00 1.861670E+02
9.930000E+00 1.597062E+02
9.940000E+00 1.528352E+02
9.950000E+00 1.459110E+02
9.960000E+00 1.525438E+02
9.970000E+00 1.658765E+02
9.980000E+00 1.482356E+02
9.990000E+00 1.477120E+02
1.000000E+01 1.499717E+02
1.001000E+01 2.002221E+02
1.002000E+01 1.833076E+02
1.003000E+01 1.474641E+02
1.004000E+01 1.688948E+02
1.005000E+01 1.826716E+02
1.006000E+01 1.752319E+02
1.007000E+01 1.230476E+02
1.008000E+01 1.459462E+02
1.009000E+01 1.759762E+02
1.010000E+01 2.003847E+02
1.011000E+01 1.702973E+02
1.012000E+01 1.714817E+02
1.013000E+01 1.811944E+02
1.014000E+01 2.129571E+02
1.015000E+01 2.060512E+02
1.016000E+01 1.929462E+02
1.017000E+01 1.793978E+02
1.018000E+01 2.022545E+02
1.019000E+01 1.984086E+02
1.020000E+01 1.827415E+02
1.021000E+01 1.852556E+02
1.022000E+01 1.676092E+02
1.023000E+01 1.756386E+02
1.024000E+01 2.053163E+02
1.025000E+01 2.025131E+02
1.026000E+01 2.219712E+02
1.027000E+01 1.836929E+02
1.028000E+01 1.847644E+02
1.029000E+01 1.924750E+02
1.030000E+01 1.554921E+02
1.031000E+01 1.657437E+02
1.032000E+01 1.713490E+02
1.033000E+01 1.685162E+02
1.034000E+01 1.597176E+02
1.035000E+01 1.627891E+02
1.036000E+01 1.567648E+02
1.037000E+01 1.524258E+02
1.038000E+01 1.388114E+02
1.039000E+01 1.612449E+02
1.040000E+01 1.445700E+02
1.041000E+01 1.620720E+02
1.042000E+01 1.271019E+02
1.043000E+01 1.261329E+02
1.044000E+01 1.183631E+02
1.045000E+01 1.213839E+02
1.046000E+01 1.479615E+02
1.047000E+01 1.432853E+02
1.048000E+01 1.554824E+02
1.049000E+01 1.425600E+02
1.050000E+01 1.359928E+02
1.051000E+01 1.260397E+02
1.052000E+01 1.246267E+02
1.053000E+01 1.445758E+02
1.054000E+01 1.336064E+02
1.055000E+01 1.358097E+02
1.056000E+01 1.213398E+02
1.057000E+01 1.388256E+02
1.058000E+01 1.367721E+02
1.059000E+01 1.313070E+02
1.060000E+01 1.269030E+02
1.061000E+01 1.153160E+02
1.062000E+01 1.220005E+02
1.063000E+01 1.135027E+02
1.064000E+01 9.806972E+01
1.065000E+01 1.172993E+02
1.066000E+01 1.048268E+02
1.067000E+01 1.251726E+02
1.068000E+01 1.082072E+02
1.069000E+01 1.202083E+02
1.070000E+01 1.308285E+02
1.071000E+01 1.089639E+02
1.072000E+01 1.091776E+02
1.073000E+01 1.153465E+02
1.074000E+01 1.271878E+02
1.075000E+01 1.146316E+02
1.076000E+01 9.683731E+01
1.077000E+01 1.196643E+02
1.078000E+01 1.063449E+02
1.079000E+01 1.270596E+02
1.080000E+01 1.146990E+02
1.081000E+01 1.335827E+02
1.082000E+01 1.193370E+02
1.083000E+01 1.192725E+02
1.084000E+01 1.097390E+02
1.085000E+01 1.057978E+02
1.086000E+01 1.164916E+02
1.087000E+01 1.091407E+02
1.088000E+01 1.188042E+02
1.089000E+01 1.145951E+02
1.090000E+01 1.066421E+02
1.091000E+01 1.138162E+02
1.092000E+01 1.123239E+02
1.093000E+01 1.222099E+02
1.094000E+01 1.228411E+02
1.095000E+01 1.158955E+02
1.096000E+01 1.234819E+02
1.097000E+01 1.159953E+02
1.098000E+01 1.036293E+02
1.099000E+01 1.223882E+02
1.100000E+01 1.254228E+02
1.101000E+01 1.373630E+02
1.102000E+01 1.549659E+02
1.103000E+01 1.329942E+02
1.104000E+01 1.289038E+02
1.105000E+01 1.561659E+02
1.106000E+01 1.444556E+02
1.107000E+01 1.218068E+02
1.108000E+01 1.576618E+02
1.109000E+01 1.331988E+02
1.110000E+01 1.348749E+02
1.111000E+01 1.513526E+02
1.112000E+01 1.501260E+02
1.113000E+01 1.526596E+02
1.114000E+01 1.688554E+02
1.115000E+01 1.656474E+02
1.116000E+01 1.616221E+02
1.117000E+01 1.577868E+02
1.118000E+01 1.541552E+02
1.119000E+01 1.846265E+02
1.120000E+01 1.554832E+02
1.121000E+01 1.903178E+02
1.122000E+01 1.315663E+02
1.123000E+01 1.779237E+02
1.124000E+01 1.864995E+02
1.125000E+01 1.907653E+02
1.126000E+01 1.913334E+02
1.127000E+01 2.172823E+02
1.128000E+01 2.086406E+02
1.129000E+01 1.597052E+02
1.130000E+01 1.700190E+02
1.131000E+01 1.871372E+02
1.132000E+01 2.065775E+02
1.133000E+01 1.855867E+02
1.134000E+01 2.064178E+02
1.135000E+01 2.168433E+02
1.136000E+01 1.963132E+02
1.137000E+01 1.842805E+02
1.138000E+01 1.880635E+02
1.139000E+01 1.794613E+02
1.140000E+01 1.782059E+02
1.141000E+01 1.818167E+02
1.142000E+01 1.831257E+02
1.143000E+01 1.827323E+02
1.144000E+01 1.926400E+02
1.145000E+01 1.970863E+02
1.146000E+01 1.728524E+02
1.147000E+01 1.701782E+02
1.148000E+01 1.981292E+02
1.149000E+01 1.862586E+02
1.150000E+01 1.966590E+02
1.151000E+01 2.159205E+02
1.152000E+01 1.775672E+02
1.153000E+01 1.951196E+02
1.154000E+01 1.799637E+02
1.155000E+01 1.837749E+02
1.156000E+01 1.816956E+02
1.157000E+01 1.732790E+02
1.158000E+01 2.005192E+02
1.159000E+01 1.573790E+02
1.160000E+01 1.428791E+02
1.161000E+01 1.849699E+02
1.162000E+01 1.788809E+02
1.163000E+01 1.579599E+02
1.164000E+01 1.769581E+02
1.165000E+01 1.726615E+02
1.166000E+01 1.696473E+02
1.167000E+01 1.528672E+02
1.168000E+01 1.557931E+02
1.169000E+01 1.476336E+02
1.170000E+01 1.379232E+02
1.171000E+01 1.494679E+02
1.172000E+01 1.369803E+02
1.173000E+01 1.445741E+02
1.174000E+01 1.534497E+02
1.175000E+01 1.420630E+02
1.176000E+01 1.369818E+02
1.177000E+01 1.398536E+02
1.178000E+01 1.481925E+02
1.179000E+01 1.363708E+02
1.180000E+01 1.360666E+02
1.181000E+01 1.131604E+02
1.182000E+01 1.491844E+02
1.183000E+01 1.456349E+02
1.184000E+01 1.297694E+02
1.185000E+01 1.464634E+02
1.186000E+01 1.391449E+02
1.187000E+01 1.401078E+02
1.188000E+01 1.418941E+02
1.189000E+01 1.301178E+02
1.190000E+01 1.459393E+02
1.191000E+01 1.232559E+02
1.192000E+01 1.322879E+02
1.193000E+01 1.368190E+02
1.194000E+01 1.360618E+02
1.195000E+01 1.515813E+02
1.196000E+01 1.542703E+02
1.197000E+01 1.441685E+02
1.198000E+01 1.490032E+02
1.199000E+01 1.444326E+02
1.200000E+01 1.306440E+02
1.201000E+01 1.244024E+02
1.202000E+01 1.337070E+02
1.203000E+01 1.227177E+02
1.204000E+01 1.226636E+02
1.205000E+01 1.263550E+02
1.206000E+01 1.182499E+02
1.207000E+01 1.055931E+02
1.208000E+01 1.031009E+02
1.209000E+01 9.664227E+01
1.210000E+01 1.049815E+02
1.211000E+01 1.051946E+02
1.212000E+01 1.119715E+02
1.213000E+01 1.172584E+02
1.214000E+01 1.115484E+02
1.215000E+01 1.262466E+02
1.216000E+01 1.375634E+02
1.217000E+01 1.050964E+02
1.218000E+01 1.265196E+02
1.219000E+01 1.047040E+02
1.220000E+01 1.156537E+02
1.221000E+01 1.187772E+02
1.222000E+01 1.245140E+02
1.223000E+01 1.274356E+02
1.224000E+01 1.422529E+02
1.225000E+01 1.434870E+02
1.226000E+01 1.291939E+02
1.227000E+01 9.866959E+01
1.228000E+01 9.755949E+01
1.229000E+01 1.056714E+02
1.230000E+01 1.189945E+02
1.231000E+01 1.219933E+02
1.232000E+01 1.399415E+02
1.233000E+01 1.189622E+02
1.234000E+01 1.105585E+02
1.235000E+01 1.175718E+02
1.236000E+01 1.403479E+02
1.237000E+01 1.393631E+02
1.238000E+01 1.549268E+02
1.239000E+01 1.377082E+02
1.240000E+01 1.525935E+02
1.241000E+01 1.726170E+02
1.242000E+01 1.440888E+02
1.243000E+01 1.473214E+02
1.244000E+01 1.327798E+02
1.245000E+01 1.574139E+02
1.246000E+01 1.629560E+02
1.247000E+01 1.575066E+02
1.248000E+01 1.706499E+02
1.249000E+01 1.687109E+02
1.250000E+01 1.455471E+02
1.251000E+01 1.425293E+02
1.252000E+01 1.482392E+02
1.253000E+01 1.529812E+02
1.254000E+01 1.440602E+02
1.255000E+01 1.813614E+02
1.256000E+01 1.486906E+02
1.257000E+01 1.444062E+02
1.258000E+01 1.492312E+02
1.259000E+01 1.672983E+02
1.260000E+01 1.690574E+02
1.261000E+01 1.763155E+02
1.262000E+01 1.426700E+02
1.263000E+01 1.625453E+02
1.264000E+01 1.475057E+02
1.265000E+01 1.536979E+02
1.266000E+01 1.529593E+02
1.267000E+01 1.636566E+02
1.268000E+01 1.504074E+02
1.269000E+01 1.840307E+02
1.270000E+01 1.892473E+02
1.271000E+01 2.041987E+02
1.272000E+01 1.828421E+02
1.273000E+01 1.811933E+02
1.274000E+01 1.635613E+02
1.275000E+01 1.524929E+02
1.276000E+01 1.626630E+02
1.277000E+01 1.718152E+02
1.278000E+01 1.674709E+02
1.279000E+01 1.526000E+02
1.280000E+01 1.925983E+02
1.281000E+01 1.935890E+02
1.282000E+01 1.818687E+02
1.283000E+01 2.078463E+02
1.284000E+01 2.180685E+02
1.285000E+01 1.965029E+02
1.286000E+01 2.048677E+02
1.287000E+01 2.101240E+02
1.288000E+01 2.130808E+02
1.289000E+01 1.843417E+02
1.290000E+01 1.620412E+02
1.291000E+01 1.919672E+02
1.292000E+01 2.019274E+02
1.293000E+01 1.761758E+02
1.294000E+01 1.966585E+02
1.295000E+01 1.754506E+02
1.296000E+01 1.941372E+02
1.297000E+01 2.123330E+02
1.298000E+01 1.876322E+02
1.299000E+01 1.649617E+02
1.300000E+01 1.559068E+02
1.301000E+01 1.607061E+02
1.302000E+01 1.673389E+02
1.303000E+01 1.502952E+02
1.304000E+01 1.627464E+02
1.305000E+01 1.666535E+02
1.306000E+01 1.595109E+02
1.307000E+01 1.462144E+02
1.308000E+01 1.431220E+02
1.309000E+01 1.526999E+02
1.310000E+01 1.865155E+02
1.311000E+01 1.667902E+02
1.312000E+01 1.716612E+02
1.313000E+01 1.695191E+02
1.314000E+01 1.744124E+02
1.315000E+01 1.461648E+02
1.316000E+01 1.255612E+02
1.317000E+01 1.540150E+02
1.318000E+01 1.749444E+02
1.319000E+01 1.572061E+02
1.320000E+01 1.385567E+02
1.321000E+01 1.437652E+02
1.322000E+01 1.681406E+02
1.323000E+01 1.565784E+02
1.324000E+01 1.238319E+02
1.325000E+01 1.348508E+02
1.326000E+01 1.456784E+02
1.327000E+01 1.569798E+02
1.328000E+01 1.559919E+02
1.329000E+01 1.507368E+02
1.330000E+01 1.477658E+02
1.331000E+01 1.425016E+02
1.332000E+01 1.277133E+02
1.333000E+01 1.564799E+02
1.334000E+01 1.361172E+02
1.335000E+01 1.370986E+02
1.336000E+01 1.177482E+02
1.337000E+01 1.317753E+02
1.338000E+01 1.189627E+02
1.339000E+01 1.241587E+02
1.340000E+01 1.229810E+02
1.341000E+01 1.172085E+02
1.342000E+01 1.285504E+02
1.343000E+01 1.094259E+02
1.344000E+01 1.053597E+02
1.345000E+01 1.232310E+02
1.346000E+01 1.258735E+02
1.347000E+01 9.310026E+01
1.348000E+01 1.130994E+02
1.349000E+01 1.205464E+02
1.350000E+01 1.252424E+02
1.351000E+01 1.151188E+02
1.352000E+01 1.216247E+02
1.353000E+01 1.104491E+02
1.354000E+01 9.755594E+01
1.355000E+01 1.136134E+02
1.356000E+01 1.286830E+02
1.357000E+01 1.312638E+02
1.358000E+01 1.167344E+02
1.359000E+01 9.301226E+01
1.360000E+01 1.074685E+02
1.361000E+01 1.277270E+02
1.362000E+01 1.133245E+02
1.363000E+01 1.030493E+02
1.364000E+01 1.335821E+02
1.365000E+01 1.312652E+02
1.366000E+01 1.143749E+02
1.367000E+01 1.267244E+02
1.368000E+01 1.040413E+02
1.369000E+01 1.292295E+02
1.370000E+01 1.326359E+02
1.371000E+01 1.308794E+02
1.372000E+01 1.240418E+02
1.373000E+01 1.135468E+02
1.374000E+01 1.374152E+02
1.375000E+01 1.168403E+02
1.376000E+01 1.266296E+02
1.377000E+01 1.381256E+02
1.378000E+01 1.117135E+02
1.379000E+01 1.199660E+02
1.380000E+01 1.050247E+02
1.381000E+01 1.203390E+02
1.382000E+01 1.444483E+02
1.383000E+01 1.166803E+02
1.384000E+01 1.092560E+02
1.385000E+01 1.555572E+02
1.386000E+01 1.313214E+02
1.387000E+01 1.315877E+02
1.388000E+01 1.077885E+02
1.389000E+01 1.241177E+02
1.390000E+01 1.604673E+02
1.391000E+01 1.512694E+02
1.392000E+01 1.532667E+02
1.393000E+01 1.495954E+02
1.394000E+01 1.472777E+02
1.395000E+01 1.784135E+02
1.396000E+01 1.579294E+02
1.397000E+01 1.457397E+02
1.398000E+01 1.604516E+02
1.399000E+01 1.839893E+02
1.400000E+01 1.647303E+02
1.401000E+01 1.796748E+02
1.402000E+01 1.725969E+02
1.403000E+01 1.654972E+02
1.404000E+01 1.925279E+02
1.405000E+01 1.871009E+02
1.406000E+01 1.673545E+02
1.407000E+01 1.873702E+02
1.408000E+01 1.809526E+02
1.409000E+01 1.825768E+02
1.410000E+01 1.922856E+02
1.411000E+01 1.628942E+02
1.412000E+01 1.660101E+02
1.413000E+01 1.746737E+02
1.414000E+01 1.791917E+02
1.415000E+01 1.723848E+02
1.416000E+01 2.055743E+02
1.417000E+01 1.725591E+02
1.418000E+01 1.848536E+02
1.419000E+01 2.116758E+02
1.420000E+01 1.693716E+02
1.421000E+01 1.812781E+02
1.422000E+01 1.861619E+02
1.423000E+01 1.863471E+02
1.424000E+01 2.128215E+02
1.425000E+01 1.723253E+02
1.426000E+01 1.610937E+02
1.427000E+01 1.568122E+02
1.428000E+01 1.687343E+02
1.429000E+01 1.910444E+02
1.430000E+01 1.475798E+02
1.431000E+01 1.387846E+02
1.432000E+01 1.669937E+02
1.433000E+01 1.604196E+02
1.434000E+01 1.483108E+02
1.435000E+01 1.663005E+02
1.436000E+01 1.679932E+02
1.437000E+01 1.759220E+02
1.438000E+01 1.859179E+02
1.439000E+01 1.819639E+02
1.440000E+01 1.985314E+02
1.441000E+01 1.647770E+02
1.442000E+01 1.630962E+02
1.443000E+01 1.758029E+02
1.444000E+01 2.082556E+02
1.445000E+01 1.976282E+02
1.446000E+01 1.799526E+02
1.447000E+01 1.823845E+02
1.448000E+01 1.942859E+02
1.449000E+01 1.809054E+02
1.450000E+01 1.787066E+02
1.451000E+01 1.826363E+02
1.452000E+01 1.785755E+02
1.453000E+01 2.063167E+02
1.454000E+01 1.741531E+02
1.455000E+01 1.799135E+02
1.456000E+01 1.730102E+02
1.457000E+01 1.419479E+02
1.458000E+01 1.408291E+02
1.459000E+01 1.181937E+02
1.460000E+01 1.323511E+02
1.461000E+01 1.605288E+02
1.462000E+01 1.289159E+02
1.463000E+01 1.641782E+02
1.464000E+01 1.411039E+02
1.465000E+01 1.385869E+02
1.466000E+01 1.353181E+02
1.467000E+01 1.330781E+02
1.468000E+01 1.391717E+02
1.469000E+01 1.413662E+02
1.470000E+01 1.325726E+02
1.471000E+01 1.776767E+02
1.472000E+01 1.481302E+02
1.473000E+01 1.484387E+02
1.474000E+01 1.461920E+02
1.475000E+01 1.365682E+02
1.476000E+01 1.234407E+02
1.477000E+01 1.267703E+02
1.478000E+01 1.222437E+02
1.479000E+01 1.462479E+02
1.480000E+01 1.317353E+02
1.481000E+01 1.389500E+02
1.482000E+01 1.361218E+02
1.483000E+01 1.125220E+02
1.484000E+01 1.184409E+02
1.485000E+01 1.095546E+02
1.486000E+01 1.106128E+02
1.487000E+01 1.197238E+02
1.488000E+01 1.218576E+02
1.489000E+01 1.197230E+02
1.490000E+01 1.386221E+02
1.491000E+01 1.372201E+02
1.492000E+01 1.145247E+02
1.493000E+01 1.193811E+02
1.494000E+01 1.252079E+02
1.495000E+01 1.296592E+02
1.496000E+01 1.419949E+02
1.497000E+01 1.330504E+02
1.498000E+01 1.391172E+02
1.499000E+01 1.240830E+02
1.500000E+01 1.337508E+02
1.501000E+01 1.235939E+02
1.502000E+01 1.351118E+02
1.503000E+01 1.512934E+02
1.504000E+01 1.346261E+02
1.505000E+01 1.132484E+02
1.506000E+01 1.292595E+02
1.507000E+01 1.012414E+02
1.508000E+01 9.858841E+01
1.509000E+01 1.374716E+02
1.510000E+01 1.402744E+02
1.511000E+01 1.196118E+02
1.512000E+01 1.293919E+02
1.513000E+01 1.311232E+02
1.514000E+01 1.120551E+02
1.515000E+01 1.178539E+02
1.516000E+01 1.022252E+02
1.517000E+01 9.023151E+01
1.518000E+01 1.156143E+02
1.519000E+01 1.299069E+02
1.520000E+01 1.230359E+02
1.521000E+01 1.368668E+02
1.522000E+01 1.431352E+02
1.523000E+01 1.404573E+02
1.524000E+01 1.304399E+02
1.525000E+01 1.284008E+02
1.526000E+01 1.240964E+02
1.527000E+01 1.412703E+02
1.528000E+01 1.321383E+02
1.529000E+01 1.349834E+02
1.530000E+01 1.261359E+02
1.531000E+01 1.556431E+02
1.532000E+01 1.414820E+02
1.533000E+01 1.516993E+02
1.534000E+01 1.337900E+02
1.535000E+01 1.470685E+02
1.536000E+01 1.420782E+02
1.537000E+01 1.446574E+02
1.538000E+01 1.579850E+02
1.539000E+01 1.489626E+02
1.540000E+01 1.401731E+02
1.541000E+01 1.459610E+02
1.542000E+01 1.783046E+02
1.543000E+01 1.596515E+02
1.544000E+01 1.560833E+02
1.545000E+01 1.738390E+02
1.546000E+01 1.718888E+02
1.547000E+01 1.625004E+02
1.548000E+01 1.537162E+02
1.549000E+01 1.824452E+02
1.550000E+01 1.616886E+02
1.551000E+01 1.791876E+02
1.552000E+01 1.971731E+02
1.553000E+01 1.779771E+02
1.554000E+01 1.643038E+02
1.555000E+01 1.749617E+02
1.556000E+01 1.759267E+02
1.557000E+01 1.570638E+02
1.558000E+01 1.866054E+02
1.559000E+01 1.754641E+02
1.560000E+01 1.660236E+02
1.561000E+01 1.820079E+02
1.562000E+01 1.608246E+02
1.563000E+01 1.565351E+02
1.564000E+01 1.700906E+02
1.565000E+01 1.582112E+02
1.566000E+01 2.002369E+02
1.567000E+01 1.902899E+02
1.568000E+01 1.997130E+02
1.569000E+01 1.859539E+02
1.570000E+01 1.575585E+02
1.571000E+01 1.772010E+02
1.572000E+01 1.629490E+02
1.573000E+01 1.695476E+02
1.574000E+01 1.914718E+02
1.575000E+01 1.944373E+02
1.576000E+01 1.536576E+02
1.577000E+01 1.620026E+02
1.578000E+01 1.771811E+02
1.579000E+01 1.715126E+02
1.580000E+01 1.643544E+02
1.581000E+01 1.859545E+02
1.582000E+01 2.060689E+02
1.583000E+01 2.133812E+02
1.584000E+01 1.659831E+02
1.585000E+01 2.159590E+02
1.586000E+01 1.860992E+02
1.587000E+01 2.004022E+02
1.588000E+01 1.934247E+02
1.589000E+01 1.955372E+02
1.590000E+01 1.829463E+02
1.591000E+01 1.678012E+02
1.592000E+01 1.667815E+02
1.593000E+01 1.537098E+02
1.594000E+01 1.544408E+02
1.595000E+01 1.545546E+02
1.596000E+01 1.318997E+02
1.597000E+01 1.390059E+02
1.598000E+01 1.373770E+02
1.599000E+01 1.289719E+02
1.600000E+01 1.352477E+02
1.601000E+01 1.278585E+02
1.602000E+01 1.276954E+02
1.603000E+01 1.345635E+02
1.604000E+01 1.519443E+02
1.605000E+01 1.418307E+02
1.606000E+01 1.567957E+02
1.607000E+01 1.569015E+02
1.608000E+01 1.293818E+02
1.609000E+01 1.451520E+02
1.610000E+01 1.524496E+02
1.611000E+01 1.610069E+02
1.612000E+01 1.508863E+02
1.613000E+01 1.602153E+02
1.614000E+01 1.466365E+02
1.615000E+01 1.541584E+02
1.616000E+01 1.529995E+02
1.617000E+01 1.532100E+02
1.618000E+01 1.372230E+02
1.619000E+01 1.208063E+02
1.620000E+01 1.185082E+02
1.621000E+01 1.377457E+02
1.622000E+01 1.327313E+02
1.623000E+01 1.310377E+02
1.624000E+01 1.269961E+02
1.625000E+01 1.456880E+02
1.626000E+01 1.194750E+02
1.627000E+01 1.277507E+02
1.628000E+01 1.283542E+02
1.629000E+01 1.165105E+02
1.630000E+01 1.199510E+02
1.631000E+01 1.375354E+02
1.632000E+01 1.426630E+02
1.633000E+01 1.425118E+02
1.634000E+01 1.212580E+02
1.635000E+01 1.341443E+02
1.636000E+01 1.010606E+02
1.637000E+01 1.239117E+02
1.638000E+01 1.174698E+02
1.639000E+01 1.461287E+02
1.640000E+01 1.415092E+02
1.641000E+01 9.818125E+01
1.642000E+01 1.234087E+02
1.643000E+01 1.230383E+02
1.644000E+01 1.253090E+02
1.645000E+01 1.246379E+02
1.646000E+01 1.136854E+02
1.647000E+01 1.103679E+02
1.648000E+01 1.086947E+02
1.649000E+01 1.184394E+02
1.650000E+01 1.170225E+02
1.651000E+01 1.017206E+02
1.652000E+01 1.186182E+02
1.653000E+01 1.008416E+02
1.654000E+01 8.763180E+01
1.655000E+01 1.084643E+02
1.656000E+01 1.313747E+02
1.657000E+01 1.373511E+02
1.658000E+01 1.350834E+02
1.659000E+01 1.283207E+02
1.660000E+01 1.432424E+02
1.661000E+01 1.409456E+02
1.662000E+01 1.535370E+02
1.663000E+01 1.605759E+02
1.664000E+01 1.500598E+02
1.665000E+01 1.424442E+02
1.666000E+01 1.393770E+02
1.667000E+01 1.279386E+02
1.668000E+01 1.592576E+02
1.669000E+01 1.359078E+02
1.670000E+01 1.494219E+02
1.671000E+01 1.587351E+02
1.672000E+01 1.443687E+02
1.673000E+01 1.498568E+02
1.674000E+01 1.516700E+02
1.675000E+01 1.469940E+02
1.676000E+01 1.476020E+02
1.677000E+01 1.510473E+02
1.678000E+01 1.281567E+02
1.679000E+01 1.520753E+02
1.680000E+01 1.494568E+02
1.681000E+01 1.594249E+02
1.682000E+01 1.598581E+02
1.683000E+01 1.706547E+02
1.684000E+01 1.569110E+02
1.685000E+01 1.562532E+02
1.686000E+01 1.615166E+02
1.687000E+01 1.619945E+02
1.688000E+01 1.577953E+02
1.689000E+01 1.811749E+02
1.690000E+01 1.411915E+02
1.691000E+01 1.532372E+02
1.692000E+01 1.683517E+02
1.693000E+01 1.744884E+02
1.694000E+01 1.455158E+02
1.695000E+01 1.785865E+02
1.696000E+01 1.742432E+02
1.697000E+01 1.809234E+02
1.698000E+01 1.846538E+02
1.699000E+01 1.688628E+02
1.700000E+01 1.865009E+02
1.701000E+01 1.707908E+02
1.702000E+01 1.826826E+02
1.703000E+01 1.710019E+02
1.704000E+01 1.719560E+02
1.705000E+01 1.850370E+02
1.706000E+01 1.740134E+02
1.707000E+01 1.939321E+02
1.708000E+01 1.526422E+02
1.709000E+01 1.668253E+02
1.710000E+01 1.557221E+02
1.711000E+01 1.543238E+02
1.712000E+01 1.735718E+02
1.713000E+01 1.729215E+02
1.714000E+01 1.627514E+02
1.715000E+01 1.687873E+02
1.716000E+01 1.451852E+02
1.717000E+01 1.600279E+02
1.718000E+01 1.752252E+02
1.719000E+01 1.357945E+02
1.720000E+01 1.551623E+02
1.721000E+01 1.568942E+02
1.722000E+01 1.696590E+02
1.723000E+01 1.844337E+02
1.724000E+01 1.734412E+02
1.725000E+01 1.491011E+02
1.726000E+01 1.489896E+02
1.727000E+01 1.823412E+02
1.728000E+01 1.842684E+02
1.729000E+01 1.644919E+02
1.730000E+01 1.431561E+02
1.731000E+01 1.381519E+02
1.732000E+01 1.619869E+02
1.733000E+01 1.740445E+02
1.734000E+01 1.583484E+02
1.735000E+01 1.500810E+02
1.736000E+01 1.592260E+02
1.737000E+01 1.381787E+02
1.738000E+01 1.542069E+02
1.739000E+01 1.482688E+02
1.740000E+01 1.230408E+02
1.741000E+01 1.511723E+02
1.742000E+01 1.444690E+02
1.743000E+01 1.438554E+02
1.744000E+01 1.241939E+02
1.745000E+01 1.523529E+02
1.746000E+01 1.719737E+02
1.747000E+01 1.419027E+02
1.748000E+01 1.469365E+02
1.749000E+01 1.689589E+02
1.750000E+01 1.654879E+02
1.751000E+01 1.617238E+02
1.752000E+01 1.558848E+02
1.753000E+01 1.579355E+02
1.754000E+01 1.363841E+02
1.755000E+01 1.337298E+02
1.756000E+01 1.667844E+02
1.757000E+01 1.960895E+02
1.758000E+01 1.647989E+02
1.759000E+01 1.421696E+02
1.760000E+01 1.392391E+02
1.761000E+01 1.292706E+02
1.762000E+01 1.534078E+02
1.763000E+01 1.661851E+02
1.764000E+01 1.732541E+02
1.765000E+01 1.557618E+02
1.766000E+01 1.536861E+02
1.767000E+01 1.480197E+02
1.768000E+01 1.529941E+02
1.769000E+01 1.403457E+02
1.770000E+01 1.462387E+02
1.771000E+01 1.456972E+02
1.772000E+01 1.337425E+02
1.773000E+01 1.430802E+02
1.774000E+01 1.364183E+02
1.775000E+01 1.314930E+02
1.776000E+01 1.651724E+02
1.777000E+01 1.685966E+02
1.778000E+01 1.570328E+02
1.779000E+01 1.635925E+02
1.780000E+01 1.785605E+02
1.781000E+01 1.595803E+02
1.782000E+01 1.630186E+02
1.783000E+01 1.492220E+02
1.784000E+01 1.597572E+02
1.785000E+01 1.516556E+02
1.786000E+01 1.618583E+02
1.787000E+01 1.409240E+02
1.788000E+01 1.430366E+02
1.789000E+01 1.483764E+02
1.790000E+01 1.402259E+02
1.791000E+01 1.293849E+02
1.792000E+01 1.244228E+02
1.793000E+01 1.530287E+02
1.794000E+01 1.402322E+02
1.795000E+01 1.283724E+02
1.796000E+01 1.502918E+02
1.797000E+01 1.468298E+02
1.798000E+01 1.448571E+02
1.799000E+01 1.605135E+02
1.800000E+01 1.431927E+02
1.801000E+01 1.292898E+02
1.802000E+01 1.359852E+02
1.803000E+01 1.568259E+02
1.804000E+01 1.544891E+02
1.805000E+01 1.161198E+02
1.806000E+01 1.363509E+02
1.807000E+01 1.403471E+02
1.808000E+01 1.236741E+02
1.809000E+01 1.304233E+02
1.810000E+01 1.590984E+02
1.811000E+01 1.441645E+02
1.812000E+01 1.261611E+02
1.813000E+01 1.462057E+02
1.814000E+01 1.280875E+02
1.815000E+01 1.435031E+02
1.816000E+01 1.414749E+02
1.817000E+01 1.426155E+02
1.818000E+01 1.503966E+02
1.819000E+01 1.372182E+02
1.820000E+01 1.318652E+02
1.821000E+01 1.475279E+02
1.822000E+01 1.216146E+02
1.823000E+01 1.235804E+02
1.824000E+01 1.410177E+02
1.825000E+01 1.344270E+02
1.826000E+01 1.183951E+02
1.827000E+01 1.392451E+02
1.828000E+01 1.443521E+02
1.829000E+01 1.161433E+02
1.830000E+01 1.427190E+02
1.831000E+01 1.345915E+02
1.832000E+01 1.267470E+02
1.833000E+01 1.318842E+02
1.834000E+01 1.366894E+02
1.835000E+01 1.433069E+02
1.836000E+01 1.359033E+02
1.837000E+01 1.263024E+02
1.838000E+01 1.477769E+02
1.839000E+01 1.357049E+02
1.840000E+01 1.619014E+02
1.841000E+01 1.708535E+02
1.842000E+01 1.655493E+02
1.843000E+01 1.656047E+02
1.844000E+01 1.656422E+02
1.845000E+01 1.599291E+02
1.846000E+01 1.810923E+02
1.847000E+01 1.734203E+02
1.848000E+01 1.608878E+02
1.849000E+01 1.650877E+02
1.850000E+01 1.763408E+02
1.851000E+01 1.710774E+02
1.852000E+01 1.565156E+02
1.853000E+01 1.559094E+02
1.854000E+01 1.636302E+02
1.855000E+01 1.658710E+02
1.856000E+01 1.283550E+02
1.857000E+01 1.352195E+02
1.858000E+01 1.757357E+02
1.859000E+01 1.675048E+02
1.860000E+01 1.479226E+02
1.861000E+01 1.416391E+02
1.862000E+01 1.338512E+02
1.863000E+01 1.382447E+02
1.864000E+01 1.119056E+02
1.865000E+01 1.279835E+02
1.866000E+01 1.343915E+02
1.867000E+01 1.552251E+02
1.868000E+01 1.601221E+02
1.869000E+01 1.749955E+02
1.870000E+01 1.709457E+02
1.871000E+01 1.547101E+02
1.872000E+01 1.443943E+02
1.873000E+01 1.636712E+02
1.874000E+01 1.585157E+02
1.875000E+01 1.608288E+02
1.876000E+01 1.580285E+02
1.877000E+01 1.328413E+02
1.878000E+01 1.309206E+02
1.879000E+01 1.342036E+02
1.880000E+01 1.339634E+02
1.881000E+01 1.249719E+02
1.882000E+01 1.606616E+02
1.883000E+01 1.528384E+02
1.884000E+01 1.543067E+02
1.885000E+01 1.405063E+02
1.886000E+01 1.714155E+02
1.887000E+01 1.503675E+02
1.888000E+01 1.437237E+02
1.889000E+01 1.633850E+02
1.890000E+01 1.722742E+02
1.891000E+01 1.736322E+02
1.892000E+01 1.508090E+02
1.893000E+01 1.658493E+02
1.894000E+01 1.615209E+02
1.895000E+01 1.260296E+02
1.896000E+01 1.634063E+02
1.897000E+01 1.540395E+02
1.898000E+01 1.326787E+02
1.899000E+01 1.864746E+02
1.900000E+01 1.643909E+02
1.901000E+01 1.594694E+02
1.902000E+01 1.523495E+02
1.903000E+01 1.529141E+02
1.904000E+01 1.461061E+02
1.905000E+01 1.483217E+02
1.906000E+01 1.497713E+02
1.907000E+01 1.369350E+02
1.908000E+01 1.344268E+02
1.909000E+01 1.078150E+02
1.910000E+01 1.424336E+02
1.911000E+01 1.351987E+02
1.912000E+01 1.158091E+02
1.913000E+01 1.519993E+02
1.914000E+01 1.359226E+02
1.915000E+01 1.627301E+02
1.916000E+01 1.556637E+02
1.917000E+01 1.202583E+02
1.918000E+01 1.559068E+02
1.919000E+01 1.218779E+02
1.920000E+01 1.717343E+02
1.921000E+01 1.681225E+02
1.922000E+01 1.557605E+02
1.923000E+01 1.673077E+02
1.924000E+01 1.625521E+02
1.925000E+01 1.497123E+02
1.926000E+01 1.514007E+02
1.927000E+01 1.495652E+02
1.928000E+01 1.551801E+02
1.929000E+01 1.498629E+02
1.930000E+01 1.642657E+02
1.931000E+01 1.485667E+02
1.932000E+01 1.494592E+02
1.933000E+01 1.743201E+02
1.934000E+01 1.782860E+02
1.935000E+01 1.699631E+02
1.936000E+01 1.761798E+02
1.937000E+01 1.505823E+02
1.938000E+01 1.497335E+02
1.939000E+01 1.621265E+02
1.940000E+01 1.524784E+02
1.941000E+01 1.257909E+02
1.942000E+01 1.730916E+02
1.943000E+01 1.717559E+02
1.944000E+01 1.332129E+02
1.945000E+01 1.405792E+02
1.946000E+01 1.445455E+02
1.947000E+01 1.399858E+02
1.948000E+01 1.580928E+02
1.949000E+01 1.649401E+02
1.950000E+01 1.651557E+02
1.951000E+01 1.862136E+02
1.952000E+01 1.718862E+02
1.953000E+01 1.500814E+02
1.954000E+01 1.589697E+02
1.955000E+01 1.822502E+02
1.956000E+01 1.573454E+02
1.957000E+01 1.369590E+02
1.958000E+01 1.587303E+02
1.959000E+01 1.618987E+02
1.960000E+01 1.748150E+02
1.961000E+01 1.600084E+02
1.962000E+01 1.372239E+02
1.963000E+01 1.596456E+02
1.964000E+01 1.457569E+02
1.965000E+01 1.287737E+02
1.966000E+01 1.266251E+02
1.967000E+01 1.405991E+02
1.968000E+01 1.142608E+02
1.969000E+01 1.344330E+02
1.970000E+01 1.734324E+02
1.971000E+01 1.666683E+02
1.972000E+01 1.550358E+02
1.973000E+01 1.348666E+02
1.974000E+01 1.408168E+02
1.975000E+01 1.314223E+02
1.976000E+01 1.713983E+02
1.977000E+01 1.431433E+02
1.978000E+01 1.405754E+02
1.979000E+01 1.804742E+02
1.980000E+01 1.673916E+02
1.981000E+01 1.642897E+02
1.982000E+01 1.558411E+02
1.983000E+01 1.679457E+02
1.984000E+01 1.614524E+02
1.985000E+01 1.471659E+02
1.986000E+01 1.279702E+02
1.987000E+01 1.574371E+02
1.988000E+01 1.548467E+02
1.989000E+01 1.364229E+02
1.990000E+01 1.314390E+02
1.991000E+01 1.389723E+02
1.992000E+01 1.523179E+02
1.993000E+01 1.433310E+02
1.994000E+01 1.406751E+02
1.995000E+01 1.427021E+02
1.996000E+01 1.487311E+02
1.997000E+01 1.506557E+02
1.998000E+01 1.505138E+02
1.999000E+01 1.560963E+02
2.000000E+01 1.644282E+02
