amber                                                                           
         2       128
OW      
 -6.350000E+00  0.000000E+00
 -6.250000E+00  0.000000E+00
 -6.150000E+00  1.400244E-05
 -6.050000E+00  2.280397E-05
 -5.950000E+00  8.641504E-05
 -5.850000E+00  8.481476E-05
 -5.750000E+00  1.580275E-04
 -5.650000E+00  1.816316E-04
 -5.550000E+00  2.492434E-04
 -5.450000E+00  5.656984E-04
 -5.350000E+00  7.577319E-04
 -5.250000E+00  7.493304E-04
 -5.150000E+00  9.109585E-04
 -5.050000E+00  7.909376E-04
 -4.950000E+00  4.304749E-04
 -4.850000E+00  3.044530E-04
 -4.750000E+00  2.348409E-04
 -4.650000E+00  2.688468E-04
 -4.550000E+00  2.460428E-04
 -4.450000E+00  4.100714E-04
 -4.350000E+00  4.824840E-04
 -4.250000E+00  6.017047E-04
 -4.150000E+00  9.029571E-04
 -4.050000E+00  7.905376E-04
 -3.950000E+00  1.141799E-03
 -3.850000E+00  1.261820E-03
 -3.750000E+00  9.797705E-04
 -3.650000E+00  6.109063E-04
 -3.550000E+00  6.837190E-04
 -3.450000E+00  4.600801E-04
 -3.350000E+00  4.900853E-04
 -3.250000E+00  5.536963E-04
 -3.150000E+00  6.065055E-04
 -3.050000E+00  7.429293E-04
 -2.950000E+00  1.124596E-03
 -2.850000E+00  1.599878E-03
 -2.750000E+00  1.781910E-03
 -2.650000E+00  1.583876E-03
 -2.550000E+00  1.574274E-03
 -2.450000E+00  1.560672E-03
 -2.350000E+00  2.083963E-03
 -2.250000E+00  2.101166E-03
 -2.150000E+00  2.128370E-03
 -2.050000E+00  2.196782E-03
 -1.950000E+00  1.897130E-03
 -1.850000E+00  1.387041E-03
 -1.750000E+00  1.259819E-03
 -1.650000E+00  1.483058E-03
 -1.550000E+00  1.989146E-03
 -1.450000E+00  1.897130E-03
 -1.350000E+00  2.598852E-03
 -1.250000E+00  3.711446E-03
 -1.150000E+00  3.489407E-03
 -1.050000E+00  3.588624E-03
 -9.500000E-01  3.340981E-03
 -8.500000E-01  3.215359E-03
 -7.500000E-01  2.570447E-03
 -6.500000E-01  2.151174E-03
 -5.500000E-01  1.681093E-03
 -4.500000E-01  1.771908E-03
 -3.500000E-01  1.145799E-03
 -2.500000E-01  9.805706E-04
 -1.500000E-01  1.140598E-03
 -5.000000E-02  2.060759E-03
  5.000000E-02  1.758706E-03
  1.500000E-01  1.737102E-03
  2.500000E-01  2.219186E-03
  3.500000E-01  2.080762E-03
  4.500000E-01  1.733502E-03
  5.500000E-01  2.680866E-03
  6.500000E-01  3.439799E-03
  7.500000E-01  3.626231E-03
  8.500000E-01  3.727849E-03
  9.500000E-01  4.327553E-03
  1.050000E+00  4.974066E-03
  1.150000E+00  3.907080E-03
  1.250000E+00  2.714072E-03
  1.350000E+00  2.237989E-03
  1.450000E+00  1.639885E-03
  1.550000E+00  1.189007E-03
  1.650000E+00  8.093408E-04
  1.750000E+00  3.980693E-04
  1.850000E+00  2.428423E-04
  1.950000E+00  1.428249E-04
  2.050000E+00  2.908506E-04
  2.150000E+00  2.820491E-04
  2.250000E+00  3.056532E-04
  2.350000E+00  3.756654E-04
  2.450000E+00  6.693165E-04
  2.550000E+00  7.917378E-04
  2.650000E+00  7.265264E-04
  2.750000E+00  7.817360E-04
  2.850000E+00  1.248617E-03
  2.950000E+00  1.505862E-03
  3.050000E+00  2.574048E-03
  3.150000E+00  2.712072E-03
  3.250000E+00  2.418421E-03
  3.350000E+00  2.430423E-03
  3.450000E+00  2.191581E-03
  3.550000E+00  2.185180E-03
  3.650000E+00  2.603653E-03
  3.750000E+00  2.444825E-03
  3.850000E+00  2.160776E-03
  3.950000E+00  1.881927E-03
  4.050000E+00  1.338233E-03
  4.150000E+00  9.093582E-04
  4.250000E+00  7.117238E-04
  4.350000E+00  6.653158E-04
  4.450000E+00  8.241434E-04
  4.550000E+00  6.041051E-04
  4.650000E+00  4.724822E-04
  4.750000E+00  2.316403E-04
  4.850000E+00  2.028353E-04
  4.950000E+00  2.920508E-05
  5.050000E+00  0.000000E+00
  5.150000E+00  0.000000E+00
  5.250000E+00  0.000000E+00
  5.350000E+00  0.000000E+00
  5.450000E+00  0.000000E+00
  5.550000E+00  0.000000E+00
  5.650000E+00  0.000000E+00
  5.750000E+00  0.000000E+00
  5.850000E+00  0.000000E+00
  5.950000E+00  0.000000E+00
  6.050000E+00  0.000000E+00
  6.150000E+00  0.000000E+00
  6.250000E+00  0.000000E+00
  6.350000E+00  0.000000E+00
HW      
 -6.350000E+00  3.896678E-04
 -6.250000E+00  7.141243E-04
 -6.150000E+00  8.289442E-04
 -6.050000E+00  8.077406E-04
 -5.950000E+00  7.189251E-04
 -5.850000E+00  4.868847E-04
 -5.750000E+00  4.548792E-04
 -5.650000E+00  2.580449E-04
 -5.550000E+00  2.036354E-04
 -5.450000E+00  3.316577E-04
 -5.350000E+00  2.880501E-04
 -5.250000E+00  4.264742E-04
 -5.150000E+00  4.708819E-04
 -5.050000E+00  8.025396E-04
 -4.950000E+00  1.091390E-03
 -4.850000E+00  1.048983E-03
 -4.750000E+00  9.393635E-04
 -4.650000E+00  7.549314E-04
 -4.550000E+00  5.376936E-04
 -4.450000E+00  5.941034E-04
 -4.350000E+00  5.436946E-04
 -4.250000E+00  5.889025E-04
 -4.150000E+00  6.417117E-04
 -4.050000E+00  8.549488E-04
 -3.950000E+00  1.126996E-03
 -3.850000E+00  1.642686E-03
 -3.750000E+00  2.247991E-03
 -3.650000E+00  3.006123E-03
 -3.550000E+00  3.724648E-03
 -3.450000E+00  3.516612E-03
 -3.350000E+00  3.434198E-03
 -3.250000E+00  2.589251E-03
 -3.150000E+00  2.001148E-03
 -3.050000E+00  1.516264E-03
 -2.950000E+00  1.407045E-03
 -2.850000E+00  1.607480E-03
 -2.750000E+00  1.618282E-03
 -2.650000E+00  1.447852E-03
 -2.550000E+00  1.403844E-03
 -2.450000E+00  1.766307E-03
 -2.350000E+00  1.962742E-03
 -2.250000E+00  2.433623E-03
 -2.150000E+00  3.733050E-03
 -2.050000E+00  4.928458E-03
 -1.950000E+00  5.954236E-03
 -1.850000E+00  7.026423E-03
 -1.750000E+00  6.835589E-03
 -1.650000E+00  6.789581E-03
 -1.550000E+00  6.153871E-03
 -1.450000E+00  5.221709E-03
 -1.350000E+00  4.375961E-03
 -1.250000E+00  3.981893E-03
 -1.150000E+00  3.549018E-03
 -1.050000E+00  3.072535E-03
 -9.500000E-01  2.840494E-03
 -8.500000E-01  2.998122E-03
 -7.500000E-01  3.309376E-03
 -6.500000E-01  3.299774E-03
 -5.500000E-01  3.745052E-03
 -4.500000E-01  4.652810E-03
 -3.500000E-01  4.871648E-03
 -2.500000E-01  4.918456E-03
 -1.500000E-01  5.001670E-03
 -5.000000E-02  5.088085E-03
  5.000000E-02  5.363333E-03
  1.500000E-01  6.388712E-03
  2.500000E-01  6.837190E-03
  3.500000E-01  6.481528E-03
  4.500000E-01  5.980241E-03
  5.500000E-01  5.680188E-03
  6.500000E-01  5.040877E-03
  7.500000E-01  4.975666E-03
  8.500000E-01  4.505984E-03
  9.500000E-01  4.276744E-03
  1.050000E+00  4.120717E-03
  1.150000E+00  3.945086E-03
  1.250000E+00  3.408193E-03
  1.350000E+00  3.005323E-03
  1.450000E+00  3.092938E-03
  1.550000E+00  3.093738E-03
  1.650000E+00  2.735276E-03
  1.750000E+00  3.260567E-03
  1.850000E+00  3.216960E-03
  1.950000E+00  2.567647E-03
  2.050000E+00  1.715499E-03
  2.150000E+00  1.639085E-03
  2.250000E+00  1.791512E-03
  2.350000E+00  1.862324E-03
  2.450000E+00  2.069960E-03
  2.550000E+00  2.067160E-03
  2.650000E+00  1.787511E-03
  2.750000E+00  2.412420E-03
  2.850000E+00  2.826492E-03
  2.950000E+00  3.109341E-03
  3.050000E+00  3.512211E-03
  3.150000E+00  3.495408E-03
  3.250000E+00  3.485807E-03
  3.350000E+00  3.545017E-03
  3.450000E+00  3.637033E-03
  3.550000E+00  3.700644E-03
  3.650000E+00  4.011098E-03
  3.750000E+00  3.997096E-03
  3.850000E+00  3.842669E-03
  3.950000E+00  3.493808E-03
  4.050000E+00  3.402592E-03
  4.150000E+00  2.913307E-03
  4.250000E+00  2.320404E-03
  4.350000E+00  1.528266E-03
  4.450000E+00  9.825710E-04
  4.550000E+00  7.789355E-04
  4.650000E+00  6.729171E-04
  4.750000E+00  7.269265E-04
  4.850000E+00  7.205254E-04
  4.950000E+00  6.293095E-04
  5.050000E+00  4.740825E-04
  5.150000E+00  5.849018E-04
  5.250000E+00  5.696991E-04
  5.350000E+00  5.476953E-04
  5.450000E+00  5.056880E-04
  5.550000E+00  3.176553E-04
  5.650000E+00  1.392242E-04
  5.750000E+00  1.120195E-04
  5.850000E+00  3.200557E-06
  5.950000E+00  0.000000E+00
  6.050000E+00  0.000000E+00
  6.150000E+00  0.000000E+00
  6.250000E+00  0.000000E+00
  6.350000E+00  0.000000E+00
