8.000000E-03 6.968704E+01
1.600000E-02 6.970852E+01
2.400000E-02 6.968214E+01
3.200000E-02 6.960618E+01
4.000000E-02 6.966812E+01
4.800000E-02 6.976058E+01
5.600000E-02 6.955652E+01
6.400000E-02 6.969943E+01
7.200000E-02 6.969963E+01
8.000000E-02 6.970955E+01
8.800000E-02 6.968366E+01
9.600000E-02 6.959021E+01
1.040000E-01 6.964082E+01
1.120000E-01 6.969994E+01
1.200000E-01 6.956986E+01
1.280000E-01 6.971072E+01
1.360000E-01 6.966346E+01
1.440000E-01 6.966807E+01
1.520000E-01 6.967730E+01
1.600000E-01 6.965878E+01
1.680000E-01 6.969925E+01
1.760000E-01 6.969337E+01
1.840000E-01 6.966971E+01
1.920000E-01 6.966686E+01
2.000000E-01 6.965009E+01
2.080000E-01 6.969920E+01
2.160000E-01 6.968760E+01
2.240000E-01 6.971222E+01
2.320000E-01 6.975921E+01
2.400000E-01 6.973396E+01
2.480000E-01 6.969045E+01
2.560000E-01 6.971887E+01
2.640000E-01 6.974411E+01
2.720000E-01 6.975958E+01
2.800000E-01 6.980160E+01
2.880000E-01 6.972234E+01
2.960000E-01 6.973438E+01
3.040000E-01 6.980962E+01
3.120000E-01 6.983804E+01
3.200000E-01 6.976744E+01
3.280000E-01 6.976808E+01
3.360000E-01 6.982729E+01
3.440000E-01 6.983724E+01
3.520000E-01 6.981287E+01
3.600000E-01 6.979738E+01
3.680000E-01 6.980011E+01
3.760000E-01 6.982023E+01
3.840000E-01 6.982661E+01
3.920000E-01 6.981894E+01
4.000000E-01 6.980417E+01
4.080000E-01 6.983778E+01
4.160000E-01 6.984309E+01
4.240000E-01 6.979674E+01
4.320000E-01 6.983774E+01
4.400000E-01 6.985483E+01
4.480000E-01 6.985294E+01
4.560000E-01 6.987283E+01
4.640000E-01 6.986943E+01
4.720000E-01 6.984686E+01
4.800000E-01 6.984662E+01
4.880000E-01 6.984495E+01
4.960000E-01 6.988259E+01
5.040000E-01 6.989211E+01
5.120000E-01 6.985913E+01
5.200000E-01 6.987903E+01
5.280000E-01 6.988491E+01
5.360000E-01 6.991936E+01
5.440000E-01 6.989980E+01
5.520000E-01 6.987158E+01
5.600000E-01 6.988768E+01
5.680000E-01 6.990184E+01
5.760000E-01 6.986636E+01
5.840000E-01 6.982766E+01
5.920000E-01 6.987166E+01
6.000000E-01 6.988776E+01
6.080000E-01 6.985927E+01
6.160000E-01 6.986331E+01
6.240000E-01 6.991622E+01
6.320000E-01 6.987711E+01
6.400000E-01 6.990433E+01
6.480000E-01 6.990671E+01
6.560000E-01 6.989270E+01
6.640000E-01 6.986007E+01
6.720000E-01 6.987672E+01
6.800000E-01 6.982286E+01
6.880000E-01 6.986961E+01
6.960000E-01 6.989836E+01
7.040000E-01 6.988343E+01
7.120000E-01 6.984192E+01
7.200000E-01 6.986520E+01
7.280000E-01 6.980193E+01
7.360000E-01 6.988444E+01
7.440000E-01 6.989886E+01
7.520000E-01 6.991417E+01
7.600000E-01 6.989371E+01
7.680000E-01 6.991376E+01
7.760000E-01 6.987523E+01
7.840000E-01 6.986345E+01
7.920000E-01 6.985271E+01
8.000000E-01 6.992629E+01
8.080000E-01 6.989599E+01
8.160000E-01 6.988461E+01
8.240000E-01 6.987614E+01
8.320000E-01 6.988242E+01
8.400000E-01 6.989497E+01
8.480000E-01 6.991674E+01
8.560000E-01 6.992205E+01
8.640000E-01 6.988948E+01
8.720000E-01 6.990380E+01
8.800000E-01 6.992917E+01
8.880000E-01 6.989220E+01
8.960000E-01 6.991056E+01
9.040000E-01 6.992685E+01
9.120000E-01 6.993083E+01
9.200000E-01 6.996115E+01
9.280000E-01 6.991271E+01
9.360000E-01 6.992090E+01
9.440000E-01 6.996079E+01
9.520000E-01 6.994164E+01
9.600000E-01 6.992228E+01
9.680000E-01 6.994850E+01
9.760000E-01 6.989833E+01
9.840000E-01 6.989719E+01
9.920000E-01 6.994770E+01
1.000000E+00 6.987339E+01
1.008000E+00 6.991340E+01
1.016000E+00 6.990364E+01
1.024000E+00 6.989723E+01
1.032000E+00 6.995244E+01
1.040000E+00 6.995727E+01
1.048000E+00 6.992391E+01
1.056000E+00 6.991215E+01
1.064000E+00 6.993446E+01
1.072000E+00 6.994097E+01
1.080000E+00 6.994564E+01
1.088000E+00 6.993918E+01
1.096000E+00 6.994885E+01
1.104000E+00 6.994873E+01
1.112000E+00 6.993374E+01
1.120000E+00 6.991770E+01
1.128000E+00 6.992816E+01
1.136000E+00 6.993467E+01
1.144000E+00 6.993849E+01
1.152000E+00 6.995610E+01
1.160000E+00 6.997676E+01
1.168000E+00 6.993701E+01
1.176000E+00 6.990975E+01
1.184000E+00 6.995299E+01
1.192000E+00 6.995093E+01
1.200000E+00 6.993058E+01
1.208000E+00 6.993852E+01
1.216000E+00 6.994967E+01
1.224000E+00 6.992152E+01
1.232000E+00 6.996592E+01
1.240000E+00 6.992161E+01
1.248000E+00 6.993131E+01
1.256000E+00 6.996948E+01
1.264000E+00 6.996405E+01
1.272000E+00 6.996121E+01
1.280000E+00 6.994169E+01
1.288000E+00 6.994156E+01
1.296000E+00 6.998538E+01
1.304000E+00 6.996650E+01
1.312000E+00 6.994707E+01
1.320000E+00 6.995455E+01
1.328000E+00 6.996915E+01
1.336000E+00 6.998182E+01
1.344000E+00 6.997728E+01
1.352000E+00 6.993904E+01
1.360000E+00 6.993363E+01
1.368000E+00 6.996998E+01
1.376000E+00 6.999145E+01
1.384000E+00 6.998936E+01
1.392000E+00 6.994433E+01
1.400000E+00 6.993820E+01
1.408000E+00 6.999180E+01
1.416000E+00 6.999972E+01
1.424000E+00 6.997201E+01
1.432000E+00 6.994398E+01
1.440000E+00 6.995933E+01
1.448000E+00 6.997491E+01
1.456000E+00 6.997579E+01
1.464000E+00 6.999201E+01
1.472000E+00 6.998464E+01
1.480000E+00 6.996328E+01
1.488000E+00 6.998071E+01
1.496000E+00 6.994544E+01
1.504000E+00 6.997124E+01
1.512000E+00 6.998210E+01
1.520000E+00 6.995280E+01
1.528000E+00 6.996778E+01
1.536000E+00 6.998068E+01
1.544000E+00 6.996738E+01
1.552000E+00 6.998036E+01
1.560000E+00 6.996949E+01
1.568000E+00 6.992431E+01
1.576000E+00 6.994594E+01
1.584000E+00 6.992854E+01
1.592000E+00 6.995820E+01
1.600000E+00 6.998224E+01
1.608000E+00 6.996711E+01
1.616000E+00 6.995645E+01
1.624000E+00 6.992277E+01
1.632000E+00 6.995100E+01
1.640000E+00 6.998371E+01
1.648000E+00 6.997932E+01
1.656000E+00 6.995117E+01
1.664000E+00 6.993031E+01
1.672000E+00 6.994904E+01
1.680000E+00 6.995057E+01
1.688000E+00 6.996318E+01
1.696000E+00 6.995628E+01
1.704000E+00 6.995491E+01
1.712000E+00 6.997371E+01
1.720000E+00 6.996940E+01
1.728000E+00 6.994617E+01
1.736000E+00 6.995137E+01
1.744000E+00 6.997054E+01
1.752000E+00 6.995113E+01
1.760000E+00 6.991176E+01
1.768000E+00 6.994466E+01
1.776000E+00 6.996985E+01
1.784000E+00 6.994335E+01
1.792000E+00 6.997425E+01
1.800000E+00 6.996613E+01
1.808000E+00 6.993068E+01
1.816000E+00 6.994657E+01
1.824000E+00 6.995619E+01
1.832000E+00 6.996557E+01
1.840000E+00 6.996692E+01
1.848000E+00 6.996332E+01
1.856000E+00 6.990065E+01
1.864000E+00 6.996470E+01
1.872000E+00 6.998690E+01
1.880000E+00 6.996840E+01
1.888000E+00 6.995413E+01
1.896000E+00 6.999044E+01
1.904000E+00 6.998207E+01
1.912000E+00 6.995076E+01
1.920000E+00 6.995200E+01
1.928000E+00 6.996965E+01
1.936000E+00 6.995033E+01
1.944000E+00 6.994702E+01
1.952000E+00 6.995385E+01
1.960000E+00 6.996354E+01
1.968000E+00 6.995902E+01
1.976000E+00 6.995552E+01
1.984000E+00 6.993229E+01
1.992000E+00 6.994386E+01
2.000000E+00 6.991614E+01
2.008000E+00 6.992760E+01
2.016000E+00 6.993980E+01
2.024000E+00 6.993854E+01
2.032000E+00 6.995262E+01
2.040000E+00 6.994145E+01
2.048000E+00 6.995434E+01
2.056000E+00 6.998261E+01
2.064000E+00 6.996224E+01
2.072000E+00 6.993039E+01
2.080000E+00 6.995089E+01
2.088000E+00 6.992884E+01
2.096000E+00 6.994561E+01
2.104000E+00 6.995005E+01
2.112000E+00 6.994932E+01
2.120000E+00 6.995454E+01
2.128000E+00 6.995154E+01
2.136000E+00 6.995761E+01
2.144000E+00 6.995765E+01
2.152000E+00 6.996782E+01
2.160000E+00 6.996519E+01
2.168000E+00 6.995371E+01
2.176000E+00 6.992196E+01
2.184000E+00 6.993830E+01
2.192000E+00 6.995391E+01
2.200000E+00 6.993713E+01
2.208000E+00 6.997615E+01
2.216000E+00 6.997886E+01
2.224000E+00 6.994212E+01
2.232000E+00 6.996871E+01
2.240000E+00 6.997578E+01
2.248000E+00 6.995761E+01
2.256000E+00 6.998145E+01
2.264000E+00 6.996475E+01
2.272000E+00 6.994825E+01
2.280000E+00 6.997045E+01
2.288000E+00 6.997764E+01
2.296000E+00 6.997759E+01
2.304000E+00 6.997802E+01
2.312000E+00 6.998139E+01
2.320000E+00 6.997434E+01
2.328000E+00 6.996597E+01
2.336000E+00 6.996175E+01
2.344000E+00 6.997189E+01
2.352000E+00 6.999838E+01
2.360000E+00 6.997074E+01
2.368000E+00 6.997195E+01
2.376000E+00 6.997533E+01
2.384000E+00 6.997365E+01
2.392000E+00 6.996853E+01
2.400000E+00 6.996997E+01
2.408000E+00 6.996773E+01
2.416000E+00 6.996309E+01
2.424000E+00 6.997215E+01
2.432000E+00 6.997898E+01
2.440000E+00 6.997899E+01
2.448000E+00 6.997885E+01
2.456000E+00 6.998041E+01
2.464000E+00 6.998824E+01
2.472000E+00 6.999390E+01
2.480000E+00 6.999281E+01
2.488000E+00 7.001843E+01
2.496000E+00 6.998411E+01
2.504000E+00 6.999462E+01
2.512000E+00 6.999582E+01
2.520000E+00 7.000393E+01
2.528000E+00 7.001618E+01
2.536000E+00 7.000554E+01
2.544000E+00 6.999551E+01
2.552000E+00 7.001525E+01
2.560000E+00 7.001767E+01
2.568000E+00 7.000301E+01
2.576000E+00 7.000093E+01
2.584000E+00 6.999984E+01
2.592000E+00 7.001072E+01
2.600000E+00 7.002689E+01
2.608000E+00 7.002217E+01
2.616000E+00 7.001637E+01
2.624000E+00 7.001994E+01
2.632000E+00 7.000775E+01
2.640000E+00 7.001646E+01
2.648000E+00 7.002337E+01
2.656000E+00 7.002456E+01
2.664000E+00 7.002085E+01
2.672000E+00 7.002629E+01
2.680000E+00 7.004930E+01
2.688000E+00 7.003872E+01
2.696000E+00 7.001766E+01
2.704000E+00 7.002657E+01
2.712000E+00 7.004087E+01
2.720000E+00 7.004183E+01
2.728000E+00 7.002069E+01
2.736000E+00 7.006861E+01
2.744000E+00 7.005786E+01
2.752000E+00 7.003205E+01
2.760000E+00 7.004118E+01
2.768000E+00 7.001449E+01
2.776000E+00 7.002779E+01
2.784000E+00 7.004712E+01
2.792000E+00 7.004333E+01
2.800000E+00 7.004499E+01
2.808000E+00 7.005393E+01
2.816000E+00 7.004622E+01
2.824000E+00 7.001427E+01
2.832000E+00 7.004018E+01
2.840000E+00 7.007011E+01
2.848000E+00 7.007484E+01
2.856000E+00 7.001691E+01
2.864000E+00 7.003962E+01
2.872000E+00 7.005381E+01
2.880000E+00 7.002627E+01
2.888000E+00 6.998917E+01
2.896000E+00 7.006324E+01
2.904000E+00 7.005420E+01
2.912000E+00 7.002632E+01
2.920000E+00 7.004785E+01
2.928000E+00 7.004756E+01
2.936000E+00 7.002555E+01
2.944000E+00 7.004936E+01
2.952000E+00 7.005657E+01
2.960000E+00 7.001765E+01
2.968000E+00 7.003103E+01
2.976000E+00 7.005240E+01
2.984000E+00 7.004827E+01
2.992000E+00 7.003613E+01
3.000000E+00 7.004218E+01
3.008000E+00 7.004606E+01
3.016000E+00 7.002856E+01
3.024000E+00 7.004019E+01
3.032000E+00 7.006432E+01
3.040000E+00 7.004620E+01
3.048000E+00 7.002442E+01
3.056000E+00 7.003006E+01
3.064000E+00 7.005394E+01
3.072000E+00 7.005483E+01
3.080000E+00 7.004954E+01
3.088000E+00 7.006232E+01
3.096000E+00 7.005672E+01
3.104000E+00 7.006199E+01
3.112000E+00 7.004898E+01
3.120000E+00 7.006907E+01
3.128000E+00 7.006635E+01
3.136000E+00 7.002077E+01
3.144000E+00 7.006218E+01
3.152000E+00 7.006671E+01
3.160000E+00 7.007496E+01
3.168000E+00 7.002214E+01
3.176000E+00 7.004710E+01
3.184000E+00 7.004296E+01
3.192000E+00 7.005973E+01
3.200000E+00 7.006190E+01
3.208000E+00 7.007372E+01
3.216000E+00 7.006420E+01
3.224000E+00 7.006588E+01
3.232000E+00 7.006585E+01
3.240000E+00 7.005209E+01
3.248000E+00 7.003526E+01
3.256000E+00 7.007356E+01
3.264000E+00 7.008682E+01
3.272000E+00 7.006190E+01
3.280000E+00 7.006086E+01
3.288000E+00 7.007982E+01
3.296000E+00 7.005628E+01
3.304000E+00 7.005705E+01
3.312000E+00 7.006514E+01
3.320000E+00 7.005784E+01
3.328000E+00 7.006574E+01
3.336000E+00 7.008230E+01
3.344000E+00 7.007165E+01
3.352000E+00 7.007053E+01
3.360000E+00 7.005022E+01
3.368000E+00 7.009422E+01
3.376000E+00 7.006700E+01
3.384000E+00 7.004928E+01
3.392000E+00 7.008734E+01
3.400000E+00 7.009546E+01
3.408000E+00 7.006932E+01
3.416000E+00 7.003610E+01
3.424000E+00 7.007770E+01
3.432000E+00 7.009404E+01
3.440000E+00 7.007096E+01
3.448000E+00 7.002055E+01
3.456000E+00 7.009211E+01
3.464000E+00 7.008892E+01
3.472000E+00 7.000322E+01
3.480000E+00 7.009293E+01
3.488000E+00 7.007051E+01
3.496000E+00 7.001853E+01
3.504000E+00 7.009160E+01
3.512000E+00 7.008861E+01
3.520000E+00 7.004047E+01
3.528000E+00 7.003614E+01
3.536000E+00 7.007511E+01
3.544000E+00 7.004784E+01
3.552000E+00 7.005969E+01
3.560000E+00 7.007378E+01
3.568000E+00 7.009482E+01
3.576000E+00 7.007200E+01
3.584000E+00 7.006641E+01
3.592000E+00 7.010469E+01
3.600000E+00 7.011284E+01
3.608000E+00 7.008309E+01
3.616000E+00 7.004808E+01
3.624000E+00 7.007850E+01
3.632000E+00 7.009502E+01
3.640000E+00 7.009792E+01
3.648000E+00 7.007685E+01
3.656000E+00 7.009063E+01
3.664000E+00 7.011698E+01
3.672000E+00 7.007913E+01
3.680000E+00 7.006591E+01
3.688000E+00 7.008357E+01
3.696000E+00 7.008649E+01
3.704000E+00 7.009188E+01
3.712000E+00 7.004513E+01
3.720000E+00 7.005158E+01
3.728000E+00 7.011799E+01
3.736000E+00 7.012464E+01
3.744000E+00 7.005468E+01
3.752000E+00 7.003554E+01
3.760000E+00 7.011888E+01
3.768000E+00 7.010872E+01
3.776000E+00 7.008145E+01
3.784000E+00 7.006992E+01
3.792000E+00 7.011163E+01
3.800000E+00 7.012999E+01
3.808000E+00 7.010208E+01
3.816000E+00 7.010982E+01
3.824000E+00 7.010156E+01
3.832000E+00 7.010635E+01
3.840000E+00 7.013435E+01
3.848000E+00 7.009971E+01
3.856000E+00 7.010301E+01
3.864000E+00 7.010747E+01
3.872000E+00 7.011272E+01
3.880000E+00 7.007294E+01
3.888000E+00 7.011034E+01
3.896000E+00 7.012114E+01
3.904000E+00 7.011030E+01
3.912000E+00 7.011586E+01
3.920000E+00 7.011730E+01
3.928000E+00 7.012033E+01
3.936000E+00 7.011549E+01
3.944000E+00 7.011876E+01
3.952000E+00 7.012354E+01
3.960000E+00 7.013161E+01
3.968000E+00 7.012420E+01
3.976000E+00 7.012016E+01
3.984000E+00 7.013006E+01
3.992000E+00 7.012928E+01
4.000000E+00 7.012842E+01
4.008000E+00 7.013372E+01
4.016000E+00 7.012778E+01
4.024000E+00 7.013849E+01
4.032000E+00 7.013916E+01
4.040000E+00 7.014113E+01
4.048000E+00 7.013558E+01
4.056000E+00 7.013266E+01
4.064000E+00 7.014401E+01
4.072000E+00 7.013680E+01
4.080000E+00 7.014709E+01
4.088000E+00 7.015176E+01
4.096000E+00 7.013504E+01
4.104000E+00 7.014809E+01
4.112000E+00 7.015549E+01
4.120000E+00 7.015237E+01
4.128000E+00 7.014532E+01
4.136000E+00 7.014827E+01
4.144000E+00 7.014170E+01
4.152000E+00 7.014537E+01
4.160000E+00 7.015096E+01
4.168000E+00 7.014963E+01
4.176000E+00 7.015611E+01
4.184000E+00 7.016193E+01
4.192000E+00 7.014845E+01
4.200000E+00 7.014464E+01
4.208000E+00 7.015269E+01
4.216000E+00 7.014399E+01
4.224000E+00 7.014161E+01
4.232000E+00 7.013612E+01
4.240000E+00 7.015843E+01
4.248000E+00 7.017203E+01
4.256000E+00 7.013047E+01
4.264000E+00 7.013518E+01
4.272000E+00 7.014129E+01
4.280000E+00 7.014195E+01
4.288000E+00 7.016615E+01
4.296000E+00 7.016420E+01
4.304000E+00 7.013957E+01
4.312000E+00 7.016433E+01
4.320000E+00 7.015995E+01
4.328000E+00 7.016163E+01
4.336000E+00 7.015614E+01
4.344000E+00 7.014103E+01
4.352000E+00 7.015889E+01
4.360000E+00 7.015659E+01
4.368000E+00 7.015005E+01
4.376000E+00 7.016462E+01
4.384000E+00 7.015746E+01
4.392000E+00 7.013505E+01
4.400000E+00 7.015272E+01
4.408000E+00 7.016498E+01
4.416000E+00 7.014818E+01
4.424000E+00 7.014611E+01
4.432000E+00 7.013397E+01
4.440000E+00 7.012173E+01
4.448000E+00 7.014196E+01
4.456000E+00 7.014501E+01
4.464000E+00 7.014086E+01
4.472000E+00 7.014572E+01
4.480000E+00 7.013744E+01
4.488000E+00 7.013055E+01
4.496000E+00 7.013569E+01
4.504000E+00 7.012125E+01
4.512000E+00 7.013813E+01
4.520000E+00 7.013459E+01
4.528000E+00 7.013432E+01
4.536000E+00 7.013464E+01
4.544000E+00 7.013711E+01
4.552000E+00 7.012040E+01
4.560000E+00 7.012811E+01
4.568000E+00 7.013273E+01
4.576000E+00 7.014221E+01
4.584000E+00 7.014095E+01
4.592000E+00 7.013879E+01
4.600000E+00 7.012192E+01
4.608000E+00 7.013955E+01
4.616000E+00 7.013152E+01
4.624000E+00 7.011020E+01
4.632000E+00 7.011252E+01
4.640000E+00 7.013191E+01
4.648000E+00 7.013703E+01
4.656000E+00 7.013265E+01
4.664000E+00 7.012464E+01
4.672000E+00 7.012120E+01
4.680000E+00 7.010649E+01
4.688000E+00 7.010649E+01
4.696000E+00 7.012060E+01
4.704000E+00 7.010951E+01
4.712000E+00 7.010245E+01
4.720000E+00 7.010531E+01
4.728000E+00 7.014235E+01
4.736000E+00 7.013987E+01
4.744000E+00 7.006636E+01
4.752000E+00 7.010429E+01
4.760000E+00 7.007989E+01
4.768000E+00 7.013386E+01
4.776000E+00 7.010109E+01
4.784000E+00 7.009837E+01
4.792000E+00 7.012567E+01
4.800000E+00 7.011745E+01
4.808000E+00 7.010654E+01
4.816000E+00 7.012190E+01
4.824000E+00 7.011654E+01
4.832000E+00 7.011455E+01
4.840000E+00 7.012108E+01
4.848000E+00 7.011773E+01
4.856000E+00 7.011455E+01
4.864000E+00 7.012452E+01
4.872000E+00 7.013069E+01
4.880000E+00 7.013004E+01
4.888000E+00 7.012930E+01
4.896000E+00 7.012143E+01
4.904000E+00 7.011759E+01
4.912000E+00 7.012959E+01
4.920000E+00 7.013539E+01
4.928000E+00 7.013674E+01
4.936000E+00 7.012542E+01
4.944000E+00 7.012495E+01
4.952000E+00 7.014099E+01
4.960000E+00 7.015833E+01
4.968000E+00 7.014677E+01
4.976000E+00 7.012702E+01
4.984000E+00 7.014063E+01
4.992000E+00 7.014875E+01
5.000000E+00 7.013767E+01
5.008000E+00 7.013401E+01
5.016000E+00 7.012753E+01
5.024000E+00 7.012935E+01
5.032000E+00 7.013837E+01
5.040000E+00 7.014028E+01
5.048000E+00 7.014805E+01
5.056000E+00 7.013316E+01
5.064000E+00 7.011482E+01
5.072000E+00 7.014189E+01
5.080000E+00 7.014910E+01
5.088000E+00 7.011199E+01
5.096000E+00 7.012335E+01
5.104000E+00 7.012162E+01
5.112000E+00 7.013414E+01
5.120000E+00 7.014372E+01
5.128000E+00 7.014531E+01
5.136000E+00 7.012914E+01
5.144000E+00 7.013806E+01
5.152000E+00 7.016710E+01
5.160000E+00 7.015974E+01
5.168000E+00 7.013822E+01
5.176000E+00 7.015655E+01
5.184000E+00 7.015235E+01
5.192000E+00 7.014828E+01
5.200000E+00 7.012871E+01
5.208000E+00 7.015752E+01
5.216000E+00 7.016568E+01
5.224000E+00 7.014935E+01
5.232000E+00 7.015734E+01
5.240000E+00 7.017028E+01
5.248000E+00 7.016520E+01
5.256000E+00 7.016384E+01
5.264000E+00 7.014936E+01
5.272000E+00 7.014195E+01
5.280000E+00 7.014491E+01
5.288000E+00 7.013998E+01
5.296000E+00 7.016072E+01
5.304000E+00 7.014112E+01
5.312000E+00 7.016109E+01
5.320000E+00 7.014458E+01
5.328000E+00 7.016181E+01
5.336000E+00 7.014859E+01
5.344000E+00 7.015145E+01
5.352000E+00 7.013072E+01
5.360000E+00 7.016212E+01
5.368000E+00 7.017434E+01
5.376000E+00 7.016465E+01
5.384000E+00 7.013509E+01
5.392000E+00 7.015341E+01
5.400000E+00 7.017720E+01
5.408000E+00 7.017349E+01
5.416000E+00 7.013827E+01
5.424000E+00 7.017051E+01
5.432000E+00 7.016946E+01
5.440000E+00 7.014769E+01
5.448000E+00 7.015898E+01
5.456000E+00 7.017450E+01
5.464000E+00 7.016203E+01
5.472000E+00 7.015237E+01
5.480000E+00 7.015286E+01
5.488000E+00 7.018500E+01
5.496000E+00 7.019033E+01
5.504000E+00 7.016114E+01
5.512000E+00 7.017335E+01
5.520000E+00 7.018768E+01
5.528000E+00 7.017850E+01
5.536000E+00 7.015407E+01
5.544000E+00 7.017795E+01
5.552000E+00 7.017844E+01
5.560000E+00 7.018686E+01
5.568000E+00 7.017641E+01
5.576000E+00 7.017388E+01
5.584000E+00 7.018261E+01
5.592000E+00 7.018207E+01
5.600000E+00 7.018004E+01
5.608000E+00 7.018077E+01
5.616000E+00 7.015905E+01
5.624000E+00 7.016776E+01
5.632000E+00 7.017778E+01
5.640000E+00 7.018532E+01
5.648000E+00 7.017577E+01
5.656000E+00 7.019889E+01
5.664000E+00 7.020899E+01
5.672000E+00 7.018359E+01
5.680000E+00 7.013610E+01
5.688000E+00 7.019450E+01
5.696000E+00 7.020387E+01
5.704000E+00 7.019639E+01
5.712000E+00 7.014665E+01
5.720000E+00 7.015092E+01
5.728000E+00 7.019055E+01
5.736000E+00 7.021926E+01
5.744000E+00 7.020209E+01
5.752000E+00 7.017412E+01
5.760000E+00 7.018847E+01
5.768000E+00 7.021480E+01
5.776000E+00 7.018093E+01
5.784000E+00 7.018116E+01
5.792000E+00 7.019400E+01
5.800000E+00 7.021523E+01
5.808000E+00 7.017832E+01
5.816000E+00 7.019647E+01
5.824000E+00 7.021823E+01
5.832000E+00 7.020026E+01
5.840000E+00 7.020108E+01
5.848000E+00 7.018978E+01
5.856000E+00 7.020651E+01
5.864000E+00 7.020456E+01
5.872000E+00 7.019355E+01
5.880000E+00 7.019343E+01
5.888000E+00 7.020028E+01
5.896000E+00 7.020024E+01
5.904000E+00 7.016756E+01
5.912000E+00 7.019103E+01
5.920000E+00 7.020952E+01
5.928000E+00 7.020190E+01
5.936000E+00 7.019854E+01
5.944000E+00 7.019929E+01
5.952000E+00 7.020447E+01
5.960000E+00 7.019450E+01
5.968000E+00 7.019550E+01
5.976000E+00 7.021312E+01
5.984000E+00 7.020840E+01
5.992000E+00 7.019208E+01
6.000000E+00 7.020492E+01
6.008000E+00 7.020132E+01
6.016000E+00 7.019276E+01
6.024000E+00 7.022546E+01
6.032000E+00 7.020539E+01
6.040000E+00 7.021100E+01
6.048000E+00 7.020884E+01
6.056000E+00 7.020369E+01
6.064000E+00 7.019279E+01
6.072000E+00 7.022885E+01
6.080000E+00 7.022116E+01
6.088000E+00 7.020140E+01
6.096000E+00 7.020637E+01
6.104000E+00 7.019967E+01
6.112000E+00 7.020075E+01
6.120000E+00 7.022148E+01
6.128000E+00 7.021817E+01
6.136000E+00 7.021192E+01
6.144000E+00 7.020680E+01
6.152000E+00 7.019876E+01
6.160000E+00 7.020564E+01
6.168000E+00 7.018864E+01
6.176000E+00 7.019831E+01
6.184000E+00 7.019695E+01
6.192000E+00 7.017840E+01
6.200000E+00 7.019690E+01
6.208000E+00 7.020430E+01
6.216000E+00 7.018160E+01
6.224000E+00 7.017339E+01
6.232000E+00 7.017022E+01
6.240000E+00 7.016915E+01
6.248000E+00 7.017976E+01
6.256000E+00 7.016268E+01
6.264000E+00 7.018160E+01
6.272000E+00 7.018344E+01
6.280000E+00 7.018529E+01
6.288000E+00 7.019343E+01
6.296000E+00 7.018463E+01
6.304000E+00 7.017971E+01
6.312000E+00 7.018991E+01
6.320000E+00 7.019057E+01
6.328000E+00 7.017743E+01
6.336000E+00 7.019131E+01
6.344000E+00 7.020249E+01
6.352000E+00 7.018871E+01
6.360000E+00 7.016750E+01
6.368000E+00 7.017612E+01
6.376000E+00 7.020050E+01
6.384000E+00 7.020012E+01
6.392000E+00 7.019348E+01
6.400000E+00 7.020364E+01
6.408000E+00 7.020368E+01
6.416000E+00 7.017836E+01
6.424000E+00 7.020394E+01
6.432000E+00 7.018066E+01
6.440000E+00 7.014300E+01
6.448000E+00 7.018322E+01
6.456000E+00 7.018529E+01
6.464000E+00 7.013336E+01
6.472000E+00 7.018575E+01
6.480000E+00 7.017167E+01
6.488000E+00 7.013467E+01
6.496000E+00 7.016358E+01
6.504000E+00 7.017780E+01
6.512000E+00 7.017428E+01
6.520000E+00 7.016105E+01
6.528000E+00 7.012174E+01
6.536000E+00 7.015818E+01
6.544000E+00 7.015887E+01
6.552000E+00 7.014297E+01
6.560000E+00 7.015408E+01
6.568000E+00 7.016272E+01
6.576000E+00 7.015343E+01
6.584000E+00 7.015422E+01
6.592000E+00 7.013571E+01
6.600000E+00 7.012810E+01
6.608000E+00 7.016832E+01
6.616000E+00 7.013997E+01
6.624000E+00 7.013958E+01
6.632000E+00 7.014685E+01
6.640000E+00 7.015323E+01
6.648000E+00 7.014724E+01
6.656000E+00 7.014055E+01
6.664000E+00 7.014205E+01
6.672000E+00 7.014352E+01
6.680000E+00 7.011109E+01
6.688000E+00 7.015117E+01
6.696000E+00 7.013071E+01
6.704000E+00 7.011757E+01
6.712000E+00 7.016587E+01
6.720000E+00 7.015698E+01
6.728000E+00 7.011946E+01
6.736000E+00 7.015591E+01
6.744000E+00 7.015597E+01
6.752000E+00 7.011967E+01
6.760000E+00 7.014557E+01
6.768000E+00 7.015314E+01
6.776000E+00 7.013866E+01
6.784000E+00 7.012332E+01
6.792000E+00 7.010316E+01
6.800000E+00 7.010542E+01
6.808000E+00 7.013604E+01
6.816000E+00 7.012424E+01
6.824000E+00 7.010017E+01
6.832000E+00 7.014426E+01
6.840000E+00 7.010091E+01
6.848000E+00 7.011071E+01
6.856000E+00 7.011051E+01
6.864000E+00 7.013504E+01
6.872000E+00 7.012795E+01
6.880000E+00 7.010366E+01
6.888000E+00 7.010079E+01
6.896000E+00 7.011885E+01
6.904000E+00 7.008786E+01
6.912000E+00 7.012075E+01
6.920000E+00 7.010720E+01
6.928000E+00 7.008774E+01
6.936000E+00 7.013853E+01
6.944000E+00 7.010610E+01
6.952000E+00 7.007077E+01
6.960000E+00 7.011454E+01
6.968000E+00 7.012622E+01
6.976000E+00 7.010440E+01
6.984000E+00 7.010336E+01
6.992000E+00 7.012547E+01
7.000000E+00 7.012917E+01
7.008000E+00 7.009642E+01
7.016000E+00 7.009164E+01
7.024000E+00 7.013228E+01
7.032000E+00 7.014575E+01
7.040000E+00 7.011645E+01
7.048000E+00 7.005304E+01
7.056000E+00 7.010923E+01
7.064000E+00 7.013957E+01
7.072000E+00 7.006367E+01
7.080000E+00 7.011700E+01
7.088000E+00 7.010551E+01
7.096000E+00 7.007919E+01
7.104000E+00 7.009476E+01
7.112000E+00 7.012753E+01
7.120000E+00 7.007998E+01
7.128000E+00 7.006545E+01
7.136000E+00 7.011133E+01
7.144000E+00 7.010199E+01
7.152000E+00 7.011663E+01
7.160000E+00 7.005997E+01
7.168000E+00 7.010588E+01
7.176000E+00 7.010786E+01
7.184000E+00 7.005815E+01
7.192000E+00 7.010998E+01
7.200000E+00 7.010930E+01
7.208000E+00 7.008722E+01
7.216000E+00 7.010563E+01
7.224000E+00 7.009945E+01
7.232000E+00 7.010366E+01
7.240000E+00 7.011008E+01
7.248000E+00 7.008742E+01
7.256000E+00 7.010319E+01
7.264000E+00 7.010359E+01
7.272000E+00 7.010449E+01
7.280000E+00 7.011883E+01
7.288000E+00 7.012854E+01
7.296000E+00 7.011273E+01
7.304000E+00 7.010065E+01
7.312000E+00 7.011573E+01
7.320000E+00 7.012122E+01
7.328000E+00 7.010553E+01
7.336000E+00 7.009935E+01
7.344000E+00 7.011027E+01
7.352000E+00 7.007961E+01
7.360000E+00 7.009244E+01
7.368000E+00 7.009303E+01
7.376000E+00 7.010960E+01
7.384000E+00 7.007956E+01
7.392000E+00 7.004601E+01
7.400000E+00 7.009401E+01
7.408000E+00 7.012159E+01
7.416000E+00 7.009672E+01
7.424000E+00 7.010959E+01
7.432000E+00 7.010822E+01
7.440000E+00 7.008069E+01
7.448000E+00 7.008679E+01
7.456000E+00 7.008726E+01
7.464000E+00 7.009796E+01
7.472000E+00 7.010897E+01
7.480000E+00 7.012470E+01
7.488000E+00 7.008250E+01
7.496000E+00 7.008995E+01
7.504000E+00 7.009425E+01
7.512000E+00 7.006241E+01
7.520000E+00 7.012274E+01
7.528000E+00 7.013106E+01
7.536000E+00 7.007387E+01
7.544000E+00 7.008827E+01
7.552000E+00 7.012441E+01
7.560000E+00 7.009798E+01
7.568000E+00 7.011464E+01
7.576000E+00 7.012846E+01
7.584000E+00 7.011784E+01
7.592000E+00 7.013632E+01
7.600000E+00 7.011971E+01
7.608000E+00 7.013304E+01
7.616000E+00 7.014970E+01
7.624000E+00 7.012776E+01
7.632000E+00 7.013605E+01
7.640000E+00 7.013451E+01
7.648000E+00 7.012333E+01
7.656000E+00 7.011787E+01
7.664000E+00 7.014036E+01
7.672000E+00 7.014360E+01
7.680000E+00 7.011798E+01
7.688000E+00 7.012948E+01
7.696000E+00 7.013054E+01
7.704000E+00 7.012472E+01
7.712000E+00 7.014070E+01
7.720000E+00 7.014520E+01
7.728000E+00 7.013554E+01
7.736000E+00 7.013601E+01
7.744000E+00 7.013877E+01
7.752000E+00 7.011899E+01
7.760000E+00 7.013260E+01
7.768000E+00 7.012026E+01
7.776000E+00 7.012255E+01
7.784000E+00 7.012416E+01
7.792000E+00 7.009378E+01
7.800000E+00 7.012570E+01
7.808000E+00 7.014336E+01
7.816000E+00 7.008050E+01
7.824000E+00 7.013378E+01
7.832000E+00 7.014681E+01
7.840000E+00 7.008887E+01
7.848000E+00 7.011436E+01
7.856000E+00 7.013690E+01
7.864000E+00 7.009802E+01
7.872000E+00 7.010883E+01
7.880000E+00 7.010209E+01
7.888000E+00 7.013138E+01
7.896000E+00 7.014072E+01
7.904000E+00 7.008887E+01
7.912000E+00 7.011451E+01
7.920000E+00 7.013165E+01
7.928000E+00 7.012611E+01
7.936000E+00 7.013239E+01
7.944000E+00 7.012339E+01
7.952000E+00 7.011090E+01
7.960000E+00 7.010310E+01
7.968000E+00 7.010773E+01
7.976000E+00 7.012855E+01
7.984000E+00 7.010983E+01
7.992000E+00 7.011764E+01
8.000000E+00 7.012874E+01
8.008000E+00 7.010179E+01
8.016000E+00 7.011131E+01
8.024000E+00 7.014077E+01
8.032000E+00 7.011257E+01
8.040000E+00 7.010617E+01
8.048000E+00 7.011753E+01
8.056000E+00 7.012617E+01
8.064000E+00 7.012819E+01
8.072000E+00 7.010884E+01
8.080000E+00 7.009910E+01
8.088000E+00 7.012767E+01
8.096000E+00 7.012136E+01
8.104000E+00 7.008917E+01
8.112000E+00 7.011553E+01
8.120000E+00 7.010727E+01
8.128000E+00 7.008666E+01
8.136000E+00 7.009616E+01
8.144000E+00 7.011142E+01
8.152000E+00 7.009812E+01
8.160000E+00 7.007217E+01
8.168000E+00 7.009477E+01
8.176000E+00 7.009263E+01
8.184000E+00 7.008676E+01
8.192000E+00 7.009604E+01
8.200000E+00 7.009827E+01
8.208000E+00 7.009285E+01
8.216000E+00 7.010696E+01
8.224000E+00 7.010571E+01
8.232000E+00 7.009670E+01
8.240000E+00 7.009165E+01
8.248000E+00 7.011703E+01
8.256000E+00 7.009621E+01
8.264000E+00 7.007322E+01
8.272000E+00 7.008756E+01
8.280000E+00 7.008299E+01
8.288000E+00 7.011123E+01
8.296000E+00 7.010717E+01
8.304000E+00 7.008089E+01
8.312000E+00 7.008768E+01
8.320000E+00 7.008851E+01
8.328000E+00 7.006990E+01
8.336000E+00 7.007847E+01
8.344000E+00 7.008820E+01
8.352000E+00 7.007671E+01
8.360000E+00 7.005831E+01
8.368000E+00 7.006717E+01
8.376000E+00 7.007686E+01
8.384000E+00 7.005037E+01
8.392000E+00 7.006560E+01
8.400000E+00 7.004503E+01
8.408000E+00 7.005217E+01
8.416000E+00 7.006891E+01
8.424000E+00 7.005037E+01
8.432000E+00 7.006797E+01
8.440000E+00 7.005607E+01
8.448000E+00 7.006157E+01
8.456000E+00 7.007407E+01
8.464000E+00 7.005600E+01
8.472000E+00 7.004293E+01
8.480000E+00 7.008606E+01
8.488000E+00 7.007236E+01
8.496000E+00 7.005303E+01
8.504000E+00 7.006882E+01
8.512000E+00 7.008820E+01
8.520000E+00 7.008553E+01
8.528000E+00 7.005955E+01
8.536000E+00 7.005833E+01
8.544000E+00 7.006996E+01
8.552000E+00 7.006231E+01
8.560000E+00 7.002611E+01
8.568000E+00 7.005111E+01
8.576000E+00 7.003316E+01
8.584000E+00 7.003516E+01
8.592000E+00 7.002992E+01
8.600000E+00 7.007131E+01
8.608000E+00 7.005422E+01
8.616000E+00 7.000577E+01
8.624000E+00 7.008025E+01
8.632000E+00 7.007203E+01
8.640000E+00 7.003374E+01
8.648000E+00 7.004983E+01
8.656000E+00 7.006356E+01
8.664000E+00 7.007151E+01
8.672000E+00 7.009144E+01
8.680000E+00 7.007036E+01
8.688000E+00 7.004600E+01
8.696000E+00 7.006196E+01
8.704000E+00 7.008534E+01
8.712000E+00 7.007968E+01
8.720000E+00 7.006663E+01
8.728000E+00 7.005793E+01
8.736000E+00 7.003605E+01
8.744000E+00 7.008310E+01
8.752000E+00 7.008138E+01
8.760000E+00 7.004757E+01
8.768000E+00 7.007576E+01
8.776000E+00 7.008919E+01
8.784000E+00 7.004491E+01
8.792000E+00 7.003340E+01
8.800000E+00 7.007325E+01
8.808000E+00 7.006311E+01
8.816000E+00 7.005653E+01
8.824000E+00 7.005134E+01
8.832000E+00 7.008288E+01
8.840000E+00 7.008095E+01
8.848000E+00 7.002044E+01
8.856000E+00 7.003321E+01
8.864000E+00 7.006157E+01
8.872000E+00 7.005836E+01
8.880000E+00 7.006929E+01
8.888000E+00 7.008287E+01
8.896000E+00 7.003559E+01
8.904000E+00 7.011365E+01
8.912000E+00 7.010216E+01
8.920000E+00 7.006859E+01
8.928000E+00 7.007268E+01
8.936000E+00 7.007169E+01
8.944000E+00 7.008224E+01
8.952000E+00 7.005127E+01
8.960000E+00 7.004574E+01
8.968000E+00 7.008725E+01
8.976000E+00 7.009455E+01
8.984000E+00 7.007854E+01
8.992000E+00 7.008449E+01
9.000000E+00 7.008978E+01
9.008000E+00 7.008542E+01
9.016000E+00 7.010089E+01
9.024000E+00 7.011510E+01
9.032000E+00 7.008288E+01
9.040000E+00 7.009897E+01
9.048000E+00 7.009821E+01
9.056000E+00 7.010446E+01
9.064000E+00 7.011185E+01
9.072000E+00 7.012351E+01
9.080000E+00 7.013570E+01
9.088000E+00 7.013273E+01
9.096000E+00 7.012824E+01
9.104000E+00 7.011561E+01
9.112000E+00 7.012876E+01
9.120000E+00 7.014377E+01
9.128000E+00 7.014666E+01
9.136000E+00 7.012790E+01
9.144000E+00 7.013191E+01
9.152000E+00 7.014621E+01
9.160000E+00 7.014189E+01
9.168000E+00 7.013704E+01
9.176000E+00 7.013008E+01
9.184000E+00 7.013425E+01
9.192000E+00 7.014226E+01
9.200000E+00 7.014106E+01
9.208000E+00 7.013322E+01
9.216000E+00 7.014282E+01
9.224000E+00 7.011851E+01
9.232000E+00 7.013055E+01
9.240000E+00 7.014878E+01
9.248000E+00 7.013065E+01
9.256000E+00 7.012774E+01
9.264000E+00 7.015067E+01
9.272000E+00 7.014040E+01
9.280000E+00 7.012664E+01
9.288000E+00 7.016128E+01
9.296000E+00 7.014468E+01
9.304000E+00 7.011748E+01
9.312000E+00 7.013820E+01
9.320000E+00 7.015905E+01
9.328000E+00 7.015665E+01
9.336000E+00 7.015519E+01
9.344000E+00 7.016012E+01
9.352000E+00 7.016051E+01
9.360000E+00 7.014416E+01
9.368000E+00 7.015885E+01
9.376000E+00 7.017714E+01
9.384000E+00 7.016199E+01
9.392000E+00 7.015082E+01
9.400000E+00 7.015542E+01
9.408000E+00 7.016214E+01
9.416000E+00 7.015477E+01
9.424000E+00 7.016465E+01
9.432000E+00 7.014416E+01
9.440000E+00 7.015359E+01
9.448000E+00 7.015098E+01
9.456000E+00 7.012105E+01
9.464000E+00 7.014943E+01
9.472000E+00 7.014887E+01
9.480000E+00 7.013383E+01
9.488000E+00 7.015510E+01
9.496000E+00 7.016683E+01
9.504000E+00 7.015069E+01
9.512000E+00 7.015187E+01
9.520000E+00 7.017173E+01
9.528000E+00 7.016711E+01
9.536000E+00 7.018254E+01
9.544000E+00 7.018317E+01
9.552000E+00 7.015709E+01
9.560000E+00 7.017451E+01
9.568000E+00 7.018697E+01
9.576000E+00 7.016727E+01
9.584000E+00 7.019285E+01
9.592000E+00 7.018451E+01
9.600000E+00 7.015501E+01
9.608000E+00 7.018679E+01
9.616000E+00 7.020103E+01
9.624000E+00 7.020748E+01
9.632000E+00 7.020679E+01
9.640000E+00 7.018578E+01
9.648000E+00 7.018672E+01
9.656000E+00 7.019702E+01
9.664000E+00 7.021341E+01
9.672000E+00 7.019720E+01
9.680000E+00 7.018120E+01
9.688000E+00 7.021833E+01
9.696000E+00 7.018403E+01
9.704000E+00 7.017786E+01
9.712000E+00 7.022785E+01
9.720000E+00 7.020925E+01
9.728000E+00 7.017923E+01
9.736000E+00 7.020499E+01
9.744000E+00 7.020217E+01
9.752000E+00 7.019151E+01
9.760000E+00 7.020131E+01
9.768000E+00 7.020468E+01
9.776000E+00 7.019885E+01
9.784000E+00 7.019115E+01
9.792000E+00 7.020493E+01
9.800000E+00 7.020417E+01
9.808000E+00 7.020236E+01
9.816000E+00 7.019886E+01
9.824000E+00 7.019587E+01
9.832000E+00 7.020338E+01
9.840000E+00 7.020242E+01
9.848000E+00 7.019755E+01
9.856000E+00 7.019961E+01
9.864000E+00 7.020834E+01
9.872000E+00 7.019869E+01
9.880000E+00 7.016837E+01
9.888000E+00 7.020267E+01
9.896000E+00 7.020012E+01
9.904000E+00 7.018413E+01
9.912000E+00 7.018235E+01
9.920000E+00 7.019787E+01
9.928000E+00 7.018826E+01
9.936000E+00 7.016695E+01
9.944000E+00 7.018889E+01
9.952000E+00 7.018929E+01
9.960000E+00 7.018562E+01
9.968000E+00 7.021133E+01
9.976000E+00 7.019267E+01
9.984000E+00 7.016734E+01
9.992000E+00 7.019145E+01
1.000000E+01 7.020471E+01
1.000800E+01 7.018835E+01
1.001600E+01 7.019945E+01
1.002400E+01 7.017069E+01
1.003200E+01 7.018562E+01
1.004000E+01 7.020052E+01
1.004800E+01 7.017700E+01
1.005600E+01 7.018505E+01
1.006400E+01 7.019558E+01
1.007200E+01 7.019125E+01
1.008000E+01 7.018254E+01
1.008800E+01 7.018958E+01
1.009600E+01 7.017691E+01
1.010400E+01 7.016443E+01
1.011200E+01 7.018731E+01
1.012000E+01 7.019026E+01
1.012800E+01 7.016462E+01
1.013600E+01 7.017636E+01
1.014400E+01 7.018522E+01
1.015200E+01 7.016196E+01
1.016000E+01 7.016881E+01
1.016800E+01 7.018387E+01
1.017600E+01 7.015067E+01
1.018400E+01 7.015715E+01
1.019200E+01 7.018150E+01
1.020000E+01 7.017963E+01
1.020800E+01 7.015493E+01
1.021600E+01 7.017527E+01
1.022400E+01 7.018280E+01
1.023200E+01 7.017297E+01
1.024000E+01 7.017929E+01
1.024800E+01 7.018484E+01
1.025600E+01 7.017673E+01
1.026400E+01 7.015288E+01
1.027200E+01 7.016790E+01
1.028000E+01 7.018383E+01
1.028800E+01 7.017389E+01
1.029600E+01 7.016392E+01
1.030400E+01 7.017061E+01
1.031200E+01 7.017598E+01
1.032000E+01 7.017825E+01
1.032800E+01 7.017634E+01
1.033600E+01 7.017003E+01
1.034400E+01 7.016082E+01
1.035200E+01 7.015399E+01
1.036000E+01 7.017005E+01
1.036800E+01 7.015343E+01
1.037600E+01 7.014796E+01
1.038400E+01 7.016669E+01
1.039200E+01 7.016456E+01
1.040000E+01 7.012986E+01
1.040800E+01 7.013076E+01
1.041600E+01 7.015871E+01
1.042400E+01 7.017045E+01
1.043200E+01 7.015696E+01
1.044000E+01 7.014519E+01
1.044800E+01 7.017991E+01
1.045600E+01 7.016734E+01
1.046400E+01 7.015250E+01
1.047200E+01 7.019579E+01
1.048000E+01 7.019969E+01
1.048800E+01 7.017110E+01
1.049600E+01 7.018587E+01
1.050400E+01 7.018747E+01
1.051200E+01 7.018081E+01
1.052000E+01 7.019489E+01
1.052800E+01 7.018202E+01
1.053600E+01 7.016186E+01
1.054400E+01 7.018187E+01
1.055200E+01 7.018475E+01
1.056000E+01 7.015820E+01
1.056800E+01 7.017740E+01
1.057600E+01 7.017562E+01
1.058400E+01 7.018562E+01
1.059200E+01 7.019026E+01
1.060000E+01 7.017003E+01
1.060800E+01 7.016378E+01
1.061600E+01 7.015827E+01
1.062400E+01 7.017504E+01
1.063200E+01 7.017906E+01
1.064000E+01 7.018107E+01
1.064800E+01 7.016933E+01
1.065600E+01 7.016436E+01
1.066400E+01 7.017046E+01
1.067200E+01 7.017767E+01
1.068000E+01 7.017415E+01
1.068800E+01 7.018026E+01
1.069600E+01 7.018925E+01
1.070400E+01 7.017364E+01
1.071200E+01 7.017071E+01
1.072000E+01 7.017008E+01
1.072800E+01 7.017026E+01
1.073600E+01 7.017269E+01
1.074400E+01 7.017185E+01
1.075200E+01 7.019044E+01
1.076000E+01 7.018714E+01
1.076800E+01 7.017781E+01
1.077600E+01 7.019394E+01
1.078400E+01 7.017307E+01
1.079200E+01 7.019850E+01
1.080000E+01 7.019313E+01
1.080800E+01 7.016982E+01
1.081600E+01 7.020695E+01
1.082400E+01 7.020176E+01
1.083200E+01 7.016437E+01
1.084000E+01 7.017968E+01
1.084800E+01 7.019191E+01
1.085600E+01 7.016125E+01
1.086400E+01 7.018194E+01
1.087200E+01 7.018345E+01
1.088000E+01 7.017760E+01
1.088800E+01 7.019163E+01
1.089600E+01 7.017463E+01
1.090400E+01 7.016253E+01
1.091200E+01 7.018143E+01
1.092000E+01 7.017953E+01
1.092800E+01 7.018424E+01
1.093600E+01 7.016471E+01
1.094400E+01 7.018970E+01
1.095200E+01 7.016522E+01
1.096000E+01 7.017032E+01
1.096800E+01 7.021994E+01
1.097600E+01 7.015364E+01
1.098400E+01 7.017704E+01
1.099200E+01 7.013154E+01
1.100000E+01 7.015706E+01
1.100800E+01 7.015889E+01
1.101600E+01 7.015912E+01
1.102400E+01 7.017564E+01
1.103200E+01 7.018966E+01
1.104000E+01 7.018120E+01
1.104800E+01 7.017654E+01
1.105600E+01 7.017794E+01
1.106400E+01 7.018003E+01
1.107200E+01 7.018451E+01
1.108000E+01 7.018941E+01
1.108800E+01 7.016203E+01
1.109600E+01 7.018281E+01
1.110400E+01 7.019030E+01
1.111200E+01 7.019264E+01
1.112000E+01 7.020206E+01
1.112800E+01 7.020087E+01
1.113600E+01 7.019079E+01
1.114400E+01 7.017158E+01
1.115200E+01 7.018016E+01
1.116000E+01 7.018147E+01
1.116800E+01 7.016705E+01
1.117600E+01 7.019547E+01
1.118400E+01 7.016922E+01
1.119200E+01 7.016015E+01
1.120000E+01 7.017276E+01
1.120800E+01 7.017072E+01
1.121600E+01 7.017469E+01
1.122400E+01 7.017215E+01
1.123200E+01 7.017759E+01
1.124000E+01 7.017231E+01
1.124800E+01 7.016240E+01
1.125600E+01 7.015475E+01
1.126400E+01 7.016007E+01
1.127200E+01 7.016739E+01
1.128000E+01 7.017219E+01
1.128800E+01 7.017927E+01
1.129600E+01 7.015655E+01
1.130400E+01 7.014563E+01
1.131200E+01 7.016260E+01
1.132000E+01 7.018255E+01
1.132800E+01 7.012343E+01
1.133600E+01 7.014050E+01
1.134400E+01 7.016373E+01
1.135200E+01 7.016825E+01
1.136000E+01 7.011476E+01
1.136800E+01 7.014410E+01
1.137600E+01 7.019922E+01
1.138400E+01 7.013715E+01
1.139200E+01 7.016770E+01
1.140000E+01 7.016904E+01
1.140800E+01 7.015245E+01
1.141600E+01 7.018802E+01
1.142400E+01 7.017538E+01
1.143200E+01 7.015949E+01
1.144000E+01 7.018564E+01
1.144800E+01 7.016397E+01
1.145600E+01 7.015147E+01
1.146400E+01 7.017068E+01
1.147200E+01 7.016584E+01
1.148000E+01 7.014168E+01
1.148800E+01 7.017433E+01
1.149600E+01 7.018384E+01
1.150400E+01 7.016184E+01
1.151200E+01 7.016806E+01
1.152000E+01 7.016127E+01
1.152800E+01 7.017355E+01
1.153600E+01 7.017432E+01
1.154400E+01 7.015399E+01
1.155200E+01 7.015441E+01
1.156000E+01 7.018800E+01
1.156800E+01 7.018845E+01
1.157600E+01 7.016532E+01
1.158400E+01 7.016676E+01
1.159200E+01 7.015302E+01
1.160000E+01 7.018368E+01
1.160800E+01 7.017307E+01
1.161600E+01 7.018597E+01
1.162400E+01 7.016008E+01
1.163200E+01 7.016345E+01
1.164000E+01 7.019986E+01
1.164800E+01 7.018728E+01
1.165600E+01 7.015535E+01
1.166400E+01 7.018546E+01
1.167200E+01 7.020488E+01
1.168000E+01 7.013956E+01
1.168800E+01 7.017971E+01
1.169600E+01 7.019462E+01
1.170400E+01 7.018615E+01
1.171200E+01 7.018635E+01
1.172000E+01 7.018479E+01
1.172800E+01 7.019802E+01
1.173600E+01 7.020841E+01
1.174400E+01 7.016368E+01
1.175200E+01 7.021373E+01
1.176000E+01 7.023761E+01
1.176800E+01 7.020422E+01
1.177600E+01 7.017622E+01
1.178400E+01 7.021684E+01
1.179200E+01 7.022632E+01
1.180000E+01 7.019769E+01
1.180800E+01 7.021241E+01
1.181600E+01 7.024724E+01
1.182400E+01 7.023235E+01
1.183200E+01 7.019331E+01
1.184000E+01 7.021778E+01
1.184800E+01 7.023520E+01
1.185600E+01 7.023469E+01
1.186400E+01 7.019764E+01
1.187200E+01 7.022517E+01
1.188000E+01 7.022519E+01
1.188800E+01 7.020467E+01
1.189600E+01 7.022603E+01
1.190400E+01 7.024526E+01
1.191200E+01 7.022810E+01
1.192000E+01 7.023161E+01
1.192800E+01 7.024567E+01
1.193600E+01 7.023689E+01
1.194400E+01 7.021096E+01
1.195200E+01 7.024667E+01
1.196000E+01 7.026510E+01
1.196800E+01 7.023143E+01
1.197600E+01 7.020884E+01
1.198400E+01 7.022903E+01
1.199200E+01 7.024235E+01
1.200000E+01 7.023370E+01
1.200800E+01 7.023153E+01
1.201600E+01 7.024166E+01
1.202400E+01 7.023981E+01
1.203200E+01 7.024313E+01
1.204000E+01 7.024231E+01
1.204800E+01 7.023238E+01
1.205600E+01 7.024003E+01
1.206400E+01 7.025682E+01
1.207200E+01 7.024932E+01
1.208000E+01 7.025415E+01
1.208800E+01 7.026110E+01
1.209600E+01 7.024581E+01
1.210400E+01 7.025739E+01
1.211200E+01 7.027829E+01
1.212000E+01 7.025772E+01
1.212800E+01 7.022818E+01
1.213600E+01 7.025924E+01
1.214400E+01 7.027823E+01
1.215200E+01 7.025938E+01
1.216000E+01 7.023069E+01
1.216800E+01 7.025028E+01
1.217600E+01 7.026254E+01
1.218400E+01 7.024566E+01
1.219200E+01 7.023595E+01
1.220000E+01 7.026239E+01
1.220800E+01 7.025194E+01
1.221600E+01 7.025313E+01
1.222400E+01 7.024006E+01
1.223200E+01 7.024303E+01
1.224000E+01 7.025992E+01
1.224800E+01 7.023145E+01
1.225600E+01 7.024279E+01
1.226400E+01 7.025270E+01
1.227200E+01 7.022501E+01
1.228000E+01 7.021460E+01
1.228800E+01 7.024383E+01
1.229600E+01 7.025690E+01
1.230400E+01 7.022903E+01
1.231200E+01 7.019618E+01
1.232000E+01 7.024989E+01
1.232800E+01 7.023513E+01
1.233600E+01 7.023404E+01
1.234400E+01 7.024122E+01
1.235200E+01 7.023734E+01
1.236000E+01 7.023706E+01
1.236800E+01 7.024362E+01
1.237600E+01 7.024276E+01
1.238400E+01 7.024762E+01
1.239200E+01 7.026191E+01
1.240000E+01 7.025696E+01
1.240800E+01 7.024738E+01
1.241600E+01 7.025896E+01
1.242400E+01 7.025969E+01
1.243200E+01 7.025750E+01
1.244000E+01 7.026000E+01
1.244800E+01 7.025168E+01
1.245600E+01 7.025172E+01
1.246400E+01 7.026878E+01
1.247200E+01 7.025897E+01
1.248000E+01 7.026756E+01
1.248800E+01 7.027885E+01
1.249600E+01 7.026354E+01
1.250400E+01 7.025596E+01
1.251200E+01 7.025754E+01
1.252000E+01 7.025852E+01
1.252800E+01 7.027118E+01
1.253600E+01 7.027509E+01
1.254400E+01 7.027144E+01
1.255200E+01 7.027074E+01
1.256000E+01 7.027509E+01
1.256800E+01 7.027020E+01
1.257600E+01 7.026660E+01
1.258400E+01 7.027080E+01
1.259200E+01 7.026851E+01
1.260000E+01 7.027488E+01
1.260800E+01 7.027510E+01
1.261600E+01 7.026676E+01
1.262400E+01 7.026167E+01
1.263200E+01 7.027960E+01
1.264000E+01 7.027640E+01
1.264800E+01 7.023983E+01
1.265600E+01 7.026659E+01
1.266400E+01 7.028051E+01
1.267200E+01 7.025709E+01
1.268000E+01 7.026440E+01
1.268800E+01 7.027232E+01
1.269600E+01 7.027283E+01
1.270400E+01 7.026400E+01
1.271200E+01 7.027092E+01
1.272000E+01 7.027680E+01
1.272800E+01 7.026993E+01
1.273600E+01 7.026531E+01
1.274400E+01 7.026806E+01
1.275200E+01 7.027244E+01
1.276000E+01 7.026675E+01
1.276800E+01 7.025211E+01
1.277600E+01 7.027098E+01
1.278400E+01 7.025413E+01
1.279200E+01 7.025796E+01
1.280000E+01 7.026377E+01
1.280800E+01 7.024348E+01
1.281600E+01 7.024035E+01
1.282400E+01 7.025325E+01
1.283200E+01 7.027209E+01
1.284000E+01 7.026757E+01
1.284800E+01 7.026869E+01
1.285600E+01 7.025955E+01
1.286400E+01 7.025352E+01
1.287200E+01 7.025635E+01
1.288000E+01 7.025835E+01
1.288800E+01 7.026768E+01
1.289600E+01 7.024709E+01
1.290400E+01 7.025038E+01
1.291200E+01 7.025719E+01
1.292000E+01 7.024277E+01
1.292800E+01 7.025989E+01
1.293600E+01 7.026977E+01
1.294400E+01 7.024269E+01
1.295200E+01 7.022798E+01
1.296000E+01 7.025961E+01
1.296800E+01 7.025004E+01
1.297600E+01 7.024806E+01
1.298400E+01 7.025748E+01
1.299200E+01 7.026495E+01
1.300000E+01 7.026630E+01
1.300800E+01 7.023871E+01
1.301600E+01 7.022174E+01
1.302400E+01 7.024873E+01
1.303200E+01 7.023671E+01
1.304000E+01 7.023848E+01
1.304800E+01 7.024157E+01
1.305600E+01 7.022308E+01
1.306400E+01 7.025780E+01
1.307200E+01 7.025074E+01
1.308000E+01 7.022996E+01
1.308800E+01 7.022151E+01
1.309600E+01 7.024621E+01
1.310400E+01 7.024660E+01
1.311200E+01 7.020478E+01
1.312000E+01 7.025094E+01
1.312800E+01 7.024759E+01
1.313600E+01 7.021699E+01
1.314400E+01 7.025677E+01
1.315200E+01 7.025642E+01
1.316000E+01 7.023847E+01
1.316800E+01 7.025001E+01
1.317600E+01 7.023978E+01
1.318400E+01 7.022435E+01
1.319200E+01 7.024484E+01
1.320000E+01 7.022887E+01
1.320800E+01 7.023212E+01
1.321600E+01 7.025834E+01
1.322400E+01 7.022885E+01
1.323200E+01 7.022072E+01
1.324000E+01 7.022971E+01
1.324800E+01 7.023172E+01
1.325600E+01 7.024573E+01
1.326400E+01 7.024424E+01
1.327200E+01 7.021017E+01
1.328000E+01 7.019062E+01
1.328800E+01 7.023061E+01
1.329600E+01 7.025422E+01
1.330400E+01 7.023062E+01
1.331200E+01 7.020292E+01
1.332000E+01 7.023678E+01
1.332800E+01 7.023396E+01
1.333600E+01 7.022137E+01
1.334400E+01 7.023694E+01
1.335200E+01 7.023815E+01
1.336000E+01 7.022917E+01
1.336800E+01 7.023100E+01
1.337600E+01 7.023398E+01
1.338400E+01 7.022578E+01
1.339200E+01 7.024611E+01
1.340000E+01 7.025295E+01
1.340800E+01 7.022836E+01
1.341600E+01 7.022825E+01
1.342400E+01 7.024222E+01
1.343200E+01 7.024348E+01
1.344000E+01 7.021409E+01
1.344800E+01 7.022755E+01
1.345600E+01 7.023336E+01
1.346400E+01 7.022776E+01
1.347200E+01 7.022693E+01
1.348000E+01 7.023679E+01
1.348800E+01 7.025282E+01
1.349600E+01 7.023792E+01
1.350400E+01 7.020916E+01
1.351200E+01 7.022653E+01
1.352000E+01 7.024045E+01
1.352800E+01 7.023151E+01
1.353600E+01 7.023122E+01
1.354400E+01 7.021559E+01
1.355200E+01 7.021531E+01
1.356000E+01 7.024024E+01
1.356800E+01 7.020510E+01
1.357600E+01 7.020102E+01
1.358400E+01 7.024086E+01
1.359200E+01 7.021816E+01
1.360000E+01 7.019978E+01
1.360800E+01 7.022946E+01
1.361600E+01 7.024074E+01
1.362400E+01 7.022043E+01
1.363200E+01 7.018978E+01
1.364000E+01 7.022118E+01
1.364800E+01 7.022612E+01
1.365600E+01 7.022266E+01
1.366400E+01 7.022764E+01
1.367200E+01 7.022051E+01
1.368000E+01 7.020157E+01
1.368800E+01 7.023051E+01
1.369600E+01 7.021972E+01
1.370400E+01 7.020869E+01
1.371200E+01 7.021512E+01
1.372000E+01 7.020402E+01
1.372800E+01 7.020997E+01
1.373600E+01 7.022863E+01
1.374400E+01 7.022269E+01
1.375200E+01 7.020684E+01
1.376000E+01 7.019454E+01
1.376800E+01 7.019918E+01
1.377600E+01 7.019507E+01
1.378400E+01 7.018548E+01
1.379200E+01 7.018664E+01
1.380000E+01 7.018679E+01
1.380800E+01 7.018100E+01
1.381600E+01 7.021035E+01
1.382400E+01 7.019979E+01
1.383200E+01 7.018219E+01
1.384000E+01 7.017737E+01
1.384800E+01 7.021187E+01
1.385600E+01 7.020565E+01
1.386400E+01 7.014354E+01
1.387200E+01 7.018691E+01
1.388000E+01 7.017988E+01
1.388800E+01 7.018491E+01
1.389600E+01 7.019815E+01
1.390400E+01 7.017506E+01
1.391200E+01 7.016843E+01
1.392000E+01 7.021741E+01
1.392800E+01 7.022028E+01
1.393600E+01 7.018901E+01
1.394400E+01 7.018027E+01
1.395200E+01 7.017822E+01
1.396000E+01 7.019593E+01
1.396800E+01 7.019599E+01
1.397600E+01 7.018414E+01
1.398400E+01 7.021408E+01
1.399200E+01 7.020002E+01
1.400000E+01 7.015098E+01
1.400800E+01 7.016399E+01
1.401600E+01 7.017515E+01
1.402400E+01 7.017097E+01
1.403200E+01 7.016502E+01
1.404000E+01 7.019943E+01
1.404800E+01 7.018654E+01
1.405600E+01 7.015356E+01
1.406400E+01 7.018432E+01
1.407200E+01 7.020578E+01
1.408000E+01 7.019851E+01
1.408800E+01 7.017234E+01
1.409600E+01 7.017908E+01
1.410400E+01 7.018400E+01
1.411200E+01 7.017043E+01
1.412000E+01 7.017639E+01
1.412800E+01 7.017539E+01
1.413600E+01 7.017484E+01
1.414400E+01 7.016794E+01
1.415200E+01 7.017024E+01
1.416000E+01 7.015312E+01
1.416800E+01 7.015151E+01
1.417600E+01 7.016443E+01
1.418400E+01 7.015019E+01
1.419200E+01 7.013612E+01
1.420000E+01 7.018686E+01
1.420800E+01 7.018238E+01
1.421600E+01 7.014400E+01
1.422400E+01 7.015444E+01
1.423200E+01 7.016760E+01
1.424000E+01 7.015941E+01
1.424800E+01 7.016185E+01
1.425600E+01 7.017316E+01
1.426400E+01 7.016175E+01
1.427200E+01 7.014667E+01
1.428000E+01 7.016851E+01
1.428800E+01 7.018680E+01
1.429600E+01 7.017299E+01
1.430400E+01 7.014312E+01
1.431200E+01 7.014719E+01
1.432000E+01 7.018948E+01
1.432800E+01 7.018439E+01
1.433600E+01 7.016291E+01
1.434400E+01 7.020664E+01
1.435200E+01 7.020205E+01
1.436000E+01 7.015902E+01
1.436800E+01 7.018356E+01
1.437600E+01 7.021810E+01
1.438400E+01 7.020292E+01
1.439200E+01 7.017565E+01
1.440000E+01 7.018639E+01
1.440800E+01 7.019820E+01
1.441600E+01 7.019236E+01
1.442400E+01 7.018321E+01
1.443200E+01 7.019828E+01
1.444000E+01 7.019197E+01
1.444800E+01 7.016406E+01
1.445600E+01 7.018081E+01
1.446400E+01 7.018047E+01
1.447200E+01 7.018163E+01
1.448000E+01 7.018343E+01
1.448800E+01 7.017754E+01
1.449600E+01 7.017830E+01
1.450400E+01 7.018001E+01
1.451200E+01 7.019468E+01
1.452000E+01 7.020399E+01
1.452800E+01 7.019227E+01
1.453600E+01 7.021271E+01
1.454400E+01 7.019191E+01
1.455200E+01 7.019640E+01
1.456000E+01 7.020943E+01
1.456800E+01 7.021314E+01
1.457600E+01 7.017667E+01
1.458400E+01 7.016735E+01
1.459200E+01 7.020767E+01
1.460000E+01 7.017371E+01
1.460800E+01 7.017276E+01
1.461600E+01 7.019663E+01
1.462400E+01 7.019072E+01
1.463200E+01 7.016026E+01
1.464000E+01 7.016877E+01
1.464800E+01 7.018846E+01
1.465600E+01 7.018449E+01
1.466400E+01 7.018499E+01
1.467200E+01 7.015169E+01
1.468000E+01 7.019394E+01
1.468800E+01 7.018834E+01
1.469600E+01 7.017938E+01
1.470400E+01 7.018273E+01
1.471200E+01 7.019371E+01
1.472000E+01 7.017972E+01
1.472800E+01 7.015823E+01
1.473600E+01 7.019311E+01
1.474400E+01 7.019549E+01
1.475200E+01 7.018314E+01
1.476000E+01 7.017193E+01
1.476800E+01 7.017030E+01
1.477600E+01 7.018267E+01
1.478400E+01 7.019058E+01
1.479200E+01 7.021572E+01
1.480000E+01 7.019640E+01
1.480800E+01 7.018789E+01
1.481600E+01 7.019451E+01
1.482400E+01 7.018103E+01
1.483200E+01 7.020061E+01
1.484000E+01 7.021613E+01
1.484800E+01 7.019768E+01
1.485600E+01 7.020016E+01
1.486400E+01 7.019449E+01
1.487200E+01 7.019058E+01
1.488000E+01 7.019936E+01
1.488800E+01 7.018754E+01
1.489600E+01 7.017847E+01
1.490400E+01 7.018757E+01
1.491200E+01 7.019807E+01
1.492000E+01 7.019147E+01
1.492800E+01 7.017131E+01
1.493600E+01 7.017218E+01
1.494400E+01 7.017881E+01
1.495200E+01 7.020503E+01
1.496000E+01 7.019521E+01
1.496800E+01 7.014906E+01
1.497600E+01 7.017466E+01
1.498400E+01 7.018276E+01
1.499200E+01 7.017633E+01
1.500000E+01 7.014873E+01
1.500800E+01 7.011680E+01
1.501600E+01 7.017848E+01
1.502400E+01 7.018033E+01
1.503200E+01 7.015347E+01
1.504000E+01 7.016187E+01
1.504800E+01 7.015456E+01
1.505600E+01 7.014799E+01
1.506400E+01 7.015404E+01
1.507200E+01 7.017868E+01
1.508000E+01 7.016861E+01
1.508800E+01 7.015080E+01
1.509600E+01 7.014727E+01
1.510400E+01 7.018058E+01
1.511200E+01 7.015519E+01
1.512000E+01 7.015388E+01
1.512800E+01 7.017653E+01
1.513600E+01 7.016757E+01
1.514400E+01 7.015997E+01
1.515200E+01 7.018001E+01
1.516000E+01 7.018578E+01
1.516800E+01 7.016330E+01
1.517600E+01 7.016292E+01
1.518400E+01 7.019428E+01
1.519200E+01 7.019366E+01
1.520000E+01 7.015845E+01
1.520800E+01 7.017162E+01
1.521600E+01 7.018542E+01
1.522400E+01 7.018289E+01
1.523200E+01 7.016735E+01
1.524000E+01 7.016638E+01
1.524800E+01 7.016397E+01
1.525600E+01 7.018571E+01
1.526400E+01 7.017119E+01
1.527200E+01 7.016944E+01
1.528000E+01 7.017035E+01
1.528800E+01 7.016841E+01
1.529600E+01 7.017162E+01
1.530400E+01 7.018649E+01
1.531200E+01 7.018041E+01
1.532000E+01 7.017420E+01
1.532800E+01 7.016338E+01
1.533600E+01 7.018625E+01
1.534400E+01 7.018380E+01
1.535200E+01 7.016717E+01
1.536000E+01 7.017813E+01
1.536800E+01 7.016873E+01
1.537600E+01 7.016657E+01
1.538400E+01 7.017697E+01
1.539200E+01 7.019194E+01
1.540000E+01 7.018571E+01
1.540800E+01 7.017420E+01
1.541600E+01 7.017235E+01
1.542400E+01 7.019070E+01
1.543200E+01 7.018764E+01
1.544000E+01 7.016788E+01
1.544800E+01 7.017193E+01
1.545600E+01 7.018929E+01
1.546400E+01 7.020155E+01
1.547200E+01 7.019644E+01
1.548000E+01 7.018852E+01
1.548800E+01 7.019052E+01
1.549600E+01 7.019997E+01
1.550400E+01 7.020037E+01
1.551200E+01 7.018922E+01
1.552000E+01 7.019588E+01
1.552800E+01 7.020961E+01
1.553600E+01 7.021229E+01
1.554400E+01 7.020158E+01
1.555200E+01 7.020504E+01
1.556000E+01 7.022339E+01
1.556800E+01 7.020998E+01
1.557600E+01 7.020003E+01
1.558400E+01 7.021550E+01
1.559200E+01 7.021508E+01
1.560000E+01 7.019743E+01
1.560800E+01 7.020781E+01
1.561600E+01 7.022543E+01
1.562400E+01 7.022260E+01
1.563200E+01 7.022139E+01
1.564000E+01 7.022015E+01
1.564800E+01 7.023058E+01
1.565600E+01 7.023079E+01
1.566400E+01 7.021389E+01
1.567200E+01 7.020862E+01
1.568000E+01 7.020995E+01
1.568800E+01 7.021394E+01
1.569600E+01 7.022027E+01
1.570400E+01 7.020968E+01
1.571200E+01 7.021137E+01
1.572000E+01 7.022766E+01
1.572800E+01 7.021976E+01
1.573600E+01 7.020727E+01
1.574400E+01 7.023148E+01
1.575200E+01 7.022148E+01
1.576000E+01 7.019117E+01
1.576800E+01 7.023590E+01
1.577600E+01 7.023415E+01
1.578400E+01 7.022637E+01
1.579200E+01 7.022488E+01
1.580000E+01 7.024811E+01
1.580800E+01 7.024153E+01
1.581600E+01 7.024008E+01
1.582400E+01 7.022962E+01
1.583200E+01 7.022854E+01
1.584000E+01 7.023800E+01
1.584800E+01 7.024022E+01
1.585600E+01 7.023733E+01
1.586400E+01 7.024948E+01
1.587200E+01 7.024505E+01
1.588000E+01 7.023954E+01
1.588800E+01 7.024861E+01
1.589600E+01 7.025851E+01
1.590400E+01 7.025186E+01
1.591200E+01 7.023138E+01
1.592000E+01 7.023911E+01
1.592800E+01 7.025484E+01
1.593600E+01 7.023441E+01
1.594400E+01 7.024513E+01
1.595200E+01 7.025310E+01
1.596000E+01 7.023861E+01
1.596800E+01 7.022927E+01
1.597600E+01 7.024091E+01
1.598400E+01 7.024673E+01
1.599200E+01 7.025216E+01
1.600000E+01 7.025230E+01
1.600800E+01 7.025003E+01
1.601600E+01 7.024789E+01
1.602400E+01 7.023742E+01
1.603200E+01 7.025591E+01
1.604000E+01 7.025140E+01
1.604800E+01 7.024086E+01
1.605600E+01 7.024753E+01
1.606400E+01 7.025370E+01
1.607200E+01 7.024363E+01
1.608000E+01 7.024856E+01
1.608800E+01 7.024081E+01
1.609600E+01 7.024752E+01
1.610400E+01 7.024859E+01
1.611200E+01 7.024542E+01
1.612000E+01 7.026079E+01
1.612800E+01 7.025867E+01
1.613600E+01 7.023982E+01
1.614400E+01 7.023920E+01
1.615200E+01 7.025493E+01
1.616000E+01 7.025338E+01
1.616800E+01 7.024796E+01
1.617600E+01 7.024584E+01
1.618400E+01 7.024479E+01
1.619200E+01 7.025366E+01
1.620000E+01 7.025827E+01
1.620800E+01 7.025319E+01
1.621600E+01 7.024068E+01
1.622400E+01 7.025623E+01
1.623200E+01 7.024495E+01
1.624000E+01 7.026003E+01
1.624800E+01 7.024189E+01
1.625600E+01 7.022311E+01
1.626400E+01 7.026214E+01
1.627200E+01 7.025349E+01
1.628000E+01 7.024169E+01
1.628800E+01 7.022546E+01
1.629600E+01 7.024368E+01
1.630400E+01 7.025661E+01
1.631200E+01 7.023168E+01
1.632000E+01 7.025080E+01
1.632800E+01 7.025464E+01
1.633600E+01 7.024979E+01
1.634400E+01 7.025042E+01
1.635200E+01 7.026980E+01
1.636000E+01 7.027426E+01
1.636800E+01 7.026604E+01
1.637600E+01 7.026004E+01
1.638400E+01 7.027262E+01
1.639200E+01 7.028817E+01
1.640000E+01 7.027533E+01
1.640800E+01 7.025833E+01
1.641600E+01 7.026896E+01
1.642400E+01 7.029178E+01
1.643200E+01 7.028105E+01
1.644000E+01 7.023576E+01
1.644800E+01 7.030300E+01
1.645600E+01 7.027791E+01
1.646400E+01 7.026060E+01
1.647200E+01 7.030535E+01
1.648000E+01 7.028465E+01
1.648800E+01 7.026779E+01
1.649600E+01 7.027599E+01
1.650400E+01 7.028990E+01
1.651200E+01 7.027477E+01
1.652000E+01 7.024164E+01
1.652800E+01 7.026028E+01
1.653600E+01 7.026483E+01
1.654400E+01 7.027420E+01
1.655200E+01 7.025296E+01
1.656000E+01 7.027416E+01
1.656800E+01 7.025585E+01
1.657600E+01 7.026361E+01
1.658400E+01 7.028131E+01
1.659200E+01 7.025775E+01
1.660000E+01 7.026066E+01
1.660800E+01 7.027533E+01
1.661600E+01 7.026173E+01
1.662400E+01 7.027045E+01
1.663200E+01 7.026169E+01
1.664000E+01 7.024581E+01
1.664800E+01 7.025459E+01
1.665600E+01 7.026431E+01
1.666400E+01 7.027426E+01
1.667200E+01 7.027261E+01
1.668000E+01 7.025167E+01
1.668800E+01 7.026663E+01
1.669600E+01 7.026907E+01
1.670400E+01 7.024779E+01
1.671200E+01 7.025796E+01
1.672000E+01 7.026996E+01
1.672800E+01 7.025041E+01
1.673600E+01 7.024757E+01
1.674400E+01 7.025759E+01
1.675200E+01 7.026496E+01
1.676000E+01 7.025463E+01
1.676800E+01 7.024518E+01
1.677600E+01 7.025199E+01
1.678400E+01 7.026397E+01
1.679200E+01 7.027309E+01
1.680000E+01 7.026224E+01
1.680800E+01 7.024781E+01
1.681600E+01 7.024362E+01
1.682400E+01 7.024637E+01
1.683200E+01 7.025033E+01
1.684000E+01 7.024726E+01
1.684800E+01 7.023812E+01
1.685600E+01 7.023052E+01
1.686400E+01 7.023676E+01
1.687200E+01 7.024489E+01
1.688000E+01 7.022898E+01
1.688800E+01 7.022853E+01
1.689600E+01 7.022222E+01
1.690400E+01 7.023101E+01
1.691200E+01 7.023895E+01
1.692000E+01 7.023836E+01
1.692800E+01 7.023485E+01
1.693600E+01 7.022280E+01
1.694400E+01 7.022724E+01
1.695200E+01 7.023449E+01
1.696000E+01 7.023208E+01
1.696800E+01 7.023065E+01
1.697600E+01 7.021932E+01
1.698400E+01 7.023987E+01
1.699200E+01 7.024548E+01
1.700000E+01 7.021045E+01
1.700800E+01 7.022908E+01
1.701600E+01 7.023499E+01
1.702400E+01 7.022991E+01
1.703200E+01 7.021610E+01
1.704000E+01 7.021429E+01
1.704800E+01 7.022701E+01
1.705600E+01 7.023222E+01
1.706400E+01 7.021543E+01
1.707200E+01 7.020826E+01
1.708000E+01 7.022072E+01
1.708800E+01 7.020775E+01
1.709600E+01 7.021355E+01
1.710400E+01 7.022255E+01
1.711200E+01 7.022211E+01
1.712000E+01 7.021117E+01
1.712800E+01 7.020044E+01
1.713600E+01 7.022275E+01
1.714400E+01 7.022426E+01
1.715200E+01 7.020582E+01
1.716000E+01 7.020091E+01
1.716800E+01 7.020175E+01
1.717600E+01 7.019343E+01
1.718400E+01 7.021113E+01
1.719200E+01 7.021647E+01
1.720000E+01 7.020353E+01
1.720800E+01 7.020513E+01
1.721600E+01 7.020331E+01
1.722400E+01 7.020211E+01
1.723200E+01 7.019953E+01
1.724000E+01 7.022777E+01
1.724800E+01 7.021201E+01
1.725600E+01 7.019462E+01
1.726400E+01 7.023077E+01
1.727200E+01 7.023151E+01
1.728000E+01 7.020201E+01
1.728800E+01 7.019327E+01
1.729600E+01 7.020715E+01
1.730400E+01 7.021134E+01
1.731200E+01 7.020052E+01
1.732000E+01 7.018675E+01
1.732800E+01 7.020788E+01
1.733600E+01 7.019906E+01
1.734400E+01 7.020731E+01
1.735200E+01 7.020759E+01
1.736000E+01 7.017279E+01
1.736800E+01 7.020387E+01
1.737600E+01 7.019840E+01
1.738400E+01 7.018283E+01
1.739200E+01 7.020681E+01
1.740000E+01 7.021074E+01
1.740800E+01 7.019441E+01
1.741600E+01 7.019959E+01
1.742400E+01 7.018274E+01
1.743200E+01 7.018709E+01
1.744000E+01 7.020007E+01
1.744800E+01 7.021046E+01
1.745600E+01 7.019190E+01
1.746400E+01 7.020340E+01
1.747200E+01 7.020161E+01
1.748000E+01 7.020030E+01
1.748800E+01 7.020426E+01
1.749600E+01 7.019435E+01
1.750400E+01 7.016353E+01
1.751200E+01 7.019705E+01
1.752000E+01 7.018432E+01
1.752800E+01 7.016368E+01
1.753600E+01 7.017622E+01
1.754400E+01 7.017716E+01
1.755200E+01 7.018268E+01
1.756000E+01 7.021129E+01
1.756800E+01 7.019527E+01
1.757600E+01 7.016582E+01
1.758400E+01 7.019641E+01
1.759200E+01 7.020856E+01
1.760000E+01 7.018458E+01
1.760800E+01 7.018995E+01
1.761600E+01 7.021263E+01
1.762400E+01 7.020279E+01
1.763200E+01 7.020507E+01
1.764000E+01 7.021699E+01
1.764800E+01 7.021813E+01
1.765600E+01 7.021170E+01
1.766400E+01 7.021070E+01
1.767200E+01 7.022226E+01
1.768000E+01 7.022377E+01
1.768800E+01 7.021122E+01
1.769600E+01 7.020622E+01
1.770400E+01 7.020894E+01
1.771200E+01 7.021095E+01
1.772000E+01 7.021390E+01
1.772800E+01 7.022037E+01
1.773600E+01 7.021036E+01
1.774400E+01 7.020751E+01
1.775200E+01 7.021522E+01
1.776000E+01 7.021259E+01
1.776800E+01 7.018842E+01
1.777600E+01 7.023246E+01
1.778400E+01 7.023273E+01
1.779200E+01 7.020066E+01
1.780000E+01 7.021432E+01
1.780800E+01 7.021796E+01
1.781600E+01 7.021238E+01
1.782400E+01 7.021397E+01
1.783200E+01 7.022461E+01
1.784000E+01 7.022706E+01
1.784800E+01 7.021224E+01
1.785600E+01 7.019874E+01
1.786400E+01 7.020800E+01
1.787200E+01 7.022710E+01
1.788000E+01 7.020801E+01
1.788800E+01 7.019001E+01
1.789600E+01 7.021889E+01
1.790400E+01 7.020526E+01
1.791200E+01 7.015990E+01
1.792000E+01 7.021334E+01
1.792800E+01 7.020673E+01
1.793600E+01 7.015052E+01
1.794400E+01 7.018857E+01
1.795200E+01 7.025612E+01
1.796000E+01 7.018148E+01
1.796800E+01 7.018399E+01
1.797600E+01 7.021327E+01
1.798400E+01 7.020303E+01
1.799200E+01 7.021972E+01
1.800000E+01 7.021415E+01
1.800800E+01 7.021992E+01
1.801600E+01 7.022562E+01
1.802400E+01 7.021341E+01
1.803200E+01 7.023334E+01
1.804000E+01 7.022697E+01
1.804800E+01 7.022132E+01
1.805600E+01 7.022429E+01
1.806400E+01 7.023689E+01
1.807200E+01 7.023723E+01
1.808000E+01 7.023021E+01
1.808800E+01 7.023491E+01
1.809600E+01 7.022796E+01
1.810400E+01 7.023199E+01
1.811200E+01 7.025473E+01
1.812000E+01 7.023897E+01
1.812800E+01 7.023484E+01
1.813600E+01 7.026201E+01
1.814400E+01 7.023001E+01
1.815200E+01 7.024816E+01
1.816000E+01 7.026028E+01
1.816800E+01 7.025882E+01
1.817600E+01 7.024777E+01
1.818400E+01 7.022987E+01
1.819200E+01 7.026279E+01
1.820000E+01 7.026253E+01
1.820800E+01 7.022931E+01
1.821600E+01 7.024924E+01
1.822400E+01 7.025373E+01
1.823200E+01 7.024484E+01
1.824000E+01 7.024098E+01
1.824800E+01 7.023823E+01
1.825600E+01 7.025624E+01
1.826400E+01 7.023139E+01
1.827200E+01 7.022910E+01
1.828000E+01 7.022957E+01
1.828800E+01 7.021361E+01
1.829600E+01 7.023212E+01
1.830400E+01 7.023540E+01
1.831200E+01 7.020790E+01
1.832000E+01 7.022330E+01
1.832800E+01 7.023401E+01
1.833600E+01 7.022779E+01
1.834400E+01 7.024655E+01
1.835200E+01 7.025022E+01
1.836000E+01 7.024489E+01
1.836800E+01 7.022157E+01
1.837600E+01 7.023754E+01
1.838400E+01 7.024922E+01
1.839200E+01 7.024480E+01
1.840000E+01 7.025239E+01
1.840800E+01 7.025684E+01
1.841600E+01 7.024681E+01
1.842400E+01 7.024170E+01
1.843200E+01 7.024417E+01
1.844000E+01 7.024986E+01
1.844800E+01 7.025004E+01
1.845600E+01 7.024738E+01
1.846400E+01 7.024716E+01
1.847200E+01 7.024044E+01
1.848000E+01 7.024620E+01
1.848800E+01 7.024352E+01
1.849600E+01 7.025009E+01
1.850400E+01 7.025085E+01
1.851200E+01 7.023283E+01
1.852000E+01 7.022887E+01
1.852800E+01 7.023569E+01
1.853600E+01 7.023916E+01
1.854400E+01 7.022128E+01
1.855200E+01 7.023508E+01
1.856000E+01 7.024254E+01
1.856800E+01 7.021918E+01
1.857600E+01 7.022574E+01
1.858400E+01 7.021718E+01
1.859200E+01 7.022956E+01
1.860000E+01 7.023618E+01
1.860800E+01 7.022745E+01
1.861600E+01 7.022649E+01
1.862400E+01 7.022386E+01
1.863200E+01 7.022652E+01
1.864000E+01 7.023870E+01
1.864800E+01 7.024032E+01
1.865600E+01 7.021951E+01
1.866400E+01 7.022565E+01
1.867200E+01 7.022677E+01
1.868000E+01 7.021861E+01
1.868800E+01 7.023025E+01
1.869600E+01 7.023838E+01
1.870400E+01 7.021651E+01
1.871200E+01 7.022244E+01
1.872000E+01 7.025016E+01
1.872800E+01 7.024052E+01
1.873600E+01 7.020971E+01
1.874400E+01 7.022236E+01
1.875200E+01 7.022179E+01
1.876000E+01 7.020233E+01
1.876800E+01 7.022713E+01
1.877600E+01 7.022799E+01
1.878400E+01 7.022282E+01
1.879200E+01 7.023447E+01
1.880000E+01 7.023290E+01
1.880800E+01 7.021943E+01
1.881600E+01 7.024128E+01
1.882400E+01 7.021738E+01
1.883200E+01 7.020933E+01
1.884000E+01 7.022792E+01
1.884800E+01 7.021812E+01
1.885600E+01 7.020118E+01
1.886400E+01 7.022181E+01
1.887200E+01 7.022549E+01
1.888000E+01 7.022283E+01
1.888800E+01 7.021987E+01
1.889600E+01 7.021911E+01
1.890400E+01 7.020904E+01
1.891200E+01 7.020318E+01
1.892000E+01 7.019703E+01
1.892800E+01 7.021754E+01
1.893600E+01 7.022596E+01
1.894400E+01 7.022167E+01
1.895200E+01 7.020748E+01
1.896000E+01 7.018991E+01
1.896800E+01 7.020418E+01
1.897600E+01 7.020650E+01
1.898400E+01 7.022269E+01
1.899200E+01 7.020978E+01
1.900000E+01 7.020710E+01
1.900800E+01 7.022045E+01
1.901600E+01 7.021009E+01
1.902400E+01 7.022119E+01
1.903200E+01 7.021613E+01
1.904000E+01 7.020855E+01
1.904800E+01 7.020759E+01
1.905600E+01 7.020154E+01
1.906400E+01 7.021863E+01
1.907200E+01 7.023631E+01
1.908000E+01 7.022851E+01
1.908800E+01 7.021021E+01
1.909600E+01 7.022267E+01
1.910400E+01 7.022020E+01
1.911200E+01 7.020822E+01
1.912000E+01 7.017945E+01
1.912800E+01 7.016872E+01
1.913600E+01 7.021272E+01
1.914400E+01 7.020045E+01
1.915200E+01 7.020612E+01
1.916000E+01 7.019633E+01
1.916800E+01 7.019669E+01
1.917600E+01 7.018243E+01
1.918400E+01 7.017729E+01
1.919200E+01 7.019785E+01
1.920000E+01 7.020269E+01
1.920800E+01 7.016656E+01
1.921600E+01 7.017029E+01
1.922400E+01 7.019325E+01
1.923200E+01 7.014374E+01
1.924000E+01 7.017394E+01
1.924800E+01 7.016468E+01
1.925600E+01 7.014385E+01
1.926400E+01 7.015779E+01
1.927200E+01 7.015270E+01
1.928000E+01 7.014513E+01
1.928800E+01 7.016979E+01
1.929600E+01 7.018674E+01
1.930400E+01 7.012417E+01
1.931200E+01 7.017194E+01
1.932000E+01 7.018790E+01
1.932800E+01 7.016430E+01
1.933600E+01 7.013872E+01
1.934400E+01 7.015728E+01
1.935200E+01 7.015944E+01
1.936000E+01 7.016760E+01
1.936800E+01 7.013414E+01
1.937600E+01 7.015283E+01
1.938400E+01 7.014293E+01
1.939200E+01 7.013800E+01
1.940000E+01 7.014917E+01
1.940800E+01 7.013879E+01
1.941600E+01 7.010236E+01
1.942400E+01 7.014040E+01
1.943200E+01 7.016909E+01
1.944000E+01 7.012813E+01
1.944800E+01 7.010831E+01
1.945600E+01 7.015361E+01
1.946400E+01 7.014851E+01
1.947200E+01 7.011116E+01
1.948000E+01 7.012829E+01
1.948800E+01 7.015437E+01
1.949600E+01 7.013141E+01
1.950400E+01 7.011500E+01
1.951200E+01 7.014018E+01
1.952000E+01 7.014293E+01
1.952800E+01 7.014876E+01
1.953600E+01 7.009967E+01
1.954400E+01 7.014628E+01
1.955200E+01 7.015062E+01
1.956000E+01 7.009374E+01
1.956800E+01 7.013690E+01
1.957600E+01 7.012067E+01
1.958400E+01 7.007701E+01
1.959200E+01 7.011308E+01
1.960000E+01 7.010496E+01
1.960800E+01 7.010465E+01
1.961600E+01 7.010450E+01
1.962400E+01 7.011645E+01
1.963200E+01 7.012189E+01
1.964000E+01 7.010663E+01
1.964800E+01 7.009387E+01
1.965600E+01 7.012297E+01
1.966400E+01 7.012021E+01
1.967200E+01 7.012434E+01
1.968000E+01 7.011314E+01
1.968800E+01 7.011500E+01
1.969600E+01 7.011216E+01
1.970400E+01 7.011665E+01
1.971200E+01 7.012865E+01
1.972000E+01 7.012090E+01
1.972800E+01 7.009982E+01
1.973600E+01 7.011707E+01
1.974400E+01 7.014809E+01
1.975200E+01 7.013654E+01
1.976000E+01 7.010870E+01
1.976800E+01 7.012419E+01
1.977600E+01 7.013748E+01
1.978400E+01 7.013070E+01
1.979200E+01 7.009390E+01
1.980000E+01 7.011739E+01
1.980800E+01 7.014781E+01
1.981600E+01 7.014827E+01
1.982400E+01 7.011331E+01
1.983200E+01 7.009335E+01
1.984000E+01 7.009391E+01
1.984800E+01 7.011935E+01
1.985600E+01 7.011061E+01
1.986400E+01 7.011349E+01
1.987200E+01 7.007166E+01
1.988000E+01 7.008953E+01
1.988800E+01 7.011367E+01
1.989600E+01 7.011420E+01
1.990400E+01 7.009059E+01
1.991200E+01 7.009248E+01
1.992000E+01 7.008775E+01
1.992800E+01 7.011648E+01
1.993600E+01 7.011151E+01
1.994400E+01 7.006255E+01
1.995200E+01 7.011473E+01
1.996000E+01 7.014259E+01
1.996800E+01 7.011301E+01
1.997600E+01 7.008057E+01
1.998400E+01 7.013412E+01
1.999200E+01 7.013954E+01
2.000000E+01 7.011127E+01
