amber                                                                           
         2         2        60  -16131.2899207    
     25.196959335562      0.000000000000      0.000000000000
      0.000000000000     25.196959335562      0.000000000000
      0.000000000000      0.000000000000     25.196959335562
OW               1
    0.8815877524         5.393705249        -10.56534313    
   5.86043841650     -0.899607831374       3.34314536519    
  -1817.68497481      -1047.72138182       1387.76410656    
HW               2
     1.725295018         4.993700191        -10.39026028    
   8.96016931207      -4.23903388042      -19.2236160404    
   831.584026225       779.359025713      -978.944273221    
HW               3
     1.084374168         6.222913984        -10.98222505    
  -2.78934957913      -15.7276118756      -30.3584120224    
   1544.78413212       158.599308138      -1085.15352335    
OW               4
    -1.608649385         1.959809318        -7.422509461    
   1.70515329849       4.25878592492      -5.59694954235    
  -475.964088653       104.760701437      -47.6771237856    
HW               5
    -1.044172482         2.428072080        -6.818691765    
   13.6697462441       2.54921948057      -15.4562333990    
   112.717260506       11.3761304642      -130.805953288    
HW               6
    -1.092156506         1.858107763        -8.213326692    
  -14.3761120898       7.50740781688      -16.5176131593    
   226.514246950       167.214114408      -50.5046196451    
OW               7
     11.92978394         4.212125630         4.254240405    
   5.23691015964      0.158993609872      -5.54180408522    
   3243.76240159       2256.30152196       2405.21848923    
HW               8
     11.15937239         3.670758492         4.380286702    
  -13.1569118894       21.1907738607      -27.6360527601    
  -3343.77397840      -2118.05080774      -3100.56700493    
HW               9
     12.41020618         3.795578785         3.548419477    
  -7.69618927886       11.2856389763      -20.9113082691    
  -1548.01292205      -759.902206399      -594.157604517    
OW              10
     5.617056100       -0.5032116242         9.059995729    
  -4.47376314333       2.59228955405      -9.66047065236    
   372.121717340       807.466105102      -410.627727720    
HW              11
     5.156183955        -1.251857352         8.699959009    
   2.20292109074      -12.9553104562       14.1219550200    
  -221.145431435      -394.575760484       41.2324649302    
HW              12
     5.225595984        0.2526466939         8.638169731    
  -16.4201293347      -13.8257616240      -27.9931355394    
  -222.747378732      -508.596576683       389.043325097    
OW              13
    -5.718523978         6.520713604        -12.07187641    
  -7.13167199555       7.01876270440       6.09375345402    
  -273.948790480       5.54929035435      -294.158639321    
HW              14
    -6.042597616         5.807600876        -11.53433895    
  -14.3912149802       6.79145789109       1.41552972586    
   153.428188429       56.9197269616       182.574200133    
HW              15
    -4.931284930         6.181705210        -12.48154454    
  -3.12987114703       6.25481735858       14.4159964057    
   195.444342389      -15.6833637946       176.034677570    
OW              16
    -4.775910730       -0.9217700015         5.510950558    
  -2.41440797179       2.04308400715     -0.787744002128    
  -120.392913649       81.1156017507       291.310405348    
HW              17
    -4.735444599        -1.201378002         4.603932445    
  -4.82393713761       19.0277945808      -6.13114918668    
   67.4130591505      -30.5569286058      -118.610850428    
HW              18
    -5.557875224       -0.3853460176         5.568229099    
  -9.69705023865      -10.1997593474       14.4463580775    
   46.1167653446      -25.5538610972      -156.759289037    
OW              19
    -10.81975491        -1.594924206        -2.021457154    
  -2.51383733832      -1.84688807699       4.18634871679    
  -2309.60820463      -580.372083179       5202.78839957    
HW              20
    -11.12216137        -1.898080311        -2.869482337    
  -12.3790071441       20.7370544473     -0.369139834084    
   806.905999070       239.087216612      -2126.85703335    
HW              21
    -10.05007867        -1.070248841        -2.208042904    
   10.2691926348      -18.0224251228       11.4317500074    
   1380.44284411       450.678345019      -2696.70188507    
OW              22
     9.339064991         2.825065437         5.031239722    
   3.57079872832      -7.58300843179      -4.62068800353    
   1295.38556039       1360.34793024       104.133107981    
HW              23
     8.932926109         2.036967279         5.372491096    
  -12.3883181028      -2.77948206091      -12.5209275128    
   308.775219879      -745.295727412      -278.211678156    
HW              24
     9.841159590         3.176924793         5.756909068    
  -1.56889608475      -16.7641569522       3.38720987121    
  -618.433953646       15.1695982339       1698.61640187    
OW              25
     6.313518677         1.090908120         1.791516334    
   2.72353365471     -0.405556724382      0.564979082882    
   1194.96841113      -2553.81100352      -1207.35860828    
HW              26
     5.890736230         1.841714126         1.391459658    
  -23.0876650276      -16.3602669786      -2.10056955045    
  -629.257145631       1007.12582867       1054.22053407    
HW              27
     6.202968846         1.215872352         2.726750352    
  -32.0591456034      -18.7044523571      -1.10146147687    
  -1059.89947255       1031.35713298      -265.558070428    
OW              28
    -8.070900514       -0.7178616893        -12.35789255    
   2.77620313634       3.23699733431       2.21331435408    
   572.909665551       285.006162731       906.541120325    
HW              29
    -8.951673314       -0.5710196345         12.51475724    
   4.71955421943       12.0134129816      0.909301374595    
  -273.413483376      -23.7230827745      -232.144546272    
HW              30
    -7.507240602       -0.2321052061         12.24845005    
   8.26842680267     -0.170535852445       4.65231561796    
  -127.047007864      -133.503180343      -491.907743332    
OW              31
     3.551009309         1.281229278         4.238094143    
   5.15921946757      -5.01167858991      -1.25471755704    
   485.315003090      -2244.21904866       2994.78742420    
HW              32
     4.039295940         1.348858130         5.050191738    
  -27.2023724059       1.55387296056       17.6564479026    
  -729.675861593      -137.459938335      -1171.37772771    
HW              33
     3.459646065         2.175543378         3.930921489    
   17.1071755196      -7.46537721073      -11.9522234646    
   658.089972909       2059.97057015      -2859.70318180    
OW              34
    -7.871148925       -0.7507424552        -4.414251648    
  -8.11552689919      0.900026884457       10.2620778434    
  -3928.82132561      -1028.13649080       2872.70996447    
HW              35
    -7.266779532       -0.8263331476        -5.143308356    
  -3.69698004568       4.44371605374       13.5575204845    
   2833.14101318       613.470743776      -1453.16262501    
HW              36
    -7.345707816       -0.4275304758        -3.691793588    
  -13.4219335200       1.58977388627       13.8128302332    
   1705.07889171       295.299387675      -1354.62996814    
OW              37
    -5.518819523        -3.920950692        -7.745430452    
  -4.18191929552       6.48372762165       1.58163902080    
   469.876093546       2833.93136052       1113.48095653    
HW              38
    -6.402414451        -3.768354380        -8.059236709    
  0.105540693418       8.93587822247      -9.29828666277    
  -1352.53871094      -1774.54756882      -1075.56436882    
HW              39
    -5.472747393        -4.856279611        -7.585626932    
  -7.32631004374       5.68758194807      -2.17165310821    
  -60.6675195477      -1214.11650440      -149.124712955    
OW              40
    -12.51591711        -1.260006169        0.2521783001    
   3.08337920771       1.64898356984      -5.46150792693    
  -3840.26344666       2163.46121787       6117.39113349    
HW              41
    -11.93461648        -1.501498083        0.9637056923    
  -1.07860786065       6.24351224757     -0.501885465079    
   368.042077361      -560.572557397      -1783.81493353    
HW              42
    -12.01371527        -1.415364617       -0.5391225661    
   11.7529444035       7.48877126662      -1.10588120381    
   4298.14871275      -1217.75209929      -5166.95813653    
OW              43
     8.704583022        0.2298469117       -0.1528664464    
  -1.08767529326      -11.6703751305     -0.638275613924    
   1511.38658086       1780.40399760      -5245.53150424    
HW              44
     7.839213297       -0.1261487954       -0.3168856378    
   5.37300070665      -26.7621019440      -1.96911653458    
  -1078.87358615       10.8418794773       2303.43067666    
HW              45
     8.920119052       -0.4498626562E-01    0.7305988535    
  -14.3721002135       25.9907615598       14.3185111198    
  -575.940568199      -358.794256831       2393.20467955    
OW              46
    -5.460645761        -1.262213597        -6.878858703    
 -0.709577773289       6.36680255807       7.40939302557    
  -811.508452421       6400.36612441       5525.63884987    
HW              47
    -6.199569111        -1.023960390        -7.426332622    
   26.9211934196       16.4356220800      -25.5019345619    
  -843.864267457       859.947897279      -2027.21728628    
HW              48
    -5.276989072        -2.168960092        -7.094685035    
   28.3146962975       18.9421073716      -20.7248548022    
   1175.04647288      -6164.86983631      -2794.65730252    
OW              49
     10.56802724         1.576093187         1.548501013    
   1.03305100832      -12.5479968459      0.655171660940    
   2854.07099099       2235.47865491       6086.74395274    
HW              50
     10.08033064         1.769930969        0.7566178500    
   4.39397088882       30.6661693459       9.16328152721    
  -1776.89471143      -1810.96801601      -3306.72631861    
HW              51
     11.46948930         1.479611996         1.264674434    
  -1.63080525496      -22.1470557705      -4.54249769801    
  -673.348102878      -1674.47789882      -2221.45597387    
OW              52
    -6.900681800        0.9490929095        -8.297613497    
  -1.32766808488      -1.04897427289       3.68100968892    
  -2032.09550463      -1893.11412616       147.738418012    
HW              53
    -6.888607341        0.8823538797        -9.245189409    
  -14.8847189080       3.47489644660       3.18963712704    
   362.317499905       278.821517875      -702.719919374    
HW              54
    -6.015422047         1.196132784        -8.057225348    
   6.85439777529      -20.5059810082      -6.45508521891    
   1932.98953735       368.216333285       540.014925843    
OW              55
     3.406448144         7.114285726        -12.51395224    
   6.53873575262      0.432797007837      -2.51434186767    
  -1543.09660366      -979.821619861       1450.19975430    
HW              56
     3.575852860         7.915843456        -12.03300812    
   18.2245734333       1.32862814946      -8.12350991456    
   664.966684892       703.989056749      -323.638950844    
HW              57
     3.713890733         7.287164253         11.80091182    
   25.7677613790      -16.5084024805      0.867437770063    
   328.185906856       287.450960792      -386.942953412    
OW              58
     4.600085118         3.955775845         3.379831573    
  0.235467739278       3.68045674178       4.17074860227    
  -1767.57671067      -3572.73392528       1156.25417961    
HW              59
     4.664951961         3.942804329         4.327525633    
  -12.6080590744       10.4717248450       5.14280500954    
   1451.36758369       2542.86278146       112.283496230    
HW              60
     4.763477929         4.858898952         3.134532908    
  -23.4372149390       7.32892689348       1.83511227625    
   605.198255613       1316.98362624      -363.423606403    
