  3.0781E+00  2.9777E+00 -1.3332E-01
  3.0138E+00  2.9340E+00 -2.4084E-01
  2.8440E+00  2.7845E+00 -3.4943E-01
  2.8626E+00  2.8573E+00 -3.2910E-01
  2.9837E+00  3.1018E+00 -3.1923E-01
  3.2527E+00  3.3043E+00 -2.6536E-01
  3.4533E+00  3.5854E+00 -2.2909E-01
  3.4643E+00  3.7853E+00 -3.8745E-01
  3.6423E+00  3.8986E+00 -4.8847E-01
  3.7242E+00  4.0020E+00 -5.0717E-01
  3.6986E+00  4.0786E+00 -4.8312E-01
  3.6446E+00  4.0438E+00 -4.6607E-01
  3.7138E+00  4.0850E+00 -4.2888E-01
  3.7368E+00  4.2376E+00 -3.9856E-01
  3.7130E+00  4.2691E+00 -2.9181E-01
  3.8369E+00  4.2900E+00 -1.1353E-01
  3.7988E+00  4.3967E+00 -1.1038E-01
  3.8708E+00  4.3429E+00 -1.2814E-01
  3.8401E+00  4.3366E+00 -8.7325E-02
  3.6360E+00  4.1804E+00  3.2484E-02
  3.4973E+00  4.0647E+00  3.0927E-02
  3.5865E+00  4.1368E+00 -1.7297E-01
  3.8225E+00  3.9454E+00 -2.9916E-01
  3.8114E+00  3.9105E+00 -3.4374E-01
  3.8666E+00  3.9488E+00 -3.9825E-01
  4.1107E+00  4.0868E+00 -5.1343E-01
  4.1758E+00  4.3721E+00 -6.7742E-01
  4.0281E+00  4.5679E+00 -5.9811E-01
  3.8206E+00  4.9076E+00 -4.2570E-01
  3.9555E+00  5.0227E+00 -2.8899E-01
  4.0451E+00  5.0657E+00  1.1592E-01
  3.7575E+00  5.1102E+00  3.5757E-01
  3.3329E+00  5.2804E+00  4.9090E-01
  3.4011E+00  5.3382E+00  7.9660E-01
  3.3434E+00  5.1968E+00  1.1367E+00
  3.2577E+00  5.2592E+00  1.2208E+00
  3.2586E+00  5.3443E+00  1.4966E+00
  3.2429E+00  5.3531E+00  1.9646E+00
  3.1889E+00  5.3469E+00  2.1175E+00
  3.2013E+00  5.4786E+00  2.4238E+00
  3.1430E+00  5.6161E+00  2.5329E+00
  3.0699E+00  5.8522E+00  2.5414E+00
  3.1860E+00  6.0639E+00  2.4558E+00
  3.2417E+00  6.2720E+00  2.2911E+00
  3.2368E+00  6.4757E+00  2.3093E+00
  3.3853E+00  6.6722E+00  2.4272E+00
  3.5823E+00  6.7758E+00  2.3992E+00
  3.8816E+00  6.8650E+00  2.2104E+00
  4.1880E+00  7.0406E+00  2.2303E+00
  4.3719E+00  7.2410E+00  2.2629E+00
  4.6503E+00  7.2212E+00  2.2271E+00
  4.8804E+00  7.2867E+00  2.0186E+00
  5.0264E+00  7.2693E+00  1.7561E+00
  5.0238E+00  7.2585E+00  1.6992E+00
  5.0521E+00  7.3118E+00  1.7440E+00
  5.0658E+00  7.2266E+00  1.7637E+00
  5.0122E+00  7.0633E+00  1.6129E+00
  5.1995E+00  7.0269E+00  1.4079E+00
  5.5183E+00  7.0100E+00  1.1779E+00
  5.6908E+00  6.9548E+00  9.6690E-01
  5.8884E+00  6.8286E+00  8.0458E-01
  5.9409E+00  6.8565E+00  8.5723E-01
  5.6480E+00  7.1138E+00  8.5426E-01
  5.8279E+00  6.9737E+00  5.7047E-01
  6.0839E+00  6.7056E+00  5.0899E-01
  6.2503E+00  6.8374E+00  4.0219E-01
  6.4092E+00  6.9323E+00  5.4828E-01
  6.4822E+00  7.0236E+00  8.1988E-01
  6.5575E+00  7.2881E+00  9.6152E-01
  6.9784E+00  7.6276E+00  8.6907E-01
  7.2980E+00  7.9021E+00  9.6422E-01
  7.5062E+00  8.2104E+00  8.1490E-01
  7.4915E+00  8.3997E+00  7.7927E-01
  7.2741E+00  8.4369E+00  1.0502E+00
  6.9869E+00  8.5013E+00  1.0077E+00
  6.7000E+00  8.3435E+00  1.0804E+00
  6.8948E+00  8.2132E+00  1.2866E+00
  7.0733E+00  8.2053E+00  1.1201E+00
  7.0742E+00  7.9047E+00  1.2591E+00
  6.9550E+00  7.7073E+00  1.4760E+00
  7.0269E+00  7.4532E+00  1.3650E+00
  7.0242E+00  7.2570E+00  1.6684E+00
  6.9754E+00  7.1117E+00  1.8276E+00
  6.7636E+00  7.0159E+00  1.7140E+00
  6.8031E+00  6.8489E+00  1.8681E+00
  6.8026E+00  6.9255E+00  2.0388E+00
  6.7814E+00  7.2580E+00  2.0074E+00
  6.7355E+00  7.3575E+00  1.9996E+00
  6.6865E+00  7.4715E+00  1.9867E+00
  6.7469E+00  7.7371E+00  1.7901E+00
  6.6528E+00  7.8435E+00  1.8299E+00
  6.5823E+00  8.0410E+00  1.7459E+00
  6.6298E+00  8.1657E+00  1.4670E+00
  6.5123E+00  8.1143E+00  1.3177E+00
  6.6984E+00  8.2616E+00  1.2013E+00
  6.9863E+00  8.2844E+00  1.3317E+00
  7.0993E+00  8.0869E+00  1.4005E+00
  7.2920E+00  8.1189E+00  1.3337E+00
  7.4385E+00  8.2704E+00  1.2088E+00
  7.2749E+00  8.2031E+00  1.1933E+00
  7.2048E+00  8.0194E+00  1.1478E+00
  7.4956E+00  7.9445E+00  1.0610E+00
  7.5240E+00  8.1320E+00  8.6528E-01
  7.4408E+00  8.0407E+00  7.5062E-01
  7.4423E+00  7.7097E+00  6.9111E-01
  7.3137E+00  7.5236E+00  5.8451E-01
  7.5893E+00  7.5698E+00  5.1197E-01
  7.5869E+00  7.3154E+00  4.6552E-01
  7.4801E+00  7.3854E+00  3.7303E-01
  7.6549E+00  7.6334E+00  3.7127E-01
  7.7449E+00  7.4627E+00  6.0834E-01
  7.7657E+00  7.6069E+00  9.0680E-01
  7.8104E+00  7.9113E+00  8.8454E-01
  7.8717E+00  8.1903E+00  6.0312E-01
  8.0765E+00  7.8549E+00  7.4171E-01
  8.1665E+00  7.6022E+00  1.0413E+00
  8.5110E+00  7.9034E+00  1.1681E+00
  8.9575E+00  8.1828E+00  1.3689E+00
  9.2027E+00  8.4592E+00  1.6526E+00
  9.3964E+00  8.6669E+00  1.7941E+00
  9.4946E+00  8.8474E+00  1.8155E+00
  9.5503E+00  8.8976E+00  1.7021E+00
  9.7697E+00  8.6083E+00  1.7196E+00
  9.8997E+00  8.3415E+00  2.1243E+00
  1.0203E+01  8.1180E+00  2.4348E+00
  1.0392E+01  7.9035E+00  2.5791E+00
  1.0264E+01  7.6915E+00  2.7762E+00
  9.9541E+00  7.5274E+00  2.8519E+00
  9.8559E+00  7.3655E+00  2.7146E+00
  9.8179E+00  7.2120E+00  2.6675E+00
  9.5108E+00  7.0959E+00  2.8753E+00
  9.2201E+00  7.0831E+00  2.9117E+00
  8.9699E+00  7.1640E+00  2.8840E+00
  8.9568E+00  7.2878E+00  2.6772E+00
  8.9060E+00  7.4424E+00  2.3905E+00
  8.6387E+00  7.6322E+00  2.2246E+00
  8.2629E+00  7.9958E+00  2.1481E+00
  8.0763E+00  8.1934E+00  2.3091E+00
  8.0581E+00  8.2392E+00  2.4042E+00
  8.3908E+00  8.3631E+00  2.1264E+00
  8.7342E+00  8.5361E+00  1.8622E+00
  8.9282E+00  8.7632E+00  1.7388E+00
  9.0053E+00  8.8375E+00  1.7672E+00
  9.1223E+00  9.0516E+00  1.7782E+00
  9.1828E+00  9.1673E+00  1.6816E+00
  9.1618E+00  9.1294E+00  1.5899E+00
  9.1020E+00  9.1053E+00  1.5734E+00
  9.2955E+00  8.8969E+00  1.6135E+00
  9.2377E+00  9.0998E+00  1.5769E+00
  9.0766E+00  9.5613E+00  1.5126E+00
  9.0408E+00  1.0108E+01  1.4977E+00
  8.8759E+00  1.0405E+01  1.5671E+00
  8.8215E+00  1.0560E+01  1.3961E+00
  8.8534E+00  1.0526E+01  1.2394E+00
  8.8534E+00  1.0349E+01  1.2523E+00
  8.7910E+00  1.0224E+01  1.4094E+00
  9.0388E+00  1.0408E+01  1.5917E+00
  9.1924E+00  1.0390E+01  1.8318E+00
  9.4143E+00  1.0131E+01  1.8113E+00
  9.8288E+00  1.0057E+01  1.7659E+00
  1.0014E+01  9.9446E+00  1.9478E+00
  1.0019E+01  9.9155E+00  2.1467E+00
  9.9719E+00  9.7828E+00  1.9974E+00
  1.0110E+01  9.5946E+00  1.8216E+00
  1.0086E+01  9.6717E+00  1.9805E+00
  9.9974E+00  9.6763E+00  2.0005E+00
  9.9309E+00  9.4450E+00  1.8362E+00
  9.9393E+00  9.3264E+00  1.6321E+00
  9.8152E+00  8.9984E+00  1.6642E+00
  9.7085E+00  8.7269E+00  1.6420E+00
  9.6171E+00  8.7053E+00  1.7569E+00
  9.3853E+00  8.7157E+00  2.0313E+00
  9.2957E+00  8.3116E+00  1.9969E+00
  9.5787E+00  7.9793E+00  2.1510E+00
  9.7945E+00  7.9470E+00  2.2526E+00
  9.7381E+00  8.2219E+00  2.5137E+00
  9.8286E+00  8.0866E+00  2.5884E+00
  9.9105E+00  7.9722E+00  2.6102E+00
  9.9955E+00  7.9496E+00  2.4570E+00
  9.9232E+00  8.0744E+00  2.3614E+00
  9.7052E+00  8.1116E+00  2.3657E+00
  9.6951E+00  7.9964E+00  2.0635E+00
  9.4906E+00  7.9421E+00  1.9877E+00
  9.2730E+00  7.9788E+00  2.2160E+00
  9.4231E+00  8.0774E+00  2.2965E+00
  9.3692E+00  8.1046E+00  2.3879E+00
  9.3384E+00  8.2438E+00  2.7412E+00
  9.1797E+00  8.0463E+00  2.7151E+00
  9.0982E+00  7.6607E+00  2.7208E+00
  8.9854E+00  7.4122E+00  2.7910E+00
  8.7205E+00  7.3225E+00  2.7287E+00
  8.5712E+00  7.2608E+00  2.7041E+00
  8.4857E+00  7.3724E+00  2.6366E+00
  8.3796E+00  7.5942E+00  2.4466E+00
  8.1712E+00  7.7416E+00  2.2201E+00
  8.0247E+00  8.0949E+00  2.2408E+00
  8.0106E+00  8.2849E+00  2.0905E+00
  8.1596E+00  8.3282E+00  1.9684E+00
  8.3084E+00  8.2338E+00  1.8024E+00
  8.3395E+00  8.0593E+00  2.0362E+00
  8.3421E+00  7.8439E+00  2.1327E+00
  8.5158E+00  7.6699E+00  2.0511E+00
  8.5839E+00  7.6348E+00  2.2018E+00
  8.4706E+00  7.3591E+00  2.3240E+00
  8.4925E+00  7.2306E+00  2.4075E+00
  8.5771E+00  7.2436E+00  2.1630E+00
  8.6094E+00  7.1852E+00  2.0217E+00
  8.6568E+00  7.2556E+00  1.8814E+00
  8.5225E+00  7.2005E+00  1.8178E+00
  8.3625E+00  7.2217E+00  1.9664E+00
  8.1239E+00  7.1285E+00  2.1296E+00
  7.8421E+00  7.0334E+00  2.2431E+00
  7.7808E+00  7.2013E+00  2.4963E+00
  7.7059E+00  7.0433E+00  2.6416E+00
  7.4975E+00  6.9427E+00  2.6213E+00
  7.4275E+00  7.2521E+00  2.8430E+00
  7.1540E+00  7.1851E+00  2.9093E+00
  6.8342E+00  7.0946E+00  2.9824E+00
  6.7200E+00  7.1083E+00  3.1823E+00
  6.8776E+00  6.6911E+00  3.4320E+00
  7.0220E+00  6.4835E+00  3.5204E+00
  7.0001E+00  6.0192E+00  3.5413E+00
  7.0073E+00  5.6176E+00  3.4625E+00
  7.1201E+00  5.4108E+00  3.4017E+00
  7.3417E+00  5.2772E+00  3.3701E+00
  7.5370E+00  5.0943E+00  3.2051E+00
  7.7998E+00  5.1436E+00  3.0517E+00
  8.0692E+00  5.3887E+00  3.0080E+00
  8.2545E+00  5.5858E+00  2.9806E+00
  8.4407E+00  5.7544E+00  2.8795E+00
  8.7961E+00  5.9871E+00  2.7738E+00
  9.0605E+00  6.2149E+00  2.6823E+00
  9.0203E+00  6.4027E+00  2.5838E+00
  8.8941E+00  6.6006E+00  2.4407E+00
  8.9372E+00  6.6748E+00  2.2019E+00
  9.1765E+00  6.4014E+00  1.9746E+00
  9.1003E+00  6.3026E+00  1.7944E+00
  8.9982E+00  6.2910E+00  1.8728E+00
  8.8644E+00  6.0526E+00  1.9288E+00
  8.8023E+00  5.6496E+00  1.7683E+00
  8.8642E+00  5.5343E+00  1.6370E+00
  8.7862E+00  5.5006E+00  1.6673E+00
  8.6696E+00  5.2000E+00  1.7265E+00
  8.4224E+00  5.0565E+00  1.7075E+00
  8.2738E+00  5.1501E+00  1.9498E+00
  8.1528E+00  5.0822E+00  1.9236E+00
  8.0356E+00  4.8144E+00  1.9217E+00
  7.9906E+00  4.5647E+00  2.1447E+00
  7.9573E+00  4.5162E+00  2.2114E+00
  7.7553E+00  4.5692E+00  2.2530E+00
  7.7886E+00  4.5451E+00  2.3096E+00
  7.8417E+00  4.5187E+00  2.5115E+00
  7.7866E+00  4.3897E+00  2.6227E+00
  7.6563E+00  4.2406E+00  2.6082E+00
  7.5777E+00  4.1524E+00  2.6790E+00
  7.5704E+00  4.0711E+00  2.9199E+00
  7.5435E+00  4.0293E+00  2.9760E+00
  7.5940E+00  4.0202E+00  2.8587E+00
  7.6560E+00  4.1919E+00  2.6847E+00
  7.6752E+00  4.1913E+00  2.5921E+00
  7.8723E+00  4.2356E+00  2.4135E+00
  8.1085E+00  4.5698E+00  2.4211E+00
  8.2240E+00  4.6619E+00  2.4004E+00
  8.4320E+00  4.8348E+00  2.3671E+00
  8.7817E+00  5.1766E+00  2.3811E+00
  9.1564E+00  5.5370E+00  2.2454E+00
  9.2972E+00  5.7982E+00  2.3003E+00
  9.5047E+00  5.8615E+00  2.0945E+00
  9.5730E+00  5.8962E+00  1.9749E+00
  9.5575E+00  6.0873E+00  2.0051E+00
  9.7127E+00  6.2037E+00  1.8613E+00
  9.7435E+00  6.2903E+00  1.8973E+00
  9.6963E+00  6.2189E+00  1.9316E+00
  9.7413E+00  5.9670E+00  1.8664E+00
  9.6736E+00  5.9451E+00  1.9456E+00
  9.6402E+00  5.9094E+00  2.2048E+00
  9.7108E+00  5.4997E+00  2.1203E+00
  9.7928E+00  5.1677E+00  2.0441E+00
  9.8699E+00  5.1396E+00  2.2037E+00
  1.0110E+01  5.2513E+00  2.2284E+00
  1.0444E+01  4.8606E+00  2.1672E+00
  1.0692E+01  4.5150E+00  1.9777E+00
  1.0850E+01  4.3304E+00  1.7443E+00
  1.1013E+01  4.2499E+00  1.4620E+00
  1.1185E+01  4.2259E+00  1.3371E+00
  1.1335E+01  3.9830E+00  1.2885E+00
  1.1487E+01  3.8315E+00  1.1967E+00
  1.1545E+01  3.8207E+00  1.0406E+00
  1.1477E+01  4.0108E+00  7.7076E-01
  1.1299E+01  4.4253E+00  4.2693E-01
  1.0924E+01  4.3016E+00  2.4017E-01
  1.0637E+01  4.1942E+00  7.5174E-02
  1.0376E+01  4.3514E+00 -1.4112E-01
  9.9224E+00  4.7574E+00 -2.5931E-01
  9.5020E+00  5.3322E+00 -1.2593E-01
  8.8438E+00  5.6129E+00 -8.5516E-03
  8.2304E+00  5.8748E+00 -7.6787E-02
  8.1600E+00  6.1371E+00 -4.8728E-02
  8.4328E+00  6.2534E+00  6.6663E-02
  8.4706E+00  6.3899E+00 -1.1547E-01
  8.6286E+00  6.1006E+00 -1.8605E-01
  8.8538E+00  5.8878E+00 -4.6296E-01
  8.9301E+00  5.7082E+00 -6.9455E-01
  8.9876E+00  5.5020E+00 -7.1141E-01
  9.1259E+00  5.2657E+00 -8.5463E-01
  9.0580E+00  4.9895E+00 -1.0690E+00
  8.8830E+00  4.8877E+00 -1.1555E+00
  8.6493E+00  4.9215E+00 -1.0509E+00
  8.3521E+00  4.8019E+00 -9.2581E-01
  8.0815E+00  4.8221E+00 -1.1591E+00
  7.8907E+00  5.0292E+00 -1.5555E+00
  7.8749E+00  5.1940E+00 -1.7307E+00
  7.7989E+00  5.1589E+00 -1.7973E+00
  7.4976E+00  4.9231E+00 -2.0560E+00
  7.2976E+00  4.7275E+00 -2.1948E+00
  7.2691E+00  4.6608E+00 -2.3265E+00
  6.9480E+00  4.7011E+00 -2.5433E+00
  6.4934E+00  4.8706E+00 -2.8292E+00
  6.1608E+00  5.1985E+00 -2.9387E+00
  5.9652E+00  5.5177E+00 -3.0192E+00
  5.8015E+00  5.0912E+00 -2.9772E+00
  5.5649E+00  4.8416E+00 -3.0646E+00
  5.3576E+00  4.7951E+00 -3.0330E+00
  5.1957E+00  4.8763E+00 -2.9372E+00
  5.2400E+00  5.0383E+00 -2.8112E+00
  5.2160E+00  5.0017E+00 -2.7346E+00
  5.2616E+00  4.7932E+00 -2.5678E+00
  5.3446E+00  4.6644E+00 -2.4655E+00
  5.5317E+00  4.6338E+00 -2.4486E+00
  5.8334E+00  4.6630E+00 -2.4233E+00
  6.1950E+00  4.7470E+00 -2.4145E+00
  6.3702E+00  5.0092E+00 -2.4071E+00
  6.1285E+00  5.2468E+00 -2.5035E+00
  5.8831E+00  5.0549E+00 -2.2916E+00
  5.8975E+00  4.8760E+00 -2.1411E+00
  5.8141E+00  4.7960E+00 -1.8466E+00
  5.9683E+00  4.7080E+00 -1.5256E+00
  6.0946E+00  4.6170E+00 -1.2917E+00
  6.1117E+00  4.5933E+00 -1.5129E+00
  6.4014E+00  4.6111E+00 -1.7319E+00
  6.3124E+00  4.4145E+00 -1.8613E+00
  6.4218E+00  4.2609E+00 -1.9619E+00
  6.5164E+00  4.1493E+00 -1.9832E+00
  6.4739E+00  4.0833E+00 -1.9447E+00
  6.6153E+00  4.1733E+00 -1.9745E+00
  6.7310E+00  4.2336E+00 -1.9991E+00
  6.8383E+00  3.9369E+00 -1.8660E+00
  6.9725E+00  3.7511E+00 -1.7455E+00
  6.9479E+00  3.6216E+00 -1.6100E+00
  6.9596E+00  3.6294E+00 -1.4482E+00
  7.1739E+00  3.7640E+00 -1.2817E+00
  6.8848E+00  3.7057E+00 -1.3294E+00
  6.6418E+00  3.8460E+00 -1.3452E+00
  6.8360E+00  3.8476E+00 -1.3831E+00
  6.9488E+00  3.5403E+00 -1.2079E+00
  6.7963E+00  3.3673E+00 -1.0176E+00
  6.7940E+00  3.1643E+00 -1.0278E+00
  6.9718E+00  3.1219E+00 -1.1577E+00
  6.8734E+00  3.1784E+00 -1.0690E+00
  6.6866E+00  3.2227E+00 -9.8082E-01
  6.7143E+00  3.1090E+00 -1.0795E+00
  6.7250E+00  2.8535E+00 -1.0546E+00
  6.8092E+00  2.7899E+00 -1.0285E+00
  6.8294E+00  2.9363E+00 -9.6957E-01
  6.6872E+00  3.1940E+00 -7.2190E-01
  6.6875E+00  3.2836E+00 -5.1358E-01
  6.6898E+00  3.3051E+00 -4.4115E-01
  6.8606E+00  3.4924E+00 -3.7546E-01
  7.0109E+00  3.8391E+00 -3.4290E-01
  6.8706E+00  4.0970E+00 -4.0950E-01
  6.7529E+00  4.1972E+00 -4.7950E-01
  6.7410E+00  4.1874E+00 -5.3388E-01
  6.6442E+00  4.2367E+00 -5.9205E-01
  6.6209E+00  4.3256E+00 -6.6588E-01
  6.7544E+00  4.3657E+00 -5.3246E-01
  6.8139E+00  4.5278E+00 -2.5715E-01
  6.8863E+00  4.6404E+00 -8.6136E-02
  6.9951E+00  4.5615E+00  1.2334E-01
  6.9428E+00  4.5727E+00  3.2858E-01
  6.7670E+00  4.5509E+00  6.1589E-01
  6.6883E+00  4.5421E+00  9.3511E-01
  6.5053E+00  4.6088E+00  1.1521E+00
  6.2889E+00  4.6754E+00  1.2706E+00
  6.2292E+00  4.6828E+00  1.3368E+00
  6.3788E+00  4.6274E+00  1.6148E+00
  6.5741E+00  4.8048E+00  1.7306E+00
  6.7842E+00  5.1685E+00  1.7372E+00
  6.7935E+00  5.5253E+00  1.6133E+00
  6.7976E+00  5.6540E+00  1.8046E+00
  6.9652E+00  5.6382E+00  1.9082E+00
  6.8986E+00  5.6884E+00  1.8129E+00
  6.7100E+00  5.5875E+00  1.8860E+00
  6.5948E+00  5.6703E+00  1.7642E+00
  6.5970E+00  5.7147E+00  1.6277E+00
  6.4206E+00  5.4062E+00  1.5229E+00
  6.3714E+00  5.0720E+00  1.3968E+00
  6.2431E+00  4.8470E+00  1.2978E+00
  6.1945E+00  4.5272E+00  1.3969E+00
  6.0388E+00  4.4325E+00  1.5124E+00
  6.0161E+00  4.2495E+00  1.5455E+00
