  2.9056E+00  1.1694E+01 -1.2787E-01
  2.6604E+00  1.1531E+01 -1.3118E-01
  2.4939E+00  1.1376E+01 -2.1299E-01
  2.2917E+00  1.1385E+01 -1.8392E-01
  2.2379E+00  1.1398E+01 -9.6021E-02
  2.2253E+00  1.1232E+01 -1.1526E-01
  2.1394E+00  1.1094E+01 -1.0726E-01
  1.9863E+00  1.1054E+01 -1.2108E-01
  1.8747E+00  1.0985E+01 -1.5049E-01
  1.8237E+00  1.1007E+01 -2.2096E-01
  1.7467E+00  1.0984E+01 -2.7157E-01
  1.7437E+00  1.0916E+01 -2.8554E-01
  1.7990E+00  1.0881E+01 -3.5469E-01
  1.8631E+00  1.0882E+01 -3.7429E-01
  1.8685E+00  1.0818E+01 -2.8101E-01
  1.8841E+00  1.0864E+01 -2.7976E-01
  1.9320E+00  1.0883E+01 -2.4128E-01
  1.9335E+00  1.0825E+01 -7.4781E-02
  1.9100E+00  1.0966E+01  2.4907E-02
  1.7823E+00  1.1027E+01  1.1291E-01
  1.6796E+00  1.1012E+01  3.4916E-01
  1.5548E+00  1.1101E+01  6.4096E-01
  1.2761E+00  1.1197E+01  9.4105E-01
  9.4187E-01  1.1138E+01  1.1743E+00
  8.4429E-01  1.1003E+01  1.4341E+00
  8.7223E-01  1.0934E+01  1.5047E+00
  1.1574E+00  1.0892E+01  1.3671E+00
  1.1082E+00  1.0534E+01  1.3074E+00
  1.0807E+00  1.0224E+01  1.4440E+00
  1.0283E+00  9.9973E+00  1.4501E+00
  1.1666E+00  9.7915E+00  1.2957E+00
  1.2719E+00  9.6196E+00  1.3427E+00
  1.5068E+00  9.6949E+00  1.2866E+00
  1.6790E+00  9.6423E+00  1.2024E+00
  1.7844E+00  9.5357E+00  1.1378E+00
  2.0126E+00  9.5048E+00  1.0640E+00
  2.2796E+00  9.4792E+00  8.8511E-01
  2.2898E+00  9.3193E+00  7.0318E-01
  2.4230E+00  9.4532E+00  5.0564E-01
  2.8104E+00  9.6035E+00  2.6419E-01
  2.8406E+00  9.3948E+00  1.5350E-02
  2.7525E+00  9.3795E+00 -2.5627E-01
  2.9042E+00  9.4680E+00 -4.5027E-01
  3.1118E+00  9.4129E+00 -6.4627E-01
  3.0975E+00  9.2315E+00 -8.3655E-01
  3.3575E+00  9.2516E+00 -1.1361E+00
  3.3729E+00  9.2234E+00 -1.5965E+00
  3.3673E+00  9.1417E+00 -1.7764E+00
  3.3668E+00  9.1059E+00 -1.7561E+00
  3.4414E+00  8.9947E+00 -1.9907E+00
  3.4938E+00  8.9366E+00 -1.9682E+00
  3.5151E+00  8.9142E+00 -1.6923E+00
  3.6202E+00  8.9457E+00 -1.6583E+00
  3.6914E+00  9.0789E+00 -1.7589E+00
  3.6104E+00  9.1001E+00 -1.8287E+00
  3.5274E+00  9.2562E+00 -1.9783E+00
  3.3945E+00  9.5533E+00 -1.9543E+00
  3.0720E+00  9.7006E+00 -1.8836E+00
  2.8679E+00  1.0000E+01 -1.9719E+00
  2.7742E+00  1.0247E+01 -2.1604E+00
  2.9426E+00  1.0419E+01 -2.3481E+00
  3.1226E+00  1.0568E+01 -2.4023E+00
  3.2936E+00  1.0578E+01 -2.4290E+00
  3.4620E+00  1.0525E+01 -2.5008E+00
  3.4602E+00  1.0646E+01 -2.7549E+00
  3.5610E+00  1.0666E+01 -3.0903E+00
  3.7168E+00  1.0659E+01 -3.0321E+00
  3.9281E+00  1.0565E+01 -2.8447E+00
  3.9506E+00  1.0546E+01 -3.0473E+00
  4.1374E+00  1.0405E+01 -3.2297E+00
  4.3369E+00  1.0312E+01 -3.1282E+00
  4.4663E+00  1.0327E+01 -3.1020E+00
  4.6666E+00  1.0194E+01 -2.8879E+00
  4.8059E+00  9.9765E+00 -2.5120E+00
  4.8684E+00  9.9937E+00 -2.3090E+00
  4.9784E+00  9.8859E+00 -2.2389E+00
  4.9889E+00  9.5742E+00 -1.9901E+00
  4.9717E+00  9.5439E+00 -1.8639E+00
  4.7103E+00  9.3140E+00 -1.6098E+00
  4.4233E+00  9.0816E+00 -1.5054E+00
  4.2512E+00  8.9466E+00 -1.3688E+00
  4.1890E+00  8.8294E+00 -1.0577E+00
  4.2129E+00  8.8470E+00 -7.7796E-01
  4.2814E+00  8.9544E+00 -6.5602E-01
  4.3165E+00  9.0567E+00 -3.3051E-01
  4.1619E+00  8.9696E+00 -2.1508E-01
  3.9783E+00  8.7893E+00 -6.1126E-02
  3.8828E+00  8.5795E+00  9.5084E-02
  3.8292E+00  8.4946E+00  3.8477E-01
  3.7136E+00  8.3283E+00  4.0680E-01
  3.6657E+00  8.1484E+00  2.8886E-01
  3.6335E+00  8.0267E+00  3.0984E-01
  3.7406E+00  7.9488E+00  3.9130E-01
  3.9547E+00  8.0932E+00  6.0842E-01
  3.8823E+00  8.4898E+00  7.0766E-01
  3.6065E+00  8.4284E+00  7.8706E-01
  3.3195E+00  8.2856E+00  9.3365E-01
  3.1533E+00  8.2789E+00  1.1911E+00
  2.9533E+00  8.5735E+00  1.2948E+00
  2.8027E+00  9.0942E+00  1.2390E+00
  2.6796E+00  9.2334E+00  1.2711E+00
  2.4622E+00  9.0519E+00  1.3413E+00
  2.3088E+00  9.0670E+00  1.2703E+00
  2.2781E+00  9.3495E+00  1.1617E+00
  2.1942E+00  9.2866E+00  1.3565E+00
  2.1597E+00  9.0433E+00  1.5657E+00
  2.1785E+00  8.7725E+00  1.6744E+00
  2.1482E+00  8.9020E+00  1.6892E+00
  2.1950E+00  9.0332E+00  1.6070E+00
  2.3272E+00  9.0529E+00  1.4646E+00
  2.3325E+00  9.0792E+00  1.6414E+00
  2.2627E+00  9.1382E+00  1.6922E+00
  2.3385E+00  9.1531E+00  1.6016E+00
  2.5744E+00  9.2571E+00  1.5789E+00
  2.5261E+00  9.1474E+00  1.6573E+00
  2.5122E+00  9.0918E+00  1.6587E+00
  2.4677E+00  9.1393E+00  1.4862E+00
  2.5335E+00  9.1022E+00  1.5669E+00
  2.4634E+00  9.1213E+00  1.6090E+00
  2.4022E+00  9.1745E+00  1.4764E+00
  2.4650E+00  9.2898E+00  1.4097E+00
  2.4589E+00  9.2552E+00  1.4753E+00
  2.3142E+00  9.3146E+00  1.4663E+00
  2.3768E+00  9.5041E+00  1.4860E+00
  2.4590E+00  9.6531E+00  1.4350E+00
  2.3154E+00  9.7331E+00  1.5686E+00
  2.3127E+00  9.8112E+00  1.6794E+00
  2.4105E+00  9.9112E+00  1.6174E+00
  2.4796E+00  9.8819E+00  1.6514E+00
  2.6985E+00  9.7994E+00  1.7363E+00
  2.4825E+00  9.7634E+00  1.8249E+00
  2.2360E+00  9.6951E+00  1.8821E+00
  2.3024E+00  9.5885E+00  1.9337E+00
  2.4955E+00  9.4016E+00  2.0354E+00
  2.8115E+00  9.1484E+00  2.1906E+00
  2.7099E+00  8.8587E+00  2.0995E+00
  2.5641E+00  8.6950E+00  1.8804E+00
  2.6383E+00  8.5552E+00  1.6988E+00
  2.7260E+00  8.4398E+00  1.7459E+00
  2.8608E+00  8.4549E+00  1.7551E+00
  2.7741E+00  8.3676E+00  1.8799E+00
  2.8098E+00  8.3828E+00  2.0033E+00
  2.8906E+00  8.4373E+00  2.1169E+00
  2.9590E+00  8.4588E+00  1.9288E+00
  3.1694E+00  8.3841E+00  1.7045E+00
  3.1942E+00  8.3017E+00  1.6514E+00
  3.0711E+00  8.2556E+00  1.6321E+00
  3.0593E+00  8.3027E+00  1.6704E+00
  3.0642E+00  8.4362E+00  1.6931E+00
  2.8886E+00  8.7651E+00  1.6855E+00
  2.6710E+00  8.9693E+00  1.8510E+00
  2.6293E+00  9.1292E+00  2.0045E+00
  2.5779E+00  9.0896E+00  1.7865E+00
  2.4463E+00  9.0470E+00  1.6398E+00
  2.3838E+00  9.1047E+00  1.6183E+00
  2.3808E+00  9.0822E+00  1.4554E+00
  2.4449E+00  9.2344E+00  1.3557E+00
  2.6645E+00  9.4990E+00  1.4736E+00
  2.9332E+00  9.7130E+00  1.6385E+00
  3.0088E+00  9.7659E+00  1.6405E+00
  3.2188E+00  9.9553E+00  1.5895E+00
  3.2262E+00  1.0250E+01  1.6273E+00
  3.1729E+00  1.0707E+01  1.6558E+00
  3.1492E+00  1.1135E+01  1.6701E+00
  3.3914E+00  1.1206E+01  1.3613E+00
  3.6630E+00  1.1322E+01  1.1380E+00
  3.7227E+00  1.1379E+01  1.1502E+00
  3.5173E+00  1.1624E+01  1.0539E+00
  3.6511E+00  1.1828E+01  7.1418E-01
  3.9905E+00  1.1912E+01  6.0233E-01
  3.9292E+00  1.2098E+01  6.9231E-01
  4.0033E+00  1.2162E+01  8.4544E-01
  4.0614E+00  1.2180E+01  8.9842E-01
  4.0584E+00  1.2242E+01  9.3971E-01
  4.3531E+00  1.2162E+01  9.8553E-01
  4.6899E+00  1.2053E+01  9.9048E-01
  4.6299E+00  1.1939E+01  1.0949E+00
  4.6793E+00  1.1756E+01  1.1680E+00
  4.8321E+00  1.1505E+01  1.2563E+00
  4.8827E+00  1.1267E+01  1.3318E+00
  4.8807E+00  1.0979E+01  1.1843E+00
  4.9039E+00  1.0685E+01  1.0661E+00
  4.7831E+00  1.0504E+01  1.2104E+00
  4.7509E+00  1.0424E+01  1.1458E+00
  4.6973E+00  1.0433E+01  1.0444E+00
  4.5137E+00  1.0505E+01  1.0454E+00
  4.6116E+00  1.0531E+01  1.0265E+00
  4.6415E+00  1.0549E+01  9.3279E-01
  4.6235E+00  1.0552E+01  8.3553E-01
  4.7045E+00  1.0614E+01  6.8689E-01
  4.8297E+00  1.0702E+01  4.7596E-01
  4.9115E+00  1.0799E+01  2.7273E-01
  4.7746E+00  1.0873E+01  2.1208E-01
  4.6738E+00  1.0844E+01  7.6122E-02
  4.5590E+00  1.1048E+01  5.5074E-02
  4.5482E+00  1.1466E+01  2.2287E-01
  4.8150E+00  1.1801E+01  1.8076E-01
  5.2588E+00  1.1991E+01  1.7977E-01
  5.7432E+00  1.2037E+01  3.6819E-01
  5.8369E+00  1.2171E+01  3.6216E-01
  5.7068E+00  1.2346E+01  4.0321E-01
  5.6339E+00  1.2486E+01  4.6328E-01
  5.6393E+00  1.2373E+01  3.3665E-01
  5.7225E+00  1.2268E+01  4.5468E-01
  5.8657E+00  1.2047E+01  1.4759E-01
  6.1001E+00  1.1862E+01 -9.7364E-02
  6.2810E+00  1.1749E+01 -1.3490E-01
  6.2734E+00  1.1592E+01 -4.0003E-03
  6.0962E+00  1.1769E+01  1.2303E-01
  5.6259E+00  1.1697E+01  3.3608E-01
  5.2173E+00  1.1726E+01  4.9347E-01
  5.1147E+00  1.2186E+01  8.4240E-01
  4.8696E+00  1.2399E+01  1.0902E+00
  4.5919E+00  1.2439E+01  1.0799E+00
  4.6552E+00  1.2453E+01  1.0391E+00
  4.5866E+00  1.2448E+01  1.2382E+00
  4.2643E+00  1.2598E+01  1.0862E+00
  4.3325E+00 -1.2558E+01  8.6979E-01
  4.5626E+00 -1.2451E+01  8.0900E-01
  4.6664E+00 -1.2324E+01  6.6079E-01
  4.7057E+00 -1.2213E+01  3.6040E-01
  4.7271E+00 -1.2202E+01  1.7443E-01
  4.6712E+00 -1.2259E+01 -5.7601E-02
  4.6687E+00 -1.2380E+01 -3.3533E-01
  4.3250E+00 -1.2299E+01 -5.2273E-01
  4.0625E+00 -1.2077E+01 -4.3298E-01
  4.1718E+00 -1.1977E+01 -4.6649E-01
  4.3896E+00 -1.1975E+01 -5.6450E-01
  4.2199E+00 -1.1848E+01 -5.2258E-01
  4.0957E+00 -1.1846E+01 -5.6994E-01
  4.1784E+00 -1.1925E+01 -6.7951E-01
  4.1476E+00 -1.1746E+01 -6.6979E-01
  4.2305E+00 -1.1603E+01 -6.6824E-01
  4.2794E+00 -1.1431E+01 -7.0796E-01
  4.3999E+00 -1.1315E+01 -6.9003E-01
  4.5813E+00 -1.1312E+01 -6.7855E-01
  4.7300E+00 -1.1282E+01 -7.4204E-01
  4.8629E+00 -1.1294E+01 -7.7404E-01
  5.0175E+00 -1.1342E+01 -8.6657E-01
  5.2036E+00 -1.1433E+01 -1.0455E+00
  5.4550E+00 -1.1601E+01 -1.3733E+00
  5.3092E+00 -1.1356E+01 -1.2420E+00
  5.3206E+00 -1.1261E+01 -1.0272E+00
  5.6090E+00 -1.1476E+01 -9.1571E-01
  5.7997E+00 -1.1476E+01 -4.8947E-01
  6.0636E+00 -1.1595E+01 -1.0266E-01
  6.4489E+00 -1.1987E+01  1.6424E-02
  6.7531E+00 -1.1989E+01 -6.3241E-02
  6.6535E+00 -1.1743E+01 -2.0909E-02
  6.5938E+00 -1.1673E+01 -1.2857E-01
  6.7042E+00 -1.1347E+01 -8.4600E-02
  6.5940E+00 -1.1005E+01 -3.3411E-01
  6.5461E+00 -1.0948E+01 -5.6139E-01
  6.5939E+00 -1.0855E+01 -5.2811E-01
  6.8817E+00 -1.0856E+01 -3.3118E-01
  7.0199E+00 -1.0860E+01 -4.6393E-01
  7.0231E+00 -1.0894E+01 -6.5483E-01
  7.0997E+00 -1.0989E+01 -5.8506E-01
  7.3245E+00 -1.1050E+01 -5.1503E-01
  7.5551E+00 -1.1028E+01 -4.0043E-01
  7.7698E+00 -1.1147E+01 -3.2002E-01
  7.9621E+00 -1.1390E+01 -3.8905E-01
  8.1245E+00 -1.1523E+01 -2.1265E-01
  8.3715E+00 -1.1670E+01  6.7470E-02
  8.5835E+00 -1.1865E+01  1.5227E-01
  8.5814E+00 -1.2093E+01  2.7155E-01
  8.4655E+00 -1.2103E+01  3.3008E-01
  8.3267E+00 -1.1993E+01  2.1605E-01
  8.2821E+00 -1.1863E+01  1.7326E-01
  8.2584E+00 -1.1827E+01  2.7466E-01
  8.2578E+00 -1.1857E+01  3.5032E-01
  8.3610E+00 -1.1766E+01  6.6281E-01
  8.5192E+00 -1.1780E+01  7.5712E-01
  8.6248E+00 -1.1694E+01  6.7057E-01
  8.5799E+00 -1.1690E+01  7.7988E-01
  8.5077E+00 -1.1833E+01  9.9601E-01
  8.4315E+00 -1.2028E+01  1.3557E+00
  8.5039E+00 -1.1952E+01  1.3876E+00
  8.5682E+00 -1.1946E+01  1.3633E+00
  8.5907E+00 -1.2168E+01  1.4630E+00
  8.6315E+00 -1.2477E+01  1.6920E+00
  8.7556E+00 -1.2575E+01  1.6450E+00
  8.6387E+00 -1.2325E+01  1.7434E+00
  8.4611E+00 -1.2025E+01  1.9768E+00
  8.3225E+00 -1.1778E+01  1.8659E+00
  8.1748E+00 -1.1782E+01  1.6745E+00
  7.9743E+00 -1.2063E+01  1.4757E+00
  7.7831E+00 -1.2234E+01  1.2364E+00
  7.5105E+00 -1.2199E+01  1.1517E+00
  7.1909E+00 -1.2118E+01  9.8633E-01
  6.9555E+00 -1.2166E+01  8.3165E-01
  6.9048E+00 -1.2409E+01  6.2302E-01
  6.9084E+00  1.2463E+01  6.3045E-01
  6.6961E+00  1.2219E+01  6.0172E-01
  6.5781E+00  1.2164E+01  3.8099E-01
  6.4824E+00  1.2161E+01  4.4932E-01
  6.4521E+00  1.2075E+01  2.9552E-01
  6.4566E+00  1.2007E+01 -8.4958E-02
  6.6182E+00  1.2111E+01 -1.0734E-01
  6.8052E+00  1.2050E+01 -2.4229E-01
  6.9575E+00  1.1962E+01 -2.9725E-01
  7.0471E+00  1.1952E+01 -3.5411E-01
  7.0934E+00  1.1697E+01 -3.9269E-01
  7.1869E+00  1.1428E+01 -1.8092E-01
  7.1970E+00  1.1273E+01 -2.6861E-01
  7.2853E+00  1.1249E+01 -3.2575E-01
  7.2487E+00  1.1443E+01 -1.7733E-01
  7.1962E+00  1.1483E+01 -2.1548E-01
  7.2416E+00  1.1522E+01 -3.9116E-01
  7.1978E+00  1.1861E+01 -6.7094E-01
  7.1585E+00  1.2180E+01 -8.6055E-01
  7.2747E+00  1.2509E+01 -8.5837E-01
  7.1751E+00 -1.2340E+01 -1.0643E+00
  6.9659E+00 -1.2162E+01 -1.1194E+00
  6.7761E+00 -1.2168E+01 -1.0262E+00
  6.6893E+00 -1.2216E+01 -8.3896E-01
  6.6448E+00 -1.2178E+01 -9.2554E-01
  6.6290E+00 -1.2180E+01 -1.2068E+00
  6.7841E+00 -1.1946E+01 -1.3653E+00
  7.0017E+00 -1.1802E+01 -1.4597E+00
  7.1456E+00 -1.1825E+01 -1.4402E+00
  7.0614E+00 -1.1900E+01 -1.2521E+00
  6.9612E+00 -1.1937E+01 -9.2255E-01
  6.8829E+00 -1.2018E+01 -1.1617E+00
  6.9038E+00 -1.2102E+01 -1.5205E+00
  6.9358E+00 -1.2220E+01 -1.7094E+00
  6.9213E+00 -1.2474E+01 -1.7447E+00
  6.8658E+00  1.2392E+01 -1.6383E+00
  6.9202E+00  1.2457E+01 -1.4713E+00
  6.8066E+00  1.2441E+01 -1.2531E+00
  6.4770E+00  1.2385E+01 -1.0596E+00
  6.2590E+00  1.2416E+01 -7.7895E-01
  6.2434E+00  1.2396E+01 -7.6218E-01
  6.3354E+00  1.2433E+01 -6.7400E-01
  6.4548E+00  1.2490E+01 -4.7879E-01
  6.1745E+00  1.2551E+01 -3.8297E-01
  5.9564E+00  1.2474E+01 -2.8383E-01
  5.9775E+00  1.2324E+01 -2.2494E-01
  6.0963E+00  1.2319E+01 -4.2926E-02
  6.0447E+00  1.2357E+01 -1.7396E-01
  5.8533E+00  1.2094E+01 -2.5227E-01
  5.8213E+00  1.2038E+01 -1.1770E-02
  5.7737E+00  1.1979E+01  2.1065E-01
  5.7349E+00  1.1630E+01  1.2131E-01
  5.9013E+00  1.1303E+01  2.2185E-01
  5.9597E+00  1.1464E+01  1.6934E-01
  5.9048E+00  1.1590E+01  9.4526E-04
  6.1147E+00  1.1668E+01 -2.2036E-01
  5.8596E+00  1.1588E+01 -4.8825E-01
  5.6545E+00  1.1459E+01 -5.9859E-01
  5.6455E+00  1.1112E+01 -6.3848E-01
  5.9470E+00  1.0821E+01 -5.9142E-01
  6.0218E+00  1.0720E+01 -5.0015E-01
  5.7661E+00  1.0851E+01 -7.4638E-01
  5.6443E+00  1.0844E+01 -1.0049E+00
  5.7293E+00  1.0635E+01 -9.2540E-01
  6.0469E+00  1.0489E+01 -7.5774E-01
  6.2329E+00  1.0591E+01 -7.3234E-01
  6.0096E+00  1.0591E+01 -6.3308E-01
  5.8304E+00  1.0601E+01 -5.9310E-01
  5.6808E+00  1.0525E+01 -7.4323E-01
  5.6428E+00  1.0665E+01 -1.0038E+00
  5.8126E+00  1.0791E+01 -9.4962E-01
  5.9115E+00  1.0727E+01 -1.0566E+00
  5.8544E+00  1.0595E+01 -1.1511E+00
  5.6455E+00  1.0799E+01 -1.4549E+00
  5.4187E+00  1.0852E+01 -1.7954E+00
  5.3049E+00  1.0875E+01 -2.0554E+00
  5.4996E+00  1.0827E+01 -2.3464E+00
  5.8002E+00  1.0657E+01 -2.4734E+00
  5.7869E+00  1.0593E+01 -2.5160E+00
  5.7880E+00  1.0694E+01 -2.7399E+00
  5.8231E+00  1.0777E+01 -2.7763E+00
  5.9907E+00  1.0886E+01 -2.7059E+00
  6.4076E+00  1.1200E+01 -2.7594E+00
  6.3430E+00  1.1752E+01 -2.8625E+00
  6.1659E+00  1.2355E+01 -2.8873E+00
  6.2461E+00 -1.2550E+01 -2.9883E+00
  6.3592E+00  1.2540E+01 -3.2863E+00
  6.4426E+00  1.2249E+01 -3.4446E+00
  6.3961E+00  1.1949E+01 -3.5082E+00
  6.4004E+00  1.1970E+01 -3.6488E+00
  6.5712E+00  1.1953E+01 -3.9239E+00
  6.5243E+00  1.1910E+01 -4.0474E+00
  6.3566E+00  1.1909E+01 -4.1098E+00
  6.3100E+00  1.1770E+01 -4.3356E+00
  6.3296E+00  1.1523E+01 -4.3869E+00
  6.2212E+00  1.1689E+01 -4.2704E+00
  6.2915E+00  1.1750E+01 -4.1082E+00
  6.3624E+00  1.1539E+01 -4.2778E+00
  6.4238E+00  1.1400E+01 -4.2429E+00
  6.4752E+00  1.1683E+01 -4.0503E+00
  6.6003E+00  1.1810E+01 -4.0513E+00
  6.7855E+00  1.1761E+01 -4.0392E+00
  6.8947E+00  1.1925E+01 -3.6727E+00
  6.9911E+00  1.2231E+01 -3.0508E+00
  7.2195E+00  1.2238E+01 -2.4800E+00
  7.4924E+00  1.2245E+01 -2.1403E+00
  7.5677E+00  1.2531E+01 -2.1282E+00
  7.5431E+00 -1.2394E+01 -2.3862E+00
