  5.9090E+00  3.0958E+00  2.9978E-02
  5.8310E+00  3.2992E+00 -5.5792E-02
  5.8715E+00  3.4276E+00 -1.0248E-01
  5.9577E+00  3.5035E+00 -2.9016E-01
  6.0743E+00  3.4892E+00 -3.9230E-01
  6.0973E+00  3.5494E+00 -3.7500E-01
  6.2151E+00  3.6098E+00 -1.6478E-01
  6.3121E+00  3.9056E+00  1.7343E-01
  6.2468E+00  4.0332E+00  4.2651E-01
  6.3080E+00  3.8270E+00  4.9495E-01
  6.1256E+00  3.9295E+00  6.7638E-01
  6.2461E+00  4.0877E+00  7.2967E-01
  6.3528E+00  4.1587E+00  5.5610E-01
  6.2687E+00  4.4755E+00  4.0461E-01
  6.5245E+00  4.6699E+00  2.2732E-01
  6.4509E+00  4.7511E+00  2.0270E-01
  6.5246E+00  4.7881E+00  1.0377E-01
  6.5098E+00  4.8535E+00 -8.6437E-02
  6.4518E+00  4.7666E+00 -4.4743E-02
  6.4611E+00  4.4766E+00  2.0075E-02
  6.4024E+00  4.2477E+00  1.4416E-02
  6.4013E+00  4.0996E+00  1.3529E-01
  6.3863E+00  3.7684E+00  1.8795E-01
  6.6353E+00  3.3747E+00  4.0587E-01
  6.5194E+00  3.4818E+00  6.9099E-01
  6.3469E+00  3.7003E+00  9.9344E-01
  6.3319E+00  3.5387E+00  1.1736E+00
  6.4000E+00  3.4435E+00  1.2817E+00
  6.4811E+00  3.5226E+00  1.3856E+00
  6.4934E+00  3.7635E+00  1.5313E+00
  6.6029E+00  4.0065E+00  1.6368E+00
  7.0450E+00  3.7583E+00  1.6970E+00
  7.5175E+00  3.6013E+00  1.8793E+00
  8.0482E+00  3.4500E+00  1.8403E+00
  8.2062E+00  3.6271E+00  1.7610E+00
  8.2393E+00  3.8167E+00  1.8120E+00
  8.3068E+00  3.8194E+00  1.7168E+00
  8.6142E+00  3.8215E+00  1.6776E+00
  9.0287E+00  3.8319E+00  1.6355E+00
  9.2871E+00  3.8032E+00  1.5436E+00
  9.5150E+00  3.9349E+00  1.3595E+00
  9.6291E+00  3.9658E+00  1.4030E+00
  9.7644E+00  4.0363E+00  1.3996E+00
  9.7925E+00  4.1095E+00  1.4296E+00
  9.9008E+00  4.2586E+00  1.3170E+00
  1.0020E+01  4.4823E+00  1.1561E+00
  1.0067E+01  4.6471E+00  1.1548E+00
  1.0049E+01  5.1074E+00  1.2290E+00
  1.0030E+01  5.4599E+00  1.3034E+00
  1.0120E+01  5.5164E+00  1.2915E+00
  1.0260E+01  5.7606E+00  1.4227E+00
  1.0516E+01  6.0049E+00  1.4180E+00
  1.0685E+01  6.0296E+00  1.2644E+00
  1.0636E+01  6.0973E+00  1.2623E+00
  1.0403E+01  6.0292E+00  1.3220E+00
  1.0293E+01  6.0462E+00  1.1774E+00
  1.0300E+01  5.9273E+00  1.0311E+00
  1.0287E+01  5.7719E+00  1.0381E+00
  1.0342E+01  5.7010E+00  1.0736E+00
  1.0396E+01  5.6852E+00  1.1248E+00
  1.0531E+01  5.5150E+00  1.1391E+00
  1.0821E+01  5.6091E+00  1.2708E+00
  1.0931E+01  5.8771E+00  1.4937E+00
  1.0920E+01  5.9552E+00  1.4296E+00
  1.0838E+01  5.8488E+00  1.3106E+00
  1.0755E+01  6.0648E+00  1.5030E+00
  1.0873E+01  6.0878E+00  1.4694E+00
  1.1017E+01  5.8431E+00  1.4916E+00
  1.1063E+01  5.6115E+00  1.6843E+00
  1.1208E+01  5.4940E+00  1.6585E+00
  1.1106E+01  5.4102E+00  1.6856E+00
  1.1097E+01  5.2536E+00  1.5578E+00
  1.1009E+01  5.1787E+00  1.6286E+00
  1.1040E+01  5.1833E+00  1.7246E+00
  1.1204E+01  5.1096E+00  1.6729E+00
  1.1085E+01  5.2249E+00  1.8366E+00
  1.1038E+01  5.2974E+00  1.9217E+00
  1.1072E+01  5.2988E+00  1.8678E+00
  1.0904E+01  5.4873E+00  1.9521E+00
  1.0867E+01  5.6039E+00  1.9599E+00
  1.0722E+01  5.6794E+00  1.6915E+00
  1.0610E+01  5.8095E+00  1.6112E+00
  1.0712E+01  5.8143E+00  1.4703E+00
  1.0692E+01  5.9396E+00  1.1402E+00
  1.0538E+01  5.9503E+00  8.2423E-01
  1.0545E+01  5.8441E+00  6.0149E-01
  1.0458E+01  5.8309E+00  5.5460E-01
  1.0522E+01  5.8092E+00  6.5482E-01
  1.0659E+01  5.9558E+00  7.3230E-01
  1.0693E+01  5.9263E+00  6.3002E-01
  1.0760E+01  5.5884E+00  5.5265E-01
  1.0797E+01  5.4258E+00  6.2957E-01
  1.0839E+01  5.4373E+00  7.5527E-01
  1.0674E+01  5.3218E+00  8.3577E-01
  1.0476E+01  5.2935E+00  1.0662E+00
  1.0325E+01  5.6617E+00  1.2839E+00
  1.0050E+01  5.9413E+00  1.3393E+00
  9.8059E+00  5.8721E+00  1.4662E+00
  9.6587E+00  5.8645E+00  1.6432E+00
  9.9858E+00  5.9850E+00  1.7830E+00
  1.0146E+01  6.1347E+00  1.8525E+00
  1.0101E+01  6.2715E+00  1.8625E+00
  1.0262E+01  6.0993E+00  2.0910E+00
  1.0372E+01  5.9210E+00  2.1733E+00
  1.0576E+01  6.0025E+00  2.0716E+00
  1.0728E+01  5.9013E+00  1.9474E+00
  1.0687E+01  5.7104E+00  1.8663E+00
  1.0426E+01  5.7810E+00  1.7139E+00
  1.0426E+01  5.8210E+00  1.5451E+00
  1.0304E+01  5.4897E+00  1.2586E+00
  1.0118E+01  5.3130E+00  1.0015E+00
  1.0119E+01  5.1899E+00  8.4486E-01
  1.0000E+01  4.9762E+00  8.5287E-01
  1.0013E+01  4.7898E+00  7.9759E-01
  1.0012E+01  4.4851E+00  6.5627E-01
  9.7910E+00  4.1428E+00  7.6293E-01
  9.6287E+00  3.9780E+00  7.9695E-01
  9.4259E+00  3.9029E+00  9.2718E-01
  9.2399E+00  3.7461E+00  9.9512E-01
  9.0857E+00  3.5273E+00  9.5842E-01
  8.9613E+00  3.3353E+00  1.0246E+00
  8.9041E+00  3.2569E+00  9.6619E-01
  8.7235E+00  3.1905E+00  9.2635E-01
  8.4615E+00  3.0647E+00  9.5280E-01
  8.4734E+00  2.9210E+00  8.3477E-01
  8.3127E+00  2.9341E+00  8.7479E-01
  8.1117E+00  2.9854E+00  8.8516E-01
  8.1610E+00  3.0549E+00  6.4813E-01
  8.2455E+00  3.1155E+00  4.9352E-01
  8.3716E+00  3.2518E+00  5.3482E-01
  8.4012E+00  3.6647E+00  4.6353E-01
  8.4294E+00  4.0620E+00  3.1949E-01
  8.2401E+00  4.3511E+00  4.8257E-01
  8.4484E+00  4.7227E+00  5.3715E-01
  8.6286E+00  5.1702E+00  5.4881E-01
  8.5157E+00  5.5089E+00  6.6669E-01
  8.5574E+00  5.4022E+00  6.7202E-01
  8.4763E+00  5.4026E+00  6.1392E-01
  8.1975E+00  5.4762E+00  7.2562E-01
  8.4739E+00  5.6707E+00  1.0212E+00
  8.4161E+00  5.9114E+00  1.4017E+00
  8.4425E+00  5.8187E+00  1.4646E+00
  8.6957E+00  5.6914E+00  1.4289E+00
  8.6630E+00  5.8164E+00  1.6839E+00
  8.5893E+00  5.9601E+00  1.7359E+00
  8.8378E+00  6.1145E+00  1.7768E+00
  9.1786E+00  6.0708E+00  1.5846E+00
  9.3278E+00  6.1991E+00  1.3802E+00
  9.5159E+00  6.2603E+00  1.3566E+00
  9.5226E+00  6.0437E+00  1.3523E+00
  9.5571E+00  5.8109E+00  1.2486E+00
  9.4810E+00  5.5314E+00  1.0218E+00
  9.2018E+00  5.4517E+00  8.7423E-01
  9.2528E+00  5.3629E+00  8.6530E-01
  9.3401E+00  5.2933E+00  7.6771E-01
  9.1830E+00  5.2681E+00  6.1059E-01
  8.9708E+00  5.0360E+00  4.5703E-01
  9.2377E+00  4.6879E+00  3.3735E-01
  9.3550E+00  4.7513E+00  1.3107E-01
  9.3923E+00  5.0254E+00 -1.5092E-01
  9.4596E+00  5.2129E+00 -5.0951E-01
  9.4802E+00  5.2987E+00 -9.2218E-01
  9.3565E+00  5.1804E+00 -1.1454E+00
  9.2061E+00  4.9630E+00 -1.3011E+00
  9.1524E+00  5.0275E+00 -1.5624E+00
  9.2111E+00  4.9308E+00 -1.8549E+00
  9.2168E+00  4.7462E+00 -2.0194E+00
  9.1958E+00  4.5676E+00 -2.0852E+00
  9.1005E+00  4.5777E+00 -2.0496E+00
  9.0103E+00  4.9265E+00 -1.9378E+00
  8.8623E+00  4.9979E+00 -1.6902E+00
  8.8221E+00  4.8762E+00 -1.4705E+00
  8.8283E+00  5.1876E+00 -1.5031E+00
  8.6931E+00  5.2413E+00 -1.6079E+00
  8.6439E+00  5.2375E+00 -1.7153E+00
  8.5373E+00  5.1810E+00 -1.7668E+00
  8.3163E+00  5.5386E+00 -1.7984E+00
  8.1131E+00  5.8936E+00 -1.7979E+00
  7.7793E+00  6.1129E+00 -1.9256E+00
  7.6231E+00  6.1116E+00 -2.2222E+00
  7.6919E+00  6.1729E+00 -2.1576E+00
  7.4161E+00  6.5451E+00 -2.5075E+00
  7.1745E+00  6.4781E+00 -2.9454E+00
  7.1908E+00  6.5120E+00 -2.8182E+00
  7.2081E+00  6.6274E+00 -2.8509E+00
  7.4573E+00  6.5768E+00 -3.2197E+00
  7.6197E+00  6.6117E+00 -3.0470E+00
  7.7697E+00  6.4150E+00 -2.9167E+00
  7.9099E+00  6.1538E+00 -2.9830E+00
  7.9788E+00  5.9549E+00 -3.2047E+00
  8.1002E+00  5.9742E+00 -3.0285E+00
  8.0738E+00  5.9097E+00 -2.7558E+00
  8.1517E+00  5.9068E+00 -2.8754E+00
  8.1164E+00  5.8925E+00 -3.0460E+00
  8.1438E+00  5.6844E+00 -3.2232E+00
  8.4154E+00  5.8582E+00 -3.0923E+00
  8.5643E+00  6.1019E+00 -2.9704E+00
  8.8275E+00  6.3516E+00 -2.8917E+00
  8.8734E+00  6.3631E+00 -2.8965E+00
  8.9877E+00  6.2828E+00 -2.8792E+00
  9.3555E+00  6.3194E+00 -2.9284E+00
  9.5334E+00  6.2168E+00 -2.9831E+00
  9.4153E+00  6.1345E+00 -2.9300E+00
  9.2562E+00  6.1617E+00 -2.9415E+00
  9.1608E+00  6.4423E+00 -2.9506E+00
  8.9056E+00  6.6565E+00 -2.8107E+00
  8.6269E+00  6.6278E+00 -2.5682E+00
  8.4027E+00  6.9432E+00 -2.3796E+00
  8.1112E+00  6.9927E+00 -2.4104E+00
  7.9606E+00  6.9233E+00 -2.3790E+00
  8.0007E+00  7.0974E+00 -2.3754E+00
  7.9213E+00  7.0594E+00 -2.7303E+00
  8.0051E+00  7.0839E+00 -2.8324E+00
  8.1497E+00  7.2584E+00 -2.7360E+00
  8.1230E+00  7.3956E+00 -2.7129E+00
  8.0220E+00  7.3837E+00 -2.7061E+00
  7.9471E+00  7.2947E+00 -2.7584E+00
  7.8675E+00  7.4442E+00 -2.8032E+00
  7.6448E+00  7.5185E+00 -2.6504E+00
  7.1481E+00  7.4933E+00 -2.8458E+00
  6.6283E+00  7.4715E+00 -2.5569E+00
  6.4029E+00  7.5765E+00 -2.2411E+00
  6.2815E+00  7.8535E+00 -1.9327E+00
  6.2101E+00  8.2763E+00 -1.4468E+00
  6.2095E+00  8.2959E+00 -9.7158E-01
  6.1824E+00  8.6014E+00 -6.8302E-01
  6.1539E+00  8.9705E+00 -6.7397E-01
  6.2089E+00  9.1134E+00 -5.4916E-01
  6.1405E+00  9.3098E+00 -3.2090E-01
  6.0401E+00  9.2826E+00 -2.6062E-01
  5.8291E+00  9.4992E+00 -1.2645E-01
  5.6253E+00  9.4995E+00 -1.0670E-01
  5.5558E+00  9.4612E+00 -4.2404E-01
  5.4502E+00  9.3801E+00 -6.1847E-01
  5.3246E+00  9.2348E+00 -4.3878E-01
  5.2609E+00  9.0532E+00 -1.8154E-01
  5.2025E+00  8.7679E+00 -2.2531E-01
  5.0497E+00  8.4209E+00 -9.8781E-02
  5.0347E+00  8.1741E+00  1.1794E-01
  5.0820E+00  7.9670E+00  1.5555E-01
  5.0917E+00  7.7804E+00 -3.4054E-02
  5.0841E+00  7.6390E+00 -2.8732E-01
  5.0045E+00  7.5137E+00 -4.6318E-01
  4.7738E+00  7.7110E+00 -2.3954E-01
  4.3879E+00  8.1565E+00 -6.6803E-02
  3.9170E+00  8.3269E+00 -3.7527E-02
  3.7267E+00  8.3890E+00 -2.9087E-02
  3.7721E+00  8.3990E+00 -7.2388E-02
  4.0077E+00  8.3356E+00 -1.3571E-01
  4.0817E+00  8.4533E+00  3.5542E-02
  4.1298E+00  8.6455E+00 -5.8418E-02
  4.3326E+00  8.6813E+00 -2.5249E-01
  4.5427E+00  8.4267E+00 -2.4107E-01
  4.8377E+00  8.4424E+00 -1.8270E-01
  5.1326E+00  8.4473E+00 -3.7305E-02
  5.1438E+00  8.0716E+00  1.1420E-02
  5.0250E+00  8.1759E+00  8.4516E-02
  4.8912E+00  8.5525E+00 -8.1337E-04
  4.5729E+00  8.5981E+00 -1.3970E-01
  4.3279E+00  8.4966E+00 -1.9464E-01
  4.2089E+00  8.5782E+00 -2.6423E-01
  4.1884E+00  8.7089E+00 -3.7270E-01
  4.1242E+00  8.7275E+00 -3.7393E-01
  4.1311E+00  8.9257E+00 -4.5031E-01
  4.2443E+00  9.0474E+00 -5.5648E-01
  4.3752E+00  9.0622E+00 -7.2111E-01
  4.4779E+00  9.2026E+00 -7.6935E-01
  4.6492E+00  9.3424E+00 -7.9230E-01
  4.6394E+00  9.4642E+00 -9.5699E-01
  4.3544E+00  9.5370E+00 -1.0269E+00
  4.0149E+00  9.8525E+00 -1.3549E+00
  3.6528E+00  9.9389E+00 -1.6420E+00
  3.4521E+00  9.9553E+00 -1.9003E+00
  3.5548E+00  1.0107E+01 -2.0862E+00
  3.8931E+00  1.0259E+01 -2.1209E+00
  4.0269E+00  1.0170E+01 -1.9204E+00
  4.3023E+00  1.0127E+01 -1.9633E+00
  4.5654E+00  1.0135E+01 -1.8831E+00
  4.7813E+00  1.0019E+01 -1.5266E+00
  5.1017E+00  9.9519E+00 -1.3064E+00
  5.1848E+00  9.8665E+00 -1.3121E+00
  5.0940E+00  9.5974E+00 -1.2256E+00
  5.0762E+00  9.4520E+00 -1.2225E+00
  5.0669E+00  9.3444E+00 -1.3351E+00
  4.8626E+00  9.1033E+00 -1.5365E+00
  4.8218E+00  8.9468E+00 -1.7452E+00
  4.7646E+00  8.9361E+00 -1.8626E+00
  4.6078E+00  9.0024E+00 -1.9948E+00
  4.5551E+00  9.0546E+00 -2.1095E+00
  4.5486E+00  9.0368E+00 -2.1265E+00
  4.3849E+00  8.8861E+00 -2.0584E+00
  4.4372E+00  8.8287E+00 -1.9649E+00
  4.1812E+00  8.7409E+00 -1.8997E+00
  3.9214E+00  8.6271E+00 -2.0413E+00
  3.9383E+00  8.6870E+00 -2.0966E+00
  4.0180E+00  8.6192E+00 -1.9835E+00
  4.0056E+00  8.3129E+00 -1.7910E+00
  4.0867E+00  8.3301E+00 -1.6875E+00
  4.2080E+00  8.3712E+00 -1.7101E+00
  4.1410E+00  8.2592E+00 -1.7600E+00
  4.1037E+00  8.3450E+00 -1.6803E+00
  4.1380E+00  8.4683E+00 -1.6302E+00
  4.0497E+00  8.4652E+00 -1.7277E+00
  4.0247E+00  8.4427E+00 -1.9235E+00
  3.8486E+00  8.4152E+00 -2.0058E+00
  3.7121E+00  8.4734E+00 -2.2433E+00
  3.5314E+00  8.5199E+00 -2.4144E+00
  3.4788E+00  8.3464E+00 -2.7442E+00
  3.6213E+00  8.3952E+00 -3.0159E+00
  3.8152E+00  8.6314E+00 -2.9999E+00
  4.0262E+00  8.5787E+00 -2.9407E+00
  4.1680E+00  8.5755E+00 -3.1177E+00
  4.0912E+00  8.7641E+00 -3.1055E+00
  3.8529E+00  8.8648E+00 -2.8497E+00
  3.6269E+00  8.9095E+00 -2.6182E+00
  3.5437E+00  9.0168E+00 -2.4984E+00
  3.6884E+00  9.0184E+00 -2.3620E+00
  3.9013E+00  8.9954E+00 -2.2886E+00
  3.8908E+00  8.9789E+00 -2.1291E+00
  3.8050E+00  8.9882E+00 -2.1135E+00
  3.8544E+00  8.8298E+00 -2.1029E+00
  4.0348E+00  8.7042E+00 -1.8840E+00
  3.8994E+00  8.8431E+00 -1.5414E+00
  3.9531E+00  8.9255E+00 -1.3928E+00
  3.9344E+00  8.7972E+00 -1.1040E+00
  4.0057E+00  8.7699E+00 -8.8782E-01
  4.0658E+00  8.9569E+00 -8.0195E-01
  4.2791E+00  9.1221E+00 -8.7165E-01
  4.5039E+00  9.0921E+00 -7.9682E-01
  4.4681E+00  9.1091E+00 -5.1634E-01
  4.5880E+00  9.1665E+00 -2.8555E-01
  4.7555E+00  9.0154E+00 -1.2900E-01
  4.7103E+00  8.7425E+00  1.4889E-01
  4.8065E+00  8.2941E+00  3.3252E-01
  5.1479E+00  7.7962E+00  5.2396E-01
  5.4547E+00  7.2964E+00  7.4793E-01
  5.3570E+00  6.9964E+00  6.1603E-01
  5.2283E+00  6.8458E+00  5.6001E-01
  5.3899E+00  6.8488E+00  7.7368E-01
  5.3371E+00  7.1094E+00  7.0530E-01
  4.8771E+00  7.5154E+00  2.9676E-01
  4.3954E+00  7.8406E+00  4.2496E-01
  3.9246E+00  8.0444E+00  5.0664E-01
  3.4949E+00  8.0661E+00  4.4648E-01
  3.0935E+00  7.9471E+00  3.8234E-01
  2.7456E+00  7.8648E+00  1.9873E-01
  2.6251E+00  7.8126E+00 -1.0752E-02
  2.5309E+00  7.8240E+00 -2.7017E-01
  2.5144E+00  7.8675E+00 -5.3814E-01
  2.4458E+00  7.8892E+00 -7.7073E-01
  2.5454E+00  7.9518E+00 -1.0417E+00
  2.7968E+00  7.9733E+00 -1.3188E+00
  3.0829E+00  7.9922E+00 -1.5240E+00
  3.3239E+00  8.1302E+00 -1.7896E+00
  3.4461E+00  8.1916E+00 -2.2357E+00
  3.5577E+00  8.3199E+00 -2.5435E+00
  3.8557E+00  8.4089E+00 -2.7345E+00
  4.0798E+00  8.5398E+00 -2.7369E+00
  4.4931E+00  8.7779E+00 -2.9860E+00
  4.5793E+00  9.2337E+00 -3.2503E+00
  4.5816E+00  9.7355E+00 -3.3044E+00
  4.6122E+00  1.0142E+01 -3.3539E+00
  4.4311E+00  1.0530E+01 -3.7355E+00
  4.3801E+00  1.1066E+01 -4.0395E+00
  4.3044E+00  1.1392E+01 -4.1965E+00
  4.2938E+00  1.1680E+01 -4.2836E+00
  4.4811E+00  1.1987E+01 -4.2438E+00
  4.5919E+00  1.2417E+01 -4.2192E+00
  4.6300E+00 -1.2267E+01 -4.2204E+00
  4.6737E+00 -1.1734E+01 -4.1889E+00
  4.7020E+00 -1.1266E+01 -4.1356E+00
  4.8166E+00 -1.0865E+01 -3.9748E+00
  4.9896E+00 -1.0590E+01 -3.7796E+00
  5.1661E+00 -1.0372E+01 -3.6407E+00
  5.4010E+00 -1.0131E+01 -3.3910E+00
  5.6429E+00 -9.9455E+00 -3.0440E+00
  5.7588E+00 -9.9553E+00 -2.6824E+00
  5.9002E+00 -9.8079E+00 -2.1651E+00
  6.1107E+00 -9.6412E+00 -1.5020E+00
  6.3603E+00 -9.4430E+00 -8.9307E-01
  6.5679E+00 -9.3561E+00 -2.8882E-01
  6.7063E+00 -9.3928E+00  3.1536E-01
  6.7799E+00 -9.5662E+00  7.7379E-01
  6.8522E+00 -9.8259E+00  1.0750E+00
  6.8923E+00 -1.0021E+01  1.3620E+00
  6.8612E+00 -1.0075E+01  1.6665E+00
  6.9097E+00 -1.0135E+01  1.8884E+00
  6.8954E+00 -1.0220E+01  2.0853E+00
  6.7929E+00 -1.0016E+01  2.3996E+00
  6.6964E+00 -9.8508E+00  2.6421E+00
  6.6575E+00 -9.8301E+00  2.7535E+00
  6.6917E+00 -9.8409E+00  2.7697E+00
  6.7121E+00 -9.7251E+00  2.8267E+00
  6.7586E+00 -9.6306E+00  2.8299E+00
  6.8736E+00 -9.6712E+00  2.7210E+00
  6.9809E+00 -9.7994E+00  2.5025E+00
  7.1011E+00 -9.7126E+00  2.3601E+00
  7.3040E+00 -9.5468E+00  2.2654E+00
  7.4201E+00 -9.4255E+00  2.1578E+00
  7.4624E+00 -9.3028E+00  1.9312E+00
