  5.6518E+00  6.2368E+00  3.7034E-01
  5.8144E+00  6.5272E+00  8.8303E-01
  5.7822E+00  6.7543E+00  1.2462E+00
  5.8536E+00  6.7824E+00  1.4850E+00
  5.9017E+00  6.7644E+00  1.5942E+00
  5.8554E+00  6.6713E+00  1.7176E+00
  5.9552E+00  6.6122E+00  1.6585E+00
  6.1281E+00  6.5130E+00  1.5046E+00
  6.3099E+00  6.4341E+00  1.5090E+00
  6.4428E+00  6.6267E+00  1.6995E+00
  6.5580E+00  6.6344E+00  1.6377E+00
  6.6794E+00  6.5954E+00  1.5746E+00
  6.7358E+00  6.7128E+00  1.7340E+00
  6.8098E+00  6.7733E+00  1.9411E+00
  6.7846E+00  6.7603E+00  2.1272E+00
  6.7216E+00  6.6502E+00  2.1659E+00
  6.7851E+00  6.5956E+00  2.1313E+00
  6.7968E+00  6.4867E+00  2.2070E+00
  6.8231E+00  6.4249E+00  2.0405E+00
  6.8923E+00  6.4301E+00  1.9222E+00
  6.8464E+00  6.3151E+00  1.9795E+00
  6.6860E+00  6.1647E+00  1.7732E+00
  6.6342E+00  6.2075E+00  1.6279E+00
  6.5616E+00  6.3076E+00  1.6282E+00
  6.4208E+00  6.3071E+00  1.6607E+00
  6.4033E+00  6.2291E+00  1.5976E+00
  6.2754E+00  6.5212E+00  1.6283E+00
  6.1604E+00  6.7456E+00  1.6808E+00
  6.0627E+00  6.7689E+00  1.7062E+00
  5.9175E+00  6.6397E+00  1.7326E+00
  5.7352E+00  6.4597E+00  1.6567E+00
  5.5904E+00  6.8066E+00  1.5676E+00
  5.5306E+00  7.0165E+00  1.5011E+00
  5.4076E+00  7.0553E+00  1.4123E+00
  5.3785E+00  7.1259E+00  1.3286E+00
  5.4785E+00  7.2080E+00  1.3730E+00
  5.3723E+00  7.1685E+00  1.3137E+00
  5.2924E+00  7.0069E+00  1.1582E+00
  5.3063E+00  6.9055E+00  1.0369E+00
  5.2082E+00  6.7733E+00  9.0303E-01
  5.2743E+00  6.5706E+00  8.7023E-01
  5.3790E+00  6.4964E+00  8.0488E-01
  5.5208E+00  6.3411E+00  9.9636E-01
  5.7071E+00  6.0347E+00  1.0758E+00
  5.8370E+00  5.7450E+00  1.0880E+00
  5.9755E+00  5.5343E+00  1.0604E+00
  5.9970E+00  5.4043E+00  9.8726E-01
  5.9425E+00  5.3278E+00  9.6292E-01
  5.5465E+00  4.9851E+00  1.0095E+00
  5.3083E+00  4.6647E+00  9.2630E-01
  5.1114E+00  4.5897E+00  9.0787E-01
  4.9632E+00  4.4390E+00  8.2996E-01
  4.9507E+00  4.3270E+00  8.4760E-01
  5.0277E+00  4.2784E+00  8.7718E-01
  5.0291E+00  4.1701E+00  9.1667E-01
  5.1876E+00  4.2022E+00  9.8590E-01
  5.3162E+00  4.2518E+00  1.1646E+00
  5.5240E+00  4.2619E+00  1.3782E+00
  5.8154E+00  4.0973E+00  1.6949E+00
  6.1916E+00  4.0045E+00  1.9175E+00
  5.8740E+00  4.1794E+00  2.1030E+00
  5.5315E+00  4.4039E+00  2.1928E+00
  5.3401E+00  4.5666E+00  2.2813E+00
  5.1278E+00  4.6935E+00  2.2876E+00
  4.9745E+00  4.9054E+00  2.2658E+00
  4.8086E+00  5.0451E+00  2.3896E+00
  4.6782E+00  5.1776E+00  2.4753E+00
  4.6915E+00  5.4841E+00  2.5569E+00
  4.8203E+00  5.7831E+00  2.6505E+00
  4.5216E+00  5.6523E+00  2.7060E+00
  4.4403E+00  5.6404E+00  2.6971E+00
  4.5225E+00  5.6439E+00  2.8474E+00
  4.7595E+00  5.8590E+00  3.0782E+00
  4.6790E+00  5.8852E+00  3.1835E+00
  4.5299E+00  5.8327E+00  3.3940E+00
  4.5770E+00  6.0531E+00  3.5723E+00
  4.6100E+00  6.1145E+00  3.7704E+00
  4.3185E+00  6.0787E+00  4.0655E+00
  4.1697E+00  6.0853E+00  4.2460E+00
  4.1366E+00  6.1236E+00  4.4815E+00
  4.1893E+00  6.2047E+00  4.7235E+00
  4.1300E+00  6.2755E+00  4.8679E+00
  4.0166E+00  6.2226E+00  4.9753E+00
  4.0202E+00  6.0488E+00  5.1568E+00
  4.0582E+00  5.9344E+00  5.2533E+00
  3.9590E+00  5.8388E+00  5.2309E+00
  4.0507E+00  5.9057E+00  5.1361E+00
  4.1860E+00  5.9887E+00  4.7626E+00
  4.2434E+00  5.8989E+00  4.5972E+00
  4.3878E+00  5.7248E+00  4.7810E+00
  4.4834E+00  5.6791E+00  4.7382E+00
  4.5020E+00  5.6293E+00  4.5611E+00
  4.5519E+00  5.4796E+00  4.4661E+00
  4.6613E+00  5.1504E+00  4.5232E+00
  4.7104E+00  4.9677E+00  4.4509E+00
  4.7202E+00  4.9238E+00  4.3356E+00
  5.0279E+00  4.6900E+00  4.2589E+00
  5.2301E+00  4.5086E+00  4.2397E+00
  5.2251E+00  4.4793E+00  4.2630E+00
  5.2806E+00  4.5573E+00  4.2001E+00
  5.4949E+00  4.3252E+00  4.4236E+00
  5.7286E+00  4.3804E+00  4.4566E+00
  6.0056E+00  4.5581E+00  4.2234E+00
  6.0013E+00  4.8026E+00  4.0247E+00
  5.7807E+00  5.3002E+00  4.0063E+00
  5.9125E+00  5.6969E+00  3.9605E+00
  6.2392E+00  5.9239E+00  3.8282E+00
  6.3365E+00  6.2139E+00  3.8712E+00
  6.5859E+00  6.3056E+00  3.9934E+00
  6.7001E+00  6.3682E+00  3.9310E+00
  6.6175E+00  6.4953E+00  3.6690E+00
  6.5603E+00  6.7006E+00  3.2227E+00
  6.4998E+00  6.8948E+00  3.1773E+00
  6.2591E+00  6.8103E+00  3.5217E+00
  6.0409E+00  6.6574E+00  3.7922E+00
  5.8371E+00  6.5010E+00  3.9117E+00
  5.7536E+00  6.4487E+00  3.9432E+00
  5.6017E+00  6.2723E+00  3.8984E+00
  5.2951E+00  6.0988E+00  3.6954E+00
  5.0650E+00  6.0084E+00  3.5774E+00
  4.9828E+00  6.0351E+00  3.4351E+00
  4.9040E+00  6.1919E+00  3.2597E+00
  4.8571E+00  6.3161E+00  3.0101E+00
  4.7362E+00  6.2512E+00  2.6892E+00
  4.5043E+00  6.2995E+00  2.5391E+00
  4.4519E+00  6.2638E+00  2.4587E+00
  4.5303E+00  6.1225E+00  2.4245E+00
  4.3777E+00  6.2430E+00  2.5504E+00
  4.2398E+00  6.2910E+00  2.4097E+00
  4.1921E+00  6.2528E+00  2.1828E+00
  4.2088E+00  6.2058E+00  2.1284E+00
  4.2775E+00  6.2678E+00  1.9851E+00
  4.4638E+00  6.3744E+00  1.7939E+00
  4.6647E+00  6.6098E+00  1.5742E+00
  4.7454E+00  6.8459E+00  1.5351E+00
  4.8523E+00  6.9672E+00  1.5120E+00
  5.0159E+00  7.0357E+00  1.6203E+00
  5.0283E+00  7.1576E+00  1.9335E+00
  5.0832E+00  7.1431E+00  2.0813E+00
  5.1332E+00  7.0943E+00  2.3436E+00
  5.1743E+00  7.1040E+00  2.5661E+00
  5.1791E+00  7.0604E+00  2.7856E+00
  5.2711E+00  7.0863E+00  2.8204E+00
  5.4413E+00  7.0684E+00  2.7924E+00
  5.4299E+00  7.1068E+00  2.7102E+00
  5.4544E+00  7.3275E+00  2.7233E+00
  5.5117E+00  7.5518E+00  2.9423E+00
  5.3542E+00  7.6508E+00  3.1309E+00
  5.2365E+00  7.6397E+00  3.1024E+00
  5.1645E+00  7.4661E+00  3.0693E+00
  5.0599E+00  7.3680E+00  3.2710E+00
  4.9233E+00  7.5311E+00  3.4466E+00
  4.8262E+00  7.7318E+00  3.2876E+00
  4.9873E+00  7.9387E+00  3.1349E+00
  5.3114E+00  8.2076E+00  2.9912E+00
  5.2712E+00  8.5070E+00  2.7430E+00
  5.3082E+00  8.6332E+00  2.7887E+00
  5.3485E+00  8.6055E+00  2.7040E+00
  5.4768E+00  8.5489E+00  2.6557E+00
  5.6636E+00  8.3700E+00  2.6041E+00
  5.8653E+00  8.2509E+00  2.7594E+00
  5.8701E+00  8.2417E+00  3.0010E+00
  5.9672E+00  8.3475E+00  3.3808E+00
  6.0773E+00  8.5441E+00  3.6308E+00
  6.2682E+00  8.5005E+00  3.8470E+00
  6.3803E+00  8.6186E+00  3.9723E+00
  6.2458E+00  8.7971E+00  4.0730E+00
  5.9630E+00  8.8476E+00  4.1452E+00
  5.7448E+00  8.9747E+00  4.1692E+00
  5.7126E+00  9.1321E+00  4.1643E+00
  5.8066E+00  9.3995E+00  4.1940E+00
  5.7864E+00  9.5965E+00  4.1595E+00
  5.9312E+00  9.7777E+00  3.9635E+00
  6.1162E+00  9.9071E+00  4.0506E+00
  6.2488E+00  1.0054E+01  4.4500E+00
  6.5497E+00  1.0096E+01  4.8018E+00
  6.8241E+00  1.0156E+01  5.0262E+00
  6.8159E+00  1.0155E+01  5.0156E+00
  7.0079E+00  1.0022E+01  5.1397E+00
  7.1166E+00  1.0042E+01  5.3806E+00
  7.1256E+00  1.0194E+01  5.4421E+00
  7.1023E+00  1.0176E+01  5.2260E+00
  7.0765E+00  1.0128E+01  5.1376E+00
  7.1395E+00  1.0150E+01  5.3958E+00
  7.4022E+00  9.9814E+00  5.4439E+00
  7.5382E+00  9.9320E+00  5.2470E+00
  7.5320E+00  1.0136E+01  5.1114E+00
  7.3806E+00  1.0035E+01  5.1859E+00
  7.1387E+00  1.0166E+01  5.3091E+00
  7.0249E+00  1.0156E+01  5.6880E+00
  6.8641E+00  1.0137E+01  6.0676E+00
  6.8288E+00  1.0110E+01  6.3536E+00
  6.7859E+00  1.0135E+01  6.5336E+00
  6.6446E+00  1.0178E+01  6.5723E+00
  6.4673E+00  1.0140E+01  6.5530E+00
  6.4401E+00  9.9983E+00  6.5604E+00
  6.4989E+00  9.9187E+00  6.6239E+00
  6.4725E+00  9.9860E+00  6.7701E+00
  6.5794E+00  1.0021E+01  6.6589E+00
  6.7850E+00  9.8467E+00  6.4717E+00
  7.0191E+00  9.6855E+00  6.5633E+00
  7.2209E+00  9.8228E+00  6.7334E+00
  7.3704E+00  1.0001E+01  6.5972E+00
  7.4715E+00  9.7250E+00  6.5904E+00
  7.4850E+00  9.2379E+00  6.5877E+00
  7.6192E+00  9.0695E+00  6.7124E+00
  7.7118E+00  9.1957E+00  6.8130E+00
  7.7584E+00  9.0573E+00  6.7893E+00
  7.7954E+00  8.8471E+00  6.5396E+00
  7.6939E+00  8.6409E+00  6.1466E+00
  7.6310E+00  8.8423E+00  5.8919E+00
  7.5905E+00  9.0698E+00  5.5089E+00
  7.7244E+00  9.4131E+00  5.0640E+00
  7.5794E+00  9.6849E+00  4.8086E+00
  7.2760E+00  9.9086E+00  4.5083E+00
  7.0410E+00  1.0170E+01  4.5396E+00
  7.0060E+00  1.0465E+01  4.6873E+00
  6.8939E+00  1.0619E+01  4.8021E+00
  6.7476E+00  1.0829E+01  4.7276E+00
  6.6236E+00  1.1139E+01  4.4284E+00
  6.5185E+00  1.1371E+01  4.0863E+00
  6.4338E+00  1.1214E+01  4.1124E+00
  6.4591E+00  1.1095E+01  4.0912E+00
  6.4657E+00  1.1050E+01  3.9881E+00
  6.4872E+00  1.1100E+01  3.9943E+00
  6.5103E+00  1.1090E+01  3.8933E+00
  6.5894E+00  1.1048E+01  3.9193E+00
  6.7577E+00  1.0966E+01  4.0689E+00
  6.8397E+00  1.0790E+01  4.1054E+00
  6.8194E+00  1.0805E+01  4.0874E+00
  6.7025E+00  1.0813E+01  4.1039E+00
  6.7828E+00  1.0664E+01  4.4098E+00
  6.7962E+00  1.0310E+01  4.7569E+00
  6.6710E+00  9.9167E+00  4.9141E+00
  6.6947E+00  9.7888E+00  5.1110E+00
  6.5401E+00  9.6352E+00  5.4506E+00
  6.4114E+00  9.4215E+00  5.6783E+00
  6.5135E+00  9.2529E+00  5.5915E+00
  6.6670E+00  9.2022E+00  5.5042E+00
  6.8813E+00  9.4432E+00  5.6407E+00
  7.1453E+00  9.5647E+00  5.7350E+00
  7.4485E+00  9.5536E+00  5.6661E+00
  7.6223E+00  9.4862E+00  5.3459E+00
  7.7183E+00  9.4939E+00  4.9200E+00
  7.8118E+00  9.5137E+00  4.5907E+00
  7.9255E+00  9.4540E+00  4.3629E+00
  7.9611E+00  9.4844E+00  4.3228E+00
  7.9165E+00  9.2972E+00  4.2477E+00
  7.9654E+00  8.8764E+00  4.0206E+00
  8.1248E+00  8.8013E+00  3.6899E+00
  8.3156E+00  8.7435E+00  3.3795E+00
  8.5014E+00  8.4547E+00  3.0891E+00
  8.7522E+00  8.5040E+00  2.5938E+00
  8.8207E+00  8.7763E+00  2.3097E+00
  8.7624E+00  8.6272E+00  2.1615E+00
  8.7661E+00  8.5302E+00  2.1264E+00
  8.8532E+00  8.8789E+00  2.0230E+00
  9.0570E+00  8.6733E+00  2.2751E+00
  9.2023E+00  8.5780E+00  2.1080E+00
  9.1592E+00  8.5648E+00  2.2753E+00
  9.0274E+00  8.5712E+00  2.5779E+00
  8.8998E+00  8.9322E+00  2.6658E+00
  8.6152E+00  9.0399E+00  2.7542E+00
  8.2047E+00  9.0149E+00  2.8482E+00
  8.0384E+00  9.3370E+00  3.2076E+00
  7.8294E+00  9.4184E+00  3.5153E+00
  7.7424E+00  9.4403E+00  3.6354E+00
  7.7034E+00  9.5907E+00  3.7062E+00
  7.4706E+00  9.6543E+00  3.6448E+00
  7.4174E+00  9.5100E+00  3.5435E+00
  7.5588E+00  9.4183E+00  3.5781E+00
  7.7956E+00  9.4239E+00  3.5976E+00
  8.0229E+00  9.5711E+00  3.4031E+00
  7.9615E+00  9.3353E+00  3.4098E+00
  7.7991E+00  9.1309E+00  3.3875E+00
  7.7970E+00  9.0901E+00  3.4937E+00
  7.7822E+00  9.2776E+00  3.5134E+00
  7.6895E+00  9.1264E+00  3.3722E+00
  7.4571E+00  8.8933E+00  3.2540E+00
  7.3174E+00  8.6873E+00  3.3096E+00
  7.4880E+00  8.7022E+00  3.3568E+00
  7.4763E+00  8.8471E+00  3.6151E+00
  7.4440E+00  9.0585E+00  3.8495E+00
  7.3231E+00  9.1146E+00  3.9324E+00
  7.2258E+00  8.9750E+00  3.8979E+00
  7.0305E+00  9.0161E+00  3.9803E+00
  6.8772E+00  9.1156E+00  4.1334E+00
  6.8186E+00  9.3970E+00  4.3787E+00
  6.7648E+00  9.4618E+00  4.7521E+00
  6.7461E+00  9.4747E+00  5.0550E+00
  6.7497E+00  9.5336E+00  5.1776E+00
  6.6859E+00  9.5688E+00  5.0833E+00
  6.5616E+00  9.6101E+00  5.0012E+00
  6.4732E+00  9.6683E+00  4.9802E+00
  6.4363E+00  9.5144E+00  4.9998E+00
  6.3719E+00  9.2491E+00  5.0036E+00
  6.4341E+00  9.2321E+00  4.9917E+00
  6.5613E+00  9.1854E+00  4.9726E+00
  6.6413E+00  8.9104E+00  5.0509E+00
  6.7808E+00  8.7870E+00  5.0448E+00
  7.0854E+00  8.9509E+00  5.0027E+00
  7.3296E+00  9.0912E+00  4.9607E+00
  7.6103E+00  9.1615E+00  4.8522E+00
  7.9447E+00  9.2179E+00  4.3978E+00
  8.2294E+00  9.3385E+00  3.8638E+00
  8.4841E+00  9.5346E+00  3.8551E+00
  8.6518E+00  1.0074E+01  3.9082E+00
  8.8260E+00  1.0607E+01  3.8536E+00
  9.0180E+00  1.0863E+01  3.8541E+00
  9.0405E+00  1.1099E+01  3.6667E+00
  8.8430E+00  1.1346E+01  3.7040E+00
  8.3701E+00  1.1540E+01  4.1468E+00
  7.8294E+00  1.1596E+01  4.3447E+00
  7.3970E+00  1.1556E+01  4.5067E+00
  6.9378E+00  1.1413E+01  4.5161E+00
  6.4797E+00  1.1252E+01  4.4874E+00
  6.0687E+00  1.1290E+01  4.2118E+00
  5.7010E+00  1.1272E+01  4.0843E+00
  5.3978E+00  1.1129E+01  4.2095E+00
  5.1878E+00  1.0992E+01  4.2077E+00
  5.0673E+00  1.1029E+01  4.0250E+00
  5.0258E+00  1.1282E+01  3.6691E+00
  4.9945E+00  1.1430E+01  3.5116E+00
  4.7801E+00  1.1336E+01  3.5758E+00
  4.2311E+00  1.1631E+01  3.5381E+00
  3.6647E+00  1.1877E+01  3.6462E+00
  3.3639E+00  1.2016E+01  3.7018E+00
  3.2417E+00  1.1950E+01  3.5773E+00
  3.1502E+00  1.2040E+01  3.3384E+00
  2.9154E+00  1.2374E+01  3.0777E+00
  2.7457E+00 -1.2528E+01  2.9331E+00
  2.8243E+00 -1.2309E+01  2.6026E+00
  2.6557E+00 -1.2225E+01  2.3397E+00
  2.5557E+00 -1.2236E+01  2.0977E+00
  2.7231E+00 -1.2243E+01  1.9212E+00
  2.8621E+00 -1.2368E+01  1.8250E+00
  2.7864E+00 -1.2501E+01  1.8525E+00
  2.8226E+00  1.2539E+01  1.8641E+00
  3.0291E+00  1.2554E+01  1.8175E+00
  3.0884E+00 -1.2587E+01  1.6928E+00
  3.2952E+00 -1.2528E+01  1.6161E+00
  3.4509E+00 -1.2499E+01  1.5187E+00
  3.4899E+00 -1.2594E+01  1.4269E+00
  3.4159E+00 -1.2579E+01  1.5385E+00
  3.5675E+00 -1.2504E+01  1.6723E+00
  3.8517E+00 -1.2571E+01  1.6850E+00
  4.0250E+00  1.2497E+01  1.5922E+00
  4.0744E+00  1.2528E+01  1.7437E+00
  4.4059E+00 -1.2415E+01  1.8481E+00
  4.5254E+00 -1.2438E+01  1.6535E+00
  4.6692E+00 -1.2537E+01  1.5544E+00
  4.7641E+00  1.2595E+01  1.6216E+00
  4.9762E+00 -1.2520E+01  1.7941E+00
  5.1542E+00 -1.2430E+01  1.8440E+00
  5.1429E+00 -1.2405E+01  1.6465E+00
  5.1147E+00 -1.2209E+01  1.5644E+00
  5.1043E+00 -1.2041E+01  1.6546E+00
  4.9681E+00 -1.2079E+01  1.8160E+00
  4.8932E+00 -1.2034E+01  1.6187E+00
  4.8704E+00 -1.1867E+01  1.6549E+00
  4.8822E+00 -1.1812E+01  1.8706E+00
  5.0555E+00 -1.2114E+01  2.0527E+00
  5.2718E+00 -1.2154E+01  2.1596E+00
  5.4673E+00 -1.2184E+01  2.1686E+00
  5.3488E+00 -1.2369E+01  2.0351E+00
  5.1362E+00 -1.2502E+01  1.9353E+00
  5.0884E+00  1.2567E+01  1.8247E+00
  5.2284E+00  1.2357E+01  1.5832E+00
  5.3595E+00  1.1982E+01  1.3383E+00
  5.2980E+00  1.1770E+01  1.2042E+00
  5.2239E+00  1.1498E+01  1.2845E+00
  5.1239E+00  1.1403E+01  1.3434E+00
  5.0982E+00  1.1157E+01  1.8618E+00
  5.1014E+00  1.1183E+01  2.2516E+00
  5.1468E+00  1.1322E+01  2.3550E+00
  5.1137E+00  1.1447E+01  2.2383E+00
  5.1100E+00  1.1552E+01  2.1679E+00
  4.9822E+00  1.1515E+01  2.1457E+00
  4.8846E+00  1.1424E+01  1.8922E+00
  4.6869E+00  1.1406E+01  1.6857E+00
  4.4694E+00  1.1161E+01  1.2766E+00
  4.3571E+00  1.0958E+01  7.7227E-01
  4.4191E+00  1.0957E+01  4.9997E-01
  4.5360E+00  1.0987E+01  2.5119E-01
  4.3637E+00  1.1052E+01 -6.0174E-02
  4.2701E+00  1.1010E+01 -3.1218E-01
  4.3563E+00  1.1041E+01 -5.6640E-01
  4.4963E+00  1.1077E+01 -7.2693E-01
  4.6668E+00  1.1045E+01 -9.5374E-01
  4.7248E+00  1.1052E+01 -1.1062E+00
  4.7676E+00  1.1133E+01 -1.2075E+00
  4.7946E+00  1.1113E+01 -1.3135E+00
  4.7266E+00  1.1066E+01 -1.3712E+00
  4.7153E+00  1.0981E+01 -1.6210E+00
  4.7189E+00  1.0828E+01 -1.9050E+00
  4.6815E+00  1.0616E+01 -2.1095E+00
  4.6570E+00  1.0377E+01 -2.2336E+00
  4.5812E+00  1.0295E+01 -2.4111E+00
  4.5097E+00  1.0244E+01 -2.4427E+00
  4.4728E+00  1.0190E+01 -2.3542E+00
