  5.9985E+00  8.9732E+00 -1.3136E-01
  5.9726E+00  9.0571E+00 -3.2967E-01
  6.2963E+00  9.2597E+00 -4.7733E-01
  6.5377E+00  9.4996E+00 -4.9435E-01
  6.6893E+00  9.9228E+00 -5.9743E-01
  6.8017E+00  1.0159E+01 -6.1486E-01
  7.0632E+00  1.0212E+01 -4.8201E-01
  7.0901E+00  1.0456E+01 -4.2219E-01
  7.1064E+00  1.0655E+01 -4.9011E-01
  7.2403E+00  1.0660E+01 -4.5464E-01
  7.2750E+00  1.0760E+01 -4.0238E-01
  7.4109E+00  1.0835E+01 -3.3223E-01
  7.6666E+00  1.0685E+01 -2.9347E-01
  7.7752E+00  1.0678E+01 -3.7077E-01
  7.8564E+00  1.0615E+01 -2.6857E-01
  7.9367E+00  1.0624E+01 -2.4705E-01
  8.0052E+00  1.0611E+01 -3.3290E-01
  7.8850E+00  1.0561E+01 -3.5319E-01
  7.8010E+00  1.0772E+01 -3.9893E-01
  7.8723E+00  1.0648E+01 -4.7489E-01
  7.7054E+00  1.0761E+01 -7.2771E-01
  7.7123E+00  1.0834E+01 -7.6613E-01
  7.7472E+00  1.0975E+01 -7.4532E-01
  7.4580E+00  1.1222E+01 -8.1560E-01
  7.3492E+00  1.1356E+01 -7.8869E-01
  7.4360E+00  1.1522E+01 -7.7414E-01
  7.3127E+00  1.1724E+01 -7.9899E-01
  7.2097E+00  1.1967E+01 -9.4961E-01
  7.1407E+00  1.2078E+01 -1.0556E+00
  7.0391E+00  1.2204E+01 -1.1190E+00
  6.9932E+00  1.2356E+01 -1.0862E+00
  6.8187E+00  1.2492E+01 -1.0956E+00
  6.6924E+00  1.2545E+01 -1.0930E+00
  6.4132E+00 -1.2508E+01 -9.9660E-01
  6.1350E+00 -1.2347E+01 -7.7484E-01
  6.1591E+00 -1.2093E+01 -5.8808E-01
  6.3250E+00 -1.1680E+01 -3.5522E-01
  6.3114E+00 -1.1468E+01 -1.5738E-01
  6.0659E+00 -1.1440E+01  1.1345E-02
  5.9430E+00 -1.1728E+01  1.2709E-01
  6.1450E+00 -1.1783E+01  1.4827E-01
  6.3629E+00 -1.1877E+01  3.1057E-01
  6.4559E+00 -1.1883E+01  3.2577E-01
  6.2495E+00 -1.2041E+01 -1.0176E-01
  6.0533E+00 -1.2498E+01 -3.5566E-01
  6.0282E+00 -1.2333E+01 -5.9354E-01
  6.2250E+00 -1.2341E+01 -7.8983E-01
  6.2360E+00 -1.2598E+01 -7.5846E-01
  6.2751E+00 -1.2446E+01 -7.7335E-01
  6.4042E+00 -1.2530E+01 -9.6877E-01
  6.3285E+00 -1.2544E+01 -9.2321E-01
  6.3077E+00 -1.2545E+01 -7.2099E-01
  6.4979E+00  1.2570E+01 -5.3215E-01
  6.2828E+00  1.2506E+01 -5.0762E-01
  6.2672E+00  1.2201E+01 -3.7810E-01
  6.2391E+00  1.1918E+01 -3.8429E-01
  6.2021E+00  1.1823E+01 -3.5188E-01
  6.0632E+00  1.1779E+01 -2.0984E-01
  5.9180E+00  1.1827E+01 -2.0004E-01
  5.8114E+00  1.1980E+01 -1.9255E-01
  5.7626E+00  1.2186E+01  5.9419E-03
  5.5673E+00  1.2359E+01  1.9474E-01
  5.2399E+00  1.2271E+01  3.5527E-01
  5.0527E+00  1.1956E+01  8.0025E-01
  5.0987E+00  1.1717E+01  1.0547E+00
  5.0625E+00  1.1579E+01  1.0930E+00
  4.9466E+00  1.1574E+01  1.2896E+00
  4.8963E+00  1.1524E+01  1.6961E+00
  4.8979E+00  1.1407E+01  1.9595E+00
  4.8252E+00  1.1228E+01  1.8965E+00
  4.7743E+00  1.1227E+01  1.8863E+00
  4.8513E+00  1.1198E+01  1.9404E+00
  5.0552E+00  1.1069E+01  1.6077E+00
  5.3438E+00  1.1175E+01  1.4990E+00
  5.5544E+00  1.1269E+01  1.3367E+00
  5.5595E+00  1.1212E+01  1.0594E+00
  5.4368E+00  1.1210E+01  7.8828E-01
  5.3683E+00  1.0973E+01  5.8202E-01
  5.5204E+00  1.0722E+01  7.2141E-01
  5.5361E+00  1.0387E+01  1.1230E+00
  5.5404E+00  1.0194E+01  1.3735E+00
  5.7013E+00  1.0249E+01  1.4915E+00
  6.0097E+00  1.0311E+01  1.3873E+00
  6.1511E+00  1.0246E+01  1.3073E+00
  6.1098E+00  1.0064E+01  1.3670E+00
  6.5637E+00  9.9745E+00  1.5177E+00
  7.0089E+00  9.9567E+00  1.5834E+00
  7.2461E+00  1.0193E+01  1.5644E+00
  7.1381E+00  1.0406E+01  1.5694E+00
  7.0414E+00  1.0577E+01  1.5713E+00
  7.2904E+00  1.0581E+01  1.8101E+00
  7.3245E+00  1.0726E+01  1.8026E+00
  7.2148E+00  1.0923E+01  1.6721E+00
  7.3905E+00  1.0990E+01  1.7637E+00
  7.4591E+00  1.1020E+01  1.7283E+00
  7.3820E+00  1.0923E+01  1.5415E+00
  7.0314E+00  1.0951E+01  1.3205E+00
  6.9410E+00  1.1023E+01  1.0266E+00
  7.1450E+00  1.0980E+01  7.8302E-01
  7.0692E+00  1.1024E+01  4.3603E-01
  6.9818E+00  1.1122E+01  3.7268E-01
  6.6045E+00  1.0904E+01  3.2043E-01
  6.3409E+00  1.0681E+01  4.5259E-01
  6.2432E+00  1.0506E+01  5.6759E-01
  6.0372E+00  1.0397E+01  7.5583E-01
  5.8447E+00  1.0184E+01  8.5128E-01
  5.8902E+00  1.0028E+01  1.1561E+00
  5.9240E+00  9.9419E+00  1.3235E+00
  5.8328E+00  9.8593E+00  1.3066E+00
  5.4866E+00  9.8024E+00  1.3275E+00
  5.1871E+00  9.5928E+00  1.2825E+00
  5.1528E+00  9.4787E+00  1.1892E+00
  5.2199E+00  9.5640E+00  1.3575E+00
  5.2879E+00  9.2544E+00  1.3966E+00
  5.5606E+00  9.1065E+00  1.5486E+00
  5.8297E+00  9.1547E+00  1.6055E+00
  6.0744E+00  9.0592E+00  1.6242E+00
  6.2912E+00  8.9238E+00  1.6488E+00
  6.3843E+00  8.9146E+00  1.7786E+00
  6.5281E+00  8.8758E+00  1.9991E+00
  6.7271E+00  8.8289E+00  2.1413E+00
  6.8965E+00  8.8964E+00  2.2446E+00
  7.0811E+00  9.0064E+00  2.3533E+00
  7.3084E+00  9.1217E+00  2.3981E+00
  7.3073E+00  9.3330E+00  2.3520E+00
  7.3452E+00  9.3297E+00  2.3712E+00
  7.5238E+00  9.2126E+00  2.4294E+00
  7.7155E+00  9.1626E+00  2.6019E+00
  7.6968E+00  9.1284E+00  2.8845E+00
  7.8420E+00  9.2593E+00  3.1731E+00
  8.0049E+00  9.3094E+00  3.5293E+00
  7.9397E+00  9.3941E+00  3.7816E+00
  8.0610E+00  9.4199E+00  4.1041E+00
  7.8699E+00  9.4512E+00  4.2780E+00
  7.5410E+00  9.4241E+00  4.3608E+00
  7.5480E+00  9.3146E+00  4.6931E+00
  7.7073E+00  9.2300E+00  4.9696E+00
  7.6070E+00  9.1859E+00  4.9630E+00
  7.3204E+00  9.1720E+00  4.8722E+00
  7.0513E+00  9.1931E+00  5.1165E+00
  6.9000E+00  9.2665E+00  5.2161E+00
  6.5939E+00  9.5038E+00  5.1613E+00
  6.3672E+00  9.6258E+00  5.3734E+00
  6.4259E+00  9.6574E+00  5.4817E+00
  6.2474E+00  9.6786E+00  5.3666E+00
  6.0938E+00  9.7309E+00  5.3098E+00
  6.2502E+00  9.7715E+00  5.3358E+00
  6.0593E+00  9.8823E+00  5.4212E+00
  5.8237E+00  9.9962E+00  5.4187E+00
  5.9159E+00  1.0035E+01  5.5115E+00
  5.9262E+00  1.0113E+01  5.6020E+00
  5.7766E+00  1.0228E+01  5.5216E+00
  5.9123E+00  1.0391E+01  5.5147E+00
  5.9117E+00  1.0513E+01  5.8449E+00
  5.8675E+00  1.0622E+01  5.9681E+00
  5.8557E+00  1.0684E+01  5.8587E+00
  5.8543E+00  1.0711E+01  5.5445E+00
  5.7011E+00  1.0745E+01  5.1918E+00
  5.3987E+00  1.0706E+01  5.2125E+00
  4.9869E+00  1.0737E+01  5.1556E+00
  4.6797E+00  1.0703E+01  5.1133E+00
  4.5064E+00  1.0669E+01  4.9164E+00
  4.4079E+00  1.0543E+01  4.7252E+00
  4.4420E+00  1.0397E+01  4.6341E+00
  4.3877E+00  1.0392E+01  4.8252E+00
  4.3751E+00  1.0304E+01  5.0752E+00
  4.3045E+00  1.0293E+01  5.3379E+00
  4.0824E+00  1.0329E+01  5.5728E+00
  3.9986E+00  1.0245E+01  5.9460E+00
  3.9874E+00  1.0168E+01  6.1909E+00
  4.1129E+00  1.0038E+01  6.2689E+00
  4.1413E+00  1.0071E+01  6.1649E+00
  3.9315E+00  1.0157E+01  6.2162E+00
  3.8038E+00  1.0233E+01  6.1327E+00
  3.7947E+00  1.0208E+01  5.9647E+00
  3.8840E+00  1.0138E+01  5.6984E+00
  3.9377E+00  1.0096E+01  5.3040E+00
  4.1519E+00  1.0200E+01  4.9939E+00
  4.2453E+00  1.0212E+01  4.7899E+00
  4.2661E+00  1.0287E+01  4.4455E+00
  4.2867E+00  1.0352E+01  4.2845E+00
  4.5788E+00  1.0505E+01  4.1544E+00
  4.7754E+00  1.0728E+01  3.9075E+00
  4.8577E+00  1.1001E+01  3.9905E+00
  4.8193E+00  1.1286E+01  4.0914E+00
  4.8955E+00  1.1448E+01  4.2227E+00
  4.9731E+00  1.1423E+01  4.2320E+00
  5.1002E+00  1.1430E+01  4.2153E+00
  5.2442E+00  1.1528E+01  4.0689E+00
  5.5975E+00  1.1823E+01  3.9041E+00
  5.8791E+00  1.1901E+01  4.1421E+00
  5.9909E+00  1.1978E+01  4.3753E+00
  6.2405E+00  1.2019E+01  4.5036E+00
  6.5843E+00  1.1966E+01  4.5277E+00
  6.5688E+00  1.2041E+01  4.6845E+00
  6.5589E+00  1.2162E+01  4.8930E+00
  6.8918E+00  1.2185E+01  5.1391E+00
  7.0837E+00  1.2166E+01  5.0895E+00
  7.1365E+00  1.2001E+01  4.8656E+00
  7.2791E+00  1.1932E+01  4.9129E+00
  7.4538E+00  1.2078E+01  4.8402E+00
  7.4224E+00  1.2077E+01  4.7043E+00
  7.1286E+00  1.1911E+01  4.8110E+00
  6.9133E+00  1.1874E+01  4.9235E+00
  7.0533E+00  1.1732E+01  5.0942E+00
  7.2487E+00  1.1643E+01  5.2716E+00
  7.4550E+00  1.1486E+01  5.3886E+00
  7.6677E+00  1.1534E+01  5.2603E+00
  7.8796E+00  1.1543E+01  5.0842E+00
  7.9868E+00  1.1782E+01  5.0523E+00
  8.2514E+00  1.2024E+01  5.0954E+00
  8.3254E+00  1.2126E+01  5.2320E+00
  8.3032E+00  1.2116E+01  5.3565E+00
  8.3417E+00  1.2194E+01  5.4597E+00
  8.4877E+00  1.2404E+01  5.3885E+00
  8.6347E+00  1.2507E+01  5.0439E+00
  8.6582E+00  1.2567E+01  4.7814E+00
  8.7583E+00 -1.2470E+01  4.7431E+00
  8.8132E+00 -1.2443E+01  4.8257E+00
  8.8595E+00 -1.2537E+01  4.7689E+00
  8.9565E+00  1.2581E+01  4.5398E+00
  9.0009E+00  1.2433E+01  4.4079E+00
  8.9449E+00  1.2239E+01  4.3522E+00
  8.9949E+00  1.2108E+01  4.1425E+00
  9.0909E+00  1.1856E+01  3.9998E+00
  9.1720E+00  1.1669E+01  4.0677E+00
  9.2951E+00  1.1593E+01  4.0115E+00
  9.3826E+00  1.1585E+01  3.7223E+00
  9.5086E+00  1.1427E+01  3.6838E+00
  9.5052E+00  1.1343E+01  3.7274E+00
  9.4942E+00  1.1341E+01  3.7372E+00
  9.3221E+00  1.1326E+01  3.8117E+00
  9.1142E+00  1.1412E+01  3.7210E+00
  8.9110E+00  1.1460E+01  3.8641E+00
  8.7046E+00  1.1308E+01  4.3126E+00
  8.5911E+00  1.1390E+01  4.5545E+00
  8.4025E+00  1.1512E+01  4.6059E+00
  8.1396E+00  1.1516E+01  4.4422E+00
  7.8134E+00  1.1449E+01  4.0782E+00
  7.4907E+00  1.1371E+01  3.7644E+00
  7.0490E+00  1.1563E+01  3.7638E+00
  6.8550E+00  1.1814E+01  3.5942E+00
  6.8344E+00  1.1819E+01  3.2925E+00
  6.6790E+00  1.1815E+01  3.4097E+00
  6.6332E+00  1.1850E+01  3.6835E+00
  6.6978E+00  1.1980E+01  3.7727E+00
  6.8843E+00  1.1948E+01  3.7770E+00
  7.0114E+00  1.1861E+01  3.7757E+00
  7.1026E+00  1.1774E+01  3.8034E+00
  7.1911E+00  1.1524E+01  3.7596E+00
  7.1915E+00  1.1178E+01  3.6258E+00
  6.9524E+00  1.1162E+01  3.4454E+00
  6.8888E+00  1.1225E+01  3.2795E+00
  6.6546E+00  1.0960E+01  3.1485E+00
  6.5118E+00  1.0777E+01  3.0862E+00
  6.4789E+00  1.0680E+01  2.9944E+00
  6.5183E+00  1.0606E+01  2.8017E+00
  6.4612E+00  1.0713E+01  2.6959E+00
  6.4826E+00  1.0922E+01  2.6664E+00
  6.4068E+00  1.1080E+01  2.7414E+00
  6.3363E+00  1.1046E+01  2.8644E+00
  6.3329E+00  1.1137E+01  2.9213E+00
  6.2359E+00  1.1223E+01  2.9859E+00
  6.0713E+00  1.1378E+01  3.0958E+00
  5.8811E+00  1.1348E+01  3.3060E+00
  5.6632E+00  1.1301E+01  3.4954E+00
  5.5783E+00  1.1311E+01  3.7274E+00
  5.5655E+00  1.1349E+01  3.8800E+00
  5.3992E+00  1.1412E+01  3.7931E+00
  5.0319E+00  1.1498E+01  3.8373E+00
  4.8808E+00  1.1450E+01  3.8154E+00
  4.7882E+00  1.1392E+01  3.6328E+00
  4.6332E+00  1.1266E+01  3.6060E+00
  4.4456E+00  1.0999E+01  3.4948E+00
  4.4015E+00  1.0776E+01  3.1015E+00
  4.4784E+00  1.0855E+01  2.8720E+00
  4.4798E+00  1.0981E+01  2.8692E+00
  4.3527E+00  1.0925E+01  2.7062E+00
  4.2526E+00  1.0872E+01  2.7053E+00
  4.2392E+00  1.0986E+01  2.6435E+00
  4.2427E+00  1.0967E+01  2.4339E+00
  4.4572E+00  1.0882E+01  2.1830E+00
  4.6714E+00  1.0824E+01  1.8729E+00
  4.5072E+00  1.0954E+01  1.7338E+00
  4.5112E+00  1.1098E+01  1.7346E+00
  4.4253E+00  1.1190E+01  1.7729E+00
  4.5064E+00  1.1143E+01  1.6008E+00
  4.8697E+00  1.1050E+01  1.3938E+00
  4.8378E+00  1.1351E+01  1.4682E+00
  4.7642E+00  1.1516E+01  1.4363E+00
  4.6836E+00  1.1542E+01  1.4248E+00
  4.6438E+00  1.1487E+01  1.6983E+00
  4.5829E+00  1.1365E+01  1.8888E+00
  4.4574E+00  1.1229E+01  1.9634E+00
  4.4483E+00  1.1178E+01  2.1691E+00
  4.4638E+00  1.1068E+01  2.0184E+00
  4.4407E+00  1.0914E+01  1.7951E+00
  4.6438E+00  1.0862E+01  1.7660E+00
  4.7141E+00  1.0785E+01  1.4927E+00
  4.6075E+00  1.0754E+01  1.0892E+00
  4.6824E+00  1.0836E+01  8.6728E-01
  4.5445E+00  1.0704E+01  8.1304E-01
  4.2782E+00  1.0621E+01  7.5999E-01
  4.2548E+00  1.0671E+01  8.5264E-01
  4.2964E+00  1.0595E+01  9.6682E-01
  4.3797E+00  1.0441E+01  1.0546E+00
  4.4371E+00  1.0537E+01  9.8154E-01
  4.3437E+00  1.0714E+01  7.8104E-01
  4.1884E+00  1.0896E+01  6.9442E-01
  4.0124E+00  1.0983E+01  8.2510E-01
  3.9126E+00  1.0971E+01  8.5659E-01
  3.9529E+00  1.0889E+01  7.1478E-01
  4.2458E+00  1.0741E+01  5.7112E-01
  4.7517E+00  1.0684E+01  4.6611E-01
  5.0742E+00  1.0456E+01  2.7178E-01
  5.3947E+00  1.0371E+01  1.1738E-01
  5.8022E+00  1.0288E+01  8.2792E-02
  6.1857E+00  1.0402E+01  3.7886E-02
  6.4389E+00  1.0268E+01 -1.0371E-01
  6.5843E+00  1.0419E+01 -1.3879E-01
  6.7345E+00  1.0521E+01 -4.9528E-02
  6.9564E+00  1.0414E+01  1.7890E-01
  6.9712E+00  1.0362E+01  5.4989E-01
  7.0449E+00  1.0699E+01  8.1950E-01
  7.0997E+00  1.0772E+01  1.0223E+00
  7.3172E+00  1.0857E+01  1.3839E+00
  7.5434E+00  1.1100E+01  1.5527E+00
  7.6806E+00  1.1297E+01  1.7462E+00
  7.8108E+00  1.1406E+01  2.0298E+00
  7.8093E+00  1.1464E+01  2.1842E+00
  7.8907E+00  1.1467E+01  2.1986E+00
  8.0090E+00  1.1363E+01  2.1310E+00
  8.0661E+00  1.1425E+01  2.0621E+00
  8.0496E+00  1.1655E+01  2.3188E+00
  8.0888E+00  1.1623E+01  2.5245E+00
  8.1571E+00  1.1582E+01  2.7333E+00
  8.3081E+00  1.1602E+01  3.1131E+00
  8.5293E+00  1.1926E+01  3.3288E+00
  8.5905E+00  1.2158E+01  3.3160E+00
  8.5227E+00  1.2405E+01  3.1065E+00
  8.6829E+00  1.2542E+01  2.9443E+00
  8.8897E+00  1.2505E+01  3.0050E+00
  8.9544E+00  1.2324E+01  3.0325E+00
  8.8949E+00  1.1989E+01  2.9759E+00
  8.8762E+00  1.1987E+01  3.0196E+00
  8.7594E+00  1.1903E+01  3.2589E+00
  8.5766E+00  1.1893E+01  3.3126E+00
  8.6423E+00  1.1995E+01  3.3364E+00
  8.8197E+00  1.1974E+01  3.3919E+00
  8.9092E+00  1.2092E+01  3.3603E+00
  8.8673E+00  1.2277E+01  3.2991E+00
  8.6517E+00  1.2463E+01  3.1547E+00
  8.7640E+00  1.2548E+01  3.1545E+00
  8.8482E+00 -1.2326E+01  3.2979E+00
  8.7826E+00 -1.2095E+01  3.4680E+00
  8.8222E+00 -1.2026E+01  3.3823E+00
  8.8622E+00 -1.1887E+01  3.2300E+00
  8.8562E+00 -1.1587E+01  3.1916E+00
  8.9740E+00 -1.1456E+01  3.2702E+00
  9.0869E+00 -1.1194E+01  3.3668E+00
  8.9057E+00 -1.0931E+01  3.2316E+00
  8.8083E+00 -1.0948E+01  2.9998E+00
  8.6832E+00 -1.1042E+01  2.7599E+00
  8.4610E+00 -1.0961E+01  2.6198E+00
  8.4448E+00 -1.0803E+01  2.6048E+00
  8.5345E+00 -1.0613E+01  2.4332E+00
  8.5317E+00 -1.0449E+01  2.1604E+00
  8.4965E+00 -1.0384E+01  1.9965E+00
  8.5242E+00 -1.0416E+01  1.8877E+00
  8.4856E+00 -1.0625E+01  1.6906E+00
  8.3492E+00 -1.0936E+01  1.5834E+00
  8.3253E+00 -1.1222E+01  1.4196E+00
  8.3155E+00 -1.1317E+01  1.4045E+00
  8.1996E+00 -1.1131E+01  1.3225E+00
  7.9581E+00 -1.1096E+01  1.2608E+00
  7.9346E+00 -1.1212E+01  1.1654E+00
  7.8142E+00 -1.1467E+01  9.1292E-01
  7.6001E+00 -1.1774E+01  4.9390E-01
  7.4982E+00 -1.2021E+01  2.5616E-01
  7.3203E+00 -1.2198E+01 -3.4813E-02
  7.1894E+00 -1.2206E+01 -4.4531E-01
  7.1811E+00 -1.2206E+01 -6.5503E-01
  7.2794E+00 -1.2200E+01 -5.8452E-01
  7.3999E+00 -1.2158E+01 -3.3506E-01
  7.5420E+00 -1.2243E+01 -1.0291E-01
  7.6581E+00 -1.2265E+01 -1.2174E-01
  7.5701E+00 -1.2221E+01  3.6842E-02
  7.6146E+00 -1.2210E+01  5.1310E-01
  7.6805E+00 -1.2084E+01  5.4911E-01
  7.6194E+00 -1.1917E+01  5.1453E-01
  7.5517E+00 -1.1713E+01  6.5573E-01
  7.4619E+00 -1.1727E+01  1.0011E+00
  7.4803E+00 -1.1893E+01  1.0933E+00
  7.5145E+00 -1.1956E+01  1.0585E+00
  7.4407E+00 -1.1969E+01  9.2167E-01
  7.3867E+00 -1.2002E+01  1.0248E+00
  7.4322E+00 -1.2082E+01  9.7761E-01
  7.4017E+00 -1.1927E+01  8.6766E-01
  7.3624E+00 -1.1856E+01  6.7892E-01
  7.2800E+00 -1.2071E+01  7.0902E-01
