  8.7250E+00  2.9484E+00  6.3831E-02
  8.9247E+00  2.8163E+00  8.4635E-02
  8.9251E+00  2.8315E+00  6.5359E-02
  8.8677E+00  2.6782E+00  1.4716E-01
  8.7214E+00  2.5428E+00  1.8577E-01
  8.6772E+00  2.5037E+00  1.4192E-01
  8.6819E+00  2.4369E+00  2.7733E-02
  8.6633E+00  2.3334E+00 -9.5015E-03
  8.6511E+00  2.4199E+00  3.3520E-02
  8.4627E+00  2.5765E+00 -7.8191E-02
  8.4866E+00  2.5239E+00 -2.9952E-01
  8.5351E+00  2.7130E+00 -2.5866E-01
  8.4358E+00  2.8226E+00 -2.5563E-01
  8.5396E+00  2.7970E+00 -3.2658E-01
  8.4701E+00  2.8185E+00 -2.2951E-01
  8.4033E+00  2.8795E+00 -1.3434E-01
  8.4537E+00  2.9911E+00  4.0647E-02
  8.4315E+00  2.9171E+00  1.8306E-01
  8.4324E+00  2.8830E+00  2.7838E-01
  8.6541E+00  2.9119E+00  3.6890E-01
  8.7364E+00  2.7537E+00  4.8295E-01
  8.6985E+00  2.5376E+00  6.5415E-01
  8.7646E+00  2.3979E+00  8.8609E-01
  8.9847E+00  2.2322E+00  9.9807E-01
  9.1704E+00  1.7378E+00  1.1257E+00
  9.3124E+00  1.3758E+00  1.3249E+00
  9.4291E+00  1.1620E+00  1.4619E+00
  9.6802E+00  1.1298E+00  1.7055E+00
  9.8745E+00  1.2233E+00  1.8357E+00
  1.0086E+01  1.3531E+00  1.8288E+00
  1.0361E+01  1.6531E+00  1.8682E+00
  1.0448E+01  1.9038E+00  2.0065E+00
  1.0479E+01  2.1391E+00  2.0320E+00
  1.0362E+01  2.1678E+00  2.1678E+00
  1.0384E+01  1.9007E+00  2.4046E+00
  1.0631E+01  1.6895E+00  2.4718E+00
  1.0700E+01  1.6303E+00  2.5597E+00
  1.0528E+01  1.5664E+00  2.6896E+00
  1.0355E+01  1.5681E+00  2.7661E+00
  1.0191E+01  1.5235E+00  2.7306E+00
  9.8971E+00  1.4119E+00  2.7391E+00
  9.7504E+00  1.4355E+00  2.7016E+00
  9.7677E+00  1.4422E+00  2.5910E+00
  9.6967E+00  1.5860E+00  2.4948E+00
  9.5643E+00  1.6934E+00  2.3677E+00
  9.6113E+00  1.8640E+00  2.0992E+00
  9.6506E+00  2.1791E+00  1.8508E+00
  9.5175E+00  2.3114E+00  1.6862E+00
  9.5209E+00  2.5642E+00  1.4387E+00
  9.6176E+00  2.9319E+00  1.3086E+00
  9.6471E+00  3.0735E+00  1.3692E+00
  9.5493E+00  3.1639E+00  1.4311E+00
  9.5441E+00  3.1314E+00  1.5128E+00
  9.5427E+00  3.2232E+00  1.5543E+00
  9.5444E+00  3.4464E+00  1.6906E+00
  9.6228E+00  3.3362E+00  1.9353E+00
  9.4586E+00  3.1890E+00  2.1332E+00
  9.2272E+00  3.1847E+00  2.2791E+00
  9.0167E+00  3.1718E+00  2.1389E+00
  8.6235E+00  3.2721E+00  1.9842E+00
  8.9087E+00  3.5419E+00  1.9156E+00
  9.1691E+00  3.4944E+00  1.9001E+00
  9.3351E+00  3.4141E+00  1.9618E+00
  9.5347E+00  3.4287E+00  1.9603E+00
  9.5983E+00  3.6053E+00  1.9474E+00
  9.4432E+00  3.6266E+00  2.1786E+00
  9.2638E+00  3.7230E+00  2.4130E+00
  9.1025E+00  3.9163E+00  2.4606E+00
  8.9232E+00  4.1647E+00  2.3308E+00
  8.6868E+00  4.3685E+00  2.4366E+00
  8.5945E+00  4.6013E+00  2.4254E+00
  8.4055E+00  4.9439E+00  2.2959E+00
  8.2663E+00  5.2338E+00  2.0755E+00
  8.2836E+00  5.2223E+00  1.6256E+00
  8.3040E+00  5.4605E+00  1.4645E+00
  8.4634E+00  5.6890E+00  1.1943E+00
  8.5501E+00  5.7538E+00  8.1886E-01
  8.6232E+00  5.7617E+00  5.9967E-01
  8.7970E+00  6.0607E+00  3.9608E-01
  8.8788E+00  6.2233E+00 -1.3046E-01
  8.9389E+00  6.4178E+00 -1.7880E-01
  8.9440E+00  6.6362E+00 -4.1937E-01
  8.6701E+00  6.9283E+00 -4.9809E-01
  8.6193E+00  7.1253E+00 -3.5452E-01
  8.7232E+00  7.4621E+00 -4.1778E-01
  8.7049E+00  7.7112E+00 -4.9760E-01
  8.5629E+00  7.5003E+00 -3.1863E-01
  8.4204E+00  7.5068E+00 -1.8105E-01
  8.5899E+00  7.5574E+00 -1.0500E-01
  8.7308E+00  7.6640E+00  2.1679E-03
  8.8865E+00  7.6212E+00  8.4526E-02
  8.9168E+00  7.6802E+00  3.9130E-02
  8.8797E+00  7.5805E+00  9.5087E-02
  8.9423E+00  7.8206E+00  1.3429E-01
  9.2049E+00  8.1538E+00 -2.4924E-02
  9.4320E+00  8.1161E+00  1.5001E-02
  9.7618E+00  8.1763E+00 -2.0128E-02
  9.7955E+00  8.4436E+00 -1.4763E-01
  9.7450E+00  8.6032E+00 -5.8543E-02
  1.0043E+01  8.7115E+00 -7.9115E-02
  1.0186E+01  8.6231E+00  3.1992E-03
  1.0135E+01  8.2926E+00  1.9624E-01
  1.0160E+01  8.4172E+00  7.7477E-02
  1.0245E+01  8.4206E+00  8.2600E-02
  1.0211E+01  8.1548E+00  4.7516E-01
  1.0187E+01  8.3159E+00  6.3419E-01
  1.0046E+01  8.5724E+00  6.3659E-01
  1.0123E+01  8.4921E+00  9.6728E-01
  1.0356E+01  8.5026E+00  1.2304E+00
  1.0336E+01  8.6370E+00  1.4529E+00
  1.0269E+01  8.4623E+00  1.5988E+00
  1.0268E+01  8.2758E+00  1.5414E+00
  1.0481E+01  8.0605E+00  1.3625E+00
  1.0615E+01  7.5991E+00  1.2755E+00
  1.0734E+01  7.3472E+00  1.0384E+00
  1.1001E+01  7.4394E+00  6.4709E-01
  1.1009E+01  7.2966E+00  1.7597E-01
  1.0889E+01  7.3065E+00 -2.7548E-01
  1.1015E+01  7.6929E+00 -6.9060E-01
  1.0994E+01  8.0235E+00 -9.3882E-01
  1.0753E+01  7.8968E+00 -1.1675E+00
  1.0702E+01  7.8439E+00 -1.0259E+00
  1.0908E+01  7.9570E+00 -4.8160E-01
  1.1206E+01  7.6187E+00 -3.1054E-01
  1.1414E+01  7.3423E+00 -9.0706E-02
  1.1504E+01  7.2480E+00  2.0621E-01
  1.1652E+01  7.3214E+00  3.2929E-01
  1.1700E+01  7.5569E+00  4.2257E-01
  1.1527E+01  7.9041E+00  5.5248E-01
  1.1217E+01  8.0530E+00  5.6812E-01
  1.0912E+01  7.9857E+00  4.8698E-01
  1.0631E+01  8.2557E+00  5.1118E-01
  1.0413E+01  8.2339E+00  4.1886E-01
  1.0193E+01  8.0200E+00  2.3053E-01
  1.0004E+01  7.7811E+00 -7.0828E-02
  9.9653E+00  7.7604E+00 -4.3053E-01
  1.0053E+01  7.7634E+00 -2.1722E-01
  1.0298E+01  7.8609E+00 -8.6486E-02
  1.0439E+01  7.9365E+00 -1.0575E-01
  1.0715E+01  7.7337E+00 -1.3439E-01
  1.0908E+01  7.5744E+00 -5.2208E-02
  1.1142E+01  7.6134E+00  5.2095E-03
  1.1051E+01  7.6375E+00 -2.2024E-02
  1.0713E+01  7.4741E+00 -3.2136E-01
  1.0361E+01  7.4713E+00 -5.9914E-01
  1.0176E+01  7.6930E+00 -5.9987E-01
  1.0070E+01  7.9005E+00 -6.5972E-01
  9.9887E+00  7.8265E+00 -9.4514E-01
  9.7046E+00  7.6525E+00 -1.0022E+00
  9.6345E+00  7.5138E+00 -1.0820E+00
  9.6779E+00  7.5750E+00 -1.0719E+00
  9.6938E+00  7.6055E+00 -8.1078E-01
  9.6192E+00  7.7798E+00 -5.1048E-01
  9.5527E+00  8.0819E+00 -2.7052E-01
  9.7481E+00  8.0763E+00 -1.5742E-01
  1.0024E+01  7.7697E+00  9.7689E-02
  1.0606E+01  7.3657E+00  1.9952E-01
  1.1094E+01  6.9876E+00  1.6450E-01
  1.1474E+01  6.6500E+00  7.0366E-02
  1.1860E+01  6.4368E+00 -1.2944E-01
  1.2077E+01  6.5474E+00 -2.5653E-01
  1.2033E+01  6.4103E+00 -3.5500E-01
  1.1934E+01  6.2095E+00 -6.2626E-01
  1.1666E+01  6.1469E+00 -9.5478E-01
  1.1399E+01  6.2058E+00 -1.1601E+00
  1.1562E+01  6.3772E+00 -1.2533E+00
  1.1706E+01  6.4552E+00 -1.3646E+00
  1.1633E+01  6.6330E+00 -1.4749E+00
  1.1370E+01  6.8445E+00 -1.5704E+00
  1.0936E+01  6.8446E+00 -1.7146E+00
  1.0776E+01  6.9907E+00 -1.8319E+00
  1.0763E+01  7.0455E+00 -2.1063E+00
  1.0549E+01  7.0590E+00 -2.2696E+00
  1.0380E+01  7.4220E+00 -2.3212E+00
  1.0247E+01  7.3410E+00 -2.2888E+00
  1.0233E+01  7.2566E+00 -2.2067E+00
  1.0311E+01  7.4392E+00 -2.0826E+00
  1.0451E+01  7.4508E+00 -1.8834E+00
  1.0487E+01  7.5195E+00 -1.6710E+00
  1.0471E+01  7.2042E+00 -1.7576E+00
  1.0332E+01  7.0142E+00 -1.7464E+00
  1.0253E+01  7.1002E+00 -1.6032E+00
  1.0281E+01  6.9919E+00 -1.6901E+00
  1.0160E+01  6.7292E+00 -1.9613E+00
  1.0061E+01  6.7029E+00 -2.2501E+00
  1.0072E+01  7.0102E+00 -2.3369E+00
  1.0161E+01  7.5429E+00 -2.1758E+00
  1.0103E+01  8.1626E+00 -2.2886E+00
  1.0027E+01  8.7809E+00 -2.2798E+00
  1.0016E+01  9.3748E+00 -2.0397E+00
  1.0008E+01  9.8822E+00 -1.8721E+00
  1.0148E+01  9.8294E+00 -1.7042E+00
  9.9682E+00  9.5663E+00 -1.6631E+00
  9.9149E+00  9.3308E+00 -1.7707E+00
  9.8620E+00  9.1609E+00 -1.8677E+00
  9.7409E+00  8.7084E+00 -1.6578E+00
  9.7123E+00  8.4120E+00 -1.4537E+00
  9.5505E+00  8.4036E+00 -1.1993E+00
  9.2297E+00  8.1577E+00 -8.1658E-01
  9.1110E+00  8.1278E+00 -7.9277E-01
  9.2870E+00  8.0913E+00 -8.7566E-01
  9.3514E+00  8.1210E+00 -8.4981E-01
  9.2797E+00  7.9673E+00 -9.0824E-01
  9.0588E+00  8.0304E+00 -8.1517E-01
  8.9794E+00  8.1592E+00 -6.8168E-01
  9.2017E+00  8.2099E+00 -6.1047E-01
  9.3757E+00  8.4249E+00 -4.4453E-01
  9.4573E+00  8.4580E+00 -4.4862E-01
  9.5218E+00  8.6791E+00 -5.6698E-01
  9.3848E+00  8.9110E+00 -7.0063E-01
  9.0376E+00  8.8119E+00 -7.6348E-01
  8.8298E+00  8.9414E+00 -5.1037E-01
  8.5949E+00  8.8736E+00 -4.0047E-01
  8.3651E+00  8.8016E+00 -4.4026E-01
  8.2561E+00  9.0740E+00 -4.9282E-01
  8.0663E+00  9.1206E+00 -6.0526E-01
  7.9115E+00  9.3523E+00 -6.0892E-01
  7.8892E+00  9.2271E+00 -4.2062E-01
  7.7769E+00  8.9238E+00 -4.4238E-01
  7.8614E+00  9.0396E+00 -1.4788E-01
  8.1253E+00  9.2259E+00  1.8567E-01
  8.2446E+00  9.3395E+00  4.8956E-01
  8.2434E+00  9.2508E+00  7.4970E-01
  8.3460E+00  9.2008E+00  7.9331E-01
  8.4373E+00  9.1489E+00  8.8553E-01
  8.4032E+00  8.8265E+00  1.0096E+00
  8.7175E+00  8.5561E+00  1.0505E+00
  8.9338E+00  8.3762E+00  9.9606E-01
  8.9948E+00  8.0877E+00  8.8962E-01
  9.0027E+00  7.8594E+00  7.1533E-01
  8.9434E+00  7.5466E+00  5.3358E-01
  8.8015E+00  7.3089E+00  1.3304E-01
  8.5499E+00  7.1869E+00 -3.2711E-01
  8.4632E+00  7.1779E+00 -6.3069E-01
  8.4180E+00  7.0708E+00 -6.1985E-01
  8.3843E+00  6.9642E+00 -6.1512E-01
  8.4051E+00  6.9993E+00 -7.1120E-01
  8.4409E+00  6.9981E+00 -9.3436E-01
  8.5400E+00  6.9646E+00 -1.0969E+00
  8.5574E+00  7.0654E+00 -1.0213E+00
  8.3612E+00  6.8891E+00 -7.7394E-01
  7.9816E+00  6.9886E+00 -4.8872E-01
  7.6867E+00  7.4367E+00 -3.3948E-01
  7.5974E+00  7.3638E+00 -1.4331E-01
  7.8216E+00  7.2506E+00 -7.4564E-03
  8.0564E+00  7.2205E+00  1.8399E-01
  8.1125E+00  7.1148E+00  3.0388E-01
  8.1255E+00  7.0404E+00  4.0067E-01
  8.1000E+00  6.8892E+00  4.1403E-01
  8.2043E+00  6.6666E+00  3.7047E-01
  8.3032E+00  6.4309E+00  3.0154E-01
  8.4465E+00  6.4578E+00  6.4050E-01
  8.6735E+00  6.5645E+00  9.2372E-01
  8.9204E+00  6.2297E+00  8.9154E-01
  9.1319E+00  5.9029E+00  8.8170E-01
  9.2910E+00  5.6712E+00  9.4509E-01
  9.2876E+00  5.4565E+00  1.0942E+00
  9.4093E+00  5.3052E+00  1.1423E+00
  9.4881E+00  5.3516E+00  1.0069E+00
  9.6986E+00  5.3793E+00  8.1844E-01
  9.8753E+00  5.3306E+00  7.9166E-01
  9.9449E+00  5.3454E+00  7.2230E-01
  1.0401E+01  5.3380E+00  5.9209E-01
  1.0726E+01  5.2961E+00  3.5159E-01
  1.0805E+01  5.2762E+00  1.3140E-01
  1.0805E+01  5.2713E+00  2.3329E-01
  1.0941E+01  5.2720E+00 -4.7337E-02
  1.1072E+01  5.3592E+00 -1.7316E-01
  1.1220E+01  5.3945E+00 -1.7939E-01
  1.1412E+01  5.3230E+00 -2.4654E-01
  1.1485E+01  5.4210E+00 -1.2612E-01
  1.1499E+01  5.5079E+00 -2.7998E-01
  1.1580E+01  5.6601E+00 -3.7326E-01
  1.1461E+01  5.7209E+00 -3.1233E-01
  1.1212E+01  5.6406E+00 -3.8578E-01
  1.1137E+01  5.6415E+00 -4.6331E-01
  1.1064E+01  5.7317E+00 -3.9756E-01
  1.0876E+01  5.8604E+00 -3.3436E-01
  1.0808E+01  5.9738E+00 -4.4178E-01
  1.0595E+01  6.0969E+00 -4.2562E-01
  1.0309E+01  6.1128E+00 -4.4534E-01
  1.0094E+01  6.1631E+00 -4.1016E-01
  9.9108E+00  6.1466E+00 -3.3628E-01
  9.8420E+00  5.7911E+00 -4.5277E-01
  9.5778E+00  5.5892E+00 -5.6877E-01
  9.2569E+00  5.7958E+00 -7.4688E-01
  8.9920E+00  5.9629E+00 -8.0713E-01
  8.9813E+00  5.4673E+00 -9.4822E-01
  8.8222E+00  5.0129E+00 -1.1358E+00
  8.6573E+00  4.7667E+00 -1.1235E+00
  8.5001E+00  4.6405E+00 -1.0952E+00
  8.0838E+00  4.5766E+00 -9.4148E-01
  7.4450E+00  4.5403E+00 -7.1140E-01
  7.2721E+00  4.2139E+00 -4.7596E-01
  7.1042E+00  3.8071E+00 -4.0152E-01
  6.8557E+00  3.6532E+00 -4.8211E-01
  6.5497E+00  3.7259E+00 -6.0310E-01
  6.1854E+00  3.9801E+00 -7.5108E-01
  5.9350E+00  4.2660E+00 -8.9808E-01
  5.8506E+00  4.5232E+00 -9.4656E-01
  5.8791E+00  4.8279E+00 -8.2496E-01
  5.9006E+00  5.2525E+00 -6.3237E-01
  6.1212E+00  5.6002E+00 -3.9387E-01
  6.4275E+00  5.8639E+00  1.8006E-02
  6.4490E+00  5.9769E+00  3.8693E-01
  6.3647E+00  5.9730E+00  4.9746E-01
  6.4064E+00  5.6709E+00  6.9270E-01
  6.4511E+00  5.3284E+00  8.7072E-01
  6.4040E+00  5.2301E+00  8.9983E-01
  6.3902E+00  4.9403E+00  9.5008E-01
  6.3393E+00  4.5582E+00  1.0776E+00
  6.2240E+00  4.4310E+00  1.1941E+00
  6.2660E+00  4.3286E+00  1.2649E+00
  6.3196E+00  4.2011E+00  1.2622E+00
  6.3483E+00  4.4181E+00  1.2256E+00
  6.3054E+00  4.6334E+00  1.5254E+00
  6.2960E+00  4.6856E+00  1.7687E+00
  6.4169E+00  4.8357E+00  1.8116E+00
  6.6793E+00  4.9508E+00  1.9709E+00
  6.9271E+00  4.7817E+00  1.9988E+00
  6.9807E+00  4.9157E+00  1.8962E+00
  7.0481E+00  4.9715E+00  1.8442E+00
  7.1881E+00  4.9454E+00  2.0125E+00
  7.0853E+00  5.1732E+00  2.0181E+00
  6.9711E+00  5.3250E+00  1.9408E+00
  7.0889E+00  5.2343E+00  1.9391E+00
  7.2401E+00  5.2130E+00  2.0807E+00
  7.1540E+00  5.4350E+00  1.9721E+00
  7.1923E+00  5.5421E+00  1.8667E+00
  7.2930E+00  5.7159E+00  1.8253E+00
  7.4082E+00  5.8999E+00  1.8201E+00
  7.5166E+00  6.0796E+00  1.8898E+00
  7.6221E+00  6.1562E+00  2.0100E+00
  7.6632E+00  6.1287E+00  2.0054E+00
  7.7290E+00  6.1783E+00  2.0630E+00
  7.6320E+00  6.5146E+00  2.1048E+00
  7.7080E+00  6.6011E+00  2.2256E+00
  7.8279E+00  6.6731E+00  2.3026E+00
  7.7794E+00  6.9994E+00  2.1886E+00
  7.5129E+00  7.2083E+00  2.1898E+00
  7.3254E+00  7.1534E+00  2.3259E+00
  7.2784E+00  7.0510E+00  2.2067E+00
  7.3043E+00  7.2804E+00  2.0890E+00
  7.2079E+00  7.5049E+00  2.0756E+00
  7.2364E+00  7.5593E+00  2.0544E+00
  7.4400E+00  7.6723E+00  2.0479E+00
  7.6896E+00  7.6984E+00  2.1515E+00
  7.8711E+00  7.6905E+00  2.2643E+00
  7.8688E+00  7.4967E+00  2.4029E+00
  7.6539E+00  7.4791E+00  2.5989E+00
  7.3616E+00  7.3523E+00  2.6052E+00
  7.0401E+00  7.1757E+00  2.3813E+00
  6.9319E+00  7.2134E+00  2.6810E+00
  6.9661E+00  6.9949E+00  3.0323E+00
  6.9832E+00  6.6432E+00  3.1787E+00
  7.1352E+00  6.4432E+00  3.0446E+00
  7.2430E+00  6.5282E+00  3.1739E+00
  7.3258E+00  6.5408E+00  3.4170E+00
  7.4931E+00  6.4190E+00  3.5035E+00
  7.6754E+00  6.3454E+00  3.4448E+00
  7.7383E+00  6.3951E+00  3.1255E+00
  7.8658E+00  6.4927E+00  3.2282E+00
  7.9959E+00  6.7278E+00  3.2499E+00
  8.1097E+00  6.8084E+00  3.2969E+00
  8.3376E+00  6.4910E+00  3.5444E+00
  8.5021E+00  6.1979E+00  3.6794E+00
  8.5555E+00  5.9877E+00  3.7521E+00
  8.5566E+00  5.9605E+00  3.6139E+00
  8.5438E+00  6.0613E+00  3.5816E+00
  8.3457E+00  6.0314E+00  3.8109E+00
  8.2602E+00  5.8179E+00  3.9646E+00
  8.2480E+00  5.8118E+00  4.1159E+00
  8.3150E+00  5.8350E+00  4.3441E+00
  8.3924E+00  5.8620E+00  4.4629E+00
  8.4194E+00  5.8140E+00  4.5113E+00
  8.5250E+00  5.7559E+00  4.4765E+00
  8.6190E+00  5.8269E+00  4.6503E+00
  8.8554E+00  5.6254E+00  4.7885E+00
  8.9970E+00  5.5732E+00  4.8839E+00
  9.0962E+00  5.5832E+00  4.8347E+00
  9.1251E+00  5.6458E+00  4.7126E+00
  9.1958E+00  5.7102E+00  4.7388E+00
  9.2323E+00  5.6193E+00  4.9113E+00
  9.3101E+00  5.7404E+00  5.0649E+00
  9.2918E+00  5.7206E+00  5.0475E+00
  9.2729E+00  5.4494E+00  5.0878E+00
  9.2049E+00  5.5515E+00  5.2717E+00
  9.1479E+00  5.6469E+00  5.4412E+00
  9.0546E+00  5.5288E+00  5.4071E+00
  9.0103E+00  5.4192E+00  5.3388E+00
  9.0195E+00  5.4755E+00  5.3205E+00
  9.1261E+00  5.5557E+00  5.0681E+00
  9.1286E+00  5.4430E+00  4.7834E+00
  9.1329E+00  5.4268E+00  4.6374E+00
  9.3549E+00  5.5152E+00  4.4248E+00
  9.5613E+00  5.4136E+00  4.1724E+00
  9.6535E+00  5.3115E+00  4.2998E+00
  9.8293E+00  5.3008E+00  4.2018E+00
  1.0097E+01  5.3712E+00  4.0288E+00
  1.0337E+01  5.3717E+00  3.8893E+00
