  8.8103E+00  5.8570E+00 -8.3504E-02
  8.7191E+00  5.9069E+00 -3.6896E-01
  8.6044E+00  5.6596E+00 -6.4884E-01
  8.3367E+00  5.6453E+00 -7.8955E-01
  8.1502E+00  5.7934E+00 -8.2016E-01
  8.1578E+00  5.9918E+00 -7.4720E-01
  8.0725E+00  6.1523E+00 -6.2326E-01
  7.9300E+00  6.1718E+00 -6.0444E-01
  7.9966E+00  6.3062E+00 -7.0130E-01
  8.1007E+00  6.3915E+00 -8.2382E-01
  8.1624E+00  6.2477E+00 -8.0678E-01
  8.2735E+00  6.0987E+00 -7.0529E-01
  8.3612E+00  5.9666E+00 -7.5483E-01
  8.3962E+00  5.8072E+00 -9.8865E-01
  8.4574E+00  5.7543E+00 -1.2472E+00
  8.6471E+00  5.8577E+00 -1.5267E+00
  8.6343E+00  5.9115E+00 -1.6678E+00
  8.3874E+00  5.8977E+00 -1.6662E+00
  8.2880E+00  5.9756E+00 -1.6881E+00
  8.2969E+00  6.0629E+00 -1.7094E+00
  8.1155E+00  6.1535E+00 -1.5914E+00
  7.7180E+00  6.0110E+00 -1.4772E+00
  7.3193E+00  5.9177E+00 -1.2979E+00
  7.1141E+00  6.0782E+00 -1.1796E+00
  6.8515E+00  6.0961E+00 -1.2357E+00
  6.5877E+00  5.9434E+00 -1.3199E+00
  6.4057E+00  5.7579E+00 -1.2916E+00
  6.5732E+00  5.7367E+00 -1.3518E+00
  7.1106E+00  5.7255E+00 -1.4175E+00
  7.4127E+00  5.8316E+00 -1.5461E+00
  7.7214E+00  6.0064E+00 -1.7349E+00
  7.7908E+00  6.0878E+00 -1.9595E+00
  7.7533E+00  6.0256E+00 -2.2656E+00
  7.7855E+00  6.1674E+00 -2.3953E+00
  7.8619E+00  6.3692E+00 -2.4852E+00
  8.0199E+00  6.4892E+00 -2.5436E+00
  8.1062E+00  6.4347E+00 -2.5938E+00
  8.1440E+00  6.5255E+00 -2.5217E+00
  8.2289E+00  6.5765E+00 -2.3538E+00
  8.0833E+00  6.8144E+00 -2.4572E+00
  8.0315E+00  6.9363E+00 -2.4729E+00
  8.0409E+00  7.0208E+00 -2.4157E+00
  8.0789E+00  7.1606E+00 -2.1486E+00
  8.2108E+00  7.1849E+00 -1.8325E+00
  8.3601E+00  6.8167E+00 -1.5470E+00
  8.2635E+00  6.6453E+00 -1.1466E+00
  7.9751E+00  6.8700E+00 -6.7228E-01
  7.7202E+00  6.7585E+00 -2.1976E-01
  8.0308E+00  6.9052E+00  2.2445E-03
  8.1443E+00  7.2422E+00  3.0588E-01
  7.8886E+00  7.2749E+00  5.1663E-01
  7.5530E+00  7.4310E+00  8.6315E-01
  7.6338E+00  7.7073E+00  1.1999E+00
  7.9262E+00  7.8135E+00  1.6812E+00
  8.2402E+00  7.9802E+00  2.0637E+00
  8.6259E+00  8.1284E+00  2.0331E+00
  8.9182E+00  8.0336E+00  2.2181E+00
  9.0624E+00  8.0040E+00  2.2842E+00
  9.0474E+00  8.0270E+00  2.2255E+00
  8.9384E+00  7.9059E+00  2.0228E+00
  8.6721E+00  7.7883E+00  1.6493E+00
  8.4769E+00  7.6509E+00  1.0934E+00
  8.5917E+00  7.5381E+00  5.6011E-01
  8.6873E+00  7.4514E+00  1.3378E-01
  8.7028E+00  7.2846E+00 -1.2334E-01
  8.9844E+00  7.1908E+00 -2.6704E-01
  9.1293E+00  7.1063E+00 -4.0424E-01
  9.1322E+00  6.7400E+00 -5.9894E-01
  9.0842E+00  6.5325E+00 -6.1567E-01
  8.9176E+00  6.3977E+00 -4.4455E-01
  9.0540E+00  6.1893E+00 -4.2880E-01
  9.2782E+00  6.1525E+00 -4.7383E-01
  9.4148E+00  6.3040E+00 -4.9412E-01
  9.4420E+00  6.6014E+00 -6.6614E-01
  9.3903E+00  7.0834E+00 -1.0426E+00
  9.3340E+00  7.3217E+00 -1.1498E+00
  9.2634E+00  7.4528E+00 -1.2325E+00
  9.1893E+00  7.7360E+00 -1.5303E+00
  9.1723E+00  8.0985E+00 -1.9026E+00
  9.2271E+00  8.2066E+00 -1.9903E+00
  9.3166E+00  8.3646E+00 -2.1448E+00
  9.5487E+00  8.6269E+00 -2.2362E+00
  9.8195E+00  8.8877E+00 -2.2967E+00
  9.9118E+00  9.2895E+00 -2.3064E+00
  9.9088E+00  9.5234E+00 -2.0576E+00
  1.0085E+01  9.4439E+00 -1.8701E+00
  1.0273E+01  9.5433E+00 -1.9220E+00
  1.0169E+01  9.6107E+00 -1.9236E+00
  9.8533E+00  9.6159E+00 -1.7130E+00
  9.5193E+00  9.5902E+00 -1.5499E+00
  9.4752E+00  9.8225E+00 -1.6079E+00
  9.5749E+00  9.6934E+00 -1.6140E+00
  9.8788E+00  9.7311E+00 -1.8198E+00
  1.0124E+01  9.6485E+00 -1.9260E+00
  1.0258E+01  9.6025E+00 -1.8925E+00
  1.0397E+01  9.7808E+00 -2.2094E+00
  1.0591E+01  9.7738E+00 -2.2143E+00
  1.0735E+01  9.9551E+00 -2.1541E+00
  1.0723E+01  1.0255E+01 -2.3284E+00
  1.0646E+01  1.0298E+01 -2.2820E+00
  1.0746E+01  1.0381E+01 -2.1099E+00
  1.0799E+01  1.0589E+01 -1.9002E+00
  1.0787E+01  1.0586E+01 -1.6079E+00
  1.0813E+01  1.0611E+01 -1.4489E+00
  1.1138E+01  1.0689E+01 -1.2320E+00
  1.1295E+01  1.0561E+01 -9.5242E-01
  1.1244E+01  1.0311E+01 -8.5536E-01
  1.1440E+01  1.0195E+01 -7.9335E-01
  1.1679E+01  1.0074E+01 -5.2586E-01
  1.1804E+01  1.0092E+01 -4.5795E-01
  1.1779E+01  1.0173E+01 -4.6530E-01
  1.1712E+01  1.0089E+01 -3.0257E-01
  1.1606E+01  9.9514E+00 -8.1382E-02
  1.1698E+01  1.0046E+01 -8.5319E-02
  1.1742E+01  1.0088E+01 -6.9148E-02
  1.1697E+01  9.9791E+00  6.1633E-02
  1.1821E+01  1.0031E+01  2.5965E-01
  1.2070E+01  1.0149E+01  4.4125E-01
  1.2161E+01  1.0059E+01  4.1813E-01
  1.2155E+01  1.0046E+01  2.8011E-01
  1.2105E+01  1.0268E+01  2.4075E-01
  1.1974E+01  1.0349E+01  1.9579E-01
  1.1882E+01  1.0315E+01  9.5895E-02
  1.1770E+01  1.0641E+01 -6.9976E-02
  1.1623E+01  1.0846E+01 -3.4488E-01
  1.1715E+01  1.0820E+01 -5.2154E-01
  1.1889E+01  1.0644E+01 -6.9310E-01
  1.2007E+01  1.0382E+01 -9.3028E-01
  1.1906E+01  1.0055E+01 -1.1209E+00
  1.1764E+01  9.7470E+00 -1.3665E+00
  1.1962E+01  9.4769E+00 -1.7413E+00
  1.2033E+01  9.3001E+00 -1.9265E+00
  1.1857E+01  9.1758E+00 -1.8832E+00
  1.1773E+01  8.9900E+00 -1.8783E+00
  1.1897E+01  8.6330E+00 -1.9099E+00
  1.2023E+01  8.3247E+00 -2.0363E+00
  1.2229E+01  8.1688E+00 -2.3543E+00
  1.2214E+01  7.9955E+00 -2.5703E+00
  1.1966E+01  7.7117E+00 -2.7344E+00
  1.2016E+01  7.6374E+00 -2.6416E+00
  1.2120E+01  7.5946E+00 -2.5279E+00
  1.2069E+01  7.5737E+00 -2.6088E+00
  1.1935E+01  7.5522E+00 -2.8584E+00
  1.1973E+01  7.5085E+00 -2.8416E+00
  1.2150E+01  7.5471E+00 -2.7059E+00
  1.2185E+01  7.6380E+00 -2.7307E+00
  1.2102E+01  7.6195E+00 -2.6361E+00
  1.2089E+01  7.5993E+00 -2.4949E+00
  1.2199E+01  7.7360E+00 -2.5771E+00
  1.2159E+01  7.8716E+00 -2.6256E+00
  1.2008E+01  7.7975E+00 -2.5387E+00
  1.1883E+01  7.9208E+00 -2.5083E+00
  1.1807E+01  8.0599E+00 -2.4685E+00
  1.1681E+01  8.0458E+00 -2.2962E+00
  1.1514E+01  8.1329E+00 -1.9968E+00
  1.1729E+01  8.3419E+00 -1.9864E+00
  1.2055E+01  8.5393E+00 -1.9228E+00
  1.2258E+01  8.7452E+00 -1.7553E+00
  1.2186E+01  8.9785E+00 -1.5501E+00
  1.1949E+01  9.1278E+00 -1.2437E+00
  1.1833E+01  9.1385E+00 -9.1893E-01
  1.1872E+01  9.1169E+00 -7.7617E-01
  1.1771E+01  9.0536E+00 -5.8847E-01
  1.1594E+01  8.8902E+00 -3.0388E-01
  1.1503E+01  8.7671E+00 -3.3348E-01
  1.1533E+01  8.8828E+00 -2.6115E-01
  1.1530E+01  9.2722E+00 -3.3271E-01
  1.1621E+01  9.4160E+00 -4.4619E-01
  1.1677E+01  9.3554E+00 -5.7500E-01
  1.1466E+01  9.3278E+00 -6.5293E-01
  1.1172E+01  9.1927E+00 -5.0762E-01
  1.1219E+01  9.2516E+00 -1.9435E-01
  1.1365E+01  9.3572E+00  6.4683E-02
  1.1316E+01  9.4631E+00  2.6918E-01
  1.1001E+01  9.5836E+00  2.3295E-01
  1.0709E+01  9.6861E+00  2.5886E-01
  1.0498E+01  9.6560E+00  4.3988E-01
  1.0500E+01  9.6490E+00  2.0128E-01
  1.0482E+01  9.4653E+00 -9.1069E-03
  1.0351E+01  9.5172E+00  1.3232E-01
  1.0232E+01  9.5076E+00  8.0907E-02
  1.0360E+01  9.3836E+00 -2.0595E-01
  1.0719E+01  9.5168E+00 -3.2782E-01
  1.1070E+01  9.4364E+00 -1.9137E-01
  1.1210E+01  9.1396E+00 -1.5339E-01
  1.1406E+01  8.8704E+00 -2.3557E-01
  1.1578E+01  8.7448E+00 -2.4832E-01
  1.1988E+01  8.6101E+00 -8.8031E-02
  1.2230E+01  8.4416E+00 -3.5068E-03
  1.2227E+01  8.5426E+00 -2.6069E-04
  1.2111E+01  8.7888E+00 -2.6936E-02
  1.2178E+01  8.9840E+00 -1.6877E-01
  1.2359E+01  9.1261E+00 -5.4993E-02
  1.2365E+01  9.2494E+00  2.0439E-01
  1.2175E+01  9.4863E+00  4.6061E-01
  1.2148E+01  9.8284E+00  2.7205E-01
  1.1876E+01  9.9961E+00  2.3704E-02
  1.1458E+01  1.0028E+01 -1.9273E-01
  1.1081E+01  1.0205E+01 -1.9374E-01
  1.0587E+01  1.0348E+01 -3.6732E-02
  1.0014E+01  1.0493E+01  2.1919E-01
  9.8117E+00  1.0485E+01  2.1572E-01
  9.9733E+00  1.0627E+01  7.5699E-02
  1.0167E+01  1.0833E+01  1.6614E-02
  1.0278E+01  1.0978E+01 -7.7273E-02
  1.0204E+01  1.1076E+01 -1.9808E-01
  9.9197E+00  1.1077E+01 -3.7284E-01
  9.6359E+00  1.1283E+01 -4.9921E-01
  9.3332E+00  1.1514E+01 -4.6444E-01
  9.2330E+00  1.1593E+01 -5.6007E-01
  9.4421E+00  1.1531E+01 -4.3428E-01
  9.6623E+00  1.1469E+01 -2.1667E-01
  9.9405E+00  1.1411E+01 -6.0410E-02
  1.0155E+01  1.1143E+01 -1.6034E-01
  1.0155E+01  1.0839E+01 -1.5650E-01
  1.0190E+01  1.0913E+01 -2.9385E-03
  1.0130E+01  1.1242E+01  5.1791E-02
  1.0063E+01  1.1273E+01 -2.0808E-01
  1.0183E+01  1.1278E+01 -4.2888E-01
  1.0185E+01  1.1226E+01 -5.3841E-01
  9.9505E+00  1.1221E+01 -6.3470E-01
  9.7770E+00  1.1231E+01 -5.8913E-01
  9.7350E+00  1.1421E+01 -4.7926E-01
  9.5488E+00  1.1472E+01 -3.4616E-01
  9.4408E+00  1.1232E+01 -3.0995E-01
  9.6774E+00  1.1011E+01 -3.1987E-01
  9.8556E+00  1.0703E+01 -3.2010E-01
  9.9736E+00  1.0522E+01 -3.3090E-01
  1.0050E+01  1.0434E+01 -2.8122E-01
  1.0030E+01  1.0242E+01 -1.5055E-01
  9.9201E+00  1.0032E+01 -7.9574E-02
  9.7364E+00  9.8618E+00 -1.2483E-01
  9.4788E+00  9.7967E+00 -2.2423E-01
  9.2251E+00  9.8323E+00 -2.8141E-01
  9.0486E+00  9.8652E+00 -5.0548E-01
  8.9792E+00  9.8260E+00 -8.1392E-01
  8.9617E+00  9.6682E+00 -9.7344E-01
  8.9321E+00  9.6901E+00 -1.1203E+00
  8.8788E+00  9.7596E+00 -1.1728E+00
  8.9157E+00  9.6580E+00 -1.2417E+00
  8.9842E+00  9.7312E+00 -1.1998E+00
  9.1667E+00  9.7279E+00 -1.0721E+00
  9.3259E+00  9.3430E+00 -8.6469E-01
  9.6368E+00  9.2491E+00 -7.5314E-01
  9.7232E+00  9.1747E+00 -7.8300E-01
  9.6075E+00  9.1161E+00 -9.0029E-01
  9.5635E+00  9.1394E+00 -1.0044E+00
  9.5604E+00  9.0735E+00 -1.1144E+00
  9.7413E+00  8.7013E+00 -1.2283E+00
  9.8589E+00  8.2531E+00 -1.2950E+00
  9.9767E+00  8.0176E+00 -1.3436E+00
  1.0238E+01  7.8971E+00 -1.4156E+00
  1.0351E+01  7.7748E+00 -1.2051E+00
  1.0295E+01  7.8902E+00 -1.0316E+00
  1.0166E+01  7.9878E+00 -8.5565E-01
  1.0055E+01  7.9405E+00 -7.1762E-01
  1.0030E+01  7.8922E+00 -9.3979E-01
  9.8121E+00  7.6682E+00 -8.6843E-01
  9.4934E+00  7.4271E+00 -8.7511E-01
  9.4629E+00  7.2059E+00 -1.2752E+00
  9.4082E+00  6.7809E+00 -1.5385E+00
  9.5366E+00  6.3389E+00 -1.8008E+00
  9.7844E+00  6.0760E+00 -2.2229E+00
  1.0057E+01  5.8469E+00 -2.4284E+00
  1.0351E+01  5.4059E+00 -2.4466E+00
  1.0620E+01  5.2162E+00 -2.7186E+00
  1.0794E+01  5.0124E+00 -2.7929E+00
  1.0979E+01  4.6471E+00 -2.8320E+00
  1.1178E+01  4.5567E+00 -2.9190E+00
  1.1284E+01  4.7385E+00 -2.8809E+00
  1.1326E+01  4.8333E+00 -2.8910E+00
  1.1585E+01  4.8340E+00 -2.9429E+00
  1.1873E+01  4.9289E+00 -3.0249E+00
  1.2124E+01  5.0893E+00 -3.1425E+00
  1.2317E+01  5.2893E+00 -3.1391E+00
  1.2474E+01  5.4890E+00 -3.0692E+00
 -1.2586E+01  5.7048E+00 -2.9075E+00
 -1.2495E+01  5.8666E+00 -2.7510E+00
 -1.2487E+01  6.0513E+00 -2.4546E+00
 -1.2486E+01  6.1893E+00 -2.1921E+00
 -1.2509E+01  6.3499E+00 -1.9546E+00
  1.2596E+01  6.5131E+00 -1.7065E+00
  1.2425E+01  6.6896E+00 -1.4641E+00
  1.2228E+01  6.8756E+00 -1.2308E+00
  1.2073E+01  7.0716E+00 -1.0679E+00
  1.1838E+01  7.1630E+00 -9.9338E-01
  1.1504E+01  7.2010E+00 -8.2323E-01
  1.1251E+01  7.3097E+00 -6.7152E-01
  1.1114E+01  7.2358E+00 -4.6657E-01
  1.1018E+01  6.9225E+00 -2.2944E-01
  1.0856E+01  7.2766E+00 -1.4740E-01
  1.1006E+01  7.4975E+00  7.5865E-02
  1.1139E+01  7.5713E+00  3.8432E-01
  1.1087E+01  7.5574E+00  5.8717E-01
  1.0896E+01  7.4833E+00  6.2314E-01
  1.0758E+01  7.6149E+00  7.3848E-01
  1.0781E+01  7.7564E+00  7.3497E-01
  1.0820E+01  7.7610E+00  6.0050E-01
  1.0805E+01  7.5208E+00  4.9295E-01
  1.0979E+01  7.4137E+00  3.2420E-01
  1.1275E+01  7.3679E+00  3.2662E-01
  1.1442E+01  7.0906E+00  3.4073E-01
  1.1468E+01  6.7715E+00  4.3657E-01
  1.1272E+01  6.4243E+00  6.4835E-01
  1.1054E+01  6.1178E+00  8.7364E-01
  1.1153E+01  5.5537E+00  8.0954E-01
  1.1108E+01  5.0099E+00  7.5202E-01
  1.1028E+01  4.7094E+00  6.0947E-01
  1.0743E+01  4.5352E+00  3.8174E-01
  1.0571E+01  4.4697E+00  2.8644E-01
  1.0269E+01  4.5647E+00  3.1554E-01
  9.7916E+00  4.8010E+00  3.4384E-01
  9.3899E+00  4.9409E+00  2.2603E-01
  9.2659E+00  4.7937E+00  3.0088E-01
  9.0284E+00  4.6416E+00  2.4716E-01
  8.7794E+00  4.5835E+00 -3.4596E-02
  8.6281E+00  4.4315E+00 -2.6977E-01
  8.5129E+00  4.3845E+00 -4.2459E-01
  8.2769E+00  4.3754E+00 -5.9709E-01
  8.0195E+00  4.4926E+00 -7.7237E-01
  7.7322E+00  4.6396E+00 -1.0772E+00
  7.6189E+00  4.5237E+00 -1.1908E+00
  7.6643E+00  4.5235E+00 -1.3224E+00
  7.7095E+00  4.6564E+00 -1.4834E+00
  7.7429E+00  4.8819E+00 -1.4977E+00
  7.7999E+00  4.9958E+00 -1.5816E+00
  7.8051E+00  5.0292E+00 -1.7045E+00
  7.9706E+00  5.0895E+00 -1.7889E+00
  8.1944E+00  5.2338E+00 -1.7745E+00
  8.4091E+00  5.5204E+00 -1.6658E+00
  8.5774E+00  5.9139E+00 -1.5328E+00
  8.5669E+00  5.9454E+00 -1.3876E+00
  8.6701E+00  5.7847E+00 -1.1324E+00
  8.5806E+00  5.6942E+00 -1.0342E+00
  8.5027E+00  5.9304E+00 -1.1713E+00
  8.4721E+00  6.1594E+00 -1.3860E+00
  8.5043E+00  5.9528E+00 -1.3029E+00
  8.8344E+00  6.0636E+00 -1.5157E+00
  8.8886E+00  6.0288E+00 -1.6537E+00
  8.6274E+00  5.8101E+00 -1.7584E+00
  8.8848E+00  5.8913E+00 -1.7572E+00
  8.7579E+00  5.8271E+00 -1.9941E+00
  8.6136E+00  5.7975E+00 -2.3019E+00
  8.6097E+00  5.9988E+00 -2.6490E+00
  8.4594E+00  6.0417E+00 -2.8546E+00
  8.5889E+00  5.9295E+00 -2.7735E+00
  8.9228E+00  5.6978E+00 -2.6640E+00
  9.0242E+00  5.1732E+00 -2.7040E+00
  9.2245E+00  4.9351E+00 -2.7515E+00
  9.3906E+00  4.7056E+00 -2.5598E+00
  9.3637E+00  4.3951E+00 -2.4338E+00
  9.3654E+00  4.1802E+00 -2.7407E+00
  9.4003E+00  3.9749E+00 -2.8554E+00
  9.2054E+00  3.9386E+00 -2.7104E+00
  9.2369E+00  3.8029E+00 -2.7381E+00
  9.3446E+00  3.5729E+00 -2.9498E+00
  9.3182E+00  3.5162E+00 -2.9206E+00
  9.0789E+00  3.5524E+00 -2.7101E+00
  9.1131E+00  3.6435E+00 -2.6794E+00
  9.0527E+00  3.5089E+00 -2.6900E+00
  8.8736E+00  3.3655E+00 -2.5913E+00
  9.1005E+00  3.4413E+00 -2.6231E+00
  9.1358E+00  3.4537E+00 -2.5641E+00
  8.9782E+00  3.3658E+00 -2.5238E+00
  9.1867E+00  3.5824E+00 -2.6755E+00
  9.2480E+00  3.5810E+00 -2.5708E+00
  9.3095E+00  3.5384E+00 -2.3402E+00
  9.2768E+00  3.5926E+00 -2.1002E+00
  9.2873E+00  3.8251E+00 -1.9251E+00
  9.3400E+00  3.9399E+00 -1.6422E+00
  9.3905E+00  3.8648E+00 -1.2742E+00
  9.4410E+00  3.8193E+00 -1.0120E+00
  9.4973E+00  4.0660E+00 -8.3208E-01
  9.5413E+00  4.6167E+00 -5.6956E-01
  9.5567E+00  4.7595E+00 -1.7160E-01
  9.6642E+00  4.8032E+00 -3.4599E-03
  9.9066E+00  4.7765E+00  2.4347E-01
  9.8476E+00  4.8327E+00  4.7978E-01
  9.7850E+00  4.9722E+00  8.0641E-01
  9.6023E+00  5.2767E+00  1.2303E+00
  9.1940E+00  5.7976E+00  1.4884E+00
  8.9458E+00  5.9093E+00  1.3946E+00
  8.9604E+00  5.8767E+00  1.3958E+00
  9.0297E+00  5.9325E+00  1.5001E+00
  9.1387E+00  6.0163E+00  1.4408E+00
  9.2052E+00  6.0102E+00  1.3560E+00
  9.2988E+00  5.8678E+00  1.1008E+00
  9.5803E+00  5.8474E+00  9.3233E-01
  9.8713E+00  5.9986E+00  7.2152E-01
  9.8765E+00  5.8653E+00  6.2198E-01
  9.7254E+00  5.9025E+00  4.9202E-01
  9.6646E+00  6.1104E+00  6.2650E-01
  9.4442E+00  6.2824E+00  8.4058E-01
  9.0875E+00  6.3778E+00  8.7017E-01
  8.9866E+00  6.6713E+00  1.1378E+00
  8.9799E+00  6.8848E+00  1.1344E+00
  8.8791E+00  7.0656E+00  1.0410E+00
  8.7314E+00  7.5417E+00  9.4016E-01
  8.8165E+00  7.7165E+00  8.2635E-01
  8.8099E+00  7.4082E+00  5.8456E-01
