  8.9431E+00  8.6949E+00  5.5505E-02
  9.0793E+00  8.5770E+00 -4.6954E-02
  9.2690E+00  8.7150E+00  8.9247E-03
  9.3586E+00  8.7518E+00 -5.9977E-03
  9.3403E+00  8.6953E+00 -8.1496E-02
  9.2714E+00  8.5957E+00 -1.0734E-01
  9.1757E+00  8.6275E+00 -1.3659E-01
  9.3460E+00  8.6617E+00 -2.7423E-03
  9.0950E+00  8.7191E+00  1.0705E-01
  8.9438E+00  8.7125E+00  1.8235E-01
  9.1926E+00  8.6077E+00  3.0626E-01
  9.1105E+00  8.5205E+00  3.3628E-01
  8.7883E+00  8.3685E+00  2.8143E-01
  8.6020E+00  8.1563E+00  3.3491E-01
  8.4839E+00  8.0188E+00  3.6195E-01
  8.4598E+00  7.8892E+00  3.2489E-01
  8.1997E+00  7.8261E+00  2.8207E-01
  8.1131E+00  8.0114E+00  1.1924E-01
  8.1706E+00  7.9819E+00  1.8155E-01
  8.1391E+00  8.1046E+00  2.5905E-01
  8.2535E+00  8.1259E+00  1.6512E-01
  8.2549E+00  8.2839E+00  2.2952E-01
  8.3236E+00  8.4079E+00  1.9562E-01
  8.3749E+00  8.2074E+00  2.2667E-02
  8.4609E+00  8.1595E+00 -1.7847E-01
  8.6908E+00  8.3999E+00 -3.9976E-01
  8.9763E+00  8.7073E+00 -5.7509E-01
  8.9459E+00  8.8565E+00 -9.5127E-01
  8.9376E+00  8.7919E+00 -1.3134E+00
  9.1402E+00  8.5899E+00 -1.5111E+00
  9.4604E+00  8.3435E+00 -1.5548E+00
  9.7013E+00  8.3619E+00 -1.5310E+00
  9.9344E+00  8.3302E+00 -1.6035E+00
  1.0057E+01  8.2455E+00 -1.7024E+00
  1.0044E+01  8.1795E+00 -1.7491E+00
  1.0024E+01  8.1155E+00 -1.6763E+00
  1.0112E+01  8.2224E+00 -1.6053E+00
  1.0107E+01  8.3371E+00 -1.5860E+00
  9.9909E+00  8.4878E+00 -1.5852E+00
  9.8273E+00  8.7163E+00 -1.4882E+00
  9.6322E+00  8.9805E+00 -1.4004E+00
  9.4027E+00  9.2558E+00 -1.3297E+00
  9.2004E+00  9.5538E+00 -1.2771E+00
  9.0529E+00  9.6218E+00 -1.1348E+00
  8.6230E+00  9.6207E+00 -8.5267E-01
  8.1326E+00  9.6953E+00 -5.5852E-01
  8.2816E+00  9.4338E+00 -3.6620E-01
  8.6033E+00  9.5258E+00 -1.4670E-01
  8.7958E+00  9.7636E+00  1.2579E-01
  8.9904E+00  9.7111E+00  2.9643E-01
  9.3330E+00  9.8157E+00  4.3657E-01
  9.3868E+00  9.8211E+00  5.4848E-01
  9.2857E+00  9.6803E+00  5.1630E-01
  9.3430E+00  9.8056E+00  2.0935E-01
  9.3645E+00  9.8961E+00  7.5641E-02
  9.3516E+00  9.7788E+00  1.9403E-01
  9.6035E+00  9.7707E+00 -7.7281E-04
  9.6931E+00  9.6986E+00 -4.1234E-02
  9.7274E+00  9.6445E+00  7.0244E-02
  9.8577E+00  9.8258E+00  1.3559E-01
  1.0015E+01  9.9314E+00  2.8475E-01
  1.0017E+01  9.9607E+00  4.8340E-01
  9.8438E+00  1.0071E+01  5.7658E-01
  9.7012E+00  9.8527E+00  6.4353E-01
  9.5748E+00  9.8868E+00  5.9963E-01
  9.2562E+00  9.8774E+00  4.3048E-01
  9.0259E+00  9.6981E+00  6.8369E-02
  8.9263E+00  9.6221E+00 -4.2522E-01
  8.8453E+00  9.4315E+00 -7.8944E-01
  8.8614E+00  9.3826E+00 -1.1111E+00
  8.7866E+00  9.3805E+00 -1.2804E+00
  8.6410E+00  9.3959E+00 -1.4462E+00
  8.5884E+00  9.3874E+00 -1.6069E+00
  8.5535E+00  9.4320E+00 -1.8715E+00
  8.6446E+00  9.4029E+00 -2.1113E+00
  8.7948E+00  9.7439E+00 -2.6367E+00
  8.8542E+00  1.0141E+01 -3.0620E+00
  8.9450E+00  1.0335E+01 -3.3391E+00
  9.1860E+00  1.0390E+01 -3.3396E+00
  9.2894E+00  1.0629E+01 -3.3220E+00
  9.1988E+00  1.0966E+01 -3.2057E+00
  9.0627E+00  1.1311E+01 -3.0627E+00
  8.9035E+00  1.1649E+01 -3.1962E+00
  8.8563E+00  1.1717E+01 -3.2963E+00
  8.8207E+00  1.1760E+01 -3.2581E+00
  8.8756E+00  1.1700E+01 -3.3368E+00
  8.9535E+00  1.1635E+01 -3.4786E+00
  9.0661E+00  1.1571E+01 -3.6546E+00
  9.2465E+00  1.1397E+01 -3.8376E+00
  9.4859E+00  1.1278E+01 -3.8761E+00
  9.4599E+00  1.1168E+01 -3.9318E+00
  9.3354E+00  1.1227E+01 -4.0817E+00
  9.3909E+00  1.1169E+01 -4.1454E+00
  9.2585E+00  1.1235E+01 -4.1409E+00
  9.0443E+00  1.1291E+01 -4.0538E+00
  9.0777E+00  1.1288E+01 -3.8846E+00
  8.9523E+00  1.1521E+01 -3.9066E+00
  8.8689E+00  1.1490E+01 -3.9167E+00
  8.9123E+00  1.1530E+01 -3.8280E+00
  8.9039E+00  1.1659E+01 -3.8691E+00
  8.8363E+00  1.1529E+01 -3.8689E+00
  8.9266E+00  1.1604E+01 -3.7409E+00
  9.0938E+00  1.1663E+01 -3.5347E+00
  9.2004E+00  1.1443E+01 -3.2975E+00
  9.1273E+00  1.1406E+01 -3.2917E+00
  9.1892E+00  1.1136E+01 -3.2502E+00
  9.4809E+00  1.0890E+01 -2.9138E+00
  9.6244E+00  1.0996E+01 -2.7318E+00
  9.4522E+00  1.0943E+01 -2.4618E+00
  9.6088E+00  1.0907E+01 -2.1975E+00
  1.0033E+01  1.1213E+01 -2.2624E+00
  1.0189E+01  1.1506E+01 -2.1245E+00
  1.0128E+01  1.1608E+01 -1.8896E+00
  1.0092E+01  1.1771E+01 -1.7312E+00
  1.0291E+01  1.1823E+01 -1.7326E+00
  1.0477E+01  1.1696E+01 -1.6379E+00
  1.0435E+01  1.1615E+01 -1.5410E+00
  1.0348E+01  1.1514E+01 -1.4931E+00
  1.0420E+01  1.1467E+01 -1.5933E+00
  1.0470E+01  1.1387E+01 -1.6129E+00
  1.0427E+01  1.1397E+01 -1.6313E+00
  1.0380E+01  1.1596E+01 -1.7109E+00
  1.0202E+01  1.1907E+01 -1.7262E+00
  9.9595E+00  1.2140E+01 -1.8330E+00
  9.7686E+00  1.2252E+01 -1.7677E+00
  9.6755E+00  1.2342E+01 -1.7241E+00
  9.6134E+00  1.2325E+01 -1.5545E+00
  9.5546E+00  1.2139E+01 -1.4116E+00
  9.6777E+00  1.1813E+01 -1.3081E+00
  9.7776E+00  1.1461E+01 -1.1338E+00
  9.5344E+00  1.1307E+01 -1.1554E+00
  9.4922E+00  1.1069E+01 -1.2363E+00
  9.6038E+00  1.0761E+01 -1.4495E+00
  9.5782E+00  1.0515E+01 -1.7026E+00
  9.3630E+00  1.0447E+01 -1.7763E+00
  9.2269E+00  1.0113E+01 -1.8383E+00
  9.1801E+00  9.9115E+00 -1.9037E+00
  9.0716E+00  9.7152E+00 -1.9479E+00
  9.0738E+00  9.5281E+00 -1.8025E+00
  9.0393E+00  9.2705E+00 -1.7859E+00
  9.1517E+00  8.8652E+00 -1.9133E+00
  9.0575E+00  8.5339E+00 -1.9090E+00
  8.9066E+00  8.3906E+00 -1.9443E+00
  8.8546E+00  8.5181E+00 -2.0640E+00
  8.6664E+00  8.5964E+00 -2.3489E+00
  8.3053E+00  8.3495E+00 -2.6473E+00
  8.3125E+00  8.4170E+00 -2.9379E+00
  8.3389E+00  8.5893E+00 -3.0663E+00
  8.3484E+00  8.8341E+00 -3.1039E+00
  8.3705E+00  9.0346E+00 -3.1252E+00
  8.4503E+00  9.0262E+00 -3.1311E+00
  8.4401E+00  9.0691E+00 -3.1264E+00
  8.4701E+00  9.1339E+00 -2.9921E+00
  8.5197E+00  9.1144E+00 -2.7232E+00
  8.4025E+00  9.0107E+00 -2.4307E+00
  8.4160E+00  9.0040E+00 -2.3529E+00
  8.2119E+00  8.9329E+00 -2.2300E+00
  7.8513E+00  8.6062E+00 -2.1193E+00
  7.4121E+00  8.3844E+00 -1.8807E+00
  7.2752E+00  8.3886E+00 -1.6258E+00
  7.4924E+00  8.5468E+00 -1.8990E+00
  7.2459E+00  8.6071E+00 -1.8879E+00
  7.0647E+00  8.5495E+00 -1.7233E+00
  7.4086E+00  8.6732E+00 -1.5747E+00
  7.4886E+00  8.7053E+00 -1.1272E+00
  7.5856E+00  8.8585E+00 -7.9127E-01
  7.8476E+00  8.8679E+00 -8.1863E-01
  7.9835E+00  8.8602E+00 -7.7850E-01
  8.0882E+00  9.2016E+00 -6.9415E-01
  8.3395E+00  9.4894E+00 -6.5570E-01
  8.4105E+00  9.4269E+00 -7.2782E-01
  8.4120E+00  9.1134E+00 -6.3290E-01
  8.2965E+00  8.8691E+00 -3.5631E-01
  7.9111E+00  8.6521E+00 -3.9778E-01
  7.5266E+00  8.4347E+00 -2.5911E-01
  7.2576E+00  8.3534E+00 -1.7900E-01
  7.0317E+00  8.3893E+00 -1.9176E-01
  6.9363E+00  8.4832E+00 -4.2833E-01
  7.1132E+00  8.3575E+00 -4.5290E-01
  7.3493E+00  8.3496E+00 -4.0203E-01
  7.4733E+00  8.3526E+00 -4.4518E-01
  7.3241E+00  8.3650E+00 -4.4145E-01
  7.5829E+00  8.1280E+00 -1.3762E-01
  7.8927E+00  7.7491E+00 -9.7926E-02
  7.9239E+00  7.8396E+00 -1.1627E-01
  8.2231E+00  8.1273E+00  3.7964E-02
  8.4958E+00  8.0129E+00 -1.5357E-02
  8.5536E+00  7.9256E+00  1.6249E-01
  8.4265E+00  8.0281E+00 -1.0116E-01
  8.3461E+00  8.0332E+00 -2.6543E-01
  8.3986E+00  7.8789E+00 -2.7152E-02
  8.3572E+00  7.9437E+00  8.7384E-02
  8.4683E+00  7.8496E+00 -2.1918E-01
  8.6103E+00  7.3393E+00 -4.4372E-01
  8.6625E+00  6.8871E+00 -2.2886E-01
  8.9682E+00  6.5571E+00 -2.1282E-01
  8.9368E+00  6.1533E+00 -9.7533E-03
  9.0146E+00  5.7543E+00  2.8238E-01
  9.0782E+00  5.7378E+00  5.0172E-01
  9.0410E+00  5.5815E+00  7.7318E-01
  9.0434E+00  5.3325E+00  9.6240E-01
  9.0155E+00  5.2213E+00  1.1643E+00
  8.9295E+00  4.9188E+00  1.2028E+00
  8.8434E+00  4.7662E+00  1.1679E+00
  8.6945E+00  4.5723E+00  1.0095E+00
  8.3257E+00  4.4655E+00  9.2039E-01
  8.0956E+00  4.5099E+00  1.1841E+00
  7.9073E+00  4.5554E+00  1.3882E+00
  7.6305E+00  4.4897E+00  1.3594E+00
  7.5154E+00  4.4220E+00  1.1533E+00
  7.5330E+00  4.5059E+00  1.1529E+00
  7.4006E+00  4.5877E+00  1.2909E+00
  7.1899E+00  4.4583E+00  1.2871E+00
  7.0986E+00  4.5359E+00  1.3270E+00
  7.1296E+00  4.6819E+00  1.3437E+00
  7.1326E+00  4.5884E+00  1.1643E+00
  7.1792E+00  4.7939E+00  1.2594E+00
  7.0288E+00  4.9412E+00  1.4278E+00
  6.6777E+00  4.9224E+00  1.2563E+00
  6.2087E+00  4.9818E+00  1.3050E+00
  5.8475E+00  5.1106E+00  1.3342E+00
  5.6266E+00  5.2397E+00  1.3005E+00
  5.5344E+00  5.2595E+00  1.1658E+00
  5.3910E+00  5.2522E+00  1.2142E+00
  5.3222E+00  5.2348E+00  1.2926E+00
  5.4539E+00  5.1726E+00  1.3844E+00
  5.5809E+00  5.0164E+00  1.4880E+00
  5.7095E+00  4.8952E+00  1.5292E+00
  6.0620E+00  4.8706E+00  1.4473E+00
  6.5020E+00  4.8845E+00  1.2480E+00
  6.8226E+00  4.7763E+00  1.1540E+00
  7.0991E+00  4.6533E+00  1.3211E+00
  7.2845E+00  4.6406E+00  1.4474E+00
  7.2961E+00  4.6203E+00  1.5647E+00
  7.1959E+00  4.6174E+00  1.4999E+00
  7.1502E+00  4.6427E+00  1.3526E+00
  7.1481E+00  4.5879E+00  1.1864E+00
  6.9404E+00  4.4816E+00  1.0105E+00
  6.7798E+00  4.4514E+00  8.6206E-01
  6.7121E+00  4.4550E+00  6.9525E-01
  6.4783E+00  4.3414E+00  5.2250E-01
  6.3584E+00  4.1696E+00  3.7500E-01
  6.3889E+00  4.1287E+00  3.3961E-01
  6.4277E+00  4.1946E+00  2.8753E-01
  6.3256E+00  4.0466E+00  1.1363E-01
  6.3865E+00  3.8051E+00  9.0627E-02
  6.3851E+00  3.6718E+00  1.9337E-01
  6.1492E+00  3.6289E+00  1.8622E-01
  5.9074E+00  3.6536E+00  2.7509E-01
  6.0124E+00  3.6542E+00  4.4630E-01
  5.9925E+00  3.6842E+00  2.7706E-01
  6.0770E+00  3.6761E+00  8.4364E-02
  6.0971E+00  3.7688E+00  1.5375E-01
  6.0931E+00  4.0040E+00  2.9843E-01
  6.1769E+00  4.4156E+00  4.0906E-01
  6.3986E+00  4.8221E+00  3.3329E-01
  6.6104E+00  5.2017E+00  2.6033E-01
  6.6253E+00  5.4989E+00  1.7814E-01
  6.7987E+00  5.6493E+00  1.6468E-01
  7.0388E+00  5.9090E+00 -4.4725E-03
  7.0365E+00  6.1913E+00 -1.8347E-01
  7.0795E+00  6.3761E+00  1.6723E-01
  6.9956E+00  6.2762E+00  4.3165E-01
  6.8996E+00  6.2850E+00  5.2453E-01
  6.7151E+00  6.3166E+00  4.5070E-01
  6.6846E+00  6.2902E+00  4.8622E-01
  6.5752E+00  6.2181E+00  6.1917E-01
  6.5176E+00  6.1118E+00  7.2715E-01
  6.4678E+00  6.0639E+00  7.8144E-01
  6.3843E+00  6.0557E+00  7.0371E-01
  6.4684E+00  5.9339E+00  7.1684E-01
  6.5389E+00  5.9575E+00  7.0565E-01
  6.5893E+00  6.1301E+00  5.7629E-01
  6.7183E+00  6.3372E+00  4.9137E-01
  6.5284E+00  6.3823E+00  8.2142E-01
  6.1598E+00  6.4240E+00  1.1827E+00
  5.9293E+00  6.4126E+00  1.4566E+00
  5.7283E+00  6.6902E+00  1.5199E+00
  5.5410E+00  6.9461E+00  1.7713E+00
  5.3547E+00  7.2194E+00  1.8875E+00
  5.0296E+00  7.3372E+00  1.6929E+00
  4.9991E+00  7.6159E+00  1.6692E+00
  5.0722E+00  7.7383E+00  1.6901E+00
  5.1223E+00  7.6779E+00  1.6731E+00
  5.2754E+00  7.7345E+00  1.7669E+00
  5.5157E+00  7.6536E+00  2.1426E+00
  5.5080E+00  7.4501E+00  2.5003E+00
  5.7339E+00  7.4910E+00  2.7616E+00
  5.8649E+00  7.3240E+00  3.1508E+00
  6.0305E+00  7.1486E+00  3.4151E+00
  6.3105E+00  7.1094E+00  3.4222E+00
  6.6683E+00  7.1224E+00  3.7523E+00
  7.1099E+00  7.1955E+00  3.8279E+00
  7.5391E+00  7.2838E+00  3.6527E+00
  7.8800E+00  7.3736E+00  3.7723E+00
  8.0113E+00  7.4276E+00  3.8065E+00
  8.2630E+00  7.4991E+00  3.7407E+00
  8.5972E+00  7.6565E+00  3.6000E+00
  8.8349E+00  7.8100E+00  3.5003E+00
  8.9924E+00  7.9090E+00  3.4907E+00
  9.1416E+00  7.8097E+00  3.5023E+00
  9.3003E+00  7.6041E+00  3.3655E+00
  9.3365E+00  7.3998E+00  3.0627E+00
  9.4216E+00  7.6233E+00  2.6196E+00
  9.7337E+00  7.6888E+00  2.3311E+00
  9.9405E+00  7.7615E+00  2.3585E+00
  9.9539E+00  7.6662E+00  2.0777E+00
  9.7498E+00  7.4818E+00  1.7579E+00
  9.8387E+00  7.3593E+00  1.7193E+00
  9.9718E+00  7.4943E+00  1.5890E+00
  1.0063E+01  7.3029E+00  1.7776E+00
  1.0086E+01  6.9487E+00  1.9794E+00
  9.9839E+00  6.8068E+00  2.1576E+00
  1.0043E+01  6.9798E+00  2.2516E+00
  1.0227E+01  6.8897E+00  2.3815E+00
  1.0385E+01  6.7160E+00  2.6425E+00
  1.0530E+01  6.7738E+00  2.6517E+00
  1.0531E+01  6.8214E+00  2.4858E+00
  1.0579E+01  6.6179E+00  2.5244E+00
  1.0767E+01  6.4526E+00  2.5614E+00
  1.0815E+01  6.4101E+00  2.4318E+00
  1.0742E+01  6.3655E+00  2.3574E+00
  1.0532E+01  6.3574E+00  2.0619E+00
  1.0497E+01  6.2355E+00  1.8320E+00
  1.0656E+01  6.0373E+00  1.7239E+00
  1.0722E+01  6.0283E+00  1.4756E+00
  1.0567E+01  6.0315E+00  1.2946E+00
  1.0607E+01  5.8242E+00  1.0580E+00
  1.0764E+01  5.7543E+00  6.5966E-01
  1.0826E+01  5.5287E+00  4.3434E-01
  1.0792E+01  5.3523E+00  1.7657E-01
  1.0959E+01  5.4529E+00 -7.8980E-02
  1.1302E+01  5.7381E+00 -1.8542E-01
  1.1666E+01  5.8365E+00 -1.6141E-01
  1.1844E+01  5.9803E+00 -1.8849E-01
  1.1803E+01  6.2006E+00 -3.2315E-01
  1.1635E+01  6.3222E+00 -3.7686E-01
  1.1407E+01  6.1186E+00 -3.5109E-01
  1.1258E+01  5.9403E+00 -2.7519E-01
  1.1165E+01  5.8734E+00 -1.5597E-01
  1.0934E+01  5.8508E+00 -1.3138E-01
  1.0972E+01  5.7730E+00  1.6101E-01
  1.1197E+01  5.7871E+00  2.9825E-01
  1.1440E+01  5.5147E+00  4.3374E-01
  1.1578E+01  5.2775E+00  5.5510E-01
  1.1676E+01  5.0794E+00  5.7080E-01
  1.1580E+01  5.1268E+00  5.3607E-01
  1.1355E+01  5.0639E+00  3.4921E-01
  1.1386E+01  5.1700E+00 -3.5528E-02
  1.1219E+01  5.1858E+00 -4.1023E-01
  1.1080E+01  5.2160E+00 -6.1652E-01
  1.1110E+01  5.3978E+00 -6.2694E-01
  1.0914E+01  5.7817E+00 -8.4088E-01
  1.0602E+01  5.6969E+00 -1.1130E+00
  1.0482E+01  5.8251E+00 -1.3714E+00
  1.0627E+01  5.9635E+00 -1.6125E+00
  1.0707E+01  5.7257E+00 -1.9104E+00
  1.0762E+01  5.6526E+00 -2.1479E+00
  1.0795E+01  5.6338E+00 -2.4202E+00
  1.1063E+01  5.5858E+00 -2.6349E+00
  1.1165E+01  5.6329E+00 -2.8096E+00
  1.1014E+01  5.4827E+00 -3.0030E+00
  1.0813E+01  5.5104E+00 -3.2044E+00
  1.0633E+01  5.9178E+00 -3.2262E+00
  1.0255E+01  5.9663E+00 -3.1935E+00
  9.9377E+00  6.1964E+00 -3.3205E+00
  9.8199E+00  6.1998E+00 -3.7259E+00
  9.7188E+00  6.1559E+00 -3.8308E+00
  9.5034E+00  6.0018E+00 -3.6319E+00
  9.2658E+00  5.7765E+00 -3.6789E+00
  8.9727E+00  5.9526E+00 -3.7477E+00
  8.7028E+00  6.0045E+00 -3.7733E+00
  8.5219E+00  6.0590E+00 -3.6132E+00
  8.3519E+00  6.2316E+00 -3.4681E+00
  8.2307E+00  6.3023E+00 -3.6929E+00
  8.1346E+00  6.4021E+00 -3.9614E+00
  8.0304E+00  6.6333E+00 -4.1978E+00
  7.8904E+00  6.9291E+00 -4.3533E+00
  7.7368E+00  7.3446E+00 -4.4743E+00
  7.6223E+00  7.7808E+00 -4.4489E+00
  7.4695E+00  8.2998E+00 -4.2391E+00
  7.2546E+00  8.4312E+00 -4.3768E+00
  7.0821E+00  8.7719E+00 -4.7128E+00
  6.9132E+00  9.0011E+00 -4.8244E+00
  6.7085E+00  9.0150E+00 -4.7635E+00
  6.4410E+00  8.7639E+00 -4.7318E+00
  6.2003E+00  8.8613E+00 -4.6361E+00
  6.1251E+00  8.7261E+00 -4.4781E+00
  6.1132E+00  8.5480E+00 -4.4426E+00
  6.0739E+00  8.3541E+00 -4.2232E+00
  6.2195E+00  8.1011E+00 -3.9965E+00
  6.4717E+00  7.8813E+00 -3.7796E+00
  6.4941E+00  7.7995E+00 -3.5741E+00
  6.4022E+00  7.8082E+00 -3.3946E+00
  6.4378E+00  7.6430E+00 -3.2033E+00
  6.4370E+00  7.3824E+00 -3.2126E+00
  6.3141E+00  7.4379E+00 -3.2858E+00
  6.1885E+00  7.3857E+00 -3.3806E+00
  6.1239E+00  7.2126E+00 -3.5066E+00
  6.2203E+00  6.9912E+00 -3.5513E+00
