  2.8404E+00  5.7646E+00  1.4950E-02
  2.3092E+00  5.7512E+00 -1.5104E-02
  1.9246E+00  5.7682E+00 -1.5124E-01
  1.5718E+00  5.5904E+00 -1.2781E-01
  1.3935E+00  5.4587E+00 -1.6693E-01
  1.3141E+00  5.4267E+00 -1.9242E-01
  1.2886E+00  5.5258E+00 -2.6941E-01
  1.3791E+00  5.5967E+00 -3.5427E-01
  1.4258E+00  5.6966E+00 -4.5135E-01
  1.5446E+00  5.7521E+00 -4.9703E-01
  1.7222E+00  5.9330E+00 -5.9629E-01
  1.8408E+00  6.1611E+00 -7.5589E-01
  1.9476E+00  6.2961E+00 -8.8123E-01
  2.1137E+00  6.3142E+00 -8.6936E-01
  2.1547E+00  6.4835E+00 -8.8783E-01
  2.2955E+00  6.5436E+00 -1.0203E+00
  2.5189E+00  6.5411E+00 -9.7588E-01
  2.5512E+00  6.6694E+00 -8.6602E-01
  2.6611E+00  6.5561E+00 -9.7760E-01
  2.6796E+00  6.6675E+00 -1.0212E+00
  2.7255E+00  6.7380E+00 -8.6875E-01
  2.8267E+00  6.5722E+00 -6.8252E-01
  2.7684E+00  6.6275E+00 -5.5696E-01
  2.7764E+00  6.6429E+00 -5.5392E-01
  2.7335E+00  6.5238E+00 -3.7715E-01
  2.6358E+00  6.5328E+00 -1.8161E-01
  2.3718E+00  6.5446E+00 -5.2958E-02
  1.9672E+00  6.4998E+00  1.5684E-01
  1.6169E+00  6.1846E+00  2.5228E-01
  1.1972E+00  6.0915E+00  4.9305E-01
  8.8374E-01  6.1411E+00  4.1522E-01
  9.4188E-01  6.3055E+00  2.9583E-01
  1.0427E+00  6.3368E+00  1.1796E-01
  6.1382E-01  6.5426E+00 -1.3459E-01
  3.5743E-01  6.7431E+00 -3.0776E-01
  2.2492E-01  6.9475E+00 -4.5982E-01
  6.1804E-02  7.1403E+00 -5.3340E-01
  6.8564E-02  7.3116E+00 -5.9285E-01
  1.4777E-01  7.4877E+00 -6.3876E-01
  2.2249E-01  7.6490E+00 -6.5006E-01
  3.1806E-01  7.8032E+00 -6.4509E-01
  2.4373E-01  7.9521E+00 -5.8323E-01
  1.4586E-01  8.1180E+00 -5.5789E-01
  3.0424E-01  8.2809E+00 -5.2509E-01
  5.9992E-01  8.4560E+00 -4.3736E-01
  6.3726E-01  8.4776E+00 -2.9875E-01
  7.3621E-01  8.4576E+00 -1.9615E-01
  9.5204E-01  8.4566E+00 -1.3445E-01
  1.1795E+00  8.5284E+00 -8.1933E-02
  1.2872E+00  8.6143E+00  5.2034E-04
  1.4174E+00  8.6941E+00  8.9008E-02
  1.5055E+00  8.7650E+00  2.2848E-01
  1.5117E+00  8.7705E+00  4.5308E-01
  1.5601E+00  8.7333E+00  7.1896E-01
  1.7431E+00  8.6736E+00  9.4065E-01
  2.1147E+00  8.5357E+00  1.0346E+00
  2.5412E+00  8.4332E+00  1.1748E+00
  2.8072E+00  8.3565E+00  1.6023E+00
  2.8319E+00  8.4287E+00  1.9314E+00
  2.9998E+00  8.4365E+00  2.2430E+00
  3.3622E+00  8.4749E+00  2.4576E+00
  3.8465E+00  8.4134E+00  2.5747E+00
  4.4158E+00  8.2591E+00  2.6793E+00
  4.6527E+00  8.3876E+00  3.2552E+00
  4.9464E+00  8.3744E+00  3.6745E+00
  5.3112E+00  8.2184E+00  3.9948E+00
  5.6678E+00  8.0605E+00  4.0246E+00
  5.9789E+00  7.8634E+00  3.9364E+00
  6.2773E+00  7.6136E+00  3.7405E+00
  6.7016E+00  7.5666E+00  3.5971E+00
  6.9699E+00  7.5155E+00  3.5949E+00
  7.1293E+00  7.3740E+00  3.6315E+00
  7.0330E+00  7.0554E+00  3.4444E+00
  7.1194E+00  7.3482E+00  3.4291E+00
  7.2059E+00  7.4945E+00  3.6351E+00
  7.1088E+00  7.2350E+00  3.7346E+00
  7.0472E+00  7.1133E+00  3.6416E+00
  7.2154E+00  6.9051E+00  3.8269E+00
  7.2546E+00  6.6161E+00  3.7854E+00
  7.1034E+00  6.4354E+00  3.7924E+00
  6.8529E+00  6.1522E+00  4.0359E+00
  6.7506E+00  5.8404E+00  4.0245E+00
  6.7472E+00  5.6063E+00  4.1476E+00
  6.6622E+00  5.5296E+00  4.3770E+00
  6.6364E+00  5.5420E+00  4.5070E+00
  6.7485E+00  5.5202E+00  4.3942E+00
  6.6910E+00  5.4471E+00  4.2932E+00
  6.7262E+00  5.5426E+00  4.1208E+00
  6.9100E+00  5.6592E+00  3.9428E+00
  7.0459E+00  5.6914E+00  3.8745E+00
  7.0744E+00  5.8544E+00  3.6095E+00
  6.9791E+00  5.9106E+00  3.4413E+00
  6.9247E+00  5.9651E+00  3.2627E+00
  6.9027E+00  6.1714E+00  2.9918E+00
  6.9229E+00  6.0479E+00  3.0049E+00
  6.8717E+00  5.9215E+00  2.7686E+00
  6.9152E+00  5.6682E+00  2.5161E+00
  6.9915E+00  5.6951E+00  2.5482E+00
  7.2081E+00  5.6424E+00  2.4441E+00
  7.0553E+00  5.3642E+00  2.4087E+00
  7.2700E+00  5.3729E+00  2.1410E+00
  7.5815E+00  5.3568E+00  2.0122E+00
  7.6639E+00  5.1277E+00  2.0683E+00
  7.8830E+00  5.0751E+00  2.0335E+00
  7.9003E+00  5.0570E+00  1.6636E+00
  7.8811E+00  5.1163E+00  1.7146E+00
  7.8449E+00  5.0541E+00  1.9824E+00
  7.9821E+00  4.9602E+00  1.9185E+00
  7.7296E+00  4.7896E+00  1.8576E+00
  7.6812E+00  4.7206E+00  1.8673E+00
  7.6290E+00  4.6570E+00  1.8048E+00
  7.4159E+00  4.5496E+00  1.8158E+00
  7.4312E+00  4.4575E+00  1.7624E+00
  7.4643E+00  4.5012E+00  1.8631E+00
  7.4855E+00  4.8006E+00  2.0391E+00
  7.5000E+00  5.2003E+00  2.0101E+00
  7.3318E+00  5.0970E+00  1.9552E+00
  7.0956E+00  5.0137E+00  1.8472E+00
  6.9775E+00  5.0128E+00  1.8136E+00
  6.9190E+00  5.0340E+00  1.5767E+00
  6.8033E+00  4.9959E+00  1.3774E+00
  6.6963E+00  4.8922E+00  1.4501E+00
  6.6051E+00  4.8942E+00  1.4732E+00
  6.6880E+00  4.9768E+00  1.3263E+00
  6.6831E+00  5.1806E+00  1.0401E+00
  6.6663E+00  5.1106E+00  1.0459E+00
  6.4625E+00  5.0950E+00  9.7896E-01
  6.3560E+00  5.0975E+00  7.1564E-01
  6.2247E+00  4.9293E+00  7.6296E-01
  5.9171E+00  4.8038E+00  6.7004E-01
  5.8185E+00  4.6170E+00  3.2277E-01
  5.6485E+00  4.3976E+00  2.2696E-01
  5.4787E+00  4.4249E+00  6.8580E-02
  5.3044E+00  4.5881E+00 -2.2769E-01
  5.2186E+00  4.6491E+00 -3.6898E-01
  5.1633E+00  4.8108E+00 -3.6112E-01
  5.2491E+00  5.1215E+00 -3.0893E-01
  5.4179E+00  5.2796E+00 -1.4705E-01
  5.7536E+00  5.5053E+00  8.4190E-02
  5.7111E+00  5.7062E+00 -6.5024E-02
  5.8785E+00  5.8397E+00 -8.1630E-02
  6.2070E+00  6.0625E+00 -1.8565E-02
  6.2562E+00  5.9497E+00 -3.6977E-03
  6.2597E+00  5.8247E+00  5.3952E-02
  6.4057E+00  5.7545E+00  2.6455E-01
  6.4968E+00  5.5632E+00  2.9112E-01
  6.5889E+00  5.3102E+00  3.1223E-01
  6.5583E+00  5.1176E+00  3.9430E-01
  6.5926E+00  4.8071E+00  2.7646E-01
  6.7387E+00  4.5710E+00  1.4308E-01
  6.6874E+00  4.5691E+00 -2.5535E-02
  6.6224E+00  4.7558E+00 -1.6553E-01
  6.8930E+00  4.6714E+00 -6.2556E-02
  6.6856E+00  4.6550E+00 -2.5227E-01
  6.4341E+00  4.7310E+00 -4.0599E-01
  6.4698E+00  4.9114E+00 -4.6322E-01
  6.5721E+00  5.0666E+00 -6.0191E-01
  6.3162E+00  5.2044E+00 -8.4631E-01
  6.1973E+00  5.4162E+00 -9.9272E-01
  6.1520E+00  5.6521E+00 -1.1524E+00
  6.1792E+00  5.6418E+00 -1.1332E+00
  6.2625E+00  5.7205E+00 -1.0907E+00
  6.4612E+00  5.9060E+00 -1.2216E+00
  6.6845E+00  5.9550E+00 -1.5126E+00
  6.7351E+00  5.7952E+00 -1.7356E+00
  6.3296E+00  5.4790E+00 -1.7748E+00
  6.0270E+00  5.1055E+00 -1.8640E+00
  5.9568E+00  4.7693E+00 -1.9462E+00
  6.0213E+00  4.7269E+00 -2.1741E+00
  6.3301E+00  4.6019E+00 -2.3892E+00
  6.4340E+00  4.5422E+00 -2.6752E+00
  6.3811E+00  4.4440E+00 -2.9372E+00
  6.5011E+00  4.3163E+00 -3.1536E+00
  6.6676E+00  4.4610E+00 -3.3260E+00
  6.6867E+00  4.7720E+00 -3.5387E+00
  6.7512E+00  5.0653E+00 -3.8291E+00
  6.8570E+00  5.1393E+00 -4.1209E+00
  6.7789E+00  5.2270E+00 -4.4553E+00
  6.8145E+00  5.2599E+00 -4.5703E+00
  7.0615E+00  5.2497E+00 -4.5544E+00
  7.1739E+00  5.0743E+00 -4.9053E+00
  7.3856E+00  4.9241E+00 -5.0778E+00
  7.5264E+00  4.9734E+00 -5.1049E+00
  7.5852E+00  4.9892E+00 -5.3188E+00
  7.5875E+00  4.9441E+00 -5.3039E+00
  7.5288E+00  4.9543E+00 -5.1362E+00
  7.3918E+00  4.7253E+00 -5.3889E+00
  7.1922E+00  4.6001E+00 -5.5314E+00
  7.1207E+00  4.4724E+00 -5.3687E+00
  7.1246E+00  4.3751E+00 -5.0635E+00
  6.9600E+00  4.0844E+00 -5.0309E+00
  6.8661E+00  3.8637E+00 -5.0204E+00
  6.9145E+00  3.6752E+00 -4.7963E+00
  6.9035E+00  3.6764E+00 -4.3975E+00
  6.8079E+00  3.6364E+00 -4.2053E+00
  6.6528E+00  3.2147E+00 -4.1810E+00
  6.4784E+00  2.9635E+00 -4.0287E+00
  6.3047E+00  2.9224E+00 -3.8219E+00
  6.1711E+00  2.7821E+00 -3.5351E+00
  5.9284E+00  2.4153E+00 -3.5254E+00
  5.7577E+00  2.2450E+00 -3.5648E+00
  5.6295E+00  2.1194E+00 -3.4430E+00
  5.5560E+00  2.1645E+00 -3.3473E+00
  5.5222E+00  2.4329E+00 -3.2705E+00
  5.5108E+00  2.6504E+00 -3.0799E+00
  5.4186E+00  2.8626E+00 -2.9323E+00
  5.5004E+00  3.1717E+00 -2.9359E+00
  5.8080E+00  3.5602E+00 -2.8875E+00
  5.9058E+00  3.8502E+00 -2.6842E+00
  6.0306E+00  4.0052E+00 -2.6637E+00
  6.1947E+00  4.0819E+00 -2.6794E+00
  6.2559E+00  3.9951E+00 -2.6633E+00
  6.3196E+00  3.6958E+00 -2.4726E+00
  6.4716E+00  3.3659E+00 -2.5265E+00
  6.7297E+00  3.1225E+00 -2.5621E+00
  6.8865E+00  2.7890E+00 -2.4877E+00
  7.0905E+00  2.5955E+00 -2.5625E+00
  7.4457E+00  2.6819E+00 -2.6232E+00
  7.7513E+00  2.8369E+00 -2.8319E+00
  7.8450E+00  3.0533E+00 -3.0903E+00
  7.9218E+00  3.1343E+00 -3.1415E+00
  8.0402E+00  3.1988E+00 -3.1094E+00
  8.0369E+00  3.3905E+00 -3.0863E+00
  7.8376E+00  3.7144E+00 -3.0382E+00
  7.6983E+00  4.0482E+00 -2.9344E+00
  7.7981E+00  3.9719E+00 -2.9123E+00
  7.6618E+00  3.9461E+00 -2.8711E+00
  7.3625E+00  4.1310E+00 -2.8274E+00
  7.0630E+00  4.5175E+00 -2.4932E+00
  6.9015E+00  4.8211E+00 -2.5258E+00
  6.7204E+00  5.1611E+00 -2.6548E+00
  6.4451E+00  5.3030E+00 -2.7639E+00
  6.2357E+00  5.3560E+00 -3.0053E+00
  6.1059E+00  5.4937E+00 -3.1744E+00
  6.0113E+00  5.6129E+00 -3.2644E+00
  5.8894E+00  5.6267E+00 -3.2556E+00
  5.7888E+00  5.8260E+00 -3.2649E+00
  5.7780E+00  6.1741E+00 -3.2644E+00
  5.8075E+00  6.4525E+00 -3.2773E+00
  5.8084E+00  6.6198E+00 -3.1842E+00
  5.8432E+00  6.9500E+00 -3.1351E+00
  6.1148E+00  7.0952E+00 -3.3148E+00
  6.2371E+00  7.0995E+00 -3.5829E+00
  6.3526E+00  7.2475E+00 -3.8379E+00
  6.5398E+00  7.4855E+00 -3.9569E+00
  6.8914E+00  7.5940E+00 -4.1167E+00
  7.1391E+00  7.9566E+00 -4.1849E+00
  7.5296E+00  8.1903E+00 -4.1958E+00
  7.7249E+00  8.2241E+00 -4.1406E+00
  7.8259E+00  8.1990E+00 -4.0658E+00
  7.9258E+00  8.1018E+00 -4.0268E+00
  7.8111E+00  8.0424E+00 -4.0250E+00
  7.5757E+00  7.9960E+00 -3.9972E+00
  7.3308E+00  8.0048E+00 -4.2664E+00
  7.1622E+00  8.1169E+00 -4.5883E+00
  7.1235E+00  8.3269E+00 -4.6060E+00
  7.0084E+00  8.6607E+00 -4.5747E+00
  6.8691E+00  9.0203E+00 -4.6147E+00
  6.5969E+00  8.9597E+00 -4.6073E+00
  6.4449E+00  8.8983E+00 -4.4882E+00
  6.3867E+00  9.1308E+00 -4.4125E+00
  6.3967E+00  9.1280E+00 -4.3778E+00
  6.5283E+00  9.0994E+00 -4.5268E+00
  6.6035E+00  9.2143E+00 -4.5989E+00
  6.5274E+00  9.3288E+00 -4.5413E+00
  6.5500E+00  9.5145E+00 -4.2104E+00
  6.5967E+00  9.4593E+00 -4.3418E+00
  6.5983E+00  9.3623E+00 -4.3020E+00
  6.5007E+00  9.2665E+00 -4.0312E+00
  6.3970E+00  9.0192E+00 -3.8496E+00
  6.2208E+00  9.2194E+00 -3.8452E+00
  6.1960E+00  9.4028E+00 -3.8630E+00
  6.2199E+00  9.4562E+00 -3.8504E+00
  6.2597E+00  9.6273E+00 -3.8043E+00
  6.4065E+00  9.8449E+00 -3.6603E+00
  6.5716E+00  9.7666E+00 -3.8958E+00
  6.8579E+00  9.4743E+00 -4.1608E+00
  7.3173E+00  9.2655E+00 -4.2618E+00
  7.6556E+00  9.0416E+00 -4.3942E+00
  8.0400E+00  8.8542E+00 -4.7643E+00
  8.4645E+00  8.8644E+00 -5.2751E+00
  8.8325E+00  8.7912E+00 -5.5346E+00
  9.2135E+00  8.7556E+00 -5.6138E+00
  9.5269E+00  8.8741E+00 -5.6088E+00
  9.8333E+00  8.9543E+00 -5.3909E+00
  1.0310E+01  9.0427E+00 -5.3799E+00
  1.0705E+01  9.0638E+00 -5.4022E+00
  1.1026E+01  9.1676E+00 -5.2608E+00
  1.1212E+01  9.3739E+00 -5.0530E+00
  1.1287E+01  9.5366E+00 -4.8722E+00
  1.1578E+01  9.5816E+00 -4.7276E+00
  1.1798E+01  9.6858E+00 -4.5703E+00
  1.1823E+01  9.8707E+00 -4.4187E+00
  1.1990E+01  9.9784E+00 -4.1954E+00
  1.2053E+01  1.0021E+01 -3.9987E+00
  1.2096E+01  1.0070E+01 -3.8417E+00
  1.2166E+01  1.0173E+01 -3.5858E+00
  1.2124E+01  1.0214E+01 -3.2613E+00
  1.1959E+01  1.0323E+01 -2.9431E+00
  1.1786E+01  1.0376E+01 -2.6340E+00
  1.2009E+01  1.0453E+01 -2.4464E+00
  1.2054E+01  1.0559E+01 -2.1552E+00
  1.2022E+01  1.0710E+01 -1.7740E+00
  1.1841E+01  1.0734E+01 -1.3180E+00
  1.1480E+01  1.0689E+01 -9.9222E-01
  1.0975E+01  1.0765E+01 -5.7146E-01
  1.0606E+01  1.0771E+01 -3.4412E-02
  1.0245E+01  1.0684E+01  2.7456E-01
  9.9071E+00  1.0744E+01  3.8813E-01
  9.8594E+00  1.0925E+01  9.0152E-01
  9.7276E+00  1.0928E+01  1.1142E+00
  9.5182E+00  1.0950E+01  6.7867E-01
  9.4812E+00  1.0889E+01  3.3023E-01
  9.4723E+00  1.0878E+01  1.3111E-01
  9.5625E+00  1.0982E+01  2.3960E-01
  9.5615E+00  1.1084E+01  3.7015E-01
  9.4135E+00  1.1227E+01  4.5123E-01
  9.4054E+00  1.1362E+01  4.5452E-01
  9.3913E+00  1.1432E+01  5.5580E-01
  9.4363E+00  1.1482E+01  6.0412E-01
  9.4153E+00  1.1685E+01  5.8126E-01
  9.3235E+00  1.1778E+01  5.3559E-01
  9.2945E+00  1.2026E+01  5.0945E-01
  9.4421E+00  1.2189E+01  5.4840E-01
  9.5845E+00  1.2394E+01  6.8028E-01
  9.4624E+00 -1.2591E+01  6.7924E-01
  9.4196E+00 -1.2345E+01  5.9263E-01
  9.3523E+00 -1.2029E+01  4.3452E-01
  9.0747E+00 -1.1829E+01  1.4609E-01
  9.0906E+00 -1.1704E+01 -9.8316E-02
  9.2378E+00 -1.1581E+01 -3.3912E-02
  9.2193E+00 -1.1281E+01  6.2252E-02
  9.1779E+00 -1.1329E+01  2.2899E-01
  9.0503E+00 -1.1715E+01  2.5314E-01
  8.9006E+00 -1.2262E+01  2.1005E-01
  9.0558E+00 -1.2551E+01  3.8784E-01
  9.1197E+00  1.2383E+01  3.7575E-01
  9.0344E+00  1.2001E+01  2.4021E-01
  8.8620E+00  1.1559E+01  1.6477E-01
  8.8350E+00  1.1195E+01  2.7642E-01
  8.7703E+00  1.1111E+01  2.8861E-01
  8.5313E+00  1.1149E+01  2.9043E-01
  8.3459E+00  1.1389E+01  3.1025E-01
  8.6687E+00  1.1683E+01  2.9648E-01
  8.6792E+00  1.2046E+01  3.0964E-01
  8.6359E+00  1.2201E+01  1.8634E-01
  8.6960E+00  1.2049E+01  1.5319E-01
  8.6556E+00  1.2002E+01  2.7536E-01
  8.7642E+00  1.2246E+01  4.8496E-01
  8.6872E+00  1.2204E+01  4.1798E-01
  8.6371E+00  1.1881E+01  3.2282E-01
  8.5037E+00  1.1416E+01  5.4708E-01
  8.3158E+00  1.1249E+01  7.1582E-01
  8.4006E+00  1.1267E+01  7.8455E-01
  8.3045E+00  1.1425E+01  8.0677E-01
  8.1242E+00  1.1639E+01  1.0343E+00
  7.8529E+00  1.1643E+01  1.4016E+00
  7.6711E+00  1.1667E+01  1.5505E+00
  7.5803E+00  1.2011E+01  1.7980E+00
  7.3989E+00  1.1907E+01  1.9199E+00
  7.4643E+00  1.1801E+01  1.9524E+00
  7.5733E+00  1.1692E+01  2.0079E+00
  7.7242E+00  1.1623E+01  2.0624E+00
  7.7502E+00  1.1602E+01  2.1490E+00
  7.9608E+00  1.1695E+01  2.2289E+00
  8.1520E+00  1.1626E+01  2.2797E+00
  8.0743E+00  1.1469E+01  2.3579E+00
  7.7790E+00  1.1439E+01  2.5574E+00
  7.6062E+00  1.1364E+01  2.7076E+00
  7.6059E+00  1.1244E+01  2.9686E+00
  7.7427E+00  1.1447E+01  3.1598E+00
  7.8497E+00  1.1614E+01  3.2643E+00
  7.8225E+00  1.1636E+01  3.2225E+00
  7.8370E+00  1.1384E+01  3.1098E+00
  7.8392E+00  1.1039E+01  2.7074E+00
  7.8021E+00  1.0785E+01  2.2896E+00
  7.6284E+00  1.0592E+01  2.0278E+00
  7.5734E+00  1.0463E+01  1.6375E+00
  7.3824E+00  1.0550E+01  1.4013E+00
  7.2814E+00  1.0618E+01  1.2139E+00
  7.3208E+00  1.0577E+01  1.2430E+00
  7.3546E+00  1.0647E+01  1.3293E+00
  7.1881E+00  1.0700E+01  1.3055E+00
  6.9794E+00  1.0682E+01  1.1966E+00
  6.8157E+00  1.0814E+01  1.2839E+00
  6.4250E+00  1.0879E+01  1.4730E+00
  6.2272E+00  1.0905E+01  1.5075E+00
  6.2407E+00  1.0933E+01  1.3590E+00
  6.1176E+00  1.0944E+01  1.3237E+00
  6.0209E+00  1.1204E+01  1.2653E+00
  5.9322E+00  1.1218E+01  1.2649E+00
  5.9551E+00  1.1238E+01  1.2184E+00
  6.0888E+00  1.0936E+01  9.2234E-01
  6.2656E+00  1.0637E+01  6.9513E-01
  6.1216E+00  1.0789E+01  5.3673E-01
  5.9909E+00  1.0920E+01  2.9710E-01
  5.9102E+00  1.0996E+01  1.2164E-01
  5.8967E+00  1.0974E+01  1.2090E-01
  5.8061E+00  1.0798E+01  2.1767E-01
  5.7196E+00  1.0776E+01  2.6681E-01
