  8.7095E+00 -1.0557E+01 -1.0113E-01
  8.6421E+00 -1.0321E+01 -2.3089E-01
  8.4636E+00 -1.0219E+01 -2.9023E-01
  8.3161E+00 -1.0033E+01 -3.6650E-01
  8.1241E+00 -1.0034E+01 -3.0781E-01
  8.1072E+00 -1.0129E+01 -2.0909E-01
  8.2094E+00 -1.0091E+01 -1.4735E-01
  8.3368E+00 -1.0150E+01 -1.8632E-01
  8.3876E+00 -1.0193E+01 -1.1048E-01
  8.2601E+00 -1.0246E+01  1.2949E-01
  8.1402E+00 -1.0197E+01  2.9355E-01
  8.1310E+00 -1.0159E+01  2.6657E-01
  7.9726E+00 -1.0097E+01  2.7283E-01
  7.7878E+00 -1.0199E+01  3.0532E-01
  7.7528E+00 -1.0305E+01  3.5422E-01
  7.6741E+00 -1.0331E+01  4.2536E-01
  7.6106E+00 -1.0379E+01  3.7172E-01
  7.5995E+00 -1.0370E+01  3.4175E-01
  7.5314E+00 -1.0411E+01  4.2628E-01
  7.6659E+00 -1.0418E+01  5.1244E-01
  7.7877E+00 -1.0311E+01  5.1455E-01
  7.8568E+00 -1.0181E+01  3.8430E-01
  7.8074E+00 -1.0048E+01  1.3956E-01
  8.0531E+00 -9.8968E+00 -1.1505E-01
  8.3114E+00 -9.7485E+00 -2.8390E-01
  8.5119E+00 -9.5158E+00 -5.0034E-01
  8.7733E+00 -9.2270E+00 -8.6554E-01
  9.2490E+00 -8.8887E+00 -1.3136E+00
  9.6786E+00 -8.9060E+00 -1.6619E+00
  1.0047E+01 -8.9988E+00 -1.9038E+00
  1.0378E+01 -9.2870E+00 -2.1589E+00
  1.0561E+01 -9.5567E+00 -2.2222E+00
  1.0843E+01 -9.7865E+00 -2.1698E+00
  1.1033E+01 -1.0046E+01 -2.2694E+00
  1.1146E+01 -1.0408E+01 -2.4037E+00
  1.1254E+01 -1.0730E+01 -2.3467E+00
  1.1370E+01 -1.1051E+01 -2.1439E+00
  1.1246E+01 -1.1417E+01 -1.9151E+00
  1.1107E+01 -1.1846E+01 -1.6371E+00
  1.1319E+01 -1.2144E+01 -1.5295E+00
  1.1429E+01 -1.2441E+01 -1.5244E+00
  1.1269E+01  1.2358E+01 -1.5168E+00
  1.0907E+01  1.1956E+01 -1.4188E+00
  1.0825E+01  1.1577E+01 -1.2656E+00
  1.0894E+01  1.1539E+01 -1.1429E+00
  1.0762E+01  1.1686E+01 -1.0251E+00
  1.0710E+01  1.1838E+01 -8.5648E-01
  1.0798E+01  1.1940E+01 -5.2163E-01
  1.0690E+01  1.2016E+01 -1.8198E-01
  1.0827E+01  1.1813E+01 -3.4311E-01
  1.0902E+01  1.1780E+01 -5.5557E-01
  1.1083E+01  1.1897E+01 -6.7617E-01
  1.1043E+01  1.2117E+01 -5.8744E-01
  1.0848E+01  1.2274E+01 -3.6115E-01
  1.0597E+01  1.2322E+01 -2.7303E-01
  1.0548E+01  1.2283E+01 -5.2219E-01
  1.0480E+01  1.2251E+01 -5.8966E-01
  1.0325E+01  1.2393E+01 -6.8804E-01
  1.0029E+01  1.2493E+01 -7.6370E-01
  9.6683E+00  1.2418E+01 -5.7203E-01
  9.1491E+00  1.2542E+01 -2.9100E-01
  8.7336E+00  1.2530E+01 -2.3072E-01
  8.4696E+00  1.2184E+01 -1.4848E-01
  8.1061E+00  1.2203E+01 -5.1348E-02
  7.7217E+00  1.2130E+01  1.2140E-01
  7.6115E+00  1.1923E+01  3.0045E-01
  7.4134E+00  1.1812E+01  8.0043E-02
  7.3130E+00  1.1833E+01  2.7901E-02
  7.2677E+00  1.1793E+01  2.3058E-01
  7.1994E+00  1.1665E+01  8.0060E-03
  7.3766E+00  1.1490E+01  1.1357E-02
  7.5782E+00  1.1344E+01  1.6896E-01
  7.7428E+00  1.1332E+01  2.5588E-01
  7.9003E+00  1.1144E+01  2.5359E-01
  8.0505E+00  1.0812E+01  2.1130E-01
  8.2400E+00  1.0565E+01  6.7899E-02
  8.3285E+00  1.0307E+01 -7.3115E-02
  8.1537E+00  1.0270E+01 -1.1039E-01
  7.9767E+00  1.0530E+01 -1.8421E-01
  8.0426E+00  1.0773E+01 -2.7768E-01
  8.2362E+00  1.0904E+01 -4.3259E-01
  8.2535E+00  1.1008E+01 -5.7264E-01
  8.2155E+00  1.1009E+01 -1.8086E-01
  8.4374E+00  1.0998E+01 -3.5145E-02
  8.8476E+00  1.1127E+01 -1.9127E-01
  8.9021E+00  1.1432E+01 -2.5881E-01
  8.8087E+00  1.1499E+01 -3.6325E-01
  8.7761E+00  1.1516E+01 -1.6148E-01
  8.9801E+00  1.1768E+01 -1.4199E-01
  9.2373E+00  1.2069E+01 -1.8915E-01
  9.3769E+00  1.2177E+01 -2.5239E-01
  9.3663E+00  1.2535E+01 -2.6012E-01
  9.1779E+00 -1.2445E+01 -3.8435E-01
  9.0518E+00 -1.2276E+01 -4.3473E-01
  9.0438E+00 -1.2164E+01 -5.5320E-01
  9.0483E+00 -1.2147E+01 -6.5873E-01
  9.0480E+00 -1.2054E+01 -6.5282E-01
  9.0545E+00 -1.1986E+01 -7.9245E-01
  9.1451E+00 -1.1935E+01 -9.3333E-01
  9.4143E+00 -1.1956E+01 -8.9261E-01
  9.6728E+00 -1.2026E+01 -9.9029E-01
  9.6896E+00 -1.2077E+01 -1.2654E+00
  9.5058E+00 -1.2006E+01 -1.2244E+00
  9.3041E+00 -1.1871E+01 -1.0649E+00
  9.2390E+00 -1.1583E+01 -1.3408E+00
  9.2126E+00 -1.1275E+01 -1.3674E+00
  9.1522E+00 -1.1102E+01 -1.3144E+00
  9.1097E+00 -1.1139E+01 -1.4941E+00
  9.0611E+00 -1.1237E+01 -1.4756E+00
  9.0706E+00 -1.1119E+01 -1.7892E+00
  9.0352E+00 -1.1070E+01 -1.9247E+00
  8.9514E+00 -1.1128E+01 -1.7696E+00
  8.8519E+00 -1.1016E+01 -1.8854E+00
  8.9113E+00 -1.1018E+01 -2.2692E+00
  8.7699E+00 -1.0998E+01 -2.4946E+00
  8.6008E+00 -1.1029E+01 -2.4942E+00
  8.4158E+00 -1.1051E+01 -2.3931E+00
  8.4725E+00 -1.1120E+01 -2.5519E+00
  8.2635E+00 -1.1086E+01 -2.4246E+00
  7.9291E+00 -1.1304E+01 -2.1350E+00
  8.1015E+00 -1.1537E+01 -2.2530E+00
  7.9602E+00 -1.1402E+01 -1.9847E+00
  7.6518E+00 -1.1464E+01 -1.7174E+00
  7.4709E+00 -1.1662E+01 -1.5329E+00
  7.2504E+00 -1.1709E+01 -1.6771E+00
  6.8233E+00 -1.1746E+01 -1.7300E+00
  6.6593E+00 -1.1790E+01 -1.9178E+00
  6.5586E+00 -1.1792E+01 -2.1566E+00
  6.4238E+00 -1.1933E+01 -2.2286E+00
  6.4107E+00 -1.2213E+01 -2.4557E+00
  6.4604E+00 -1.2428E+01 -2.7409E+00
  6.2441E+00 -1.2537E+01 -2.6950E+00
  6.4080E+00  1.2574E+01 -2.9101E+00
  6.4176E+00  1.2415E+01 -3.0781E+00
  6.1614E+00  1.2263E+01 -3.0902E+00
  6.3157E+00  1.2112E+01 -3.3862E+00
  6.2123E+00  1.1926E+01 -3.7776E+00
  6.0614E+00  1.1890E+01 -3.9615E+00
  6.0715E+00  1.1966E+01 -3.9448E+00
  6.4768E+00  1.2102E+01 -4.1717E+00
  6.7032E+00  1.2322E+01 -4.5934E+00
  6.8945E+00  1.2465E+01 -4.7723E+00
  7.0516E+00  1.2569E+01 -4.7182E+00
  7.1485E+00  1.2529E+01 -4.5131E+00
  7.1550E+00 -1.2521E+01 -4.4304E+00
  7.1036E+00 -1.2197E+01 -4.5077E+00
  6.9675E+00 -1.1919E+01 -4.5960E+00
  6.8053E+00 -1.1759E+01 -4.5694E+00
  6.6515E+00 -1.1771E+01 -4.3573E+00
  6.4418E+00 -1.1962E+01 -4.1147E+00
  6.1918E+00 -1.2078E+01 -3.8936E+00
  5.9966E+00 -1.1978E+01 -3.7002E+00
  5.8463E+00 -1.1837E+01 -3.4333E+00
  5.7822E+00 -1.2024E+01 -3.1074E+00
  5.7106E+00 -1.2412E+01 -2.8625E+00
  5.6760E+00 -1.2525E+01 -2.6150E+00
  5.4834E+00  1.2582E+01 -2.2988E+00
  5.3549E+00  1.2282E+01 -2.2045E+00
  5.5263E+00  1.2013E+01 -2.1609E+00
  5.4342E+00  1.1717E+01 -1.9869E+00
  5.2544E+00  1.1343E+01 -1.8897E+00
  5.1186E+00  1.1032E+01 -2.0025E+00
  5.0986E+00  1.0933E+01 -2.1909E+00
  5.2733E+00  1.0871E+01 -2.4095E+00
  5.4761E+00  1.0590E+01 -2.7660E+00
  5.7313E+00  1.0252E+01 -3.0041E+00
  6.0069E+00  9.9464E+00 -3.1862E+00
  6.0214E+00  9.6212E+00 -3.3012E+00
  6.2528E+00  9.5544E+00 -3.2694E+00
  6.4533E+00  9.4633E+00 -3.0267E+00
  6.4772E+00  9.3782E+00 -2.6416E+00
  6.5222E+00  9.5264E+00 -2.4462E+00
  6.3614E+00  9.7691E+00 -2.3976E+00
  6.0870E+00  9.8612E+00 -2.2223E+00
  5.8940E+00  1.0025E+01 -2.1633E+00
  5.8235E+00  1.0034E+01 -2.2613E+00
  5.8098E+00  9.9743E+00 -2.3538E+00
  5.8025E+00  9.8895E+00 -2.2834E+00
  5.2965E+00  9.7921E+00 -2.3432E+00
  5.1169E+00  9.9600E+00 -2.1770E+00
  5.1077E+00  9.9058E+00 -1.8011E+00
  5.2159E+00  9.5235E+00 -1.3667E+00
  5.1333E+00  9.3338E+00 -1.2819E+00
  5.2589E+00  9.2089E+00 -1.2871E+00
  5.6658E+00  9.0324E+00 -1.3092E+00
  5.8215E+00  8.7011E+00 -1.1279E+00
  5.6513E+00  8.5609E+00 -9.0524E-01
  5.5438E+00  8.5541E+00 -7.9768E-01
  5.5402E+00  8.4000E+00 -9.1874E-01
  5.5403E+00  8.1122E+00 -9.8103E-01
  5.6034E+00  7.9672E+00 -1.0543E+00
  5.7078E+00  8.1580E+00 -1.1462E+00
  5.8803E+00  8.3267E+00 -1.2357E+00
  5.8159E+00  8.5413E+00 -1.4449E+00
  5.7688E+00  8.6485E+00 -1.5242E+00
  5.6218E+00  8.7428E+00 -1.6721E+00
  5.3634E+00  8.6792E+00 -1.8526E+00
  5.2916E+00  8.6810E+00 -2.1130E+00
  5.2612E+00  8.7428E+00 -2.3733E+00
  5.2589E+00  8.9163E+00 -2.5406E+00
  5.3421E+00  9.0717E+00 -2.7509E+00
  5.4609E+00  9.2935E+00 -3.2124E+00
  5.4681E+00  9.4267E+00 -3.7434E+00
  5.4815E+00  9.4071E+00 -4.1053E+00
  5.5886E+00  9.3265E+00 -4.3281E+00
  5.6327E+00  9.3431E+00 -4.5246E+00
  5.7560E+00  9.2670E+00 -4.8192E+00
  5.8315E+00  9.2620E+00 -4.9236E+00
  6.0190E+00  9.3248E+00 -5.0936E+00
  6.1632E+00  9.1973E+00 -5.2878E+00
  6.2217E+00  9.1056E+00 -5.3490E+00
  6.4478E+00  9.2198E+00 -5.4384E+00
  6.6046E+00  9.3767E+00 -5.5286E+00
  6.6791E+00  9.4925E+00 -5.6321E+00
  6.8965E+00  9.3325E+00 -5.5416E+00
  7.0512E+00  9.4445E+00 -5.4803E+00
  7.3874E+00  9.5832E+00 -5.3681E+00
  7.5215E+00  9.5493E+00 -5.0818E+00
  7.5901E+00  9.3456E+00 -4.8652E+00
  7.8142E+00  9.4558E+00 -4.5418E+00
  7.9861E+00  9.8181E+00 -4.3214E+00
  7.9728E+00  9.6240E+00 -4.3814E+00
  7.7708E+00  9.3105E+00 -4.1865E+00
  7.5421E+00  9.1523E+00 -3.7724E+00
  7.2417E+00  8.9535E+00 -3.5153E+00
  7.1653E+00  8.6741E+00 -3.5986E+00
  6.9645E+00  8.5294E+00 -3.5143E+00
  6.8252E+00  8.3968E+00 -3.4493E+00
  6.6638E+00  8.2070E+00 -3.5572E+00
  6.5235E+00  8.0371E+00 -3.4685E+00
  6.4407E+00  7.9842E+00 -3.2893E+00
  6.4281E+00  8.1279E+00 -3.2340E+00
  6.3133E+00  8.2830E+00 -3.0059E+00
  6.3533E+00  8.2818E+00 -2.9292E+00
  6.3576E+00  8.2752E+00 -2.9078E+00
  6.2137E+00  8.5279E+00 -2.7735E+00
  6.1204E+00  8.7378E+00 -2.7105E+00
  6.0581E+00  8.9331E+00 -2.8207E+00
  5.8867E+00  9.1058E+00 -2.7254E+00
  5.7948E+00  9.4191E+00 -2.5393E+00
  5.8210E+00  9.5659E+00 -2.3144E+00
  5.8934E+00  9.6767E+00 -2.1381E+00
  5.9353E+00  9.6880E+00 -2.0058E+00
  5.8782E+00  9.4725E+00 -2.0718E+00
  5.9808E+00  9.4130E+00 -2.1404E+00
  6.1138E+00  9.5298E+00 -2.0135E+00
  6.0124E+00  9.2761E+00 -2.1650E+00
  5.8033E+00  9.2962E+00 -1.9284E+00
  5.6919E+00  9.4906E+00 -1.7575E+00
  5.5853E+00  9.4402E+00 -2.1153E+00
  5.5687E+00  9.5461E+00 -2.3618E+00
  5.4798E+00  9.6160E+00 -2.4627E+00
  5.5370E+00  9.7804E+00 -2.5546E+00
  5.3730E+00  9.9534E+00 -2.3997E+00
  5.2682E+00  1.0071E+01 -2.2290E+00
  5.0781E+00  1.0260E+01 -2.1572E+00
  4.8891E+00  1.0403E+01 -2.0526E+00
  4.8218E+00  1.0422E+01 -1.9942E+00
  4.8725E+00  1.0429E+01 -2.2009E+00
  4.7973E+00  1.0348E+01 -2.3959E+00
  4.8356E+00  1.0218E+01 -2.3864E+00
  4.8674E+00  1.0302E+01 -2.4108E+00
  4.8339E+00  1.0564E+01 -2.6150E+00
  4.6108E+00  1.0592E+01 -2.6797E+00
  4.4826E+00  1.0494E+01 -2.6989E+00
  4.5046E+00  1.0464E+01 -2.9632E+00
  4.3247E+00  1.0861E+01 -3.0207E+00
  4.3319E+00  1.1082E+01 -3.0286E+00
  4.6330E+00  1.1121E+01 -3.0344E+00
  4.8597E+00  1.1352E+01 -3.0627E+00
  4.9394E+00  1.1524E+01 -3.0929E+00
  5.1110E+00  1.1939E+01 -3.2055E+00
  5.2933E+00  1.2346E+01 -3.1573E+00
  5.3860E+00  1.2382E+01 -3.0847E+00
  5.4810E+00  1.2157E+01 -2.9320E+00
  5.6429E+00  1.2424E+01 -2.7981E+00
  5.3368E+00 -1.2561E+01 -2.7747E+00
  5.1915E+00 -1.2537E+01 -2.5756E+00
  5.2567E+00 -1.2464E+01 -2.3160E+00
  5.1422E+00 -1.2589E+01 -2.1496E+00
  5.0576E+00  1.2482E+01 -1.9792E+00
  5.1725E+00  1.2548E+01 -1.6704E+00
  5.2250E+00  1.2362E+01 -1.3372E+00
  5.1971E+00  1.2100E+01 -1.0810E+00
  5.3147E+00  1.1930E+01 -9.2974E-01
  5.4505E+00  1.1886E+01 -9.1016E-01
  5.5601E+00  1.1897E+01 -1.0623E+00
  5.5900E+00  1.1797E+01 -1.2187E+00
  5.4965E+00  1.1588E+01 -1.3466E+00
  5.5772E+00  1.1403E+01 -1.3541E+00
  5.6359E+00  1.1370E+01 -1.3875E+00
  5.5979E+00  1.1358E+01 -1.5155E+00
  5.7450E+00  1.1395E+01 -1.7002E+00
  5.9767E+00  1.1217E+01 -1.8271E+00
  5.8512E+00  1.0946E+01 -2.0197E+00
  5.6928E+00  1.0844E+01 -2.3320E+00
  5.7413E+00  1.0887E+01 -2.3764E+00
  5.7858E+00  1.0762E+01 -2.2315E+00
  5.7714E+00  1.0431E+01 -2.3321E+00
  5.8351E+00  1.0627E+01 -2.3917E+00
  5.7585E+00  1.0663E+01 -2.4584E+00
  5.6963E+00  1.0560E+01 -2.4700E+00
  5.7357E+00  1.0578E+01 -2.3978E+00
  5.6785E+00  1.0704E+01 -2.4919E+00
  5.6099E+00  1.0743E+01 -2.4180E+00
  5.3098E+00  1.0786E+01 -2.3446E+00
  5.0555E+00  1.0757E+01 -2.3159E+00
  5.0038E+00  1.0952E+01 -2.1241E+00
  4.9058E+00  1.0953E+01 -1.9115E+00
  4.8783E+00  1.0884E+01 -2.0010E+00
  4.9969E+00  1.1074E+01 -1.9444E+00
  4.9503E+00  1.1241E+01 -1.9510E+00
  4.9415E+00  1.1320E+01 -2.1083E+00
  4.9512E+00  1.1342E+01 -2.2630E+00
  4.9769E+00  1.1418E+01 -2.4799E+00
  5.0384E+00  1.1430E+01 -2.7339E+00
  5.0525E+00  1.1429E+01 -2.7988E+00
  5.1953E+00  1.1438E+01 -2.7902E+00
  5.4553E+00  1.1176E+01 -2.8350E+00
  5.5068E+00  1.1096E+01 -2.6765E+00
  5.6720E+00  1.1090E+01 -2.4260E+00
  5.7631E+00  1.1107E+01 -2.3947E+00
  5.8644E+00  1.0917E+01 -2.3025E+00
  5.9023E+00  1.0594E+01 -1.9572E+00
  6.2214E+00  1.0471E+01 -1.5172E+00
  6.5416E+00  1.0090E+01 -1.2115E+00
  6.7688E+00  9.9451E+00 -8.9598E-01
  6.8580E+00  1.0007E+01 -5.1162E-01
  7.0012E+00  9.8244E+00 -3.3444E-01
  7.2835E+00  9.9446E+00 -1.3092E-01
  7.2979E+00  9.9471E+00 -1.1748E-01
  7.3030E+00  9.7750E+00 -2.0131E-01
  7.2847E+00  9.9310E+00  1.6790E-03
  7.0488E+00  9.7776E+00 -2.8299E-01
  6.8050E+00  9.8353E+00 -2.7194E-01
  6.7241E+00  9.8447E+00 -4.6954E-01
  6.7098E+00  9.8177E+00 -7.7549E-01
  6.6843E+00  9.8240E+00 -9.8388E-01
  6.4155E+00  9.8053E+00 -9.1262E-01
  6.1969E+00  9.5748E+00 -8.9309E-01
  6.0535E+00  9.5577E+00 -9.2236E-01
  6.0298E+00  9.4638E+00 -1.1318E+00
  5.8669E+00  9.2592E+00 -1.2534E+00
  5.7737E+00  9.2585E+00 -1.2583E+00
  5.6301E+00  9.1025E+00 -1.4733E+00
  5.4631E+00  9.1358E+00 -1.4084E+00
  5.3930E+00  9.1608E+00 -1.0245E+00
  5.2255E+00  8.7960E+00 -7.6516E-01
  5.1954E+00  8.5498E+00 -3.2689E-01
  5.3396E+00  8.5048E+00  8.9227E-02
  5.4700E+00  8.4346E+00  3.0865E-01
  5.5466E+00  8.4124E+00  5.6189E-01
  5.3137E+00  8.4830E+00  6.2595E-01
  4.8895E+00  8.1789E+00  4.7882E-01
  4.6137E+00  8.2702E+00  7.6829E-01
  4.4131E+00  8.4665E+00  5.9689E-01
  4.2930E+00  8.6708E+00  2.2592E-01
  4.2599E+00  8.5518E+00 -5.2029E-02
  4.3700E+00  8.3287E+00 -1.0780E-01
  4.6162E+00  7.9584E+00 -6.9216E-02
  4.6437E+00  8.1641E+00  5.3452E-02
  4.7213E+00  8.2466E+00  3.7864E-01
  4.8424E+00  8.2271E+00  4.6839E-01
  4.9549E+00  8.2851E+00  2.7008E-01
  5.0516E+00  8.4331E+00  3.2427E-02
  5.0738E+00  8.3715E+00  7.5341E-02
  5.1152E+00  8.8157E+00  1.2065E-01
  5.1779E+00  9.1236E+00 -5.9393E-02
  5.1524E+00  9.0959E+00 -1.0325E-01
  5.0692E+00  9.1258E+00 -2.4499E-01
  5.0029E+00  9.1517E+00 -4.4725E-01
  4.8562E+00  9.2851E+00 -3.6728E-01
  4.8270E+00  9.2775E+00 -5.6675E-01
  4.8117E+00  9.3595E+00 -8.3886E-01
  4.7576E+00  9.2317E+00 -8.5733E-01
  4.7085E+00  9.2769E+00 -8.4693E-01
  4.8134E+00  9.1923E+00 -8.1432E-01
  4.9084E+00  9.2165E+00 -5.7575E-01
  5.0080E+00  9.1176E+00 -5.3670E-01
  4.9595E+00  9.2068E+00 -7.3424E-01
  4.9252E+00  9.1851E+00 -7.9661E-01
  4.9490E+00  9.0219E+00 -9.0346E-01
  4.9999E+00  8.9563E+00 -1.3217E+00
  4.8241E+00  8.9789E+00 -1.5939E+00
  4.7212E+00  8.8487E+00 -1.7042E+00
  4.6910E+00  8.7902E+00 -1.8358E+00
  4.6278E+00  8.7390E+00 -2.0185E+00
  4.7086E+00  8.6056E+00 -2.1576E+00
  4.6767E+00  8.5476E+00 -1.9505E+00
  4.6380E+00  8.4262E+00 -1.8403E+00
  4.4858E+00  8.4637E+00 -1.8824E+00
  4.2450E+00  8.5048E+00 -1.9537E+00
  4.0674E+00  8.4640E+00 -2.0839E+00
  3.9395E+00  8.2990E+00 -2.3252E+00
  3.7886E+00  8.1127E+00 -2.4748E+00
  3.6426E+00  8.0587E+00 -2.5603E+00
  3.6093E+00  7.9544E+00 -2.6858E+00
  3.5842E+00  7.6869E+00 -2.7260E+00
  3.4111E+00  7.5981E+00 -2.9466E+00
  3.3631E+00  7.7121E+00 -3.0751E+00
