  1.1724E+01  3.1715E+00  1.8647E-01
  1.1633E+01  3.0731E+00  4.2109E-01
  1.1687E+01  2.9550E+00  7.6645E-01
  1.1700E+01  2.9447E+00  8.6896E-01
  1.1621E+01  3.0388E+00  7.9643E-01
  1.1448E+01  3.1381E+00  7.0929E-01
  1.1208E+01  3.4934E+00  6.3045E-01
  1.1159E+01  3.9693E+00  4.7903E-01
  1.0806E+01  4.0775E+00  3.8159E-01
  1.0625E+01  4.1792E+00  4.2627E-01
  1.0596E+01  4.4372E+00  5.2223E-01
  1.0335E+01  4.4973E+00  5.7001E-01
  1.0307E+01  4.6295E+00  7.0605E-01
  1.0206E+01  4.4989E+00  9.6395E-01
  1.0359E+01  4.3120E+00  1.1478E+00
  1.0547E+01  4.2869E+00  1.2418E+00
  1.0463E+01  4.1871E+00  1.2921E+00
  1.0651E+01  4.1808E+00  1.3708E+00
  1.0904E+01  3.9981E+00  1.3968E+00
  1.0969E+01  3.8444E+00  1.3083E+00
  1.1142E+01  3.9019E+00  1.2710E+00
  1.1331E+01  3.6947E+00  1.3243E+00
  1.1405E+01  3.3986E+00  1.1546E+00
  1.1446E+01  3.1452E+00  1.0740E+00
  1.1760E+01  3.2142E+00  9.8089E-01
  1.1881E+01  2.9187E+00  9.4984E-01
  1.2014E+01  2.6461E+00  9.8401E-01
  1.2233E+01  2.3430E+00  8.6065E-01
  1.2507E+01  2.1851E+00  7.4193E-01
 -1.2532E+01  2.0059E+00  6.1735E-01
 -1.2434E+01  1.4951E+00  5.3326E-01
 -1.2309E+01  1.2184E+00  5.0737E-01
 -1.2282E+01  1.2175E+00  4.4884E-01
 -1.2457E+01  1.0700E+00  4.9652E-01
 -1.2454E+01  8.5579E-01  4.9514E-01
 -1.2528E+01  8.8094E-01  5.8139E-01
  1.2565E+01  1.0824E+00  6.5194E-01
  1.2505E+01  1.0318E+00  7.3012E-01
  1.2350E+01  1.1079E+00  8.7961E-01
  1.2252E+01  1.2773E+00  1.0374E+00
  1.2332E+01  1.3503E+00  1.1582E+00
  1.2352E+01  1.4388E+00  1.2198E+00
  1.2161E+01  1.4816E+00  1.3195E+00
  1.2218E+01  1.5829E+00  1.2706E+00
  1.2344E+01  1.5804E+00  1.4405E+00
  1.2281E+01  1.5151E+00  1.6144E+00
  1.2217E+01  1.4741E+00  1.5354E+00
  1.2200E+01  1.4432E+00  1.3232E+00
  1.2107E+01  1.4071E+00  1.2871E+00
  1.1923E+01  1.4306E+00  1.3000E+00
  1.1746E+01  1.4008E+00  1.2399E+00
  1.1647E+01  1.2322E+00  9.8227E-01
  1.1356E+01  1.1824E+00  9.3126E-01
  1.1140E+01  1.1437E+00  8.2890E-01
  1.0954E+01  1.0575E+00  6.4415E-01
  1.0575E+01  1.1046E+00  6.1828E-01
  1.0288E+01  1.1638E+00  4.8897E-01
  1.0075E+01  1.1392E+00  2.9994E-01
  9.7723E+00  1.1949E+00  3.1992E-01
  9.5171E+00  1.2624E+00  3.5961E-01
  9.4452E+00  1.2802E+00  1.4768E-01
  9.1426E+00  1.3985E+00 -1.6522E-02
  8.8209E+00  1.4609E+00 -6.4514E-02
  8.7985E+00  1.6846E+00 -2.9310E-02
  8.7733E+00  1.8489E+00  4.2048E-02
  8.6859E+00  2.0663E+00  4.3757E-02
  8.6996E+00  2.2228E+00  2.1954E-02
  8.7896E+00  2.3648E+00  8.8016E-02
  8.8688E+00  2.5743E+00  1.5084E-01
  8.8927E+00  2.7459E+00  1.0696E-01
  8.7805E+00  2.9671E+00  6.7866E-02
  8.6838E+00  3.0412E+00 -4.2568E-02
  8.5308E+00  3.1637E+00 -1.1054E-01
  8.3218E+00  3.4117E+00 -2.1406E-01
  8.1860E+00  3.2637E+00 -6.0256E-01
  7.8617E+00  3.2820E+00 -7.4216E-01
  7.6930E+00  3.4892E+00 -7.5345E-01
  7.7664E+00  3.7699E+00 -9.0406E-01
  7.7714E+00  3.9080E+00 -1.1855E+00
  7.7221E+00  4.1463E+00 -1.3316E+00
  7.7086E+00  4.2484E+00 -1.4607E+00
  7.8397E+00  4.3515E+00 -1.6575E+00
  8.1822E+00  4.4855E+00 -1.9296E+00
  8.4219E+00  4.7505E+00 -2.1200E+00
  8.6315E+00  4.9706E+00 -2.1863E+00
  8.8567E+00  5.1019E+00 -2.0757E+00
  9.1164E+00  5.2996E+00 -2.0910E+00
  9.3879E+00  5.5142E+00 -2.0997E+00
  9.5387E+00  5.6098E+00 -2.1982E+00
  9.6194E+00  5.6168E+00 -2.2462E+00
  9.6918E+00  5.7133E+00 -2.1771E+00
  9.7962E+00  5.8465E+00 -2.1146E+00
  9.9068E+00  6.0177E+00 -1.9011E+00
  9.9296E+00  5.9209E+00 -1.8415E+00
  9.9927E+00  5.7464E+00 -1.8275E+00
  1.0108E+01  5.7286E+00 -1.7578E+00
  1.0077E+01  5.5915E+00 -1.5776E+00
  9.9158E+00  5.4997E+00 -1.2928E+00
  9.9092E+00  5.5118E+00 -1.0079E+00
  9.7461E+00  5.4032E+00 -9.9491E-01
  9.5547E+00  5.5231E+00 -9.2884E-01
  9.4920E+00  5.7641E+00 -8.7931E-01
  9.3306E+00  5.7885E+00 -1.0078E+00
  9.3536E+00  5.9305E+00 -1.0562E+00
  9.3541E+00  5.9613E+00 -1.0835E+00
  9.3781E+00  5.7993E+00 -1.1425E+00
  9.4453E+00  5.7263E+00 -1.1200E+00
  9.6059E+00  5.6926E+00 -1.3841E+00
  9.7861E+00  5.5936E+00 -1.5766E+00
  9.8979E+00  5.6711E+00 -1.6751E+00
  1.0018E+01  5.6303E+00 -1.7195E+00
  1.0148E+01  5.4347E+00 -1.8639E+00
  1.0350E+01  5.3357E+00 -2.0349E+00
  1.0285E+01  5.2799E+00 -2.0353E+00
  1.0252E+01  5.3802E+00 -1.8987E+00
  1.0306E+01  5.3372E+00 -1.7970E+00
  1.0243E+01  5.1592E+00 -1.5469E+00
  1.0175E+01  4.9200E+00 -1.5191E+00
  1.0110E+01  4.5263E+00 -1.5472E+00
  1.0047E+01  4.1868E+00 -1.4430E+00
  1.0022E+01  4.0913E+00 -1.5082E+00
  9.9324E+00  4.0485E+00 -1.4451E+00
  9.8950E+00  3.9569E+00 -1.3666E+00
  9.9115E+00  3.9626E+00 -1.3548E+00
  9.8338E+00  4.0258E+00 -1.1931E+00
  9.9410E+00  4.1543E+00 -1.0619E+00
  1.0047E+01  4.3657E+00 -9.1490E-01
  1.0030E+01  4.5886E+00 -7.0417E-01
  1.0053E+01  4.9263E+00 -5.0181E-01
  1.0221E+01  5.3435E+00 -4.9830E-01
  1.0411E+01  5.6067E+00 -3.7584E-01
  1.0555E+01  5.4221E+00 -3.9858E-01
  1.0871E+01  5.4640E+00 -5.6595E-01
  1.0998E+01  5.4689E+00 -5.5019E-01
  1.1090E+01  5.3930E+00 -3.7556E-01
  1.1313E+01  5.1013E+00 -4.1583E-01
  1.1154E+01  4.8859E+00 -4.3058E-01
  1.0889E+01  4.7895E+00 -4.3135E-01
  1.0707E+01  4.7633E+00 -5.0280E-01
  1.0447E+01  4.9335E+00 -5.2478E-01
  1.0338E+01  5.0758E+00 -7.4893E-01
  9.9628E+00  4.9863E+00 -8.7468E-01
  9.7540E+00  4.9495E+00 -8.2509E-01
  9.8548E+00  4.8941E+00 -9.7481E-01
  9.7806E+00  4.8308E+00 -9.8143E-01
  9.5742E+00  4.5642E+00 -9.0720E-01
  9.3180E+00  4.4687E+00 -5.9831E-01
  9.3134E+00  4.1981E+00 -4.9850E-01
  9.2850E+00  3.8422E+00 -5.5067E-01
  9.1737E+00  3.5702E+00 -5.1010E-01
  9.2031E+00  3.4076E+00 -3.9753E-01
  9.2855E+00  3.2098E+00 -3.3523E-01
  9.2946E+00  2.8043E+00 -4.0580E-01
  9.3908E+00  2.4048E+00 -5.2635E-01
  9.4553E+00  2.1440E+00 -6.0471E-01
  9.4971E+00  2.0144E+00 -6.0446E-01
  9.4362E+00  2.0248E+00 -5.9691E-01
  9.3839E+00  2.0955E+00 -6.5311E-01
  9.5755E+00  1.9881E+00 -6.5362E-01
  9.5299E+00  1.7850E+00 -6.5270E-01
  9.5170E+00  1.6776E+00 -6.4571E-01
  9.5127E+00  1.7492E+00 -6.8069E-01
  9.5140E+00  1.9707E+00 -8.2421E-01
  9.4315E+00  2.3125E+00 -9.0888E-01
  9.4835E+00  2.3107E+00 -8.2123E-01
  9.4756E+00  2.0587E+00 -8.6047E-01
  9.3121E+00  1.8964E+00 -9.2219E-01
  9.1695E+00  1.9901E+00 -9.5159E-01
  9.2155E+00  2.0474E+00 -9.6256E-01
  9.1831E+00  1.9873E+00 -1.0059E+00
  9.0307E+00  2.0863E+00 -1.1907E+00
  9.0367E+00  2.2787E+00 -1.2679E+00
  9.1220E+00  2.1056E+00 -1.1914E+00
  9.0406E+00  2.1613E+00 -1.2215E+00
  9.0000E+00  2.4004E+00 -1.2812E+00
  9.0253E+00  2.6854E+00 -1.2806E+00
  8.9650E+00  2.6246E+00 -1.1873E+00
  8.9006E+00  2.7078E+00 -9.9103E-01
  8.8345E+00  2.9892E+00 -9.7661E-01
  8.6443E+00  3.4351E+00 -1.0156E+00
  8.4105E+00  4.0552E+00 -9.8163E-01
  8.2833E+00  4.1907E+00 -8.1116E-01
  8.0884E+00  4.4345E+00 -7.7355E-01
  7.8676E+00  4.9600E+00 -6.9428E-01
  7.6799E+00  5.1195E+00 -5.0116E-01
  7.4546E+00  5.0289E+00 -2.6338E-01
  7.3389E+00  5.1762E+00 -1.7087E-01
  7.2482E+00  5.4751E+00 -1.7266E-01
  7.0672E+00  5.6442E+00 -8.5005E-02
  6.8393E+00  5.6052E+00 -1.8507E-01
  6.6815E+00  5.3974E+00 -3.8944E-01
  6.7624E+00  5.1792E+00 -6.2366E-01
  6.5637E+00  4.9823E+00 -5.8668E-01
  6.5271E+00  4.6091E+00 -5.9725E-01
  6.6119E+00  4.5058E+00 -6.1703E-01
  6.7177E+00  4.5471E+00 -7.2960E-01
  6.9616E+00  4.4890E+00 -8.4381E-01
  7.0080E+00  4.4470E+00 -1.2420E+00
  7.0371E+00  4.4268E+00 -1.6644E+00
  7.2008E+00  4.7518E+00 -1.8470E+00
  7.0331E+00  4.6174E+00 -1.9327E+00
  6.9373E+00  4.5022E+00 -2.0752E+00
  7.1743E+00  4.4807E+00 -2.3545E+00
  7.4076E+00  4.3564E+00 -2.2943E+00
  7.5209E+00  4.0816E+00 -1.9152E+00
  7.8720E+00  4.0234E+00 -1.6266E+00
  8.1985E+00  4.2000E+00 -1.7875E+00
  8.2887E+00  4.0598E+00 -1.8199E+00
  8.4839E+00  4.1796E+00 -1.6421E+00
  8.5706E+00  4.4823E+00 -1.4496E+00
  8.5165E+00  4.5644E+00 -1.3343E+00
  8.6229E+00  4.6008E+00 -1.4164E+00
  8.7649E+00  4.7399E+00 -1.5660E+00
  8.8131E+00  4.8547E+00 -1.5893E+00
  8.6057E+00  4.8479E+00 -1.5363E+00
  8.3353E+00  4.9997E+00 -1.3847E+00
  8.0503E+00  5.0899E+00 -1.2646E+00
  7.7392E+00  5.0095E+00 -1.2651E+00
  7.5665E+00  5.2273E+00 -1.3834E+00
  7.6090E+00  5.2699E+00 -1.3879E+00
  7.6118E+00  5.2206E+00 -1.2126E+00
  7.4300E+00  5.2908E+00 -1.0578E+00
  7.1566E+00  5.4514E+00 -9.3693E-01
  6.9983E+00  5.6300E+00 -1.1041E+00
  6.9354E+00  5.7939E+00 -1.1722E+00
  6.7753E+00  5.9398E+00 -9.4314E-01
  6.6701E+00  6.1233E+00 -8.2444E-01
  6.5438E+00  6.3725E+00 -8.0815E-01
  6.3703E+00  6.4499E+00 -8.3905E-01
  6.1064E+00  6.7483E+00 -6.5622E-01
  5.9578E+00  6.5997E+00 -5.9160E-01
  5.8299E+00  6.6636E+00 -2.6532E-01
  5.8560E+00  6.7403E+00  1.6725E-01
  5.8071E+00  6.7570E+00  4.5946E-01
  5.6353E+00  6.6783E+00  6.5026E-01
  5.3376E+00  6.5639E+00  8.7360E-01
  4.9060E+00  6.2730E+00  1.1611E+00
  4.6359E+00  5.9795E+00  1.3196E+00
  4.4249E+00  5.7270E+00  1.4486E+00
  4.2875E+00  5.5940E+00  1.5835E+00
  4.3076E+00  5.5544E+00  1.6392E+00
  4.2553E+00  5.5807E+00  1.5921E+00
  4.2549E+00  5.5709E+00  1.4109E+00
  4.2278E+00  5.5091E+00  1.2534E+00
  4.1533E+00  5.2656E+00  1.2035E+00
  4.0285E+00  5.3130E+00  1.0501E+00
  4.0313E+00  5.4790E+00  7.4581E-01
  4.1441E+00  5.5944E+00  3.3698E-01
  4.2796E+00  5.7554E+00 -1.6930E-02
  4.2495E+00  5.6960E+00 -3.4015E-01
  4.1984E+00  5.5251E+00 -5.6919E-01
  4.1575E+00  5.5655E+00 -7.9457E-01
  4.2600E+00  5.7430E+00 -8.9999E-01
  4.1669E+00  5.6727E+00 -7.4771E-01
  3.9990E+00  5.5619E+00 -6.0322E-01
  3.8451E+00  5.7759E+00 -4.0225E-01
  3.7253E+00  5.6593E+00 -9.3708E-02
  3.8548E+00  5.4439E+00  8.1359E-02
  4.0989E+00  5.4556E+00  1.0080E-01
  4.2486E+00  5.6355E+00  7.2678E-02
  4.3941E+00  5.9157E+00  9.0224E-02
  4.3836E+00  5.9880E+00  1.0008E-01
  4.3241E+00  5.9731E+00  8.4951E-03
  4.2634E+00  5.9889E+00 -2.7269E-01
  4.2388E+00  6.2289E+00 -5.3356E-01
  4.1450E+00  6.4095E+00 -7.6613E-01
  4.2122E+00  6.3892E+00 -8.4026E-01
  4.2931E+00  6.4213E+00 -1.0060E+00
  4.5066E+00  6.6178E+00 -1.0757E+00
  4.5749E+00  6.8952E+00 -1.0426E+00
  4.5693E+00  6.9928E+00 -1.3031E+00
  4.6352E+00  6.9815E+00 -1.4842E+00
  4.6664E+00  7.0140E+00 -1.3666E+00
  4.6116E+00  7.0048E+00 -1.1909E+00
  4.4875E+00  6.8142E+00 -1.1815E+00
  4.4685E+00  6.6050E+00 -1.1331E+00
  4.5472E+00  6.4595E+00 -1.1209E+00
  4.4599E+00  6.3386E+00 -8.1098E-01
  4.2291E+00  6.2446E+00 -6.3764E-01
  3.9402E+00  6.0267E+00 -5.0173E-01
  3.7199E+00  5.8972E+00 -8.3756E-02
  3.4327E+00  5.7100E+00  1.8646E-01
  3.3426E+00  5.6425E+00  3.1092E-01
  3.3792E+00  5.7656E+00  6.3697E-01
  3.4612E+00  5.8660E+00  9.9027E-01
  3.5881E+00  5.8544E+00  1.2142E+00
  3.8627E+00  5.8804E+00  1.2749E+00
  3.8156E+00  5.7554E+00  1.2512E+00
  3.8440E+00  5.6740E+00  1.3628E+00
  4.1075E+00  5.7835E+00  1.4738E+00
  4.6582E+00  5.9320E+00  1.5423E+00
  5.2034E+00  6.0013E+00  1.5823E+00
  5.5631E+00  6.0659E+00  1.5958E+00
  5.8312E+00  6.1384E+00  1.8773E+00
  5.8898E+00  6.2294E+00  2.0549E+00
  5.9238E+00  6.5064E+00  2.3135E+00
  5.8403E+00  6.7067E+00  2.6044E+00
  5.6802E+00  6.9319E+00  2.6574E+00
  5.6446E+00  7.2455E+00  2.7949E+00
  5.7090E+00  7.3905E+00  2.9108E+00
  5.8154E+00  7.3436E+00  2.9355E+00
  6.0537E+00  7.2592E+00  2.9139E+00
  6.1080E+00  7.1743E+00  2.8717E+00
  5.8018E+00  7.6099E+00  2.9880E+00
  5.7549E+00  8.1308E+00  2.9360E+00
  5.7517E+00  8.4034E+00  2.8684E+00
  5.9194E+00  8.6002E+00  2.9217E+00
  6.0238E+00  8.5787E+00  2.9985E+00
  6.2407E+00  8.5764E+00  2.9541E+00
  6.5637E+00  8.6827E+00  2.8285E+00
  6.8048E+00  8.7376E+00  2.9572E+00
  7.3351E+00  8.6727E+00  3.1832E+00
  7.7360E+00  8.6352E+00  3.2377E+00
  7.9420E+00  8.5955E+00  3.3079E+00
  7.7298E+00  8.8812E+00  3.3531E+00
  7.4390E+00  8.9727E+00  3.4067E+00
  7.1881E+00  8.7762E+00  3.7696E+00
  6.9991E+00  8.7514E+00  4.0987E+00
  6.7867E+00  8.7201E+00  4.1496E+00
  6.5823E+00  8.6956E+00  3.9930E+00
  6.2848E+00  8.6305E+00  4.0957E+00
  5.9250E+00  8.5654E+00  4.3314E+00
  5.6859E+00  8.6832E+00  4.2911E+00
  5.5015E+00  8.9461E+00  4.1599E+00
  5.3698E+00  8.9652E+00  4.3200E+00
  5.3117E+00  8.9463E+00  4.2794E+00
  5.1476E+00  9.2062E+00  3.9352E+00
  4.9036E+00  9.6087E+00  3.6762E+00
  4.8338E+00  9.8789E+00  3.3630E+00
  4.6367E+00  9.9553E+00  3.2383E+00
  4.3354E+00  9.9239E+00  3.0240E+00
  4.2610E+00  9.8696E+00  2.8962E+00
  4.3630E+00  9.8715E+00  2.7464E+00
  4.3952E+00  1.0067E+01  2.7640E+00
  4.4875E+00  1.0349E+01  2.9380E+00
  4.5582E+00  1.0483E+01  2.9436E+00
  4.5144E+00  1.0441E+01  2.9162E+00
  4.4882E+00  1.0461E+01  2.8156E+00
  4.6341E+00  1.0374E+01  2.8401E+00
  4.8279E+00  1.0399E+01  2.8792E+00
  4.9471E+00  1.0289E+01  2.8984E+00
  5.1631E+00  1.0096E+01  2.9801E+00
  5.4307E+00  1.0036E+01  2.9474E+00
  5.4255E+00  9.9166E+00  2.6673E+00
  5.5266E+00  9.9434E+00  2.4223E+00
  5.5661E+00  9.7780E+00  2.5670E+00
  5.2713E+00  9.8445E+00  2.7728E+00
  4.7837E+00  1.0014E+01  2.8077E+00
  4.4287E+00  9.9934E+00  2.9094E+00
  4.3544E+00  9.8846E+00  2.9498E+00
  4.3834E+00  9.9978E+00  2.9563E+00
  4.3142E+00  1.0065E+01  2.7661E+00
  4.2853E+00  1.0212E+01  2.6760E+00
  4.2214E+00  1.0378E+01  2.8349E+00
  4.3796E+00  1.0395E+01  2.8887E+00
  4.6208E+00  1.0464E+01  3.0331E+00
  5.0067E+00  1.0619E+01  3.0138E+00
  5.2622E+00  1.0743E+01  2.8731E+00
  5.0554E+00  1.0621E+01  3.0464E+00
  4.9339E+00  1.0452E+01  3.1487E+00
  4.7022E+00  1.0512E+01  3.0593E+00
  4.5750E+00  1.0602E+01  2.9979E+00
  4.5709E+00  1.0381E+01  2.9474E+00
  4.3534E+00  1.0203E+01  2.9160E+00
  4.3038E+00  1.0110E+01  2.8704E+00
  4.5167E+00  1.0009E+01  2.7583E+00
  4.6812E+00  1.0044E+01  2.7160E+00
  4.7576E+00  9.8928E+00  2.7761E+00
  4.7493E+00  9.7041E+00  2.8373E+00
  4.8262E+00  9.5142E+00  2.7867E+00
  4.9637E+00  9.3332E+00  2.6491E+00
  5.2239E+00  8.7769E+00  2.6180E+00
  5.3055E+00  8.5514E+00  2.5047E+00
  5.2966E+00  8.2446E+00  2.5276E+00
  5.2251E+00  7.9959E+00  2.6324E+00
  5.3717E+00  7.7832E+00  2.5481E+00
  5.5029E+00  7.8246E+00  2.4091E+00
  5.4325E+00  7.9744E+00  2.0495E+00
  5.6547E+00  8.0088E+00  1.8746E+00
  6.0201E+00  7.8826E+00  1.9251E+00
  6.2161E+00  7.8071E+00  1.7994E+00
  6.4783E+00  7.7262E+00  1.8217E+00
  6.7487E+00  7.8068E+00  1.8966E+00
  6.9532E+00  8.0882E+00  1.8644E+00
  7.0860E+00  8.1555E+00  1.8755E+00
  7.0875E+00  8.0820E+00  1.8694E+00
  6.9741E+00  8.1759E+00  1.7886E+00
  6.8044E+00  8.3039E+00  1.4996E+00
  6.7639E+00  8.3498E+00  1.0395E+00
  6.6033E+00  8.1596E+00  7.9748E-01
  6.2705E+00  8.0120E+00  7.0046E-01
  6.0282E+00  8.0445E+00  5.0389E-01
  6.0106E+00  8.0582E+00  4.5651E-01
  6.0528E+00  8.0577E+00  4.3181E-01
  6.0637E+00  7.8945E+00  3.0714E-01
  6.0720E+00  7.7079E+00  1.2057E-01
  6.2340E+00  7.6776E+00 -5.2576E-03
  6.3130E+00  7.8106E+00 -1.6982E-01
  6.0339E+00  7.9538E+00 -3.0547E-01
  6.2916E+00  8.1400E+00 -1.7777E-01
