  1.1865E+01  8.6902E+00  3.1031E-01
  1.2075E+01  8.7624E+00  5.3905E-01
  1.2076E+01  8.7157E+00  7.2781E-01
  1.2079E+01  8.6051E+00  7.8121E-01
  1.2132E+01  8.6919E+00  9.7725E-01
  1.2152E+01  8.6060E+00  8.7520E-01
  1.2110E+01  8.4098E+00  6.1431E-01
  1.1894E+01  8.3600E+00  3.8905E-01
  1.2005E+01  8.3846E+00  2.5540E-01
  1.2027E+01  8.5516E+00  1.2081E-01
  1.1861E+01  8.7221E+00  9.3344E-02
  1.1935E+01  8.7025E+00  7.8662E-02
  1.1659E+01  8.8578E+00  6.0538E-02
  1.1312E+01  8.7221E+00  1.0240E-01
  1.1107E+01  8.7874E+00  3.2408E-01
  1.0926E+01  8.8223E+00  5.2776E-01
  1.0806E+01  8.7372E+00  5.9025E-01
  1.0745E+01  8.9347E+00  6.7746E-01
  1.0691E+01  8.8724E+00  6.0641E-01
  1.0741E+01  8.9867E+00  5.1441E-01
  1.0883E+01  8.8538E+00  3.8146E-01
  1.1158E+01  8.8703E+00  2.6619E-01
  1.1525E+01  8.8269E+00  2.5030E-01
  1.1816E+01  8.4355E+00  3.0794E-01
  1.1849E+01  8.0692E+00  2.9925E-01
  1.1531E+01  7.6993E+00  2.5553E-01
  1.1100E+01  7.2420E+00  1.6263E-01
  1.0942E+01  6.8074E+00  7.4241E-02
  1.0779E+01  6.3274E+00 -1.6850E-01
  1.0675E+01  6.0839E+00 -4.2410E-01
  1.0380E+01  5.9793E+00 -7.7384E-01
  1.0412E+01  5.5968E+00 -1.0186E+00
  1.0336E+01  5.3325E+00 -1.1165E+00
  1.0249E+01  5.1294E+00 -1.2420E+00
  1.0262E+01  4.9034E+00 -1.2339E+00
  1.0240E+01  4.8745E+00 -1.2991E+00
  1.0105E+01  4.9194E+00 -1.3035E+00
  1.0169E+01  4.9211E+00 -1.2680E+00
  1.0029E+01  4.9755E+00 -1.3520E+00
  1.0195E+01  4.9151E+00 -1.1476E+00
  1.0318E+01  4.9981E+00 -1.0049E+00
  1.0469E+01  5.1886E+00 -1.1192E+00
  1.0734E+01  5.3207E+00 -1.1818E+00
  1.0818E+01  5.4785E+00 -1.3426E+00
  1.0697E+01  5.5192E+00 -1.4075E+00
  1.0747E+01  5.5210E+00 -1.3165E+00
  1.0866E+01  5.5225E+00 -1.3210E+00
  1.0937E+01  5.2424E+00 -1.3990E+00
  1.0938E+01  4.8940E+00 -1.3529E+00
  1.0855E+01  4.9027E+00 -1.2060E+00
  1.0915E+01  4.8274E+00 -1.2697E+00
  1.1086E+01  4.6330E+00 -1.1847E+00
  1.1191E+01  4.5576E+00 -9.8532E-01
  1.1230E+01  4.6356E+00 -9.7745E-01
  1.1345E+01  4.6648E+00 -1.1525E+00
  1.1474E+01  4.7865E+00 -1.1192E+00
  1.1532E+01  4.8982E+00 -1.1067E+00
  1.1608E+01  5.0174E+00 -1.3065E+00
  1.1689E+01  5.1808E+00 -1.4803E+00
  1.1727E+01  5.2209E+00 -1.5211E+00
  1.1650E+01  5.1658E+00 -1.3259E+00
  1.1617E+01  5.2222E+00 -1.2897E+00
  1.1719E+01  5.2740E+00 -1.4416E+00
  1.1738E+01  5.3054E+00 -1.2661E+00
  1.1776E+01  5.3268E+00 -1.0158E+00
  1.1968E+01  5.2073E+00 -1.0870E+00
  1.1999E+01  5.1981E+00 -9.2890E-01
  1.2034E+01  5.0275E+00 -7.6224E-01
  1.2214E+01  4.8655E+00 -7.6325E-01
  1.2330E+01  4.8256E+00 -6.6617E-01
  1.2363E+01  4.5736E+00 -7.3398E-01
  1.2374E+01  4.5096E+00 -6.3258E-01
  1.2554E+01  4.4945E+00 -6.3851E-01
  1.2563E+01  4.2709E+00 -6.3669E-01
  1.2552E+01  4.1914E+00 -3.4264E-01
 -1.2597E+01  4.0251E+00 -2.8167E-01
  1.2577E+01  3.9434E+00 -1.3424E-01
  1.2413E+01  3.9325E+00  1.1509E-01
  1.2295E+01  3.7450E+00  1.1002E-01
  1.2195E+01  3.6605E+00  3.3911E-01
  1.2035E+01  3.5988E+00  6.6699E-01
  1.1793E+01  3.3847E+00  7.0421E-01
  1.1604E+01  3.2921E+00  8.3384E-01
  1.1449E+01  3.1787E+00  1.0100E+00
  1.1100E+01  3.1377E+00  1.1470E+00
  1.0752E+01  3.0988E+00  1.2754E+00
  1.0530E+01  3.1353E+00  1.3058E+00
  1.0352E+01  3.1543E+00  1.2155E+00
  1.0003E+01  3.1261E+00  1.3099E+00
  9.6127E+00  3.2252E+00  1.3759E+00
  9.2889E+00  3.3843E+00  1.2985E+00
  9.1031E+00  3.4238E+00  1.3889E+00
  8.8220E+00  3.3720E+00  1.3503E+00
  8.6148E+00  3.4544E+00  1.2072E+00
  8.4760E+00  3.5275E+00  1.2163E+00
  8.1259E+00  3.5130E+00  1.1925E+00
  7.7628E+00  3.7053E+00  1.1199E+00
  7.5475E+00  3.4438E+00  8.9733E-01
  7.3218E+00  3.1304E+00  9.3467E-01
  7.1133E+00  3.1337E+00  7.9982E-01
  6.8617E+00  3.2013E+00  5.3712E-01
  6.5444E+00  3.3058E+00  3.4796E-01
  6.1953E+00  3.4248E+00  4.4717E-01
  6.1071E+00  3.6754E+00  2.1472E-01
  6.2080E+00  4.0037E+00 -3.1217E-02
  6.0561E+00  4.2301E+00 -2.0802E-01
  5.9273E+00  4.5173E+00 -2.4980E-01
  6.0209E+00  4.8233E+00 -2.9802E-01
  6.2049E+00  5.0368E+00 -4.8424E-01
  6.1830E+00  5.1377E+00 -6.9563E-01
  6.0125E+00  5.5664E+00 -4.6048E-01
  6.0151E+00  5.6778E+00 -3.4661E-01
  6.2314E+00  5.5134E+00 -4.2534E-01
  6.2019E+00  5.6194E+00 -3.8767E-01
  6.2299E+00  5.8632E+00 -4.9283E-01
  6.4543E+00  5.8176E+00 -5.9419E-01
  6.5934E+00  5.8070E+00 -6.6943E-01
  6.5210E+00  5.9615E+00 -6.4026E-01
  6.3981E+00  6.2712E+00 -7.1378E-01
  6.3442E+00  6.4484E+00 -7.4708E-01
  6.3964E+00  6.3796E+00 -8.5875E-01
  6.2284E+00  6.4256E+00 -1.0371E+00
  6.0567E+00  6.3984E+00 -1.1708E+00
  5.9365E+00  6.3733E+00 -1.1619E+00
  5.9284E+00  6.3552E+00 -1.1689E+00
  5.8844E+00  6.4360E+00 -1.4969E+00
  5.8931E+00  6.3064E+00 -1.5806E+00
  5.9483E+00  6.2212E+00 -1.6091E+00
  6.0348E+00  6.2963E+00 -1.8488E+00
  6.1369E+00  6.2430E+00 -1.8744E+00
  6.2002E+00  6.2552E+00 -1.7073E+00
  6.2350E+00  6.6291E+00 -1.6874E+00
  6.3863E+00  6.7846E+00 -1.6233E+00
  6.5003E+00  6.6906E+00 -1.4383E+00
  6.5370E+00  6.9096E+00 -1.2991E+00
  6.5861E+00  7.1743E+00 -1.2519E+00
  6.7278E+00  6.9946E+00 -1.5145E+00
  6.8271E+00  7.0000E+00 -1.9578E+00
  6.8130E+00  7.0424E+00 -2.2917E+00
  6.9845E+00  6.9064E+00 -2.6644E+00
  7.0962E+00  6.8913E+00 -3.0484E+00
  7.0176E+00  6.8977E+00 -2.9850E+00
  6.8394E+00  6.8227E+00 -2.7975E+00
  6.6308E+00  6.6923E+00 -2.5229E+00
  6.4604E+00  6.6567E+00 -2.3058E+00
  6.2886E+00  6.7889E+00 -2.2015E+00
  5.8635E+00  6.7558E+00 -2.0529E+00
  5.6937E+00  6.7236E+00 -1.7913E+00
  5.7136E+00  6.8342E+00 -1.4693E+00
  5.7648E+00  7.0149E+00 -1.1956E+00
  5.8949E+00  7.1446E+00 -1.0031E+00
  5.9281E+00  7.0902E+00 -1.0130E+00
  6.0027E+00  7.2082E+00 -1.1947E+00
  6.2327E+00  7.2962E+00 -1.2482E+00
  6.4991E+00  7.4259E+00 -1.2936E+00
  6.2715E+00  7.3697E+00 -1.6494E+00
  5.7073E+00  7.2274E+00 -1.9885E+00
  5.2852E+00  7.3266E+00 -2.3680E+00
  5.0999E+00  7.4605E+00 -2.7796E+00
  4.9376E+00  7.2708E+00 -3.0522E+00
  4.8846E+00  7.3253E+00 -3.2715E+00
  4.9630E+00  7.5042E+00 -3.2622E+00
  5.0022E+00  7.6074E+00 -3.1569E+00
  4.9181E+00  7.4136E+00 -3.0304E+00
  4.8373E+00  7.2829E+00 -2.9870E+00
  4.7480E+00  7.3210E+00 -3.0850E+00
  4.7926E+00  7.2621E+00 -3.0851E+00
  4.8105E+00  7.2698E+00 -3.1478E+00
  4.6880E+00  6.8637E+00 -3.1662E+00
  4.5516E+00  6.6317E+00 -3.2990E+00
  4.5523E+00  6.3898E+00 -3.3911E+00
  4.4124E+00  6.2514E+00 -3.5181E+00
  4.0899E+00  6.0596E+00 -3.6116E+00
  3.9625E+00  5.6602E+00 -3.5919E+00
  4.0120E+00  5.4257E+00 -3.6458E+00
  4.0159E+00  5.3066E+00 -3.8158E+00
  3.7905E+00  5.1148E+00 -4.0001E+00
  3.9074E+00  5.1220E+00 -4.1254E+00
  4.1052E+00  5.0145E+00 -4.2559E+00
  4.2470E+00  4.8750E+00 -4.4556E+00
  4.4971E+00  4.9306E+00 -4.5889E+00
  4.6669E+00  5.1024E+00 -4.5712E+00
  4.8555E+00  5.1648E+00 -4.5293E+00
  4.9298E+00  5.1282E+00 -4.5347E+00
  4.8977E+00  5.0678E+00 -4.6799E+00
  4.7923E+00  5.0609E+00 -4.8887E+00
  4.6119E+00  4.9415E+00 -5.0810E+00
  4.5255E+00  4.7576E+00 -5.2110E+00
  4.3417E+00  4.7204E+00 -5.2719E+00
  4.2779E+00  4.8729E+00 -5.3002E+00
  4.3375E+00  5.0326E+00 -5.3064E+00
  4.4417E+00  5.0695E+00 -5.3062E+00
  4.5028E+00  5.1793E+00 -5.2752E+00
  4.7245E+00  5.2055E+00 -5.3208E+00
  4.9381E+00  5.1572E+00 -5.4015E+00
  4.9700E+00  5.0235E+00 -5.5887E+00
  5.0687E+00  4.9448E+00 -5.5816E+00
  5.2503E+00  4.7877E+00 -5.4781E+00
  5.4870E+00  4.6793E+00 -5.4432E+00
  5.7469E+00  4.5617E+00 -5.3874E+00
  5.9088E+00  4.3123E+00 -5.2467E+00
  6.0770E+00  4.3332E+00 -5.1464E+00
  6.1604E+00  4.2835E+00 -5.1533E+00
  6.2364E+00  4.0540E+00 -5.2618E+00
  6.3626E+00  4.0316E+00 -5.5295E+00
  6.5328E+00  4.0899E+00 -5.5546E+00
  6.7322E+00  4.0533E+00 -5.3807E+00
  6.7565E+00  3.8892E+00 -5.3163E+00
  6.8310E+00  3.8083E+00 -5.5912E+00
  6.9105E+00  3.8382E+00 -5.5977E+00
  6.9150E+00  3.9778E+00 -5.3479E+00
  7.0660E+00  3.9844E+00 -5.2736E+00
  7.1111E+00  3.9445E+00 -5.3549E+00
  6.9504E+00  4.0696E+00 -5.1991E+00
  6.8569E+00  4.3190E+00 -4.9473E+00
  6.8601E+00  4.4963E+00 -4.7927E+00
  6.7919E+00  4.4999E+00 -4.6419E+00
  6.6315E+00  4.4877E+00 -4.6487E+00
  6.4294E+00  4.4742E+00 -4.8188E+00
  6.4261E+00  4.3842E+00 -4.9367E+00
  6.3812E+00  4.3026E+00 -5.1197E+00
  6.3005E+00  4.3199E+00 -5.2895E+00
  6.3776E+00  4.5042E+00 -5.3580E+00
  6.5115E+00  4.5836E+00 -5.3100E+00
  6.5889E+00  4.5102E+00 -5.3492E+00
  6.6523E+00  4.6835E+00 -5.4917E+00
  6.8223E+00  4.9167E+00 -5.4589E+00
  6.9606E+00  4.8414E+00 -5.3433E+00
  7.1840E+00  4.8460E+00 -5.4535E+00
  7.3915E+00  4.9283E+00 -5.3548E+00
  7.5726E+00  4.8912E+00 -5.1458E+00
  7.8382E+00  4.8891E+00 -5.2277E+00
  8.0385E+00  4.9610E+00 -5.1686E+00
  8.1334E+00  5.0374E+00 -5.0174E+00
  8.1965E+00  5.2072E+00 -4.8354E+00
  8.2719E+00  5.3438E+00 -4.6583E+00
  8.2968E+00  5.4531E+00 -4.4643E+00
  8.3324E+00  5.7102E+00 -4.2153E+00
  8.3133E+00  5.8375E+00 -4.0516E+00
  8.4192E+00  5.8533E+00 -4.0521E+00
  8.5665E+00  5.8610E+00 -3.9655E+00
  8.5427E+00  5.6811E+00 -3.8732E+00
  8.4240E+00  5.4509E+00 -3.7846E+00
  8.3566E+00  5.3009E+00 -3.7189E+00
  8.3659E+00  5.2420E+00 -3.6996E+00
  8.1754E+00  5.3225E+00 -3.5625E+00
  8.1490E+00  5.3186E+00 -3.3984E+00
  7.9698E+00  5.3184E+00 -3.1457E+00
  7.7834E+00  5.4299E+00 -2.8565E+00
  7.6356E+00  5.6187E+00 -2.4257E+00
  7.3576E+00  5.9309E+00 -2.0222E+00
  6.9233E+00  6.1977E+00 -1.9972E+00
  6.5061E+00  6.5891E+00 -2.0287E+00
  6.4433E+00  6.8615E+00 -1.9279E+00
  6.5392E+00  7.0210E+00 -1.8219E+00
  6.6072E+00  6.9440E+00 -2.1892E+00
  6.7444E+00  6.7709E+00 -2.6274E+00
  6.7587E+00  6.6114E+00 -2.7518E+00
  6.7204E+00  6.6848E+00 -2.8644E+00
  6.6069E+00  6.7557E+00 -2.9669E+00
  6.4960E+00  6.6558E+00 -2.8195E+00
  6.2750E+00  6.6096E+00 -3.0288E+00
  6.1334E+00  6.4806E+00 -3.1082E+00
  6.0049E+00  6.3115E+00 -3.0119E+00
  5.9346E+00  6.1726E+00 -2.9698E+00
  5.9740E+00  6.0872E+00 -2.9244E+00
  6.0788E+00  6.0171E+00 -3.1528E+00
  6.2531E+00  6.0121E+00 -3.2223E+00
  6.3928E+00  6.1501E+00 -3.3692E+00
  6.5484E+00  6.4244E+00 -3.4457E+00
  6.8391E+00  6.2064E+00 -3.3848E+00
  6.4782E+00  5.7192E+00 -3.3536E+00
  6.0964E+00  5.2545E+00 -3.3442E+00
  5.8360E+00  4.8584E+00 -3.3903E+00
  5.6284E+00  4.6633E+00 -3.2822E+00
  5.4429E+00  4.5765E+00 -3.0586E+00
  5.3227E+00  4.5217E+00 -2.7920E+00
  5.4384E+00  4.4637E+00 -2.6389E+00
  5.5051E+00  4.4599E+00 -2.4696E+00
  5.3546E+00  4.4034E+00 -2.1591E+00
  5.3922E+00  4.5188E+00 -1.8427E+00
  5.5180E+00  4.8101E+00 -1.5682E+00
  5.5002E+00  5.0967E+00 -1.2793E+00
  5.5286E+00  5.3025E+00 -1.0845E+00
  5.7719E+00  5.6153E+00 -9.7759E-01
  5.8415E+00  6.0623E+00 -8.3857E-01
  5.7625E+00  6.5771E+00 -4.9407E-01
  5.6423E+00  6.8001E+00 -5.2901E-01
  5.5176E+00  6.7317E+00 -7.9218E-01
  5.3775E+00  6.5425E+00 -9.9121E-01
  5.2544E+00  6.4436E+00 -1.1174E+00
  5.2661E+00  6.3202E+00 -1.1766E+00
  5.4171E+00  6.1383E+00 -1.1348E+00
  5.3822E+00  6.3668E+00 -1.0830E+00
  5.2909E+00  6.5274E+00 -6.7940E-01
  5.2688E+00  6.5523E+00 -3.4152E-01
  5.3381E+00  6.5546E+00 -2.6215E-01
  5.2478E+00  6.4959E+00 -1.7412E-02
  4.8689E+00  6.5820E+00  1.9561E-01
  4.5130E+00  6.7545E+00  5.0330E-01
  4.2872E+00  6.7705E+00  6.6649E-01
  4.0868E+00  6.8288E+00  6.9291E-01
  4.0196E+00  6.9923E+00  8.7048E-01
  3.9723E+00  7.0490E+00  9.7481E-01
  3.8790E+00  7.2354E+00  9.1785E-01
  4.0017E+00  7.4220E+00  1.0276E+00
  4.0756E+00  7.4801E+00  1.0139E+00
  4.2983E+00  7.4339E+00  9.6279E-01
  4.6729E+00  7.2562E+00  1.0578E+00
  4.8720E+00  7.2561E+00  1.2188E+00
  5.2266E+00  7.2296E+00  1.3949E+00
  5.4320E+00  7.0546E+00  1.3089E+00
  5.8204E+00  7.0227E+00  1.2905E+00
  6.2169E+00  7.2975E+00  1.2444E+00
  6.2810E+00  7.2938E+00  1.2852E+00
  6.5513E+00  7.3799E+00  1.3674E+00
  6.9225E+00  7.5594E+00  1.2000E+00
  6.8859E+00  7.5343E+00  1.1351E+00
  7.0038E+00  7.4785E+00  1.2997E+00
  7.3199E+00  7.7063E+00  1.6092E+00
  7.4024E+00  7.5937E+00  1.7845E+00
  7.2696E+00  7.7164E+00  1.7705E+00
  7.0958E+00  8.0565E+00  1.9295E+00
  7.0590E+00  8.0419E+00  2.2607E+00
  7.1074E+00  7.9860E+00  2.1471E+00
  6.9386E+00  8.2193E+00  1.9947E+00
  6.9855E+00  8.1965E+00  2.2345E+00
  7.1605E+00  8.1650E+00  2.4104E+00
  7.0061E+00  8.4620E+00  2.7712E+00
  7.2307E+00  8.6714E+00  2.8852E+00
  7.5256E+00  8.6813E+00  2.9311E+00
  7.4583E+00  8.6344E+00  3.0322E+00
  7.2828E+00  8.6719E+00  3.0894E+00
  7.1920E+00  8.8890E+00  3.1086E+00
  7.1447E+00  9.1088E+00  2.9384E+00
  7.0736E+00  9.0629E+00  2.8308E+00
  7.1013E+00  9.2864E+00  2.8753E+00
  7.1170E+00  9.4113E+00  2.9569E+00
  7.2745E+00  9.7188E+00  3.0588E+00
  7.6030E+00  9.8682E+00  3.2114E+00
  7.8680E+00  9.7735E+00  3.3987E+00
  7.9312E+00  9.7512E+00  3.5540E+00
  7.9387E+00  9.7388E+00  3.7808E+00
  8.0904E+00  9.7629E+00  4.0260E+00
  7.9763E+00  9.5707E+00  4.2818E+00
  7.7419E+00  9.5420E+00  4.2825E+00
  7.5544E+00  9.6086E+00  4.2213E+00
  7.4852E+00  9.5928E+00  4.2057E+00
  7.3705E+00  9.7550E+00  4.0613E+00
  7.1454E+00  9.9783E+00  3.7965E+00
  6.9952E+00  1.0197E+01  3.4538E+00
  7.1540E+00  1.0250E+01  3.0483E+00
  7.0806E+00  9.9853E+00  2.7201E+00
  7.0796E+00  9.7125E+00  2.5949E+00
  7.0230E+00  9.5441E+00  2.5419E+00
  7.0694E+00  9.2440E+00  2.4078E+00
  7.1860E+00  8.9931E+00  2.0888E+00
  7.0717E+00  8.9125E+00  2.1142E+00
  7.0265E+00  8.7831E+00  1.9671E+00
  6.8252E+00  8.8471E+00  2.0343E+00
  6.8776E+00  8.7453E+00  2.1748E+00
  6.8222E+00  8.9038E+00  2.1072E+00
  6.7251E+00  9.0929E+00  2.3340E+00
  7.0271E+00  9.0710E+00  2.6355E+00
  7.0481E+00  9.0304E+00  2.8369E+00
  6.9907E+00  8.9479E+00  2.9173E+00
  7.1273E+00  8.7704E+00  3.0277E+00
  7.2235E+00  8.7050E+00  3.2396E+00
  7.4413E+00  8.5784E+00  3.4010E+00
  7.7347E+00  8.6611E+00  3.4422E+00
  7.8439E+00  8.5888E+00  3.3818E+00
  7.8015E+00  8.3908E+00  3.2590E+00
  7.9982E+00  8.3158E+00  3.0804E+00
  7.9406E+00  8.2538E+00  3.2473E+00
  8.0172E+00  8.3590E+00  3.3576E+00
  7.9823E+00  8.3636E+00  3.4528E+00
  7.9670E+00  8.1199E+00  3.4112E+00
  8.0727E+00  8.2430E+00  3.2763E+00
  8.2073E+00  8.2738E+00  3.0775E+00
  8.4662E+00  8.1777E+00  2.9037E+00
  8.7318E+00  7.9506E+00  3.0692E+00
  8.8443E+00  8.0493E+00  3.4475E+00
  9.0865E+00  8.3525E+00  3.6692E+00
  9.2883E+00  8.3696E+00  3.9145E+00
  9.3860E+00  8.2239E+00  4.1087E+00
  9.6292E+00  8.2468E+00  4.1456E+00
  9.7286E+00  8.0366E+00  4.2273E+00
  9.9812E+00  7.9478E+00  4.1558E+00
  1.0188E+01  7.8445E+00  4.3495E+00
  1.0303E+01  7.9011E+00  4.4631E+00
  1.0350E+01  7.8895E+00  4.3952E+00
  1.0331E+01  7.8750E+00  4.4938E+00
  1.0375E+01  8.0279E+00  4.5645E+00
  1.0354E+01  8.1688E+00  4.3665E+00
  1.0174E+01  8.1046E+00  4.2971E+00
  1.0006E+01  8.0966E+00  4.3464E+00
  9.9235E+00  8.2456E+00  4.3484E+00
  9.7790E+00  8.1611E+00  4.3629E+00
  9.6609E+00  8.0264E+00  4.3279E+00
  9.4890E+00  7.8705E+00  4.5012E+00
