  1.1981E+01  1.1649E+01  1.7438E-01
  1.2306E+01  1.1504E+01  1.9829E-01
  1.2555E+01  1.1658E+01  3.7235E-01
 -1.2315E+01  1.1786E+01  5.6783E-01
 -1.2047E+01  1.1659E+01  6.1024E-01
 -1.2098E+01  1.1619E+01  7.6636E-01
 -1.2115E+01  1.1607E+01  9.3719E-01
 -1.1904E+01  1.1570E+01  1.1008E+00
 -1.1863E+01  1.1507E+01  1.1729E+00
 -1.2034E+01  1.1376E+01  1.1785E+00
 -1.2175E+01  1.1136E+01  1.1570E+00
 -1.2134E+01  1.0906E+01  1.2491E+00
 -1.1975E+01  1.0811E+01  1.3982E+00
 -1.2023E+01  1.0763E+01  1.5026E+00
 -1.2197E+01  1.0579E+01  1.4709E+00
 -1.2348E+01  1.0438E+01  1.4347E+00
 -1.2326E+01  1.0547E+01  1.4637E+00
 -1.2385E+01  1.0547E+01  1.4879E+00
 -1.2456E+01  1.0566E+01  1.5211E+00
 -1.2556E+01  1.0569E+01  1.4996E+00
 -1.2598E+01  1.0726E+01  1.5769E+00
  1.2567E+01  1.0878E+01  1.6934E+00
  1.2423E+01  1.1050E+01  1.8212E+00
  1.2276E+01  1.1191E+01  1.9838E+00
  1.2133E+01  1.1294E+01  2.1743E+00
  1.2050E+01  1.1370E+01  2.4567E+00
  1.1802E+01  1.1514E+01  2.6102E+00
  1.1487E+01  1.1601E+01  2.7352E+00
  1.1360E+01  1.1788E+01  3.0884E+00
  1.1296E+01  1.2034E+01  3.5339E+00
  1.1255E+01  1.2219E+01  3.8469E+00
  1.1135E+01  1.2386E+01  4.1283E+00
  1.1012E+01 -1.2595E+01  4.2858E+00
  1.0920E+01 -1.2338E+01  4.3756E+00
  1.0864E+01 -1.2078E+01  4.4086E+00
  1.0833E+01 -1.1880E+01  4.2972E+00
  1.0810E+01 -1.1615E+01  4.0082E+00
  1.0768E+01 -1.1362E+01  3.7933E+00
  1.0774E+01 -1.1122E+01  3.8555E+00
  1.0761E+01 -1.0929E+01  3.7753E+00
  1.0675E+01 -1.0852E+01  3.5327E+00
  1.0605E+01 -1.0851E+01  3.1825E+00
  1.0640E+01 -1.0771E+01  2.9517E+00
  1.0643E+01 -1.0677E+01  2.7509E+00
  1.0661E+01 -1.0593E+01  2.6247E+00
  1.0598E+01 -1.0622E+01  2.4194E+00
  1.0495E+01 -1.0801E+01  2.1414E+00
  1.0422E+01 -1.1028E+01  1.8523E+00
  1.0396E+01 -1.1254E+01  1.5192E+00
  1.0154E+01 -1.1187E+01  1.5131E+00
  9.8360E+00 -1.1158E+01  1.5797E+00
  9.5711E+00 -1.1165E+01  1.6853E+00
  9.4879E+00 -1.1201E+01  1.6968E+00
  9.4891E+00 -1.1327E+01  1.5891E+00
  9.4749E+00 -1.1329E+01  1.5863E+00
  9.3507E+00 -1.1168E+01  1.8991E+00
  9.2170E+00 -1.1211E+01  2.1560E+00
  9.1774E+00 -1.1176E+01  2.3399E+00
  9.2161E+00 -1.1219E+01  2.4438E+00
  9.2502E+00 -1.1436E+01  2.4150E+00
  9.3807E+00 -1.1684E+01  2.2312E+00
  9.4347E+00 -1.1813E+01  2.3216E+00
  9.4402E+00 -1.1874E+01  2.6042E+00
  9.4102E+00 -1.2013E+01  2.7164E+00
  9.3402E+00 -1.2249E+01  2.6031E+00
  9.0126E+00 -1.2540E+01  2.3729E+00
  8.7431E+00 -1.2483E+01  2.4674E+00
  8.3993E+00 -1.2353E+01  2.4620E+00
  8.0643E+00 -1.2288E+01  2.4734E+00
  7.9447E+00 -1.2060E+01  2.7558E+00
  7.7478E+00 -1.1865E+01  2.7880E+00
  7.5835E+00 -1.1726E+01  2.7679E+00
  7.3891E+00 -1.1575E+01  2.7120E+00
  7.2164E+00 -1.1333E+01  2.6485E+00
  7.0713E+00 -1.0949E+01  2.5764E+00
  6.8630E+00 -1.0620E+01  2.5045E+00
  6.5558E+00 -1.0431E+01  2.5400E+00
  6.4959E+00 -1.0117E+01  2.4698E+00
  6.4596E+00 -9.9666E+00  2.3549E+00
  6.3703E+00 -9.9214E+00  2.2332E+00
  6.2088E+00 -9.9667E+00  2.1039E+00
  6.1978E+00 -9.8995E+00  1.9449E+00
  6.2910E+00 -1.0014E+01  1.7306E+00
  6.3641E+00 -1.0303E+01  1.4204E+00
  6.2367E+00 -1.0590E+01  9.6495E-01
  6.2226E+00 -1.0860E+01  6.8379E-01
  6.1130E+00 -1.1235E+01  8.4590E-01
  6.1106E+00 -1.1426E+01  1.2218E+00
  6.1373E+00 -1.1337E+01  1.4685E+00
  5.9912E+00 -1.1162E+01  1.5649E+00
  5.9446E+00 -1.1178E+01  1.7547E+00
  6.0280E+00 -1.1377E+01  1.8520E+00
  5.9125E+00 -1.1569E+01  1.8904E+00
  5.7239E+00 -1.1743E+01  1.9083E+00
  5.6441E+00 -1.1772E+01  2.1282E+00
  5.5542E+00 -1.1768E+01  2.3295E+00
  5.5931E+00 -1.1854E+01  2.3351E+00
  5.5873E+00 -1.1857E+01  2.5212E+00
  5.5589E+00 -1.1841E+01  2.6914E+00
  5.4596E+00 -1.1858E+01  2.8465E+00
  5.3961E+00 -1.1905E+01  2.8584E+00
  5.4081E+00 -1.1937E+01  2.7278E+00
  5.5363E+00 -1.1974E+01  2.4831E+00
  5.7957E+00 -1.1991E+01  2.1339E+00
  5.4962E+00 -1.2194E+01  1.9300E+00
  5.3171E+00 -1.2416E+01  1.7299E+00
  5.3936E+00 -1.2505E+01  1.4654E+00
  5.7668E+00 -1.2449E+01  1.2544E+00
  5.7470E+00 -1.2542E+01  1.1739E+00
  5.4980E+00  1.2525E+01  1.1739E+00
  5.5553E+00  1.2492E+01  1.1552E+00
  5.7170E+00  1.2426E+01  1.1555E+00
  5.4996E+00  1.2110E+01  1.2093E+00
  5.3244E+00  1.2172E+01  1.3036E+00
  5.0492E+00  1.2058E+01  1.4280E+00
  4.9002E+00  1.1793E+01  1.5584E+00
  4.8440E+00  1.1515E+01  1.3863E+00
  4.9442E+00  1.1380E+01  1.2648E+00
  5.2927E+00  1.1313E+01  1.1673E+00
  5.3446E+00  1.1182E+01  1.1007E+00
  5.2737E+00  1.1235E+01  1.2246E+00
  5.4360E+00  1.1190E+01  1.6785E+00
  5.6836E+00  1.1302E+01  1.8454E+00
  5.8747E+00  1.1540E+01  1.7372E+00
  6.0937E+00  1.1698E+01  1.9210E+00
  6.2669E+00  1.2120E+01  2.0014E+00
  6.2556E+00  1.2427E+01  1.8830E+00
  6.2003E+00 -1.2500E+01  1.6443E+00
  6.0717E+00 -1.2054E+01  1.4988E+00
  6.2140E+00 -1.1829E+01  1.6727E+00
  6.3735E+00 -1.1784E+01  1.6102E+00
  6.5155E+00 -1.1970E+01  1.5479E+00
  6.7441E+00 -1.2392E+01  1.3440E+00
  6.8624E+00  1.2447E+01  1.0171E+00
  6.8501E+00  1.2459E+01  8.6373E-01
  6.8986E+00  1.2374E+01  6.8570E-01
  6.8499E+00  1.2324E+01  5.6682E-01
  6.7319E+00  1.2581E+01  4.5069E-01
  6.7947E+00 -1.2519E+01  4.0681E-01
  6.7114E+00 -1.2549E+01  6.4384E-01
  6.7311E+00 -1.2571E+01  7.6212E-01
  6.8264E+00  1.2493E+01  6.3870E-01
  7.0031E+00  1.2250E+01  4.2189E-01
  7.3160E+00  1.2035E+01  2.6896E-01
  7.7989E+00  1.1792E+01  1.5794E-01
  8.2302E+00  1.1534E+01  2.3652E-01
  8.6583E+00  1.1428E+01  2.9615E-01
  9.0256E+00  1.1554E+01 -2.0453E-02
  9.4797E+00  1.1543E+01 -2.6696E-01
  9.8092E+00  1.1364E+01 -5.3863E-01
  1.0051E+01  1.1155E+01 -7.2292E-01
  1.0482E+01  1.1047E+01 -8.5079E-01
  1.0667E+01  1.0957E+01 -8.8475E-01
  1.0548E+01  1.0841E+01 -1.0025E+00
  1.0374E+01  1.0940E+01 -1.1293E+00
  1.0376E+01  1.1033E+01 -1.0364E+00
  1.0334E+01  1.1118E+01 -5.8079E-01
  1.0239E+01  1.1310E+01 -5.0724E-01
  1.0150E+01  1.1473E+01 -6.4166E-01
  1.0224E+01  1.1395E+01 -5.4324E-01
  1.0294E+01  1.1305E+01 -5.6214E-01
  1.0201E+01  1.1333E+01 -3.7866E-01
  1.0121E+01  1.1475E+01 -6.5393E-02
  9.9787E+00  1.1742E+01 -7.3063E-02
  9.7611E+00  1.1877E+01 -2.3088E-01
  9.7523E+00  1.1963E+01 -1.8190E-02
  9.8233E+00  1.1930E+01  3.3478E-01
  9.8131E+00  1.1936E+01  4.7224E-01
  9.8040E+00  1.2125E+01  3.4212E-01
  9.6923E+00  1.2154E+01  1.2173E-01
  9.5410E+00  1.2263E+01 -1.5032E-01
  9.5318E+00  1.2416E+01 -4.1105E-01
  9.6555E+00  1.2478E+01 -3.9638E-01
  9.6882E+00  1.2490E+01 -3.1439E-01
  9.6919E+00  1.2423E+01 -3.1519E-01
  9.8272E+00  1.2460E+01 -3.8550E-02
  1.0137E+01  1.2420E+01  2.4219E-01
  1.0460E+01  1.2386E+01  4.4803E-01
  1.0702E+01  1.2272E+01  6.9672E-01
  1.0833E+01  1.2117E+01  1.0016E+00
  1.0907E+01  1.1978E+01  1.2922E+00
  1.0931E+01  1.1861E+01  1.4672E+00
  1.0925E+01  1.1578E+01  1.6167E+00
  1.0908E+01  1.1410E+01  1.8068E+00
  1.1063E+01  1.1233E+01  1.9630E+00
  1.1046E+01  1.0869E+01  1.9269E+00
  1.0900E+01  1.0311E+01  1.8695E+00
  1.0753E+01  1.0199E+01  1.8436E+00
  1.0674E+01  1.0250E+01  1.9235E+00
  1.0666E+01  1.0098E+01  1.9577E+00
  1.0653E+01  9.8704E+00  1.9768E+00
  1.0459E+01  9.7224E+00  2.0544E+00
  1.0280E+01  9.6858E+00  2.1551E+00
  1.0252E+01  9.5637E+00  2.3030E+00
  1.0517E+01  9.5378E+00  2.3824E+00
  1.0345E+01  9.3988E+00  2.8302E+00
  1.0535E+01  9.2143E+00  2.9838E+00
  1.0590E+01  9.1601E+00  3.0427E+00
  1.0625E+01  9.0824E+00  3.0678E+00
  1.0616E+01  9.1162E+00  3.0928E+00
  1.0646E+01  9.2641E+00  3.0989E+00
  1.0486E+01  9.4875E+00  2.9331E+00
  1.0199E+01  9.7470E+00  2.7508E+00
  9.8841E+00  1.0041E+01  2.7133E+00
  9.4537E+00  1.0124E+01  2.6103E+00
  9.0048E+00  9.9535E+00  2.5640E+00
  8.7526E+00  9.9171E+00  2.5262E+00
  8.6861E+00  9.6982E+00  2.8363E+00
  8.7275E+00  9.5771E+00  3.3771E+00
  8.8729E+00  9.4018E+00  3.5466E+00
  9.1778E+00  9.4039E+00  3.2510E+00
  9.3323E+00  9.4851E+00  3.0977E+00
  9.2996E+00  9.3768E+00  3.0156E+00
  9.4250E+00  9.4048E+00  2.6383E+00
  9.4931E+00  9.3309E+00  2.4658E+00
  9.3800E+00  9.0536E+00  2.1430E+00
  9.2379E+00  8.9141E+00  2.0309E+00
  9.0546E+00  8.8482E+00  1.9034E+00
  8.9456E+00  8.7592E+00  2.2141E+00
  8.9523E+00  8.5982E+00  2.5106E+00
  8.7744E+00  8.3906E+00  2.8197E+00
  8.7945E+00  8.3557E+00  3.1728E+00
  8.8493E+00  8.2380E+00  3.5675E+00
  8.8030E+00  7.9821E+00  3.7255E+00
  8.4875E+00  7.7653E+00  3.8962E+00
  8.2187E+00  7.7461E+00  4.0481E+00
  7.9381E+00  7.7773E+00  4.0811E+00
  7.5759E+00  7.8925E+00  3.9769E+00
  7.1936E+00  8.1260E+00  3.8299E+00
  6.8180E+00  8.0137E+00  3.7195E+00
  6.5081E+00  7.8302E+00  3.5657E+00
  6.3234E+00  7.7596E+00  3.3949E+00
  6.2823E+00  7.7805E+00  3.2790E+00
  6.5138E+00  7.8578E+00  3.2489E+00
  6.7785E+00  7.7623E+00  3.2644E+00
  6.9253E+00  7.8328E+00  3.2978E+00
  7.2477E+00  7.8931E+00  3.3341E+00
  7.4301E+00  7.9167E+00  3.3064E+00
  7.5615E+00  7.8474E+00  3.4680E+00
  7.6272E+00  7.6298E+00  3.3837E+00
  7.5198E+00  7.5829E+00  3.1840E+00
  7.6413E+00  7.2770E+00  3.2238E+00
  7.5487E+00  7.0949E+00  3.4770E+00
  7.2915E+00  7.0067E+00  3.4928E+00
  7.1082E+00  7.0191E+00  3.3773E+00
  6.9481E+00  6.9424E+00  3.4494E+00
  6.8382E+00  6.5892E+00  3.6199E+00
  6.9249E+00  6.3762E+00  3.9084E+00
  7.0384E+00  6.3239E+00  4.1640E+00
  7.1540E+00  6.1972E+00  4.1955E+00
  7.2047E+00  6.3154E+00  4.3469E+00
  7.4634E+00  6.4365E+00  4.4502E+00
  7.6010E+00  6.4021E+00  4.5554E+00
  7.6870E+00  6.4049E+00  4.3568E+00
  7.8382E+00  6.5007E+00  4.0030E+00
  8.0504E+00  6.6151E+00  3.6913E+00
  8.1981E+00  6.5612E+00  3.7174E+00
  8.2125E+00  6.6873E+00  3.6735E+00
  7.9980E+00  6.4973E+00  3.8530E+00
  7.9006E+00  6.5993E+00  4.0215E+00
  7.9076E+00  6.7444E+00  4.0804E+00
  7.7920E+00  6.5577E+00  4.0865E+00
  7.7078E+00  6.7520E+00  4.1672E+00
  7.6579E+00  6.8554E+00  4.2589E+00
  7.6837E+00  6.5809E+00  4.4129E+00
  7.7760E+00  6.5470E+00  4.4651E+00
  7.8720E+00  6.7114E+00  4.4139E+00
  7.9342E+00  7.0551E+00  4.4182E+00
  8.1612E+00  7.0456E+00  4.4163E+00
  8.5602E+00  6.9775E+00  4.3463E+00
  8.8283E+00  7.0815E+00  4.4123E+00
  9.0903E+00  7.2214E+00  4.4137E+00
  9.3990E+00  7.3482E+00  4.5133E+00
  9.6941E+00  7.6520E+00  4.5287E+00
  1.0004E+01  7.6720E+00  4.4167E+00
  1.0097E+01  7.5876E+00  4.0848E+00
  1.0128E+01  7.8826E+00  3.9396E+00
  1.0143E+01  8.0775E+00  3.5684E+00
  1.0247E+01  8.0322E+00  2.9758E+00
  1.0177E+01  7.7522E+00  2.4752E+00
  9.8245E+00  7.8788E+00  2.1951E+00
  9.5800E+00  7.8864E+00  1.9024E+00
  9.3982E+00  7.7186E+00  1.6762E+00
  9.0094E+00  7.7032E+00  1.9410E+00
  8.6271E+00  7.6775E+00  2.1197E+00
  8.5814E+00  7.4302E+00  1.8652E+00
  8.7437E+00  7.0839E+00  1.4608E+00
  8.8020E+00  6.6340E+00  1.8081E+00
  8.8053E+00  6.2760E+00  2.0952E+00
  8.6830E+00  5.9123E+00  2.3150E+00
  8.5113E+00  5.5311E+00  2.5067E+00
  8.3222E+00  5.1207E+00  2.6760E+00
  8.2144E+00  4.7675E+00  2.7831E+00
  8.0851E+00  4.4507E+00  2.7022E+00
  8.0956E+00  4.2397E+00  2.4148E+00
  8.2368E+00  4.2064E+00  2.1390E+00
  8.2853E+00  4.0660E+00  2.1519E+00
  8.2619E+00  4.1000E+00  2.1389E+00
  8.2866E+00  4.3642E+00  1.9953E+00
  8.1739E+00  4.5836E+00  1.8719E+00
  8.0780E+00  4.7485E+00  1.9250E+00
  7.9066E+00  4.9111E+00  2.3188E+00
  7.8483E+00  5.2593E+00  2.5630E+00
  7.9168E+00  5.1404E+00  2.3615E+00
  8.0072E+00  5.0392E+00  2.3885E+00
  8.3305E+00  4.9248E+00  2.5767E+00
  8.5691E+00  4.9037E+00  2.6125E+00
  8.6407E+00  5.1134E+00  2.5454E+00
  8.6065E+00  5.1287E+00  2.6807E+00
  8.3955E+00  4.9629E+00  2.9761E+00
  8.1999E+00  4.9500E+00  3.0929E+00
  8.2471E+00  5.0000E+00  3.0647E+00
  8.2494E+00  4.9999E+00  3.0620E+00
  8.1589E+00  4.9506E+00  3.1644E+00
  8.2536E+00  5.0467E+00  3.2779E+00
  8.3984E+00  5.0906E+00  3.2573E+00
  8.4915E+00  4.9536E+00  3.4428E+00
  8.6775E+00  4.9035E+00  3.6811E+00
  8.7594E+00  5.0319E+00  3.7859E+00
  8.7519E+00  5.1279E+00  3.9287E+00
  8.9035E+00  5.0946E+00  4.1316E+00
  9.0719E+00  4.9651E+00  4.0209E+00
  9.1181E+00  4.7663E+00  3.7903E+00
  9.2856E+00  4.6476E+00  3.6960E+00
  9.4721E+00  4.5291E+00  3.6118E+00
  9.4746E+00  4.2502E+00  3.3679E+00
  9.4823E+00  4.0996E+00  2.9085E+00
  9.7481E+00  3.9337E+00  2.7157E+00
  9.9370E+00  3.5907E+00  2.5998E+00
  9.9857E+00  3.4371E+00  2.2238E+00
  9.9214E+00  3.4137E+00  1.7791E+00
  9.6900E+00  3.3482E+00  1.4258E+00
  9.3801E+00  3.3880E+00  1.0900E+00
  9.0597E+00  3.6836E+00  8.0119E-01
  8.6168E+00  3.9221E+00  6.7929E-01
  8.2856E+00  4.0290E+00  6.9691E-01
  8.0335E+00  4.2948E+00  6.5009E-01
  7.7558E+00  4.3453E+00  7.4373E-01
  7.8828E+00  4.2627E+00  9.7963E-01
  8.1520E+00  4.3250E+00  1.0729E+00
  8.3672E+00  4.5319E+00  1.0591E+00
  8.5343E+00  4.9192E+00  1.1135E+00
  8.5814E+00  5.0593E+00  1.1328E+00
  8.7561E+00  5.1167E+00  1.2885E+00
  8.7660E+00  5.2554E+00  1.4143E+00
  8.6988E+00  5.4014E+00  1.4298E+00
  8.8285E+00  5.3177E+00  1.2743E+00
  8.8596E+00  5.2474E+00  1.2014E+00
  8.5324E+00  5.2233E+00  1.2407E+00
  8.3616E+00  4.9820E+00  1.0064E+00
  8.1703E+00  4.9663E+00  7.6986E-01
  8.1339E+00  5.3254E+00  9.9035E-01
  8.2902E+00  5.4156E+00  8.0070E-01
  8.3814E+00  5.5286E+00  5.7922E-01
  8.4188E+00  5.6305E+00  5.6893E-01
  8.3096E+00  5.6503E+00  7.9293E-01
  8.3073E+00  5.5484E+00  8.0804E-01
  8.4673E+00  5.5262E+00  6.9989E-01
  8.4980E+00  5.6142E+00  5.7306E-01
  8.3096E+00  5.7171E+00  5.1894E-01
  8.3238E+00  5.7501E+00  6.5064E-01
  8.4568E+00  5.5792E+00  5.3958E-01
  8.6074E+00  5.4467E+00  2.7937E-01
  8.6050E+00  5.3399E+00  1.8116E-01
  8.4725E+00  5.2531E+00  1.8323E-01
  8.4839E+00  5.3585E+00  3.1450E-01
  8.5754E+00  5.3710E+00  5.8150E-01
  8.6952E+00  5.2737E+00  8.9010E-01
  8.8245E+00  5.0185E+00  1.1514E+00
  9.1819E+00  4.7948E+00  1.3160E+00
  9.4863E+00  4.8088E+00  1.6806E+00
  9.6781E+00  4.7974E+00  1.9611E+00
  9.7588E+00  4.7365E+00  2.1214E+00
  9.7844E+00  4.5620E+00  2.3223E+00
  9.7536E+00  4.3085E+00  2.4755E+00
  9.7716E+00  4.0514E+00  2.7540E+00
  9.8233E+00  3.7044E+00  3.0509E+00
  9.8506E+00  3.4575E+00  3.2085E+00
  9.9117E+00  3.3961E+00  3.3041E+00
  9.9955E+00  3.4242E+00  3.2061E+00
  9.9632E+00  3.4823E+00  3.1669E+00
  9.8270E+00  3.6293E+00  3.0165E+00
  9.7725E+00  3.7830E+00  2.8253E+00
  9.7782E+00  3.6622E+00  2.7614E+00
  9.7632E+00  3.4748E+00  3.0002E+00
  9.7218E+00  3.6768E+00  3.1676E+00
  9.6089E+00  3.8027E+00  3.0514E+00
  9.4832E+00  3.9898E+00  2.8204E+00
  9.3815E+00  4.1940E+00  2.9338E+00
  9.2461E+00  4.4252E+00  2.8463E+00
  9.3963E+00  4.2827E+00  2.7030E+00
  9.6059E+00  4.1712E+00  2.6787E+00
  9.7488E+00  4.1464E+00  2.5208E+00
  9.8945E+00  4.0783E+00  2.2076E+00
  9.9226E+00  4.1633E+00  1.9781E+00
  9.8661E+00  4.3251E+00  1.8218E+00
  9.8006E+00  4.3755E+00  1.3982E+00
  9.6856E+00  4.3032E+00  1.2175E+00
  9.6177E+00  4.4216E+00  1.3772E+00
  9.4183E+00  4.4884E+00  1.5797E+00
