  1.1866E+01 -1.0483E+01  1.7046E-01
  1.2002E+01 -1.0522E+01  1.9263E-01
  1.2081E+01 -1.0749E+01  5.5577E-02
  1.2078E+01 -1.0902E+01 -5.0475E-02
  1.1887E+01 -1.0909E+01 -7.3194E-02
  1.1769E+01 -1.0889E+01 -1.8592E-01
  1.1607E+01 -1.0895E+01 -2.5250E-01
  1.1288E+01 -1.1069E+01 -2.2904E-01
  1.0944E+01 -1.1275E+01 -2.1746E-01
  1.0760E+01 -1.1243E+01 -2.7984E-01
  1.0619E+01 -1.1338E+01 -3.2944E-01
  1.0464E+01 -1.1316E+01 -3.3562E-01
  1.0437E+01 -1.1272E+01 -4.2424E-01
  1.0338E+01 -1.1055E+01 -5.1529E-01
  1.0228E+01 -1.0875E+01 -5.9403E-01
  1.0208E+01 -1.0795E+01 -7.1608E-01
  1.0085E+01 -1.0744E+01 -8.2667E-01
  9.9603E+00 -1.0749E+01 -9.1257E-01
  9.9850E+00 -1.0826E+01 -9.9841E-01
  9.9186E+00 -1.0880E+01 -1.0594E+00
  9.9622E+00 -1.1001E+01 -1.0581E+00
  1.0132E+01 -1.1011E+01 -1.0090E+00
  1.0290E+01 -1.1027E+01 -1.0041E+00
  1.0492E+01 -1.1193E+01 -1.0440E+00
  1.0679E+01 -1.1036E+01 -9.7222E-01
  1.0905E+01 -1.0948E+01 -9.2357E-01
  1.1113E+01 -1.1067E+01 -8.4846E-01
  1.1318E+01 -1.1323E+01 -6.0945E-01
  1.1404E+01 -1.1445E+01 -2.9528E-01
  1.1472E+01 -1.1190E+01 -1.5916E-02
  1.1513E+01 -1.1038E+01  2.0622E-01
  1.1497E+01 -1.0995E+01  2.2778E-01
  1.1354E+01 -1.1108E+01  1.8965E-01
  1.1185E+01 -1.1310E+01  3.4536E-01
  1.0993E+01 -1.1579E+01  5.5977E-01
  1.0860E+01 -1.1716E+01  8.1910E-01
  1.0716E+01 -1.1859E+01  1.0553E+00
  1.0492E+01 -1.2044E+01  1.2393E+00
  1.0242E+01 -1.2232E+01  9.0281E-01
  9.8131E+00 -1.2376E+01  9.8621E-01
  9.4546E+00 -1.2378E+01  1.2636E+00
  9.1006E+00 -1.2312E+01  1.5263E+00
  8.6807E+00 -1.2270E+01  1.6056E+00
  8.6605E+00 -1.2325E+01  1.7951E+00
  8.5894E+00 -1.2370E+01  1.8257E+00
  8.5146E+00 -1.2469E+01  1.8296E+00
  8.4403E+00 -1.2509E+01  1.6958E+00
  8.2732E+00  1.2505E+01  1.4036E+00
  8.0962E+00  1.2265E+01  1.1643E+00
  7.9521E+00  1.2093E+01  1.3992E+00
  7.8877E+00  1.2067E+01  1.6465E+00
  7.8403E+00  1.1969E+01  1.6467E+00
  7.7817E+00  1.1825E+01  1.6590E+00
  7.8886E+00  1.1697E+01  1.8950E+00
  7.9090E+00  1.1586E+01  1.9058E+00
  7.8770E+00  1.1558E+01  1.9146E+00
  7.7669E+00  1.1725E+01  2.0204E+00
  7.6299E+00  1.1745E+01  2.0086E+00
  7.5022E+00  1.1724E+01  2.1284E+00
  7.4172E+00  1.1808E+01  2.3535E+00
  7.1229E+00  1.1891E+01  2.4797E+00
  6.9793E+00  1.1942E+01  2.5648E+00
  7.0119E+00  1.2027E+01  2.8147E+00
  6.8790E+00  1.2191E+01  2.9474E+00
  6.6125E+00  1.2398E+01  3.1703E+00
  6.5333E+00 -1.2570E+01  3.5622E+00
  6.3657E+00 -1.2454E+01  3.8413E+00
  6.0813E+00 -1.2377E+01  3.9060E+00
  5.7612E+00 -1.2255E+01  3.9376E+00
  5.5403E+00 -1.2117E+01  4.1424E+00
  5.3297E+00 -1.2190E+01  4.1739E+00
  5.1223E+00 -1.2340E+01  3.9174E+00
  4.9868E+00 -1.2328E+01  3.8422E+00
  4.8722E+00 -1.2402E+01  3.6772E+00
  4.7436E+00 -1.2519E+01  3.4745E+00
  4.6928E+00 -1.2438E+01  3.2949E+00
  4.7973E+00 -1.2299E+01  2.9476E+00
  4.7034E+00 -1.2363E+01  2.6193E+00
  4.6945E+00 -1.2479E+01  2.2686E+00
  4.6832E+00 -1.2267E+01  1.9507E+00
  4.6749E+00 -1.2114E+01  1.7169E+00
  4.4926E+00 -1.2292E+01  1.3691E+00
  4.3015E+00  1.2590E+01  9.8034E-01
  4.2481E+00  1.2226E+01  5.1937E-01
  4.3582E+00  1.1947E+01  1.9379E-01
  4.1852E+00  1.1784E+01  4.7398E-01
  4.2825E+00  1.1875E+01  6.0895E-01
  4.4104E+00  1.1738E+01  5.7584E-01
  4.5794E+00  1.1137E+01  4.4297E-01
  4.8421E+00  1.0863E+01  2.5564E-01
  4.8470E+00  1.1114E+01 -1.8502E-01
  4.8960E+00  1.1227E+01 -1.8146E-01
  4.9776E+00  1.1320E+01  3.1131E-01
  4.6940E+00  1.1371E+01  5.6530E-01
  4.3525E+00  1.1021E+01  5.1465E-01
  4.3085E+00  1.1290E+01  4.7130E-01
  4.4742E+00  1.1638E+01  5.0702E-01
  4.3926E+00  1.1635E+01  3.3069E-01
  4.1282E+00  1.1428E+01 -7.5930E-02
  3.9760E+00  1.1113E+01 -2.4954E-01
  3.8206E+00  1.1177E+01 -2.8262E-01
  3.8582E+00  1.1392E+01 -3.5566E-01
  3.7993E+00  1.1377E+01 -3.3552E-01
  3.5473E+00  1.1195E+01 -2.1087E-01
  3.5363E+00  1.1266E+01 -3.0335E-01
  3.5157E+00  1.1402E+01 -3.5613E-01
  3.3032E+00  1.1479E+01 -3.9624E-01
  3.0272E+00  1.1336E+01 -4.6073E-01
  2.8952E+00  1.1106E+01 -4.1477E-01
  2.9607E+00  1.1002E+01 -2.2685E-01
  2.9991E+00  1.0872E+01 -4.3522E-01
  3.1161E+00  1.0782E+01 -5.6346E-01
  3.1064E+00  1.0846E+01 -5.9401E-01
  2.8734E+00  1.0790E+01 -7.1477E-01
  2.8247E+00  1.0950E+01 -7.1095E-01
  2.9022E+00  1.1065E+01 -6.4186E-01
  2.8890E+00  1.1134E+01 -4.9876E-01
  2.9203E+00  1.1274E+01 -6.7648E-01
  3.1024E+00  1.1163E+01 -9.1441E-01
  3.3125E+00  1.0972E+01 -8.7216E-01
  3.3166E+00  1.0548E+01 -7.9558E-01
  3.0996E+00  1.0479E+01 -8.9609E-01
  3.2606E+00  1.0324E+01 -1.0203E+00
  3.5865E+00  1.0075E+01 -1.0088E+00
  3.7473E+00  1.0018E+01 -7.7407E-01
  3.9333E+00  1.0039E+01 -7.1807E-01
  4.0981E+00  9.9427E+00 -5.4286E-01
  4.3020E+00  9.8223E+00 -2.2078E-01
  4.7330E+00  9.8767E+00 -2.3726E-02
  4.8814E+00  1.0025E+01  2.3784E-01
  4.9258E+00  1.0344E+01  2.2775E-01
  4.8390E+00  1.0340E+01  3.9376E-01
  4.6011E+00  1.0206E+01  4.4040E-01
  4.3319E+00  1.0281E+01  7.4116E-02
  4.1290E+00  1.0108E+01 -3.9969E-04
  4.0648E+00  1.0011E+01 -4.7429E-02
  3.9908E+00  1.0053E+01 -5.8360E-02
  4.0480E+00  1.0087E+01  9.5039E-02
  4.3024E+00  1.0152E+01  2.1483E-01
  4.2247E+00  1.0322E+01  4.2829E-01
  4.4179E+00  1.0524E+01  6.9117E-01
  4.6006E+00  1.0612E+01  7.7097E-01
  4.5199E+00  1.0650E+01  8.2792E-01
  4.4884E+00  1.0497E+01  6.9120E-01
  4.3755E+00  1.0403E+01  4.8362E-01
  4.4147E+00  1.0286E+01  3.4534E-01
  4.4918E+00  1.0216E+01  2.6537E-01
  4.4889E+00  1.0120E+01  1.0788E-01
  4.3929E+00  1.0022E+01 -1.5961E-01
  4.4131E+00  9.7032E+00 -3.4653E-01
  4.4899E+00  9.5127E+00 -5.4668E-01
  4.4803E+00  9.3686E+00 -6.1661E-01
  4.3119E+00  9.4038E+00 -4.3175E-01
  4.2593E+00  9.5675E+00 -3.8712E-01
  4.4034E+00  9.7107E+00 -4.0196E-01
  4.4552E+00  9.7533E+00 -2.1771E-01
  4.5954E+00  9.7939E+00 -2.9378E-01
  4.7795E+00  9.7060E+00 -1.5411E-01
  4.9785E+00  9.5259E+00 -1.2346E-01
  5.3015E+00  9.3451E+00 -1.6688E-01
  5.3611E+00  9.3831E+00  4.6152E-02
  5.6776E+00  9.4270E+00  2.5906E-01
  5.9470E+00  9.3775E+00  6.3098E-01
  5.9995E+00  9.4614E+00  1.1464E+00
  6.0937E+00  9.6899E+00  1.1448E+00
  6.2219E+00  9.9724E+00  1.1848E+00
  6.1304E+00  1.0359E+01  1.3673E+00
  6.2505E+00  1.0472E+01  1.1519E+00
  6.3273E+00  1.0499E+01  9.4767E-01
  6.2325E+00  1.0679E+01  7.4771E-01
  6.5066E+00  1.0827E+01  5.6006E-01
  6.5492E+00  1.1149E+01  5.7331E-01
  6.6960E+00  1.1468E+01  6.6846E-01
  7.0052E+00  1.1631E+01  5.6065E-01
  7.1425E+00  1.1771E+01  4.6405E-01
  7.1944E+00  1.1710E+01  3.8542E-01
  7.5469E+00  1.1444E+01  4.0159E-01
  7.7369E+00  1.1277E+01  6.3917E-01
  7.6908E+00  1.1266E+01  7.6874E-01
  7.5736E+00  1.1149E+01  6.2055E-01
  7.7717E+00  1.1039E+01  5.9644E-01
  7.8222E+00  1.0918E+01  7.2654E-01
  7.7225E+00  1.0900E+01  7.4436E-01
  7.4825E+00  1.0934E+01  7.1578E-01
  7.3561E+00  1.0855E+01  6.3735E-01
  7.4253E+00  1.0867E+01  6.5781E-01
  7.3432E+00  1.0938E+01  6.8582E-01
  7.3732E+00  1.0883E+01  6.9016E-01
  7.6319E+00  1.0764E+01  5.3735E-01
  7.7292E+00  1.0664E+01  3.8739E-01
  7.6659E+00  1.0750E+01  4.0855E-01
  7.6723E+00  1.0587E+01  7.2357E-02
  7.5559E+00  1.0582E+01  1.3718E-01
  7.5194E+00  1.0653E+01  2.9448E-01
  7.5179E+00  1.0590E+01 -2.9386E-02
  7.4810E+00  1.0621E+01 -5.3078E-01
  7.4739E+00  1.0644E+01 -7.9675E-01
  7.4805E+00  1.0412E+01 -7.9205E-01
  7.4580E+00  1.0255E+01 -8.1406E-01
  7.3652E+00  1.0231E+01 -9.1410E-01
  7.1615E+00  1.0230E+01 -1.0825E+00
  6.9909E+00  1.0162E+01 -8.6778E-01
  6.8402E+00  1.0136E+01 -4.8024E-01
  6.8671E+00  9.7841E+00 -1.1762E-01
  6.8178E+00  9.4001E+00  3.0255E-01
  6.5398E+00  9.2898E+00  8.5225E-01
  6.3049E+00  9.1829E+00  1.2026E+00
  6.0436E+00  9.2945E+00  1.4139E+00
  5.7988E+00  9.2871E+00  1.6225E+00
  5.7905E+00  9.3758E+00  1.6795E+00
  5.8332E+00  9.3622E+00  1.9421E+00
  5.9202E+00  9.1693E+00  2.0335E+00
  5.9678E+00  9.2587E+00  2.0797E+00
  5.9066E+00  9.7005E+00  2.1111E+00
  5.9354E+00  1.0122E+01  2.1633E+00
  5.8965E+00  1.0385E+01  2.0845E+00
  5.9020E+00  1.0071E+01  2.0095E+00
  6.0919E+00  9.7934E+00  1.9866E+00
  6.2285E+00  9.5306E+00  1.9678E+00
  6.0160E+00  9.6954E+00  1.8847E+00
  5.8645E+00  9.7280E+00  1.8794E+00
  5.8013E+00  9.6972E+00  1.7473E+00
  5.7688E+00  9.6987E+00  1.6989E+00
  5.7086E+00  9.7783E+00  1.7253E+00
  5.7544E+00  9.8113E+00  1.5436E+00
  5.5821E+00  9.9641E+00  1.5814E+00
  5.2263E+00  1.0170E+01  1.6563E+00
  4.8424E+00  1.0339E+01  1.6335E+00
  4.6671E+00  1.0395E+01  1.7338E+00
  4.6844E+00  1.0589E+01  1.9252E+00
  4.9051E+00  1.0730E+01  2.1528E+00
  4.9905E+00  1.0780E+01  2.2625E+00
  5.1093E+00  1.0828E+01  2.3651E+00
  5.4450E+00  1.0869E+01  2.3762E+00
  5.8458E+00  1.0802E+01  2.1775E+00
  5.6931E+00  1.0412E+01  2.0568E+00
  5.7082E+00  1.0155E+01  2.1511E+00
  5.9243E+00  1.0010E+01  2.2785E+00
  6.0278E+00  9.9468E+00  2.1883E+00
  6.1501E+00  9.8513E+00  1.9488E+00
  6.3531E+00  9.4753E+00  1.8116E+00
  6.5053E+00  9.4027E+00  1.7168E+00
  6.6184E+00  9.5605E+00  1.7869E+00
  6.5789E+00  9.4561E+00  1.8033E+00
  6.3126E+00  9.1456E+00  1.8544E+00
  6.0367E+00  9.1571E+00  1.9632E+00
  5.6555E+00  9.3212E+00  2.0926E+00
  5.3801E+00  9.4857E+00  2.1493E+00
  5.1073E+00  9.5829E+00  2.2506E+00
  4.7989E+00  9.6976E+00  2.3280E+00
  4.7618E+00  9.7991E+00  2.6100E+00
  4.6701E+00  9.8247E+00  2.7740E+00
  4.5068E+00  9.7842E+00  2.6269E+00
  4.4248E+00  9.6384E+00  2.3940E+00
  4.2878E+00  9.4304E+00  2.2275E+00
  4.0980E+00  9.4452E+00  2.3933E+00
  4.0158E+00  9.4022E+00  2.3981E+00
  4.0954E+00  9.3864E+00  2.3968E+00
  4.1875E+00  9.4426E+00  2.5136E+00
  4.3081E+00  9.4380E+00  2.5190E+00
  4.2616E+00  9.2728E+00  2.3098E+00
  4.2268E+00  9.2218E+00  2.2789E+00
  4.2985E+00  9.3226E+00  2.3979E+00
  4.3867E+00  9.4530E+00  2.3188E+00
  4.2605E+00  9.4775E+00  2.0567E+00
  4.1947E+00  9.5527E+00  2.0017E+00
  4.1135E+00  9.6610E+00  1.9140E+00
  3.9779E+00  9.8208E+00  1.8284E+00
  4.0160E+00  1.0084E+01  1.8955E+00
  4.0092E+00  1.0144E+01  1.6235E+00
  3.8597E+00  1.0192E+01  1.4100E+00
  3.7872E+00  1.0154E+01  1.3907E+00
  3.7975E+00  9.9918E+00  1.0609E+00
  3.7264E+00  9.8362E+00  7.9575E-01
  3.5907E+00  9.8489E+00  7.0862E-01
  3.3031E+00  9.7844E+00  5.5284E-01
  3.0075E+00  9.7882E+00  6.9084E-01
  2.8907E+00  9.7881E+00  7.5358E-01
  2.9567E+00  9.7343E+00  4.5123E-01
  2.9659E+00  9.6030E+00  3.4734E-01
  2.9266E+00  9.5845E+00  4.2922E-01
  2.9106E+00  9.6274E+00  3.4682E-01
  2.7694E+00  9.6468E+00  2.7261E-01
  2.6904E+00  9.6283E+00  2.2407E-01
  2.7390E+00  9.5760E+00  5.2541E-02
  2.7552E+00  9.6188E+00 -2.2553E-02
  2.8283E+00  9.7410E+00 -2.1741E-03
  2.8400E+00  9.8077E+00 -5.1267E-02
  2.7845E+00  9.9804E+00 -1.1489E-01
  2.7895E+00  1.0218E+01 -1.2253E-01
  2.8977E+00  1.0324E+01 -1.4900E-01
  2.8947E+00  1.0364E+01 -2.5183E-01
  2.9443E+00  1.0453E+01 -2.4167E-01
  2.9946E+00  1.0575E+01 -7.6056E-02
  2.8877E+00  1.0421E+01 -1.9013E-01
  2.7963E+00  1.0281E+01 -2.0547E-01
  2.7402E+00  1.0215E+01 -5.3284E-02
  2.5583E+00  9.9127E+00 -8.1304E-02
  2.4974E+00  9.6637E+00  8.1827E-02
  2.4613E+00  9.4976E+00  2.4879E-01
  2.1796E+00  9.3519E+00  1.4424E-01
  2.0958E+00  9.2518E+00  8.6277E-02
  2.0812E+00  9.2127E+00  1.1146E-01
  1.9621E+00  9.0643E+00  1.6116E-01
  1.8617E+00  8.8795E+00  1.4819E-01
  1.8398E+00  8.7935E+00 -5.6642E-02
  1.9872E+00  8.7058E+00 -2.5492E-01
  2.1307E+00  8.5974E+00 -2.5185E-01
  2.4615E+00  8.4063E+00 -2.2584E-01
  3.0215E+00  8.2884E+00 -2.4924E-01
  3.3349E+00  8.1823E+00 -4.6748E-01
  3.4937E+00  8.0018E+00 -2.0816E-01
  3.6060E+00  7.9683E+00 -1.3802E-01
  3.7385E+00  7.9412E+00 -2.4541E-01
  4.0579E+00  7.8634E+00 -1.9941E-01
  4.2380E+00  7.7512E+00 -7.1639E-02
  4.2518E+00  7.6589E+00 -1.1816E-01
  4.4535E+00  7.4084E+00 -9.7362E-02
  4.4746E+00  7.2852E+00 -1.6344E-01
  4.5628E+00  7.1861E+00 -6.6884E-02
  4.8029E+00  7.1533E+00  1.3541E-02
  5.0668E+00  7.2211E+00  7.7967E-02
  5.3500E+00  7.1368E+00  4.5648E-02
  5.5735E+00  6.9669E+00 -1.0687E-01
  5.6947E+00  6.8914E+00 -2.4024E-01
  5.7704E+00  6.9198E+00 -1.8934E-01
  5.5618E+00  6.6599E+00 -2.3863E-01
  5.3368E+00  6.4527E+00 -2.9513E-01
  4.7749E+00  6.4498E+00 -4.6385E-01
  4.3051E+00  6.3287E+00 -6.3366E-01
  3.9367E+00  6.2517E+00 -7.5923E-01
  3.7433E+00  6.2051E+00 -8.7119E-01
  3.6922E+00  6.2649E+00 -1.1597E+00
  3.7741E+00  6.5102E+00 -1.4128E+00
  3.6657E+00  6.6663E+00 -1.6019E+00
  3.8328E+00  6.6345E+00 -1.8231E+00
  4.0912E+00  6.6568E+00 -1.8766E+00
  4.3417E+00  6.6663E+00 -2.0251E+00
  4.4679E+00  6.6282E+00 -2.2028E+00
  4.5634E+00  6.5915E+00 -2.1891E+00
  4.6596E+00  6.5261E+00 -2.0565E+00
  4.6620E+00  6.3656E+00 -2.3088E+00
  4.7922E+00  6.3376E+00 -2.4268E+00
  4.9133E+00  6.3418E+00 -2.3756E+00
  5.1621E+00  6.5581E+00 -2.2630E+00
  5.3283E+00  6.4699E+00 -2.3146E+00
  5.2112E+00  6.4523E+00 -2.4070E+00
  5.1468E+00  6.5758E+00 -2.3517E+00
  5.1257E+00  6.6520E+00 -2.3583E+00
  5.2050E+00  6.6097E+00 -2.2928E+00
  5.2584E+00  6.7236E+00 -1.9719E+00
  5.3731E+00  6.7546E+00 -1.5422E+00
  5.6732E+00  6.4594E+00 -1.2937E+00
  5.9032E+00  6.3626E+00 -9.9672E-01
  6.0232E+00  6.2423E+00 -8.7964E-01
  5.9672E+00  5.9329E+00 -6.2694E-01
  5.9552E+00  5.8290E+00 -5.0009E-01
  5.8532E+00  5.8322E+00 -6.6063E-01
  5.6989E+00  5.6108E+00 -5.0091E-01
  5.7106E+00  5.6434E+00 -2.9574E-01
  5.7414E+00  5.5065E+00 -4.1643E-01
  5.5315E+00  5.5330E+00 -4.9560E-01
  5.3758E+00  5.5567E+00 -4.7810E-01
  5.3298E+00  5.5373E+00 -4.0097E-01
  5.4648E+00  5.6094E+00 -4.5366E-01
  5.4951E+00  5.9033E+00 -5.6717E-01
  5.4437E+00  5.9317E+00 -7.3199E-01
  5.3502E+00  6.1045E+00 -6.7307E-01
  5.3837E+00  6.3701E+00 -6.9832E-01
  5.6218E+00  6.5588E+00 -8.6516E-01
  5.8546E+00  6.8082E+00 -1.0450E+00
  6.0346E+00  6.9000E+00 -1.2001E+00
  6.0500E+00  6.9698E+00 -1.3960E+00
  6.0155E+00  6.8343E+00 -1.5521E+00
  5.9452E+00  6.8683E+00 -1.6767E+00
  5.8371E+00  6.7170E+00 -1.6767E+00
  5.8145E+00  6.6355E+00 -1.5301E+00
  5.8243E+00  6.5809E+00 -1.5787E+00
  5.7296E+00  6.3756E+00 -1.4565E+00
  5.6765E+00  6.2613E+00 -1.2811E+00
  5.6048E+00  6.3064E+00 -1.2546E+00
  5.5638E+00  6.4357E+00 -1.2090E+00
  5.5652E+00  6.1855E+00 -1.0298E+00
  5.4383E+00  6.0110E+00 -8.0177E-01
  5.2459E+00  6.2569E+00 -8.5031E-01
  5.1511E+00  6.3434E+00 -7.5636E-01
  5.2577E+00  6.2045E+00 -6.6449E-01
  5.2941E+00  6.1070E+00 -5.2186E-01
  5.1415E+00  6.0339E+00 -6.5825E-01
  4.7512E+00  5.9850E+00 -7.2263E-01
  4.4869E+00  5.7290E+00 -6.1041E-01
  4.3249E+00  5.6557E+00 -6.3755E-01
  4.2994E+00  5.6893E+00 -6.9490E-01
  4.2056E+00  5.8239E+00 -5.4319E-01
  3.9495E+00  6.0547E+00 -3.9711E-01
  3.7568E+00  6.3299E+00 -2.2158E-01
  3.6175E+00  6.6187E+00 -1.2897E-01
  3.5306E+00  6.8736E+00 -1.5078E-01
  3.6266E+00  7.0828E+00 -1.4008E-02
  3.3784E+00  7.1363E+00  9.0313E-02
