8.000000E-03 -1.065701E+02
1.600000E-02 -1.544987E+02
2.400000E-02 -2.005106E+02
3.200000E-02 -2.365579E+02
4.000000E-02 -2.614750E+02
4.800000E-02 -2.532915E+02
5.600000E-02 -3.012213E+02
6.400000E-02 -3.608054E+02
7.200000E-02 -3.199199E+02
8.000000E-02 -3.200475E+02
8.800000E-02 -3.762016E+02
9.600000E-02 -3.986568E+02
1.040000E-01 -3.787605E+02
1.120000E-01 -3.801794E+02
1.200000E-01 -4.042705E+02
1.280000E-01 -4.166987E+02
1.360000E-01 -4.318557E+02
1.440000E-01 -4.423246E+02
1.520000E-01 -4.648463E+02
1.600000E-01 -4.748237E+02
1.680000E-01 -4.663418E+02
1.760000E-01 -4.710439E+02
1.840000E-01 -4.870621E+02
1.920000E-01 -5.055450E+02
2.000000E-01 -5.168811E+02
2.080000E-01 -5.206656E+02
2.160000E-01 -5.312318E+02
2.240000E-01 -5.336657E+02
2.320000E-01 -5.451510E+02
2.400000E-01 -5.597002E+02
2.480000E-01 -5.621352E+02
2.560000E-01 -5.766310E+02
2.640000E-01 -5.858071E+02
2.720000E-01 -5.816129E+02
2.800000E-01 -5.936889E+02
2.880000E-01 -6.041978E+02
2.960000E-01 -6.041094E+02
3.040000E-01 -6.124701E+02
3.120000E-01 -6.226646E+02
3.200000E-01 -6.323038E+02
3.280000E-01 -6.401515E+02
3.360000E-01 -6.413258E+02
3.440000E-01 -6.445136E+02
3.520000E-01 -6.552376E+02
3.600000E-01 -6.633762E+02
3.680000E-01 -6.662795E+02
3.760000E-01 -6.720459E+02
3.840000E-01 -6.763358E+02
3.920000E-01 -6.809317E+02
4.000000E-01 -6.882602E+02
4.080000E-01 -6.904797E+02
4.160000E-01 -6.915442E+02
4.240000E-01 -6.945766E+02
4.320000E-01 -6.973564E+02
4.400000E-01 -6.983070E+02
4.480000E-01 -6.979308E+02
4.560000E-01 -6.970617E+02
4.640000E-01 -6.982627E+02
4.720000E-01 -7.016067E+02
4.800000E-01 -7.029796E+02
4.880000E-01 -7.029893E+02
4.960000E-01 -7.032542E+02
5.040000E-01 -7.046562E+02
5.120000E-01 -7.073411E+02
5.200000E-01 -7.082566E+02
5.280000E-01 -7.081909E+02
5.360000E-01 -7.087269E+02
5.440000E-01 -7.094141E+02
5.520000E-01 -7.105451E+02
5.600000E-01 -7.113796E+02
5.680000E-01 -7.114269E+02
5.760000E-01 -7.118794E+02
5.840000E-01 -7.126273E+02
5.920000E-01 -7.130012E+02
6.000000E-01 -7.128480E+02
6.080000E-01 -7.129758E+02
6.160000E-01 -7.136337E+02
6.240000E-01 -7.138852E+02
6.320000E-01 -7.140184E+02
6.400000E-01 -7.142544E+02
6.480000E-01 -7.141026E+02
6.560000E-01 -7.141544E+02
6.640000E-01 -7.146214E+02
6.720000E-01 -7.149472E+02
6.800000E-01 -7.151665E+02
6.880000E-01 -7.153827E+02
6.960000E-01 -7.156869E+02
7.040000E-01 -7.158956E+02
7.120000E-01 -7.160277E+02
7.200000E-01 -7.163489E+02
7.280000E-01 -7.165219E+02
7.360000E-01 -7.166547E+02
7.440000E-01 -7.167872E+02
7.520000E-01 -7.167608E+02
7.600000E-01 -7.169490E+02
7.680000E-01 -7.171510E+02
7.760000E-01 -7.172169E+02
7.840000E-01 -7.173914E+02
7.920000E-01 -7.174619E+02
8.000000E-01 -7.176013E+02
8.080000E-01 -7.177978E+02
8.160000E-01 -7.177477E+02
8.240000E-01 -7.178090E+02
8.320000E-01 -7.179803E+02
8.400000E-01 -7.182266E+02
8.480000E-01 -7.184761E+02
8.560000E-01 -7.184947E+02
8.640000E-01 -7.185862E+02
8.720000E-01 -7.187730E+02
8.800000E-01 -7.188833E+02
8.880000E-01 -7.189378E+02
8.960000E-01 -7.189677E+02
9.040000E-01 -7.192100E+02
9.120000E-01 -7.193810E+02
9.200000E-01 -7.193587E+02
9.280000E-01 -7.195439E+02
9.360000E-01 -7.197508E+02
9.440000E-01 -7.199467E+02
9.520000E-01 -7.201929E+02
9.600000E-01 -7.203189E+02
9.680000E-01 -7.205851E+02
9.760000E-01 -7.209254E+02
9.840000E-01 -7.212360E+02
9.920000E-01 -7.216825E+02
1.000000E+00 -7.220589E+02
1.008000E+00 -7.223840E+02
1.016000E+00 -7.227183E+02
1.024000E+00 -7.230367E+02
1.032000E+00 -7.233645E+02
1.040000E+00 -7.236210E+02
1.048000E+00 -7.239923E+02
1.056000E+00 -7.243432E+02
1.064000E+00 -7.243152E+02
1.072000E+00 -7.240268E+02
1.080000E+00 -7.234805E+02
1.088000E+00 -7.229023E+02
1.096000E+00 -7.226777E+02
1.104000E+00 -7.227305E+02
1.112000E+00 -7.229584E+02
1.120000E+00 -7.232258E+02
1.128000E+00 -7.234253E+02
1.136000E+00 -7.237156E+02
1.144000E+00 -7.239678E+02
1.152000E+00 -7.241907E+02
1.160000E+00 -7.243481E+02
1.168000E+00 -7.242307E+02
1.176000E+00 -7.242162E+02
1.184000E+00 -7.242800E+02
1.192000E+00 -7.242500E+02
1.200000E+00 -7.238525E+02
1.208000E+00 -7.228346E+02
1.216000E+00 -7.216330E+02
1.224000E+00 -7.203726E+02
1.232000E+00 -7.191646E+02
1.240000E+00 -7.177906E+02
1.248000E+00 -7.163557E+02
1.256000E+00 -7.155488E+02
1.264000E+00 -7.150230E+02
1.272000E+00 -7.148855E+02
1.280000E+00 -7.150749E+02
1.288000E+00 -7.146996E+02
1.296000E+00 -7.135531E+02
1.304000E+00 -7.109535E+02
1.312000E+00 -7.068623E+02
1.320000E+00 -7.040105E+02
1.328000E+00 -7.043322E+02
1.336000E+00 -7.065885E+02
1.344000E+00 -7.069058E+02
1.352000E+00 -7.062697E+02
1.360000E+00 -7.086673E+02
1.368000E+00 -7.070088E+02
1.376000E+00 -7.043830E+02
1.384000E+00 -7.057563E+02
1.392000E+00 -7.010511E+02
1.400000E+00 -6.919592E+02
1.408000E+00 -6.891554E+02
1.416000E+00 -6.860459E+02
1.424000E+00 -6.861386E+02
1.432000E+00 -6.883488E+02
1.440000E+00 -6.859559E+02
1.448000E+00 -6.817458E+02
1.456000E+00 -6.764879E+02
1.464000E+00 -6.758447E+02
1.472000E+00 -6.821012E+02
1.480000E+00 -6.868238E+02
1.488000E+00 -6.971372E+02
1.496000E+00 -6.987321E+02
1.504000E+00 -6.942903E+02
1.512000E+00 -6.939186E+02
1.520000E+00 -6.881289E+02
1.528000E+00 -6.848601E+02
1.536000E+00 -6.796199E+02
1.544000E+00 -6.688196E+02
1.552000E+00 -6.750873E+02
1.560000E+00 -6.834650E+02
1.568000E+00 -6.897059E+02
1.576000E+00 -7.003151E+02
1.584000E+00 -7.018679E+02
1.592000E+00 -6.928344E+02
1.600000E+00 -6.864904E+02
1.608000E+00 -6.853065E+02
1.616000E+00 -6.764140E+02
1.624000E+00 -6.760494E+02
1.632000E+00 -6.820751E+02
1.640000E+00 -6.871424E+02
1.648000E+00 -7.007793E+02
1.656000E+00 -7.031568E+02
1.664000E+00 -6.993027E+02
1.672000E+00 -7.023770E+02
1.680000E+00 -7.055735E+02
1.688000E+00 -7.072492E+02
1.696000E+00 -7.038002E+02
1.704000E+00 -7.070461E+02
1.712000E+00 -7.163318E+02
1.720000E+00 -7.217944E+02
1.728000E+00 -7.250006E+02
1.736000E+00 -7.269566E+02
1.744000E+00 -7.303210E+02
1.752000E+00 -7.305319E+02
1.760000E+00 -7.279711E+02
1.768000E+00 -7.299881E+02
1.776000E+00 -7.270167E+02
1.784000E+00 -7.274889E+02
1.792000E+00 -7.364061E+02
1.800000E+00 -7.406611E+02
1.808000E+00 -7.406833E+02
1.816000E+00 -7.409849E+02
1.824000E+00 -7.414611E+02
1.832000E+00 -7.387154E+02
1.840000E+00 -7.341982E+02
1.848000E+00 -7.364979E+02
1.856000E+00 -7.376395E+02
1.864000E+00 -7.420883E+02
1.872000E+00 -7.450613E+02
1.880000E+00 -7.445407E+02
1.888000E+00 -7.471836E+02
1.896000E+00 -7.486567E+02
1.904000E+00 -7.491727E+02
1.912000E+00 -7.492954E+02
1.920000E+00 -7.499164E+02
1.928000E+00 -7.494057E+02
1.936000E+00 -7.480175E+02
1.944000E+00 -7.471874E+02
1.952000E+00 -7.482029E+02
1.960000E+00 -7.499829E+02
1.968000E+00 -7.489774E+02
1.976000E+00 -7.500763E+02
1.984000E+00 -7.539160E+02
1.992000E+00 -7.531424E+02
2.000000E+00 -7.526530E+02
2.008000E+00 -7.534309E+02
2.016000E+00 -7.537290E+02
2.024000E+00 -7.540145E+02
2.032000E+00 -7.542178E+02
2.040000E+00 -7.554474E+02
2.048000E+00 -7.544688E+02
2.056000E+00 -7.529905E+02
2.064000E+00 -7.568398E+02
2.072000E+00 -7.580055E+02
2.080000E+00 -7.555518E+02
2.088000E+00 -7.565990E+02
2.096000E+00 -7.574940E+02
2.104000E+00 -7.568141E+02
2.112000E+00 -7.563469E+02
2.120000E+00 -7.560484E+02
2.128000E+00 -7.558994E+02
2.136000E+00 -7.578420E+02
2.144000E+00 -7.589668E+02
2.152000E+00 -7.578398E+02
2.160000E+00 -7.572350E+02
2.168000E+00 -7.579249E+02
2.176000E+00 -7.606293E+02
2.184000E+00 -7.595362E+02
2.192000E+00 -7.560236E+02
2.200000E+00 -7.561849E+02
2.208000E+00 -7.586864E+02
2.216000E+00 -7.605363E+02
2.224000E+00 -7.588366E+02
2.232000E+00 -7.583218E+02
2.240000E+00 -7.582096E+02
2.248000E+00 -7.567928E+02
2.256000E+00 -7.560708E+02
2.264000E+00 -7.587040E+02
2.272000E+00 -7.588536E+02
2.280000E+00 -7.573281E+02
2.288000E+00 -7.590991E+02
2.296000E+00 -7.574986E+02
2.304000E+00 -7.545669E+02
2.312000E+00 -7.537319E+02
2.320000E+00 -7.540005E+02
2.328000E+00 -7.565123E+02
2.336000E+00 -7.599798E+02
2.344000E+00 -7.606146E+02
2.352000E+00 -7.587917E+02
2.360000E+00 -7.595153E+02
2.368000E+00 -7.586782E+02
2.376000E+00 -7.567034E+02
2.384000E+00 -7.580368E+02
2.392000E+00 -7.539686E+02
2.400000E+00 -7.513488E+02
2.408000E+00 -7.498737E+02
2.416000E+00 -7.486212E+02
2.424000E+00 -7.490515E+02
2.432000E+00 -7.463630E+02
2.440000E+00 -7.442659E+02
2.448000E+00 -7.505509E+02
2.456000E+00 -7.517226E+02
2.464000E+00 -7.453842E+02
2.472000E+00 -7.455231E+02
2.480000E+00 -7.425006E+02
2.488000E+00 -7.413440E+02
2.496000E+00 -7.393867E+02
2.504000E+00 -7.374086E+02
2.512000E+00 -7.396576E+02
2.520000E+00 -7.409987E+02
2.528000E+00 -7.410470E+02
2.536000E+00 -7.359887E+02
2.544000E+00 -7.363467E+02
2.552000E+00 -7.352558E+02
2.560000E+00 -7.318756E+02
2.568000E+00 -7.345811E+02
2.576000E+00 -7.284303E+02
2.584000E+00 -7.265579E+02
2.592000E+00 -7.221415E+02
2.600000E+00 -7.170608E+02
2.608000E+00 -7.187656E+02
2.616000E+00 -7.229339E+02
2.624000E+00 -7.231323E+02
2.632000E+00 -7.161611E+02
2.640000E+00 -7.141912E+02
2.648000E+00 -7.096770E+02
2.656000E+00 -7.164001E+02
2.664000E+00 -7.221760E+02
2.672000E+00 -7.200560E+02
2.680000E+00 -7.159307E+02
2.688000E+00 -7.179745E+02
2.696000E+00 -7.207476E+02
2.704000E+00 -7.159513E+02
2.712000E+00 -7.144496E+02
2.720000E+00 -7.178055E+02
2.728000E+00 -7.102159E+02
2.736000E+00 -6.986723E+02
2.744000E+00 -7.091017E+02
2.752000E+00 -7.091543E+02
2.760000E+00 -7.007018E+02
2.768000E+00 -7.067124E+02
2.776000E+00 -7.165245E+02
2.784000E+00 -7.152813E+02
2.792000E+00 -7.124649E+02
2.800000E+00 -7.168719E+02
2.808000E+00 -7.137671E+02
2.816000E+00 -7.094815E+02
2.824000E+00 -7.086454E+02
2.832000E+00 -7.152825E+02
2.840000E+00 -7.166308E+02
2.848000E+00 -7.141550E+02
2.856000E+00 -7.198113E+02
2.864000E+00 -7.203451E+02
2.872000E+00 -7.238982E+02
2.880000E+00 -7.230362E+02
2.888000E+00 -7.215177E+02
2.896000E+00 -7.224156E+02
2.904000E+00 -7.213613E+02
2.912000E+00 -7.205262E+02
2.920000E+00 -7.196141E+02
2.928000E+00 -7.148244E+02
2.936000E+00 -7.175884E+02
2.944000E+00 -7.233382E+02
2.952000E+00 -7.198049E+02
2.960000E+00 -7.237594E+02
2.968000E+00 -7.195170E+02
2.976000E+00 -7.140977E+02
2.984000E+00 -7.164842E+02
2.992000E+00 -7.213158E+02
3.000000E+00 -7.269866E+02
3.008000E+00 -7.230266E+02
3.016000E+00 -7.174172E+02
3.024000E+00 -7.240418E+02
3.032000E+00 -7.306108E+02
3.040000E+00 -7.343986E+02
3.048000E+00 -7.356711E+02
3.056000E+00 -7.310601E+02
3.064000E+00 -7.349852E+02
3.072000E+00 -7.391542E+02
3.080000E+00 -7.363649E+02
3.088000E+00 -7.419220E+02
3.096000E+00 -7.431913E+02
3.104000E+00 -7.408396E+02
3.112000E+00 -7.445480E+02
3.120000E+00 -7.463245E+02
3.128000E+00 -7.455203E+02
3.136000E+00 -7.452710E+02
3.144000E+00 -7.448607E+02
3.152000E+00 -7.514842E+02
3.160000E+00 -7.473412E+02
3.168000E+00 -7.423005E+02
3.176000E+00 -7.518118E+02
3.184000E+00 -7.530009E+02
3.192000E+00 -7.527259E+02
3.200000E+00 -7.519227E+02
3.208000E+00 -7.473700E+02
3.216000E+00 -7.512737E+02
3.224000E+00 -7.538919E+02
3.232000E+00 -7.507913E+02
3.240000E+00 -7.547445E+02
3.248000E+00 -7.567904E+02
3.256000E+00 -7.549912E+02
3.264000E+00 -7.582376E+02
3.272000E+00 -7.549584E+02
3.280000E+00 -7.557052E+02
3.288000E+00 -7.575918E+02
3.296000E+00 -7.567825E+02
3.304000E+00 -7.566722E+02
3.312000E+00 -7.582878E+02
3.320000E+00 -7.599103E+02
3.328000E+00 -7.534176E+02
3.336000E+00 -7.520196E+02
3.344000E+00 -7.559264E+02
3.352000E+00 -7.538064E+02
3.360000E+00 -7.516016E+02
3.368000E+00 -7.554750E+02
3.376000E+00 -7.613216E+02
3.384000E+00 -7.575763E+02
3.392000E+00 -7.565685E+02
3.400000E+00 -7.627899E+02
3.408000E+00 -7.626820E+02
3.416000E+00 -7.586120E+02
3.424000E+00 -7.583145E+02
3.432000E+00 -7.609293E+02
3.440000E+00 -7.609792E+02
3.448000E+00 -7.613310E+02
3.456000E+00 -7.649487E+02
3.464000E+00 -7.627851E+02
3.472000E+00 -7.628834E+02
3.480000E+00 -7.688857E+02
3.488000E+00 -7.679808E+02
3.496000E+00 -7.659156E+02
3.504000E+00 -7.670712E+02
3.512000E+00 -7.680554E+02
3.520000E+00 -7.634764E+02
3.528000E+00 -7.667838E+02
3.536000E+00 -7.664493E+02
3.544000E+00 -7.635299E+02
3.552000E+00 -7.718123E+02
3.560000E+00 -7.703979E+02
3.568000E+00 -7.689508E+02
3.576000E+00 -7.710268E+02
3.584000E+00 -7.699168E+02
3.592000E+00 -7.655520E+02
3.600000E+00 -7.625135E+02
3.608000E+00 -7.638607E+02
3.616000E+00 -7.585626E+02
3.624000E+00 -7.557316E+02
3.632000E+00 -7.570640E+02
3.640000E+00 -7.581589E+02
3.648000E+00 -7.584319E+02
3.656000E+00 -7.580695E+02
3.664000E+00 -7.540061E+02
3.672000E+00 -7.518582E+02
3.680000E+00 -7.533356E+02
3.688000E+00 -7.523085E+02
3.696000E+00 -7.521239E+02
3.704000E+00 -7.519234E+02
3.712000E+00 -7.495712E+02
3.720000E+00 -7.468268E+02
3.728000E+00 -7.471983E+02
3.736000E+00 -7.491010E+02
3.744000E+00 -7.516679E+02
3.752000E+00 -7.494516E+02
3.760000E+00 -7.537058E+02
3.768000E+00 -7.544562E+02
3.776000E+00 -7.547642E+02
3.784000E+00 -7.582563E+02
3.792000E+00 -7.518819E+02
3.800000E+00 -7.518373E+02
3.808000E+00 -7.492925E+02
3.816000E+00 -7.538542E+02
3.824000E+00 -7.595992E+02
3.832000E+00 -7.545443E+02
3.840000E+00 -7.508318E+02
3.848000E+00 -7.413728E+02
3.856000E+00 -7.469843E+02
3.864000E+00 -7.455868E+02
3.872000E+00 -7.461351E+02
3.880000E+00 -7.490652E+02
3.888000E+00 -7.422884E+02
3.896000E+00 -7.509320E+02
3.904000E+00 -7.502549E+02
3.912000E+00 -7.525302E+02
3.920000E+00 -7.528485E+02
3.928000E+00 -7.449358E+02
3.936000E+00 -7.450547E+02
3.944000E+00 -7.444427E+02
3.952000E+00 -7.426954E+02
3.960000E+00 -7.386164E+02
3.968000E+00 -7.355256E+02
3.976000E+00 -7.351938E+02
3.984000E+00 -7.419484E+02
3.992000E+00 -7.428333E+02
4.000000E+00 -7.386401E+02
4.008000E+00 -7.390157E+02
4.016000E+00 -7.367151E+02
4.024000E+00 -7.329012E+02
4.032000E+00 -7.348304E+02
4.040000E+00 -7.370387E+02
4.048000E+00 -7.291284E+02
4.056000E+00 -7.264354E+02
4.064000E+00 -7.203346E+02
4.072000E+00 -7.251373E+02
4.080000E+00 -7.284925E+02
4.088000E+00 -7.243241E+02
4.096000E+00 -7.311094E+02
4.104000E+00 -7.235685E+02
4.112000E+00 -7.243644E+02
4.120000E+00 -7.309175E+02
4.128000E+00 -7.248211E+02
4.136000E+00 -7.214720E+02
4.144000E+00 -7.265355E+02
4.152000E+00 -7.236714E+02
4.160000E+00 -7.208793E+02
4.168000E+00 -7.253199E+02
4.176000E+00 -7.336604E+02
4.184000E+00 -7.352415E+02
4.192000E+00 -7.333325E+02
4.200000E+00 -7.310451E+02
4.208000E+00 -7.257093E+02
4.216000E+00 -7.341122E+02
4.224000E+00 -7.397701E+02
4.232000E+00 -7.316098E+02
4.240000E+00 -7.255082E+02
4.248000E+00 -7.253262E+02
4.256000E+00 -7.316058E+02
4.264000E+00 -7.373239E+02
4.272000E+00 -7.300027E+02
4.280000E+00 -7.264581E+02
4.288000E+00 -7.327766E+02
4.296000E+00 -7.294000E+02
4.304000E+00 -7.249917E+02
4.312000E+00 -7.272087E+02
4.320000E+00 -7.286549E+02
4.328000E+00 -7.345318E+02
4.336000E+00 -7.331207E+02
4.344000E+00 -7.417741E+02
4.352000E+00 -7.391146E+02
4.360000E+00 -7.320874E+02
4.368000E+00 -7.375574E+02
4.376000E+00 -7.415232E+02
4.384000E+00 -7.417900E+02
4.392000E+00 -7.391881E+02
4.400000E+00 -7.457480E+02
4.408000E+00 -7.477165E+02
4.416000E+00 -7.427358E+02
4.424000E+00 -7.430906E+02
4.432000E+00 -7.427935E+02
4.440000E+00 -7.451791E+02
4.448000E+00 -7.430586E+02
4.456000E+00 -7.428994E+02
4.464000E+00 -7.489975E+02
4.472000E+00 -7.560956E+02
4.480000E+00 -7.549636E+02
4.488000E+00 -7.514858E+02
4.496000E+00 -7.533408E+02
4.504000E+00 -7.542059E+02
4.512000E+00 -7.533601E+02
4.520000E+00 -7.513263E+02
4.528000E+00 -7.535425E+02
4.536000E+00 -7.534926E+02
4.544000E+00 -7.535433E+02
4.552000E+00 -7.594867E+02
4.560000E+00 -7.557267E+02
4.568000E+00 -7.576233E+02
4.576000E+00 -7.585620E+02
4.584000E+00 -7.509442E+02
4.592000E+00 -7.550578E+02
4.600000E+00 -7.599226E+02
4.608000E+00 -7.633011E+02
4.616000E+00 -7.620573E+02
4.624000E+00 -7.626368E+02
4.632000E+00 -7.657438E+02
4.640000E+00 -7.665770E+02
4.648000E+00 -7.708676E+02
4.656000E+00 -7.724360E+02
4.664000E+00 -7.695738E+02
4.672000E+00 -7.700284E+02
4.680000E+00 -7.721658E+02
4.688000E+00 -7.686489E+02
4.696000E+00 -7.700914E+02
4.704000E+00 -7.713556E+02
4.712000E+00 -7.701250E+02
4.720000E+00 -7.708712E+02
4.728000E+00 -7.697877E+02
4.736000E+00 -7.739537E+02
4.744000E+00 -7.753005E+02
4.752000E+00 -7.737435E+02
4.760000E+00 -7.752839E+02
4.768000E+00 -7.751945E+02
4.776000E+00 -7.760568E+02
4.784000E+00 -7.754311E+02
4.792000E+00 -7.740043E+02
4.800000E+00 -7.748395E+02
4.808000E+00 -7.764193E+02
4.816000E+00 -7.778081E+02
4.824000E+00 -7.758571E+02
4.832000E+00 -7.737330E+02
4.840000E+00 -7.759747E+02
4.848000E+00 -7.758524E+02
4.856000E+00 -7.706854E+02
4.864000E+00 -7.717132E+02
4.872000E+00 -7.742174E+02
4.880000E+00 -7.720080E+02
4.888000E+00 -7.699503E+02
4.896000E+00 -7.690931E+02
4.904000E+00 -7.706094E+02
4.912000E+00 -7.699276E+02
4.920000E+00 -7.733539E+02
4.928000E+00 -7.783796E+02
4.936000E+00 -7.755414E+02
4.944000E+00 -7.751212E+02
4.952000E+00 -7.753402E+02
4.960000E+00 -7.740212E+02
4.968000E+00 -7.738650E+02
4.976000E+00 -7.724112E+02
4.984000E+00 -7.709186E+02
4.992000E+00 -7.715345E+02
5.000000E+00 -7.739376E+02
5.008000E+00 -7.725699E+02
5.016000E+00 -7.733063E+02
5.024000E+00 -7.740771E+02
5.032000E+00 -7.710610E+02
5.040000E+00 -7.702931E+02
5.048000E+00 -7.698129E+02
5.056000E+00 -7.691238E+02
5.064000E+00 -7.651872E+02
5.072000E+00 -7.667286E+02
5.080000E+00 -7.753806E+02
5.088000E+00 -7.765871E+02
5.096000E+00 -7.752083E+02
5.104000E+00 -7.780140E+02
5.112000E+00 -7.754921E+02
5.120000E+00 -7.696581E+02
5.128000E+00 -7.671797E+02
5.136000E+00 -7.676610E+02
5.144000E+00 -7.675895E+02
5.152000E+00 -7.694108E+02
5.160000E+00 -7.692207E+02
5.168000E+00 -7.675460E+02
5.176000E+00 -7.670567E+02
5.184000E+00 -7.691399E+02
5.192000E+00 -7.665598E+02
5.200000E+00 -7.619714E+02
5.208000E+00 -7.651201E+02
5.216000E+00 -7.670369E+02
5.224000E+00 -7.638027E+02
5.232000E+00 -7.603711E+02
5.240000E+00 -7.638427E+02
5.248000E+00 -7.582516E+02
5.256000E+00 -7.572674E+02
5.264000E+00 -7.634704E+02
5.272000E+00 -7.568889E+02
5.280000E+00 -7.586120E+02
5.288000E+00 -7.533661E+02
5.296000E+00 -7.516874E+02
5.304000E+00 -7.512833E+02
5.312000E+00 -7.449070E+02
5.320000E+00 -7.466394E+02
5.328000E+00 -7.455911E+02
5.336000E+00 -7.454904E+02
5.344000E+00 -7.373675E+02
5.352000E+00 -7.425222E+02
5.360000E+00 -7.476334E+02
5.368000E+00 -7.386948E+02
5.376000E+00 -7.421152E+02
5.384000E+00 -7.434137E+02
5.392000E+00 -7.451040E+02
5.400000E+00 -7.430059E+02
5.408000E+00 -7.361875E+02
5.416000E+00 -7.412151E+02
5.424000E+00 -7.396537E+02
5.432000E+00 -7.344147E+02
5.440000E+00 -7.340161E+02
5.448000E+00 -7.340686E+02
5.456000E+00 -7.288464E+02
5.464000E+00 -7.377859E+02
5.472000E+00 -7.342391E+02
5.480000E+00 -7.293436E+02
5.488000E+00 -7.384344E+02
5.496000E+00 -7.290333E+02
5.504000E+00 -7.379128E+02
5.512000E+00 -7.431142E+02
5.520000E+00 -7.425610E+02
5.528000E+00 -7.403610E+02
5.536000E+00 -7.378868E+02
5.544000E+00 -7.385262E+02
5.552000E+00 -7.423445E+02
5.560000E+00 -7.417974E+02
5.568000E+00 -7.387356E+02
5.576000E+00 -7.435823E+02
5.584000E+00 -7.428501E+02
5.592000E+00 -7.363706E+02
5.600000E+00 -7.349622E+02
5.608000E+00 -7.372107E+02
5.616000E+00 -7.396711E+02
5.624000E+00 -7.387027E+02
5.632000E+00 -7.340172E+02
5.640000E+00 -7.345075E+02
5.648000E+00 -7.402868E+02
5.656000E+00 -7.366717E+02
5.664000E+00 -7.329364E+02
5.672000E+00 -7.358453E+02
5.680000E+00 -7.367216E+02
5.688000E+00 -7.356807E+02
5.696000E+00 -7.327183E+02
5.704000E+00 -7.363087E+02
5.712000E+00 -7.380102E+02
5.720000E+00 -7.323232E+02
5.728000E+00 -7.316915E+02
5.736000E+00 -7.296902E+02
5.744000E+00 -7.277566E+02
5.752000E+00 -7.311109E+02
5.760000E+00 -7.277933E+02
5.768000E+00 -7.290342E+02
5.776000E+00 -7.365155E+02
5.784000E+00 -7.365779E+02
5.792000E+00 -7.407095E+02
5.800000E+00 -7.432193E+02
5.808000E+00 -7.390654E+02
5.816000E+00 -7.363327E+02
5.824000E+00 -7.380696E+02
5.832000E+00 -7.449479E+02
5.840000E+00 -7.510535E+02
5.848000E+00 -7.491540E+02
5.856000E+00 -7.462147E+02
5.864000E+00 -7.512144E+02
5.872000E+00 -7.490184E+02
5.880000E+00 -7.449862E+02
5.888000E+00 -7.459501E+02
5.896000E+00 -7.499437E+02
5.904000E+00 -7.509866E+02
5.912000E+00 -7.432708E+02
5.920000E+00 -7.495149E+02
5.928000E+00 -7.528491E+02
5.936000E+00 -7.492587E+02
5.944000E+00 -7.483737E+02
5.952000E+00 -7.526747E+02
5.960000E+00 -7.502461E+02
5.968000E+00 -7.493331E+02
5.976000E+00 -7.513635E+02
5.984000E+00 -7.477404E+02
5.992000E+00 -7.511095E+02
6.000000E+00 -7.554533E+02
6.008000E+00 -7.562889E+02
6.016000E+00 -7.606593E+02
6.024000E+00 -7.583699E+02
6.032000E+00 -7.581855E+02
6.040000E+00 -7.585348E+02
6.048000E+00 -7.609997E+02
6.056000E+00 -7.623379E+02
6.064000E+00 -7.649803E+02
6.072000E+00 -7.675490E+02
6.080000E+00 -7.666709E+02
6.088000E+00 -7.675489E+02
6.096000E+00 -7.579829E+02
6.104000E+00 -7.602740E+02
6.112000E+00 -7.676993E+02
6.120000E+00 -7.651230E+02
6.128000E+00 -7.617831E+02
6.136000E+00 -7.635857E+02
6.144000E+00 -7.612720E+02
6.152000E+00 -7.614875E+02
6.160000E+00 -7.676654E+02
6.168000E+00 -7.632388E+02
6.176000E+00 -7.620950E+02
6.184000E+00 -7.639109E+02
6.192000E+00 -7.592810E+02
6.200000E+00 -7.540578E+02
6.208000E+00 -7.531365E+02
6.216000E+00 -7.566827E+02
6.224000E+00 -7.588868E+02
6.232000E+00 -7.609101E+02
6.240000E+00 -7.602164E+02
6.248000E+00 -7.605359E+02
6.256000E+00 -7.627068E+02
6.264000E+00 -7.606529E+02
6.272000E+00 -7.630296E+02
6.280000E+00 -7.661513E+02
6.288000E+00 -7.627949E+02
6.296000E+00 -7.629142E+02
6.304000E+00 -7.619735E+02
6.312000E+00 -7.580689E+02
6.320000E+00 -7.609633E+02
6.328000E+00 -7.622875E+02
6.336000E+00 -7.608262E+02
6.344000E+00 -7.646623E+02
6.352000E+00 -7.639971E+02
6.360000E+00 -7.645889E+02
6.368000E+00 -7.655132E+02
6.376000E+00 -7.639646E+02
6.384000E+00 -7.590230E+02
6.392000E+00 -7.559478E+02
6.400000E+00 -7.590063E+02
6.408000E+00 -7.594245E+02
6.416000E+00 -7.555083E+02
6.424000E+00 -7.529143E+02
6.432000E+00 -7.535315E+02
6.440000E+00 -7.543569E+02
6.448000E+00 -7.534250E+02
6.456000E+00 -7.499128E+02
6.464000E+00 -7.526413E+02
6.472000E+00 -7.534502E+02
6.480000E+00 -7.495762E+02
6.488000E+00 -7.513044E+02
6.496000E+00 -7.537571E+02
6.504000E+00 -7.516599E+02
6.512000E+00 -7.525962E+02
6.520000E+00 -7.536581E+02
6.528000E+00 -7.521913E+02
6.536000E+00 -7.474195E+02
6.544000E+00 -7.488068E+02
6.552000E+00 -7.531856E+02
6.560000E+00 -7.518975E+02
6.568000E+00 -7.557569E+02
6.576000E+00 -7.518331E+02
6.584000E+00 -7.474395E+02
6.592000E+00 -7.482090E+02
6.600000E+00 -7.437539E+02
6.608000E+00 -7.408152E+02
6.616000E+00 -7.431900E+02
6.624000E+00 -7.445600E+02
6.632000E+00 -7.449445E+02
6.640000E+00 -7.519624E+02
6.648000E+00 -7.414637E+02
6.656000E+00 -7.418244E+02
6.664000E+00 -7.507512E+02
6.672000E+00 -7.442292E+02
6.680000E+00 -7.447829E+02
6.688000E+00 -7.465086E+02
6.696000E+00 -7.417796E+02
6.704000E+00 -7.458715E+02
6.712000E+00 -7.336617E+02
6.720000E+00 -7.246784E+02
6.728000E+00 -7.353389E+02
6.736000E+00 -7.372341E+02
6.744000E+00 -7.319992E+02
6.752000E+00 -7.269792E+02
6.760000E+00 -7.285635E+02
6.768000E+00 -7.386437E+02
6.776000E+00 -7.437528E+02
6.784000E+00 -7.384545E+02
6.792000E+00 -7.350004E+02
6.800000E+00 -7.372755E+02
6.808000E+00 -7.300075E+02
6.816000E+00 -7.300487E+02
6.824000E+00 -7.292369E+02
6.832000E+00 -7.296468E+02
6.840000E+00 -7.389867E+02
6.848000E+00 -7.352635E+02
6.856000E+00 -7.369067E+02
6.864000E+00 -7.359441E+02
6.872000E+00 -7.318843E+02
6.880000E+00 -7.415029E+02
6.888000E+00 -7.363798E+02
6.896000E+00 -7.255465E+02
6.904000E+00 -7.341213E+02
6.912000E+00 -7.382382E+02
6.920000E+00 -7.330363E+02
6.928000E+00 -7.271806E+02
6.936000E+00 -7.282422E+02
6.944000E+00 -7.378569E+02
6.952000E+00 -7.304364E+02
6.960000E+00 -7.297627E+02
6.968000E+00 -7.437852E+02
6.976000E+00 -7.345074E+02
6.984000E+00 -7.310423E+02
6.992000E+00 -7.314279E+02
7.000000E+00 -7.275886E+02
7.008000E+00 -7.335072E+02
7.016000E+00 -7.231833E+02
7.024000E+00 -7.251174E+02
7.032000E+00 -7.353298E+02
7.040000E+00 -7.310551E+02
7.048000E+00 -7.379166E+02
7.056000E+00 -7.446681E+02
7.064000E+00 -7.399001E+02
7.072000E+00 -7.307647E+02
7.080000E+00 -7.320068E+02
7.088000E+00 -7.381029E+02
7.096000E+00 -7.331920E+02
7.104000E+00 -7.342068E+02
7.112000E+00 -7.374040E+02
7.120000E+00 -7.396600E+02
7.128000E+00 -7.429354E+02
7.136000E+00 -7.468294E+02
7.144000E+00 -7.469282E+02
7.152000E+00 -7.443708E+02
7.160000E+00 -7.442678E+02
7.168000E+00 -7.464075E+02
7.176000E+00 -7.493620E+02
7.184000E+00 -7.522676E+02
7.192000E+00 -7.545814E+02
7.200000E+00 -7.477447E+02
7.208000E+00 -7.488525E+02
7.216000E+00 -7.520434E+02
7.224000E+00 -7.492000E+02
7.232000E+00 -7.477186E+02
7.240000E+00 -7.499413E+02
7.248000E+00 -7.513884E+02
7.256000E+00 -7.481024E+02
7.264000E+00 -7.533926E+02
7.272000E+00 -7.591478E+02
7.280000E+00 -7.556173E+02
7.288000E+00 -7.556487E+02
7.296000E+00 -7.553565E+02
7.304000E+00 -7.489386E+02
7.312000E+00 -7.467219E+02
7.320000E+00 -7.475264E+02
7.328000E+00 -7.507539E+02
7.336000E+00 -7.490244E+02
7.344000E+00 -7.547864E+02
7.352000E+00 -7.617134E+02
7.360000E+00 -7.554563E+02
7.368000E+00 -7.523307E+02
7.376000E+00 -7.546225E+02
7.384000E+00 -7.598319E+02
7.392000E+00 -7.582512E+02
7.400000E+00 -7.537527E+02
7.408000E+00 -7.557406E+02
7.416000E+00 -7.558929E+02
7.424000E+00 -7.548238E+02
7.432000E+00 -7.574389E+02
7.440000E+00 -7.665451E+02
7.448000E+00 -7.683467E+02
7.456000E+00 -7.621727E+02
7.464000E+00 -7.573124E+02
7.472000E+00 -7.555388E+02
7.480000E+00 -7.604052E+02
7.488000E+00 -7.653549E+02
7.496000E+00 -7.656099E+02
7.504000E+00 -7.690120E+02
7.512000E+00 -7.679344E+02
7.520000E+00 -7.624350E+02
7.528000E+00 -7.639232E+02
7.536000E+00 -7.653144E+02
7.544000E+00 -7.680784E+02
7.552000E+00 -7.655688E+02
7.560000E+00 -7.590544E+02
7.568000E+00 -7.590939E+02
7.576000E+00 -7.610189E+02
7.584000E+00 -7.657256E+02
7.592000E+00 -7.671816E+02
7.600000E+00 -7.626909E+02
7.608000E+00 -7.621108E+02
7.616000E+00 -7.626933E+02
7.624000E+00 -7.565989E+02
7.632000E+00 -7.583656E+02
7.640000E+00 -7.638375E+02
7.648000E+00 -7.556167E+02
7.656000E+00 -7.541741E+02
7.664000E+00 -7.579891E+02
7.672000E+00 -7.603611E+02
7.680000E+00 -7.589247E+02
7.688000E+00 -7.554160E+02
7.696000E+00 -7.599530E+02
7.704000E+00 -7.588915E+02
7.712000E+00 -7.566318E+02
7.720000E+00 -7.562361E+02
7.728000E+00 -7.540946E+02
7.736000E+00 -7.548652E+02
7.744000E+00 -7.545742E+02
7.752000E+00 -7.567254E+02
7.760000E+00 -7.606844E+02
7.768000E+00 -7.588845E+02
7.776000E+00 -7.602303E+02
7.784000E+00 -7.629816E+02
7.792000E+00 -7.599654E+02
7.800000E+00 -7.560125E+02
7.808000E+00 -7.537179E+02
7.816000E+00 -7.578285E+02
7.824000E+00 -7.589361E+02
7.832000E+00 -7.542588E+02
7.840000E+00 -7.522277E+02
7.848000E+00 -7.548746E+02
7.856000E+00 -7.495746E+02
7.864000E+00 -7.478064E+02
7.872000E+00 -7.548948E+02
7.880000E+00 -7.576415E+02
7.888000E+00 -7.498913E+02
7.896000E+00 -7.520657E+02
7.904000E+00 -7.521130E+02
7.912000E+00 -7.488464E+02
7.920000E+00 -7.547290E+02
7.928000E+00 -7.439980E+02
7.936000E+00 -7.421884E+02
7.944000E+00 -7.558936E+02
7.952000E+00 -7.508264E+02
7.960000E+00 -7.497011E+02
7.968000E+00 -7.476958E+02
7.976000E+00 -7.446831E+02
7.984000E+00 -7.481404E+02
7.992000E+00 -7.447381E+02
8.000000E+00 -7.407469E+02
8.008000E+00 -7.432668E+02
8.016000E+00 -7.438610E+02
8.024000E+00 -7.450035E+02
8.032000E+00 -7.381660E+02
8.040000E+00 -7.374512E+02
8.048000E+00 -7.445907E+02
8.056000E+00 -7.419844E+02
8.064000E+00 -7.394069E+02
8.072000E+00 -7.456495E+02
8.080000E+00 -7.467903E+02
8.088000E+00 -7.434040E+02
8.096000E+00 -7.405341E+02
8.104000E+00 -7.394628E+02
8.112000E+00 -7.376367E+02
8.120000E+00 -7.429672E+02
8.128000E+00 -7.468687E+02
8.136000E+00 -7.416590E+02
8.144000E+00 -7.490988E+02
8.152000E+00 -7.519426E+02
8.160000E+00 -7.404766E+02
8.168000E+00 -7.415179E+02
8.176000E+00 -7.479893E+02
8.184000E+00 -7.508900E+02
8.192000E+00 -7.410079E+02
8.200000E+00 -7.372413E+02
8.208000E+00 -7.433099E+02
8.216000E+00 -7.400158E+02
8.224000E+00 -7.440288E+02
8.232000E+00 -7.420472E+02
8.240000E+00 -7.363679E+02
8.248000E+00 -7.436410E+02
8.256000E+00 -7.459818E+02
8.264000E+00 -7.494822E+02
8.272000E+00 -7.392799E+02
8.280000E+00 -7.346266E+02
8.288000E+00 -7.459462E+02
8.296000E+00 -7.360756E+02
8.304000E+00 -7.407715E+02
8.312000E+00 -7.473297E+02
8.320000E+00 -7.411233E+02
8.328000E+00 -7.442142E+02
8.336000E+00 -7.435170E+02
8.344000E+00 -7.425778E+02
8.352000E+00 -7.458162E+02
8.360000E+00 -7.515525E+02
8.368000E+00 -7.523291E+02
8.376000E+00 -7.467908E+02
8.384000E+00 -7.445976E+02
8.392000E+00 -7.461757E+02
8.400000E+00 -7.503180E+02
8.408000E+00 -7.448667E+02
8.416000E+00 -7.557121E+02
8.424000E+00 -7.553846E+02
8.432000E+00 -7.506221E+02
8.440000E+00 -7.512028E+02
8.448000E+00 -7.494205E+02
8.456000E+00 -7.527378E+02
8.464000E+00 -7.537175E+02
8.472000E+00 -7.551398E+02
8.480000E+00 -7.509362E+02
8.488000E+00 -7.451818E+02
8.496000E+00 -7.447001E+02
8.504000E+00 -7.441649E+02
8.512000E+00 -7.485989E+02
8.520000E+00 -7.546868E+02
8.528000E+00 -7.514368E+02
8.536000E+00 -7.498461E+02
8.544000E+00 -7.582262E+02
8.552000E+00 -7.582863E+02
8.560000E+00 -7.577651E+02
8.568000E+00 -7.579326E+02
8.576000E+00 -7.579256E+02
8.584000E+00 -7.568062E+02
8.592000E+00 -7.553403E+02
8.600000E+00 -7.611384E+02
8.608000E+00 -7.622384E+02
8.616000E+00 -7.573629E+02
8.624000E+00 -7.564239E+02
8.632000E+00 -7.590342E+02
8.640000E+00 -7.542168E+02
8.648000E+00 -7.562080E+02
8.656000E+00 -7.597064E+02
8.664000E+00 -7.554820E+02
8.672000E+00 -7.588659E+02
8.680000E+00 -7.591852E+02
8.688000E+00 -7.573015E+02
8.696000E+00 -7.604176E+02
8.704000E+00 -7.582465E+02
8.712000E+00 -7.581554E+02
8.720000E+00 -7.616168E+02
8.728000E+00 -7.614944E+02
8.736000E+00 -7.654791E+02
8.744000E+00 -7.665860E+02
8.752000E+00 -7.617000E+02
8.760000E+00 -7.607072E+02
8.768000E+00 -7.581516E+02
8.776000E+00 -7.545640E+02
8.784000E+00 -7.571931E+02
8.792000E+00 -7.571222E+02
8.800000E+00 -7.530550E+02
8.808000E+00 -7.539440E+02
8.816000E+00 -7.604913E+02
8.824000E+00 -7.556829E+02
8.832000E+00 -7.500508E+02
8.840000E+00 -7.558677E+02
8.848000E+00 -7.592507E+02
8.856000E+00 -7.596781E+02
8.864000E+00 -7.610820E+02
8.872000E+00 -7.611224E+02
8.880000E+00 -7.545677E+02
8.888000E+00 -7.531158E+02
8.896000E+00 -7.581173E+02
8.904000E+00 -7.551127E+02
8.912000E+00 -7.545567E+02
8.920000E+00 -7.586859E+02
8.928000E+00 -7.638994E+02
8.936000E+00 -7.665272E+02
8.944000E+00 -7.656980E+02
8.952000E+00 -7.608842E+02
8.960000E+00 -7.556034E+02
8.968000E+00 -7.589429E+02
8.976000E+00 -7.608221E+02
8.984000E+00 -7.578654E+02
8.992000E+00 -7.577949E+02
9.000000E+00 -7.604460E+02
9.008000E+00 -7.584510E+02
9.016000E+00 -7.562224E+02
9.024000E+00 -7.612138E+02
9.032000E+00 -7.543855E+02
9.040000E+00 -7.476057E+02
9.048000E+00 -7.592829E+02
9.056000E+00 -7.577058E+02
9.064000E+00 -7.523225E+02
9.072000E+00 -7.524417E+02
9.080000E+00 -7.471501E+02
9.088000E+00 -7.462867E+02
9.096000E+00 -7.453897E+02
9.104000E+00 -7.503344E+02
9.112000E+00 -7.558928E+02
9.120000E+00 -7.575311E+02
9.128000E+00 -7.542464E+02
9.136000E+00 -7.572068E+02
9.144000E+00 -7.501709E+02
9.152000E+00 -7.357821E+02
9.160000E+00 -7.407690E+02
9.168000E+00 -7.480176E+02
9.176000E+00 -7.427845E+02
9.184000E+00 -7.414853E+02
9.192000E+00 -7.497250E+02
9.200000E+00 -7.447705E+02
9.208000E+00 -7.427286E+02
9.216000E+00 -7.457314E+02
9.224000E+00 -7.470327E+02
9.232000E+00 -7.480393E+02
9.240000E+00 -7.378929E+02
9.248000E+00 -7.379587E+02
9.256000E+00 -7.459859E+02
9.264000E+00 -7.396205E+02
9.272000E+00 -7.378517E+02
9.280000E+00 -7.418281E+02
9.288000E+00 -7.436360E+02
9.296000E+00 -7.449627E+02
9.304000E+00 -7.415782E+02
9.312000E+00 -7.428298E+02
9.320000E+00 -7.406936E+02
9.328000E+00 -7.307349E+02
9.336000E+00 -7.372374E+02
9.344000E+00 -7.357499E+02
9.352000E+00 -7.249391E+02
9.360000E+00 -7.251242E+02
9.368000E+00 -7.263349E+02
9.376000E+00 -7.301990E+02
9.384000E+00 -7.323132E+02
9.392000E+00 -7.359464E+02
9.400000E+00 -7.358986E+02
9.408000E+00 -7.398114E+02
9.416000E+00 -7.368199E+02
9.424000E+00 -7.317631E+02
9.432000E+00 -7.395916E+02
9.440000E+00 -7.335550E+02
9.448000E+00 -7.320141E+02
9.456000E+00 -7.369858E+02
9.464000E+00 -7.342450E+02
9.472000E+00 -7.359060E+02
9.480000E+00 -7.311986E+02
9.488000E+00 -7.288335E+02
9.496000E+00 -7.346117E+02
9.504000E+00 -7.294050E+02
9.512000E+00 -7.332803E+02
9.520000E+00 -7.368298E+02
9.528000E+00 -7.336387E+02
9.536000E+00 -7.373952E+02
9.544000E+00 -7.374706E+02
9.552000E+00 -7.358002E+02
9.560000E+00 -7.427267E+02
9.568000E+00 -7.399241E+02
9.576000E+00 -7.339694E+02
9.584000E+00 -7.321747E+02
9.592000E+00 -7.278635E+02
9.600000E+00 -7.385961E+02
9.608000E+00 -7.422645E+02
9.616000E+00 -7.391729E+02
9.624000E+00 -7.347847E+02
9.632000E+00 -7.377956E+02
9.640000E+00 -7.483340E+02
9.648000E+00 -7.381378E+02
9.656000E+00 -7.379801E+02
9.664000E+00 -7.425330E+02
9.672000E+00 -7.394598E+02
9.680000E+00 -7.374332E+02
9.688000E+00 -7.339083E+02
9.696000E+00 -7.429235E+02
9.704000E+00 -7.497306E+02
9.712000E+00 -7.384029E+02
9.720000E+00 -7.394472E+02
9.728000E+00 -7.422299E+02
9.736000E+00 -7.425383E+02
9.744000E+00 -7.401284E+02
9.752000E+00 -7.413864E+02
9.760000E+00 -7.447054E+02
9.768000E+00 -7.456120E+02
9.776000E+00 -7.474863E+02
9.784000E+00 -7.445272E+02
9.792000E+00 -7.453169E+02
9.800000E+00 -7.456988E+02
9.808000E+00 -7.457116E+02
9.816000E+00 -7.457831E+02
9.824000E+00 -7.414779E+02
9.832000E+00 -7.500716E+02
9.840000E+00 -7.454867E+02
9.848000E+00 -7.384930E+02
9.856000E+00 -7.463687E+02
9.864000E+00 -7.499217E+02
9.872000E+00 -7.524423E+02
9.880000E+00 -7.493900E+02
9.888000E+00 -7.541213E+02
9.896000E+00 -7.510225E+02
9.904000E+00 -7.551540E+02
9.912000E+00 -7.603919E+02
9.920000E+00 -7.551275E+02
9.928000E+00 -7.537505E+02
9.936000E+00 -7.538519E+02
9.944000E+00 -7.572777E+02
9.952000E+00 -7.571185E+02
9.960000E+00 -7.511974E+02
9.968000E+00 -7.536502E+02
9.976000E+00 -7.551249E+02
9.984000E+00 -7.547809E+02
9.992000E+00 -7.574290E+02
1.000000E+01 -7.641214E+02
1.000800E+01 -7.604014E+02
1.001600E+01 -7.544980E+02
1.002400E+01 -7.590378E+02
1.003200E+01 -7.580271E+02
1.004000E+01 -7.598738E+02
1.004800E+01 -7.660330E+02
1.005600E+01 -7.576009E+02
1.006400E+01 -7.607978E+02
1.007200E+01 -7.696643E+02
1.008000E+01 -7.634546E+02
1.008800E+01 -7.612539E+02
1.009600E+01 -7.606730E+02
1.010400E+01 -7.579074E+02
1.011200E+01 -7.600174E+02
1.012000E+01 -7.564986E+02
1.012800E+01 -7.603339E+02
1.013600E+01 -7.613821E+02
1.014400E+01 -7.542263E+02
1.015200E+01 -7.611274E+02
1.016000E+01 -7.654938E+02
1.016800E+01 -7.611261E+02
1.017600E+01 -7.637011E+02
1.018400E+01 -7.591497E+02
1.019200E+01 -7.520540E+02
1.020000E+01 -7.552306E+02
1.020800E+01 -7.509843E+02
1.021600E+01 -7.554416E+02
1.022400E+01 -7.579744E+02
1.023200E+01 -7.571644E+02
1.024000E+01 -7.641754E+02
1.024800E+01 -7.644741E+02
1.025600E+01 -7.628552E+02
1.026400E+01 -7.639504E+02
1.027200E+01 -7.603785E+02
1.028000E+01 -7.562633E+02
1.028800E+01 -7.572956E+02
1.029600E+01 -7.564100E+02
1.030400E+01 -7.543189E+02
1.031200E+01 -7.491306E+02
1.032000E+01 -7.516215E+02
1.032800E+01 -7.580327E+02
1.033600E+01 -7.538316E+02
1.034400E+01 -7.483348E+02
1.035200E+01 -7.514887E+02
1.036000E+01 -7.555751E+02
1.036800E+01 -7.536260E+02
1.037600E+01 -7.514175E+02
1.038400E+01 -7.518715E+02
1.039200E+01 -7.548930E+02
1.040000E+01 -7.514823E+02
1.040800E+01 -7.502382E+02
1.041600E+01 -7.539601E+02
1.042400E+01 -7.582793E+02
1.043200E+01 -7.571718E+02
1.044000E+01 -7.552681E+02
1.044800E+01 -7.604195E+02
1.045600E+01 -7.590059E+02
1.046400E+01 -7.505552E+02
1.047200E+01 -7.478640E+02
1.048000E+01 -7.503223E+02
1.048800E+01 -7.526473E+02
1.049600E+01 -7.543669E+02
1.050400E+01 -7.520280E+02
1.051200E+01 -7.490850E+02
1.052000E+01 -7.486291E+02
1.052800E+01 -7.512018E+02
1.053600E+01 -7.460977E+02
1.054400E+01 -7.357048E+02
1.055200E+01 -7.418226E+02
1.056000E+01 -7.508289E+02
1.056800E+01 -7.399259E+02
1.057600E+01 -7.412279E+02
1.058400E+01 -7.467422E+02
1.059200E+01 -7.439089E+02
1.060000E+01 -7.427799E+02
1.060800E+01 -7.364529E+02
1.061600E+01 -7.435179E+02
1.062400E+01 -7.473480E+02
1.063200E+01 -7.377909E+02
1.064000E+01 -7.389315E+02
1.064800E+01 -7.365081E+02
1.065600E+01 -7.322558E+02
1.066400E+01 -7.298577E+02
1.067200E+01 -7.329960E+02
1.068000E+01 -7.370425E+02
1.068800E+01 -7.328689E+02
1.069600E+01 -7.301423E+02
1.070400E+01 -7.385727E+02
1.071200E+01 -7.392219E+02
1.072000E+01 -7.360587E+02
1.072800E+01 -7.450479E+02
1.073600E+01 -7.385139E+02
1.074400E+01 -7.262886E+02
1.075200E+01 -7.376651E+02
1.076000E+01 -7.299763E+02
1.076800E+01 -7.249263E+02
1.077600E+01 -7.310998E+02
1.078400E+01 -7.338803E+02
1.079200E+01 -7.382519E+02
1.080000E+01 -7.346153E+02
1.080800E+01 -7.332294E+02
1.081600E+01 -7.299964E+02
1.082400E+01 -7.287274E+02
1.083200E+01 -7.310480E+02
1.084000E+01 -7.321883E+02
1.084800E+01 -7.302483E+02
1.085600E+01 -7.333091E+02
1.086400E+01 -7.377954E+02
1.087200E+01 -7.389958E+02
1.088000E+01 -7.339839E+02
1.088800E+01 -7.372075E+02
1.089600E+01 -7.395076E+02
1.090400E+01 -7.390678E+02
1.091200E+01 -7.396121E+02
1.092000E+01 -7.394421E+02
1.092800E+01 -7.383426E+02
1.093600E+01 -7.381681E+02
1.094400E+01 -7.391517E+02
1.095200E+01 -7.436833E+02
1.096000E+01 -7.480812E+02
1.096800E+01 -7.415978E+02
1.097600E+01 -7.414973E+02
1.098400E+01 -7.417454E+02
1.099200E+01 -7.327021E+02
1.100000E+01 -7.369776E+02
1.100800E+01 -7.376074E+02
1.101600E+01 -7.364666E+02
1.102400E+01 -7.384316E+02
1.103200E+01 -7.421572E+02
1.104000E+01 -7.447376E+02
1.104800E+01 -7.510681E+02
1.105600E+01 -7.464326E+02
1.106400E+01 -7.375395E+02
1.107200E+01 -7.492577E+02
1.108000E+01 -7.491651E+02
1.108800E+01 -7.441184E+02
1.109600E+01 -7.536237E+02
1.110400E+01 -7.584382E+02
1.111200E+01 -7.493069E+02
1.112000E+01 -7.464194E+02
1.112800E+01 -7.521320E+02
1.113600E+01 -7.562035E+02
1.114400E+01 -7.561909E+02
1.115200E+01 -7.553568E+02
1.116000E+01 -7.525749E+02
1.116800E+01 -7.525261E+02
1.117600E+01 -7.545141E+02
1.118400E+01 -7.520040E+02
1.119200E+01 -7.509229E+02
1.120000E+01 -7.495215E+02
1.120800E+01 -7.516984E+02
1.121600E+01 -7.583875E+02
1.122400E+01 -7.610607E+02
1.123200E+01 -7.631379E+02
1.124000E+01 -7.669711E+02
1.124800E+01 -7.639242E+02
1.125600E+01 -7.602267E+02
1.126400E+01 -7.602077E+02
1.127200E+01 -7.646393E+02
1.128000E+01 -7.663854E+02
1.128800E+01 -7.618303E+02
1.129600E+01 -7.643125E+02
1.130400E+01 -7.678135E+02
1.131200E+01 -7.713614E+02
1.132000E+01 -7.634626E+02
1.132800E+01 -7.667605E+02
1.133600E+01 -7.706946E+02
1.134400E+01 -7.604666E+02
1.135200E+01 -7.633460E+02
1.136000E+01 -7.674989E+02
1.136800E+01 -7.668363E+02
1.137600E+01 -7.597668E+02
1.138400E+01 -7.615451E+02
1.139200E+01 -7.684743E+02
1.140000E+01 -7.689089E+02
1.140800E+01 -7.685431E+02
1.141600E+01 -7.701552E+02
1.142400E+01 -7.720775E+02
1.143200E+01 -7.717232E+02
1.144000E+01 -7.700796E+02
1.144800E+01 -7.666010E+02
1.145600E+01 -7.653276E+02
1.146400E+01 -7.694661E+02
1.147200E+01 -7.719114E+02
1.148000E+01 -7.709545E+02
1.148800E+01 -7.699671E+02
1.149600E+01 -7.724580E+02
1.150400E+01 -7.691250E+02
1.151200E+01 -7.693867E+02
1.152000E+01 -7.744524E+02
1.152800E+01 -7.686003E+02
1.153600E+01 -7.646055E+02
1.154400E+01 -7.677917E+02
1.155200E+01 -7.723976E+02
1.156000E+01 -7.679765E+02
1.156800E+01 -7.661649E+02
1.157600E+01 -7.737802E+02
1.158400E+01 -7.742580E+02
1.159200E+01 -7.683041E+02
1.160000E+01 -7.638340E+02
1.160800E+01 -7.639835E+02
1.161600E+01 -7.693536E+02
1.162400E+01 -7.708064E+02
1.163200E+01 -7.708904E+02
1.164000E+01 -7.770734E+02
1.164800E+01 -7.749142E+02
1.165600E+01 -7.682205E+02
1.166400E+01 -7.745542E+02
1.167200E+01 -7.720968E+02
1.168000E+01 -7.677075E+02
1.168800E+01 -7.680456E+02
1.169600E+01 -7.644413E+02
1.170400E+01 -7.684865E+02
1.171200E+01 -7.683289E+02
1.172000E+01 -7.619599E+02
1.172800E+01 -7.656221E+02
1.173600E+01 -7.708853E+02
1.174400E+01 -7.637481E+02
1.175200E+01 -7.627621E+02
1.176000E+01 -7.651524E+02
1.176800E+01 -7.667290E+02
1.177600E+01 -7.632617E+02
1.178400E+01 -7.557445E+02
1.179200E+01 -7.615817E+02
1.180000E+01 -7.637758E+02
1.180800E+01 -7.555845E+02
1.181600E+01 -7.610586E+02
1.182400E+01 -7.581986E+02
1.183200E+01 -7.537268E+02
1.184000E+01 -7.584762E+02
1.184800E+01 -7.553619E+02
1.185600E+01 -7.557801E+02
1.186400E+01 -7.509715E+02
1.187200E+01 -7.514437E+02
1.188000E+01 -7.552124E+02
1.188800E+01 -7.477776E+02
1.189600E+01 -7.505252E+02
1.190400E+01 -7.580773E+02
1.191200E+01 -7.586364E+02
1.192000E+01 -7.566966E+02
1.192800E+01 -7.566101E+02
1.193600E+01 -7.605724E+02
1.194400E+01 -7.584527E+02
1.195200E+01 -7.566914E+02
1.196000E+01 -7.560183E+02
1.196800E+01 -7.516392E+02
1.197600E+01 -7.504551E+02
1.198400E+01 -7.450537E+02
1.199200E+01 -7.493346E+02
1.200000E+01 -7.507267E+02
1.200800E+01 -7.479731E+02
1.201600E+01 -7.484128E+02
1.202400E+01 -7.438276E+02
1.203200E+01 -7.458831E+02
1.204000E+01 -7.467012E+02
1.204800E+01 -7.385541E+02
1.205600E+01 -7.411356E+02
1.206400E+01 -7.425492E+02
1.207200E+01 -7.408841E+02
1.208000E+01 -7.479602E+02
1.208800E+01 -7.458844E+02
1.209600E+01 -7.481588E+02
1.210400E+01 -7.524079E+02
1.211200E+01 -7.404554E+02
1.212000E+01 -7.438629E+02
1.212800E+01 -7.515347E+02
1.213600E+01 -7.394757E+02
1.214400E+01 -7.412075E+02
1.215200E+01 -7.361956E+02
1.216000E+01 -7.364407E+02
1.216800E+01 -7.402542E+02
1.217600E+01 -7.363068E+02
1.218400E+01 -7.410745E+02
1.219200E+01 -7.507342E+02
1.220000E+01 -7.495676E+02
1.220800E+01 -7.317679E+02
1.221600E+01 -7.364398E+02
1.222400E+01 -7.426647E+02
1.223200E+01 -7.312993E+02
1.224000E+01 -7.345178E+02
1.224800E+01 -7.362713E+02
1.225600E+01 -7.323273E+02
1.226400E+01 -7.390835E+02
1.227200E+01 -7.447247E+02
1.228000E+01 -7.424844E+02
1.228800E+01 -7.367108E+02
1.229600E+01 -7.386869E+02
1.230400E+01 -7.441920E+02
1.231200E+01 -7.382596E+02
1.232000E+01 -7.389752E+02
1.232800E+01 -7.397190E+02
1.233600E+01 -7.451105E+02
1.234400E+01 -7.563132E+02
1.235200E+01 -7.514249E+02
1.236000E+01 -7.482783E+02
1.236800E+01 -7.549917E+02
1.237600E+01 -7.492741E+02
1.238400E+01 -7.441663E+02
1.239200E+01 -7.442987E+02
1.240000E+01 -7.445513E+02
1.240800E+01 -7.469976E+02
1.241600E+01 -7.480256E+02
1.242400E+01 -7.514873E+02
1.243200E+01 -7.505010E+02
1.244000E+01 -7.510929E+02
1.244800E+01 -7.497717E+02
1.245600E+01 -7.475856E+02
1.246400E+01 -7.535678E+02
1.247200E+01 -7.530423E+02
1.248000E+01 -7.518047E+02
1.248800E+01 -7.583332E+02
1.249600E+01 -7.611820E+02
1.250400E+01 -7.624605E+02
1.251200E+01 -7.642161E+02
1.252000E+01 -7.610753E+02
1.252800E+01 -7.573106E+02
1.253600E+01 -7.518333E+02
1.254400E+01 -7.574250E+02
1.255200E+01 -7.641254E+02
1.256000E+01 -7.621805E+02
1.256800E+01 -7.535348E+02
1.257600E+01 -7.501569E+02
1.258400E+01 -7.660293E+02
1.259200E+01 -7.741639E+02
1.260000E+01 -7.645262E+02
1.260800E+01 -7.585815E+02
1.261600E+01 -7.592208E+02
1.262400E+01 -7.639020E+02
1.263200E+01 -7.654012E+02
1.264000E+01 -7.648784E+02
1.264800E+01 -7.618232E+02
1.265600E+01 -7.615131E+02
1.266400E+01 -7.627653E+02
1.267200E+01 -7.623012E+02
1.268000E+01 -7.675243E+02
1.268800E+01 -7.659670E+02
1.269600E+01 -7.621179E+02
1.270400E+01 -7.620979E+02
1.271200E+01 -7.618100E+02
1.272000E+01 -7.661643E+02
1.272800E+01 -7.679857E+02
1.273600E+01 -7.718032E+02
1.274400E+01 -7.669678E+02
1.275200E+01 -7.619273E+02
1.276000E+01 -7.680216E+02
1.276800E+01 -7.675463E+02
1.277600E+01 -7.662760E+02
1.278400E+01 -7.673819E+02
1.279200E+01 -7.680372E+02
1.280000E+01 -7.699997E+02
1.280800E+01 -7.712231E+02
1.281600E+01 -7.730631E+02
1.282400E+01 -7.707590E+02
1.283200E+01 -7.669142E+02
1.284000E+01 -7.656717E+02
1.284800E+01 -7.659300E+02
1.285600E+01 -7.714835E+02
1.286400E+01 -7.757529E+02
1.287200E+01 -7.689826E+02
1.288000E+01 -7.668180E+02
1.288800E+01 -7.688346E+02
1.289600E+01 -7.712384E+02
1.290400E+01 -7.686241E+02
1.291200E+01 -7.639591E+02
1.292000E+01 -7.664524E+02
1.292800E+01 -7.722517E+02
1.293600E+01 -7.773382E+02
1.294400E+01 -7.717201E+02
1.295200E+01 -7.647901E+02
1.296000E+01 -7.665587E+02
1.296800E+01 -7.672166E+02
1.297600E+01 -7.710178E+02
1.298400E+01 -7.726313E+02
1.299200E+01 -7.649942E+02
1.300000E+01 -7.670880E+02
1.300800E+01 -7.719179E+02
1.301600E+01 -7.677980E+02
1.302400E+01 -7.661343E+02
1.303200E+01 -7.638001E+02
1.304000E+01 -7.641271E+02
1.304800E+01 -7.634726E+02
1.305600E+01 -7.639149E+02
1.306400E+01 -7.654687E+02
1.307200E+01 -7.659389E+02
1.308000E+01 -7.606213E+02
1.308800E+01 -7.602434E+02
1.309600E+01 -7.700909E+02
1.310400E+01 -7.662798E+02
1.311200E+01 -7.590456E+02
1.312000E+01 -7.593876E+02
1.312800E+01 -7.590004E+02
1.313600E+01 -7.607854E+02
1.314400E+01 -7.588315E+02
1.315200E+01 -7.562691E+02
1.316000E+01 -7.602448E+02
1.316800E+01 -7.599255E+02
1.317600E+01 -7.548738E+02
1.318400E+01 -7.533620E+02
1.319200E+01 -7.507515E+02
1.320000E+01 -7.582811E+02
1.320800E+01 -7.562551E+02
1.321600E+01 -7.513295E+02
1.322400E+01 -7.582445E+02
1.323200E+01 -7.462729E+02
1.324000E+01 -7.507980E+02
1.324800E+01 -7.576775E+02
1.325600E+01 -7.517903E+02
1.326400E+01 -7.464315E+02
1.327200E+01 -7.462783E+02
1.328000E+01 -7.509691E+02
1.328800E+01 -7.530616E+02
1.329600E+01 -7.554379E+02
1.330400E+01 -7.503437E+02
1.331200E+01 -7.436113E+02
1.332000E+01 -7.508588E+02
1.332800E+01 -7.529814E+02
1.333600E+01 -7.490010E+02
1.334400E+01 -7.426088E+02
1.335200E+01 -7.429620E+02
1.336000E+01 -7.420975E+02
1.336800E+01 -7.409866E+02
1.337600E+01 -7.450839E+02
1.338400E+01 -7.378410E+02
1.339200E+01 -7.380826E+02
1.340000E+01 -7.426261E+02
1.340800E+01 -7.381260E+02
1.341600E+01 -7.497449E+02
1.342400E+01 -7.500236E+02
1.343200E+01 -7.357532E+02
1.344000E+01 -7.362446E+02
1.344800E+01 -7.375434E+02
1.345600E+01 -7.343241E+02
1.346400E+01 -7.465147E+02
1.347200E+01 -7.376576E+02
1.348000E+01 -7.198015E+02
1.348800E+01 -7.310780E+02
1.349600E+01 -7.400348E+02
1.350400E+01 -7.468482E+02
1.351200E+01 -7.388748E+02
1.352000E+01 -7.265737E+02
1.352800E+01 -7.328164E+02
1.353600E+01 -7.433745E+02
1.354400E+01 -7.499746E+02
1.355200E+01 -7.512843E+02
1.356000E+01 -7.405679E+02
1.356800E+01 -7.332246E+02
1.357600E+01 -7.397679E+02
1.358400E+01 -7.525303E+02
1.359200E+01 -7.452113E+02
1.360000E+01 -7.349596E+02
1.360800E+01 -7.349414E+02
1.361600E+01 -7.366390E+02
1.362400E+01 -7.500743E+02
1.363200E+01 -7.492780E+02
1.364000E+01 -7.386064E+02
1.364800E+01 -7.372706E+02
1.365600E+01 -7.363265E+02
1.366400E+01 -7.513241E+02
1.367200E+01 -7.585140E+02
1.368000E+01 -7.428577E+02
1.368800E+01 -7.343668E+02
1.369600E+01 -7.321427E+02
1.370400E+01 -7.506883E+02
1.371200E+01 -7.577912E+02
1.372000E+01 -7.480690E+02
1.372800E+01 -7.481802E+02
1.373600E+01 -7.448986E+02
1.374400E+01 -7.407600E+02
1.375200E+01 -7.408226E+02
1.376000E+01 -7.466600E+02
1.376800E+01 -7.518507E+02
1.377600E+01 -7.487086E+02
1.378400E+01 -7.444372E+02
1.379200E+01 -7.467654E+02
1.380000E+01 -7.529842E+02
1.380800E+01 -7.499001E+02
1.381600E+01 -7.468211E+02
1.382400E+01 -7.488038E+02
1.383200E+01 -7.500250E+02
1.384000E+01 -7.520853E+02
1.384800E+01 -7.490824E+02
1.385600E+01 -7.497494E+02
1.386400E+01 -7.552260E+02
1.387200E+01 -7.557612E+02
1.388000E+01 -7.585999E+02
1.388800E+01 -7.558067E+02
1.389600E+01 -7.569126E+02
1.390400E+01 -7.531707E+02
1.391200E+01 -7.529048E+02
1.392000E+01 -7.638112E+02
1.392800E+01 -7.664603E+02
1.393600E+01 -7.657801E+02
1.394400E+01 -7.573315E+02
1.395200E+01 -7.586126E+02
1.396000E+01 -7.647368E+02
1.396800E+01 -7.651424E+02
1.397600E+01 -7.643795E+02
1.398400E+01 -7.591797E+02
1.399200E+01 -7.661122E+02
1.400000E+01 -7.714766E+02
1.400800E+01 -7.725938E+02
1.401600E+01 -7.748484E+02
1.402400E+01 -7.668592E+02
1.403200E+01 -7.636302E+02
1.404000E+01 -7.685969E+02
1.404800E+01 -7.741100E+02
1.405600E+01 -7.771106E+02
1.406400E+01 -7.758867E+02
1.407200E+01 -7.685440E+02
1.408000E+01 -7.695925E+02
1.408800E+01 -7.729296E+02
1.409600E+01 -7.689487E+02
1.410400E+01 -7.695995E+02
1.411200E+01 -7.735818E+02
1.412000E+01 -7.740648E+02
1.412800E+01 -7.717851E+02
1.413600E+01 -7.715336E+02
1.414400E+01 -7.746292E+02
1.415200E+01 -7.691564E+02
1.416000E+01 -7.648376E+02
1.416800E+01 -7.675089E+02
1.417600E+01 -7.749857E+02
1.418400E+01 -7.790399E+02
1.419200E+01 -7.702495E+02
1.420000E+01 -7.687873E+02
1.420800E+01 -7.685600E+02
1.421600E+01 -7.722927E+02
1.422400E+01 -7.742119E+02
1.423200E+01 -7.715162E+02
1.424000E+01 -7.754994E+02
1.424800E+01 -7.749164E+02
1.425600E+01 -7.697966E+02
1.426400E+01 -7.702020E+02
1.427200E+01 -7.721957E+02
1.428000E+01 -7.731567E+02
1.428800E+01 -7.691978E+02
1.429600E+01 -7.727856E+02
1.430400E+01 -7.763894E+02
1.431200E+01 -7.742403E+02
1.432000E+01 -7.702332E+02
1.432800E+01 -7.694715E+02
1.433600E+01 -7.746476E+02
1.434400E+01 -7.712725E+02
1.435200E+01 -7.678935E+02
1.436000E+01 -7.756901E+02
1.436800E+01 -7.776930E+02
1.437600E+01 -7.715456E+02
1.438400E+01 -7.700806E+02
1.439200E+01 -7.752755E+02
1.440000E+01 -7.752847E+02
1.440800E+01 -7.659141E+02
1.441600E+01 -7.639984E+02
1.442400E+01 -7.711781E+02
1.443200E+01 -7.706889E+02
1.444000E+01 -7.646323E+02
1.444800E+01 -7.659825E+02
1.445600E+01 -7.688298E+02
1.446400E+01 -7.705824E+02
1.447200E+01 -7.614014E+02
1.448000E+01 -7.620105E+02
1.448800E+01 -7.669043E+02
1.449600E+01 -7.612797E+02
1.450400E+01 -7.636383E+02
1.451200E+01 -7.680140E+02
1.452000E+01 -7.651973E+02
1.452800E+01 -7.634302E+02
1.453600E+01 -7.623187E+02
1.454400E+01 -7.658501E+02
1.455200E+01 -7.674562E+02
1.456000E+01 -7.635933E+02
1.456800E+01 -7.602548E+02
1.457600E+01 -7.551387E+02
1.458400E+01 -7.608450E+02
1.459200E+01 -7.609428E+02
1.460000E+01 -7.589346E+02
1.460800E+01 -7.622961E+02
1.461600E+01 -7.630198E+02
1.462400E+01 -7.562986E+02
1.463200E+01 -7.611704E+02
1.464000E+01 -7.624161E+02
1.464800E+01 -7.538658E+02
1.465600E+01 -7.517504E+02
1.466400E+01 -7.527979E+02
1.467200E+01 -7.600839E+02
1.468000E+01 -7.575954E+02
1.468800E+01 -7.536945E+02
1.469600E+01 -7.564992E+02
1.470400E+01 -7.564012E+02
1.471200E+01 -7.499236E+02
1.472000E+01 -7.502118E+02
1.472800E+01 -7.526770E+02
1.473600E+01 -7.541710E+02
1.474400E+01 -7.475144E+02
1.475200E+01 -7.514324E+02
1.476000E+01 -7.601058E+02
1.476800E+01 -7.484259E+02
1.477600E+01 -7.462196E+02
1.478400E+01 -7.546749E+02
1.479200E+01 -7.495610E+02
1.480000E+01 -7.434380E+02
1.480800E+01 -7.477332E+02
1.481600E+01 -7.511533E+02
1.482400E+01 -7.426793E+02
1.483200E+01 -7.383533E+02
1.484000E+01 -7.466639E+02
1.484800E+01 -7.405685E+02
1.485600E+01 -7.439595E+02
1.486400E+01 -7.528568E+02
1.487200E+01 -7.409655E+02
1.488000E+01 -7.404020E+02
1.488800E+01 -7.423018E+02
1.489600E+01 -7.464670E+02
1.490400E+01 -7.420939E+02
1.491200E+01 -7.367917E+02
1.492000E+01 -7.428826E+02
1.492800E+01 -7.353247E+02
1.493600E+01 -7.379617E+02
1.494400E+01 -7.401198E+02
1.495200E+01 -7.385741E+02
1.496000E+01 -7.461466E+02
1.496800E+01 -7.465726E+02
1.497600E+01 -7.463779E+02
1.498400E+01 -7.564969E+02
1.499200E+01 -7.540306E+02
1.500000E+01 -7.438775E+02
1.500800E+01 -7.427801E+02
1.501600E+01 -7.475995E+02
1.502400E+01 -7.401728E+02
1.503200E+01 -7.418666E+02
1.504000E+01 -7.488060E+02
1.504800E+01 -7.426918E+02
1.505600E+01 -7.445374E+02
1.506400E+01 -7.413929E+02
1.507200E+01 -7.409725E+02
1.508000E+01 -7.544997E+02
1.508800E+01 -7.528566E+02
1.509600E+01 -7.469460E+02
1.510400E+01 -7.485423E+02
1.511200E+01 -7.483952E+02
1.512000E+01 -7.460507E+02
1.512800E+01 -7.479343E+02
1.513600E+01 -7.430775E+02
1.514400E+01 -7.376685E+02
1.515200E+01 -7.450694E+02
1.516000E+01 -7.466189E+02
1.516800E+01 -7.463894E+02
1.517600E+01 -7.501909E+02
1.518400E+01 -7.574650E+02
1.519200E+01 -7.587198E+02
1.520000E+01 -7.539564E+02
1.520800E+01 -7.533057E+02
1.521600E+01 -7.491965E+02
1.522400E+01 -7.467076E+02
1.523200E+01 -7.487763E+02
1.524000E+01 -7.557243E+02
1.524800E+01 -7.545786E+02
1.525600E+01 -7.592840E+02
1.526400E+01 -7.602579E+02
1.527200E+01 -7.526870E+02
1.528000E+01 -7.570201E+02
1.528800E+01 -7.563628E+02
1.529600E+01 -7.591362E+02
1.530400E+01 -7.661531E+02
1.531200E+01 -7.562743E+02
1.532000E+01 -7.565427E+02
1.532800E+01 -7.656255E+02
1.533600E+01 -7.631024E+02
1.534400E+01 -7.560849E+02
1.535200E+01 -7.610160E+02
1.536000E+01 -7.675654E+02
1.536800E+01 -7.649718E+02
1.537600E+01 -7.606529E+02
1.538400E+01 -7.605680E+02
1.539200E+01 -7.623959E+02
1.540000E+01 -7.659928E+02
1.540800E+01 -7.683170E+02
1.541600E+01 -7.618012E+02
1.542400E+01 -7.601835E+02
1.543200E+01 -7.676462E+02
1.544000E+01 -7.675431E+02
1.544800E+01 -7.617933E+02
1.545600E+01 -7.720064E+02
1.546400E+01 -7.731860E+02
1.547200E+01 -7.694183E+02
1.548000E+01 -7.754956E+02
1.548800E+01 -7.680517E+02
1.549600E+01 -7.650170E+02
1.550400E+01 -7.671532E+02
1.551200E+01 -7.670536E+02
1.552000E+01 -7.703404E+02
1.552800E+01 -7.689469E+02
1.553600E+01 -7.723493E+02
1.554400E+01 -7.700412E+02
1.555200E+01 -7.718851E+02
1.556000E+01 -7.742932E+02
1.556800E+01 -7.677180E+02
1.557600E+01 -7.661932E+02
1.558400E+01 -7.672233E+02
1.559200E+01 -7.684209E+02
1.560000E+01 -7.687385E+02
1.560800E+01 -7.685110E+02
1.561600E+01 -7.716145E+02
1.562400E+01 -7.729091E+02
1.563200E+01 -7.694030E+02
1.564000E+01 -7.678178E+02
1.564800E+01 -7.728978E+02
1.565600E+01 -7.696998E+02
1.566400E+01 -7.627295E+02
1.567200E+01 -7.679309E+02
1.568000E+01 -7.723832E+02
1.568800E+01 -7.724240E+02
1.569600E+01 -7.734289E+02
1.570400E+01 -7.722830E+02
1.571200E+01 -7.638599E+02
1.572000E+01 -7.657178E+02
1.572800E+01 -7.764706E+02
1.573600E+01 -7.729066E+02
1.574400E+01 -7.685863E+02
1.575200E+01 -7.717301E+02
1.576000E+01 -7.746010E+02
1.576800E+01 -7.675340E+02
1.577600E+01 -7.699055E+02
1.578400E+01 -7.748759E+02
1.579200E+01 -7.741836E+02
1.580000E+01 -7.723536E+02
1.580800E+01 -7.723839E+02
1.581600E+01 -7.703108E+02
1.582400E+01 -7.707052E+02
1.583200E+01 -7.683490E+02
1.584000E+01 -7.675071E+02
1.584800E+01 -7.634253E+02
1.585600E+01 -7.657465E+02
1.586400E+01 -7.764528E+02
1.587200E+01 -7.695934E+02
1.588000E+01 -7.732209E+02
1.588800E+01 -7.732547E+02
1.589600E+01 -7.664553E+02
1.590400E+01 -7.710169E+02
1.591200E+01 -7.646567E+02
1.592000E+01 -7.635847E+02
1.592800E+01 -7.601145E+02
1.593600E+01 -7.578889E+02
1.594400E+01 -7.636997E+02
1.595200E+01 -7.648506E+02
1.596000E+01 -7.578509E+02
1.596800E+01 -7.586366E+02
1.597600E+01 -7.629935E+02
1.598400E+01 -7.642378E+02
1.599200E+01 -7.658681E+02
1.600000E+01 -7.552198E+02
1.600800E+01 -7.618297E+02
1.601600E+01 -7.629329E+02
1.602400E+01 -7.540002E+02
1.603200E+01 -7.621751E+02
1.604000E+01 -7.573487E+02
1.604800E+01 -7.583713E+02
1.605600E+01 -7.622238E+02
1.606400E+01 -7.497129E+02
1.607200E+01 -7.573423E+02
1.608000E+01 -7.608368E+02
1.608800E+01 -7.504920E+02
1.609600E+01 -7.529848E+02
1.610400E+01 -7.638792E+02
1.611200E+01 -7.554545E+02
1.612000E+01 -7.559805E+02
1.612800E+01 -7.655302E+02
1.613600E+01 -7.547599E+02
1.614400E+01 -7.581227E+02
1.615200E+01 -7.556289E+02
1.616000E+01 -7.513560E+02
1.616800E+01 -7.600878E+02
1.617600E+01 -7.589636E+02
1.618400E+01 -7.496128E+02
1.619200E+01 -7.526013E+02
1.620000E+01 -7.553137E+02
1.620800E+01 -7.501039E+02
1.621600E+01 -7.492038E+02
1.622400E+01 -7.535328E+02
1.623200E+01 -7.557227E+02
1.624000E+01 -7.542509E+02
1.624800E+01 -7.536160E+02
1.625600E+01 -7.516225E+02
1.626400E+01 -7.514711E+02
1.627200E+01 -7.533947E+02
1.628000E+01 -7.521011E+02
1.628800E+01 -7.470700E+02
1.629600E+01 -7.458012E+02
1.630400E+01 -7.462583E+02
1.631200E+01 -7.385674E+02
1.632000E+01 -7.472044E+02
1.632800E+01 -7.433979E+02
1.633600E+01 -7.363767E+02
1.634400E+01 -7.548527E+02
1.635200E+01 -7.478826E+02
1.636000E+01 -7.375801E+02
1.636800E+01 -7.475160E+02
1.637600E+01 -7.458016E+02
1.638400E+01 -7.451339E+02
1.639200E+01 -7.507949E+02
1.640000E+01 -7.485831E+02
1.640800E+01 -7.497206E+02
1.641600E+01 -7.493971E+02
1.642400E+01 -7.408290E+02
1.643200E+01 -7.478658E+02
1.644000E+01 -7.535682E+02
1.644800E+01 -7.401657E+02
1.645600E+01 -7.412168E+02
1.646400E+01 -7.563691E+02
1.647200E+01 -7.558312E+02
1.648000E+01 -7.517518E+02
1.648800E+01 -7.515838E+02
1.649600E+01 -7.586837E+02
1.650400E+01 -7.575894E+02
1.651200E+01 -7.493978E+02
1.652000E+01 -7.526518E+02
1.652800E+01 -7.558163E+02
1.653600E+01 -7.544681E+02
1.654400E+01 -7.583750E+02
1.655200E+01 -7.598184E+02
1.656000E+01 -7.647569E+02
1.656800E+01 -7.643502E+02
1.657600E+01 -7.565502E+02
1.658400E+01 -7.615131E+02
1.659200E+01 -7.625553E+02
1.660000E+01 -7.566072E+02
1.660800E+01 -7.601942E+02
1.661600E+01 -7.578799E+02
1.662400E+01 -7.580463E+02
1.663200E+01 -7.679455E+02
1.664000E+01 -7.630216E+02
1.664800E+01 -7.584064E+02
1.665600E+01 -7.636641E+02
1.666400E+01 -7.639436E+02
1.667200E+01 -7.562865E+02
1.668000E+01 -7.601090E+02
1.668800E+01 -7.655435E+02
1.669600E+01 -7.606748E+02
1.670400E+01 -7.585289E+02
1.671200E+01 -7.661748E+02
1.672000E+01 -7.677858E+02
1.672800E+01 -7.642505E+02
1.673600E+01 -7.660905E+02
1.674400E+01 -7.680482E+02
1.675200E+01 -7.701236E+02
1.676000E+01 -7.698078E+02
1.676800E+01 -7.611632E+02
1.677600E+01 -7.668853E+02
1.678400E+01 -7.692447E+02
1.679200E+01 -7.648249E+02
1.680000E+01 -7.671340E+02
1.680800E+01 -7.686568E+02
1.681600E+01 -7.706962E+02
1.682400E+01 -7.643995E+02
1.683200E+01 -7.643397E+02
1.684000E+01 -7.708587E+02
1.684800E+01 -7.679445E+02
1.685600E+01 -7.696613E+02
1.686400E+01 -7.694098E+02
1.687200E+01 -7.722879E+02
1.688000E+01 -7.772077E+02
1.688800E+01 -7.722059E+02
1.689600E+01 -7.716299E+02
1.690400E+01 -7.706905E+02
1.691200E+01 -7.699779E+02
1.692000E+01 -7.732410E+02
1.692800E+01 -7.723288E+02
1.693600E+01 -7.733362E+02
1.694400E+01 -7.722229E+02
1.695200E+01 -7.722709E+02
1.696000E+01 -7.707449E+02
1.696800E+01 -7.708902E+02
1.697600E+01 -7.752090E+02
1.698400E+01 -7.723667E+02
1.699200E+01 -7.765800E+02
1.700000E+01 -7.763949E+02
1.700800E+01 -7.686404E+02
1.701600E+01 -7.684564E+02
1.702400E+01 -7.721921E+02
1.703200E+01 -7.747361E+02
1.704000E+01 -7.734199E+02
1.704800E+01 -7.732654E+02
1.705600E+01 -7.742493E+02
1.706400E+01 -7.733245E+02
1.707200E+01 -7.715156E+02
1.708000E+01 -7.666923E+02
1.708800E+01 -7.689694E+02
1.709600E+01 -7.735612E+02
1.710400E+01 -7.684715E+02
1.711200E+01 -7.685317E+02
1.712000E+01 -7.767656E+02
1.712800E+01 -7.797565E+02
1.713600E+01 -7.731527E+02
1.714400E+01 -7.741301E+02
1.715200E+01 -7.788886E+02
1.716000E+01 -7.758255E+02
1.716800E+01 -7.783563E+02
1.717600E+01 -7.776234E+02
1.718400E+01 -7.737156E+02
1.719200E+01 -7.752858E+02
1.720000E+01 -7.772392E+02
1.720800E+01 -7.822774E+02
1.721600E+01 -7.777137E+02
1.722400E+01 -7.750211E+02
1.723200E+01 -7.800084E+02
1.724000E+01 -7.717566E+02
1.724800E+01 -7.620888E+02
1.725600E+01 -7.625821E+02
1.726400E+01 -7.674853E+02
1.727200E+01 -7.680445E+02
1.728000E+01 -7.653675E+02
1.728800E+01 -7.619473E+02
1.729600E+01 -7.608276E+02
1.730400E+01 -7.610083E+02
1.731200E+01 -7.614306E+02
1.732000E+01 -7.622094E+02
1.732800E+01 -7.601409E+02
1.733600E+01 -7.623820E+02
1.734400E+01 -7.615824E+02
1.735200E+01 -7.589865E+02
1.736000E+01 -7.561555E+02
1.736800E+01 -7.589902E+02
1.737600E+01 -7.642892E+02
1.738400E+01 -7.585798E+02
1.739200E+01 -7.593858E+02
1.740000E+01 -7.653264E+02
1.740800E+01 -7.673983E+02
1.741600E+01 -7.595975E+02
1.742400E+01 -7.547723E+02
1.743200E+01 -7.717220E+02
1.744000E+01 -7.685101E+02
1.744800E+01 -7.604569E+02
1.745600E+01 -7.631542E+02
1.746400E+01 -7.640381E+02
1.747200E+01 -7.590011E+02
1.748000E+01 -7.599128E+02
1.748800E+01 -7.625133E+02
1.749600E+01 -7.614372E+02
1.750400E+01 -7.638658E+02
1.751200E+01 -7.577800E+02
1.752000E+01 -7.514342E+02
1.752800E+01 -7.529471E+02
1.753600E+01 -7.631615E+02
1.754400E+01 -7.570967E+02
1.755200E+01 -7.500803E+02
1.756000E+01 -7.569274E+02
1.756800E+01 -7.526050E+02
1.757600E+01 -7.557967E+02
1.758400E+01 -7.588989E+02
1.759200E+01 -7.460686E+02
1.760000E+01 -7.482594E+02
1.760800E+01 -7.568635E+02
1.761600E+01 -7.516849E+02
1.762400E+01 -7.452667E+02
1.763200E+01 -7.408709E+02
1.764000E+01 -7.481958E+02
1.764800E+01 -7.470023E+02
1.765600E+01 -7.489185E+02
1.766400E+01 -7.531577E+02
1.767200E+01 -7.500559E+02
1.768000E+01 -7.530785E+02
1.768800E+01 -7.520471E+02
1.769600E+01 -7.491430E+02
1.770400E+01 -7.565135E+02
1.771200E+01 -7.523951E+02
1.772000E+01 -7.517263E+02
1.772800E+01 -7.516723E+02
1.773600E+01 -7.407664E+02
1.774400E+01 -7.429901E+02
1.775200E+01 -7.538429E+02
1.776000E+01 -7.531220E+02
1.776800E+01 -7.502656E+02
1.777600E+01 -7.532334E+02
1.778400E+01 -7.532616E+02
1.779200E+01 -7.528353E+02
1.780000E+01 -7.604973E+02
1.780800E+01 -7.591914E+02
1.781600E+01 -7.505491E+02
1.782400E+01 -7.561130E+02
1.783200E+01 -7.574554E+02
1.784000E+01 -7.548102E+02
1.784800E+01 -7.516956E+02
1.785600E+01 -7.506128E+02
1.786400E+01 -7.605417E+02
1.787200E+01 -7.631641E+02
1.788000E+01 -7.569048E+02
1.788800E+01 -7.587726E+02
1.789600E+01 -7.589393E+02
1.790400E+01 -7.508974E+02
1.791200E+01 -7.547566E+02
1.792000E+01 -7.611275E+02
1.792800E+01 -7.556965E+02
1.793600E+01 -7.611853E+02
1.794400E+01 -7.659336E+02
1.795200E+01 -7.559248E+02
1.796000E+01 -7.503004E+02
1.796800E+01 -7.546104E+02
1.797600E+01 -7.655924E+02
1.798400E+01 -7.671880E+02
1.799200E+01 -7.576842E+02
1.800000E+01 -7.614230E+02
1.800800E+01 -7.673806E+02
1.801600E+01 -7.598379E+02
1.802400E+01 -7.619694E+02
1.803200E+01 -7.659292E+02
1.804000E+01 -7.554228E+02
1.804800E+01 -7.576131E+02
1.805600E+01 -7.673361E+02
1.806400E+01 -7.638845E+02
1.807200E+01 -7.628161E+02
1.808000E+01 -7.733076E+02
1.808800E+01 -7.688014E+02
1.809600E+01 -7.624432E+02
1.810400E+01 -7.663326E+02
1.811200E+01 -7.614161E+02
1.812000E+01 -7.594947E+02
1.812800E+01 -7.649244E+02
1.813600E+01 -7.691447E+02
1.814400E+01 -7.710474E+02
1.815200E+01 -7.668097E+02
1.816000E+01 -7.616202E+02
1.816800E+01 -7.621668E+02
1.817600E+01 -7.627455E+02
1.818400E+01 -7.600281E+02
1.819200E+01 -7.552846E+02
1.820000E+01 -7.608951E+02
1.820800E+01 -7.687341E+02
1.821600E+01 -7.629939E+02
1.822400E+01 -7.623609E+02
1.823200E+01 -7.692660E+02
1.824000E+01 -7.692834E+02
1.824800E+01 -7.677170E+02
1.825600E+01 -7.671268E+02
1.826400E+01 -7.621823E+02
1.827200E+01 -7.667501E+02
1.828000E+01 -7.683400E+02
1.828800E+01 -7.662320E+02
1.829600E+01 -7.731987E+02
1.830400E+01 -7.723872E+02
1.831200E+01 -7.729335E+02
1.832000E+01 -7.746586E+02
1.832800E+01 -7.739737E+02
1.833600E+01 -7.681966E+02
1.834400E+01 -7.621472E+02
1.835200E+01 -7.719272E+02
1.836000E+01 -7.733910E+02
1.836800E+01 -7.713182E+02
1.837600E+01 -7.755557E+02
1.838400E+01 -7.674834E+02
1.839200E+01 -7.674802E+02
1.840000E+01 -7.694938E+02
1.840800E+01 -7.678622E+02
1.841600E+01 -7.698796E+02
1.842400E+01 -7.710207E+02
1.843200E+01 -7.678297E+02
1.844000E+01 -7.698444E+02
1.844800E+01 -7.752956E+02
1.845600E+01 -7.746820E+02
1.846400E+01 -7.695382E+02
1.847200E+01 -7.642876E+02
1.848000E+01 -7.608996E+02
1.848800E+01 -7.643689E+02
1.849600E+01 -7.701801E+02
1.850400E+01 -7.647866E+02
1.851200E+01 -7.628766E+02
1.852000E+01 -7.663015E+02
1.852800E+01 -7.740615E+02
1.853600E+01 -7.731310E+02
1.854400E+01 -7.636655E+02
1.855200E+01 -7.630441E+02
1.856000E+01 -7.665977E+02
1.856800E+01 -7.656704E+02
1.857600E+01 -7.595807E+02
1.858400E+01 -7.561077E+02
1.859200E+01 -7.657022E+02
1.860000E+01 -7.665452E+02
1.860800E+01 -7.587632E+02
1.861600E+01 -7.584431E+02
1.862400E+01 -7.557177E+02
1.863200E+01 -7.601542E+02
1.864000E+01 -7.705031E+02
1.864800E+01 -7.687934E+02
1.865600E+01 -7.608994E+02
1.866400E+01 -7.651561E+02
1.867200E+01 -7.677995E+02
1.868000E+01 -7.575468E+02
1.868800E+01 -7.610288E+02
1.869600E+01 -7.635829E+02
1.870400E+01 -7.547475E+02
1.871200E+01 -7.554288E+02
1.872000E+01 -7.575246E+02
1.872800E+01 -7.582788E+02
1.873600E+01 -7.579140E+02
1.874400E+01 -7.563109E+02
1.875200E+01 -7.551431E+02
1.876000E+01 -7.583684E+02
1.876800E+01 -7.592733E+02
1.877600E+01 -7.520831E+02
1.878400E+01 -7.593647E+02
1.879200E+01 -7.677204E+02
1.880000E+01 -7.576688E+02
1.880800E+01 -7.489536E+02
1.881600E+01 -7.471946E+02
1.882400E+01 -7.476074E+02
1.883200E+01 -7.538768E+02
1.884000E+01 -7.503877E+02
1.884800E+01 -7.476779E+02
1.885600E+01 -7.542213E+02
1.886400E+01 -7.533466E+02
1.887200E+01 -7.519564E+02
1.888000E+01 -7.547612E+02
1.888800E+01 -7.481042E+02
1.889600E+01 -7.434213E+02
1.890400E+01 -7.465713E+02
1.891200E+01 -7.477383E+02
1.892000E+01 -7.557273E+02
1.892800E+01 -7.597196E+02
1.893600E+01 -7.503920E+02
1.894400E+01 -7.527265E+02
1.895200E+01 -7.487934E+02
1.896000E+01 -7.514330E+02
1.896800E+01 -7.636348E+02
1.897600E+01 -7.535349E+02
1.898400E+01 -7.523301E+02
1.899200E+01 -7.555799E+02
1.900000E+01 -7.536339E+02
1.900800E+01 -7.476259E+02
1.901600E+01 -7.454655E+02
1.902400E+01 -7.466071E+02
1.903200E+01 -7.455662E+02
1.904000E+01 -7.482542E+02
1.904800E+01 -7.504301E+02
1.905600E+01 -7.516057E+02
1.906400E+01 -7.518520E+02
1.907200E+01 -7.600794E+02
1.908000E+01 -7.580186E+02
1.908800E+01 -7.419400E+02
1.909600E+01 -7.451115E+02
1.910400E+01 -7.483138E+02
1.911200E+01 -7.459622E+02
1.912000E+01 -7.555309E+02
1.912800E+01 -7.536915E+02
1.913600E+01 -7.461927E+02
1.914400E+01 -7.537186E+02
1.915200E+01 -7.574533E+02
1.916000E+01 -7.515853E+02
1.916800E+01 -7.512376E+02
1.917600E+01 -7.550303E+02
1.918400E+01 -7.523354E+02
1.919200E+01 -7.596265E+02
1.920000E+01 -7.628686E+02
1.920800E+01 -7.569589E+02
1.921600E+01 -7.464543E+02
1.922400E+01 -7.504182E+02
1.923200E+01 -7.554785E+02
1.924000E+01 -7.536118E+02
1.924800E+01 -7.593749E+02
1.925600E+01 -7.566416E+02
1.926400E+01 -7.579828E+02
1.927200E+01 -7.571748E+02
1.928000E+01 -7.531325E+02
1.928800E+01 -7.609190E+02
1.929600E+01 -7.556157E+02
1.930400E+01 -7.557689E+02
1.931200E+01 -7.567209E+02
1.932000E+01 -7.526514E+02
1.932800E+01 -7.644845E+02
1.933600E+01 -7.598384E+02
1.934400E+01 -7.606587E+02
1.935200E+01 -7.556495E+02
1.936000E+01 -7.589721E+02
1.936800E+01 -7.717664E+02
1.937600E+01 -7.599292E+02
1.938400E+01 -7.627811E+02
1.939200E+01 -7.666210E+02
1.940000E+01 -7.608391E+02
1.940800E+01 -7.656695E+02
1.941600E+01 -7.632780E+02
1.942400E+01 -7.667369E+02
1.943200E+01 -7.760411E+02
1.944000E+01 -7.717523E+02
1.944800E+01 -7.672111E+02
1.945600E+01 -7.669489E+02
1.946400E+01 -7.727131E+02
1.947200E+01 -7.734072E+02
1.948000E+01 -7.655336E+02
1.948800E+01 -7.738494E+02
1.949600E+01 -7.717975E+02
1.950400E+01 -7.730815E+02
1.951200E+01 -7.745200E+02
1.952000E+01 -7.702284E+02
1.952800E+01 -7.782281E+02
1.953600E+01 -7.712549E+02
1.954400E+01 -7.774231E+02
1.955200E+01 -7.819421E+02
1.956000E+01 -7.746707E+02
1.956800E+01 -7.789015E+02
1.957600E+01 -7.775196E+02
1.958400E+01 -7.798838E+02
1.959200E+01 -7.748659E+02
1.960000E+01 -7.758859E+02
1.960800E+01 -7.777798E+02
1.961600E+01 -7.786184E+02
1.962400E+01 -7.812030E+02
1.963200E+01 -7.732421E+02
1.964000E+01 -7.731893E+02
1.964800E+01 -7.753532E+02
1.965600E+01 -7.790430E+02
1.966400E+01 -7.721860E+02
1.967200E+01 -7.720994E+02
1.968000E+01 -7.784098E+02
1.968800E+01 -7.729386E+02
1.969600E+01 -7.707375E+02
1.970400E+01 -7.761651E+02
1.971200E+01 -7.783241E+02
1.972000E+01 -7.764727E+02
1.972800E+01 -7.751260E+02
1.973600E+01 -7.776582E+02
1.974400E+01 -7.823787E+02
1.975200E+01 -7.777113E+02
1.976000E+01 -7.729444E+02
1.976800E+01 -7.720901E+02
1.977600E+01 -7.789875E+02
1.978400E+01 -7.765395E+02
1.979200E+01 -7.684019E+02
1.980000E+01 -7.795257E+02
1.980800E+01 -7.796340E+02
1.981600E+01 -7.764560E+02
1.982400E+01 -7.796940E+02
1.983200E+01 -7.784015E+02
1.984000E+01 -7.811575E+02
1.984800E+01 -7.770956E+02
1.985600E+01 -7.770390E+02
1.986400E+01 -7.786718E+02
1.987200E+01 -7.750006E+02
1.988000E+01 -7.792148E+02
1.988800E+01 -7.762454E+02
1.989600E+01 -7.823961E+02
1.990400E+01 -7.823321E+02
1.991200E+01 -7.797082E+02
1.992000E+01 -7.805620E+02
1.992800E+01 -7.765576E+02
1.993600E+01 -7.758374E+02
1.994400E+01 -7.721773E+02
1.995200E+01 -7.736819E+02
1.996000E+01 -7.721343E+02
1.996800E+01 -7.712083E+02
1.997600E+01 -7.767472E+02
1.998400E+01 -7.793205E+02
1.999200E+01 -7.773473E+02
2.000000E+01 -7.687121E+02
