8.000000E-03 1.615707E+02
1.600000E-02 2.595892E+02
2.400000E-02 3.518672E+02
3.200000E-02 4.199761E+02
4.000000E-02 4.597597E+02
4.800000E-02 4.267144E+02
5.600000E-02 5.037401E+02
6.400000E-02 5.914886E+02
7.200000E-02 4.674356E+02
8.000000E-02 4.296153E+02
8.800000E-02 4.991864E+02
9.600000E-02 4.892106E+02
1.040000E-01 3.938982E+02
1.120000E-01 3.485081E+02
1.200000E-01 3.486552E+02
1.280000E-01 3.241473E+02
1.360000E-01 3.060614E+02
1.440000E-01 2.801353E+02
1.520000E-01 2.794847E+02
1.600000E-01 2.527651E+02
1.680000E-01 1.955512E+02
1.760000E-01 1.722747E+02
1.840000E-01 1.734637E+02
1.920000E-01 1.785687E+02
2.000000E-01 1.685079E+02
2.080000E-01 1.464401E+02
2.160000E-01 1.403909E+02
2.240000E-01 1.200443E+02
2.320000E-01 1.207244E+02
2.400000E-01 1.260106E+02
2.480000E-01 1.080908E+02
2.560000E-01 1.162618E+02
2.640000E-01 1.118277E+02
2.720000E-01 8.417640E+01
2.800000E-01 9.209364E+01
2.880000E-01 9.470777E+01
2.960000E-01 7.774246E+01
3.040000E-01 7.974796E+01
3.120000E-01 8.455451E+01
3.200000E-01 8.762941E+01
3.280000E-01 8.660693E+01
3.360000E-01 7.342258E+01
3.440000E-01 6.672335E+01
3.520000E-01 7.524050E+01
3.600000E-01 7.710358E+01
3.680000E-01 6.918957E+01
3.760000E-01 6.809033E+01
3.840000E-01 6.433122E+01
3.920000E-01 6.208615E+01
4.000000E-01 6.522080E+01
4.080000E-01 5.821721E+01
4.160000E-01 5.050623E+01
4.240000E-01 4.782189E+01
4.320000E-01 4.511054E+01
4.400000E-01 3.946917E+01
4.480000E-01 3.233922E+01
4.560000E-01 2.553200E+01
4.640000E-01 2.385379E+01
4.720000E-01 2.644396E+01
4.800000E-01 2.489491E+01
4.880000E-01 2.112724E+01
4.960000E-01 1.847327E+01
5.040000E-01 1.845810E+01
5.120000E-01 2.086956E+01
5.200000E-01 1.956622E+01
5.280000E-01 1.669106E+01
5.360000E-01 1.539614E+01
5.440000E-01 1.461433E+01
5.520000E-01 1.482700E+01
5.600000E-01 1.444818E+01
5.680000E-01 1.266669E+01
5.760000E-01 1.194179E+01
5.840000E-01 1.189187E+01
5.920000E-01 1.114923E+01
6.000000E-01 9.515175E+00
6.080000E-01 8.665893E+00
6.160000E-01 8.946563E+00
6.240000E-01 8.415120E+00
6.320000E-01 7.760506E+00
6.400000E-01 7.386738E+00
6.480000E-01 6.319930E+00
6.560000E-01 5.791346E+00
6.640000E-01 6.134124E+00
6.720000E-01 6.180364E+00
6.800000E-01 6.034239E+00
6.880000E-01 5.914080E+00
6.960000E-01 5.994649E+00
7.040000E-01 5.891779E+00
7.120000E-01 5.672003E+00
7.200000E-01 5.856189E+00
7.280000E-01 5.747250E+00
7.360000E-01 5.587951E+00
7.440000E-01 5.451714E+00
7.520000E-01 5.027566E+00
7.600000E-01 5.076412E+00
7.680000E-01 5.159025E+00
7.760000E-01 4.983983E+00
7.840000E-01 5.049926E+00
7.920000E-01 4.917954E+00
8.000000E-01 4.947714E+00
8.080000E-01 5.101788E+00
8.160000E-01 4.769831E+00
8.240000E-01 4.675882E+00
8.320000E-01 4.836649E+00
8.400000E-01 5.158798E+00
8.480000E-01 5.488896E+00
8.560000E-01 5.358603E+00
8.640000E-01 5.397744E+00
8.720000E-01 5.643264E+00
8.800000E-01 5.743831E+00
8.880000E-01 5.728982E+00
8.960000E-01 5.701045E+00
9.040000E-01 6.121853E+00
9.120000E-01 6.411028E+00
9.200000E-01 6.321999E+00
9.280000E-01 6.677050E+00
9.360000E-01 7.095731E+00
9.440000E-01 7.513453E+00
9.520000E-01 8.058423E+00
9.600000E-01 8.373881E+00
9.680000E-01 9.015561E+00
9.760000E-01 9.844856E+00
9.840000E-01 1.065348E+01
9.920000E-01 1.179017E+01
1.000000E+00 1.284013E+01
1.008000E+00 1.384259E+01
1.016000E+00 1.493238E+01
1.024000E+00 1.605061E+01
1.032000E+00 1.727903E+01
1.040000E+00 1.843960E+01
1.048000E+00 1.994136E+01
1.056000E+00 2.151624E+01
1.064000E+00 2.241907E+01
1.072000E+00 2.287193E+01
1.080000E+00 2.286081E+01
1.088000E+00 2.283603E+01
1.096000E+00 2.361157E+01
1.104000E+00 2.507019E+01
1.112000E+00 2.705739E+01
1.120000E+00 2.931804E+01
1.128000E+00 3.164632E+01
1.136000E+00 3.439167E+01
1.144000E+00 3.732093E+01
1.152000E+00 4.047081E+01
1.160000E+00 4.379315E+01
1.168000E+00 4.685011E+01
1.176000E+00 5.044640E+01
1.184000E+00 5.457839E+01
1.192000E+00 5.891746E+01
1.200000E+00 6.291980E+01
1.208000E+00 6.600096E+01
1.216000E+00 6.901581E+01
1.224000E+00 7.223062E+01
1.232000E+00 7.590345E+01
1.240000E+00 7.958864E+01
1.248000E+00 8.352966E+01
1.256000E+00 8.920795E+01
1.264000E+00 9.603322E+01
1.272000E+00 1.043067E+02
1.280000E+00 1.140169E+02
1.288000E+00 1.233246E+02
1.296000E+00 1.317145E+02
1.304000E+00 1.375976E+02
1.312000E+00 1.405892E+02
1.320000E+00 1.462664E+02
1.328000E+00 1.589687E+02
1.336000E+00 1.765497E+02
1.344000E+00 1.909993E+02
1.352000E+00 2.038698E+02
1.360000E+00 2.234315E+02
1.368000E+00 2.349113E+02
1.376000E+00 2.439255E+02
1.384000E+00 2.607833E+02
1.392000E+00 2.645057E+02
1.400000E+00 2.576572E+02
1.408000E+00 2.623418E+02
1.416000E+00 2.652186E+02
1.424000E+00 2.734162E+02
1.432000E+00 2.847322E+02
1.440000E+00 2.850598E+02
1.448000E+00 2.799406E+02
1.456000E+00 2.710027E+02
1.464000E+00 2.700189E+02
1.472000E+00 2.816714E+02
1.480000E+00 2.885422E+02
1.488000E+00 3.049167E+02
1.496000E+00 3.013057E+02
1.504000E+00 2.837349E+02
1.512000E+00 2.732270E+02
1.520000E+00 2.507190E+02
1.528000E+00 2.331072E+02
1.536000E+00 2.112324E+02
1.544000E+00 1.788196E+02
1.552000E+00 1.817991E+02
1.560000E+00 1.881498E+02
1.568000E+00 1.895229E+02
1.576000E+00 1.988618E+02
1.584000E+00 1.888850E+02
1.592000E+00 1.581588E+02
1.600000E+00 1.347453E+02
1.608000E+00 1.228522E+02
1.616000E+00 9.649539E+01
1.624000E+00 8.912524E+01
1.632000E+00 9.470588E+01
1.640000E+00 9.820015E+01
1.648000E+00 1.183051E+02
1.656000E+00 1.144226E+02
1.664000E+00 9.872579E+01
1.672000E+00 9.780064E+01
1.680000E+00 9.716475E+01
1.688000E+00 9.350524E+01
1.696000E+00 8.003922E+01
1.704000E+00 8.097930E+01
1.712000E+00 9.369945E+01
1.720000E+00 9.798194E+01
1.728000E+00 9.750530E+01
1.736000E+00 9.461660E+01
1.744000E+00 9.474427E+01
1.752000E+00 8.853012E+01
1.760000E+00 7.743299E+01
1.768000E+00 7.614127E+01
1.776000E+00 6.505742E+01
1.784000E+00 6.181949E+01
1.792000E+00 7.550600E+01
1.800000E+00 7.901840E+01
1.808000E+00 7.401995E+01
1.816000E+00 6.996484E+01
1.824000E+00 6.655380E+01
1.832000E+00 5.694645E+01
1.840000E+00 4.459028E+01
1.848000E+00 4.660554E+01
1.856000E+00 4.624663E+01
1.864000E+00 5.263210E+01
1.872000E+00 5.569347E+01
1.880000E+00 5.176489E+01
1.888000E+00 5.443564E+01
1.896000E+00 5.468580E+01
1.904000E+00 5.308397E+01
1.912000E+00 5.085124E+01
1.920000E+00 4.980737E+01
1.928000E+00 4.659087E+01
1.936000E+00 4.184777E+01
1.944000E+00 3.850579E+01
1.952000E+00 3.909750E+01
1.960000E+00 4.125168E+01
1.968000E+00 3.779228E+01
1.976000E+00 3.881735E+01
1.984000E+00 4.537263E+01
1.992000E+00 4.248060E+01
2.000000E+00 4.034559E+01
2.008000E+00 4.089523E+01
2.016000E+00 4.054190E+01
2.024000E+00 4.024058E+01
2.032000E+00 3.986491E+01
2.040000E+00 4.165233E+01
2.048000E+00 3.897113E+01
2.056000E+00 3.542439E+01
2.064000E+00 4.285503E+01
2.072000E+00 4.478508E+01
2.080000E+00 3.939303E+01
2.088000E+00 4.126528E+01
2.096000E+00 4.290249E+01
2.104000E+00 4.138461E+01
2.112000E+00 4.038118E+01
2.120000E+00 3.980336E+01
2.128000E+00 3.961217E+01
2.136000E+00 4.379637E+01
2.144000E+00 4.640429E+01
2.152000E+00 4.446702E+01
2.160000E+00 4.366381E+01
2.168000E+00 4.560763E+01
2.176000E+00 5.180860E+01
2.184000E+00 5.035120E+01
2.192000E+00 4.393166E+01
2.200000E+00 4.507051E+01
2.208000E+00 5.118032E+01
2.216000E+00 5.615875E+01
2.224000E+00 5.395878E+01
2.232000E+00 5.422209E+01
2.240000E+00 5.542964E+01
2.248000E+00 5.403035E+01
2.256000E+00 5.410966E+01
2.264000E+00 6.126156E+01
2.272000E+00 6.358237E+01
2.280000E+00 6.251286E+01
2.288000E+00 6.837061E+01
2.296000E+00 6.750116E+01
2.304000E+00 6.384194E+01
2.312000E+00 6.451062E+01
2.320000E+00 6.759508E+01
2.328000E+00 7.556722E+01
2.336000E+00 8.594704E+01
2.344000E+00 9.088191E+01
2.352000E+00 9.086869E+01
2.360000E+00 9.619193E+01
2.368000E+00 9.853982E+01
2.376000E+00 9.854763E+01
2.384000E+00 1.055151E+02
2.392000E+00 1.014812E+02
2.400000E+00 1.002249E+02
2.408000E+00 1.013681E+02
2.416000E+00 1.029834E+02
2.424000E+00 1.082104E+02
2.432000E+00 1.071196E+02
2.440000E+00 1.071354E+02
2.448000E+00 1.246727E+02
2.456000E+00 1.322608E+02
2.464000E+00 1.241919E+02
2.472000E+00 1.292206E+02
2.480000E+00 1.277909E+02
2.488000E+00 1.300227E+02
2.496000E+00 1.305983E+02
2.504000E+00 1.309677E+02
2.512000E+00 1.400582E+02
2.520000E+00 1.473884E+02
2.528000E+00 1.520327E+02
2.536000E+00 1.459319E+02
2.544000E+00 1.506419E+02
2.552000E+00 1.523056E+02
2.560000E+00 1.489292E+02
2.568000E+00 1.578897E+02
2.576000E+00 1.484319E+02
2.584000E+00 1.473384E+02
2.592000E+00 1.407968E+02
2.600000E+00 1.325447E+02
2.608000E+00 1.380643E+02
2.616000E+00 1.486052E+02
2.624000E+00 1.508506E+02
2.632000E+00 1.380833E+02
2.640000E+00 1.352885E+02
2.648000E+00 1.271180E+02
2.656000E+00 1.418919E+02
2.664000E+00 1.546630E+02
2.672000E+00 1.509762E+02
2.680000E+00 1.428892E+02
2.688000E+00 1.472688E+02
2.696000E+00 1.529227E+02
2.704000E+00 1.428095E+02
2.712000E+00 1.392694E+02
2.720000E+00 1.454967E+02
2.728000E+00 1.290678E+02
2.736000E+00 1.046100E+02
2.744000E+00 1.251878E+02
2.752000E+00 1.242959E+02
2.760000E+00 1.059832E+02
2.768000E+00 1.173539E+02
2.776000E+00 1.362944E+02
2.784000E+00 1.323187E+02
2.792000E+00 1.250764E+02
2.800000E+00 1.325085E+02
2.808000E+00 1.244022E+02
2.816000E+00 1.139235E+02
2.824000E+00 1.105908E+02
2.832000E+00 1.224785E+02
2.840000E+00 1.232790E+02
2.848000E+00 1.162768E+02
2.856000E+00 1.258095E+02
2.864000E+00 1.247007E+02
2.872000E+00 1.296323E+02
2.880000E+00 1.253600E+02
2.888000E+00 1.197631E+02
2.896000E+00 1.190895E+02
2.904000E+00 1.144059E+02
2.912000E+00 1.102171E+02
2.920000E+00 1.059094E+02
2.928000E+00 9.382085E+01
2.936000E+00 9.741669E+01
2.944000E+00 1.068842E+02
2.952000E+00 9.737423E+01
2.960000E+00 1.032349E+02
2.968000E+00 9.228562E+01
2.976000E+00 7.928201E+01
2.984000E+00 8.244646E+01
2.992000E+00 9.056777E+01
3.000000E+00 1.002213E+02
3.008000E+00 9.007570E+01
3.016000E+00 7.690239E+01
3.024000E+00 8.889051E+01
3.032000E+00 1.005419E+02
3.040000E+00 1.063303E+02
3.048000E+00 1.068273E+02
3.056000E+00 9.537920E+01
3.064000E+00 1.015374E+02
3.072000E+00 1.079883E+02
3.080000E+00 1.002275E+02
3.088000E+00 1.095456E+02
3.096000E+00 1.099010E+02
3.104000E+00 1.029020E+02
3.112000E+00 1.083346E+02
3.120000E+00 1.096890E+02
3.128000E+00 1.057671E+02
3.136000E+00 1.029997E+02
3.144000E+00 1.000139E+02
3.152000E+00 1.113220E+02
3.160000E+00 1.004441E+02
3.168000E+00 8.811304E+01
3.176000E+00 1.055422E+02
3.184000E+00 1.056846E+02
3.192000E+00 1.028546E+02
3.200000E+00 9.895538E+01
3.208000E+00 8.758788E+01
3.216000E+00 9.367248E+01
3.224000E+00 9.697471E+01
3.232000E+00 8.866138E+01
3.240000E+00 9.488492E+01
3.248000E+00 9.706020E+01
3.256000E+00 9.146258E+01
3.264000E+00 9.619033E+01
3.272000E+00 8.760753E+01
3.280000E+00 8.742452E+01
3.288000E+00 8.956346E+01
3.296000E+00 8.622914E+01
3.304000E+00 8.440777E+01
3.312000E+00 8.619385E+01
3.320000E+00 8.795967E+01
3.328000E+00 7.322685E+01
3.336000E+00 6.921339E+01
3.344000E+00 7.608924E+01
3.352000E+00 7.065387E+01
3.360000E+00 6.520052E+01
3.368000E+00 7.232359E+01
3.376000E+00 8.337931E+01
3.384000E+00 7.479285E+01
3.392000E+00 7.198137E+01
3.400000E+00 8.401160E+01
3.408000E+00 8.302740E+01
3.416000E+00 7.400940E+01
3.424000E+00 7.284092E+01
3.432000E+00 7.768736E+01
3.440000E+00 7.731935E+01
3.448000E+00 7.763986E+01
3.456000E+00 8.467990E+01
3.464000E+00 7.990235E+01
3.472000E+00 7.984032E+01
3.480000E+00 9.191516E+01
3.488000E+00 8.983105E+01
3.496000E+00 8.539337E+01
3.504000E+00 8.761325E+01
3.512000E+00 8.949604E+01
3.520000E+00 8.002145E+01
3.528000E+00 8.676092E+01
3.536000E+00 8.607233E+01
3.544000E+00 8.013784E+01
3.552000E+00 9.721322E+01
3.560000E+00 9.443586E+01
3.568000E+00 9.158815E+01
3.576000E+00 9.599478E+01
3.584000E+00 9.388070E+01
3.592000E+00 8.509046E+01
3.600000E+00 7.904102E+01
3.608000E+00 8.203652E+01
3.616000E+00 7.146041E+01
3.624000E+00 6.594797E+01
3.632000E+00 6.906360E+01
3.640000E+00 7.178362E+01
3.648000E+00 7.289386E+01
3.656000E+00 7.275784E+01
3.664000E+00 6.506139E+01
3.672000E+00 6.129336E+01
3.680000E+00 6.505733E+01
3.688000E+00 6.377930E+01
3.696000E+00 6.428855E+01
3.704000E+00 6.484896E+01
3.712000E+00 6.104377E+01
3.720000E+00 5.642429E+01
3.728000E+00 5.825659E+01
3.736000E+00 6.338915E+01
3.744000E+00 7.008977E+01
3.752000E+00 6.708895E+01
3.760000E+00 7.747625E+01
3.768000E+00 8.096916E+01
3.776000E+00 8.360951E+01
3.784000E+00 9.302597E+01
3.792000E+00 8.220024E+01
3.800000E+00 8.422169E+01
3.808000E+00 8.122560E+01
3.816000E+00 9.289703E+01
3.824000E+00 1.074800E+02
3.832000E+00 9.993811E+01
3.840000E+00 9.496159E+01
3.848000E+00 7.790537E+01
3.856000E+00 9.170302E+01
3.864000E+00 9.152073E+01
3.872000E+00 9.522600E+01
3.880000E+00 1.041606E+02
3.888000E+00 9.304603E+01
3.896000E+00 1.136918E+02
3.904000E+00 1.156409E+02
3.912000E+00 1.235763E+02
3.920000E+00 1.276765E+02
3.928000E+00 1.145985E+02
3.936000E+00 1.177831E+02
3.944000E+00 1.195394E+02
3.952000E+00 1.188687E+02
3.960000E+00 1.132745E+02
3.968000E+00 1.095288E+02
3.976000E+00 1.113975E+02
3.984000E+00 1.279696E+02
3.992000E+00 1.326932E+02
4.000000E+00 1.267822E+02
4.008000E+00 1.301027E+02
4.016000E+00 1.278564E+02
4.024000E+00 1.222952E+02
4.032000E+00 1.284173E+02
4.040000E+00 1.351375E+02
4.048000E+00 1.208946E+02
4.056000E+00 1.170793E+02
4.064000E+00 1.061567E+02
4.072000E+00 1.175247E+02
4.080000E+00 1.260884E+02
4.088000E+00 1.190832E+02
4.096000E+00 1.344954E+02
4.104000E+00 1.204608E+02
4.112000E+00 1.233006E+02
4.120000E+00 1.379889E+02
4.128000E+00 1.265943E+02
4.136000E+00 1.206225E+02
4.144000E+00 1.318428E+02
4.152000E+00 1.267240E+02
4.160000E+00 1.215984E+02
4.168000E+00 1.312448E+02
4.176000E+00 1.488071E+02
4.184000E+00 1.523099E+02
4.192000E+00 1.483889E+02
4.200000E+00 1.434452E+02
4.208000E+00 1.321157E+02
4.216000E+00 1.487987E+02
4.224000E+00 1.595304E+02
4.232000E+00 1.416499E+02
4.240000E+00 1.279375E+02
4.248000E+00 1.263409E+02
4.256000E+00 1.378651E+02
4.264000E+00 1.478911E+02
4.272000E+00 1.310016E+02
4.280000E+00 1.219561E+02
4.288000E+00 1.329956E+02
4.296000E+00 1.239727E+02
4.304000E+00 1.129679E+02
4.312000E+00 1.155203E+02
4.320000E+00 1.164654E+02
4.328000E+00 1.262789E+02
4.336000E+00 1.210664E+02
4.344000E+00 1.362852E+02
4.352000E+00 1.279860E+02
4.360000E+00 1.110155E+02
4.368000E+00 1.196920E+02
4.376000E+00 1.250364E+02
4.384000E+00 1.226398E+02
4.392000E+00 1.144481E+02
4.400000E+00 1.249703E+02
4.408000E+00 1.257436E+02
4.416000E+00 1.124021E+02
4.424000E+00 1.101391E+02
4.432000E+00 1.066061E+02
4.440000E+00 1.085499E+02
4.448000E+00 1.012821E+02
4.456000E+00 9.823722E+01
4.464000E+00 1.079383E+02
4.472000E+00 1.193272E+02
4.480000E+00 1.136466E+02
4.488000E+00 1.034009E+02
4.496000E+00 1.042117E+02
4.504000E+00 1.029576E+02
4.512000E+00 9.826608E+01
4.520000E+00 9.133546E+01
4.528000E+00 9.323100E+01
4.536000E+00 9.046377E+01
4.544000E+00 8.809051E+01
4.552000E+00 9.765555E+01
4.560000E+00 8.733752E+01
4.568000E+00 8.885101E+01
4.576000E+00 8.828241E+01
4.584000E+00 7.056291E+01
4.592000E+00 7.712415E+01
4.600000E+00 8.507300E+01
4.608000E+00 8.985503E+01
4.616000E+00 8.515901E+01
4.624000E+00 8.436214E+01
4.632000E+00 8.870154E+01
4.640000E+00 8.840161E+01
4.648000E+00 9.512673E+01
4.656000E+00 9.617915E+01
4.664000E+00 8.824183E+01
4.672000E+00 8.728357E+01
4.680000E+00 8.973376E+01
4.688000E+00 8.071378E+01
4.696000E+00 8.201532E+01
4.704000E+00 8.293203E+01
4.712000E+00 7.884785E+01
4.720000E+00 7.887933E+01
4.728000E+00 7.528625E+01
4.736000E+00 8.247767E+01
4.744000E+00 8.383236E+01
4.752000E+00 7.932522E+01
4.760000E+00 8.122925E+01
4.768000E+00 7.983123E+01
4.776000E+00 8.046082E+01
4.784000E+00 7.807975E+01
4.792000E+00 7.416611E+01
4.800000E+00 7.497071E+01
4.808000E+00 7.735870E+01
4.816000E+00 7.936698E+01
4.824000E+00 7.458540E+01
4.832000E+00 6.957021E+01
4.840000E+00 7.357344E+01
4.848000E+00 7.276506E+01
4.856000E+00 6.172641E+01
4.864000E+00 6.350433E+01
4.872000E+00 6.835733E+01
4.880000E+00 6.361905E+01
4.888000E+00 5.926770E+01
4.896000E+00 5.747309E+01
4.904000E+00 6.062407E+01
4.912000E+00 5.935248E+01
4.920000E+00 6.659609E+01
4.928000E+00 7.722589E+01
4.936000E+00 7.179490E+01
4.944000E+00 7.134736E+01
4.952000E+00 7.229453E+01
4.960000E+00 7.014230E+01
4.968000E+00 7.042970E+01
4.976000E+00 6.813544E+01
4.984000E+00 6.578578E+01
4.992000E+00 6.784225E+01
5.000000E+00 7.368215E+01
5.008000E+00 7.188438E+01
5.016000E+00 7.444817E+01
5.024000E+00 7.719848E+01
5.032000E+00 7.221325E+01
5.040000E+00 7.184967E+01
5.048000E+00 7.215394E+01
5.056000E+00 7.210194E+01
5.064000E+00 6.538152E+01
5.072000E+00 6.992551E+01
5.080000E+00 8.941592E+01
5.088000E+00 9.397301E+01
5.096000E+00 9.321377E+01
5.104000E+00 1.011566E+02
5.112000E+00 9.824408E+01
5.120000E+00 8.836432E+01
5.128000E+00 8.523544E+01
5.136000E+00 8.824766E+01
5.144000E+00 9.022371E+01
5.152000E+00 9.620267E+01
5.160000E+00 9.817313E+01
5.168000E+00 9.710751E+01
5.176000E+00 9.847042E+01
5.184000E+00 1.052237E+02
5.192000E+00 1.024683E+02
5.200000E+00 9.542439E+01
5.208000E+00 1.042769E+02
5.216000E+00 1.108334E+02
5.224000E+00 1.068066E+02
5.232000E+00 1.022103E+02
5.240000E+00 1.118231E+02
5.248000E+00 1.028803E+02
5.256000E+00 1.031556E+02
5.264000E+00 1.184469E+02
5.272000E+00 1.075011E+02
5.280000E+00 1.134211E+02
5.288000E+00 1.050772E+02
5.296000E+00 1.038201E+02
5.304000E+00 1.052549E+02
5.312000E+00 9.427335E+01
5.320000E+00 9.988046E+01
5.328000E+00 9.987378E+01
5.336000E+00 1.018158E+02
5.344000E+00 8.719225E+01
5.352000E+00 9.972025E+01
5.360000E+00 1.125915E+02
5.368000E+00 9.649687E+01
5.376000E+00 1.056362E+02
5.384000E+00 1.106470E+02
5.392000E+00 1.164746E+02
5.400000E+00 1.145656E+02
5.408000E+00 1.027276E+02
5.416000E+00 1.151714E+02
5.424000E+00 1.142313E+02
5.432000E+00 1.055354E+02
5.440000E+00 1.066891E+02
5.448000E+00 1.087998E+02
5.456000E+00 1.000058E+02
5.464000E+00 1.202907E+02
5.472000E+00 1.151810E+02
5.480000E+00 1.069764E+02
5.488000E+00 1.276109E+02
5.496000E+00 1.102877E+02
5.504000E+00 1.303189E+02
5.512000E+00 1.430716E+02
5.520000E+00 1.438519E+02
5.528000E+00 1.410530E+02
5.536000E+00 1.374388E+02
5.544000E+00 1.400563E+02
5.552000E+00 1.490701E+02
5.560000E+00 1.489472E+02
5.568000E+00 1.434068E+02
5.576000E+00 1.538854E+02
5.584000E+00 1.526802E+02
5.592000E+00 1.394185E+02
5.600000E+00 1.363765E+02
5.608000E+00 1.406913E+02
5.616000E+00 1.452425E+02
5.624000E+00 1.425309E+02
5.632000E+00 1.320480E+02
5.640000E+00 1.320992E+02
5.648000E+00 1.427942E+02
5.656000E+00 1.340173E+02
5.664000E+00 1.249691E+02
5.672000E+00 1.294538E+02
5.680000E+00 1.296357E+02
5.688000E+00 1.257573E+02
5.696000E+00 1.179449E+02
5.704000E+00 1.235260E+02
5.712000E+00 1.250347E+02
5.720000E+00 1.114391E+02
5.728000E+00 1.082909E+02
5.736000E+00 1.023649E+02
5.744000E+00 9.672143E+01
5.752000E+00 1.018941E+02
5.760000E+00 9.339390E+01
5.768000E+00 9.439953E+01
5.776000E+00 1.080361E+02
5.784000E+00 1.063611E+02
5.792000E+00 1.129621E+02
5.800000E+00 1.160685E+02
5.808000E+00 1.055268E+02
5.816000E+00 9.805635E+01
5.824000E+00 9.983593E+01
5.832000E+00 1.120422E+02
5.840000E+00 1.223747E+02
5.848000E+00 1.161617E+02
5.856000E+00 1.079374E+02
5.864000E+00 1.159399E+02
5.872000E+00 1.090789E+02
5.880000E+00 9.865410E+01
5.888000E+00 9.857979E+01
5.896000E+00 1.046858E+02
5.904000E+00 1.045635E+02
5.912000E+00 8.675418E+01
5.920000E+00 9.767487E+01
5.928000E+00 1.024185E+02
5.936000E+00 9.301819E+01
5.944000E+00 8.936389E+01
5.952000E+00 9.630789E+01
5.960000E+00 8.944959E+01
5.968000E+00 8.587768E+01
5.976000E+00 8.834184E+01
5.984000E+00 7.933867E+01
5.992000E+00 8.478727E+01
6.000000E+00 9.211879E+01
6.008000E+00 9.225336E+01
6.016000E+00 9.955771E+01
6.024000E+00 9.319555E+01
6.032000E+00 9.126234E+01
6.040000E+00 9.045851E+01
6.048000E+00 9.402205E+01
6.056000E+00 9.522914E+01
6.064000E+00 9.912076E+01
6.072000E+00 1.027526E+02
6.080000E+00 9.934768E+01
6.088000E+00 9.950187E+01
6.096000E+00 7.844480E+01
6.104000E+00 8.195397E+01
6.112000E+00 9.585485E+01
6.120000E+00 8.920504E+01
6.128000E+00 8.114093E+01
6.136000E+00 8.370256E+01
6.144000E+00 7.787581E+01
6.152000E+00 7.738554E+01
6.160000E+00 8.906042E+01
6.168000E+00 7.901509E+01
6.176000E+00 7.584802E+01
6.184000E+00 7.878245E+01
6.192000E+00 6.858678E+01
6.200000E+00 5.733286E+01
6.208000E+00 5.506005E+01
6.216000E+00 6.201989E+01
6.224000E+00 6.628046E+01
6.232000E+00 7.021715E+01
6.240000E+00 6.864103E+01
6.248000E+00 6.921730E+01
6.256000E+00 7.364866E+01
6.264000E+00 6.948645E+01
6.272000E+00 7.447791E+01
6.280000E+00 8.106775E+01
6.288000E+00 7.442172E+01
6.296000E+00 7.493751E+01
6.304000E+00 7.334651E+01
6.312000E+00 6.571550E+01
6.320000E+00 7.209375E+01
6.328000E+00 7.537270E+01
6.336000E+00 7.299112E+01
6.344000E+00 8.155841E+01
6.352000E+00 8.100232E+01
6.360000E+00 8.305081E+01
6.368000E+00 8.587200E+01
6.376000E+00 8.364745E+01
6.384000E+00 7.444166E+01
6.392000E+00 6.902036E+01
6.400000E+00 7.627791E+01
6.408000E+00 7.826140E+01
6.416000E+00 7.135593E+01
6.424000E+00 6.713064E+01
6.432000E+00 6.955620E+01
6.440000E+00 7.253402E+01
6.448000E+00 7.199383E+01
6.456000E+00 6.615291E+01
6.464000E+00 7.318145E+01
6.472000E+00 7.649557E+01
6.480000E+00 7.019709E+01
6.488000E+00 7.542211E+01
6.496000E+00 8.238825E+01
6.504000E+00 8.011272E+01
6.512000E+00 8.410269E+01
6.520000E+00 8.853536E+01
6.528000E+00 8.785405E+01
6.536000E+00 8.031101E+01
6.544000E+00 8.537243E+01
6.552000E+00 9.691945E+01
6.560000E+00 9.699804E+01
6.568000E+00 1.077550E+02
6.576000E+00 1.026904E+02
6.584000E+00 9.636926E+01
6.592000E+00 1.006921E+02
6.600000E+00 9.426129E+01
6.608000E+00 9.079766E+01
6.616000E+00 9.831242E+01
6.624000E+00 1.040449E+02
6.632000E+00 1.077929E+02
6.640000E+00 1.254519E+02
6.648000E+00 1.071470E+02
6.656000E+00 1.106877E+02
6.664000E+00 1.322670E+02
6.672000E+00 1.221885E+02
6.680000E+00 1.263314E+02
6.688000E+00 1.330218E+02
6.696000E+00 1.262694E+02
6.704000E+00 1.375443E+02
6.712000E+00 1.151952E+02
6.720000E+00 9.885310E+01
6.728000E+00 1.229551E+02
6.736000E+00 1.293975E+02
6.744000E+00 1.209937E+02
6.752000E+00 1.127941E+02
6.760000E+00 1.180581E+02
6.768000E+00 1.409556E+02
6.776000E+00 1.537921E+02
6.784000E+00 1.450382E+02
6.792000E+00 1.397153E+02
6.800000E+00 1.459860E+02
6.808000E+00 1.324669E+02
6.816000E+00 1.336849E+02
6.824000E+00 1.330617E+02
6.832000E+00 1.348002E+02
6.840000E+00 1.547516E+02
6.848000E+00 1.477256E+02
6.856000E+00 1.514195E+02
6.864000E+00 1.495342E+02
6.872000E+00 1.410888E+02
6.880000E+00 1.604578E+02
6.888000E+00 1.492721E+02
6.896000E+00 1.262779E+02
6.904000E+00 1.429741E+02
6.912000E+00 1.502374E+02
6.920000E+00 1.381649E+02
6.928000E+00 1.247142E+02
6.936000E+00 1.254827E+02
6.944000E+00 1.434927E+02
6.952000E+00 1.263983E+02
6.960000E+00 1.232584E+02
6.968000E+00 1.498641E+02
6.976000E+00 1.284339E+02
6.984000E+00 1.191461E+02
6.992000E+00 1.176835E+02
7.000000E+00 1.077143E+02
7.008000E+00 1.176187E+02
7.016000E+00 9.431030E+01
7.024000E+00 9.649200E+01
7.032000E+00 1.153036E+02
7.040000E+00 1.043599E+02
7.048000E+00 1.162488E+02
7.056000E+00 1.275274E+02
7.064000E+00 1.150781E+02
7.072000E+00 9.401826E+01
7.080000E+00 9.456592E+01
7.088000E+00 1.048516E+02
7.096000E+00 9.262216E+01
7.104000E+00 9.271487E+01
7.112000E+00 9.723971E+01
7.120000E+00 9.977516E+01
7.128000E+00 1.043308E+02
7.136000E+00 1.100224E+02
7.144000E+00 1.078258E+02
7.152000E+00 1.002912E+02
7.160000E+00 9.789612E+01
7.168000E+00 1.001256E+02
7.176000E+00 1.039452E+02
7.184000E+00 1.075791E+02
7.192000E+00 1.098492E+02
7.200000E+00 9.351405E+01
7.208000E+00 9.371797E+01
7.216000E+00 9.809908E+01
7.224000E+00 9.015929E+01
7.232000E+00 8.520748E+01
7.240000E+00 8.792664E+01
7.248000E+00 8.900602E+01
7.256000E+00 8.053487E+01
7.264000E+00 8.972547E+01
7.272000E+00 9.963050E+01
7.280000E+00 9.051156E+01
7.288000E+00 8.883812E+01
7.296000E+00 8.652729E+01
7.304000E+00 7.187923E+01
7.312000E+00 6.610475E+01
7.320000E+00 6.667685E+01
7.328000E+00 7.220739E+01
7.336000E+00 6.764218E+01
7.344000E+00 7.850674E+01
7.352000E+00 9.159521E+01
7.360000E+00 7.767656E+01
7.368000E+00 7.037817E+01
7.376000E+00 7.429626E+01
7.384000E+00 8.417866E+01
7.392000E+00 8.011159E+01
7.400000E+00 7.021057E+01
7.408000E+00 7.369544E+01
7.416000E+00 7.347268E+01
7.424000E+00 7.080892E+01
7.432000E+00 7.579729E+01
7.440000E+00 9.409041E+01
7.448000E+00 9.735107E+01
7.456000E+00 8.427908E+01
7.464000E+00 7.397645E+01
7.472000E+00 7.011541E+01
7.480000E+00 7.994859E+01
7.488000E+00 8.998350E+01
7.496000E+00 9.041543E+01
7.504000E+00 9.730933E+01
7.512000E+00 9.501503E+01
7.520000E+00 8.367496E+01
7.528000E+00 8.670610E+01
7.536000E+00 8.961078E+01
7.544000E+00 9.533862E+01
7.552000E+00 9.025598E+01
7.560000E+00 7.697465E+01
7.568000E+00 7.718302E+01
7.576000E+00 8.135749E+01
7.584000E+00 9.130982E+01
7.592000E+00 9.462127E+01
7.600000E+00 8.573602E+01
7.608000E+00 8.487922E+01
7.616000E+00 8.645487E+01
7.624000E+00 7.435796E+01
7.632000E+00 7.841422E+01
7.640000E+00 9.018502E+01
7.648000E+00 7.389377E+01
7.656000E+00 7.145776E+01
7.664000E+00 7.995354E+01
7.672000E+00 8.557936E+01
7.680000E+00 8.345675E+01
7.688000E+00 7.707420E+01
7.696000E+00 8.726123E+01
7.704000E+00 8.609053E+01
7.712000E+00 8.243057E+01
7.720000E+00 8.263487E+01
7.728000E+00 7.928559E+01
7.736000E+00 8.194635E+01
7.744000E+00 8.252561E+01
7.752000E+00 8.818208E+01
7.760000E+00 9.772787E+01
7.768000E+00 9.551438E+01
7.776000E+00 9.975469E+01
7.784000E+00 1.069897E+02
7.792000E+00 1.023895E+02
7.800000E+00 9.574250E+01
7.808000E+00 9.244656E+01
7.816000E+00 1.023673E+02
7.824000E+00 1.062533E+02
7.832000E+00 9.820892E+01
7.840000E+00 9.548322E+01
7.848000E+00 1.024218E+02
7.856000E+00 9.305146E+01
7.864000E+00 9.081893E+01
7.872000E+00 1.069091E+02
7.880000E+00 1.142845E+02
7.888000E+00 9.999926E+01
7.896000E+00 1.059643E+02
7.904000E+00 1.076705E+02
7.912000E+00 1.024954E+02
7.920000E+00 1.161266E+02
7.928000E+00 9.564653E+01
7.936000E+00 9.320494E+01
7.944000E+00 1.228819E+02
7.952000E+00 1.141589E+02
7.960000E+00 1.133049E+02
7.968000E+00 1.106333E+02
7.976000E+00 1.057872E+02
7.984000E+00 1.142163E+02
7.992000E+00 1.085701E+02
8.000000E+00 1.015804E+02
8.008000E+00 1.079432E+02
8.016000E+00 1.103998E+02
8.024000E+00 1.139632E+02
8.032000E+00 1.010705E+02
8.040000E+00 1.006253E+02
8.048000E+00 1.163990E+02
8.056000E+00 1.122087E+02
8.064000E+00 1.079535E+02
8.072000E+00 1.218099E+02
8.080000E+00 1.252200E+02
8.088000E+00 1.192076E+02
8.096000E+00 1.141299E+02
8.104000E+00 1.126732E+02
8.112000E+00 1.096268E+02
8.120000E+00 1.212462E+02
8.128000E+00 1.299179E+02
8.136000E+00 1.197880E+02
8.144000E+00 1.354922E+02
8.152000E+00 1.416724E+02
8.160000E+00 1.183141E+02
8.168000E+00 1.205032E+02
8.176000E+00 1.337864E+02
8.184000E+00 1.395703E+02
8.192000E+00 1.189831E+02
8.200000E+00 1.109237E+02
8.208000E+00 1.229595E+02
8.216000E+00 1.157386E+02
8.224000E+00 1.234134E+02
8.232000E+00 1.186693E+02
8.240000E+00 1.063781E+02
8.248000E+00 1.205899E+02
8.256000E+00 1.245837E+02
8.264000E+00 1.307722E+02
8.272000E+00 1.087863E+02
8.280000E+00 9.837177E+01
8.288000E+00 1.205753E+02
8.296000E+00 9.930636E+01
8.304000E+00 1.079923E+02
8.312000E+00 1.203019E+02
8.320000E+00 1.064211E+02
8.328000E+00 1.115940E+02
8.336000E+00 1.089577E+02
8.344000E+00 1.058358E+02
8.352000E+00 1.112596E+02
8.360000E+00 1.216685E+02
8.368000E+00 1.217208E+02
8.376000E+00 1.088402E+02
8.384000E+00 1.029021E+02
8.392000E+00 1.047670E+02
8.400000E+00 1.117379E+02
8.408000E+00 9.913037E+01
8.416000E+00 1.198427E+02
8.424000E+00 1.174120E+02
8.432000E+00 1.059560E+02
8.440000E+00 1.054959E+02
8.448000E+00 1.002526E+02
8.456000E+00 1.054580E+02
8.464000E+00 1.058084E+02
8.472000E+00 1.070178E+02
8.480000E+00 9.671704E+01
8.488000E+00 8.346988E+01
8.496000E+00 8.119236E+01
8.504000E+00 7.891116E+01
8.512000E+00 8.685310E+01
8.520000E+00 9.805270E+01
8.528000E+00 9.007014E+01
8.536000E+00 8.566286E+01
8.544000E+00 1.016340E+02
8.552000E+00 1.004333E+02
8.560000E+00 9.807603E+01
8.568000E+00 9.714036E+01
8.576000E+00 9.588709E+01
8.584000E+00 9.236751E+01
8.592000E+00 8.825655E+01
8.600000E+00 9.900304E+01
8.608000E+00 1.000395E+02
8.616000E+00 8.888179E+01
8.624000E+00 8.593942E+01
8.632000E+00 9.027475E+01
8.640000E+00 7.946213E+01
8.648000E+00 8.272568E+01
8.656000E+00 8.904669E+01
8.664000E+00 7.960787E+01
8.672000E+00 8.582208E+01
8.680000E+00 8.574923E+01
8.688000E+00 8.124017E+01
8.696000E+00 8.700862E+01
8.704000E+00 8.197568E+01
8.712000E+00 8.128416E+01
8.720000E+00 8.789821E+01
8.728000E+00 8.719682E+01
8.736000E+00 9.493046E+01
8.744000E+00 9.673842E+01
8.752000E+00 8.629203E+01
8.760000E+00 8.388411E+01
8.768000E+00 7.832977E+01
8.776000E+00 7.074844E+01
8.784000E+00 7.598550E+01
8.792000E+00 7.573811E+01
8.800000E+00 6.736078E+01
8.808000E+00 6.922866E+01
8.816000E+00 8.276949E+01
8.824000E+00 7.307241E+01
8.832000E+00 6.170582E+01
8.840000E+00 7.391628E+01
8.848000E+00 8.126514E+01
8.856000E+00 8.260762E+01
8.864000E+00 8.600893E+01
8.872000E+00 8.665401E+01
8.880000E+00 7.376763E+01
8.888000E+00 7.133829E+01
8.896000E+00 8.227308E+01
8.904000E+00 7.687201E+01
8.912000E+00 7.648793E+01
8.920000E+00 8.584690E+01
8.928000E+00 9.759332E+01
8.936000E+00 1.041510E+02
8.944000E+00 1.036163E+02
8.952000E+00 9.484060E+01
8.960000E+00 8.500713E+01
8.968000E+00 9.288337E+01
8.976000E+00 9.790121E+01
8.984000E+00 9.297791E+01
8.992000E+00 9.397197E+01
9.000000E+00 1.006231E+02
9.008000E+00 9.777793E+01
9.016000E+00 9.440100E+01
9.024000E+00 1.059022E+02
9.032000E+00 9.317299E+01
9.040000E+00 8.033281E+01
9.048000E+00 1.055060E+02
9.056000E+00 1.037116E+02
9.064000E+00 9.392799E+01
9.072000E+00 9.541575E+01
9.080000E+00 8.577688E+01
9.088000E+00 8.516515E+01
9.096000E+00 8.455016E+01
9.104000E+00 9.602741E+01
9.112000E+00 1.089855E+02
9.120000E+00 1.140021E+02
9.128000E+00 1.088602E+02
9.136000E+00 1.164733E+02
9.144000E+00 1.035397E+02
9.152000E+00 7.517328E+01
9.160000E+00 8.649130E+01
9.168000E+00 1.027640E+02
9.176000E+00 9.347731E+01
9.184000E+00 9.214881E+01
9.192000E+00 1.105582E+02
9.200000E+00 1.019970E+02
9.208000E+00 9.922796E+01
9.216000E+00 1.068923E+02
9.224000E+00 1.111195E+02
9.232000E+00 1.147513E+02
9.240000E+00 9.536833E+01
9.248000E+00 9.675681E+01
9.256000E+00 1.146880E+02
9.264000E+00 1.031040E+02
9.272000E+00 1.007809E+02
9.280000E+00 1.103303E+02
9.288000E+00 1.154986E+02
9.296000E+00 1.196684E+02
9.304000E+00 1.141016E+02
9.312000E+00 1.179540E+02
9.320000E+00 1.148159E+02
9.328000E+00 9.545734E+01
9.336000E+00 1.098083E+02
9.344000E+00 1.078814E+02
9.352000E+00 8.662953E+01
9.360000E+00 8.786692E+01
9.368000E+00 9.130720E+01
9.376000E+00 1.002789E+02
9.384000E+00 1.057484E+02
9.392000E+00 1.143793E+02
9.400000E+00 1.154702E+02
9.408000E+00 1.246484E+02
9.416000E+00 1.196167E+02
9.424000E+00 1.101905E+02
9.432000E+00 1.271652E+02
9.440000E+00 1.156766E+02
9.448000E+00 1.132353E+02
9.456000E+00 1.241659E+02
9.464000E+00 1.192165E+02
9.472000E+00 1.231824E+02
9.480000E+00 1.140107E+02
9.488000E+00 1.095568E+02
9.496000E+00 1.217703E+02
9.504000E+00 1.114113E+02
9.512000E+00 1.196055E+02
9.520000E+00 1.270878E+02
9.528000E+00 1.206449E+02
9.536000E+00 1.283506E+02
9.544000E+00 1.283997E+02
9.552000E+00 1.247698E+02
9.560000E+00 1.386311E+02
9.568000E+00 1.323655E+02
9.576000E+00 1.195413E+02
9.584000E+00 1.151881E+02
9.592000E+00 1.057205E+02
9.600000E+00 1.270307E+02
9.608000E+00 1.336453E+02
9.616000E+00 1.262566E+02
9.624000E+00 1.161642E+02
9.632000E+00 1.212888E+02
9.640000E+00 1.415340E+02
9.648000E+00 1.191442E+02
9.656000E+00 1.174188E+02
9.664000E+00 1.252077E+02
9.672000E+00 1.172845E+02
9.680000E+00 1.115111E+02
9.688000E+00 1.027663E+02
9.696000E+00 1.197109E+02
9.704000E+00 1.317106E+02
9.712000E+00 1.065784E+02
9.720000E+00 1.069938E+02
9.728000E+00 1.109030E+02
9.736000E+00 1.096714E+02
9.744000E+00 1.029025E+02
9.752000E+00 1.037220E+02
9.760000E+00 1.086802E+02
9.768000E+00 1.086511E+02
9.776000E+00 1.105148E+02
9.784000E+00 1.024993E+02
9.792000E+00 1.022532E+02
9.800000E+00 1.011512E+02
9.808000E+00 9.935086E+01
9.816000E+00 9.764099E+01
9.824000E+00 8.716658E+01
9.832000E+00 1.030914E+02
9.840000E+00 9.186958E+01
9.848000E+00 7.609269E+01
9.856000E+00 9.082548E+01
9.864000E+00 9.657040E+01
9.872000E+00 1.000725E+02
9.880000E+00 9.223697E+01
9.888000E+00 1.003377E+02
9.896000E+00 9.241038E+01
9.904000E+00 9.937900E+01
9.912000E+00 1.084281E+02
9.920000E+00 9.595368E+01
9.928000E+00 9.160552E+01
9.936000E+00 9.035597E+01
9.944000E+00 9.594072E+01
9.952000E+00 9.409720E+01
9.960000E+00 8.062287E+01
9.968000E+00 8.444282E+01
9.976000E+00 8.624323E+01
9.984000E+00 8.436668E+01
9.992000E+00 8.867027E+01
1.000000E+01 1.011681E+02
1.000800E+01 9.225244E+01
1.001600E+01 7.907570E+01
1.002400E+01 8.738007E+01
1.003200E+01 8.429899E+01
1.004000E+01 8.717116E+01
1.004800E+01 9.877131E+01
1.005600E+01 8.052296E+01
1.006400E+01 8.627916E+01
1.007200E+01 1.035282E+02
1.008000E+01 8.984827E+01
1.008800E+01 8.451081E+01
1.009600E+01 8.255176E+01
1.010400E+01 7.622747E+01
1.011200E+01 7.994455E+01
1.012000E+01 7.219826E+01
1.012800E+01 7.961338E+01
1.013600E+01 8.130415E+01
1.014400E+01 6.628745E+01
1.015200E+01 8.017560E+01
1.016000E+01 8.887008E+01
1.016800E+01 7.969320E+01
1.017600E+01 8.478554E+01
1.018400E+01 7.530307E+01
1.019200E+01 6.068828E+01
1.020000E+01 6.720572E+01
1.020800E+01 5.860937E+01
1.021600E+01 6.791729E+01
1.022400E+01 7.340258E+01
1.023200E+01 7.209450E+01
1.024000E+01 8.692050E+01
1.024800E+01 8.807869E+01
1.025600E+01 8.530832E+01
1.026400E+01 8.813977E+01
1.027200E+01 8.142479E+01
1.028000E+01 7.356664E+01
1.028800E+01 7.632343E+01
1.029600E+01 7.522764E+01
1.030400E+01 7.168508E+01
1.031200E+01 6.178234E+01
1.032000E+01 6.767048E+01
1.032800E+01 8.184006E+01
1.033600E+01 7.433557E+01
1.034400E+01 6.404941E+01
1.035200E+01 7.157950E+01
1.036000E+01 8.127108E+01
1.036800E+01 7.868202E+01
1.037600E+01 7.553745E+01
1.038400E+01 7.791173E+01
1.039200E+01 8.571925E+01
1.040000E+01 8.041339E+01
1.040800E+01 7.948621E+01
1.041600E+01 8.892305E+01
1.042400E+01 9.984295E+01
1.043200E+01 9.976971E+01
1.044000E+01 9.799536E+01
1.044800E+01 1.108211E+02
1.045600E+01 1.103344E+02
1.046400E+01 9.515464E+01
1.047200E+01 9.157864E+01
1.048000E+01 9.867475E+01
1.048800E+01 1.056575E+02
1.049600E+01 1.115203E+02
1.050400E+01 1.090470E+02
1.051200E+01 1.052224E+02
1.052000E+01 1.064507E+02
1.052800E+01 1.139698E+02
1.053600E+01 1.057127E+02
1.054400E+01 8.626332E+01
1.055200E+01 1.006339E+02
1.056000E+01 1.213950E+02
1.056800E+01 1.012519E+02
1.057600E+01 1.058531E+02
1.058400E+01 1.193789E+02
1.059200E+01 1.157785E+02
1.060000E+01 1.155370E+02
1.060800E+01 1.045158E+02
1.061600E+01 1.209166E+02
1.062400E+01 1.309527E+02
1.063200E+01 1.132853E+02
1.064000E+01 1.173582E+02
1.064800E+01 1.141136E+02
1.065600E+01 1.069703E+02
1.066400E+01 1.035280E+02
1.067200E+01 1.114755E+02
1.068000E+01 1.213767E+02
1.068800E+01 1.143648E+02
1.069600E+01 1.101624E+02
1.070400E+01 1.289068E+02
1.071200E+01 1.317570E+02
1.072000E+01 1.266002E+02
1.072800E+01 1.462931E+02
1.073600E+01 1.340304E+02
1.074400E+01 1.097783E+02
1.075200E+01 1.338613E+02
1.076000E+01 1.188196E+02
1.076800E+01 1.089828E+02
1.077600E+01 1.221746E+02
1.078400E+01 1.283852E+02
1.079200E+01 1.377494E+02
1.080000E+01 1.305360E+02
1.080800E+01 1.277655E+02
1.081600E+01 1.211151E+02
1.082400E+01 1.184113E+02
1.083200E+01 1.230085E+02
1.084000E+01 1.250785E+02
1.084800E+01 1.207529E+02
1.085600E+01 1.265855E+02
1.086400E+01 1.352209E+02
1.087200E+01 1.369074E+02
1.088000E+01 1.257540E+02
1.088800E+01 1.313930E+02
1.089600E+01 1.349635E+02
1.090400E+01 1.327690E+02
1.091200E+01 1.324542E+02
1.092000E+01 1.305536E+02
1.092800E+01 1.266535E+02
1.093600E+01 1.245902E+02
1.094400E+01 1.248258E+02
1.095200E+01 1.321946E+02
1.096000E+01 1.389839E+02
1.096800E+01 1.233858E+02
1.097600E+01 1.209813E+02
1.098400E+01 1.191490E+02
1.099200E+01 9.850785E+01
1.100000E+01 1.053016E+02
1.100800E+01 1.045198E+02
1.101600E+01 1.001655E+02
1.102400E+01 1.022135E+02
1.103200E+01 1.077694E+02
1.104000E+01 1.108863E+02
1.104800E+01 1.214903E+02
1.105600E+01 1.094601E+02
1.106400E+01 8.916003E+01
1.107200E+01 1.110999E+02
1.108000E+01 1.084915E+02
1.108800E+01 9.598135E+01
1.109600E+01 1.132582E+02
1.110400E+01 1.204994E+02
1.111200E+01 9.927056E+01
1.112000E+01 9.122491E+01
1.112800E+01 1.008161E+02
1.113600E+01 1.068338E+02
1.114400E+01 1.044192E+02
1.115200E+01 1.003638E+02
1.116000E+01 9.245763E+01
1.116800E+01 9.031956E+01
1.117600E+01 9.234315E+01
1.118400E+01 8.524582E+01
1.119200E+01 8.123319E+01
1.120000E+01 7.669578E+01
1.120800E+01 7.962745E+01
1.121600E+01 9.168143E+01
1.122400E+01 9.536960E+01
1.123200E+01 9.780671E+01
1.124000E+01 1.037426E+02
1.124800E+01 9.556542E+01
1.125600E+01 8.624768E+01
1.126400E+01 8.463278E+01
1.127200E+01 9.215081E+01
1.128000E+01 9.403257E+01
1.128800E+01 8.315218E+01
1.129600E+01 8.679457E+01
1.130400E+01 9.251789E+01
1.131200E+01 9.819656E+01
1.132000E+01 8.052544E+01
1.132800E+01 8.602990E+01
1.133600E+01 9.266441E+01
1.134400E+01 7.047516E+01
1.135200E+01 7.536546E+01
1.136000E+01 8.283337E+01
1.136800E+01 8.040723E+01
1.137600E+01 6.501913E+01
1.138400E+01 6.795959E+01
1.139200E+01 8.142928E+01
1.140000E+01 8.154928E+01
1.140800E+01 8.008827E+01
1.141600E+01 8.272860E+01
1.142400E+01 8.602813E+01
1.143200E+01 8.468794E+01
1.144000E+01 8.075008E+01
1.144800E+01 7.313764E+01
1.145600E+01 7.015468E+01
1.146400E+01 7.833331E+01
1.147200E+01 8.306930E+01
1.148000E+01 8.085671E+01
1.148800E+01 7.864384E+01
1.149600E+01 8.360534E+01
1.150400E+01 7.667306E+01
1.151200E+01 7.718087E+01
1.152000E+01 8.758782E+01
1.152800E+01 7.564100E+01
1.153600E+01 6.753436E+01
1.154400E+01 7.425090E+01
1.155200E+01 8.396399E+01
1.156000E+01 7.519781E+01
1.156800E+01 7.181770E+01
1.157600E+01 8.787179E+01
1.158400E+01 8.939370E+01
1.159200E+01 7.769172E+01
1.160000E+01 6.901204E+01
1.160800E+01 6.986449E+01
1.161600E+01 8.155959E+01
1.162400E+01 8.535414E+01
1.163200E+01 8.639125E+01
1.164000E+01 1.000388E+02
1.164800E+01 9.665905E+01
1.165600E+01 8.386470E+01
1.166400E+01 9.783065E+01
1.167200E+01 9.389104E+01
1.168000E+01 8.587674E+01
1.168800E+01 8.757683E+01
1.169600E+01 8.122392E+01
1.170400E+01 9.059590E+01
1.171200E+01 9.148391E+01
1.172000E+01 7.955513E+01
1.172800E+01 8.821032E+01
1.173600E+01 1.003851E+02
1.174400E+01 8.710884E+01
1.175200E+01 8.632366E+01
1.176000E+01 9.260063E+01
1.176800E+01 9.729988E+01
1.177600E+01 9.166520E+01
1.178400E+01 7.756594E+01
1.179200E+01 9.088362E+01
1.180000E+01 9.701609E+01
1.180800E+01 8.171337E+01
1.181600E+01 9.443795E+01
1.182400E+01 9.025339E+01
1.183200E+01 8.259384E+01
1.184000E+01 9.395164E+01
1.184800E+01 8.930762E+01
1.185600E+01 9.186594E+01
1.186400E+01 8.372514E+01
1.187200E+01 8.632833E+01
1.188000E+01 9.593528E+01
1.188800E+01 8.252073E+01
1.189600E+01 8.991277E+01
1.190400E+01 1.075405E+02
1.191200E+01 1.110130E+02
1.192000E+01 1.093149E+02
1.192800E+01 1.113728E+02
1.193600E+01 1.218348E+02
1.194400E+01 1.198517E+02
1.195200E+01 1.184447E+02
1.196000E+01 1.192164E+02
1.196800E+01 1.122565E+02
1.197600E+01 1.117174E+02
1.198400E+01 1.024551E+02
1.199200E+01 1.129900E+02
1.200000E+01 1.177593E+02
1.200800E+01 1.139153E+02
1.201600E+01 1.165604E+02
1.202400E+01 1.088298E+02
1.203200E+01 1.146144E+02
1.204000E+01 1.179283E+02
1.204800E+01 1.026961E+02
1.205600E+01 1.093529E+02
1.206400E+01 1.137326E+02
1.207200E+01 1.117275E+02
1.208000E+01 1.276807E+02
1.208800E+01 1.248738E+02
1.209600E+01 1.308599E+02
1.210400E+01 1.408617E+02
1.211200E+01 1.174288E+02
1.212000E+01 1.253001E+02
1.212800E+01 1.419496E+02
1.213600E+01 1.179566E+02
1.214400E+01 1.220411E+02
1.215200E+01 1.122736E+02
1.216000E+01 1.131857E+02
1.216800E+01 1.214037E+02
1.217600E+01 1.136391E+02
1.218400E+01 1.236932E+02
1.219200E+01 1.437227E+02
1.220000E+01 1.413199E+02
1.220800E+01 1.046703E+02
1.221600E+01 1.140887E+02
1.222400E+01 1.266158E+02
1.223200E+01 1.030162E+02
1.224000E+01 1.093083E+02
1.224800E+01 1.125715E+02
1.225600E+01 1.041277E+02
1.226400E+01 1.175956E+02
1.227200E+01 1.286588E+02
1.228000E+01 1.234074E+02
1.228800E+01 1.108767E+02
1.229600E+01 1.142508E+02
1.230400E+01 1.247313E+02
1.231200E+01 1.116900E+02
1.232000E+01 1.122805E+02
1.232800E+01 1.128882E+02
1.233600E+01 1.229831E+02
1.234400E+01 1.446929E+02
1.235200E+01 1.331578E+02
1.236000E+01 1.252110E+02
1.236800E+01 1.373009E+02
1.237600E+01 1.237423E+02
1.238400E+01 1.115557E+02
1.239200E+01 1.101553E+02
1.240000E+01 1.090238E+02
1.240800E+01 1.123223E+02
1.241600E+01 1.126550E+02
1.242400E+01 1.178510E+02
1.243200E+01 1.138663E+02
1.244000E+01 1.131110E+02
1.244800E+01 1.084075E+02
1.245600E+01 1.020648E+02
1.246400E+01 1.123895E+02
1.247200E+01 1.092374E+02
1.248000E+01 1.047316E+02
1.248800E+01 1.160387E+02
1.249600E+01 1.195733E+02
1.250400E+01 1.198082E+02
1.251200E+01 1.208880E+02
1.252000E+01 1.119464E+02
1.252800E+01 1.018573E+02
1.253600E+01 8.854795E+01
1.254400E+01 9.806042E+01
1.255200E+01 1.095561E+02
1.256000E+01 1.032145E+02
1.256800E+01 8.340014E+01
1.257600E+01 7.485412E+01
1.258400E+01 1.056223E+02
1.259200E+01 1.199039E+02
1.260000E+01 9.778906E+01
1.260800E+01 8.366978E+01
1.261600E+01 8.326906E+01
1.262400E+01 9.112491E+01
1.263200E+01 9.236959E+01
1.264000E+01 8.949490E+01
1.264800E+01 8.156659E+01
1.265600E+01 7.943676E+01
1.266400E+01 8.053989E+01
1.267200E+01 7.823343E+01
1.268000E+01 8.755725E+01
1.268800E+01 8.294288E+01
1.269600E+01 7.381492E+01
1.270400E+01 7.265892E+01
1.271200E+01 7.107989E+01
1.272000E+01 7.902132E+01
1.272800E+01 8.177310E+01
1.273600E+01 8.857578E+01
1.274400E+01 7.766617E+01
1.275200E+01 6.656702E+01
1.276000E+01 7.835397E+01
1.276800E+01 7.667328E+01
1.277600E+01 7.344671E+01
1.278400E+01 7.515469E+01
1.279200E+01 7.600377E+01
1.280000E+01 7.957011E+01
1.280800E+01 8.166374E+01
1.281600E+01 8.504011E+01
1.282400E+01 7.995785E+01
1.283200E+01 7.178237E+01
1.284000E+01 6.902760E+01
1.284800E+01 6.945115E+01
1.285600E+01 8.080609E+01
1.286400E+01 8.955364E+01
1.287200E+01 7.568884E+01
1.288000E+01 7.130554E+01
1.288800E+01 7.558845E+01
1.289600E+01 8.073333E+01
1.290400E+01 7.563160E+01
1.291200E+01 6.634486E+01
1.292000E+01 7.181424E+01
1.292800E+01 8.420634E+01
1.293600E+01 9.524357E+01
1.294400E+01 8.433387E+01
1.295200E+01 7.065544E+01
1.296000E+01 7.486291E+01
1.296800E+01 7.691472E+01
1.297600E+01 8.551749E+01
1.298400E+01 8.973301E+01
1.299200E+01 7.493868E+01
1.300000E+01 8.008355E+01
1.300800E+01 9.102242E+01
1.301600E+01 8.365447E+01
1.302400E+01 8.127207E+01
1.303200E+01 7.753978E+01
1.304000E+01 7.930398E+01
1.304800E+01 7.913698E+01
1.305600E+01 8.127732E+01
1.306400E+01 8.580627E+01
1.307200E+01 8.820865E+01
1.308000E+01 7.871552E+01
1.308800E+01 7.929222E+01
1.309600E+01 1.011253E+02
1.310400E+01 9.514915E+01
1.311200E+01 8.188883E+01
1.312000E+01 8.413971E+01
1.312800E+01 8.498839E+01
1.313600E+01 9.039214E+01
1.314400E+01 8.819303E+01
1.315200E+01 8.470478E+01
1.316000E+01 9.472746E+01
1.316800E+01 9.613552E+01
1.317600E+01 8.772362E+01
1.318400E+01 8.649544E+01
1.319200E+01 8.302343E+01
1.320000E+01 1.005227E+02
1.320800E+01 9.872143E+01
1.321600E+01 9.072107E+01
1.322400E+01 1.071783E+02
1.323200E+01 8.487992E+01
1.324000E+01 9.614563E+01
1.324800E+01 1.127910E+02
1.325600E+01 1.032060E+02
1.326400E+01 9.446047E+01
1.327200E+01 9.631074E+01
1.328000E+01 1.083270E+02
1.328800E+01 1.152063E+02
1.329600E+01 1.227496E+02
1.330400E+01 1.149126E+02
1.331200E+01 1.033921E+02
1.332000E+01 1.205954E+02
1.332800E+01 1.275479E+02
1.333600E+01 1.218192E+02
1.334400E+01 1.109017E+02
1.335200E+01 1.136557E+02
1.336000E+01 1.139736E+02
1.336800E+01 1.136831E+02
1.337600E+01 1.241354E+02
1.338400E+01 1.112409E+02
1.339200E+01 1.134949E+02
1.340000E+01 1.246981E+02
1.340800E+01 1.172857E+02
1.341600E+01 1.429411E+02
1.342400E+01 1.454406E+02
1.343200E+01 1.176808E+02
1.344000E+01 1.199338E+02
1.344800E+01 1.238673E+02
1.345600E+01 1.184328E+02
1.346400E+01 1.445794E+02
1.347200E+01 1.274761E+02
1.348000E+01 9.154536E+01
1.348800E+01 1.153486E+02
1.349600E+01 1.345843E+02
1.350400E+01 1.493099E+02
1.351200E+01 1.334872E+02
1.352000E+01 1.085600E+02
1.352800E+01 1.216385E+02
1.353600E+01 1.435484E+02
1.354400E+01 1.571547E+02
1.355200E+01 1.595726E+02
1.356000E+01 1.370701E+02
1.356800E+01 1.214050E+02
1.357600E+01 1.341779E+02
1.358400E+01 1.594101E+02
1.359200E+01 1.431167E+02
1.360000E+01 1.208168E+02
1.360800E+01 1.195049E+02
1.361600E+01 1.217168E+02
1.362400E+01 1.477051E+02
1.363200E+01 1.440946E+02
1.364000E+01 1.202855E+02
1.364800E+01 1.157258E+02
1.365600E+01 1.120410E+02
1.366400E+01 1.408269E+02
1.367200E+01 1.529101E+02
1.368000E+01 1.181923E+02
1.368800E+01 9.861308E+01
1.369600E+01 9.224333E+01
1.370400E+01 1.282188E+02
1.371200E+01 1.399731E+02
1.372000E+01 1.172851E+02
1.372800E+01 1.149271E+02
1.373600E+01 1.056703E+02
1.374400E+01 9.489411E+01
1.375200E+01 9.290813E+01
1.376000E+01 1.027219E+02
1.376800E+01 1.109398E+02
1.377600E+01 1.020359E+02
1.378400E+01 9.105439E+01
1.379200E+01 9.377765E+01
1.380000E+01 1.042902E+02
1.380800E+01 9.567948E+01
1.381600E+01 8.732912E+01
1.382400E+01 8.943795E+01
1.383200E+01 9.000085E+01
1.384000E+01 9.226888E+01
1.384800E+01 8.422698E+01
1.385600E+01 8.390378E+01
1.386400E+01 9.334070E+01
1.387200E+01 9.260873E+01
1.388000E+01 9.655858E+01
1.388800E+01 8.900878E+01
1.389600E+01 8.956403E+01
1.390400E+01 8.025014E+01
1.391200E+01 7.833144E+01
1.392000E+01 9.913809E+01
1.392800E+01 1.028148E+02
1.393600E+01 9.959483E+01
1.394400E+01 8.066452E+01
1.395200E+01 8.194912E+01
1.396000E+01 9.305355E+01
1.396800E+01 9.239639E+01
1.397600E+01 8.935096E+01
1.398400E+01 7.740767E+01
1.399200E+01 9.041115E+01
1.400000E+01 1.000170E+02
1.400800E+01 1.008772E+02
1.401600E+01 1.039692E+02
1.402400E+01 8.616492E+01
1.403200E+01 7.838061E+01
1.404000E+01 8.746203E+01
1.404800E+01 9.755953E+01
1.405600E+01 1.024104E+02
1.406400E+01 9.853409E+01
1.407200E+01 8.228148E+01
1.408000E+01 8.340699E+01
1.408800E+01 8.919372E+01
1.409600E+01 8.004014E+01
1.410400E+01 8.049124E+01
1.411200E+01 8.778466E+01
1.412000E+01 8.788920E+01
1.412800E+01 8.238525E+01
1.413600E+01 8.113609E+01
1.414400E+01 8.675886E+01
1.415200E+01 7.486677E+01
1.416000E+01 6.549748E+01
1.416800E+01 7.056859E+01
1.417600E+01 8.552970E+01
1.418400E+01 9.340059E+01
1.419200E+01 7.499044E+01
1.420000E+01 7.169645E+01
1.420800E+01 7.103554E+01
1.421600E+01 7.855760E+01
1.422400E+01 8.239661E+01
1.423200E+01 7.682450E+01
1.424000E+01 8.500598E+01
1.424800E+01 8.385439E+01
1.425600E+01 7.343357E+01
1.426400E+01 7.439754E+01
1.427200E+01 7.870734E+01
1.428000E+01 8.094059E+01
1.428800E+01 7.313812E+01
1.429600E+01 8.086696E+01
1.430400E+01 8.874117E+01
1.431200E+01 8.484419E+01
1.432000E+01 7.712781E+01
1.432800E+01 7.609989E+01
1.433600E+01 8.735554E+01
1.434400E+01 8.114500E+01
1.435200E+01 7.489389E+01
1.436000E+01 9.168520E+01
1.436800E+01 9.675934E+01
1.437600E+01 8.505877E+01
1.438400E+01 8.291951E+01
1.439200E+01 9.455254E+01
1.440000E+01 9.565580E+01
1.440800E+01 7.741057E+01
1.441600E+01 7.436483E+01
1.442400E+01 9.015171E+01
1.443200E+01 9.037892E+01
1.444000E+01 7.908830E+01
1.444800E+01 8.299084E+01
1.445600E+01 9.011815E+01
1.446400E+01 9.511465E+01
1.447200E+01 7.760321E+01
1.448000E+01 8.005204E+01
1.448800E+01 9.154080E+01
1.449600E+01 8.147580E+01
1.450400E+01 8.775526E+01
1.451200E+01 9.841599E+01
1.452000E+01 9.437652E+01
1.452800E+01 9.242102E+01
1.453600E+01 9.182807E+01
1.454400E+01 1.008561E+02
1.455200E+01 1.060961E+02
1.456000E+01 1.000590E+02
1.456800E+01 9.498467E+01
1.457600E+01 8.615153E+01
1.458400E+01 9.958475E+01
1.459200E+01 1.017400E+02
1.460000E+01 9.950592E+01
1.460800E+01 1.083573E+02
1.461600E+01 1.119171E+02
1.462400E+01 1.000772E+02
1.463200E+01 1.119541E+02
1.464000E+01 1.166052E+02
1.464800E+01 1.009400E+02
1.465600E+01 9.829366E+01
1.466400E+01 1.021864E+02
1.467200E+01 1.190454E+02
1.468000E+01 1.159448E+02
1.468800E+01 1.097481E+02
1.469600E+01 1.172968E+02
1.470400E+01 1.189198E+02
1.471200E+01 1.073004E+02
1.472000E+01 1.094343E+02
1.472800E+01 1.160988E+02
1.473600E+01 1.207852E+02
1.474400E+01 1.086383E+02
1.475200E+01 1.180852E+02
1.476000E+01 1.374457E+02
1.476800E+01 1.149063E+02
1.477600E+01 1.115146E+02
1.478400E+01 1.300797E+02
1.479200E+01 1.207721E+02
1.480000E+01 1.091683E+02
1.480800E+01 1.189050E+02
1.481600E+01 1.268561E+02
1.482400E+01 1.102783E+02
1.483200E+01 1.020732E+02
1.484000E+01 1.198032E+02
1.484800E+01 1.079846E+02
1.485600E+01 1.155414E+02
1.486400E+01 1.344044E+02
1.487200E+01 1.105127E+02
1.488000E+01 1.097028E+02
1.488800E+01 1.139730E+02
1.489600E+01 1.228356E+02
1.490400E+01 1.141021E+02
1.491200E+01 1.033899E+02
1.492000E+01 1.160096E+02
1.492800E+01 1.006336E+02
1.493600E+01 1.061185E+02
1.494400E+01 1.106309E+02
1.495200E+01 1.075195E+02
1.496000E+01 1.230655E+02
1.496800E+01 1.238781E+02
1.497600E+01 1.233413E+02
1.498400E+01 1.437985E+02
1.499200E+01 1.382396E+02
1.500000E+01 1.167892E+02
1.500800E+01 1.139410E+02
1.501600E+01 1.231217E+02
1.502400E+01 1.071521E+02
1.503200E+01 1.099214E+02
1.504000E+01 1.233085E+02
1.504800E+01 1.098816E+02
1.505600E+01 1.127565E+02
1.506400E+01 1.053666E+02
1.507200E+01 1.036561E+02
1.508000E+01 1.303651E+02
1.508800E+01 1.257387E+02
1.509600E+01 1.123666E+02
1.510400E+01 1.143991E+02
1.511200E+01 1.127861E+02
1.512000E+01 1.066858E+02
1.512800E+01 1.092478E+02
1.513600E+01 9.797161E+01
1.514400E+01 8.578202E+01
1.515200E+01 9.986982E+01
1.516000E+01 1.018553E+02
1.516800E+01 1.001987E+02
1.517600E+01 1.067907E+02
1.518400E+01 1.203595E+02
1.519200E+01 1.213650E+02
1.520000E+01 1.100513E+02
1.520800E+01 1.071892E+02
1.521600E+01 9.732257E+01
1.522400E+01 9.089061E+01
1.523200E+01 9.391121E+01
1.524000E+01 1.068051E+02
1.524800E+01 1.030540E+02
1.525600E+01 1.112578E+02
1.526400E+01 1.116411E+02
1.527200E+01 9.464969E+01
1.528000E+01 1.021278E+02
1.528800E+01 9.932474E+01
1.529600E+01 1.036144E+02
1.530400E+01 1.163711E+02
1.531200E+01 9.453232E+01
1.532000E+01 9.373755E+01
1.532800E+01 1.108616E+02
1.533600E+01 1.040594E+02
1.534400E+01 8.822851E+01
1.535200E+01 9.701750E+01
1.536000E+01 1.089351E+02
1.536800E+01 1.020310E+02
1.537600E+01 9.172128E+01
1.538400E+01 9.021488E+01
1.539200E+01 9.265788E+01
1.540000E+01 9.870385E+01
1.540800E+01 1.020316E+02
1.541600E+01 8.730416E+01
1.542400E+01 8.284333E+01
1.543200E+01 9.697247E+01
1.544000E+01 9.546316E+01
1.544800E+01 8.255727E+01
1.545600E+01 1.023746E+02
1.546400E+01 1.034794E+02
1.547200E+01 9.454632E+01
1.548000E+01 1.057337E+02
1.548800E+01 8.921955E+01
1.549600E+01 8.196175E+01
1.550400E+01 8.534870E+01
1.551200E+01 8.421884E+01
1.552000E+01 9.001291E+01
1.552800E+01 8.626071E+01
1.553600E+01 9.233248E+01
1.554400E+01 8.674189E+01
1.555200E+01 8.972433E+01
1.556000E+01 9.382816E+01
1.556800E+01 7.957878E+01
1.557600E+01 7.581630E+01
1.558400E+01 7.736607E+01
1.559200E+01 7.931069E+01
1.560000E+01 7.949090E+01
1.560800E+01 7.861815E+01
1.561600E+01 8.460423E+01
1.562400E+01 8.689789E+01
1.563200E+01 7.938956E+01
1.564000E+01 7.591108E+01
1.564800E+01 8.614287E+01
1.565600E+01 7.942351E+01
1.566400E+01 6.504386E+01
1.567200E+01 7.570598E+01
1.568000E+01 8.491693E+01
1.568800E+01 8.511502E+01
1.569600E+01 8.732282E+01
1.570400E+01 8.513949E+01
1.571200E+01 6.805137E+01
1.572000E+01 7.211241E+01
1.572800E+01 9.455054E+01
1.573600E+01 8.767324E+01
1.574400E+01 7.921771E+01
1.575200E+01 8.613652E+01
1.576000E+01 9.257844E+01
1.576800E+01 7.864347E+01
1.577600E+01 8.406461E+01
1.578400E+01 9.495991E+01
1.579200E+01 9.428062E+01
1.580000E+01 9.126074E+01
1.580800E+01 9.206912E+01
1.581600E+01 8.858734E+01
1.582400E+01 9.017298E+01
1.583200E+01 8.615247E+01
1.584000E+01 8.522956E+01
1.584800E+01 7.768611E+01
1.585600E+01 8.330448E+01
1.586400E+01 1.063480E+02
1.587200E+01 9.343996E+01
1.588000E+01 1.019378E+02
1.588800E+01 1.032000E+02
1.589600E+01 9.033486E+01
1.590400E+01 1.007651E+02
1.591200E+01 8.882998E+01
1.592000E+01 8.763186E+01
1.592800E+01 8.155515E+01
1.593600E+01 7.799388E+01
1.594400E+01 9.105079E+01
1.595200E+01 9.471918E+01
1.596000E+01 8.158989E+01
1.596800E+01 8.436465E+01
1.597600E+01 9.467443E+01
1.598400E+01 9.870313E+01
1.599200E+01 1.035901E+02
1.600000E+01 8.318072E+01
1.600800E+01 9.808826E+01
1.601600E+01 1.020014E+02
1.602400E+01 8.512027E+01
1.603200E+01 1.033756E+02
1.604000E+01 9.513394E+01
1.604800E+01 9.875060E+01
1.605600E+01 1.083646E+02
1.606400E+01 8.425410E+01
1.607200E+01 1.013578E+02
1.608000E+01 1.103299E+02
1.608800E+01 9.073425E+01
1.609600E+01 9.733209E+01
1.610400E+01 1.215004E+02
1.611200E+01 1.060784E+02
1.612000E+01 1.087665E+02
1.612800E+01 1.302080E+02
1.613600E+01 1.098859E+02
1.614400E+01 1.183111E+02
1.615200E+01 1.148127E+02
1.616000E+01 1.074703E+02
1.616800E+01 1.268626E+02
1.617600E+01 1.260950E+02
1.618400E+01 1.081960E+02
1.619200E+01 1.154996E+02
1.620000E+01 1.223060E+02
1.620800E+01 1.127483E+02
1.621600E+01 1.119198E+02
1.622400E+01 1.218251E+02
1.623200E+01 1.273348E+02
1.624000E+01 1.252336E+02
1.624800E+01 1.247247E+02
1.625600E+01 1.213268E+02
1.626400E+01 1.216108E+02
1.627200E+01 1.260947E+02
1.628000E+01 1.238742E+02
1.628800E+01 1.138647E+02
1.629600E+01 1.115050E+02
1.630400E+01 1.126238E+02
1.631200E+01 9.701822E+01
1.632000E+01 1.148709E+02
1.632800E+01 1.071862E+02
1.633600E+01 9.289422E+01
1.634400E+01 1.308810E+02
1.635200E+01 1.166130E+02
1.636000E+01 9.543993E+01
1.636800E+01 1.157595E+02
1.637600E+01 1.121642E+02
1.638400E+01 1.106674E+02
1.639200E+01 1.220892E+02
1.640000E+01 1.172929E+02
1.640800E+01 1.192895E+02
1.641600E+01 1.181835E+02
1.642400E+01 1.001866E+02
1.643200E+01 1.141967E+02
1.644000E+01 1.253279E+02
1.644800E+01 9.723416E+01
1.645600E+01 9.891238E+01
1.646400E+01 1.293979E+02
1.647200E+01 1.275234E+02
1.648000E+01 1.182821E+02
1.648800E+01 1.170768E+02
1.649600E+01 1.306350E+02
1.650400E+01 1.271919E+02
1.651200E+01 1.092200E+02
1.652000E+01 1.147530E+02
1.652800E+01 1.199611E+02
1.653600E+01 1.158733E+02
1.654400E+01 1.224732E+02
1.655200E+01 1.238991E+02
1.656000E+01 1.323333E+02
1.656800E+01 1.295570E+02
1.657600E+01 1.117408E+02
1.658400E+01 1.201122E+02
1.659200E+01 1.202405E+02
1.660000E+01 1.061377E+02
1.660800E+01 1.116209E+02
1.661600E+01 1.049407E+02
1.662400E+01 1.034987E+02
1.663200E+01 1.217548E+02
1.664000E+01 1.094783E+02
1.664800E+01 9.808842E+01
1.665600E+01 1.069455E+02
1.666400E+01 1.054510E+02
1.667200E+01 8.789876E+01
1.668000E+01 9.407058E+01
1.668800E+01 1.033520E+02
1.669600E+01 9.151949E+01
1.670400E+01 8.552346E+01
1.671200E+01 9.955310E+01
1.672000E+01 1.010371E+02
1.672800E+01 9.205222E+01
1.673600E+01 9.418832E+01
1.674400E+01 9.652259E+01
1.675200E+01 9.909672E+01
1.676000E+01 9.668456E+01
1.676800E+01 7.747129E+01
1.677600E+01 8.786141E+01
1.678400E+01 9.121340E+01
1.679200E+01 8.080869E+01
1.680000E+01 8.427999E+01
1.680800E+01 8.615618E+01
1.681600E+01 8.905852E+01
1.682400E+01 7.497466E+01
1.683200E+01 7.390933E+01
1.684000E+01 8.626845E+01
1.684800E+01 7.931485E+01
1.685600E+01 8.192651E+01
1.686400E+01 8.054142E+01
1.687200E+01 8.563853E+01
1.688000E+01 9.484055E+01
1.688800E+01 8.373855E+01
1.689600E+01 8.180420E+01
1.690400E+01 7.919444E+01
1.691200E+01 7.714490E+01
1.692000E+01 8.327382E+01
1.692800E+01 8.088476E+01
1.693600E+01 8.247122E+01
1.694400E+01 7.976308E+01
1.695200E+01 7.950126E+01
1.696000E+01 7.605727E+01
1.696800E+01 7.612586E+01
1.697600E+01 8.477995E+01
1.698400E+01 7.881207E+01
1.699200E+01 8.734753E+01
1.700000E+01 8.688767E+01
1.700800E+01 7.094179E+01
1.701600E+01 7.058961E+01
1.702400E+01 7.836950E+01
1.703200E+01 8.376598E+01
1.704000E+01 8.129215E+01
1.704800E+01 8.123958E+01
1.705600E+01 8.357256E+01
1.706400E+01 8.203830E+01
1.707200E+01 7.871300E+01
1.708000E+01 6.923206E+01
1.708800E+01 7.437052E+01
1.709600E+01 8.438706E+01
1.710400E+01 7.459169E+01
1.711200E+01 7.535852E+01
1.712000E+01 9.306256E+01
1.712800E+01 1.001635E+02
1.713600E+01 8.753612E+01
1.714400E+01 9.042396E+01
1.715200E+01 1.011955E+02
1.716000E+01 9.596354E+01
1.716800E+01 1.021749E+02
1.717600E+01 1.017571E+02
1.718400E+01 9.475634E+01
1.719200E+01 9.899601E+01
1.720000E+01 1.040966E+02
1.720800E+01 1.155796E+02
1.721600E+01 1.073568E+02
1.722400E+01 1.028359E+02
1.723200E+01 1.141059E+02
1.724000E+01 9.817284E+01
1.724800E+01 7.912452E+01
1.725600E+01 8.091179E+01
1.726400E+01 9.188879E+01
1.727200E+01 9.406092E+01
1.728000E+01 8.957191E+01
1.728800E+01 8.353125E+01
1.729600E+01 8.220316E+01
1.730400E+01 8.360765E+01
1.731200E+01 8.556680E+01
1.732000E+01 8.833546E+01
1.732800E+01 8.529456E+01
1.733600E+01 9.112716E+01
1.734400E+01 9.082886E+01
1.735200E+01 8.681140E+01
1.736000E+01 8.229299E+01
1.736800E+01 8.945011E+01
1.737600E+01 1.018830E+02
1.738400E+01 9.176276E+01
1.739200E+01 9.490198E+01
1.740000E+01 1.087933E+02
1.740800E+01 1.148694E+02
1.741600E+01 1.005933E+02
1.742400E+01 9.216930E+01
1.743200E+01 1.286814E+02
1.744000E+01 1.240995E+02
1.744800E+01 1.092084E+02
1.745600E+01 1.163058E+02
1.746400E+01 1.197194E+02
1.747200E+01 1.108789E+02
1.748000E+01 1.141353E+02
1.748800E+01 1.209022E+02
1.749600E+01 1.200778E+02
1.750400E+01 1.263795E+02
1.751200E+01 1.151059E+02
1.752000E+01 1.030897E+02
1.752800E+01 1.071762E+02
1.753600E+01 1.291967E+02
1.754400E+01 1.178038E+02
1.755200E+01 1.042290E+02
1.756000E+01 1.190863E+02
1.756800E+01 1.110449E+02
1.757600E+01 1.183177E+02
1.758400E+01 1.254053E+02
1.759200E+01 9.967268E+01
1.760000E+01 1.046599E+02
1.760800E+01 1.228773E+02
1.761600E+01 1.127689E+02
1.762400E+01 9.998122E+01
1.763200E+01 9.132773E+01
1.764000E+01 1.067419E+02
1.764800E+01 1.047398E+02
1.765600E+01 1.090692E+02
1.766400E+01 1.181620E+02
1.767200E+01 1.121472E+02
1.768000E+01 1.186208E+02
1.768800E+01 1.167275E+02
1.769600E+01 1.109393E+02
1.770400E+01 1.261469E+02
1.771200E+01 1.177420E+02
1.772000E+01 1.163122E+02
1.772800E+01 1.160663E+02
1.773600E+01 9.354548E+01
1.774400E+01 9.799265E+01
1.775200E+01 1.201376E+02
1.776000E+01 1.184516E+02
1.776800E+01 1.123219E+02
1.777600E+01 1.180865E+02
1.778400E+01 1.177458E+02
1.779200E+01 1.164296E+02
1.780000E+01 1.315925E+02
1.780800E+01 1.281806E+02
1.781600E+01 1.097119E+02
1.782400E+01 1.203484E+02
1.783200E+01 1.222079E+02
1.784000E+01 1.158217E+02
1.784800E+01 1.084507E+02
1.785600E+01 1.053171E+02
1.786400E+01 1.246610E+02
1.787200E+01 1.287766E+02
1.788000E+01 1.146465E+02
1.788800E+01 1.171844E+02
1.789600E+01 1.161196E+02
1.790400E+01 9.832037E+01
1.791200E+01 1.050288E+02
1.792000E+01 1.166959E+02
1.792800E+01 1.041502E+02
1.793600E+01 1.140238E+02
1.794400E+01 1.221277E+02
1.795200E+01 1.000083E+02
1.796000E+01 8.715420E+01
1.796800E+01 9.478248E+01
1.797600E+01 1.158952E+02
1.798400E+01 1.174800E+02
1.799200E+01 9.642641E+01
1.800000E+01 1.026840E+02
1.800800E+01 1.132829E+02
1.801600E+01 9.623348E+01
1.802400E+01 9.918545E+01
1.803200E+01 1.057199E+02
1.804000E+01 8.274647E+01
1.804800E+01 8.605753E+01
1.805600E+01 1.046524E+02
1.806400E+01 9.612616E+01
1.807200E+01 9.265343E+01
1.808000E+01 1.127352E+02
1.808800E+01 1.019212E+02
1.809600E+01 8.754839E+01
1.810400E+01 9.423020E+01
1.811200E+01 8.291072E+01
1.812000E+01 7.792506E+01
1.812800E+01 8.803524E+01
1.813600E+01 9.559409E+01
1.814400E+01 9.832282E+01
1.815200E+01 8.849165E+01
1.816000E+01 7.688639E+01
1.816800E+01 7.717235E+01
1.817600E+01 7.757154E+01
1.818400E+01 7.127787E+01
1.819200E+01 6.099508E+01
1.820000E+01 7.205098E+01
1.820800E+01 8.761707E+01
1.821600E+01 7.536021E+01
1.822400E+01 7.369120E+01
1.823200E+01 8.750927E+01
1.824000E+01 8.720954E+01
1.824800E+01 8.369971E+01
1.825600E+01 8.222018E+01
1.826400E+01 7.190051E+01
1.827200E+01 8.115281E+01
1.828000E+01 8.433878E+01
1.828800E+01 8.000112E+01
1.829600E+01 9.430599E+01
1.830400E+01 9.269876E+01
1.831200E+01 9.387883E+01
1.832000E+01 9.750404E+01
1.832800E+01 9.618343E+01
1.833600E+01 8.440692E+01
1.834400E+01 7.211774E+01
1.835200E+01 9.237169E+01
1.836000E+01 9.565306E+01
1.836800E+01 9.167292E+01
1.837600E+01 1.006377E+02
1.838400E+01 8.437783E+01
1.839200E+01 8.464677E+01
1.840000E+01 8.913718E+01
1.840800E+01 8.618171E+01
1.841600E+01 9.075054E+01
1.842400E+01 9.356696E+01
1.843200E+01 8.751091E+01
1.844000E+01 9.215812E+01
1.844800E+01 1.039385E+02
1.845600E+01 1.032933E+02
1.846400E+01 9.329667E+01
1.847200E+01 8.303095E+01
1.848000E+01 7.659373E+01
1.848800E+01 8.429520E+01
1.849600E+01 9.692883E+01
1.850400E+01 8.660584E+01
1.851200E+01 8.337062E+01
1.852000E+01 9.118280E+01
1.852800E+01 1.080182E+02
1.853600E+01 1.070862E+02
1.854400E+01 8.850380E+01
1.855200E+01 8.799531E+01
1.856000E+01 9.615279E+01
1.856800E+01 9.516568E+01
1.857600E+01 8.352845E+01
1.858400E+01 7.721099E+01
1.859200E+01 9.783592E+01
1.860000E+01 1.006992E+02
1.860800E+01 8.574960E+01
1.861600E+01 8.604649E+01
1.862400E+01 8.145944E+01
1.863200E+01 9.162921E+01
1.864000E+01 1.141867E+02
1.864800E+01 1.121015E+02
1.865600E+01 9.713942E+01
1.866400E+01 1.070648E+02
1.867200E+01 1.138063E+02
1.868000E+01 9.396258E+01
1.868800E+01 1.021840E+02
1.869600E+01 1.086495E+02
1.870400E+01 9.164531E+01
1.871200E+01 9.406893E+01
1.872000E+01 9.950914E+01
1.872800E+01 1.022318E+02
1.873600E+01 1.026711E+02
1.874400E+01 1.005534E+02
1.875200E+01 9.930822E+01
1.876000E+01 1.071090E+02
1.876800E+01 1.102011E+02
1.877600E+01 9.659349E+01
1.878400E+01 1.126565E+02
1.879200E+01 1.311227E+02
1.880000E+01 1.116949E+02
1.880800E+01 9.472684E+01
1.881600E+01 9.197723E+01
1.882400E+01 9.373015E+01
1.883200E+01 1.075798E+02
1.884000E+01 1.014610E+02
1.884800E+01 9.683550E+01
1.885600E+01 1.112655E+02
1.886400E+01 1.105349E+02
1.887200E+01 1.086526E+02
1.888000E+01 1.153750E+02
1.888800E+01 1.026243E+02
1.889600E+01 9.379603E+01
1.890400E+01 1.010612E+02
1.891200E+01 1.043344E+02
1.892000E+01 1.216479E+02
1.892800E+01 1.307967E+02
1.893600E+01 1.124709E+02
1.894400E+01 1.179176E+02
1.895200E+01 1.105048E+02
1.896000E+01 1.165069E+02
1.896800E+01 1.421334E+02
1.897600E+01 1.218911E+02
1.898400E+01 1.197033E+02
1.899200E+01 1.266194E+02
1.900000E+01 1.227788E+02
1.900800E+01 1.104999E+02
1.901600E+01 1.060672E+02
1.902400E+01 1.083910E+02
1.903200E+01 1.062236E+02
1.904000E+01 1.116710E+02
1.904800E+01 1.160353E+02
1.905600E+01 1.182641E+02
1.906400E+01 1.185487E+02
1.907200E+01 1.350873E+02
1.908000E+01 1.303177E+02
1.908800E+01 9.679364E+01
1.909600E+01 1.028224E+02
1.910400E+01 1.088848E+02
1.911200E+01 1.035620E+02
1.912000E+01 1.226036E+02
1.912800E+01 1.181125E+02
1.913600E+01 1.020470E+02
1.914400E+01 1.167770E+02
1.915200E+01 1.235825E+02
1.916000E+01 1.106304E+02
1.916800E+01 1.090302E+02
1.917600E+01 1.158414E+02
1.918400E+01 1.093393E+02
1.919200E+01 1.232273E+02
1.920000E+01 1.286120E+02
1.920800E+01 1.151278E+02
1.921600E+01 9.240026E+01
1.922400E+01 9.948863E+01
1.923200E+01 1.086847E+02
1.924000E+01 1.036793E+02
1.924800E+01 1.142281E+02
1.925600E+01 1.073009E+02
1.926400E+01 1.087535E+02
1.927200E+01 1.057198E+02
1.928000E+01 9.619541E+01
1.928800E+01 1.108462E+02
1.929600E+01 9.860225E+01
1.930400E+01 9.768814E+01
1.931200E+01 9.833249E+01
1.932000E+01 8.886722E+01
1.932800E+01 1.118675E+02
1.933600E+01 1.009918E+02
1.934400E+01 1.013749E+02
1.935200E+01 8.983661E+01
1.936000E+01 9.558015E+01
1.936800E+01 1.204303E+02
1.937600E+01 9.475928E+01
1.938400E+01 9.939781E+01
1.939200E+01 1.059095E+02
1.940000E+01 9.279394E+01
1.940800E+01 1.014517E+02
1.941600E+01 9.528025E+01
1.942400E+01 1.011828E+02
1.943200E+01 1.188527E+02
1.944000E+01 1.085314E+02
1.944800E+01 9.781249E+01
1.945600E+01 9.597311E+01
1.946400E+01 1.064649E+02
1.947200E+01 1.063882E+02
1.948000E+01 8.893676E+01
1.948800E+01 1.046841E+02
1.949600E+01 9.908301E+01
1.950400E+01 1.003974E+02
1.951200E+01 1.019186E+02
1.952000E+01 9.184971E+01
1.952800E+01 1.068896E+02
1.953600E+01 9.125001E+01
1.954400E+01 1.026566E+02
1.955200E+01 1.104387E+02
1.956000E+01 9.415998E+01
1.956800E+01 1.014888E+02
1.957600E+01 9.732217E+01
1.958400E+01 1.008216E+02
1.959200E+01 8.923322E+01
1.960000E+01 9.016651E+01
1.960800E+01 9.284690E+01
1.961600E+01 9.343049E+01
1.962400E+01 9.749692E+01
1.963200E+01 8.008347E+01
1.964000E+01 7.903352E+01
1.964800E+01 8.260079E+01
1.965600E+01 8.924668E+01
1.966400E+01 7.434416E+01
1.967200E+01 7.350110E+01
1.968000E+01 8.575050E+01
1.968800E+01 7.388294E+01
1.969600E+01 6.886158E+01
1.970400E+01 7.954248E+01
1.971200E+01 8.351874E+01
1.972000E+01 7.931327E+01
1.972800E+01 7.621184E+01
1.973600E+01 8.113952E+01
1.974400E+01 9.056005E+01
1.975200E+01 8.075014E+01
1.976000E+01 7.079730E+01
1.976800E+01 6.897481E+01
1.977600E+01 8.311394E+01
1.978400E+01 7.811627E+01
1.979200E+01 6.151196E+01
1.980000E+01 8.448490E+01
1.980800E+01 8.498007E+01
1.981600E+01 7.872701E+01
1.982400E+01 8.569017E+01
1.983200E+01 8.343152E+01
1.984000E+01 8.949850E+01
1.984800E+01 8.163291E+01
1.985600E+01 8.198241E+01
1.986400E+01 8.587695E+01
1.987200E+01 7.892696E+01
1.988000E+01 8.818976E+01
1.988800E+01 8.281297E+01
1.989600E+01 9.616072E+01
1.990400E+01 9.690249E+01
1.991200E+01 9.233276E+01
1.992000E+01 9.492144E+01
1.992800E+01 8.754367E+01
1.993600E+01 8.688100E+01
1.994400E+01 8.021327E+01
1.995200E+01 8.415075E+01
1.996000E+01 8.191354E+01
1.996800E+01 8.095834E+01
1.997600E+01 9.339574E+01
1.998400E+01 9.990588E+01
1.999200E+01 9.709220E+01
2.000000E+01 8.049410E+01
