8.000000E-03 -2.796553E+01
1.600000E-02 -2.796318E+01
2.400000E-02 -2.795156E+01
3.200000E-02 -2.792401E+01
4.000000E-02 -2.793660E+01
4.800000E-02 -2.782453E+01
5.600000E-02 -2.784761E+01
6.400000E-02 -2.795629E+01
7.200000E-02 -2.779129E+01
8.000000E-02 -2.775191E+01
8.800000E-02 -2.780409E+01
9.600000E-02 -2.778703E+01
1.040000E-01 -2.771684E+01
1.120000E-01 -2.770171E+01
1.200000E-01 -2.772608E+01
1.280000E-01 -2.769718E+01
1.360000E-01 -2.768944E+01
1.440000E-01 -2.766211E+01
1.520000E-01 -2.768205E+01
1.600000E-01 -2.768173E+01
1.680000E-01 -2.764625E+01
1.760000E-01 -2.765113E+01
1.840000E-01 -2.765836E+01
1.920000E-01 -2.766526E+01
2.000000E-01 -2.767427E+01
2.080000E-01 -2.766459E+01
2.160000E-01 -2.768569E+01
2.240000E-01 -2.767216E+01
2.320000E-01 -2.767830E+01
2.400000E-01 -2.770153E+01
2.480000E-01 -2.768273E+01
2.560000E-01 -2.770592E+01
2.640000E-01 -2.771909E+01
2.720000E-01 -2.770088E+01
2.800000E-01 -2.772921E+01
2.880000E-01 -2.774602E+01
2.960000E-01 -2.772778E+01
3.040000E-01 -2.774435E+01
3.120000E-01 -2.775094E+01
3.200000E-01 -2.776089E+01
3.280000E-01 -2.777017E+01
3.360000E-01 -2.776785E+01
3.440000E-01 -2.776763E+01
3.520000E-01 -2.778062E+01
3.600000E-01 -2.779553E+01
3.680000E-01 -2.779233E+01
3.760000E-01 -2.780501E+01
3.840000E-01 -2.780807E+01
3.920000E-01 -2.781287E+01
4.000000E-01 -2.782565E+01
4.080000E-01 -2.782953E+01
4.160000E-01 -2.783624E+01
4.240000E-01 -2.784367E+01
4.320000E-01 -2.785133E+01
4.400000E-01 -2.785655E+01
4.480000E-01 -2.786196E+01
4.560000E-01 -2.786702E+01
4.640000E-01 -2.787298E+01
4.720000E-01 -2.788286E+01
4.800000E-01 -2.788906E+01
4.880000E-01 -2.789494E+01
4.960000E-01 -2.790041E+01
5.040000E-01 -2.790693E+01
5.120000E-01 -2.791597E+01
5.200000E-01 -2.792135E+01
5.280000E-01 -2.792715E+01
5.360000E-01 -2.793883E+01
5.440000E-01 -2.794528E+01
5.520000E-01 -2.795337E+01
5.600000E-01 -2.796143E+01
5.680000E-01 -2.796761E+01
5.760000E-01 -2.797506E+01
5.840000E-01 -2.798239E+01
5.920000E-01 -2.798965E+01
6.000000E-01 -2.799635E+01
6.080000E-01 -2.800300E+01
6.160000E-01 -2.801114E+01
6.240000E-01 -2.802288E+01
6.320000E-01 -2.802959E+01
6.400000E-01 -2.803760E+01
6.480000E-01 -2.804419E+01
6.560000E-01 -2.805157E+01
6.640000E-01 -2.805906E+01
6.720000E-01 -2.806635E+01
6.800000E-01 -2.807378E+01
6.880000E-01 -2.808093E+01
6.960000E-01 -2.808840E+01
7.040000E-01 -2.809648E+01
7.120000E-01 -2.810314E+01
7.200000E-01 -2.811084E+01
7.280000E-01 -2.811796E+01
7.360000E-01 -2.812531E+01
7.440000E-01 -2.813279E+01
7.520000E-01 -2.814035E+01
7.600000E-01 -2.814781E+01
7.680000E-01 -2.815539E+01
7.760000E-01 -2.816245E+01
7.840000E-01 -2.817002E+01
7.920000E-01 -2.817724E+01
8.000000E-01 -2.818507E+01
8.080000E-01 -2.819276E+01
8.160000E-01 -2.819997E+01
8.240000E-01 -2.821600E+01
8.320000E-01 -2.822371E+01
8.400000E-01 -2.823099E+01
8.480000E-01 -2.823857E+01
8.560000E-01 -2.824566E+01
8.640000E-01 -2.825267E+01
8.720000E-01 -2.826019E+01
8.800000E-01 -2.826798E+01
8.880000E-01 -2.828407E+01
8.960000E-01 -2.829074E+01
9.040000E-01 -2.829875E+01
9.120000E-01 -2.830597E+01
9.200000E-01 -2.831282E+01
9.280000E-01 -2.832030E+01
9.360000E-01 -2.832766E+01
9.440000E-01 -2.833483E+01
9.520000E-01 -2.834218E+01
9.600000E-01 -2.835363E+01
9.680000E-01 -2.836063E+01
9.760000E-01 -2.836792E+01
9.840000E-01 -2.837520E+01
9.920000E-01 -2.838220E+01
1.000000E+00 -2.838894E+01
1.008000E+00 -2.839617E+01
1.016000E+00 -2.840238E+01
1.024000E+00 -2.841405E+01
1.032000E+00 -2.842083E+01
1.040000E+00 -2.843154E+01
1.048000E+00 -2.843787E+01
1.056000E+00 -2.844444E+01
1.064000E+00 -2.845067E+01
1.072000E+00 -2.845664E+01
1.080000E+00 -2.846300E+01
1.088000E+00 -2.846905E+01
1.096000E+00 -2.847594E+01
1.104000E+00 -2.848667E+01
1.112000E+00 -2.849250E+01
1.120000E+00 -2.849807E+01
1.128000E+00 -2.850348E+01
1.136000E+00 -2.850885E+01
1.144000E+00 -2.851402E+01
1.152000E+00 -2.851863E+01
1.160000E+00 -2.852335E+01
1.168000E+00 -2.853149E+01
1.176000E+00 -2.853571E+01
1.184000E+00 -2.853994E+01
1.192000E+00 -2.854658E+01
1.200000E+00 -2.854928E+01
1.208000E+00 -2.855147E+01
1.216000E+00 -2.855403E+01
1.224000E+00 -2.855730E+01
1.232000E+00 -2.855899E+01
1.240000E+00 -2.856921E+01
1.248000E+00 -2.856988E+01
1.256000E+00 -2.857119E+01
1.264000E+00 -2.857230E+01
1.272000E+00 -2.857261E+01
1.280000E+00 -2.857207E+01
1.288000E+00 -2.857540E+01
1.296000E+00 -2.857423E+01
1.304000E+00 -2.857307E+01
1.312000E+00 -2.857631E+01
1.320000E+00 -2.857101E+01
1.328000E+00 -2.856781E+01
1.336000E+00 -2.856962E+01
1.344000E+00 -2.856386E+01
1.352000E+00 -2.855318E+01
1.360000E+00 -2.855141E+01
1.368000E+00 -2.854183E+01
1.376000E+00 -2.853216E+01
1.384000E+00 -2.853224E+01
1.392000E+00 -2.852131E+01
1.400000E+00 -2.850454E+01
1.408000E+00 -2.849996E+01
1.416000E+00 -2.849247E+01
1.424000E+00 -2.848027E+01
1.432000E+00 -2.847402E+01
1.440000E+00 -2.846599E+01
1.448000E+00 -2.845283E+01
1.456000E+00 -2.843669E+01
1.464000E+00 -2.842466E+01
1.472000E+00 -2.843025E+01
1.480000E+00 -2.841117E+01
1.488000E+00 -2.841822E+01
1.496000E+00 -2.839969E+01
1.504000E+00 -2.837917E+01
1.512000E+00 -2.837694E+01
1.520000E+00 -2.836643E+01
1.528000E+00 -2.835692E+01
1.536000E+00 -2.836048E+01
1.544000E+00 -2.832909E+01
1.552000E+00 -2.834051E+01
1.560000E+00 -2.833584E+01
1.568000E+00 -2.832521E+01
1.576000E+00 -2.832933E+01
1.584000E+00 -2.833243E+01
1.592000E+00 -2.831908E+01
1.600000E+00 -2.831505E+01
1.608000E+00 -2.832806E+01
1.616000E+00 -2.831177E+01
1.624000E+00 -2.831658E+01
1.632000E+00 -2.832662E+01
1.640000E+00 -2.831614E+01
1.648000E+00 -2.833454E+01
1.656000E+00 -2.832984E+01
1.664000E+00 -2.832027E+01
1.672000E+00 -2.832951E+01
1.680000E+00 -2.833057E+01
1.688000E+00 -2.833715E+01
1.696000E+00 -2.832974E+01
1.704000E+00 -2.833695E+01
1.712000E+00 -2.834693E+01
1.720000E+00 -2.834581E+01
1.728000E+00 -2.834572E+01
1.736000E+00 -2.834482E+01
1.744000E+00 -2.834980E+01
1.752000E+00 -2.834835E+01
1.760000E+00 -2.833848E+01
1.768000E+00 -2.835185E+01
1.776000E+00 -2.834784E+01
1.784000E+00 -2.834628E+01
1.792000E+00 -2.836046E+01
1.800000E+00 -2.836201E+01
1.808000E+00 -2.835762E+01
1.816000E+00 -2.835610E+01
1.824000E+00 -2.836076E+01
1.832000E+00 -2.836551E+01
1.840000E+00 -2.836631E+01
1.848000E+00 -2.837630E+01
1.856000E+00 -2.837501E+01
1.864000E+00 -2.838345E+01
1.872000E+00 -2.838944E+01
1.880000E+00 -2.839130E+01
1.888000E+00 -2.840004E+01
1.896000E+00 -2.840302E+01
1.904000E+00 -2.841173E+01
1.912000E+00 -2.842008E+01
1.920000E+00 -2.842500E+01
1.928000E+00 -2.843347E+01
1.936000E+00 -2.843751E+01
1.944000E+00 -2.844164E+01
1.952000E+00 -2.844706E+01
1.960000E+00 -2.845548E+01
1.968000E+00 -2.845656E+01
1.976000E+00 -2.846001E+01
1.984000E+00 -2.847129E+01
1.992000E+00 -2.847119E+01
2.000000E+00 -2.847587E+01
2.008000E+00 -2.848254E+01
2.016000E+00 -2.848651E+01
2.024000E+00 -2.849233E+01
2.032000E+00 -2.849554E+01
2.040000E+00 -2.850293E+01
2.048000E+00 -2.851074E+01
2.056000E+00 -2.851010E+01
2.064000E+00 -2.852194E+01
2.072000E+00 -2.852695E+01
2.080000E+00 -2.852624E+01
2.088000E+00 -2.853922E+01
2.096000E+00 -2.854431E+01
2.104000E+00 -2.854736E+01
2.112000E+00 -2.855214E+01
2.120000E+00 -2.855626E+01
2.128000E+00 -2.855861E+01
2.136000E+00 -2.856576E+01
2.144000E+00 -2.857115E+01
2.152000E+00 -2.857304E+01
2.160000E+00 -2.857731E+01
2.168000E+00 -2.858036E+01
2.176000E+00 -2.859376E+01
2.184000E+00 -2.859590E+01
2.192000E+00 -2.858995E+01
2.200000E+00 -2.859599E+01
2.208000E+00 -2.860139E+01
2.216000E+00 -2.860804E+01
2.224000E+00 -2.860694E+01
2.232000E+00 -2.861167E+01
2.240000E+00 -2.861604E+01
2.248000E+00 -2.861883E+01
2.256000E+00 -2.861949E+01
2.264000E+00 -2.862750E+01
2.272000E+00 -2.862963E+01
2.280000E+00 -2.862773E+01
2.288000E+00 -2.863622E+01
2.296000E+00 -2.863612E+01
2.304000E+00 -2.863616E+01
2.312000E+00 -2.863991E+01
2.320000E+00 -2.864096E+01
2.328000E+00 -2.864381E+01
2.336000E+00 -2.864751E+01
2.344000E+00 -2.864772E+01
2.352000E+00 -2.864373E+01
2.360000E+00 -2.864796E+01
2.368000E+00 -2.864796E+01
2.376000E+00 -2.864309E+01
2.384000E+00 -2.865230E+01
2.392000E+00 -2.864428E+01
2.400000E+00 -2.864570E+01
2.408000E+00 -2.864543E+01
2.416000E+00 -2.864762E+01
2.424000E+00 -2.865048E+01
2.432000E+00 -2.864738E+01
2.440000E+00 -2.863927E+01
2.448000E+00 -2.864944E+01
2.456000E+00 -2.864959E+01
2.464000E+00 -2.863415E+01
2.472000E+00 -2.864701E+01
2.480000E+00 -2.863726E+01
2.488000E+00 -2.863772E+01
2.496000E+00 -2.863342E+01
2.504000E+00 -2.862637E+01
2.512000E+00 -2.862794E+01
2.520000E+00 -2.862237E+01
2.528000E+00 -2.862374E+01
2.536000E+00 -2.860920E+01
2.544000E+00 -2.861196E+01
2.552000E+00 -2.860943E+01
2.560000E+00 -2.859990E+01
2.568000E+00 -2.861104E+01
2.576000E+00 -2.859081E+01
2.584000E+00 -2.859541E+01
2.592000E+00 -2.858904E+01
2.600000E+00 -2.857987E+01
2.608000E+00 -2.858094E+01
2.616000E+00 -2.857644E+01
2.624000E+00 -2.858261E+01
2.632000E+00 -2.856603E+01
2.640000E+00 -2.857910E+01
2.648000E+00 -2.856505E+01
2.656000E+00 -2.857433E+01
2.664000E+00 -2.857409E+01
2.672000E+00 -2.856768E+01
2.680000E+00 -2.856666E+01
2.688000E+00 -2.856795E+01
2.696000E+00 -2.857099E+01
2.704000E+00 -2.855695E+01
2.712000E+00 -2.855362E+01
2.720000E+00 -2.856274E+01
2.728000E+00 -2.855700E+01
2.736000E+00 -2.853139E+01
2.744000E+00 -2.856010E+01
2.752000E+00 -2.855254E+01
2.760000E+00 -2.853337E+01
2.768000E+00 -2.854125E+01
2.776000E+00 -2.855089E+01
2.784000E+00 -2.854141E+01
2.792000E+00 -2.853142E+01
2.800000E+00 -2.854353E+01
2.808000E+00 -2.853358E+01
2.816000E+00 -2.852740E+01
2.824000E+00 -2.851790E+01
2.832000E+00 -2.852837E+01
2.840000E+00 -2.852773E+01
2.848000E+00 -2.851416E+01
2.856000E+00 -2.852853E+01
2.864000E+00 -2.851496E+01
2.872000E+00 -2.851820E+01
2.880000E+00 -2.851217E+01
2.888000E+00 -2.850954E+01
2.896000E+00 -2.851386E+01
2.904000E+00 -2.850976E+01
2.912000E+00 -2.850836E+01
2.920000E+00 -2.851302E+01
2.928000E+00 -2.850417E+01
2.936000E+00 -2.850685E+01
2.944000E+00 -2.851952E+01
2.952000E+00 -2.850090E+01
2.960000E+00 -2.851476E+01
2.968000E+00 -2.850671E+01
2.976000E+00 -2.850156E+01
2.984000E+00 -2.850794E+01
2.992000E+00 -2.850823E+01
3.000000E+00 -2.851334E+01
3.008000E+00 -2.850894E+01
3.016000E+00 -2.849773E+01
3.024000E+00 -2.851013E+01
3.032000E+00 -2.851194E+01
3.040000E+00 -2.850827E+01
3.048000E+00 -2.851378E+01
3.056000E+00 -2.849984E+01
3.064000E+00 -2.850844E+01
3.072000E+00 -2.851580E+01
3.080000E+00 -2.849961E+01
3.088000E+00 -2.851327E+01
3.096000E+00 -2.851190E+01
3.104000E+00 -2.850751E+01
3.112000E+00 -2.851859E+01
3.120000E+00 -2.851396E+01
3.128000E+00 -2.850940E+01
3.136000E+00 -2.851246E+01
3.144000E+00 -2.850440E+01
3.152000E+00 -2.852083E+01
3.160000E+00 -2.851312E+01
3.168000E+00 -2.849964E+01
3.176000E+00 -2.852210E+01
3.184000E+00 -2.850825E+01
3.192000E+00 -2.850881E+01
3.200000E+00 -2.851303E+01
3.208000E+00 -2.850242E+01
3.216000E+00 -2.851247E+01
3.224000E+00 -2.851806E+01
3.232000E+00 -2.850750E+01
3.240000E+00 -2.851524E+01
3.248000E+00 -2.851816E+01
3.256000E+00 -2.850905E+01
3.264000E+00 -2.852231E+01
3.272000E+00 -2.851045E+01
3.280000E+00 -2.851514E+01
3.288000E+00 -2.851910E+01
3.296000E+00 -2.851789E+01
3.304000E+00 -2.852084E+01
3.312000E+00 -2.852181E+01
3.320000E+00 -2.852712E+01
3.328000E+00 -2.851759E+01
3.336000E+00 -2.852047E+01
3.344000E+00 -2.853273E+01
3.352000E+00 -2.852877E+01
3.360000E+00 -2.852798E+01
3.368000E+00 -2.852411E+01
3.376000E+00 -2.854115E+01
3.384000E+00 -2.853625E+01
3.392000E+00 -2.853468E+01
3.400000E+00 -2.854385E+01
3.408000E+00 -2.854225E+01
3.416000E+00 -2.853833E+01
3.424000E+00 -2.854107E+01
3.432000E+00 -2.855184E+01
3.440000E+00 -2.855192E+01
3.448000E+00 -2.855036E+01
3.456000E+00 -2.856149E+01
3.464000E+00 -2.855566E+01
3.472000E+00 -2.855324E+01
3.480000E+00 -2.856231E+01
3.488000E+00 -2.855630E+01
3.496000E+00 -2.855502E+01
3.504000E+00 -2.855671E+01
3.512000E+00 -2.856455E+01
3.520000E+00 -2.855246E+01
3.528000E+00 -2.856547E+01
3.536000E+00 -2.856676E+01
3.544000E+00 -2.855366E+01
3.552000E+00 -2.857581E+01
3.560000E+00 -2.856861E+01
3.568000E+00 -2.856773E+01
3.576000E+00 -2.857412E+01
3.584000E+00 -2.857400E+01
3.592000E+00 -2.857156E+01
3.600000E+00 -2.857263E+01
3.608000E+00 -2.858537E+01
3.616000E+00 -2.857254E+01
3.624000E+00 -2.857563E+01
3.632000E+00 -2.858073E+01
3.640000E+00 -2.858295E+01
3.648000E+00 -2.858456E+01
3.656000E+00 -2.858979E+01
3.664000E+00 -2.858741E+01
3.672000E+00 -2.858935E+01
3.680000E+00 -2.859831E+01
3.688000E+00 -2.859668E+01
3.696000E+00 -2.859989E+01
3.704000E+00 -2.860405E+01
3.712000E+00 -2.860552E+01
3.720000E+00 -2.860568E+01
3.728000E+00 -2.861194E+01
3.736000E+00 -2.861335E+01
3.744000E+00 -2.862358E+01
3.752000E+00 -2.861276E+01
3.760000E+00 -2.862566E+01
3.768000E+00 -2.862367E+01
3.776000E+00 -2.861947E+01
3.784000E+00 -2.863036E+01
3.792000E+00 -2.861273E+01
3.800000E+00 -2.862580E+01
3.808000E+00 -2.861506E+01
3.816000E+00 -2.861664E+01
3.824000E+00 -2.862807E+01
3.832000E+00 -2.861186E+01
3.840000E+00 -2.861621E+01
3.848000E+00 -2.859279E+01
3.856000E+00 -2.861737E+01
3.864000E+00 -2.860634E+01
3.872000E+00 -2.860569E+01
3.880000E+00 -2.861879E+01
3.888000E+00 -2.859653E+01
3.896000E+00 -2.862342E+01
3.904000E+00 -2.860574E+01
3.912000E+00 -2.860915E+01
3.920000E+00 -2.861671E+01
3.928000E+00 -2.860022E+01
3.936000E+00 -2.860857E+01
3.944000E+00 -2.859874E+01
3.952000E+00 -2.859857E+01
3.960000E+00 -2.859343E+01
3.968000E+00 -2.859286E+01
3.976000E+00 -2.858526E+01
3.984000E+00 -2.859499E+01
3.992000E+00 -2.858965E+01
4.000000E+00 -2.858209E+01
4.008000E+00 -2.858685E+01
4.016000E+00 -2.857918E+01
4.024000E+00 -2.857156E+01
4.032000E+00 -2.857130E+01
4.040000E+00 -2.858048E+01
4.048000E+00 -2.856184E+01
4.056000E+00 -2.857103E+01
4.064000E+00 -2.855916E+01
4.072000E+00 -2.856998E+01
4.080000E+00 -2.857418E+01
4.088000E+00 -2.855225E+01
4.096000E+00 -2.857754E+01
4.104000E+00 -2.854944E+01
4.112000E+00 -2.855250E+01
4.120000E+00 -2.856490E+01
4.128000E+00 -2.855034E+01
4.136000E+00 -2.854343E+01
4.144000E+00 -2.856019E+01
4.152000E+00 -2.855011E+01
4.160000E+00 -2.854248E+01
4.168000E+00 -2.854303E+01
4.176000E+00 -2.855121E+01
4.184000E+00 -2.854477E+01
4.192000E+00 -2.853724E+01
4.200000E+00 -2.853781E+01
4.208000E+00 -2.851524E+01
4.216000E+00 -2.852633E+01
4.224000E+00 -2.853144E+01
4.232000E+00 -2.851808E+01
4.240000E+00 -2.851442E+01
4.248000E+00 -2.851143E+01
4.256000E+00 -2.850886E+01
4.264000E+00 -2.851721E+01
4.272000E+00 -2.850039E+01
4.280000E+00 -2.849447E+01
4.288000E+00 -2.850969E+01
4.296000E+00 -2.850067E+01
4.304000E+00 -2.849388E+01
4.312000E+00 -2.850667E+01
4.320000E+00 -2.850201E+01
4.328000E+00 -2.851689E+01
4.336000E+00 -2.849414E+01
4.344000E+00 -2.851425E+01
4.352000E+00 -2.850883E+01
4.360000E+00 -2.849457E+01
4.368000E+00 -2.850738E+01
4.376000E+00 -2.850486E+01
4.384000E+00 -2.850584E+01
4.392000E+00 -2.849281E+01
4.400000E+00 -2.850405E+01
4.408000E+00 -2.850405E+01
4.416000E+00 -2.849218E+01
4.424000E+00 -2.850030E+01
4.432000E+00 -2.849421E+01
4.440000E+00 -2.850287E+01
4.448000E+00 -2.849733E+01
4.456000E+00 -2.849531E+01
4.464000E+00 -2.849786E+01
4.472000E+00 -2.850586E+01
4.480000E+00 -2.850007E+01
4.488000E+00 -2.849368E+01
4.496000E+00 -2.849500E+01
4.504000E+00 -2.849438E+01
4.512000E+00 -2.849631E+01
4.520000E+00 -2.849185E+01
4.528000E+00 -2.849863E+01
4.536000E+00 -2.849709E+01
4.544000E+00 -2.849122E+01
4.552000E+00 -2.850842E+01
4.560000E+00 -2.849414E+01
4.568000E+00 -2.850645E+01
4.576000E+00 -2.851575E+01
4.584000E+00 -2.849867E+01
4.592000E+00 -2.851294E+01
4.600000E+00 -2.851379E+01
4.608000E+00 -2.851519E+01
4.616000E+00 -2.851104E+01
4.624000E+00 -2.851186E+01
4.632000E+00 -2.851775E+01
4.640000E+00 -2.851264E+01
4.648000E+00 -2.852449E+01
4.656000E+00 -2.852632E+01
4.664000E+00 -2.852128E+01
4.672000E+00 -2.851851E+01
4.680000E+00 -2.852663E+01
4.688000E+00 -2.851757E+01
4.696000E+00 -2.852468E+01
4.704000E+00 -2.852978E+01
4.712000E+00 -2.852657E+01
4.720000E+00 -2.853369E+01
4.728000E+00 -2.852394E+01
4.736000E+00 -2.853314E+01
4.744000E+00 -2.853312E+01
4.752000E+00 -2.852869E+01
4.760000E+00 -2.853587E+01
4.768000E+00 -2.853858E+01
4.776000E+00 -2.853843E+01
4.784000E+00 -2.853909E+01
4.792000E+00 -2.853821E+01
4.800000E+00 -2.854238E+01
4.808000E+00 -2.854081E+01
4.816000E+00 -2.854544E+01
4.824000E+00 -2.854438E+01
4.832000E+00 -2.854232E+01
4.840000E+00 -2.855416E+01
4.848000E+00 -2.855982E+01
4.856000E+00 -2.855237E+01
4.864000E+00 -2.856089E+01
4.872000E+00 -2.857285E+01
4.880000E+00 -2.857091E+01
4.888000E+00 -2.857474E+01
4.896000E+00 -2.857567E+01
4.904000E+00 -2.858307E+01
4.912000E+00 -2.858094E+01
4.920000E+00 -2.858496E+01
4.928000E+00 -2.859625E+01
4.936000E+00 -2.858781E+01
4.944000E+00 -2.859305E+01
4.952000E+00 -2.859634E+01
4.960000E+00 -2.859530E+01
4.968000E+00 -2.860062E+01
4.976000E+00 -2.859238E+01
4.984000E+00 -2.859356E+01
4.992000E+00 -2.859138E+01
5.000000E+00 -2.859945E+01
5.008000E+00 -2.859537E+01
5.016000E+00 -2.859929E+01
5.024000E+00 -2.860821E+01
5.032000E+00 -2.860438E+01
5.040000E+00 -2.860927E+01
5.048000E+00 -2.860953E+01
5.056000E+00 -2.861147E+01
5.064000E+00 -2.860616E+01
5.072000E+00 -2.860655E+01
5.080000E+00 -2.862025E+01
5.088000E+00 -2.861625E+01
5.096000E+00 -2.861120E+01
5.104000E+00 -2.861872E+01
5.112000E+00 -2.861606E+01
5.120000E+00 -2.861130E+01
5.128000E+00 -2.861293E+01
5.136000E+00 -2.861686E+01
5.144000E+00 -2.861277E+01
5.152000E+00 -2.861658E+01
5.160000E+00 -2.861581E+01
5.168000E+00 -2.861287E+01
5.176000E+00 -2.861122E+01
5.184000E+00 -2.861717E+01
5.192000E+00 -2.861470E+01
5.200000E+00 -2.860552E+01
5.208000E+00 -2.861484E+01
5.216000E+00 -2.861589E+01
5.224000E+00 -2.860853E+01
5.232000E+00 -2.860016E+01
5.240000E+00 -2.861532E+01
5.248000E+00 -2.860588E+01
5.256000E+00 -2.860641E+01
5.264000E+00 -2.862524E+01
5.272000E+00 -2.860107E+01
5.280000E+00 -2.861891E+01
5.288000E+00 -2.860462E+01
5.296000E+00 -2.860597E+01
5.304000E+00 -2.861369E+01
5.312000E+00 -2.859824E+01
5.320000E+00 -2.861171E+01
5.328000E+00 -2.860768E+01
5.336000E+00 -2.861937E+01
5.344000E+00 -2.859956E+01
5.352000E+00 -2.861100E+01
5.360000E+00 -2.862243E+01
5.368000E+00 -2.859557E+01
5.376000E+00 -2.860805E+01
5.384000E+00 -2.860194E+01
5.392000E+00 -2.860430E+01
5.400000E+00 -2.860444E+01
5.408000E+00 -2.858650E+01
5.416000E+00 -2.860340E+01
5.424000E+00 -2.860033E+01
5.432000E+00 -2.859810E+01
5.440000E+00 -2.859920E+01
5.448000E+00 -2.860634E+01
5.456000E+00 -2.858461E+01
5.464000E+00 -2.861417E+01
5.472000E+00 -2.860248E+01
5.480000E+00 -2.858569E+01
5.488000E+00 -2.861870E+01
5.496000E+00 -2.857561E+01
5.504000E+00 -2.860123E+01
5.512000E+00 -2.859254E+01
5.520000E+00 -2.858666E+01
5.528000E+00 -2.857686E+01
5.536000E+00 -2.857710E+01
5.544000E+00 -2.857415E+01
5.552000E+00 -2.857495E+01
5.560000E+00 -2.856624E+01
5.568000E+00 -2.855166E+01
5.576000E+00 -2.855651E+01
5.584000E+00 -2.855042E+01
5.592000E+00 -2.853738E+01
5.600000E+00 -2.853719E+01
5.608000E+00 -2.853465E+01
5.616000E+00 -2.853285E+01
5.624000E+00 -2.853131E+01
5.632000E+00 -2.852311E+01
5.640000E+00 -2.851978E+01
5.648000E+00 -2.853078E+01
5.656000E+00 -2.851886E+01
5.664000E+00 -2.851207E+01
5.672000E+00 -2.851706E+01
5.680000E+00 -2.850905E+01
5.688000E+00 -2.850972E+01
5.696000E+00 -2.850031E+01
5.704000E+00 -2.850624E+01
5.712000E+00 -2.851061E+01
5.720000E+00 -2.849130E+01
5.728000E+00 -2.849772E+01
5.736000E+00 -2.849595E+01
5.744000E+00 -2.848615E+01
5.752000E+00 -2.849818E+01
5.760000E+00 -2.849294E+01
5.768000E+00 -2.849254E+01
5.776000E+00 -2.850650E+01
5.784000E+00 -2.849383E+01
5.792000E+00 -2.850358E+01
5.800000E+00 -2.850743E+01
5.808000E+00 -2.850070E+01
5.816000E+00 -2.850341E+01
5.824000E+00 -2.850309E+01
5.832000E+00 -2.850922E+01
5.840000E+00 -2.851357E+01
5.848000E+00 -2.850241E+01
5.856000E+00 -2.849263E+01
5.864000E+00 -2.850763E+01
5.872000E+00 -2.850029E+01
5.880000E+00 -2.849604E+01
5.888000E+00 -2.849783E+01
5.896000E+00 -2.850000E+01
5.904000E+00 -2.850951E+01
5.912000E+00 -2.848748E+01
5.920000E+00 -2.850990E+01
5.928000E+00 -2.851128E+01
5.936000E+00 -2.850992E+01
5.944000E+00 -2.850659E+01
5.952000E+00 -2.851918E+01
5.960000E+00 -2.851158E+01
5.968000E+00 -2.851197E+01
5.976000E+00 -2.852186E+01
5.984000E+00 -2.851031E+01
5.992000E+00 -2.851877E+01
6.000000E+00 -2.852404E+01
6.008000E+00 -2.851737E+01
6.016000E+00 -2.852945E+01
6.024000E+00 -2.852101E+01
6.032000E+00 -2.852567E+01
6.040000E+00 -2.852430E+01
6.048000E+00 -2.852856E+01
6.056000E+00 -2.852610E+01
6.064000E+00 -2.852747E+01
6.072000E+00 -2.853102E+01
6.080000E+00 -2.852452E+01
6.088000E+00 -2.853946E+01
6.096000E+00 -2.851911E+01
6.104000E+00 -2.852958E+01
6.112000E+00 -2.854098E+01
6.120000E+00 -2.853261E+01
6.128000E+00 -2.852919E+01
6.136000E+00 -2.853955E+01
6.144000E+00 -2.853586E+01
6.152000E+00 -2.853252E+01
6.160000E+00 -2.855012E+01
6.168000E+00 -2.853771E+01
6.176000E+00 -2.854136E+01
6.184000E+00 -2.855112E+01
6.192000E+00 -2.854771E+01
6.200000E+00 -2.854870E+01
6.208000E+00 -2.855144E+01
6.216000E+00 -2.855933E+01
6.224000E+00 -2.856017E+01
6.232000E+00 -2.856494E+01
6.240000E+00 -2.856412E+01
6.248000E+00 -2.856513E+01
6.256000E+00 -2.857373E+01
6.264000E+00 -2.856768E+01
6.272000E+00 -2.857261E+01
6.280000E+00 -2.858162E+01
6.288000E+00 -2.857402E+01
6.296000E+00 -2.858125E+01
6.304000E+00 -2.858528E+01
6.312000E+00 -2.857886E+01
6.320000E+00 -2.858944E+01
6.328000E+00 -2.859288E+01
6.336000E+00 -2.858649E+01
6.344000E+00 -2.859826E+01
6.352000E+00 -2.859283E+01
6.360000E+00 -2.859648E+01
6.368000E+00 -2.859837E+01
6.376000E+00 -2.860070E+01
6.384000E+00 -2.859752E+01
6.392000E+00 -2.859521E+01
6.400000E+00 -2.860493E+01
6.408000E+00 -2.860697E+01
6.416000E+00 -2.860442E+01
6.424000E+00 -2.860141E+01
6.432000E+00 -2.860665E+01
6.440000E+00 -2.860878E+01
6.448000E+00 -2.861314E+01
6.456000E+00 -2.860639E+01
6.464000E+00 -2.861643E+01
6.472000E+00 -2.862055E+01
6.480000E+00 -2.861323E+01
6.488000E+00 -2.861966E+01
6.496000E+00 -2.862538E+01
6.504000E+00 -2.861910E+01
6.512000E+00 -2.862349E+01
6.520000E+00 -2.862426E+01
6.528000E+00 -2.862595E+01
6.536000E+00 -2.861937E+01
6.544000E+00 -2.862261E+01
6.552000E+00 -2.863183E+01
6.560000E+00 -2.861995E+01
6.568000E+00 -2.863232E+01
6.576000E+00 -2.862303E+01
6.584000E+00 -2.861801E+01
6.592000E+00 -2.862750E+01
6.600000E+00 -2.862018E+01
6.608000E+00 -2.861738E+01
6.616000E+00 -2.862128E+01
6.624000E+00 -2.861259E+01
6.632000E+00 -2.860011E+01
6.640000E+00 -2.862378E+01
6.648000E+00 -2.859352E+01
6.656000E+00 -2.859689E+01
6.664000E+00 -2.861540E+01
6.672000E+00 -2.859071E+01
6.680000E+00 -2.859396E+01
6.688000E+00 -2.859762E+01
6.696000E+00 -2.858141E+01
6.704000E+00 -2.860062E+01
6.712000E+00 -2.858033E+01
6.720000E+00 -2.856587E+01
6.728000E+00 -2.858951E+01
6.736000E+00 -2.857756E+01
6.744000E+00 -2.857149E+01
6.752000E+00 -2.856412E+01
6.760000E+00 -2.855899E+01
6.768000E+00 -2.856656E+01
6.776000E+00 -2.856600E+01
6.784000E+00 -2.855418E+01
6.792000E+00 -2.854635E+01
6.800000E+00 -2.855811E+01
6.808000E+00 -2.853611E+01
6.816000E+00 -2.854397E+01
6.824000E+00 -2.854007E+01
6.832000E+00 -2.852838E+01
6.840000E+00 -2.854825E+01
6.848000E+00 -2.852358E+01
6.856000E+00 -2.852854E+01
6.864000E+00 -2.852604E+01
6.872000E+00 -2.850701E+01
6.880000E+00 -2.852863E+01
6.888000E+00 -2.851984E+01
6.896000E+00 -2.849476E+01
6.904000E+00 -2.851391E+01
6.912000E+00 -2.851212E+01
6.920000E+00 -2.850671E+01
6.928000E+00 -2.850139E+01
6.936000E+00 -2.849569E+01
6.944000E+00 -2.852203E+01
6.952000E+00 -2.849301E+01
6.960000E+00 -2.848713E+01
6.968000E+00 -2.852193E+01
6.976000E+00 -2.849269E+01
6.984000E+00 -2.849713E+01
6.992000E+00 -2.850464E+01
7.000000E+00 -2.848759E+01
7.008000E+00 -2.851691E+01
7.016000E+00 -2.848791E+01
7.024000E+00 -2.849210E+01
7.032000E+00 -2.851347E+01
7.040000E+00 -2.848864E+01
7.048000E+00 -2.849990E+01
7.056000E+00 -2.851040E+01
7.064000E+00 -2.850587E+01
7.072000E+00 -2.849466E+01
7.080000E+00 -2.849469E+01
7.088000E+00 -2.851141E+01
7.096000E+00 -2.849433E+01
7.104000E+00 -2.850090E+01
7.112000E+00 -2.850357E+01
7.120000E+00 -2.850308E+01
7.128000E+00 -2.850410E+01
7.136000E+00 -2.850683E+01
7.144000E+00 -2.850687E+01
7.152000E+00 -2.850199E+01
7.160000E+00 -2.850383E+01
7.168000E+00 -2.850475E+01
7.176000E+00 -2.850506E+01
7.184000E+00 -2.850835E+01
7.192000E+00 -2.851993E+01
7.200000E+00 -2.850274E+01
7.208000E+00 -2.851109E+01
7.216000E+00 -2.851776E+01
7.224000E+00 -2.851659E+01
7.232000E+00 -2.851717E+01
7.240000E+00 -2.852185E+01
7.248000E+00 -2.852842E+01
7.256000E+00 -2.851354E+01
7.264000E+00 -2.852135E+01
7.272000E+00 -2.853064E+01
7.280000E+00 -2.852030E+01
7.288000E+00 -2.852957E+01
7.296000E+00 -2.853640E+01
7.304000E+00 -2.852865E+01
7.312000E+00 -2.853467E+01
7.320000E+00 -2.853077E+01
7.328000E+00 -2.854083E+01
7.336000E+00 -2.853199E+01
7.344000E+00 -2.853988E+01
7.352000E+00 -2.854966E+01
7.360000E+00 -2.853552E+01
7.368000E+00 -2.853871E+01
7.376000E+00 -2.854129E+01
7.384000E+00 -2.855072E+01
7.392000E+00 -2.855281E+01
7.400000E+00 -2.854602E+01
7.408000E+00 -2.855766E+01
7.416000E+00 -2.855811E+01
7.424000E+00 -2.856103E+01
7.432000E+00 -2.855936E+01
7.440000E+00 -2.857203E+01
7.448000E+00 -2.857147E+01
7.456000E+00 -2.856052E+01
7.464000E+00 -2.856264E+01
7.472000E+00 -2.856153E+01
7.480000E+00 -2.856862E+01
7.488000E+00 -2.857380E+01
7.496000E+00 -2.856706E+01
7.504000E+00 -2.857485E+01
7.512000E+00 -2.857533E+01
7.520000E+00 -2.856600E+01
7.528000E+00 -2.857552E+01
7.536000E+00 -2.856759E+01
7.544000E+00 -2.857379E+01
7.552000E+00 -2.857335E+01
7.560000E+00 -2.856568E+01
7.568000E+00 -2.857358E+01
7.576000E+00 -2.856786E+01
7.584000E+00 -2.856590E+01
7.592000E+00 -2.856869E+01
7.600000E+00 -2.856031E+01
7.608000E+00 -2.856476E+01
7.616000E+00 -2.857308E+01
7.624000E+00 -2.856141E+01
7.632000E+00 -2.856510E+01
7.640000E+00 -2.858380E+01
7.648000E+00 -2.856524E+01
7.656000E+00 -2.857180E+01
7.664000E+00 -2.857196E+01
7.672000E+00 -2.857896E+01
7.680000E+00 -2.857912E+01
7.688000E+00 -2.856990E+01
7.696000E+00 -2.858522E+01
7.704000E+00 -2.858085E+01
7.712000E+00 -2.858042E+01
7.720000E+00 -2.858416E+01
7.728000E+00 -2.858049E+01
7.736000E+00 -2.858658E+01
7.744000E+00 -2.858383E+01
7.752000E+00 -2.858568E+01
7.760000E+00 -2.858886E+01
7.768000E+00 -2.858094E+01
7.776000E+00 -2.858177E+01
7.784000E+00 -2.858751E+01
7.792000E+00 -2.858101E+01
7.800000E+00 -2.858534E+01
7.808000E+00 -2.857990E+01
7.816000E+00 -2.858852E+01
7.824000E+00 -2.858902E+01
7.832000E+00 -2.858159E+01
7.840000E+00 -2.857895E+01
7.848000E+00 -2.859171E+01
7.856000E+00 -2.858125E+01
7.864000E+00 -2.857768E+01
7.872000E+00 -2.858748E+01
7.880000E+00 -2.859738E+01
7.888000E+00 -2.858182E+01
7.896000E+00 -2.859395E+01
7.904000E+00 -2.859863E+01
7.912000E+00 -2.858446E+01
7.920000E+00 -2.861019E+01
7.928000E+00 -2.858635E+01
7.936000E+00 -2.857979E+01
7.944000E+00 -2.861195E+01
7.952000E+00 -2.858847E+01
7.960000E+00 -2.859703E+01
7.968000E+00 -2.859491E+01
7.976000E+00 -2.858646E+01
7.984000E+00 -2.859577E+01
7.992000E+00 -2.858884E+01
8.000000E+00 -2.857806E+01
8.008000E+00 -2.858628E+01
8.016000E+00 -2.857941E+01
8.024000E+00 -2.858393E+01
8.032000E+00 -2.856986E+01
8.040000E+00 -2.856917E+01
8.048000E+00 -2.858315E+01
8.056000E+00 -2.857116E+01
8.064000E+00 -2.856239E+01
8.072000E+00 -2.857402E+01
8.080000E+00 -2.857112E+01
8.088000E+00 -2.856707E+01
8.096000E+00 -2.856804E+01
8.104000E+00 -2.857038E+01
8.112000E+00 -2.856187E+01
8.120000E+00 -2.856576E+01
8.128000E+00 -2.857083E+01
8.136000E+00 -2.854878E+01
8.144000E+00 -2.856689E+01
8.152000E+00 -2.857388E+01
8.160000E+00 -2.854733E+01
8.168000E+00 -2.855586E+01
8.176000E+00 -2.855784E+01
8.184000E+00 -2.856403E+01
8.192000E+00 -2.854463E+01
8.200000E+00 -2.853509E+01
8.208000E+00 -2.855238E+01
8.216000E+00 -2.853210E+01
8.224000E+00 -2.854452E+01
8.232000E+00 -2.854692E+01
8.240000E+00 -2.852920E+01
8.248000E+00 -2.854710E+01
8.256000E+00 -2.853511E+01
8.264000E+00 -2.854860E+01
8.272000E+00 -2.853038E+01
8.280000E+00 -2.851904E+01
8.288000E+00 -2.855654E+01
8.296000E+00 -2.851899E+01
8.304000E+00 -2.853342E+01
8.312000E+00 -2.854336E+01
8.320000E+00 -2.852481E+01
8.328000E+00 -2.854047E+01
8.336000E+00 -2.853448E+01
8.344000E+00 -2.853127E+01
8.352000E+00 -2.853150E+01
8.360000E+00 -2.853591E+01
8.368000E+00 -2.853726E+01
8.376000E+00 -2.852813E+01
8.384000E+00 -2.853559E+01
8.392000E+00 -2.853158E+01
8.400000E+00 -2.854861E+01
8.408000E+00 -2.851785E+01
8.416000E+00 -2.854729E+01
8.424000E+00 -2.853255E+01
8.432000E+00 -2.852643E+01
8.440000E+00 -2.853677E+01
8.448000E+00 -2.852734E+01
8.456000E+00 -2.853594E+01
8.464000E+00 -2.853016E+01
8.472000E+00 -2.853787E+01
8.480000E+00 -2.853312E+01
8.488000E+00 -2.852780E+01
8.496000E+00 -2.853487E+01
8.504000E+00 -2.853127E+01
8.512000E+00 -2.853547E+01
8.520000E+00 -2.854623E+01
8.528000E+00 -2.853931E+01
8.536000E+00 -2.853260E+01
8.544000E+00 -2.855086E+01
8.552000E+00 -2.854194E+01
8.560000E+00 -2.854319E+01
8.568000E+00 -2.854382E+01
8.576000E+00 -2.854419E+01
8.584000E+00 -2.854522E+01
8.592000E+00 -2.853795E+01
8.600000E+00 -2.855486E+01
8.608000E+00 -2.855516E+01
8.616000E+00 -2.854831E+01
8.624000E+00 -2.854980E+01
8.632000E+00 -2.856096E+01
8.640000E+00 -2.854741E+01
8.648000E+00 -2.855402E+01
8.656000E+00 -2.855973E+01
8.664000E+00 -2.854159E+01
8.672000E+00 -2.855451E+01
8.680000E+00 -2.855472E+01
8.688000E+00 -2.854978E+01
8.696000E+00 -2.856114E+01
8.704000E+00 -2.855414E+01
8.712000E+00 -2.855457E+01
8.720000E+00 -2.856307E+01
8.728000E+00 -2.855641E+01
8.736000E+00 -2.856355E+01
8.744000E+00 -2.856589E+01
8.752000E+00 -2.855648E+01
8.760000E+00 -2.856333E+01
8.768000E+00 -2.856421E+01
8.776000E+00 -2.855929E+01
8.784000E+00 -2.856990E+01
8.792000E+00 -2.857265E+01
8.800000E+00 -2.856500E+01
8.808000E+00 -2.856525E+01
8.816000E+00 -2.858309E+01
8.824000E+00 -2.857449E+01
8.832000E+00 -2.856733E+01
8.840000E+00 -2.858196E+01
8.848000E+00 -2.858251E+01
8.856000E+00 -2.858048E+01
8.864000E+00 -2.858260E+01
8.872000E+00 -2.858923E+01
8.880000E+00 -2.858171E+01
8.888000E+00 -2.858264E+01
8.896000E+00 -2.859695E+01
8.904000E+00 -2.858746E+01
8.912000E+00 -2.858990E+01
8.920000E+00 -2.859366E+01
8.928000E+00 -2.859631E+01
8.936000E+00 -2.859535E+01
8.944000E+00 -2.859563E+01
8.952000E+00 -2.859282E+01
8.960000E+00 -2.858469E+01
8.968000E+00 -2.859544E+01
8.976000E+00 -2.859729E+01
8.984000E+00 -2.859622E+01
8.992000E+00 -2.859628E+01
9.000000E+00 -2.860233E+01
9.008000E+00 -2.859923E+01
9.016000E+00 -2.859185E+01
9.024000E+00 -2.860487E+01
9.032000E+00 -2.859483E+01
9.040000E+00 -2.857850E+01
9.048000E+00 -2.860796E+01
9.056000E+00 -2.859634E+01
9.064000E+00 -2.858937E+01
9.072000E+00 -2.860131E+01
9.080000E+00 -2.858947E+01
9.088000E+00 -2.859888E+01
9.096000E+00 -2.859108E+01
9.104000E+00 -2.859781E+01
9.112000E+00 -2.859965E+01
9.120000E+00 -2.859975E+01
9.128000E+00 -2.858618E+01
9.136000E+00 -2.859914E+01
9.144000E+00 -2.859703E+01
9.152000E+00 -2.857379E+01
9.160000E+00 -2.859188E+01
9.168000E+00 -2.860349E+01
9.176000E+00 -2.858964E+01
9.184000E+00 -2.857960E+01
9.192000E+00 -2.860125E+01
9.200000E+00 -2.857875E+01
9.208000E+00 -2.857885E+01
9.216000E+00 -2.858372E+01
9.224000E+00 -2.858328E+01
9.232000E+00 -2.859555E+01
9.240000E+00 -2.857631E+01
9.248000E+00 -2.857866E+01
9.256000E+00 -2.859824E+01
9.264000E+00 -2.857971E+01
9.272000E+00 -2.858065E+01
9.280000E+00 -2.858567E+01
9.288000E+00 -2.858113E+01
9.296000E+00 -2.858493E+01
9.304000E+00 -2.857277E+01
9.312000E+00 -2.857593E+01
9.320000E+00 -2.858016E+01
9.328000E+00 -2.855523E+01
9.336000E+00 -2.857794E+01
9.344000E+00 -2.857684E+01
9.352000E+00 -2.855951E+01
9.360000E+00 -2.857207E+01
9.368000E+00 -2.856781E+01
9.376000E+00 -2.857413E+01
9.384000E+00 -2.856831E+01
9.392000E+00 -2.857376E+01
9.400000E+00 -2.856454E+01
9.408000E+00 -2.857316E+01
9.416000E+00 -2.856818E+01
9.424000E+00 -2.855053E+01
9.432000E+00 -2.857661E+01
9.440000E+00 -2.855638E+01
9.448000E+00 -2.855911E+01
9.456000E+00 -2.857031E+01
9.464000E+00 -2.855560E+01
9.472000E+00 -2.856543E+01
9.480000E+00 -2.855545E+01
9.488000E+00 -2.854731E+01
9.496000E+00 -2.856701E+01
9.504000E+00 -2.854726E+01
9.512000E+00 -2.855637E+01
9.520000E+00 -2.855963E+01
9.528000E+00 -2.854562E+01
9.536000E+00 -2.855410E+01
9.544000E+00 -2.854988E+01
9.552000E+00 -2.853737E+01
9.560000E+00 -2.855275E+01
9.568000E+00 -2.854264E+01
9.576000E+00 -2.853447E+01
9.584000E+00 -2.854336E+01
9.592000E+00 -2.852356E+01
9.600000E+00 -2.854528E+01
9.608000E+00 -2.853941E+01
9.616000E+00 -2.853455E+01
9.624000E+00 -2.852633E+01
9.632000E+00 -2.851670E+01
9.640000E+00 -2.853970E+01
9.648000E+00 -2.850567E+01
9.656000E+00 -2.851139E+01
9.664000E+00 -2.852004E+01
9.672000E+00 -2.850876E+01
9.680000E+00 -2.851292E+01
9.688000E+00 -2.849953E+01
9.696000E+00 -2.850982E+01
9.704000E+00 -2.852542E+01
9.712000E+00 -2.849554E+01
9.720000E+00 -2.850995E+01
9.728000E+00 -2.850913E+01
9.736000E+00 -2.851046E+01
9.744000E+00 -2.850497E+01
9.752000E+00 -2.850767E+01
9.760000E+00 -2.851161E+01
9.768000E+00 -2.850207E+01
9.776000E+00 -2.850850E+01
9.784000E+00 -2.850083E+01
9.792000E+00 -2.850608E+01
9.800000E+00 -2.850564E+01
9.808000E+00 -2.850291E+01
9.816000E+00 -2.851151E+01
9.824000E+00 -2.848986E+01
9.832000E+00 -2.851623E+01
9.840000E+00 -2.850029E+01
9.848000E+00 -2.848683E+01
9.856000E+00 -2.850788E+01
9.864000E+00 -2.850161E+01
9.872000E+00 -2.851626E+01
9.880000E+00 -2.850475E+01
9.888000E+00 -2.853038E+01
9.896000E+00 -2.851294E+01
9.904000E+00 -2.852056E+01
9.912000E+00 -2.852590E+01
9.920000E+00 -2.851197E+01
9.928000E+00 -2.851818E+01
9.936000E+00 -2.852053E+01
9.944000E+00 -2.852641E+01
9.952000E+00 -2.853093E+01
9.960000E+00 -2.852024E+01
9.968000E+00 -2.853175E+01
9.976000E+00 -2.853566E+01
9.984000E+00 -2.853426E+01
9.992000E+00 -2.853710E+01
1.000000E+01 -2.855005E+01
1.000800E+01 -2.854324E+01
1.001600E+01 -2.853294E+01
1.002400E+01 -2.854991E+01
1.003200E+01 -2.854424E+01
1.004000E+01 -2.854341E+01
1.004800E+01 -2.856304E+01
1.005600E+01 -2.853892E+01
1.006400E+01 -2.854620E+01
1.007200E+01 -2.856554E+01
1.008000E+01 -2.854756E+01
1.008800E+01 -2.855295E+01
1.009600E+01 -2.855909E+01
1.010400E+01 -2.855267E+01
1.011200E+01 -2.856608E+01
1.012000E+01 -2.855884E+01
1.012800E+01 -2.857013E+01
1.013600E+01 -2.857770E+01
1.014400E+01 -2.855893E+01
1.015200E+01 -2.857676E+01
1.016000E+01 -2.858250E+01
1.016800E+01 -2.856866E+01
1.017600E+01 -2.858415E+01
1.018400E+01 -2.858241E+01
1.019200E+01 -2.857239E+01
1.020000E+01 -2.859464E+01
1.020800E+01 -2.857887E+01
1.021600E+01 -2.859479E+01
1.022400E+01 -2.859725E+01
1.023200E+01 -2.858813E+01
1.024000E+01 -2.860380E+01
1.024800E+01 -2.859902E+01
1.025600E+01 -2.859629E+01
1.026400E+01 -2.860395E+01
1.027200E+01 -2.860190E+01
1.028000E+01 -2.860230E+01
1.028800E+01 -2.861070E+01
1.029600E+01 -2.860884E+01
1.030400E+01 -2.861044E+01
1.031200E+01 -2.860300E+01
1.032000E+01 -2.860858E+01
1.032800E+01 -2.862257E+01
1.033600E+01 -2.861504E+01
1.034400E+01 -2.861414E+01
1.035200E+01 -2.862318E+01
1.036000E+01 -2.863043E+01
1.036800E+01 -2.862605E+01
1.037600E+01 -2.862658E+01
1.038400E+01 -2.862612E+01
1.039200E+01 -2.863525E+01
1.040000E+01 -2.862726E+01
1.040800E+01 -2.862780E+01
1.041600E+01 -2.863144E+01
1.042400E+01 -2.863660E+01
1.043200E+01 -2.863264E+01
1.044000E+01 -2.862518E+01
1.044800E+01 -2.863665E+01
1.045600E+01 -2.863497E+01
1.046400E+01 -2.862368E+01
1.047200E+01 -2.862383E+01
1.048000E+01 -2.862496E+01
1.048800E+01 -2.862298E+01
1.049600E+01 -2.862574E+01
1.050400E+01 -2.862156E+01
1.051200E+01 -2.861877E+01
1.052000E+01 -2.861589E+01
1.052800E+01 -2.862237E+01
1.053600E+01 -2.861955E+01
1.054400E+01 -2.860118E+01
1.055200E+01 -2.861118E+01
1.056000E+01 -2.863258E+01
1.056800E+01 -2.859643E+01
1.057600E+01 -2.860553E+01
1.058400E+01 -2.860831E+01
1.059200E+01 -2.859238E+01
1.060000E+01 -2.860027E+01
1.060800E+01 -2.858018E+01
1.061600E+01 -2.859456E+01
1.062400E+01 -2.860178E+01
1.063200E+01 -2.857096E+01
1.064000E+01 -2.858726E+01
1.064800E+01 -2.858112E+01
1.065600E+01 -2.857924E+01
1.066400E+01 -2.857336E+01
1.067200E+01 -2.857413E+01
1.068000E+01 -2.858016E+01
1.068800E+01 -2.857198E+01
1.069600E+01 -2.856103E+01
1.070400E+01 -2.857514E+01
1.071200E+01 -2.856364E+01
1.072000E+01 -2.854501E+01
1.072800E+01 -2.856903E+01
1.073600E+01 -2.855902E+01
1.074400E+01 -2.852648E+01
1.075200E+01 -2.856637E+01
1.076000E+01 -2.854163E+01
1.076800E+01 -2.853607E+01
1.077600E+01 -2.854774E+01
1.078400E+01 -2.853762E+01
1.079200E+01 -2.854170E+01
1.080000E+01 -2.852662E+01
1.080800E+01 -2.853388E+01
1.081600E+01 -2.852721E+01
1.082400E+01 -2.852574E+01
1.083200E+01 -2.852615E+01
1.084000E+01 -2.852746E+01
1.084800E+01 -2.851625E+01
1.085600E+01 -2.852111E+01
1.086400E+01 -2.852065E+01
1.087200E+01 -2.852318E+01
1.088000E+01 -2.850698E+01
1.088800E+01 -2.851469E+01
1.089600E+01 -2.851331E+01
1.090400E+01 -2.850905E+01
1.091200E+01 -2.850854E+01
1.092000E+01 -2.850755E+01
1.092800E+01 -2.850264E+01
1.093600E+01 -2.850072E+01
1.094400E+01 -2.849494E+01
1.095200E+01 -2.849476E+01
1.096000E+01 -2.850321E+01
1.096800E+01 -2.848445E+01
1.097600E+01 -2.848846E+01
1.098400E+01 -2.849930E+01
1.099200E+01 -2.847577E+01
1.100000E+01 -2.849508E+01
1.100800E+01 -2.848873E+01
1.101600E+01 -2.848670E+01
1.102400E+01 -2.848702E+01
1.103200E+01 -2.849233E+01
1.104000E+01 -2.849062E+01
1.104800E+01 -2.850334E+01
1.105600E+01 -2.850098E+01
1.106400E+01 -2.847851E+01
1.107200E+01 -2.851172E+01
1.108000E+01 -2.850083E+01
1.108800E+01 -2.848553E+01
1.109600E+01 -2.850092E+01
1.110400E+01 -2.850732E+01
1.111200E+01 -2.848475E+01
1.112000E+01 -2.848594E+01
1.112800E+01 -2.849396E+01
1.113600E+01 -2.849551E+01
1.114400E+01 -2.849297E+01
1.115200E+01 -2.849524E+01
1.116000E+01 -2.849127E+01
1.116800E+01 -2.849216E+01
1.117600E+01 -2.850304E+01
1.118400E+01 -2.849402E+01
1.119200E+01 -2.850021E+01
1.120000E+01 -2.850280E+01
1.120800E+01 -2.850281E+01
1.121600E+01 -2.851315E+01
1.122400E+01 -2.851183E+01
1.123200E+01 -2.851082E+01
1.124000E+01 -2.851963E+01
1.124800E+01 -2.851251E+01
1.125600E+01 -2.851610E+01
1.126400E+01 -2.851688E+01
1.127200E+01 -2.852351E+01
1.128000E+01 -2.852980E+01
1.128800E+01 -2.851699E+01
1.129600E+01 -2.852693E+01
1.130400E+01 -2.852110E+01
1.131200E+01 -2.853485E+01
1.132000E+01 -2.851419E+01
1.132800E+01 -2.852562E+01
1.133600E+01 -2.854066E+01
1.134400E+01 -2.851606E+01
1.135200E+01 -2.853263E+01
1.136000E+01 -2.853526E+01
1.136800E+01 -2.854054E+01
1.137600E+01 -2.852802E+01
1.138400E+01 -2.853506E+01
1.139200E+01 -2.854578E+01
1.140000E+01 -2.854724E+01
1.140800E+01 -2.854787E+01
1.141600E+01 -2.855472E+01
1.142400E+01 -2.855824E+01
1.143200E+01 -2.855836E+01
1.144000E+01 -2.856122E+01
1.144800E+01 -2.855991E+01
1.145600E+01 -2.856048E+01
1.146400E+01 -2.856933E+01
1.147200E+01 -2.857080E+01
1.148000E+01 -2.857049E+01
1.148800E+01 -2.856811E+01
1.149600E+01 -2.857845E+01
1.150400E+01 -2.857161E+01
1.151200E+01 -2.857169E+01
1.152000E+01 -2.858645E+01
1.152800E+01 -2.857479E+01
1.153600E+01 -2.857531E+01
1.154400E+01 -2.858083E+01
1.155200E+01 -2.859193E+01
1.156000E+01 -2.858736E+01
1.156800E+01 -2.858284E+01
1.157600E+01 -2.860305E+01
1.158400E+01 -2.860141E+01
1.159200E+01 -2.859596E+01
1.160000E+01 -2.859725E+01
1.160800E+01 -2.859821E+01
1.161600E+01 -2.860873E+01
1.162400E+01 -2.860718E+01
1.163200E+01 -2.860093E+01
1.164000E+01 -2.861382E+01
1.164800E+01 -2.861100E+01
1.165600E+01 -2.859485E+01
1.166400E+01 -2.861715E+01
1.167200E+01 -2.860812E+01
1.168000E+01 -2.860368E+01
1.168800E+01 -2.861486E+01
1.169600E+01 -2.859897E+01
1.170400E+01 -2.861181E+01
1.171200E+01 -2.861271E+01
1.172000E+01 -2.860041E+01
1.172800E+01 -2.860762E+01
1.173600E+01 -2.862028E+01
1.174400E+01 -2.860269E+01
1.175200E+01 -2.860853E+01
1.176000E+01 -2.860984E+01
1.176800E+01 -2.861297E+01
1.177600E+01 -2.861270E+01
1.178400E+01 -2.859844E+01
1.179200E+01 -2.861374E+01
1.180000E+01 -2.862084E+01
1.180800E+01 -2.859764E+01
1.181600E+01 -2.862011E+01
1.182400E+01 -2.861249E+01
1.183200E+01 -2.860353E+01
1.184000E+01 -2.862618E+01
1.184800E+01 -2.861299E+01
1.185600E+01 -2.862050E+01
1.186400E+01 -2.861082E+01
1.187200E+01 -2.861273E+01
1.188000E+01 -2.862750E+01
1.188800E+01 -2.860698E+01
1.189600E+01 -2.861269E+01
1.190400E+01 -2.862057E+01
1.191200E+01 -2.861569E+01
1.192000E+01 -2.861246E+01
1.192800E+01 -2.860824E+01
1.193600E+01 -2.861667E+01
1.194400E+01 -2.860690E+01
1.195200E+01 -2.860363E+01
1.196000E+01 -2.860691E+01
1.196800E+01 -2.859579E+01
1.197600E+01 -2.860567E+01
1.198400E+01 -2.858063E+01
1.199200E+01 -2.859279E+01
1.200000E+01 -2.858965E+01
1.200800E+01 -2.858126E+01
1.201600E+01 -2.858861E+01
1.202400E+01 -2.857088E+01
1.203200E+01 -2.858222E+01
1.204000E+01 -2.858756E+01
1.204800E+01 -2.856799E+01
1.205600E+01 -2.857999E+01
1.206400E+01 -2.857937E+01
1.207200E+01 -2.856524E+01
1.208000E+01 -2.858642E+01
1.208800E+01 -2.857444E+01
1.209600E+01 -2.857466E+01
1.210400E+01 -2.859037E+01
1.211200E+01 -2.855805E+01
1.212000E+01 -2.856636E+01
1.212800E+01 -2.858838E+01
1.213600E+01 -2.854934E+01
1.214400E+01 -2.857296E+01
1.215200E+01 -2.855623E+01
1.216000E+01 -2.855917E+01
1.216800E+01 -2.856830E+01
1.217600E+01 -2.855128E+01
1.218400E+01 -2.855402E+01
1.219200E+01 -2.856140E+01
1.220000E+01 -2.856703E+01
1.220800E+01 -2.852723E+01
1.221600E+01 -2.854594E+01
1.222400E+01 -2.856215E+01
1.223200E+01 -2.853052E+01
1.224000E+01 -2.854695E+01
1.224800E+01 -2.854260E+01
1.225600E+01 -2.852562E+01
1.226400E+01 -2.853585E+01
1.227200E+01 -2.853956E+01
1.228000E+01 -2.853764E+01
1.228800E+01 -2.852893E+01
1.229600E+01 -2.852955E+01
1.230400E+01 -2.854290E+01
1.231200E+01 -2.852422E+01
1.232000E+01 -2.853408E+01
1.232800E+01 -2.852729E+01
1.233600E+01 -2.852337E+01
1.234400E+01 -2.854194E+01
1.235200E+01 -2.852418E+01
1.236000E+01 -2.851408E+01
1.236800E+01 -2.853076E+01
1.237600E+01 -2.851589E+01
1.238400E+01 -2.851431E+01
1.239200E+01 -2.851830E+01
1.240000E+01 -2.851044E+01
1.240800E+01 -2.851024E+01
1.241600E+01 -2.850384E+01
1.242400E+01 -2.851636E+01
1.243200E+01 -2.850768E+01
1.244000E+01 -2.851104E+01
1.244800E+01 -2.850815E+01
1.245600E+01 -2.849410E+01
1.246400E+01 -2.850855E+01
1.247200E+01 -2.850129E+01
1.248000E+01 -2.848875E+01
1.248800E+01 -2.849927E+01
1.249600E+01 -2.849760E+01
1.250400E+01 -2.849515E+01
1.251200E+01 -2.849846E+01
1.252000E+01 -2.849162E+01
1.252800E+01 -2.849577E+01
1.253600E+01 -2.848899E+01
1.254400E+01 -2.849923E+01
1.255200E+01 -2.850636E+01
1.256000E+01 -2.850926E+01
1.256800E+01 -2.850235E+01
1.257600E+01 -2.849543E+01
1.258400E+01 -2.851838E+01
1.259200E+01 -2.852622E+01
1.260000E+01 -2.850893E+01
1.260800E+01 -2.851083E+01
1.261600E+01 -2.851355E+01
1.262400E+01 -2.851757E+01
1.263200E+01 -2.851600E+01
1.264000E+01 -2.851936E+01
1.264800E+01 -2.851577E+01
1.265600E+01 -2.851772E+01
1.266400E+01 -2.852477E+01
1.267200E+01 -2.851687E+01
1.268000E+01 -2.852956E+01
1.268800E+01 -2.852614E+01
1.269600E+01 -2.852283E+01
1.270400E+01 -2.853176E+01
1.271200E+01 -2.852658E+01
1.272000E+01 -2.853717E+01
1.272800E+01 -2.853219E+01
1.273600E+01 -2.854497E+01
1.274400E+01 -2.853980E+01
1.275200E+01 -2.853115E+01
1.276000E+01 -2.855058E+01
1.276800E+01 -2.854488E+01
1.277600E+01 -2.854538E+01
1.278400E+01 -2.855010E+01
1.279200E+01 -2.854917E+01
1.280000E+01 -2.855319E+01
1.280800E+01 -2.855306E+01
1.281600E+01 -2.856051E+01
1.282400E+01 -2.855939E+01
1.283200E+01 -2.856212E+01
1.284000E+01 -2.857102E+01
1.284800E+01 -2.856936E+01
1.285600E+01 -2.857576E+01
1.286400E+01 -2.858640E+01
1.287200E+01 -2.857263E+01
1.288000E+01 -2.857826E+01
1.288800E+01 -2.858275E+01
1.289600E+01 -2.858875E+01
1.290400E+01 -2.858718E+01
1.291200E+01 -2.858248E+01
1.292000E+01 -2.858959E+01
1.292800E+01 -2.859246E+01
1.293600E+01 -2.860109E+01
1.294400E+01 -2.859298E+01
1.295200E+01 -2.858709E+01
1.296000E+01 -2.859815E+01
1.296800E+01 -2.859385E+01
1.297600E+01 -2.859072E+01
1.298400E+01 -2.859929E+01
1.299200E+01 -2.858227E+01
1.300000E+01 -2.859004E+01
1.300800E+01 -2.860593E+01
1.301600E+01 -2.859501E+01
1.302400E+01 -2.860187E+01
1.303200E+01 -2.860136E+01
1.304000E+01 -2.860751E+01
1.304800E+01 -2.860584E+01
1.305600E+01 -2.860807E+01
1.306400E+01 -2.860992E+01
1.307200E+01 -2.861509E+01
1.308000E+01 -2.860827E+01
1.308800E+01 -2.860415E+01
1.309600E+01 -2.863103E+01
1.310400E+01 -2.862075E+01
1.311200E+01 -2.861306E+01
1.312000E+01 -2.862323E+01
1.312800E+01 -2.861943E+01
1.313600E+01 -2.862582E+01
1.314400E+01 -2.862688E+01
1.315200E+01 -2.862099E+01
1.316000E+01 -2.863210E+01
1.316800E+01 -2.863180E+01
1.317600E+01 -2.862374E+01
1.318400E+01 -2.863109E+01
1.319200E+01 -2.861969E+01
1.320000E+01 -2.863381E+01
1.320800E+01 -2.862551E+01
1.321600E+01 -2.860514E+01
1.322400E+01 -2.863824E+01
1.323200E+01 -2.860067E+01
1.324000E+01 -2.861806E+01
1.324800E+01 -2.862611E+01
1.325600E+01 -2.861401E+01
1.326400E+01 -2.861101E+01
1.327200E+01 -2.861112E+01
1.328000E+01 -2.861215E+01
1.328800E+01 -2.860636E+01
1.329600E+01 -2.861100E+01
1.330400E+01 -2.860645E+01
1.331200E+01 -2.858522E+01
1.332000E+01 -2.860112E+01
1.332800E+01 -2.859292E+01
1.333600E+01 -2.859055E+01
1.334400E+01 -2.858007E+01
1.335200E+01 -2.859034E+01
1.336000E+01 -2.858731E+01
1.336800E+01 -2.857970E+01
1.337600E+01 -2.859511E+01
1.338400E+01 -2.857693E+01
1.339200E+01 -2.857820E+01
1.340000E+01 -2.859181E+01
1.340800E+01 -2.856597E+01
1.341600E+01 -2.858947E+01
1.342400E+01 -2.858618E+01
1.343200E+01 -2.855367E+01
1.344000E+01 -2.856435E+01
1.344800E+01 -2.856795E+01
1.345600E+01 -2.854531E+01
1.346400E+01 -2.857578E+01
1.347200E+01 -2.855971E+01
1.348000E+01 -2.852501E+01
1.348800E+01 -2.855757E+01
1.349600E+01 -2.854736E+01
1.350400E+01 -2.855767E+01
1.351200E+01 -2.854398E+01
1.352000E+01 -2.852423E+01
1.352800E+01 -2.853225E+01
1.353600E+01 -2.853537E+01
1.354400E+01 -2.853138E+01
1.355200E+01 -2.853947E+01
1.356000E+01 -2.852069E+01
1.356800E+01 -2.851140E+01
1.357600E+01 -2.851381E+01
1.358400E+01 -2.853025E+01
1.359200E+01 -2.851081E+01
1.360000E+01 -2.849814E+01
1.360800E+01 -2.851190E+01
1.361600E+01 -2.849716E+01
1.362400E+01 -2.852038E+01
1.363200E+01 -2.851514E+01
1.364000E+01 -2.849570E+01
1.364800E+01 -2.850685E+01
1.365600E+01 -2.848824E+01
1.366400E+01 -2.850631E+01
1.367200E+01 -2.851796E+01
1.368000E+01 -2.848706E+01
1.368800E+01 -2.849411E+01
1.369600E+01 -2.847758E+01
1.370400E+01 -2.850154E+01
1.371200E+01 -2.849903E+01
1.372000E+01 -2.847243E+01
1.372800E+01 -2.848646E+01
1.373600E+01 -2.848095E+01
1.374400E+01 -2.847898E+01
1.375200E+01 -2.848195E+01
1.376000E+01 -2.848697E+01
1.376800E+01 -2.849404E+01
1.377600E+01 -2.848727E+01
1.378400E+01 -2.848774E+01
1.379200E+01 -2.849074E+01
1.380000E+01 -2.850380E+01
1.380800E+01 -2.849486E+01
1.381600E+01 -2.849236E+01
1.382400E+01 -2.850426E+01
1.383200E+01 -2.850400E+01
1.384000E+01 -2.851215E+01
1.384800E+01 -2.850531E+01
1.385600E+01 -2.850605E+01
1.386400E+01 -2.851717E+01
1.387200E+01 -2.850814E+01
1.388000E+01 -2.851895E+01
1.388800E+01 -2.850991E+01
1.389600E+01 -2.852116E+01
1.390400E+01 -2.851503E+01
1.391200E+01 -2.850837E+01
1.392000E+01 -2.852978E+01
1.392800E+01 -2.852200E+01
1.393600E+01 -2.853019E+01
1.394400E+01 -2.851896E+01
1.395200E+01 -2.852621E+01
1.396000E+01 -2.854180E+01
1.396800E+01 -2.853646E+01
1.397600E+01 -2.854366E+01
1.398400E+01 -2.852774E+01
1.399200E+01 -2.854351E+01
1.400000E+01 -2.854508E+01
1.400800E+01 -2.853839E+01
1.401600E+01 -2.855068E+01
1.402400E+01 -2.853718E+01
1.403200E+01 -2.853774E+01
1.404000E+01 -2.854458E+01
1.404800E+01 -2.854885E+01
1.405600E+01 -2.855004E+01
1.406400E+01 -2.855794E+01
1.407200E+01 -2.854615E+01
1.408000E+01 -2.855359E+01
1.408800E+01 -2.856287E+01
1.409600E+01 -2.855307E+01
1.410400E+01 -2.856126E+01
1.411200E+01 -2.856804E+01
1.412000E+01 -2.856839E+01
1.412800E+01 -2.856682E+01
1.413600E+01 -2.856680E+01
1.414400E+01 -2.857959E+01
1.415200E+01 -2.857025E+01
1.416000E+01 -2.856969E+01
1.416800E+01 -2.857428E+01
1.417600E+01 -2.857958E+01
1.418400E+01 -2.859142E+01
1.419200E+01 -2.857261E+01
1.420000E+01 -2.858370E+01
1.420800E+01 -2.858142E+01
1.421600E+01 -2.858834E+01
1.422400E+01 -2.859237E+01
1.423200E+01 -2.858376E+01
1.424000E+01 -2.859137E+01
1.424800E+01 -2.859317E+01
1.425600E+01 -2.858548E+01
1.426400E+01 -2.859271E+01
1.427200E+01 -2.859343E+01
1.428000E+01 -2.860423E+01
1.428800E+01 -2.859390E+01
1.429600E+01 -2.860344E+01
1.430400E+01 -2.860816E+01
1.431200E+01 -2.860506E+01
1.432000E+01 -2.860434E+01
1.432800E+01 -2.860375E+01
1.433600E+01 -2.861815E+01
1.434400E+01 -2.861119E+01
1.435200E+01 -2.860326E+01
1.436000E+01 -2.861925E+01
1.436800E+01 -2.861996E+01
1.437600E+01 -2.860977E+01
1.438400E+01 -2.860951E+01
1.439200E+01 -2.861973E+01
1.440000E+01 -2.862381E+01
1.440800E+01 -2.861070E+01
1.441600E+01 -2.861200E+01
1.442400E+01 -2.862709E+01
1.443200E+01 -2.862464E+01
1.444000E+01 -2.861311E+01
1.444800E+01 -2.862193E+01
1.445600E+01 -2.862096E+01
1.446400E+01 -2.863230E+01
1.447200E+01 -2.861801E+01
1.448000E+01 -2.862414E+01
1.448800E+01 -2.863756E+01
1.449600E+01 -2.862175E+01
1.450400E+01 -2.862807E+01
1.451200E+01 -2.863578E+01
1.452000E+01 -2.862765E+01
1.452800E+01 -2.862991E+01
1.453600E+01 -2.862594E+01
1.454400E+01 -2.862691E+01
1.455200E+01 -2.862964E+01
1.456000E+01 -2.862229E+01
1.456800E+01 -2.862934E+01
1.457600E+01 -2.861585E+01
1.458400E+01 -2.863375E+01
1.459200E+01 -2.862777E+01
1.460000E+01 -2.862342E+01
1.460800E+01 -2.862896E+01
1.461600E+01 -2.863280E+01
1.462400E+01 -2.861378E+01
1.463200E+01 -2.862707E+01
1.464000E+01 -2.862914E+01
1.464800E+01 -2.861471E+01
1.465600E+01 -2.862021E+01
1.466400E+01 -2.861178E+01
1.467200E+01 -2.862638E+01
1.468000E+01 -2.861511E+01
1.468800E+01 -2.860809E+01
1.469600E+01 -2.861046E+01
1.470400E+01 -2.861315E+01
1.471200E+01 -2.859644E+01
1.472000E+01 -2.860207E+01
1.472800E+01 -2.859981E+01
1.473600E+01 -2.860673E+01
1.474400E+01 -2.858852E+01
1.475200E+01 -2.859020E+01
1.476000E+01 -2.861028E+01
1.476800E+01 -2.857954E+01
1.477600E+01 -2.857925E+01
1.478400E+01 -2.859801E+01
1.479200E+01 -2.857884E+01
1.480000E+01 -2.856776E+01
1.480800E+01 -2.857427E+01
1.481600E+01 -2.858059E+01
1.482400E+01 -2.856605E+01
1.483200E+01 -2.855180E+01
1.484000E+01 -2.857697E+01
1.484800E+01 -2.855302E+01
1.485600E+01 -2.855029E+01
1.486400E+01 -2.857484E+01
1.487200E+01 -2.853782E+01
1.488000E+01 -2.855117E+01
1.488800E+01 -2.854625E+01
1.489600E+01 -2.855492E+01
1.490400E+01 -2.854861E+01
1.491200E+01 -2.853846E+01
1.492000E+01 -2.856569E+01
1.492800E+01 -2.853907E+01
1.493600E+01 -2.855208E+01
1.494400E+01 -2.855267E+01
1.495200E+01 -2.854065E+01
1.496000E+01 -2.855522E+01
1.496800E+01 -2.854755E+01
1.497600E+01 -2.853262E+01
1.498400E+01 -2.855596E+01
1.499200E+01 -2.854684E+01
1.500000E+01 -2.853592E+01
1.500800E+01 -2.853533E+01
1.501600E+01 -2.855083E+01
1.502400E+01 -2.853012E+01
1.503200E+01 -2.853241E+01
1.504000E+01 -2.855281E+01
1.504800E+01 -2.852863E+01
1.505600E+01 -2.854446E+01
1.506400E+01 -2.853589E+01
1.507200E+01 -2.852309E+01
1.508000E+01 -2.855132E+01
1.508800E+01 -2.853774E+01
1.509600E+01 -2.852706E+01
1.510400E+01 -2.853375E+01
1.511200E+01 -2.853362E+01
1.512000E+01 -2.852924E+01
1.512800E+01 -2.853465E+01
1.513600E+01 -2.853046E+01
1.514400E+01 -2.851790E+01
1.515200E+01 -2.853686E+01
1.516000E+01 -2.853112E+01
1.516800E+01 -2.852915E+01
1.517600E+01 -2.852832E+01
1.518400E+01 -2.853407E+01
1.519200E+01 -2.853385E+01
1.520000E+01 -2.852407E+01
1.520800E+01 -2.853707E+01
1.521600E+01 -2.853183E+01
1.522400E+01 -2.853909E+01
1.523200E+01 -2.853809E+01
1.524000E+01 -2.855273E+01
1.524800E+01 -2.853285E+01
1.525600E+01 -2.854078E+01
1.526400E+01 -2.854526E+01
1.527200E+01 -2.852374E+01
1.528000E+01 -2.854351E+01
1.528800E+01 -2.853511E+01
1.529600E+01 -2.853269E+01
1.530400E+01 -2.855199E+01
1.531200E+01 -2.852148E+01
1.532000E+01 -2.852547E+01
1.532800E+01 -2.854225E+01
1.533600E+01 -2.853278E+01
1.534400E+01 -2.851922E+01
1.535200E+01 -2.852933E+01
1.536000E+01 -2.853716E+01
1.536800E+01 -2.853124E+01
1.537600E+01 -2.852734E+01
1.538400E+01 -2.853148E+01
1.539200E+01 -2.853270E+01
1.540000E+01 -2.853417E+01
1.540800E+01 -2.854179E+01
1.541600E+01 -2.853452E+01
1.542400E+01 -2.853293E+01
1.543200E+01 -2.854747E+01
1.544000E+01 -2.854877E+01
1.544800E+01 -2.852909E+01
1.545600E+01 -2.855320E+01
1.546400E+01 -2.854876E+01
1.547200E+01 -2.853554E+01
1.548000E+01 -2.856002E+01
1.548800E+01 -2.854166E+01
1.549600E+01 -2.854447E+01
1.550400E+01 -2.855282E+01
1.551200E+01 -2.854712E+01
1.552000E+01 -2.855887E+01
1.552800E+01 -2.854781E+01
1.553600E+01 -2.856606E+01
1.554400E+01 -2.855123E+01
1.555200E+01 -2.855539E+01
1.556000E+01 -2.855980E+01
1.556800E+01 -2.854799E+01
1.557600E+01 -2.855433E+01
1.558400E+01 -2.855879E+01
1.559200E+01 -2.856142E+01
1.560000E+01 -2.856224E+01
1.560800E+01 -2.855949E+01
1.561600E+01 -2.857021E+01
1.562400E+01 -2.857762E+01
1.563200E+01 -2.857518E+01
1.564000E+01 -2.857213E+01
1.564800E+01 -2.858702E+01
1.565600E+01 -2.858432E+01
1.566400E+01 -2.857199E+01
1.567200E+01 -2.858799E+01
1.568000E+01 -2.859029E+01
1.568800E+01 -2.858680E+01
1.569600E+01 -2.858994E+01
1.570400E+01 -2.859678E+01
1.571200E+01 -2.858546E+01
1.572000E+01 -2.858742E+01
1.572800E+01 -2.861043E+01
1.573600E+01 -2.860468E+01
1.574400E+01 -2.860250E+01
1.575200E+01 -2.860862E+01
1.576000E+01 -2.862001E+01
1.576800E+01 -2.860144E+01
1.577600E+01 -2.861055E+01
1.578400E+01 -2.861609E+01
1.579200E+01 -2.861462E+01
1.580000E+01 -2.861207E+01
1.580800E+01 -2.861734E+01
1.581600E+01 -2.861168E+01
1.582400E+01 -2.861947E+01
1.583200E+01 -2.861540E+01
1.584000E+01 -2.862214E+01
1.584800E+01 -2.861568E+01
1.585600E+01 -2.861154E+01
1.586400E+01 -2.863917E+01
1.587200E+01 -2.860957E+01
1.588000E+01 -2.862425E+01
1.588800E+01 -2.862673E+01
1.589600E+01 -2.859962E+01
1.590400E+01 -2.862386E+01
1.591200E+01 -2.860416E+01
1.592000E+01 -2.861661E+01
1.592800E+01 -2.861281E+01
1.593600E+01 -2.860895E+01
1.594400E+01 -2.861934E+01
1.595200E+01 -2.862251E+01
1.596000E+01 -2.861116E+01
1.596800E+01 -2.861927E+01
1.597600E+01 -2.862576E+01
1.598400E+01 -2.861995E+01
1.599200E+01 -2.863709E+01
1.600000E+01 -2.860726E+01
1.600800E+01 -2.862854E+01
1.601600E+01 -2.863164E+01
1.602400E+01 -2.860494E+01
1.603200E+01 -2.863557E+01
1.604000E+01 -2.861327E+01
1.604800E+01 -2.861317E+01
1.605600E+01 -2.863365E+01
1.606400E+01 -2.859691E+01
1.607200E+01 -2.862274E+01
1.608000E+01 -2.862714E+01
1.608800E+01 -2.860451E+01
1.609600E+01 -2.861055E+01
1.610400E+01 -2.863473E+01
1.611200E+01 -2.860859E+01
1.612000E+01 -2.860670E+01
1.612800E+01 -2.863365E+01
1.613600E+01 -2.859521E+01
1.614400E+01 -2.861813E+01
1.615200E+01 -2.860868E+01
1.616000E+01 -2.859346E+01
1.616800E+01 -2.861065E+01
1.617600E+01 -2.860645E+01
1.618400E+01 -2.858851E+01
1.619200E+01 -2.859859E+01
1.620000E+01 -2.860214E+01
1.620800E+01 -2.858980E+01
1.621600E+01 -2.858764E+01
1.622400E+01 -2.859383E+01
1.623200E+01 -2.859411E+01
1.624000E+01 -2.858682E+01
1.624800E+01 -2.858669E+01
1.625600E+01 -2.858146E+01
1.626400E+01 -2.858040E+01
1.627200E+01 -2.857585E+01
1.628000E+01 -2.856933E+01
1.628800E+01 -2.856049E+01
1.629600E+01 -2.855806E+01
1.630400E+01 -2.857057E+01
1.631200E+01 -2.854522E+01
1.632000E+01 -2.857172E+01
1.632800E+01 -2.856267E+01
1.633600E+01 -2.853356E+01
1.634400E+01 -2.858097E+01
1.635200E+01 -2.855592E+01
1.636000E+01 -2.853178E+01
1.636800E+01 -2.856306E+01
1.637600E+01 -2.855030E+01
1.638400E+01 -2.854513E+01
1.639200E+01 -2.855786E+01
1.640000E+01 -2.854525E+01
1.640800E+01 -2.854952E+01
1.641600E+01 -2.855961E+01
1.642400E+01 -2.853584E+01
1.643200E+01 -2.855100E+01
1.644000E+01 -2.856645E+01
1.644800E+01 -2.854285E+01
1.645600E+01 -2.854303E+01
1.646400E+01 -2.856876E+01
1.647200E+01 -2.855359E+01
1.648000E+01 -2.855099E+01
1.648800E+01 -2.854057E+01
1.649600E+01 -2.855207E+01
1.650400E+01 -2.854901E+01
1.651200E+01 -2.853146E+01
1.652000E+01 -2.854280E+01
1.652800E+01 -2.854986E+01
1.653600E+01 -2.854002E+01
1.654400E+01 -2.854730E+01
1.655200E+01 -2.853701E+01
1.656000E+01 -2.854171E+01
1.656800E+01 -2.854717E+01
1.657600E+01 -2.852312E+01
1.658400E+01 -2.853731E+01
1.659200E+01 -2.853826E+01
1.660000E+01 -2.852219E+01
1.660800E+01 -2.853689E+01
1.661600E+01 -2.852941E+01
1.662400E+01 -2.852217E+01
1.663200E+01 -2.855010E+01
1.664000E+01 -2.853409E+01
1.664800E+01 -2.852795E+01
1.665600E+01 -2.854378E+01
1.666400E+01 -2.854824E+01
1.667200E+01 -2.853213E+01
1.668000E+01 -2.854283E+01
1.668800E+01 -2.855111E+01
1.669600E+01 -2.854308E+01
1.670400E+01 -2.853821E+01
1.671200E+01 -2.855320E+01
1.672000E+01 -2.854962E+01
1.672800E+01 -2.854262E+01
1.673600E+01 -2.854935E+01
1.674400E+01 -2.854967E+01
1.675200E+01 -2.855013E+01
1.676000E+01 -2.855919E+01
1.676800E+01 -2.853726E+01
1.677600E+01 -2.855640E+01
1.678400E+01 -2.855880E+01
1.679200E+01 -2.854291E+01
1.680000E+01 -2.855302E+01
1.680800E+01 -2.854990E+01
1.681600E+01 -2.856210E+01
1.682400E+01 -2.855067E+01
1.683200E+01 -2.855140E+01
1.684000E+01 -2.856816E+01
1.684800E+01 -2.855496E+01
1.685600E+01 -2.856525E+01
1.686400E+01 -2.856137E+01
1.687200E+01 -2.856246E+01
1.688000E+01 -2.857576E+01
1.688800E+01 -2.856309E+01
1.689600E+01 -2.857446E+01
1.690400E+01 -2.857542E+01
1.691200E+01 -2.857356E+01
1.692000E+01 -2.858388E+01
1.692800E+01 -2.857805E+01
1.693600E+01 -2.858525E+01
1.694400E+01 -2.858215E+01
1.695200E+01 -2.858247E+01
1.696000E+01 -2.858224E+01
1.696800E+01 -2.858148E+01
1.697600E+01 -2.859538E+01
1.698400E+01 -2.858141E+01
1.699200E+01 -2.859375E+01
1.700000E+01 -2.859637E+01
1.700800E+01 -2.858478E+01
1.701600E+01 -2.859141E+01
1.702400E+01 -2.859664E+01
1.703200E+01 -2.860165E+01
1.704000E+01 -2.859751E+01
1.704800E+01 -2.859786E+01
1.705600E+01 -2.860317E+01
1.706400E+01 -2.860279E+01
1.707200E+01 -2.860807E+01
1.708000E+01 -2.860153E+01
1.708800E+01 -2.860686E+01
1.709600E+01 -2.861936E+01
1.710400E+01 -2.860687E+01
1.711200E+01 -2.860731E+01
1.712000E+01 -2.861725E+01
1.712800E+01 -2.862372E+01
1.713600E+01 -2.860968E+01
1.714400E+01 -2.861331E+01
1.715200E+01 -2.862426E+01
1.716000E+01 -2.860916E+01
1.716800E+01 -2.862039E+01
1.717600E+01 -2.861976E+01
1.718400E+01 -2.861190E+01
1.719200E+01 -2.861743E+01
1.720000E+01 -2.861213E+01
1.720800E+01 -2.862415E+01
1.721600E+01 -2.861267E+01
1.722400E+01 -2.860726E+01
1.723200E+01 -2.862415E+01
1.724000E+01 -2.861130E+01
1.724800E+01 -2.860407E+01
1.725600E+01 -2.861047E+01
1.726400E+01 -2.861748E+01
1.727200E+01 -2.861627E+01
1.728000E+01 -2.861531E+01
1.728800E+01 -2.861339E+01
1.729600E+01 -2.861523E+01
1.730400E+01 -2.861740E+01
1.731200E+01 -2.861815E+01
1.732000E+01 -2.862293E+01
1.732800E+01 -2.861584E+01
1.733600E+01 -2.862942E+01
1.734400E+01 -2.862607E+01
1.735200E+01 -2.862658E+01
1.736000E+01 -2.862224E+01
1.736800E+01 -2.862525E+01
1.737600E+01 -2.863835E+01
1.738400E+01 -2.862074E+01
1.739200E+01 -2.862456E+01
1.740000E+01 -2.863075E+01
1.740800E+01 -2.863392E+01
1.741600E+01 -2.862540E+01
1.742400E+01 -2.860534E+01
1.743200E+01 -2.864501E+01
1.744000E+01 -2.862278E+01
1.744800E+01 -2.861067E+01
1.745600E+01 -2.861893E+01
1.746400E+01 -2.862269E+01
1.747200E+01 -2.861037E+01
1.748000E+01 -2.861238E+01
1.748800E+01 -2.861547E+01
1.749600E+01 -2.860546E+01
1.750400E+01 -2.861202E+01
1.751200E+01 -2.860113E+01
1.752000E+01 -2.859698E+01
1.752800E+01 -2.859107E+01
1.753600E+01 -2.861283E+01
1.754400E+01 -2.859661E+01
1.755200E+01 -2.858305E+01
1.756000E+01 -2.860619E+01
1.756800E+01 -2.858500E+01
1.757600E+01 -2.859082E+01
1.758400E+01 -2.860220E+01
1.759200E+01 -2.857254E+01
1.760000E+01 -2.858170E+01
1.760800E+01 -2.859998E+01
1.761600E+01 -2.858408E+01
1.762400E+01 -2.858568E+01
1.763200E+01 -2.857545E+01
1.764000E+01 -2.859731E+01
1.764800E+01 -2.858109E+01
1.765600E+01 -2.858141E+01
1.766400E+01 -2.858805E+01
1.767200E+01 -2.857258E+01
1.768000E+01 -2.858202E+01
1.768800E+01 -2.857992E+01
1.769600E+01 -2.856511E+01
1.770400E+01 -2.859118E+01
1.771200E+01 -2.857122E+01
1.772000E+01 -2.857400E+01
1.772800E+01 -2.858454E+01
1.773600E+01 -2.856247E+01
1.774400E+01 -2.856768E+01
1.775200E+01 -2.858185E+01
1.776000E+01 -2.857268E+01
1.776800E+01 -2.856458E+01
1.777600E+01 -2.856916E+01
1.778400E+01 -2.856681E+01
1.779200E+01 -2.855696E+01
1.780000E+01 -2.857046E+01
1.780800E+01 -2.856715E+01
1.781600E+01 -2.854603E+01
1.782400E+01 -2.856359E+01
1.783200E+01 -2.855866E+01
1.784000E+01 -2.855534E+01
1.784800E+01 -2.855546E+01
1.785600E+01 -2.854632E+01
1.786400E+01 -2.856120E+01
1.787200E+01 -2.856181E+01
1.788000E+01 -2.854489E+01
1.788800E+01 -2.855299E+01
1.789600E+01 -2.855972E+01
1.790400E+01 -2.854043E+01
1.791200E+01 -2.854841E+01
1.792000E+01 -2.856247E+01
1.792800E+01 -2.854060E+01
1.793600E+01 -2.855021E+01
1.794400E+01 -2.856037E+01
1.795200E+01 -2.854191E+01
1.796000E+01 -2.853749E+01
1.796800E+01 -2.853943E+01
1.797600E+01 -2.855188E+01
1.798400E+01 -2.855336E+01
1.799200E+01 -2.853176E+01
1.800000E+01 -2.854250E+01
1.800800E+01 -2.855569E+01
1.801600E+01 -2.853513E+01
1.802400E+01 -2.854184E+01
1.803200E+01 -2.855766E+01
1.804000E+01 -2.853432E+01
1.804800E+01 -2.854207E+01
1.805600E+01 -2.855480E+01
1.806400E+01 -2.854195E+01
1.807200E+01 -2.853372E+01
1.808000E+01 -2.855797E+01
1.808800E+01 -2.854375E+01
1.809600E+01 -2.853461E+01
1.810400E+01 -2.855421E+01
1.811200E+01 -2.854336E+01
1.812000E+01 -2.854306E+01
1.812800E+01 -2.855203E+01
1.813600E+01 -2.855102E+01
1.814400E+01 -2.855552E+01
1.815200E+01 -2.855313E+01
1.816000E+01 -2.854900E+01
1.816800E+01 -2.855613E+01
1.817600E+01 -2.855922E+01
1.818400E+01 -2.856229E+01
1.819200E+01 -2.855330E+01
1.820000E+01 -2.856247E+01
1.820800E+01 -2.857851E+01
1.821600E+01 -2.856317E+01
1.822400E+01 -2.856409E+01
1.823200E+01 -2.857826E+01
1.824000E+01 -2.857447E+01
1.824800E+01 -2.857223E+01
1.825600E+01 -2.858192E+01
1.826400E+01 -2.856973E+01
1.827200E+01 -2.858365E+01
1.828000E+01 -2.858728E+01
1.828800E+01 -2.857550E+01
1.829600E+01 -2.859359E+01
1.830400E+01 -2.858405E+01
1.831200E+01 -2.858599E+01
1.832000E+01 -2.858736E+01
1.832800E+01 -2.858904E+01
1.833600E+01 -2.858888E+01
1.834400E+01 -2.857728E+01
1.835200E+01 -2.860112E+01
1.836000E+01 -2.859553E+01
1.836800E+01 -2.858608E+01
1.837600E+01 -2.860804E+01
1.838400E+01 -2.858723E+01
1.839200E+01 -2.859710E+01
1.840000E+01 -2.860123E+01
1.840800E+01 -2.859577E+01
1.841600E+01 -2.859903E+01
1.842400E+01 -2.860303E+01
1.843200E+01 -2.859552E+01
1.844000E+01 -2.859736E+01
1.844800E+01 -2.860513E+01
1.845600E+01 -2.860437E+01
1.846400E+01 -2.860183E+01
1.847200E+01 -2.860194E+01
1.848000E+01 -2.859973E+01
1.848800E+01 -2.860257E+01
1.849600E+01 -2.861625E+01
1.850400E+01 -2.860194E+01
1.851200E+01 -2.860461E+01
1.852000E+01 -2.860269E+01
1.852800E+01 -2.861223E+01
1.853600E+01 -2.861012E+01
1.854400E+01 -2.859524E+01
1.855200E+01 -2.860099E+01
1.856000E+01 -2.860869E+01
1.856800E+01 -2.860880E+01
1.857600E+01 -2.860539E+01
1.858400E+01 -2.859616E+01
1.859200E+01 -2.861598E+01
1.860000E+01 -2.861486E+01
1.860800E+01 -2.859881E+01
1.861600E+01 -2.861112E+01
1.862400E+01 -2.860307E+01
1.863200E+01 -2.860553E+01
1.864000E+01 -2.861989E+01
1.864800E+01 -2.861590E+01
1.865600E+01 -2.860114E+01
1.866400E+01 -2.861171E+01
1.867200E+01 -2.862078E+01
1.868000E+01 -2.859577E+01
1.868800E+01 -2.861011E+01
1.869600E+01 -2.862117E+01
1.870400E+01 -2.860152E+01
1.871200E+01 -2.861129E+01
1.872000E+01 -2.861160E+01
1.872800E+01 -2.861123E+01
1.873600E+01 -2.861144E+01
1.874400E+01 -2.860582E+01
1.875200E+01 -2.860025E+01
1.876000E+01 -2.860053E+01
1.876800E+01 -2.860613E+01
1.877600E+01 -2.858402E+01
1.878400E+01 -2.859533E+01
1.879200E+01 -2.860846E+01
1.880000E+01 -2.858779E+01
1.880800E+01 -2.858552E+01
1.881600E+01 -2.859134E+01
1.882400E+01 -2.858550E+01
1.883200E+01 -2.860014E+01
1.884000E+01 -2.858888E+01
1.884800E+01 -2.858244E+01
1.885600E+01 -2.859523E+01
1.886400E+01 -2.858698E+01
1.887200E+01 -2.858577E+01
1.888000E+01 -2.859753E+01
1.888800E+01 -2.858610E+01
1.889600E+01 -2.858131E+01
1.890400E+01 -2.859150E+01
1.891200E+01 -2.858119E+01
1.892000E+01 -2.858876E+01
1.892800E+01 -2.859722E+01
1.893600E+01 -2.856997E+01
1.894400E+01 -2.858940E+01
1.895200E+01 -2.857598E+01
1.896000E+01 -2.857039E+01
1.896800E+01 -2.859790E+01
1.897600E+01 -2.856296E+01
1.898400E+01 -2.857108E+01
1.899200E+01 -2.857333E+01
1.900000E+01 -2.856339E+01
1.900800E+01 -2.855185E+01
1.901600E+01 -2.855118E+01
1.902400E+01 -2.855477E+01
1.903200E+01 -2.854768E+01
1.904000E+01 -2.855294E+01
1.904800E+01 -2.855067E+01
1.905600E+01 -2.855571E+01
1.906400E+01 -2.854427E+01
1.907200E+01 -2.855885E+01
1.908000E+01 -2.856424E+01
1.908800E+01 -2.853719E+01
1.909600E+01 -2.855711E+01
1.910400E+01 -2.855917E+01
1.911200E+01 -2.854170E+01
1.912000E+01 -2.856336E+01
1.912800E+01 -2.855418E+01
1.913600E+01 -2.853448E+01
1.914400E+01 -2.855029E+01
1.915200E+01 -2.855315E+01
1.916000E+01 -2.853966E+01
1.916800E+01 -2.854348E+01
1.917600E+01 -2.855478E+01
1.918400E+01 -2.853604E+01
1.919200E+01 -2.855164E+01
1.920000E+01 -2.855115E+01
1.920800E+01 -2.854850E+01
1.921600E+01 -2.853102E+01
1.922400E+01 -2.854393E+01
1.923200E+01 -2.855272E+01
1.924000E+01 -2.854010E+01
1.924800E+01 -2.855753E+01
1.925600E+01 -2.854333E+01
1.926400E+01 -2.854537E+01
1.927200E+01 -2.854804E+01
1.928000E+01 -2.853146E+01
1.928800E+01 -2.855768E+01
1.929600E+01 -2.853883E+01
1.930400E+01 -2.854506E+01
1.931200E+01 -2.855402E+01
1.932000E+01 -2.853132E+01
1.932800E+01 -2.856634E+01
1.933600E+01 -2.853919E+01
1.934400E+01 -2.855635E+01
1.935200E+01 -2.854942E+01
1.936000E+01 -2.854603E+01
1.936800E+01 -2.857795E+01
1.937600E+01 -2.853932E+01
1.938400E+01 -2.855675E+01
1.939200E+01 -2.856422E+01
1.940000E+01 -2.854533E+01
1.940800E+01 -2.856350E+01
1.941600E+01 -2.855062E+01
1.942400E+01 -2.855208E+01
1.943200E+01 -2.856598E+01
1.944000E+01 -2.855193E+01
1.944800E+01 -2.855073E+01
1.945600E+01 -2.855048E+01
1.946400E+01 -2.855854E+01
1.947200E+01 -2.856482E+01
1.948000E+01 -2.853936E+01
1.948800E+01 -2.856832E+01
1.949600E+01 -2.855070E+01
1.950400E+01 -2.855528E+01
1.951200E+01 -2.856676E+01
1.952000E+01 -2.854658E+01
1.952800E+01 -2.857856E+01
1.953600E+01 -2.854862E+01
1.954400E+01 -2.856581E+01
1.955200E+01 -2.857463E+01
1.956000E+01 -2.855180E+01
1.956800E+01 -2.857321E+01
1.957600E+01 -2.855915E+01
1.958400E+01 -2.856999E+01
1.959200E+01 -2.855717E+01
1.960000E+01 -2.856383E+01
1.960800E+01 -2.856798E+01
1.961600E+01 -2.856358E+01
1.962400E+01 -2.857693E+01
1.963200E+01 -2.855790E+01
1.964000E+01 -2.856898E+01
1.964800E+01 -2.856769E+01
1.965600E+01 -2.858187E+01
1.966400E+01 -2.856607E+01
1.967200E+01 -2.856929E+01
1.968000E+01 -2.858786E+01
1.968800E+01 -2.857493E+01
1.969600E+01 -2.857598E+01
1.970400E+01 -2.858711E+01
1.971200E+01 -2.859015E+01
1.972000E+01 -2.858791E+01
1.972800E+01 -2.858725E+01
1.973600E+01 -2.858901E+01
1.974400E+01 -2.860112E+01
1.975200E+01 -2.859400E+01
1.976000E+01 -2.859550E+01
1.976800E+01 -2.859225E+01
1.977600E+01 -2.860804E+01
1.978400E+01 -2.860901E+01
1.979200E+01 -2.858731E+01
1.980000E+01 -2.861882E+01
1.980800E+01 -2.860865E+01
1.981600E+01 -2.860275E+01
1.982400E+01 -2.861525E+01
1.983200E+01 -2.860567E+01
1.984000E+01 -2.861999E+01
1.984800E+01 -2.861057E+01
1.985600E+01 -2.861448E+01
1.986400E+01 -2.862378E+01
1.987200E+01 -2.860926E+01
1.988000E+01 -2.862774E+01
1.988800E+01 -2.860922E+01
1.989600E+01 -2.863103E+01
1.990400E+01 -2.862413E+01
1.991200E+01 -2.862014E+01
1.992000E+01 -2.862910E+01
1.992800E+01 -2.862040E+01
1.993600E+01 -2.862952E+01
1.994400E+01 -2.861999E+01
1.995200E+01 -2.863084E+01
1.996000E+01 -2.862829E+01
1.996800E+01 -2.862403E+01
1.997600E+01 -2.863397E+01
1.998400E+01 -2.863272E+01
1.999200E+01 -2.863637E+01
2.000000E+01 -2.862326E+01
